528	480	448	411	393	382	375	346	320	311	293	273	276	265	251	238	226	226	210	214	226	218	238	252	236	236	255	240
478	430	398	379	347	330	314	291	271	260	252	240	226	230	227	223	219	209	216	224	229	248	257	246	238	239	257	240
428	386	339	318	307	287	274	257	236	226	216	205	192	186	186	198	196	207	216	218	230	251	255	249	232	233	253	233
355	322	278	259	250	233	223	214	201	192	191	180	174	174	176	181	189	199	209	214	236	245	244	244	232	226	241	208
291	255	224	217	208	202	193	188	184	182	178	174	172	175	182	187	194	201	211	234	242	242	244	243	235	232	237	167
321	246	204	202	197	200	203	198	192	184	178	182	187	194	194	193	202	206	226	243	244	243	242	242	236	238	230	117
296	242	192	193	195	212	211	210	186	176	191	209	217	222	224	207	204	214	234	241	244	243	242	243	238	236	217	68
239	225	194	182	182	184	189	199	200	198	213	220	223	228	237	231	210	212	232	240	243	243	243	236	237	226	182	31
225	224	207	180	179	184	209	216	215	217	217	221	228	233	237	238	217	209	216	236	243	241	232	258	233	224	112	19
223	236	211	185	177	191	216	219	222	217	208	202	219	238	240	245	232	210	210	218	226	218	290	308	224	190	39	22
247	254	209	187	176	187	215	221	227	212	206	237	237	236	244	245	244	220	210	210	208	260	328	241	215	87	20	25
247	221	208	189	181	183	212	226	227	223	222	233	269	254	246	246	247	230	210	211	224	258	238	223	132	21	25	26
210	198	215	196	186	188	197	222	234	239	241	242	247	248	248	245	245	228	208	215	230	232	228	179	35	25	25	26
253	205	214	212	193	192	198	202	222	235	239	244	246	245	245	242	235	214	213	228	234	231	216	73	20	27	24	26
256	204	211	221	222	210	202	201	207	214	216	224	228	225	224	218	211	217	228	234	233	227	140	21	25	25	24	26
244	217	221	224	229	229	224	213	209	212	215	216	213	212	210	216	225	234	231	232	224	188	41	23	24	25	24	27
222	226	230	231	234	232	232	228	218	247	300	305	274	230	227	234	233	228	221	221	203	66	21	25	24	25	24	25
225	230	235	235	234	235	234	236	226	236	248	254	244	233	224	229	223	212	222	193	70	26	26	25	24	25	25	26
235	240	238	239	237	238	238	239	239	240	241	242	243	233	220	220	212	225	174	57	30	26	26	26	26	26	30	32
241	241	239	239	239	239	239	240	239	241	240	243	236	230	218	217	226	144	42	30	26	25	26	26	32	33	33	37
238	241	240	242	240	241	238	239	238	239	238	234	224	217	227	212	108	32	29	25	27	29	32	31	34	42	73	113
220	225	231	235	233	235	239	237	234	230	227	224	227	219	156	62	28	30	27	33	34	30	29	38	81	127	122	86
233	230	225	221	223	224	226	226	228	232	225	200	141	73	34	31	31	32	33	31	29	44	88	125	107	66	42	42
93	153	188	205	210	209	201	187	161	126	82	48	34	34	35	33	28	29	38	65	94	104	83	51	41	42	42	42
29	30	36	48	54	56	49	44	39	36	35	37	34	33	34	45	66	93	106	95	65	45	41	43	42	41	63	115
30	27	26	24	23	21	20	20	18	17	21	31	49	72	89	92	78	53	35	28	29	30	27	35	70	110	112	58
12	13	14	16	20	25	35	47	61	76	86	85	73	54	34	24	21	23	23	19	20	41	83	110	87	35	2	0
83	84	86	87	87	84	80	72	57	42	27	20	19	22	24	25	25	25	28	66	110	101	59	17	0	1	4	5
937	920	905	891	887	888	881	874	860	844	833	816	783	739	685	625	551	471	384	290	189	101	29	0	0	0	5	18
921	901	880	865	857	854	848	836	815	797	782	755	710	662	596	523	438	354	266	175	94	30	0	0	0	1	13	18
891	870	843	827	816	809	799	778	753	729	704	671	620	553	479	403	318	237	155	81	23	0	0	0	0	5	9	10
845	817	788	770	753	737	716	687	656	625	595	552	489	417	345	270	196	122	58	9	0	0	0	0	0	3	0	4
799	762	728	709	692	672	647	617	579	545	505	454	392	318	245	177	109	49	4	0	0	0	0	0	0	1	1	9
743	709	679	659	645	624	598	567	523	480	438	387	324	250	180	117	58	10	0	0	0	0	0	0	0	0	0	14
691	662	634	610	594	570	541	505	464	417	371	316	255	189	124	69	19	0	0	0	0	0	0	0	0	1	1	21
635	602	574	544	525	499	468	431	384	338	288	241	185	129	73	28	0	0	0	0	0	0	0	0	0	0	6	25
564	529	501	475	456	426	390	350	299	249	207	168	120	73	30	0	0	0	0	0	0	0	0	0	0	0	12	26
487	455	435	416	395	361	317	274	229	184	146	113	70	33	1	0	0	0	0	0	0	2	0	0	0	5	23	24
423	393	379	361	334	306	261	218	174	135	100	67	32	5	0	0	0	0	0	0	1	0	0	0	2	17	26	25
364	341	317	296	276	250	212	169	123	86	60	31	0	0	0	0	0	0	0	2	1	0	0	0	13	25	26	26
300	274	250	233	215	192	161	118	80	45	23	0	0	0	0	0	0	0	0	1	0	0	1	5	25	24	25	26
231	212	192	175	160	138	107	75	43	13	0	0	0	0	0	0	0	0	0	0	0	0	0	19	25	25	24	27
175	157	140	124	110	93	68	41	17	0	0	0	0	0	0	0	0	0	0	0	0	0	10	27	25	23	25	28
127	110	96	83	71	55	36	15	0	0	0	0	0	0	0	0	0	0	0	0	0	4	23	26	25	26	24	26
81	64	55	45	37	26	11	0	0	0	0	0	0	0	0	0	0	0	0	0	2	19	24	25	25	26	24	25
32	18	14	10	3	0	0	0	0	0	0	0	0	0	0	0	0	1	0	3	18	27	25	25	24	25	25	24
0	0	0	0	0	0	0	0	0	0	0	0	0	0	0	0	0	0	6	20	23	26	26	26	26	25	25	24
0	0	0	0	0	0	0	0	0	0	0	0	0	0	0	0	0	9	23	23	24	23	25	24	24	25	23	24
0	0	0	0	0	0	0	0	0	0	0	0	0	0	0	2	16	22	24	25	24	22	24	24	26	22	19	16
0	0	0	0	0	0	0	0	0	0	0	0	0	0	11	21	25	24	24	24	22	23	24	23	19	12	12	18
0	0	0	0	0	0	0	0	0	0	0	0	10	19	26	24	23	24	24	24	22	21	16	10	13	19	21	23
5	0	0	0	0	0	0	0	0	5	15	19	26	26	24	24	22	23	23	19	13	13	18	21	22	23	23	21
29	27	23	22	16	16	14	17	21	24	26	27	27	30	26	24	20	18	16	15	20	24	26	25	24	23	21	15
8	9	7	7	6	6	5	6	9	9	8	8	5	2	0	0	1	4	6	7	7	8	8	7	2	0	0	3
0	0	0	0	0	0	0	0	0	0	0	0	0	0	0	0	0	0	0	0	0	0	0	0	0	0	0	0
0	0	0	0	0	0	0	0	0	0	0	0	0	0	0	0	0	0	0	0	0	0	0	0	0	0	0	0
978	958	936	939	963	979	998	1013	1017	1021	1038	1057	1047	1047	1035	1022	1001	985	980	964	928	864	755	609	436	252	94	5
940	946	936	937	952	977	1003	1023	1028	1035	1052	1068	1073	1072	1033	1016	994	978	956	921	855	750	611	451	281	131	26	0
967	955	947	946	954	984	1012	1029	1037	1044	1051	1069	1073	1058	1028	1008	985	957	906	842	740	605	450	295	151	48	0	0
964	961	958	960	970	998	1019	1035	1037	1039	1044	1041	1042	1032	1014	990	955	901	831	734	609	455	302	169	66	9	0	8
961	966	966	969	979	1006	1024	1031	1036	1038	1040	1033	1026	1016	990	958	902	834	736	613	469	314	182	80	16	0	1	15
971	984	984	972	986	1012	1025	1027	1030	1032	1033	1024	1011	992	957	913	844	753	638	495	345	206	95	24	0	0	8	20
993	1006	997	986	1011	1021	1024	1020	1022	1022	1019	1008	990	963	921	858	771	661	527	380	236	116	37	0	0	3	15	22
1011	1015	987	980	1017	1031	1026	1022	1015	1011	1006	987	956	919	869	794	690	558	408	265	144	51	3	0	0	12	21	24
1025	1006	984	994	1017	1031	1021	1013	1002	988	974	951	908	866	800	712	597	454	300	168	73	11	0	0	8	18	24	23
1018	992	1005	1006	1010	1013	1001	991	979	960	932	906	863	807	731	631	506	357	210	96	28	0	0	4	17	23	23	23
1006	995	996	989	985	990	985	973	954	926	895	863	811	742	658	548	418	273	141	48	2	0	0	13	25	23	23	26
987	983	970	962	960	971	962	945	920	890	851	810	746	672	576	462	324	190	86	18	0	0	9	21	26	24	23	25
976	974	960	955	947	952	936	910	878	839	790	737	660	575	470	353	227	117	38	0	0	4	17	22	23	23	26	25
963	956	944	936	924	922	897	866	830	776	719	660	564	469	360	248	141	59	9	0	0	11	21	24	23	24	25	25
936	933	921	901	890	886	852	822	770	708	650	577	482	380	275	169	80	23	0	0	6	17	24	24	25	24	26	26
906	901	889	865	852	845	809	769	713	648	579	494	404	306	207	113	43	3	0	0	12	21	24	23	26	25	25	26
865	853	839	820	811	791	759	712	652	581	510	420	333	241	148	69	16	0	0	3	17	22	24	24	25	24	24	25
803	782	765	753	745	718	686	637	575	503	433	344	262	177	96	33	0	0	0	12	21	24	24	24	24	25	23	24
713	689	672	664	661	636	595	543	484	417	349	272	193	118	55	8	0	0	4	18	24	24	26	25	26	26	23	25
605	576	558	554	558	539	502	454	398	339	279	207	137	75	26	0	0	0	11	22	23	22	25	25	25	24	24	25
480	443	425	436	450	442	412	365	319	270	216	151	93	44	8	0	0	6	18	23	21	25	25	26	26	25	25	25
348	303	292	309	330	339	319	284	242	203	152	98	53	17	0	0	0	13	22	21	23	24	23	24	26	27	25	25
257	191	169	182	205	230	223	200	172	136	94	53	23	0	0	0	6	19	23	23	22	22	23	21	23	25	23	25
144	107	70	80	107	133	135	124	108	81	47	19	3	0	0	1	12	22	24	22	22	24	24	25	24	26	24	24
0	16	9	19	39	62	67	64	56	39	18	0	0	0	0	8	20	26	24	26	26	27	27	26	25	25	26	28
1	2	0	0	3	9	10	12	10	6	0	0	0	0	1	5	8	10	10	10	10	10	9	10	10	9	10	11
0	0	0	0	0	0	0	0	0	0	0	0	0	0	0	0	0	0	0	0	0	0	0	0	0	0	0	0
0	0	0	0	0	0	0	0	0	0	0	0	0	0	0	0	0	0	0	0	0	0	0	0	0	0	0	0
512	776	951	826	439	779	938	904	917	936	790	508	327	339	461	589	797	937	989	1008	1042	1049	1022	1008	996	955	851	647
451	937	954	928	735	897	941	939	932	947	790	525	441	585	849	843	954	978	1005	1036	1054	1038	1013	993	963	884	725	494
376	840	923	922	927	926	919	935	946	953	912	725	671	831	1001	996	1005	1001	1014	1029	1031	1029	1012	970	897	767	572	335
746	900	928	928	927	922	934	966	983	976	973	967	946	985	1002	1010	1019	1022	1027	1033	1035	1027	989	919	801	628	414	198
949	942	931	933	933	924	950	1006	1024	1000	983	996	1008	1009	1023	1030	1038	1039	1042	1043	1035	1003	939	833	678	484	276	102
936	817	795	904	892	927	974	1026	1034	1014	1004	1010	1016	1024	1031	1042	1051	1048	1050	1041	1016	961	860	725	544	347	166	42
792	633	726	814	704	800	966	1018	1022	1013	1004	1013	1022	1032	1037	1046	1052	1053	1047	1026	977	890	763	592	402	218	78	5
649	590	820	823	609	656	901	989	997	1000	1002	1016	1029	1040	1047	1057	1060	1053	1035	996	920	794	638	444	261	115	23	0
611	767	838	699	599	675	915	977	987	1004	1014	1026	1038	1050	1052	1054	1058	1046	1011	946	842	690	504	307	147	44	0	0
697	869	633	622	660	820	964	981	1000	1020	1025	1034	1045	1055	1053	1051	1045	1022	973	877	743	570	373	192	65	5	0	4
824	844	787	832	898	960	974	992	1013	1024	1032	1044	1050	1061	1055	1045	1027	994	922	795	634	446	253	100	18	0	1	16
941	941	947	948	942	960	983	1000	1024	1034	1040	1054	1060	1065	1059	1041	1007	949	852	703	523	324	146	39	0	0	10	20
952	981	977	969	952	970	990	1006	1026	1043	1049	1056	1058	1055	1044	1016	965	883	761	594	399	207	68	2	0	4	17	24
970	935	937	973	962	974	998	1016	1032	1045	1057	1060	1052	1043	1020	978	904	798	656	476	285	120	21	0	0	13	23	24
960	888	891	956	959	992	1025	1041	1046	1054	1059	1059	1045	1030	995	930	840	708	545	367	189	59	2	0	8	20	25	25
965	917	932	959	956	1014	1044	1063	1062	1055	1055	1046	1031	1006	960	882	774	627	450	272	117	22	0	2	17	23	24	26
1004	992	986	959	979	1021	1048	1062	1064	1043	1040	1024	1003	970	919	827	697	537	359	186	61	0	0	9	23	25	26	26
1013	1012	987	974	1000	1029	1043	1042	1034	1026	1019	996	975	934	861	755	611	441	266	112	21	0	0	15	24	24	23	25
1018	1011	994	998	1007	1029	1027	1012	1010	1010	999	975	941	881	796	670	516	341	180	58	0	0	10	20	24	24	22	25
1026	1010	994	1003	1007	1014	1013	1011	1017	1010	983	945	896	826	732	590	424	257	111	19	0	0	15	22	25	23	24	25
1029	1002	991	1010	1005	1008	1010	1000	994	976	952	905	850	770	662	509	342	185	62	0	0	6	19	24	23	24	26	25
1033	996	992	1000	995	994	990	972	955	943	918	860	789	696	573	418	257	116	24	0	0	12	22	26	26	24	24	24
1054	1011	949	942	946	964	954	934	916	901	854	792	713	601	470	315	168	59	0	0	1	18	21	23	24	24	23	25
890	911	884	837	868	907	894	876	863	835	776	711	618	501	364	220	101	24	0	0	8	21	23	26	25	23	25	25
512	486	749	730	782	833	833	829	819	781	714	635	532	413	280	151	55	1	0	2	18	25	26	25	24	26	26	25
99	89	214	235	255	274	278	278	275	259	234	205	169	126	81	39	12	0	0	2	8	9	11	10	9	9	9	10
0	0	0	0	0	0	0	0	0	0	0	0	0	0	0	0	0	0	0	0	0	0	0	0	0	0	0	0
0	0	0	0	0	0	0	0	0	0	0	0	0	0	0	0	0	0	0	0	0	0	0	0	0	0	0	0
235	760	991	736	494	906	945	901	998	1071	836	317	328	496	408	210	273	370	394	291	357	588	857	981	1006	1019	1040	1049
479	998	1000	943	734	933	986	1007	1054	1086	735	259	292	500	725	356	453	635	636	446	656	866	972	998	1018	1031	1045	1036
251	832	1023	1005	974	929	933	1012	1042	1065	869	361	349	575	928	822	808	905	901	823	924	966	994	1015	1024	1032	1036	1000
618	836	794	852	966	939	948	999	1009	1035	1054	952	860	912	932	936	935	924	926	947	971	1002	1018	1035	1034	1027	1013	939
806	519	324	804	1039	995	1001	1023	1020	1045	1052	1064	1060	962	919	925	932	930	942	955	975	1024	1033	1044	1039	1014	975	855
383	105	100	721	685	934	1075	1063	1037	1035	1034	1024	1003	941	920	928	941	948	967	983	989	1020	1032	1044	1029	988	915	752
114	0	148	567	138	638	1079	1084	1069	1058	1038	981	944	946	935	941	944	957	966	978	997	1022	1043	1044	1014	946	828	628
74	27	567	631	22	251	921	1076	1068	1054	1020	965	938	954	950	952	954	974	982	987	1002	1029	1047	1033	977	874	708	486
140	595	430	81	0	14	637	1006	1001	980	960	947	938	944	949	951	960	991	1004	1008	1025	1042	1040	1007	913	766	563	338
305	630	0	0	0	135	727	924	920	919	922	945	950	943	954	958	986	1011	1004	1015	1040	1054	1042	967	814	630	416	215
339	301	196	259	460	764	912	910	918	920	928	946	961	960	967	986	995	1008	1022	1029	1043	1047	1007	886	696	485	275	112
861	844	854	912	950	942	936	924	929	926	931	942	955	968	988	997	1002	1016	1031	1033	1042	1024	931	767	552	333	154	40
869	598	556	749	919	914	922	918	921	930	937	946	967	988	997	1002	1008	1020	1022	1020	1022	974	837	629	400	199	65	3
550	216	228	432	845	937	917	917	913	918	935	959	974	986	1005	1012	1015	1016	1010	1006	988	897	724	494	266	101	17	0
330	113	128	363	857	813	750	844	932	942	949	962	976	998	1019	1023	1014	1007	1005	995	942	812	609	362	155	39	0	0
290	146	191	607	846	528	491	610	828	952	947	973	993	1013	1032	1038	1010	1002	1009	982	888	718	479	242	80	6	0	5
451	356	525	866	671	399	401	488	759	966	958	981	1000	1028	1045	1046	1029	1022	1009	948	812	600	349	143	29	0	1	14
633	661	879	914	603	437	420	538	814	922	971	996	1016	1040	1053	1052	1045	1026	992	889	711	469	230	69	0	0	8	20
670	784	934	824	667	564	549	709	778	784	936	1015	1033	1051	1055	1055	1047	1014	950	810	594	352	147	28	0	0	13	20
456	819	952	797	750	715	738	756	710	794	978	1037	1047	1057	1061	1050	1030	991	892	714	480	252	87	8	0	6	20	25
372	765	900	760	784	833	860	847	861	955	1037	1073	1072	1051	1058	1038	1009	949	817	611	378	174	45	0	0	12	24	25
609	848	805	738	826	907	933	994	1019	1002	1009	1072	1073	1047	1040	1016	971	885	724	509	288	115	19	0	4	17	24	25
938	958	876	824	914	919	995	1041	1045	1039	1062	1078	1047	1036	1025	986	917	800	620	414	209	64	0	0	9	22	24	26
999	987	998	973	972	962	1037	1061	1076	1073	1060	1057	1040	1020	999	956	866	719	527	326	141	30	0	2	15	23	25	25
1072	1045	1083	1041	1030	1050	1086	1113	1117	1088	1080	1079	1056	1036	1004	938	822	656	456	252	86	6	0	7	23	26	25	27
387	391	402	377	371	383	391	402	397	388	385	383	375	369	353	324	278	215	143	71	20	0	0	4	11	11	9	10
0	0	0	0	0	0	0	0	0	0	0	0	0	0	0	0	0	0	0	0	0	0	0	0	0	0	0	0
0	0	0	0	0	0	0	0	0	0	0	0	0	0	0	0	0	0	0	0	0	0	0	0	0	0	0	0
693	964	989	941	1009	971	922	943	1057	1090	1038	729	598	699	402	292	325	395	231	345	276	242	432	806	943	950	961	990
848	957	914	969	994	943	948	958	1051	1096	1025	737	796	1027	680	373	407	547	312	410	337	577	849	944	941	947	983	1030
890	755	503	674	937	924	926	932	987	1053	1054	999	1018	1050	949	714	740	826	719	815	868	946	938	932	941	954	991	1039
881	411	105	379	955	958	931	927	935	1006	1052	1075	1073	1029	973	954	977	977	978	803	612	715	896	942	943	970	1007	1044
526	15	0	584	1036	1010	972	932	926	949	998	1054	1068	995	934	933	954	954	952	442	226	498	855	951	955	985	1021	1052
421	96	106	809	1003	998	1004	954	918	920	933	973	1035	975	928	930	933	969	856	494	477	791	932	944	963	999	1034	1059
599	288	401	896	870	987	1012	978	949	951	977	981	1045	1008	948	942	950	860	817	928	937	941	896	917	975	1020	1052	1064
628	620	812	927	728	847	1009	1008	992	1013	1065	1063	1046	1028	994	983	622	681	1002	959	938	893	865	915	993	1035	1070	1061
660	963	681	597	635	661	925	977	975	1015	1068	1066	1025	1019	1020	1021	578	514	965	953	923	911	919	954	999	1029	1056	1029
814	851	412	366	449	648	889	922	926	958	1036	1065	1030	979	998	991	834	714	925	936	893	849	844	920	1012	1037	1045	977
875	811	690	662	707	855	927	925	927	945	1026	1063	1054	970	948	946	921	851	897	942	921	896	874	941	1022	1029	1001	892
919	699	500	701	930	933	926	924	925	927	981	1043	1055	1001	936	931	925	919	921	947	957	971	984	1014	1015	992	929	771
490	54	0	85	679	938	932	932	918	917	941	996	1022	1003	937	917	915	928	934	944	966	992	1017	1033	1006	945	823	628
59	0	12	0	543	813	609	760	906	915	922	941	961	964	931	916	915	925	936	951	975	1008	1030	1033	977	871	695	476
3	16	11	39	643	265	59	164	529	889	907	925	941	937	921	913	918	921	934	951	981	1021	1039	1015	920	765	553	330
1	13	0	360	563	0	0	0	109	740	935	916	938	934	927	920	921	926	945	970	1005	1037	1036	976	840	634	400	196
0	0	76	733	235	0	3	0	56	516	854	915	916	926	937	945	937	952	975	994	1028	1046	1016	910	730	489	260	99
4	0	224	491	11	0	0	2	92	196	464	895	912	920	931	945	951	968	1002	1025	1047	1036	968	823	604	356	158	39
15	49	150	55	0	0	0	27	54	25	339	923	926	925	939	962	976	991	1010	1053	1079	1025	916	737	494	258	90	8
0	199	239	34	5	0	0	19	25	228	627	824	925	951	966	985	1008	1006	984	1045	1075	999	852	649	406	185	45	0
0	574	482	13	26	59	63	80	367	615	376	396	789	975	987	1008	1033	1005	1023	1061	1031	938	770	547	310	115	13	0
71	798	313	8	74	112	132	349	543	237	135	314	794	1000	1010	1027	1047	1045	1067	1070	1007	882	690	457	218	57	0	0
629	833	159	97	224	111	329	454	331	224	313	616	982	1027	1033	1043	1048	1068	1073	1048	968	809	600	359	141	20	0	7
924	930	519	467	265	310	534	394	466	573	802	905	959	1061	1060	1060	1052	1052	1055	1018	908	730	501	262	78	0	0	15
957	966	977	837	567	687	406	413	671	968	972	878	1029	1085	1103	1123	1100	1078	1080	1012	868	657	405	175	33	0	4	22
357	354	359	364	359	230	125	180	305	356	350	367	395	389	400	405	393	383	384	352	295	213	119	43	5	0	3	9
0	0	0	0	0	0	0	0	0	0	0	0	0	0	0	0	0	0	0	0	0	0	0	0	0	0	0	0
0	0	0	0	0	0	0	0	0	0	0	0	0	0	0	0	0	0	0	0	0	0	0	0	0	0	0	0
953	978	1039	1080	1018	937	939	932	956	1039	1085	1110	1130	792	162	51	48	428	605	852	1043	946	932	965	940	936	932	921
1000	935	925	1027	968	936	934	924	960	1001	1076	1109	1112	1088	555	38	165	633	560	947	1000	918	981	976	939	926	938	928
942	559	499	845	943	938	925	930	940	948	1027	1078	1088	1104	965	497	463	603	621	1034	1015	995	990	956	942	923	934	936
968	483	438	843	947	927	924	936	931	933	940	1030	1084	1082	1077	906	489	459	807	942	751	734	910	992	949	912	925	933
986	641	551	884	941	919	921	934	936	926	924	993	1078	1081	1061	894	640	721	935	796	594	637	838	997	960	923	924	940
1000	832	807	941	935	923	925	932	931	926	925	967	1080	1059	993	947	916	944	949	809	722	828	977	985	946	909	942	953
1009	949	940	940	942	935	929	923	921	929	919	972	1080	1003	934	921	939	946	961	997	1003	949	716	570	705	773	907	970
965	965	932	923	950	939	922	916	922	926	934	981	1041	949	928	942	928	952	1011	984	881	529	314	515	834	827	832	931
920	927	938	950	961	961	931	926	923	939	958	967	961	935	951	1006	946	914	1023	989	686	770	726	849	958	956	901	970
922	938	970	960	965	956	926	928	929	940	964	965	941	939	1010	1075	994	912	1005	1042	630	492	431	413	711	977	1013	1058
945	961	970	959	949	935	925	924	928	933	963	964	952	949	1039	1055	1008	930	979	1049	880	384	279	356	626	925	1033	1071
909	804	675	806	932	927	925	924	925	930	955	993	990	961	964	986	1015	998	985	1017	1028	856	773	833	893	965	1029	1079
375	266	123	290	786	937	942	939	924	922	947	1035	1055	1012	937	950	980	1013	996	1004	1036	1021	990	971	966	975	1033	1081
0	11	0	32	660	760	540	738	924	929	940	1032	1071	1049	949	949	963	984	1010	1007	1016	1001	984	975	974	988	1041	1066
1	0	0	76	672	185	12	106	497	897	937	1034	1068	1043	964	969	984	976	972	984	983	985	977	971	974	1007	1045	1029
15	11	0	378	594	0	1	0	98	738	959	1029	1069	1040	1024	1016	1012	988	932	928	933	943	951	962	984	1022	1035	964
25	21	1	454	308	0	13	8	23	261	696	990	1028	1017	1043	1036	999	956	936	942	935	938	955	978	1001	1019	990	868
17	72	268	361	174	10	10	10	0	0	236	924	949	975	1022	985	932	949	923	865	917	955	973	995	1011	1009	929	761
9	172	597	598	345	178	121	35	7	115	460	815	908	934	965	939	942	764	412	350	601	916	997	999	1002	979	859	649
17	129	476	691	547	559	472	152	55	564	417	161	610	911	916	935	851	315	95	275	498	837	1030	1005	997	937	776	523
20	552	447	488	556	574	566	195	208	360	210	0	344	923	904	941	691	151	171	642	885	935	1030	1011	979	874	671	390
114	689	157	115	304	422	409	382	487	564	441	131	580	944	910	936	700	240	338	593	859	994	1012	996	942	791	548	266
374	484	23	86	385	484	435	604	618	555	380	513	672	917	917	941	875	453	455	658	824	977	1008	981	898	698	421	165
889	534	96	45	198	318	581	662	526	211	418	463	554	518	758	943	947	739	584	777	932	1011	1005	954	824	582	305	90
995	932	755	377	464	327	333	533	386	331	287	433	551	282	787	748	873	993	788	899	1021	1061	1029	936	757	484	207	35
351	357	353	318	315	41	26	124	97	127	67	210	145	126	310	201	297	386	331	345	379	384	365	323	246	145	51	2
0	0	0	0	0	0	0	0	0	0	0	0	0	0	0	0	0	0	0	0	0	0	0	0	0	0	0	0
0	0	0	0	0	0	0	0	0	0	0	0	0	0	0	0	0	0	0	0	0	0	0	0	0	0	0	0
1006	1045	1088	1027	941	927	934	924	934	964	1045	1079	1084	1079	906	828	866	990	1061	1050	1058	1053	1052	1052	1030	1026	1011	975
1053	1042	1070	982	932	935	933	925	932	932	999	1070	1080	1070	989	811	895	969	1046	1068	1065	991	992	1008	1019	973	964	973
1059	1096	1080	968	929	942	928	926	930	926	953	1031	1062	1032	960	919	772	570	741	1063	1055	984	975	987	1011	978	957	966
1043	1050	1043	953	936	943	929	935	935	928	933	985	1032	1005	979	826	240	160	428	1038	1051	1056	1038	1033	1025	993	956	951
1006	978	984	934	945	931	929	933	938	936	937	947	998	1021	1042	802	94	141	653	1014	1023	1062	1040	1023	1016	1005	948	934
975	939	945	934	944	919	924	928	931	933	927	944	1030	1066	1059	960	681	758	925	968	1018	1047	1035	1011	1023	1013	981	941
959	933	926	938	936	920	930	930	934	928	924	960	1050	1055	985	937	954	951	928	948	985	1043	1049	1021	1005	962	990	981
947	933	919	939	942	925	932	937	935	926	929	952	979	953	934	928	939	942	925	935	971	1006	992	1003	988	961	905	952
936	924	931	948	946	931	936	937	929	929	926	933	935	929	928	927	943	954	944	937	970	1005	1025	1049	1048	1028	943	967
925	927	944	953	939	934	935	931	929	926	934	940	932	933	941	967	996	968	973	973	967	1014	1005	993	1007	1046	1033	1028
931	929	932	949	947	941	930	930	930	930	937	923	928	951	971	1022	1038	989	983	986	984	965	950	953	955	1002	1038	1043
924	936	946	940	930	929	930	933	933	938	930	925	932	931	967	1035	1056	1024	993	993	975	968	977	985	1015	1016	1016	1051
874	871	817	899	932	917	914	914	926	928	924	929	936	925	941	1019	1054	1052	1011	1013	1025	1015	1022	1025	1033	1034	1016	1052
547	595	522	679	899	902	908	945	936	927	931	942	949	934	925	981	1039	1054	1028	1011	1019	1027	1034	1038	1035	1025	1036	1051
276	350	375	591	920	775	678	799	921	932	932	957	961	943	951	987	1024	1039	1006	995	1005	1020	1041	1038	1027	1018	1029	1059
135	197	266	671	889	510	415	524	790	947	927	966	971	988	1027	1034	1015	995	954	944	954	963	971	965	961	976	1003	1048
44	47	232	693	575	279	268	376	638	813	904	991	1022	1064	1063	1015	982	946	935	963	968	954	941	930	929	951	999	1048
26	13	643	948	678	219	151	226	322	469	883	1065	1062	1082	1070	983	950	977	1010	995	998	1019	988	955	938	967	1025	1066
21	126	848	769	895	815	713	416	319	628	818	969	1049	1067	1060	961	985	988	831	628	556	742	966	959	945	987	1040	1065
0	365	646	571	922	1047	1068	800	455	619	366	508	900	975	988	993	1002	785	570	428	258	331	861	954	954	1004	1050	1061
103	498	178	489	1013	1018	1016	934	833	859	871	539	812	937	962	1015	924	581	545	794	694	627	895	961	983	1028	1060	1046
468	214	0	611	1007	1005	1002	1034	1052	1035	1040	755	791	955	939	986	857	405	254	318	539	847	960	969	1000	1038	1058	1003
716	11	91	830	931	925	1041	1059	1049	943	733	824	616	469	763	973	918	445	133	66	110	552	970	970	1005	1038	1038	938
843	301	155	592	755	820	1068	1017	1026	890	747	881	476	33	609	455	683	710	223	137	199	471	933	968	999	1028	1003	851
774	950	581	230	535	395	727	989	1045	987	930	485	107	164	559	2	301	857	569	256	332	546	914	1018	1036	1058	985	766
209	371	318	220	120	0	67	301	354	368	323	122	0	49	113	0	58	250	267	116	155	237	341	372	379	380	338	243
0	0	0	0	0	0	0	0	0	0	0	0	0	0	0	0	0	0	0	0	0	0	0	0	0	0	0	0
0	0	0	0	0	0	0	0	0	0	0	0	0	0	0	0	0	0	0	0	0	0	0	0	0	0	0	0
965	992	979	944	930	925	925	925	929	933	949	996	1027	1011	943	1060	1054	1031	1028	1032	1052	1063	1049	1037	1031	1043	1074	1058
977	982	966	930	927	929	927	924	928	927	929	965	980	958	979	1045	1037	1027	1031	1048	1075	1048	1044	1054	1052	1065	1067	1046
990	972	948	931	929	930	932	927	926	922	928	939	942	924	959	1038	1043	1064	1070	1065	1080	1039	1025	1035	1047	1069	1058	1042
968	947	930	926	927	926	933	931	930	929	935	930	936	927	953	1016	1001	998	1014	1045	996	1038	1004	1018	1037	1056	1045	1036
936	932	923	925	928	925	934	927	932	933	929	934	933	939	935	962	862	792	891	1052	1003	1046	1020	1026	1031	1050	1033	1031
929	925	922	924	929	925	930	923	927	928	926	927	932	950	955	949	868	807	991	1015	968	1055	1044	1039	1052	1061	1039	1028
931	927	926	929	929	922	925	924	929	921	929	927	939	950	937	927	961	993	1009	907	924	1039	1064	1062	1049	1039	1042	1018
932	928	926	936	933	920	925	932	927	922	928	930	928	929	929	932	941	966	991	982	1020	1042	1052	1045	1036	1030	1049	1050
923	921	924	938	945	921	935	933	923	930	926	929	926	926	923	920	934	972	1000	1016	1018	1013	1027	1031	1039	1046	1062	1067
918	918	937	948	957	937	939	930	931	925	932	931	927	925	923	920	949	993	1003	1013	1007	1021	1030	1020	1006	1007	1042	1042
911	932	979	957	959	936	933	937	923	928	934	924	927	933	925	931	969	994	999	1003	1012	1008	971	964	973	982	1032	1045
930	936	956	948	937	929	928	923	917	934	935	927	941	931	933	934	959	984	988	989	975	949	937	937	972	1009	1028	1049
950	943	959	938	926	924	926	921	931	929	936	949	939	942	945	931	945	982	979	970	934	940	941	942	962	1010	1051	1044
988	968	978	956	916	918	921	925	929	932	933	936	931	940	936	926	933	949	956	937	934	955	960	966	1000	1021	1057	1040
950	966	972	983	931	948	961	951	927	929	927	914	917	919	945	939	920	924	928	926	930	940	946	986	1041	1039	1057	1049
869	921	943	954	935	966	955	967	952	931	924	912	923	948	934	941	922	921	925	929	934	934	938	980	1047	1043	1049	1011
707	741	878	985	949	942	937	948	950	933	930	930	1007	1042	960	931	930	934	933	931	935	948	962	1015	1033	1023	1026	951
576	409	782	885	831	861	886	917	943	963	947	992	1066	1059	969	925	930	935	946	978	989	999	1026	1057	1032	1010	1003	1007
485	374	650	296	478	830	938	908	938	945	1002	1065	1072	1040	958	924	929	960	992	1026	1040	1035	1037	1036	1013	1004	989	1027
459	587	282	45	474	974	985	961	955	924	1013	1101	1076	977	937	939	953	1010	1026	1030	1034	981	995	1027	1003	989	990	1041
704	539	90	215	894	1029	1011	1013	974	1006	1018	1076	1029	947	989	1003	1010	1026	987	971	984	913	946	1006	1012	1001	1011	1066
789	442	151	661	995	979	1036	1011	941	995	997	941	960	1010	1041	1032	1050	1002	930	917	963	1004	1011	997	1001	1028	1039	1077
571	581	432	967	995	1010	997	980	1024	971	976	1009	869	679	959	1028	1033	969	904	840	888	1001	1019	1006	1005	1031	1067	1082
317	807	792	873	916	919	961	996	983	996	1003	639	355	557	828	585	876	946	920	884	896	963	1009	1000	997	1032	1075	1082
176	904	921	792	659	571	906	997	979	1009	847	442	139	409	296	180	453	803	976	965	936	943	1043	1061	1047	1062	1103	1116
39	312	346	352	209	129	307	350	361	345	250	272	137	159	16	12	32	179	352	349	323	325	377	389	388	386	399	402
0	0	0	0	0	0	0	0	0	0	0	0	0	0	0	0	0	0	0	0	0	0	0	0	0	0	0	0
0	0	0	0	0	0	0	0	0	0	0	0	0	0	0	0	0	0	0	0	0	0	0	0	0	0	0	0
937	929	916	930	931	919	924	930	942	933	934	932	928	923	931	974	1011	1017	1017	1029	1053	1058	1032	1024	1036	1028	1022	1065
953	949	923	925	931	927	925	930	936	935	930	932	931	927	937	979	1024	1054	1066	1071	1049	1038	1033	1035	1048	1037	1039	1057
929	935	933	928	934	924	921	928	929	940	931	931	930	934	947	987	1031	1039	1062	1066	1049	1041	1047	1064	1064	1042	1042	1056
922	929	932	927	931	924	922	930	931	943	939	938	937	935	940	984	1035	1040	1064	1068	1042	1063	1070	1072	1063	1050	1043	1046
930	931	925	924	929	924	924	929	935	938	935	936	939	942	932	955	1052	1061	1079	1079	1063	1071	1062	1057	1041	1049	1048	1058
925	925	927	923	918	920	927	929	931	933	936	936	939	942	941	930	1002	1071	1080	1073	1060	1062	1044	1054	1056	1064	1068	1070
924	925	926	921	913	923	927	931	930	931	934	939	940	933	928	930	959	1042	1078	1044	1046	1061	1053	1060	1073	1071	1052	1034
926	925	928	923	917	924	924	928	929	931	931	933	938	934	930	931	937	1022	1070	1066	1067	1060	1062	1062	1063	1054	1042	1032
925	927	925	923	921	922	924	925	927	930	929	930	932	933	931	931	930	991	1054	1056	1050	1058	1060	1059	1055	1053	1062	1058
925	924	921	922	927	926	928	925	926	923	925	928	929	929	929	929	943	994	1031	1039	1044	1046	1055	1050	1024	1012	1016	1056
920	921	933	933	940	926	922	923	924	922	922	922	925	923	923	927	952	1006	1041	1052	1049	1038	1009	971	943	955	988	1053
945	926	977	963	932	927	928	922	919	920	921	919	916	918	920	921	960	1019	1036	1053	1040	966	932	933	949	973	1019	1039
966	950	990	948	921	924	938	930	928	921	927	926	922	923	919	918	957	1033	1035	1042	991	935	931	939	947	993	1032	1030
929	956	965	925	923	924	946	926	924	943	945	953	944	929	928	925	935	1007	1021	992	938	927	942	944	936	997	1028	1051
930	934	932	931	925	931	937	922	922	959	970	972	959	956	946	923	916	931	937	926	925	933	940	937	936	969	1007	1040
935	942	926	930	923	918	922	924	926	926	933	936	954	966	947	938	934	927	930	936	933	944	935	935	959	975	993	1039
956	957	926	920	933	924	926	924	925	916	913	918	937	941	944	958	969	962	945	932	936	931	930	948	981	995	1012	1037
959	954	931	929	946	940	941	937	929	926	925	964	990	945	922	931	932	932	932	934	933	925	935	971	994	996	1021	1035
941	944	921	912	933	926	929	928	923	934	1003	1047	1032	952	927	923	923	925	919	925	929	937	959	985	1003	1010	1038	1054
947	935	879	833	893	940	940	933	948	992	1070	1076	1003	943	933	923	925	928	919	925	937	949	975	995	1005	1026	1040	1034
955	926	878	833	927	977	965	938	997	1062	1079	1035	952	928	933	930	936	930	920	927	934	947	969	996	1006	1040	1037	1030
786	947	915	909	982	977	949	948	996	1054	1055	1020	982	979	986	977	950	949	972	984	1000	994	998	1008	1039	1060	1034	1035
508	951	929	940	984	939	944	976	972	987	1010	1031	1054	1071	1044	1016	969	968	1009	1036	1061	1059	1063	1040	1050	1052	1036	1039
351	912	931	934	937	900	952	990	983	985	969	956	1002	1035	1022	1004	956	955	988	1020	1055	1074	1060	1056	1040	1036	1042	1058
360	937	953	961	973	952	1009	1022	1005	834	533	702	902	997	893	907	965	980	962	1022	1099	1121	1100	1081	1081	1079	1092	1092
135	336	346	342	359	364	369	364	360	186	103	261	352	386	279	284	325	355	313	342	399	399	403	391	398	392	391	395
0	0	0	0	0	0	0	0	0	0	0	0	0	0	0	0	0	0	0	0	0	0	0	0	0	0	0	0
0	0	0	0	0	0	0	0	0	0	0	0	0	0	0	0	0	0	0	0	0	0	0	0	0	0	0	0
1007	993	969	952	975	980	956	929	932	926	935	962	945	925	928	926	938	956	951	975	995	1008	1013	1008	988	996	1034	1067
998	999	985	951	959	1010	972	936	930	928	929	940	970	969	938	920	943	994	1023	1047	1034	1027	1026	1003	995	995	1029	1071
971	1003	999	965	943	994	980	928	926	937	925	928	949	973	953	925	949	1008	1036	1042	1034	1028	1026	1002	982	964	986	1073
938	971	1013	977	943	996	981	932	924	943	940	930	933	930	931	929	949	995	1030	1033	1028	1032	1011	984	996	980	974	1038
932	944	981	976	970	995	970	930	931	936	937	934	932	931	927	926	961	1002	1022	1029	1016	1009	994	997	994	992	993	1019
930	930	941	946	972	965	942	931	938	934	933	935	939	965	940	925	936	1000	1023	1010	991	992	999	995	982	976	986	1060
931	930	927	944	956	928	926	930	941	937	929	932	937	965	956	934	926	943	976	977	988	998	1001	1005	990	973	1028	1075
930	937	931	942	938	915	922	925	934	937	931	935	934	933	937	931	928	930	968	1004	1015	1018	1014	1006	982	999	1064	1073
928	930	922	927	927	915	919	934	941	933	933	935	938	939	938	933	929	928	973	1053	1055	1052	1049	1020	989	1041	1078	1076
925	923	920	925	924	923	923	945	967	928	927	927	933	948	946	939	928	924	967	1057	1043	1045	1062	1057	1037	1068	1076	1080
925	919	921	922	929	941	943	936	945	925	923	924	925	939	944	933	929	925	964	1052	1040	1041	1058	1054	1045	1071	1073	1074
925	922	922	920	925	934	949	928	918	919	922	924	924	921	928	929	927	933	970	1027	1059	1041	1028	1027	1030	1048	1061	1063
945	944	951	923	916	918	916	918	919	924	924	923	924	920	921	925	928	954	996	1021	1044	986	974	989	1026	1038	1038	1052
930	957	1004	962	920	925	933	931	930	925	926	925	922	922	919	918	928	986	1025	1047	1025	964	957	966	1008	1051	1049	1058
951	995	969	971	937	945	952	951	997	1000	959	941	936	933	921	921	923	976	1024	1014	986	964	954	960	967	1016	1051	1048
926	932	919	915	932	919	924	920	943	963	965	965	962	952	942	935	922	928	960	968	963	960	954	960	944	986	1020	1033
926	931	929	931	934	919	928	925	917	915	924	934	936	948	963	964	954	939	931	944	946	940	935	937	943	999	1014	1033
934	931	930	934	936	940	931	925	922	916	919	918	917	916	928	948	968	951	943	934	924	925	929	932	940	990	1013	1019
930	931	932	946	935	934	931	929	926	974	993	948	937	925	921	922	937	955	946	938	935	935	933	931	937	972	981	977
924	929	931	945	939	922	925	946	986	1036	1065	988	929	924	923	922	921	936	943	933	929	926	933	939	950	949	940	972
945	920	939	943	926	924	950	1019	1085	1076	1054	960	927	922	922	926	925	921	931	934	936	929	936	934	941	896	962	1007
975	950	965	947	933	945	963	1002	1074	1087	1040	968	932	926	926	921	927	942	958	962	961	956	940	936	953	945	968	1016
917	931	942	942	955	955	951	957	1012	1048	1055	1040	1000	971	950	958	981	1011	1014	1006	991	987	966	940	939	980	1006	1033
895	937	946	963	988	963	941	956	998	1021	1044	1052	1037	1008	984	1004	1020	1038	1037	1028	1010	998	974	951	959	991	1039	1045
950	984	1000	1013	1034	1004	975	985	1018	1035	1055	1057	1033	998	999	1021	1046	1070	1065	1055	1046	1011	997	991	1010	1075	1086	1069
346	356	354	361	370	359	350	355	350	349	357	367	366	358	369	376	383	390	374	374	371	355	360	358	376	395	392	387
0	0	0	0	0	0	0	0	0	0	0	0	0	0	0	0	0	0	0	0	0	0	0	0	0	0	0	0
0	0	0	0	0	0	0	0	0	0	0	0	0	0	0	0	0	0	0	0	0	0	0	0	0	0	0	0
1088	1077	1051	954	1007	1065	1016	962	963	982	991	983	984	977	976	969	972	977	981	975	952	953	956	958	1007	1073	1085	1072
1082	1081	1071	1008	992	1039	1027	1010	1001	982	965	946	936	944	961	936	934	940	958	987	982	966	972	955	1026	1073	1083	1076
1055	1080	1072	1064	1054	1077	1060	1020	1012	991	979	965	954	959	980	944	932	930	943	987	997	955	959	944	1018	1054	1064	1064
1023	1064	1070	1046	1016	1043	1024	991	993	994	992	992	986	982	991	990	977	969	962	950	947	936	945	934	986	991	984	999
1013	1039	1071	1059	983	979	976	945	945	959	968	968	970	968	979	1007	1019	995	993	978	945	938	947	929	943	945	947	963
1003	992	1055	1069	1031	961	975	990	967	944	938	941	952	952	932	933	959	978	965	959	946	938	935	926	932	940	970	1014
963	948	1031	1068	1072	963	933	955	976	969	946	934	939	959	955	939	931	931	935	935	942	948	952	942	933	921	982	1061
937	955	1024	1057	1053	993	953	936	928	938	953	948	935	928	937	932	934	930	925	926	928	955	976	957	956	950	993	1070
951	974	982	1021	1004	983	992	971	944	936	936	938	942	941	951	969	941	931	925	960	1008	1009	979	938	943	982	1013	1075
975	953	957	997	991	940	963	967	956	947	939	934	933	951	965	974	944	930	930	999	1060	1059	1065	1011	957	997	1050	1067
951	941	939	966	1000	943	924	927	931	941	941	938	937	949	954	925	925	929	927	1002	1048	1029	1060	1068	1008	1032	1066	1063
938	927	926	967	979	954	943	929	924	928	932	929	934	941	952	942	940	934	921	961	1054	1043	1058	1073	1017	1011	1068	1075
927	922	926	981	979	939	948	942	932	929	929	927	927	930	930	932	938	942	937	931	1038	1062	1069	1057	1006	996	1056	1072
930	927	959	983	1009	989	974	976	950	922	924	932	926	924	924	921	925	931	936	964	1025	1044	1034	1024	1012	1008	1048	1072
923	971	971	987	1004	946	965	984	992	941	920	930	925	925	928	929	921	931	956	996	1013	1014	1002	1005	1020	1016	1047	1073
930	930	920	920	927	921	917	921	937	947	927	924	926	926	931	931	925	922	955	999	1002	991	994	996	998	1004	1046	1063
938	939	944	950	933	921	953	941	918	924	923	919	922	918	924	925	923	918	920	944	961	964	972	965	959	998	1031	1052
920	925	929	922	920	918	930	939	918	918	923	929	931	926	921	929	928	923	919	919	925	931	935	940	943	1009	1038	1047
931	935	929	933	934	930	931	925	936	935	916	926	937	931	928	923	928	931	927	923	926	937	940	935	953	1044	1035	1013
938	939	931	927	941	944	944	986	1045	1039	966	923	926	925	930	931	929	934	932	924	920	925	931	931	1000	1018	999	1001
977	991	973	957	966	961	1005	1071	1087	1084	1050	960	931	920	923	938	934	948	940	926	925	924	940	959	1032	937	976	1033
979	1009	1008	1007	999	1023	1080	1090	1085	1067	1057	1018	960	921	918	925	941	949	938	924	920	922	934	1001	1039	976	990	1056
1010	1027	1037	1026	1035	1074	1082	1079	1058	1033	1050	1046	990	948	935	937	932	924	931	939	923	918	946	1012	974	1003	1043	1056
1034	1066	1068	1066	1068	1079	1072	1064	1039	1038	1061	1055	1032	1026	1028	1021	996	968	940	943	944	935	964	1012	1001	1037	1065	1036
1022	1076	1088	1090	1095	1098	1060	1034	1069	1091	1084	1074	1066	1087	1087	1086	1071	1037	982	968	971	966	986	1044	1079	1101	1095	1073
353	371	376	377	381	378	362	358	369	379	378	382	379	392	399	398	393	374	356	351	350	348	351	369	394	401	393	390
0	0	0	0	0	0	0	0	0	0	0	0	0	0	0	0	0	0	0	0	0	0	0	0	0	0	0	0
0	0	0	0	0	0	0	0	0	0	0	0	0	0	0	0	0	0	0	0	0	0	0	0	0	0	0	0
1046	984	953	947	962	958	935	973	1010	1046	1057	1016	974	940	924	924	936	999	1039	1047	1043	1016	972	963	1028	1055	988	923
1048	994	980	963	950	950	970	1030	1044	1021	973	937	921	928	933	927	929	948	986	992	986	961	962	995	1073	1076	1040	955
1042	1021	995	990	997	979	999	1020	1001	953	941	933	929	942	950	931	921	928	926	961	968	920	938	1030	1078	1079	1067	994
1055	1006	983	971	966	962	971	958	947	964	970	966	962	952	942	932	928	938	941	953	941	920	952	1035	1074	1074	1058	976
1032	1001	997	975	941	942	935	933	931	937	945	955	956	953	946	935	930	932	957	995	969	957	952	986	1028	1026	995	972
1019	988	993	994	960	934	931	936	939	937	933	942	950	946	933	928	927	917	924	984	1005	979	934	961	985	966	956	955
1025	987	1006	1005	995	940	919	929	946	959	983	989	976	975	966	968	949	935	927	933	940	942	962	950	929	931	941	946
1021	1010	1025	1003	992	982	953	940	931	971	1031	1001	959	942	946	955	969	972	965	957	952	965	948	933	943	944	947	953
980	981	1007	996	967	996	1015	1008	996	1003	958	953	983	960	929	938	938	949	964	980	986	971	958	941	938	944	945	966
948	969	1004	1012	947	948	989	1016	1035	1023	988	957	949	982	962	950	936	929	933	934	994	1048	1060	1050	999	946	948	961
977	976	968	1015	966	931	930	942	971	1014	1019	1014	1002	993	989	967	966	956	944	932	1007	1047	1045	1063	1056	993	976	967
976	932	937	1014	988	941	940	934	931	945	985	972	977	1004	1026	1014	1002	1012	1006	962	1007	1049	1041	1059	1050	998	1000	1022
937	923	929	988	1004	941	942	941	936	931	945	969	942	939	962	1003	989	980	998	960	971	1055	1066	1063	1008	976	1002	1035
928	925	933	956	982	952	933	940	936	933	934	955	967	936	922	949	982	952	945	954	949	972	997	991	969	958	996	1038
929	922	931	924	938	925	926	921	926	930	930	957	960	960	927	930	963	968	949	949	958	949	943	955	946	939	1006	1045
928	921	925	924	920	917	918	929	934	928	928	969	953	969	931	923	948	958	948	950	950	950	948	943	930	942	1020	1046
926	927	920	926	918	923	921	935	944	930	929	960	941	957	945	919	940	936	951	943	946	948	946	947	943	951	1036	1054
933	928	923	918	920	920	921	922	918	921	924	927	925	940	968	929	937	927	927	953	948	945	955	947	948	964	1035	1054
942	940	929	922	927	925	921	925	921	914	915	922	922	931	975	942	934	927	923	927	960	944	944	962	946	978	1035	1052
940	930	924	923	933	948	972	1023	1009	965	939	929	923	923	968	939	925	922	927	925	932	957	936	939	966	1010	1040	1046
975	955	942	932	958	1003	1041	1078	1074	1054	1033	1017	952	922	950	947	926	921	924	928	925	934	951	940	990	1030	1045	1054
990	977	968	967	994	1033	1052	1076	1060	1034	1053	1059	1017	929	932	941	934	927	925	928	927	922	942	973	1025	1037	1047	1066
999	977	988	976	980	1004	1025	1065	1041	1033	1064	1056	1048	964	921	939	941	924	925	926	924	921	952	1012	1042	1052	1063	1066
1018	993	994	948	960	966	1011	1054	1051	1050	1062	1041	1037	1023	961	941	947	928	919	928	927	927	986	1031	1037	1056	1068	1061
1035	1024	1017	1015	1012	1024	1067	1054	1060	1104	1083	1069	1073	1099	1049	1013	983	972	960	961	972	965	1044	1093	1093	1106	1098	1103
356	354	368	375	375	369	386	386	390	400	392	390	391	400	387	377	357	353	352	350	355	351	370	399	401	398	393	393
0	0	0	0	0	0	0	0	0	0	0	0	0	0	0	0	0	0	0	0	0	0	0	0	0	0	0	0
0	0	0	0	0	0	0	0	0	0	0	0	0	0	0	0	0	0	0	0	0	0	0	0	0	0	0	0
979	983	978	964	946	942	987	1042	1050	1041	1055	1046	1040	1016	972	923	943	1057	1045	1028	1052	1031	1018	1044	1040	991	795	802
961	968	972	960	949	989	1033	1038	1049	1043	1027	994	960	935	916	917	960	1046	1047	1038	1044	982	964	1017	1044	996	948	930
944	946	936	935	967	1026	1041	1045	1040	998	968	940	921	922	923	926	967	1009	1030	1026	995	937	954	1037	1071	1015	1002	1009
950	932	936	951	1006	1035	1040	1030	974	949	943	927	922	923	926	934	959	978	981	983	966	943	975	1063	1079	1052	925	858
949	938	961	998	1031	1033	1024	973	942	938	923	923	921	923	918	930	951	950	946	942	918	947	1001	1078	1079	1071	970	928
953	978	1010	1027	1033	1022	975	938	927	927	929	927	936	933	919	930	948	940	945	949	935	980	1013	1063	1062	1064	1016	994
1017	1039	1042	1041	1025	975	932	927	934	926	929	931	938	954	924	928	943	951	947	984	973	938	984	1029	1029	1018	988	960
1047	1052	1048	1039	1002	938	922	941	960	933	937	931	929	940	925	925	927	934	948	969	956	936	964	983	974	951	957	958
1051	1047	1028	994	950	922	922	935	955	933	935	936	929	925	924	923	918	921	935	944	968	960	962	961	944	930	930	938
1034	1017	987	941	929	931	926	929	941	931	931	934	930	933	931	924	919	928	927	921	948	998	1013	1015	1009	969	927	927
986	957	933	925	927	935	932	927	930	930	933	950	955	932	933	930	926	936	938	926	933	1020	1041	1038	1048	1056	1006	954
962	930	931	925	925	943	948	930	929	928	931	949	976	938	928	927	919	938	998	997	942	1033	1045	1039	1057	1072	1071	1053
962	945	934	927	922	925	948	935	931	930	931	938	963	943	920	934	927	928	983	1009	948	1010	1060	1058	1061	1067	1072	1066
957	959	932	930	925	923	931	935	930	933	933	930	949	939	918	927	936	925	949	981	1002	946	1004	1050	1054	1054	1061	1059
963	962	932	927	925	928	926	926	930	933	932	926	930	928	920	927	940	935	929	946	993	973	937	962	1018	1041	1052	1054
972	961	944	923	923	924	921	926	925	929	932	931	924	932	932	941	947	938	929	922	943	988	965	936	945	978	1008	1021
1003	959	943	930	925	929	925	924	922	921	925	937	931	946	953	957	966	958	945	928	918	935	962	966	945	954	998	1013
1040	962	938	930	928	933	929	929	947	949	943	933	937	955	960	958	971	967	963	954	944	929	936	953	942	971	1029	1037
1052	1003	953	925	937	936	937	1000	1015	1002	976	948	928	939	946	959	966	958	963	966	976	976	954	936	946	988	1040	1042
1027	1008	990	948	933	923	957	1049	1045	1050	1011	955	924	927	935	937	951	946	947	960	974	998	1003	961	955	1023	1048	1049
1021	981	966	983	951	937	955	1045	1051	1068	1033	970	928	928	939	946	939	938	944	944	963	993	1006	992	995	1048	1047	1046
1029	997	956	981	980	978	979	1042	1056	1050	1018	995	945	926	946	940	927	928	947	936	949	983	996	1016	1037	1055	1064	1063
1024	1001	997	961	943	972	968	1044	1064	1056	1033	1003	960	934	939	926	922	924	938	932	946	971	975	1013	1057	1063	1057	1052
1043	1004	1013	959	954	1009	982	1042	1056	1047	1022	1000	978	950	932	927	926	923	937	928	938	963	962	978	1041	1047	1038	1036
1072	1020	1049	1030	997	1037	1023	1076	1066	1078	1051	1027	1025	1004	965	973	975	962	985	977	946	969	993	1014	1068	1096	1103	1103
379	358	369	384	369	364	369	392	385	389	379	370	382	380	353	351	354	350	359	354	330	346	364	376	385	399	404	400
0	0	0	0	0	0	0	0	0	0	0	0	0	0	0	0	0	0	0	0	0	0	0	0	0	0	0	0
0	0	0	0	0	0	0	0	0	0	0	0	0	0	0	0	0	0	0	0	0	0	0	0	0	0	0	0
1062	1084	1085	1079	1061	1058	1041	999	980	974	1015	962	954	955	941	922	931	1004	1050	1035	1061	1061	1059	1060	1053	986	951	977
1015	1071	1078	1068	1045	1049	1044	1030	1010	997	1032	962	936	927	918	915	960	1052	1044	1035	1056	1048	1045	1049	1057	1038	959	989
976	1021	1027	994	956	973	991	1015	1018	997	998	931	921	922	922	933	1027	1064	1041	1050	1054	997	1026	1046	1053	1043	990	966
993	1012	1003	964	952	962	980	1007	1003	948	963	930	920	921	925	1003	1064	1047	1037	1047	1022	970	990	1050	1071	1045	970	913
1026	1027	997	963	974	989	1006	997	950	933	944	925	922	923	951	1038	1046	1041	1041	1029	965	967	990	1063	1077	1061	1022	973
1029	1036	1002	958	973	996	1000	952	926	932	935	926	926	928	979	1035	1037	1031	1028	993	933	954	1053	1076	1077	1075	1008	992
1032	1028	991	968	985	992	959	929	930	931	928	927	925	942	992	1025	1035	1035	1013	962	947	1002	1076	1078	1080	1066	974	939
1047	1024	973	969	994	965	930	929	931	929	924	925	931	964	1002	1014	1034	1022	973	947	951	1014	1070	1074	1073	1027	908	847
1061	1025	969	988	971	931	927	928	934	928	925	927	939	970	998	1015	1022	989	958	959	960	1012	1051	1060	1054	1005	938	789
1071	1016	964	974	948	939	934	928	933	926	929	926	936	966	988	1005	1005	952	954	945	958	1007	1034	1033	1025	992	947	898
1097	973	940	947	932	943	945	931	933	926	927	931	942	961	975	986	982	939	947	945	966	994	1035	1032	1007	988	941	916
1143	953	948	950	939	941	939	932	936	932	927	935	955	965	974	978	959	954	990	938	942	976	1016	1023	1014	1005	971	953
1093	948	953	956	947	941	931	928	932	932	930	928	950	965	972	968	938	947	990	947	933	951	993	1013	1016	1011	995	995
1114	968	962	966	953	953	940	925	929	927	926	925	945	959	963	951	929	920	946	945	945	930	961	997	1011	1006	1000	1008
1079	973	964	952	945	937	943	925	928	927	927	929	949	968	975	955	928	929	953	945	942	941	935	947	963	981	1001	1010
1142	992	961	938	937	936	943	924	925	923	948	968	992	1013	1032	1013	965	956	937	938	945	939	947	929	934	951	971	978
1103	963	939	943	942	952	932	921	925	962	1000	1009	1021	1035	1042	1016	997	981	955	934	930	930	949	940	935	939	940	939
1078	954	943	959	952	952	923	923	978	1042	1045	1042	1040	1049	1045	1017	998	1008	1007	1010	996	957	940	950	941	939	942	955
1100	992	938	957	962	935	928	985	1045	1044	1036	1049	1032	1028	1018	1013	1003	1016	1025	1053	1049	1048	1002	948	963	954	950	973
1093	1025	943	961	956	937	970	1014	1051	1049	1038	1051	976	940	936	958	996	1021	1028	1047	1043	1053	1061	1001	947	977	980	1006
1069	1057	953	937	929	932	1001	999	1036	1051	1053	1007	948	927	921	926	938	964	985	1030	1043	1068	1064	1040	963	991	1027	1041
1070	1073	1004	934	921	944	1008	993	1027	1040	1024	979	964	944	937	953	927	923	932	951	1014	1063	1039	1048	1019	1034	1053	1056
1069	1074	1068	987	919	980	990	1003	1025	1053	1023	1000	986	968	948	956	939	931	934	938	1001	1052	1031	1055	1053	1065	1074	1068
1185	1100	1074	1036	946	967	974	1006	1030	1050	1025	1001	1005	991	984	965	955	962	969	982	1028	1030	1030	1051	1051	1055	1066	1059
1223	1107	1078	1084	1047	976	999	1035	1066	1092	1051	1031	1037	1027	1028	1014	1012	1050	1046	1049	996	1026	1048	1058	1063	1097	1106	1109
410	382	396	403	394	354	361	372	384	395	377	370	369	367	363	363	371	381	381	360	336	368	385	367	373	400	403	403
0	0	0	0	0	0	0	0	0	0	0	0	0	0	0	0	0	0	0	0	0	0	0	0	0	0	0	0
0	0	0	0	0	0	0	0	0	0	0	0	0	0	0	0	0	0	0	0	0	0	0	0	0	0	0	0
1068	1073	1087	1090	1057	985	1014	1015	960	923	923	933	925	922	927	925	924	927	951	959	978	1001	998	989	985	971	946	926
1070	1083	1089	1086	1046	1000	1031	1066	1054	994	953	920	926	929	926	931	923	947	975	978	981	1020	1031	1046	1039	1014	960	937
1081	1091	1093	1073	980	954	970	1024	1045	1027	1015	949	926	923	921	929	945	975	989	996	985	1013	1063	1051	1047	1056	1002	969
1089	1093	1096	1052	944	945	927	940	977	973	1016	955	925	920	925	952	982	995	995	1004	996	994	1061	1047	1034	1042	1051	987
1089	1091	1094	1013	934	952	937	936	943	934	995	944	924	922	962	1015	1021	1017	1018	1019	992	977	1029	1057	1040	1044	1065	1002
1087	1088	1073	963	935	939	941	940	949	950	994	937	926	951	1023	1038	1035	1029	1029	1011	942	949	1026	1067	1054	1050	1059	1004
1090	1089	1036	946	958	956	941	936	947	979	982	931	938	1003	1040	1037	1040	1053	1046	973	942	989	1058	1070	1062	1053	1025	965
1086	1079	985	936	962	972	943	935	946	1003	961	926	977	1045	1050	1034	1043	1058	1026	953	942	1033	1079	1075	1073	1053	982	883
1077	1057	965	968	994	960	933	940	956	1005	939	936	1021	1056	1045	1038	1053	1057	978	938	968	1066	1082	1080	1079	1056	978	922
1072	1037	983	1010	974	946	942	930	970	991	924	954	1040	1044	1040	1052	1063	1026	945	943	989	1076	1075	1073	1077	1056	993	964
1081	1013	948	957	947	943	954	943	980	977	917	966	1036	1045	1037	1051	1066	985	944	958	1001	1074	1078	1074	1076	1047	967	946
1064	974	948	944	953	966	957	950	994	972	921	989	1041	1035	1033	1049	1056	975	969	995	1017	1058	1076	1072	1075	1035	943	972
1066	992	982	955	972	979	974	938	1009	968	928	1011	1040	1037	1039	1055	1046	994	988	1014	1024	1036	1069	1073	1070	1045	954	896
1085	1009	1016	987	982	972	956	952	1012	959	940	1021	1031	1037	1051	1065	1044	1016	1007	1011	1014	1013	1058	1068	1063	1046	950	867
1051	1019	1019	996	998	987	966	991	1002	953	941	1022	1036	1048	1064	1052	1030	1025	1028	1014	1011	995	1019	1056	1048	1011	958	906
1052	1090	1145	1076	1017	987	1002	1009	994	941	973	1056	1057	1055	1064	1036	1024	1019	1029	1017	1005	992	975	1023	1011	954	934	951
1206	1233	1270	1132	1000	988	1031	994	989	958	1019	1051	1058	1060	1043	1016	1004	1008	1009	1002	983	978	960	973	953	924	921	930
1141	1081	1066	997	977	1012	1061	1007	986	993	1017	1039	1061	1057	1008	1000	988	1003	988	996	977	960	959	939	930	925	921	925
1091	1021	1014	969	960	1015	1077	1016	968	1002	1008	1027	1055	1014	978	984	985	997	980	995	1001	980	960	930	927	932	937	979
1104	1026	993	936	936	1003	1093	996	959	995	1001	1020	1030	986	983	992	993	1003	995	1015	1017	1001	988	986	992	1012	1034	1057
1188	1070	1053	1022	953	962	1091	979	939	948	1011	1057	1062	1047	1022	1007	994	1000	1027	1051	1055	1060	1065	1070	1061	1055	1061	1068
1120	1078	1056	1030	955	939	1075	988	951	963	1057	1083	1080	1056	1033	1019	1007	1011	1028	1048	1069	1076	1076	1078	1056	1053	1066	1077
1010	1014	1063	1060	1006	958	1052	1004	970	1029	1077	1086	1085	1077	1066	1058	1054	1049	1051	1055	1071	1075	1072	1072	1061	1029	1039	1077
1043	1081	1202	1243	1090	951	1009	1006	982	1055	1072	1072	1081	1080	1079	1076	1073	1067	1068	1072	1076	1062	1060	1041	989	996	1056	1087
1219	1307	1366	1280	1012	950	1022	1053	1021	1094	1103	1105	1116	1115	1114	1117	1117	1117	1113	1104	1090	1063	1029	982	979	1090	1125	1124
443	453	436	390	351	350	370	390	370	395	403	403	407	405	403	400	402	404	401	393	385	378	365	350	352	396	407	408
0	0	0	0	0	0	0	0	0	0	0	0	0	0	0	0	0	0	0	0	0	0	0	0	0	0	0	0
0	0	0	0	0	0	0	0	0	0	0	0	0	0	0	0	0	0	0	0	0	0	0	0	0	0	0	0
1205	1216	1085	1056	992	935	924	940	933	925	921	930	936	945	933	927	919	917	918	921	920	916	919	926	930	950	971	1018
1140	1130	1046	1038	1031	1014	976	963	979	988	969	947	945	962	942	923	922	928	936	940	928	914	930	947	942	951	958	954
1033	1033	1021	984	993	1034	1012	969	991	1039	1060	1055	1007	955	943	927	932	950	956	956	938	922	954	996	988	973	964	947
1042	1031	996	955	940	957	970	947	963	1004	1048	1065	1041	1000	952	931	933	967	972	967	949	933	974	1017	1026	1009	989	950
1055	1053	1008	938	929	930	979	954	946	931	953	1020	1016	991	962	928	940	977	984	977	959	934	983	1027	1033	1027	1009	964
1106	1105	1026	940	952	953	992	949	952	929	921	950	986	967	962	946	955	986	989	979	963	941	991	1043	1042	1035	1024	964
1097	1083	993	965	973	985	984	949	965	939	930	930	957	960	955	956	974	998	1002	983	967	950	1007	1050	1046	1053	1040	953
1127	1100	1020	985	977	987	971	947	955	949	927	929	932	948	957	981	1002	1008	1010	999	975	960	1009	1058	1050	1057	1048	966
1132	1125	1115	1021	990	977	970	962	950	953	936	935	946	976	1005	1021	1027	1030	1009	999	979	988	1023	1055	1052	1054	1036	980
1103	1106	1080	1012	1014	987	982	967	945	1001	948	933	972	1014	1041	1050	1045	1032	1010	993	990	1012	1033	1053	1051	1063	1026	977
1197	1153	1100	993	1018	1011	1002	975	958	1056	935	942	989	1030	1057	1070	1051	1023	1004	999	1020	1038	1044	1052	1053	1062	1007	978
1185	1178	1128	1027	992	1044	1034	1000	1039	1043	917	959	1011	1037	1060	1065	1050	1018	1009	1025	1040	1046	1052	1060	1064	1052	981	992
1222	1224	1281	1275	1191	1086	1052	1031	1071	976	926	982	1021	1042	1064	1061	1044	1026	1025	1045	1036	1043	1060	1066	1075	1027	951	987
1307	1292	1284	1256	1201	1102	1063	1065	1025	943	944	1002	1027	1045	1068	1070	1065	1049	1041	1044	1030	1040	1067	1078	1083	1029	951	856
1100	1101	1097	1086	1080	1095	1080	1084	1019	946	957	1018	1030	1042	1059	1072	1071	1061	1050	1051	1043	1055	1076	1082	1082	1048	1003	885
1193	1229	1238	1257	1218	1155	1081	1077	1027	955	953	1013	1035	1027	1041	1052	1055	1054	1048	1050	1050	1062	1074	1083	1087	1041	1015	1035
1406	1417	1441	1469	1306	1151	1076	1070	1038	963	946	985	1035	1026	1036	1037	1036	1036	1041	1039	1052	1060	1062	1079	1071	1003	1001	1030
1283	1286	1277	1210	1060	1039	1082	1075	1053	984	948	956	1000	1037	1039	1042	1040	1040	1038	1043	1055	1067	1066	1050	1025	974	1007	1005
1256	1258	1241	1155	1013	1049	1081	1071	1047	1015	969	951	935	948	990	1019	1039	1040	1039	1048	1056	1059	1051	1006	953	977	1012	1036
1232	1193	1196	1177	996	1023	1085	1074	1057	1021	1003	982	952	938	968	1014	1048	1054	1052	1057	1036	1025	1022	975	964	1012	1056	1057
1252	1218	1260	1362	1258	1071	1075	1076	1064	1022	977	988	1010	1026	1055	1074	1077	1079	1069	1071	1056	1029	1022	1011	1057	1076	1080	1061
1315	1284	1293	1325	1235	1091	1072	1076	1069	1041	990	1008	1032	1051	1073	1078	1081	1085	1081	1083	1066	1041	1031	1055	1082	1077	1062	1039
1107	1106	1099	1094	1095	1114	1107	1082	1077	1062	1030	1028	1040	1050	1071	1078	1085	1086	1086	1080	1052	1040	1052	1072	1055	1026	988	982
1210	1252	1271	1315	1387	1314	1099	1061	1067	1065	1046	1017	1009	1016	1033	1049	1060	1065	1067	1051	1034	1016	1027	1019	1011	981	994	1032
1377	1513	1626	1714	1475	1111	1021	1111	1104	1109	1096	1071	1056	1049	1058	1077	1090	1084	1071	1050	1008	1030	765	653	1051	1023	1075	1111
478	491	527	549	400	338	364	408	405	405	402	397	391	381	389	400	402	399	383	364	349	375	247	207	375	373	390	401
0	0	0	0	0	0	0	0	0	0	0	0	0	0	0	0	0	0	0	0	0	0	0	0	0	0	0	0
0	0	0	0	0	0	0	0	0	0	0	0	0	0	0	0	0	0	0	0	0	0	0	0	0	0	0	0
1488	1583	1481	1198	932	924	937	962	1010	1018	1028	1043	1021	964	936	980	1027	1047	1053	1053	1035	969	919	925	935	979	1063	1086
1327	1329	1208	1026	929	946	989	1039	1009	964	957	1009	1025	985	980	990	1049	1075	1081	1077	1063	1009	938	913	922	926	958	1023
1261	1225	1102	951	931	975	1037	1029	947	929	931	1012	1044	971	1040	1023	1048	1087	1096	1090	1077	1039	961	909	922	931	934	927
1227	1209	1156	983	937	989	995	965	936	939	939	1013	1026	1027	1057	1055	1041	1074	1091	1088	1079	1052	988	922	929	928	928	923
1141	1159	1185	1072	954	995	994	945	934	932	928	981	1009	1022	1063	1038	1019	1074	1087	1088	1086	1068	1004	934	938	933	929	935
1249	1262	1252	1154	1025	1012	1016	949	927	929	929	957	1023	981	1018	1019	992	1074	1099	1098	1093	1074	1020	954	957	948	934	941
1203	1204	1180	1140	1060	1026	1040	986	930	928	943	987	1052	1040	1012	1006	1013	1064	1088	1096	1097	1076	1030	976	969	969	942	944
1146	1153	1156	1136	1083	1051	1053	1027	947	926	1033	1048	986	1026	1030	1031	1053	1066	1066	1087	1095	1077	1028	971	968	974	949	943
1229	1229	1268	1267	1135	1061	1062	1052	957	966	1101	984	944	1030	1064	1042	1056	1049	1065	1100	1101	1073	1018	959	964	969	960	940
1130	1133	1186	1191	1080	1076	1078	1068	983	1053	1026	915	982	1076	1064	1041	1063	1060	1081	1090	1096	1067	1012	965	961	970	964	935
1209	1170	1204	1237	1050	1071	1080	1072	1026	1034	947	914	989	1081	1072	1070	1089	1087	1112	1099	1088	1065	1008	969	967	982	963	931
1175	1162	1186	1284	1051	1029	1079	1075	1059	968	919	915	969	1084	1096	1108	1106	1063	1106	1103	1084	1055	1004	976	982	995	964	966
1119	1128	1147	1258	1289	1106	1072	1080	1065	963	917	916	947	1080	1100	1106	1103	1081	1104	1099	1076	1035	987	980	1005	992	959	1010
1286	1257	1270	1334	1375	1201	1066	1075	1067	988	914	915	935	1052	1096	1101	1103	1098	1095	1090	1057	1009	983	1001	1003	949	950	996
1114	1114	1122	1126	1113	1095	1092	1079	1080	1024	929	919	934	992	1087	1098	1101	1098	1088	1075	1033	986	987	1007	980	934	962	1007
1183	1180	1188	1228	1281	1225	1093	1079	1081	1044	948	917	940	948	1030	1086	1092	1088	1068	1038	988	976	1000	1011	996	957	993	1050
1168	1175	1186	1242	1346	1239	1070	1074	1079	1058	974	915	931	943	957	1021	1056	1060	1025	994	981	997	1028	1037	1022	993	1051	1048
1115	1112	1097	1203	1272	1042	1065	1075	1081	1069	1010	938	914	932	940	953	972	984	986	991	996	1028	1058	1060	1024	1013	1059	1004
1192	1182	1130	1240	1245	1039	1077	1074	1075	1073	1032	972	910	914	927	931	939	968	978	979	1038	1067	1072	1066	1005	1051	1034	999
1119	1136	1121	1220	1332	1018	1072	1076	1077	1077	1053	1020	946	926	916	921	967	979	983	1046	1076	1079	1080	1036	999	1054	1000	982
1152	1156	1152	1218	1385	1198	1068	1076	1076	1077	1066	1046	985	960	969	984	1009	1020	1051	1073	1077	1076	1061	976	1031	1051	1009	1022
1212	1207	1208	1298	1407	1290	1092	1072	1074	1079	1072	1055	1007	932	965	1009	1001	1038	1062	1073	1071	1043	990	976	1071	1023	1025	1065
1099	1096	1092	1089	1091	1102	1114	1079	1078	1079	1077	1061	1039	950	928	993	1012	1031	1057	1055	999	947	944	1022	1067	1045	1068	1007
1269	1270	1237	1279	1375	1467	1182	1066	1075	1073	1074	1069	1057	990	916	953	981	974	984	958	928	928	975	1062	1077	1082	1008	934
1203	1209	1211	1301	1527	1388	1066	1106	1109	1113	1116	1116	1107	1073	972	975	1028	1008	966	968	972	1005	1056	1047	1103	1076	978	984
410	412	410	448	528	387	370	404	405	405	405	405	402	399	363	365	383	378	359	355	357	384	381	358	393	382	351	358
0	0	0	0	0	0	0	0	0	0	0	0	0	0	0	0	0	0	0	0	0	0	0	0	0	0	0	0
0	0	0	0	0	0	0	0	0	0	0	0	0	0	0	0	0	0	0	0	0	0	0	0	0	0	0	0
1214	1237	1287	1252	1057	989	930	943	958	978	1035	1067	1050	1038	1063	1093	1098	1099	1098	1102	1101	1087	999	926	931	965	1038	1078
1189	1184	1247	1262	1078	1025	958	958	957	950	983	1029	1014	1006	1037	1070	1078	1087	1101	1106	1104	1101	1055	951	920	928	949	1011
1132	1105	1167	1171	1009	1062	1012	958	944	936	940	979	1024	987	953	1012	1053	1044	1073	1118	1116	1102	1087	990	921	925	926	935
1205	1159	1226	1267	995	1067	1051	960	943	956	933	963	1008	970	959	1040	1077	1033	989	1083	1140	1099	1095	1008	924	922	921	922
1152	1134	1184	1317	1015	1048	1072	1003	942	951	953	941	933	945	981	1031	1058	1007	990	1084	1122	1090	1101	1037	936	919	919	920
1195	1176	1193	1278	1177	1044	1077	1049	946	932	944	982	1021	963	948	965	978	975	995	1095	1172	1111	1100	1062	972	921	924	920
1226	1204	1219	1277	1202	1060	1072	1071	974	917	964	1161	1171	1099	1087	1027	975	979	980	1006	1103	1105	1101	1073	984	926	922	920
1106	1103	1106	1120	1116	1079	1077	1079	1005	920	1045	1182	1116	1063	1058	1073	1082	1016	987	1004	1067	1096	1101	1075	992	928	919	921
1239	1214	1214	1274	1256	1072	1067	1071	1023	943	996	985	979	1038	1032	997	1096	1041	992	1061	1105	1096	1100	1074	987	932	923	925
1147	1121	1111	1235	1181	1041	1075	1072	1051	949	938	924	1042	1104	1023	995	1066	1035	990	1024	1096	1105	1105	1067	970	923	922	924
1175	1116	1084	1310	1162	1024	1075	1075	1069	967	928	927	1039	1110	1055	1003	1063	1053	1024	1048	1095	1105	1101	1052	957	927	923	921
1210	1194	1148	1353	1182	998	1074	1075	1073	1011	924	924	993	1103	1100	1061	1074	1008	1010	1096	1099	1102	1090	1023	950	936	932	924
1157	1187	1202	1293	1227	1012	1072	1078	1076	1052	939	917	941	1075	1101	1093	1072	1041	1066	1096	1095	1103	1072	989	948	946	932	938
1282	1292	1326	1383	1341	1117	1065	1075	1072	1068	971	915	913	1013	1098	1098	1094	1090	1103	1104	1106	1098	1028	950	945	936	920	959
1182	1157	1156	1178	1164	1093	1079	1076	1074	1076	1020	921	920	954	1066	1103	1102	1103	1105	1110	1105	1073	964	942	942	924	919	948
1220	1257	1281	1310	1269	1149	1080	1076	1073	1076	1053	943	913	915	987	1091	1105	1105	1106	1104	1081	991	941	953	933	923	942	970
1197	1215	1220	1250	1304	1147	1067	1072	1070	1072	1068	982	910	916	922	1003	1072	1092	1089	1048	976	937	934	931	934	945	1003	1024
1141	1165	1157	1177	1330	1066	1062	1070	1073	1072	1075	1030	927	921	917	924	950	977	968	940	932	930	936	935	930	957	1016	1005
1173	1227	1246	1266	1447	1044	1057	1071	1071	1069	1073	1060	954	915	920	920	918	929	932	924	931	944	951	944	934	979	1020	1015
1134	1175	1209	1289	1477	1062	1054	1076	1075	1071	1073	1075	997	912	915	915	922	931	922	931	954	968	962	938	942	1002	1005	1009
1196	1223	1242	1280	1358	1135	1055	1073	1074	1070	1071	1076	1041	928	913	917	918	918	928	952	974	979	956	934	958	1001	1004	1025
1255	1251	1229	1282	1339	1218	1076	1069	1070	1068	1066	1072	1070	966	908	917	910	917	937	957	968	961	944	935	990	1024	1022	1000
1155	1157	1155	1136	1101	1089	1074	1072	1075	1072	1071	1072	1077	1015	911	914	913	914	923	940	952	949	940	936	989	1028	1009	950
1261	1275	1262	1349	1388	1271	1060	1058	1071	1070	1069	1069	1075	1055	934	914	920	921	936	942	937	934	923	951	989	987	949	917
1174	1206	1207	1260	1411	1293	1080	1092	1109	1107	1108	1109	1115	1117	1005	954	987	1005	985	963	952	948	954	995	1009	980	955	954
415	436	448	457	523	444	385	395	402	404	404	404	405	406	371	347	359	361	358	353	345	345	352	362	359	350	345	353
0	0	0	0	0	0	0	0	0	0	0	0	0	0	0	0	0	0	0	0	0	0	0	0	0	0	0	0
0	0	0	0	0	0	0	0	0	0	0	0	0	0	0	0	0	0	0	0	0	0	0	0	0	0	0	0
1163	1148	1152	1171	1109	1061	965	919	920	1043	1103	1103	1111	1092	1045	1010	1016	1024	1070	1084	1094	1099	1090	1005	932	922	935	964
1275	1266	1285	1379	1188	1063	1016	921	913	993	1093	1100	1109	1090	1009	996	1006	1003	1040	1088	1094	1095	1102	1051	955	923	924	925
1153	1125	1135	1307	1091	1072	1055	939	921	948	1061	1086	1088	1082	978	984	1037	1035	1037	1098	1108	1100	1103	1086	996	932	934	927
1164	1130	1195	1337	1030	1075	1073	973	926	943	987	1044	1060	1053	977	1048	1025	1020	1031	1085	1139	1112	1100	1096	1042	946	928	927
1216	1278	1349	1340	1017	1071	1077	1012	925	940	943	976	1012	1033	989	1041	1087	1006	1024	1088	1119	1088	1096	1102	1070	969	923	927
1207	1329	1348	1255	1067	1067	1077	1044	946	930	929	952	1005	1032	1005	1018	1054	1007	997	1065	1127	1117	1095	1100	1095	1010	926	928
1255	1314	1308	1253	1106	1063	1070	1059	952	918	926	950	991	1027	1030	1001	980	1019	1023	1040	1087	1112	1106	1103	1104	1034	928	931
1140	1119	1096	1091	1064	1070	1072	1071	987	919	927	939	976	1024	1042	1023	976	1008	1014	1053	1082	1095	1102	1106	1106	1028	929	932
1191	1230	1303	1331	1186	1065	1069	1071	1034	926	923	930	985	1078	1079	1048	1014	1008	1060	1037	1088	1095	1099	1105	1106	1014	929	926
1147	1254	1314	1447	1164	1037	1070	1069	1066	954	920	929	1005	1104	1093	1045	1021	1027	1146	1114	1098	1099	1102	1106	1092	981	932	926
1107	1212	1204	1430	1122	1034	1071	1069	1073	1002	924	926	971	1087	1103	1078	1037	1023	1046	1090	1106	1107	1110	1115	1072	944	930	925
1090	1207	1432	1539	1058	1032	1067	1063	1067	1047	935	921	938	1045	1102	1093	1094	1081	1055	1087	1099	1103	1112	1117	1048	930	931	927
1081	1134	1318	1234	1004	1024	1068	1064	1064	1068	983	918	924	980	1079	1095	1083	1097	1096	1089	1088	1106	1112	1103	997	922	925	926
1114	1156	1224	1159	1043	1030	1069	1070	1067	1070	1037	928	920	930	1023	1084	1088	1100	1105	1103	1099	1105	1104	1035	944	922	925	922
1105	1160	1178	1111	1040	1046	1068	1068	1068	1067	1067	966	916	923	963	1043	1079	1096	1100	1105	1099	1091	1022	940	925	926	926	926
1083	1190	1384	1403	1170	1055	1074	1078	1074	1069	1074	1023	923	916	920	975	1030	1060	1079	1081	1066	1004	932	927	927	925	925	930
1093	1272	1529	1437	1414	1132	1099	1091	1078	1069	1071	1061	946	914	916	921	949	985	1008	1004	960	931	923	930	926	920	927	946
1071	1257	1437	1235	1270	1146	1095	1083	1073	1066	1068	1076	988	916	917	916	916	922	934	931	925	929	925	929	927	922	935	948
1058	1177	1525	1608	1372	1084	1056	1062	1062	1065	1064	1075	1023	922	919	919	915	919	922	924	925	923	923	926	927	928	942	931
1059	1110	1251	1327	1105	1007	1041	1060	1060	1057	1057	1063	1044	935	916	919	914	915	918	919	918	921	921	924	928	934	933	927
1070	1122	1195	1139	1025	1053	1052	1054	1058	1054	1054	1055	1047	959	912	916	914	915	918	911	913	920	926	938	942	929	924	915
1088	1147	1240	1165	1045	1045	1038	1048	1062	1056	1049	1043	1036	975	917	916	914	917	915	912	918	924	946	948	928	924	910	908
1078	1162	1330	1344	1162	1038	1028	1039	1063	1067	1061	1038	1029	983	920	915	918	920	917	919	934	938	929	917	910	908	907	927
1066	1224	1486	1462	1455	1167	1041	1027	1056	1066	1066	1044	1019	981	923	915	919	926	929	932	936	924	913	908	905	906	929	976
1102	1202	1459	1561	1436	1250	1110	1076	1081	1094	1100	1080	1039	1005	956	947	946	956	975	1009	1082	1126	1108	1002	952	969	1002	1055
395	432	528	674	553	457	413	389	387	395	400	390	376	361	345	338	336	344	354	371	411	478	503	408	359	365	373	389
0	0	0	0	0	0	0	0	0	0	0	0	0	0	0	0	0	0	0	0	0	0	0	0	0	0	0	0
0	0	0	0	0	0	0	0	0	0	0	0	0	0	0	0	0	0	0	0	0	0	0	0	0	0	0	0
1109	1128	1109	1095	1074	1069	957	916	916	971	1070	1097	1101	1082	1036	1049	1028	1084	1127	1094	1099	1098	1107	1107	995	932	921	927
1144	1295	1440	1271	1078	1078	1008	915	916	951	1058	1097	1097	1093	1056	1070	1035	990	1026	1077	1097	1100	1104	1107	1044	940	925	920
1103	1363	1457	1434	1080	1077	1050	931	913	932	1033	1098	1111	1110	1064	1036	1050	1045	1043	1087	1094	1099	1103	1106	1084	964	935	921
1093	1282	1239	1286	1058	1075	1067	965	911	915	976	1078	1107	1106	1068	1048	1039	1029	1066	1096	1084	1097	1104	1105	1096	996	937	924
1083	1360	1652	1269	1035	1072	1071	997	919	915	919	1035	1103	1103	1072	1127	1208	1104	1081	1100	1090	1095	1100	1099	1091	1008	931	929
1093	1276	1404	1061	1031	1066	1073	1033	937	921	913	987	1092	1106	1088	1104	1148	1104	1081	1101	1097	1101	1101	1096	1086	1018	933	936
1082	1147	1118	1028	1039	1063	1066	1061	967	921	918	947	1066	1104	1105	1099	1078	1078	1096	1101	1100	1099	1094	1084	1075	1017	936	946
1068	1217	1235	1043	1031	1069	1066	1070	1011	934	922	929	1015	1096	1103	1106	1079	1088	1093	1100	1107	1100	1091	1073	1051	997	936	954
1058	1292	1452	1304	1048	1071	1069	1073	1056	968	926	926	960	1064	1095	1105	1095	1086	1096	1098	1106	1099	1087	1065	1030	971	943	971
1077	1439	1467	1465	1254	1110	1085	1075	1075	1020	935	921	934	1016	1081	1103	1102	1102	1116	1107	1102	1097	1085	1059	1006	951	947	975
1263	1521	1272	1205	1277	1171	1136	1102	1081	1065	969	924	920	966	1046	1083	1093	1096	1097	1099	1097	1091	1079	1050	984	929	933	949
1357	1536	1529	1324	1220	1170	1146	1133	1101	1091	1014	938	920	929	992	1046	1068	1081	1089	1089	1089	1076	1061	1031	967	924	943	940
1293	1620	1566	1187	1093	1106	1095	1101	1105	1100	1051	958	930	920	949	997	1017	1050	1066	1069	1066	1053	1035	998	945	927	948	931
1291	1436	1289	1185	1083	1028	1047	1044	1055	1062	1062	990	939	931	932	963	979	1012	1026	1036	1032	1017	996	959	934	930	946	926
1188	1342	1437	1366	1158	1022	1048	1039	1037	1055	1071	1041	962	953	945	939	949	964	976	986	984	971	950	934	932	927	936	928
1135	1335	1493	1446	1283	1036	1040	1054	1044	1064	1070	1070	1004	981	970	950	941	932	937	939	942	936	928	928	927	924	931	931
1238	1474	1577	1359	1305	1225	1111	1099	1090	1131	1085	1067	1029	997	994	975	954	933	916	919	927	930	930	926	921	922	933	928
1416	1523	1583	1374	1211	1192	1163	1137	1121	1130	1103	1057	1035	1008	1009	994	974	945	918	915	921	925	926	924	921	920	935	917
1428	1572	1737	1363	1055	1108	1104	1094	1070	1067	1047	1041	1026	1013	1018	1008	993	960	936	920	918	923	923	922	925	927	932	913
1326	1572	1811	1250	977	1038	1060	1053	1056	1042	1005	995	1005	1004	1014	1013	1003	983	959	934	915	920	921	920	919	928	915	931
1209	1412	1570	1390	1242	1055	1067	1062	1060	1026	960	951	972	988	1002	1013	1014	1003	984	964	930	913	922	919	919	915	928	965
1146	1351	1554	1527	1358	1059	1051	1049	1064	1056	977	941	947	965	986	1004	1010	1011	1001	995	974	915	912	915	918	932	967	1015
1120	1407	1611	1551	1404	1098	996	994	1020	1040	995	955	943	955	982	1002	1018	1023	1019	1018	1016	973	920	918	941	983	1022	1053
1407	1454	1672	1479	1334	1304	1084	1041	1047	1051	990	941	918	927	954	976	987	1006	1011	1032	1036	1014	982	956	985	1029	1055	1058
1447	1747	1861	1728	1381	1282	1164	1127	1104	1104	1034	980	950	948	958	1013	1159	1302	1395	1457	1387	1210	1059	1015	1040	1060	1062	1047
483	595	740	711	529	493	430	407	380	376	369	355	343	348	366	422	520	572	585	593	583	536	433	368	371	373	370	363
0	0	0	0	0	0	0	0	0	0	0	0	0	0	0	0	0	0	0	0	0	0	0	0	0	0	0	0
0	0	0	0	0	0	0	0	0	0	0	0	0	0	0	0	0	0	0	0	0	0	0	0	0	0	0	0
1143	1282	1251	987	1024	1053	1014	938	923	919	935	995	1046	1069	1077	1083	1088	1097	1105	1100	1094	1086	1070	1042	963	937	971	1019
1211	1416	1451	1151	1017	1038	1054	980	937	927	926	986	1039	1062	1074	1079	1087	1085	1091	1086	1086	1081	1059	1031	969	941	965	1017
1297	1636	1440	1394	1253	1113	1084	1047	979	948	928	967	1036	1067	1076	1082	1085	1086	1078	1074	1078	1070	1050	1017	968	953	980	1022
1475	1688	1323	1176	1190	1159	1127	1100	1056	972	940	952	1010	1056	1076	1081	1083	1089	1074	1063	1059	1053	1029	999	973	963	987	1019
1526	1704	1363	1222	1156	1130	1128	1105	1081	992	951	947	993	1047	1071	1073	1077	1084	1080	1063	1052	1040	1025	997	980	971	994	1022
1470	1750	1289	1038	1054	1051	1047	1052	1054	1009	961	945	979	1020	1055	1069	1070	1088	1080	1061	1051	1047	1045	1012	976	979	1005	1025
1515	1651	1326	1033	1038	1056	1047	1023	1036	1017	967	934	953	996	1034	1048	1061	1068	1061	1048	1034	1032	1053	1073	993	983	1012	1029
1416	1521	1544	1377	1045	1053	1064	1036	1025	1030	980	930	926	959	1004	1028	1043	1042	1039	1031	1014	996	1015	1082	1091	993	1009	1024
1404	1495	1511	1519	1104	1043	1061	1053	1050	1048	1010	947	922	932	968	998	1014	1029	1029	1011	998	981	958	1000	1105	1077	1019	1027
1284	1584	1527	1431	1196	1049	1066	1055	1065	1063	1040	986	941	923	946	971	985	999	1001	996	985	968	945	943	1008	1095	1054	1060
1167	1593	1579	1384	1277	1082	1100	1098	1069	1106	1067	1018	981	942	932	944	959	971	975	977	970	954	934	924	941	985	1023	1058
1325	1425	1407	1166	1138	1120	1123	1123	1101	1150	1085	1026	1013	988	955	939	939	944	952	957	953	942	926	915	921	949	986	1032
1292	1429	1203	977	1043	1085	1076	1089	1115	1158	1073	1037	1035	1027	1006	975	951	937	931	935	934	926	919	914	924	939	971	1016
1557	1490	1305	1131	1146	1056	1052	1048	1057	1057	1048	1047	1044	1049	1043	1020	991	962	934	920	925	918	914	913	921	933	958	996
1690	1406	1417	1341	1287	1050	1055	1057	1059	1056	1054	1050	1061	1061	1066	1054	1033	1003	969	929	918	918	917	918	923	930	949	981
1328	1344	1371	1374	1303	1068	1050	1056	1058	1063	1065	1046	1063	1067	1073	1069	1060	1036	999	946	916	919	921	918	923	926	944	977
1137	1279	1339	1338	1281	1075	1035	1044	1050	1069	1070	1047	1048	1071	1071	1071	1071	1057	1021	962	925	917	916	918	922	928	944	976
1217	1089	1218	1152	1143	1052	1045	1054	1057	1075	1078	1062	1064	1073	1076	1076	1078	1068	1039	990	933	922	916	917	923	933	951	988
1456	1109	1101	1018	996	1038	1063	1072	1069	1070	1073	1071	1074	1077	1077	1074	1079	1077	1062	1027	951	921	925	922	931	942	970	1014
1555	1337	1200	1068	1037	1040	1066	1069	1069	1065	1064	1071	1075	1078	1074	1071	1078	1079	1076	1058	992	929	925	936	949	965	999	1034
1622	1476	1339	1287	1214	1044	1067	1072	1076	1062	1042	1055	1070	1075	1076	1078	1078	1078	1080	1075	1037	955	933	940	979	1002	1022	1033
1717	1519	1418	1461	1418	1065	1046	1071	1074	1069	1052	1053	1064	1071	1075	1080	1077	1078	1080	1073	1066	997	950	953	999	1024	1023	1007
1461	1332	1437	1428	1467	1119	991	1032	1051	1056	1056	1057	1061	1068	1074	1080	1078	1078	1078	1068	1060	1031	969	972	1003	1012	997	969
1558	1097	1280	1349	1434	1106	1023	1037	1048	1052	1023	1007	1020	1026	1024	1032	1043	1058	1051	1034	1017	993	966	962	977	969	954	943
1773	1496	1334	1259	1180	1121	1094	1090	1090	1107	1036	1029	1072	1151	1170	1195	1299	1292	1187	1088	996	963	959	964	965	960	955	954
681	634	543	457	438	458	397	389	393	387	367	415	484	562	586	621	612	531	461	430	370	336	337	344	343	342	343	343
0	0	0	0	0	0	0	0	0	0	0	0	0	0	0	0	0	0	0	0	0	0	0	0	0	0	0	0
0	0	0	0	0	0	0	0	0	0	0	0	0	0	0	0	0	0	0	0	0	0	0	0	0	0	0	0
1476	1448	1347	1059	994	1026	1059	1054	1036	1008	975	942	930	947	955	970	999	998	990	975	967	964	963	986	1008	1022	1024	1041
1509	1433	1424	1174	989	1020	1057	1057	1040	1032	994	957	933	940	949	950	990	1022	1035	1021	975	961	966	991	1003	1012	1028	1045
1287	1453	1379	1185	1051	1031	1052	1079	1074	1058	1025	971	949	946	942	941	952	997	1058	1085	1058	976	968	990	1003	1038	1053	1040
1033	1308	1312	1120	1062	1068	1083	1104	1159	1075	1050	1003	978	970	954	945	943	952	1005	1104	1132	1069	972	989	1027	1052	1053	1032
1037	1142	1081	1032	1039	1056	1087	1096	1139	1072	1058	1035	1005	994	971	958	952	949	958	1029	1138	1133	1036	988	1030	1054	1043	1022
1090	1080	1028	1049	1054	1039	1048	1062	1077	1067	1060	1044	1015	996	978	971	965	951	951	952	1037	1122	1104	1031	1027	1050	1033	1016
1251	1173	1109	1056	1063	1056	1055	1058	1069	1066	1056	1039	999	980	969	957	952	941	939	943	953	1029	1098	1102	1049	1040	1025	1009
1365	1233	1250	1155	1080	1054	1063	1065	1073	1065	1058	1041	993	969	959	950	944	933	928	932	934	955	1037	1108	1089	1026	1021	1000
1353	1281	1306	1324	1136	1059	1066	1065	1074	1071	1051	1056	1022	991	971	959	947	933	926	926	930	947	984	1055	1077	1034	1022	999
1150	1276	1289	1411	1140	1054	1066	1066	1067	1073	1051	1053	1055	1025	1000	980	958	936	925	921	926	941	983	1035	1067	1054	1038	1013
1035	1148	1222	1325	1095	1047	1053	1070	1068	1065	1053	1034	1064	1058	1034	1018	990	955	926	920	921	935	971	1015	1054	1058	1050	1027
1011	1041	1098	1095	1045	1063	1065	1068	1069	1063	1059	1027	1057	1078	1067	1056	1037	1005	952	918	926	941	963	994	1034	1058	1054	1029
1002	1035	1050	1054	1048	1072	1070	1071	1066	1058	1068	1050	1048	1077	1078	1074	1064	1050	995	934	935	947	964	992	1028	1050	1051	1025
1089	1041	1052	1068	1059	1073	1075	1074	1070	1064	1064	1071	1052	1065	1076	1070	1067	1064	1041	968	941	948	970	998	1023	1042	1045	1014
1273	1043	1082	1084	1086	1072	1072	1072	1070	1064	1062	1067	1062	1051	1066	1061	1057	1057	1063	1015	958	957	978	1002	1019	1036	1038	996
1155	1054	1075	1107	1112	1070	1073	1076	1077	1072	1069	1063	1069	1053	1057	1057	1045	1041	1052	1045	972	964	982	999	1014	1026	1023	987
1182	1057	1069	1097	1096	1067	1077	1078	1079	1075	1069	1064	1063	1057	1054	1049	1033	1025	1039	1046	989	967	981	998	1011	1015	1004	980
1307	1028	1069	1069	1082	1069	1076	1078	1076	1073	1072	1071	1063	1058	1058	1054	1029	1019	1031	1034	1013	986	988	1000	1013	1004	985	968
1364	989	1067	1065	1080	1065	1074	1077	1075	1075	1073	1075	1074	1069	1059	1045	1023	1017	1020	1016	1017	997	995	994	999	979	969	954
1506	998	1031	1078	1076	1070	1073	1075	1070	1072	1072	1075	1073	1073	1059	1035	1009	1010	997	995	997	989	985	972	965	965	955	936
1576	1139	983	1071	1069	1070	1073	1072	1065	1071	1074	1075	1071	1070	1064	1032	1004	996	977	973	968	968	963	948	950	952	938	923
1708	1288	1000	1080	1088	1062	1063	1072	1067	1069	1069	1072	1074	1065	1061	1021	1027	1007	975	963	952	948	938	934	939	937	928	922
1777	1372	1042	1109	1098	1062	1045	1063	1066	1068	1067	1065	1075	1062	1022	997	1020	994	968	952	940	931	931	931	926	925	924	930
1539	1198	1062	1082	1062	1055	1058	1061	1056	1064	1062	1050	1052	1053	972	965	976	965	953	947	929	922	923	922	918	919	919	927
1365	1087	1064	1079	1074	1091	1089	1104	1088	1086	1081	1089	1118	1149	1065	1009	975	964	975	985	964	961	956	954	951	950	949	951
499	409	371	387	402	410	388	398	397	388	394	445	499	501	436	383	353	348	349	346	345	346	345	343	344	344	345	344
0	0	0	0	0	0	0	0	0	0	0	0	0	0	0	0	0	0	0	0	0	0	0	0	0	0	0	0
0	0	0	0	0	0	0	0	0	0	0	0	0	0	0	0	0	0	0	0	0	0	0	0	0	0	0	0
1189	1114	1084	1042	1068	1064	1070	1074	1072	1069	1064	1043	979	977	1053	1171	1243	1214	1125	1002	1003	1023	1029	1015	1005	1011	994	857
1127	1134	1158	1066	1063	1071	1071	1074	1071	1068	1067	1056	997	977	996	1027	1149	1224	1181	1083	1010	1022	1020	1013	1004	1016	989	836
1046	1105	1141	1055	1063	1075	1074	1071	1072	1072	1062	1045	1035	1013	1009	1006	1020	1114	1128	1109	1063	1019	1004	1002	1006	1019	975	804
1040	1060	1069	1041	1063	1070	1072	1069	1064	1070	1063	1042	1033	1037	1027	1016	1011	1024	1032	1058	1059	1018	990	993	1011	1013	946	755
1033	1050	1060	1056	1067	1070	1075	1070	1061	1062	1066	1061	1046	1055	1036	1037	1033	1020	962	982	1003	988	981	993	1011	1000	906	684
1020	1060	1069	1069	1070	1072	1076	1073	1069	1062	1064	1063	1066	1071	1048	1036	1050	1027	948	936	961	967	979	997	1014	986	861	610
1017	1063	1065	1069	1069	1069	1071	1071	1073	1071	1064	1063	1069	1074	1067	1047	1050	1021	952	941	958	970	983	999	1017	978	824	557
1022	1058	1056	1057	1067	1072	1069	1073	1071	1069	1061	1065	1072	1072	1068	1059	1055	1025	941	942	962	985	984	990	1005	965	798	517
1047	1052	1070	1065	1065	1073	1071	1075	1075	1072	1060	1063	1074	1075	1069	1063	1058	1041	955	942	971	988	990	993	1000	968	811	536
1079	1051	1078	1069	1066	1074	1069	1073	1075	1072	1068	1059	1069	1077	1075	1067	1067	1048	965	948	971	994	1000	998	1000	986	870	617
1070	1056	1072	1056	1071	1077	1068	1071	1076	1071	1074	1063	1066	1073	1072	1068	1073	1053	969	952	971	996	1003	996	996	1000	925	725
1076	1047	1078	1069	1071	1076	1074	1073	1075	1073	1072	1074	1070	1071	1065	1063	1071	1045	994	971	981	993	997	992	994	996	962	828
1073	1065	1073	1074	1064	1073	1074	1076	1078	1072	1067	1074	1073	1068	1063	1056	1064	1023	1002	989	989	989	990	986	984	987	982	901
1053	1082	1066	1076	1064	1073	1070	1072	1078	1072	1067	1074	1073	1069	1060	1051	1057	1003	982	986	985	981	984	978	973	974	981	948
1127	1077	1069	1077	1070	1073	1070	1072	1077	1076	1071	1067	1072	1070	1061	1051	1048	985	961	971	975	974	974	968	960	957	968	969
1271	1066	1080	1076	1072	1070	1069	1072	1074	1077	1077	1067	1067	1073	1062	1052	1034	968	944	955	961	962	963	959	950	942	951	969
1177	1071	1081	1077	1079	1073	1074	1072	1072	1076	1078	1070	1065	1068	1064	1052	1023	954	934	937	947	951	952	950	942	928	935	962
1240	1045	1077	1081	1080	1075	1075	1072	1071	1078	1078	1071	1067	1063	1064	1057	994	947	935	924	937	942	943	938	932	923	928	951
1262	1031	1076	1083	1081	1075	1071	1073	1075	1076	1076	1074	1072	1066	1067	1052	964	935	926	921	928	933	934	931	923	920	928	941
1282	1005	1068	1081	1079	1077	1073	1072	1071	1075	1077	1075	1072	1068	1064	1036	949	933	925	924	924	925	926	925	923	922	925	934
1341	1025	1058	1081	1081	1079	1067	1072	1063	1071	1077	1075	1073	1075	1059	1007	953	965	936	926	921	921	922	922	922	926	924	938
1450	1179	1058	1081	1084	1082	1068	1072	1062	1066	1076	1075	1076	1074	1044	969	955	951	920	917	916	920	919	919	923	926	928	935
1362	1213	1049	1066	1078	1080	1065	1067	1066	1062	1067	1067	1068	1050	995	940	931	920	920	924	935	928	928	929	929	927	929	936
1310	1100	1056	1060	1080	1084	1068	1071	1072	1063	1065	1053	1047	1008	950	931	924	921	920	931	937	925	922	922	922	924	926	932
1168	1066	1067	1101	1122	1117	1101	1104	1110	1089	1085	1082	1056	997	969	964	959	961	961	963	969	964	958	954	955	956	953	956
414	377	369	396	406	403	400	401	401	390	387	398	389	354	345	348	349	349	348	348	349	346	346	345	345	346	346	346
0	0	0	0	0	0	0	0	0	0	0	0	0	0	0	0	0	0	0	0	0	0	0	0	0	0	0	0
0	0	0	0	0	0	0	0	0	0	0	0	0	0	0	0	0	0	0	0	0	0	0	0	0	0	0	0
1136	1072	1058	1069	1073	1072	1073	1071	1074	1076	1074	1073	1055	1054	1070	1075	1078	1079	1059	1007	983	988	986	983	901	677	366	112
1078	1073	1062	1068	1070	1071	1072	1072	1075	1075	1076	1072	1060	1060	1075	1074	1070	1067	1031	987	987	985	986	983	871	619	316	83
1072	1075	1070	1074	1073	1072	1073	1072	1074	1078	1077	1073	1064	1068	1078	1075	1076	1059	995	969	980	980	988	975	831	561	271	66
1068	1079	1071	1072	1070	1069	1073	1076	1077	1077	1075	1072	1054	1066	1072	1073	1077	1054	992	976	976	979	995	953	773	493	216	43
1071	1081	1076	1071	1069	1071	1072	1076	1078	1075	1075	1071	1058	1066	1068	1072	1071	1041	985	972	972	973	989	927	702	410	159	19
1072	1083	1077	1070	1073	1073	1076	1076	1074	1074	1072	1071	1063	1069	1070	1074	1068	1029	967	964	973	974	990	905	640	329	103	5
1069	1086	1076	1071	1071	1074	1077	1077	1073	1070	1072	1072	1069	1071	1069	1074	1070	1034	974	973	969	981	989	880	601	277	69	0
1100	1075	1075	1067	1069	1073	1077	1075	1069	1071	1071	1071	1069	1070	1067	1071	1069	1034	967	973	970	981	984	867	581	253	58	0
1150	1070	1075	1073	1072	1074	1076	1074	1071	1075	1072	1069	1071	1072	1072	1072	1061	1022	974	962	961	974	980	869	600	277	65	0
1113	1073	1068	1070	1071	1076	1078	1072	1070	1075	1071	1068	1067	1070	1075	1068	1056	1009	963	952	959	972	979	892	662	345	103	0
1075	1079	1071	1063	1071	1074	1080	1075	1063	1071	1074	1068	1064	1070	1070	1061	1042	988	947	950	954	967	977	917	741	450	178	25
1079	1081	1082	1067	1074	1074	1078	1078	1061	1071	1075	1071	1066	1067	1065	1059	1032	962	941	948	951	965	977	948	811	559	281	79
1085	1085	1088	1070	1068	1076	1080	1079	1063	1066	1072	1072	1069	1066	1064	1061	1023	949	936	938	946	960	975	966	872	668	397	157
1078	1091	1088	1078	1068	1075	1079	1077	1064	1067	1074	1072	1073	1071	1062	1053	995	934	927	930	938	952	971	974	925	774	534	266
1078	1091	1092	1090	1073	1075	1077	1075	1063	1068	1078	1074	1073	1070	1063	1034	975	929	923	924	935	948	963	974	957	864	671	401
1095	1087	1096	1094	1083	1073	1077	1076	1061	1061	1078	1074	1075	1068	1062	1020	965	929	924	927	932	941	956	972	967	921	780	533
1077	1091	1098	1093	1086	1075	1077	1077	1060	1054	1073	1072	1073	1062	1046	1011	960	929	927	934	932	940	949	965	979	958	868	670
1057	1079	1089	1089	1084	1078	1076	1076	1063	1053	1070	1071	1071	1050	1030	992	948	936	936	937	940	944	955	967	975	973	922	775
1067	1084	1087	1089	1085	1081	1073	1073	1065	1053	1068	1074	1063	1037	1006	965	934	924	940	943	936	935	943	957	971	976	950	836
1092	1077	1083	1084	1084	1081	1077	1073	1066	1052	1062	1068	1055	1026	984	949	926	936	955	934	929	933	937	949	961	975	967	885
1097	1076	1082	1081	1085	1083	1079	1076	1067	1047	1058	1061	1046	1008	960	935	923	936	936	930	922	926	932	938	952	974	979	918
1097	1080	1092	1086	1088	1085	1084	1077	1060	1040	1049	1050	1027	984	943	926	922	922	922	922	924	921	926	927	939	959	982	957
1066	1062	1088	1085	1085	1083	1084	1074	1052	1033	1035	1030	998	951	931	924	922	922	922	924	934	927	927	929	936	951	971	979
1058	1032	1073	1084	1084	1087	1089	1077	1056	1031	1020	1002	966	935	930	925	922	920	921	921	923	926	924	919	922	933	952	979
1101	1077	1102	1120	1129	1126	1126	1115	1090	1061	1039	1006	975	963	961	961	959	955	957	953	956	963	963	963	956	955	969	996
396	390	399	406	409	409	409	404	393	382	374	363	351	351	350	349	349	347	348	347	347	347	346	350	349	346	349	358
0	0	0	0	0	0	0	0	0	0	0	0	0	0	0	0	0	0	0	0	0	0	0	0	0	0	0	0
0	0	0	0	0	0	0	0	0	0	0	0	0	0	0	0	0	0	0	0	0	0	0	0	0	0	0	0
1069	1038	1058	1067	1072	1079	1079	1077	1077	1076	1078	1075	1069	1068	1067	1063	1055	1038	1019	1007	983	905	723	449	181	36	7	22
1049	1050	1061	1069	1072	1079	1078	1079	1075	1075	1076	1073	1067	1067	1063	1054	1044	1026	1009	1001	976	890	680	372	113	1	0	24
1050	1061	1064	1069	1071	1078	1078	1070	1071	1074	1078	1070	1069	1068	1061	1047	1030	1007	996	993	972	861	619	304	72	0	5	26
1048	1064	1066	1071	1069	1074	1076	1075	1073	1070	1075	1070	1069	1067	1056	1041	1014	989	988	991	956	823	550	234	40	0	9	28
1033	1064	1073	1073	1069	1073	1072	1073	1068	1069	1073	1066	1066	1061	1050	1034	1001	983	989	992	937	777	487	180	19	0	13	31
1005	1058	1078	1077	1076	1074	1065	1068	1071	1069	1071	1069	1067	1052	1045	1026	996	979	995	983	918	738	431	140	7	0	17	30
975	1046	1079	1084	1081	1078	1064	1061	1067	1066	1068	1067	1064	1048	1043	1030	1005	987	997	975	902	712	396	113	0	3	23	33
944	1026	1069	1080	1083	1073	1063	1059	1058	1063	1064	1065	1056	1045	1050	1046	1020	1007	1001	969	885	688	377	105	0	3	24	33
910	1002	1057	1076	1083	1074	1065	1058	1058	1061	1064	1067	1054	1050	1057	1041	1014	999	996	958	862	665	370	109	0	3	22	32
887	973	1037	1072	1082	1074	1066	1058	1049	1055	1067	1063	1053	1054	1055	1028	1001	989	985	946	850	657	383	129	7	0	18	30
853	938	1005	1058	1079	1077	1070	1048	1040	1052	1064	1059	1051	1052	1045	1013	984	984	976	934	841	660	411	169	26	0	9	26
793	892	974	1041	1081	1083	1075	1040	1037	1055	1064	1059	1053	1052	1038	1014	987	982	963	918	826	671	448	221	56	0	0	21
733	838	932	1021	1076	1085	1076	1038	1031	1056	1063	1059	1054	1053	1037	1012	985	975	956	911	834	699	502	289	103	8	0	12
692	794	897	988	1056	1083	1078	1031	1019	1055	1058	1056	1055	1051	1029	997	977	966	953	912	841	729	566	368	171	39	0	2
681	776	881	982	1048	1081	1077	1029	998	1047	1059	1054	1054	1040	1011	977	963	963	947	913	855	761	629	451	259	97	9	0
697	790	897	998	1059	1083	1072	1026	991	1021	1052	1054	1055	1032	994	962	960	960	949	918	865	789	681	525	348	172	40	0
727	815	929	1027	1070	1081	1070	1024	986	990	1018	1043	1046	1022	979	954	949	954	959	932	887	827	734	602	440	259	99	10
743	839	957	1048	1080	1080	1067	1029	989	980	1000	1022	1023	998	979	966	962	959	963	951	925	876	794	681	532	354	172	42
757	867	986	1066	1093	1085	1063	1032	999	979	1003	1011	1004	987	981	977	976	976	974	970	948	907	843	747	612	439	242	82
792	900	1016	1078	1097	1090	1057	1031	1006	984	1001	1009	1003	986	974	969	972	976	978	977	962	941	898	820	695	535	328	135
844	950	1052	1093	1100	1095	1067	1038	1008	985	996	1001	985	966	964	966	964	965	968	974	974	975	952	895	790	625	408	188
904	1003	1077	1102	1104	1097	1077	1043	1010	991	996	995	978	966	962	960	954	955	955	960	971	975	976	950	881	740	524	276
946	1031	1091	1101	1101	1098	1081	1043	1008	990	990	987	973	968	957	948	946	943	946	949	957	963	973	980	957	876	686	405
979	1049	1099	1105	1104	1103	1089	1048	1007	989	992	980	959	952	941	929	930	927	930	932	936	945	962	971	974	947	829	579
1023	1095	1135	1147	1151	1151	1134	1097	1052	1032	1021	1001	983	969	964	960	962	958	960	959	962	969	982	999	1014	1004	945	765
374	402	411	415	417	416	411	399	386	376	368	358	356	351	352	350	351	348	348	348	350	351	354	361	369	366	350	297
0	0	0	0	0	0	0	0	0	0	0	0	0	0	0	0	0	0	0	0	0	0	0	0	0	0	0	0
0	0	0	0	0	0	0	0	0	0	0	0	0	0	0	0	0	0	0	0	0	0	0	0	0	0	0	0
795	925	994	1020	1033	1043	1052	1046	1045	1065	1064	1061	1052	1042	1021	985	922	837	720	553	357	180	61	26	29	36	44	56
697	855	952	1004	1026	1039	1043	1042	1040	1058	1065	1062	1053	1044	1019	977	916	835	709	529	322	134	25	10	28	37	43	57
601	779	905	982	1022	1038	1033	1022	1041	1059	1061	1056	1055	1038	1010	968	909	822	688	500	280	97	9	13	30	35	41	57
477	674	834	937	998	1027	1029	1019	1039	1052	1055	1055	1046	1029	999	951	884	790	649	454	240	71	7	18	35	34	42	57
354	553	743	874	960	1012	1027	1019	1030	1045	1049	1048	1037	1016	983	931	858	752	601	406	203	49	4	24	37	34	42	57
263	444	644	806	918	982	1004	1012	1029	1038	1041	1035	1022	996	963	912	833	713	551	359	166	34	5	27	36	34	41	57
197	359	546	728	867	950	985	995	1019	1026	1026	1018	1003	984	948	889	805	679	505	319	143	26	5	30	38	35	43	58
153	293	461	645	808	904	951	976	998	1008	1007	1002	1000	982	946	878	781	648	468	283	121	21	7	30	39	36	42	59
121	241	385	556	730	845	910	946	972	990	996	994	986	971	934	862	758	608	432	251	100	15	7	29	37	36	43	56
100	190	304	455	626	765	855	906	948	974	983	984	971	952	907	826	715	560	389	220	86	11	5	26	38	36	41	58
76	140	231	363	527	688	799	865	918	950	960	956	940	905	845	762	644	494	340	192	78	12	1	22	35	37	44	60
46	98	179	294	453	620	747	826	876	907	910	893	865	813	740	653	544	421	289	169	68	13	1	17	32	34	43	59
23	63	131	238	393	552	680	761	813	839	835	811	764	697	615	529	451	365	260	159	73	17	3	11	26	33	43	59
17	43	95	185	320	474	606	688	738	766	752	711	643	563	479	419	379	319	245	158	79	26	3	6	19	30	46	58
18	38	81	164	287	431	553	636	682	700	686	639	554	454	369	327	314	288	232	162	92	38	7	1	10	25	42	59
21	43	90	177	305	441	548	621	665	676	661	604	499	389	305	275	274	266	232	174	106	52	16	3	4	16	37	59
27	54	114	214	345	465	568	637	676	682	661	596	491	384	292	250	244	252	238	191	129	72	32	8	2	8	32	58
32	67	143	255	380	494	588	646	679	684	653	597	511	423	345	298	283	275	258	224	170	105	54	19	1	2	24	53
38	82	178	306	426	522	593	633	659	660	635	590	536	480	439	408	385	359	321	278	218	151	87	39	6	0	15	47
49	105	216	351	460	541	593	621	636	631	602	567	541	524	519	514	508	493	445	382	311	228	144	72	19	0	11	44
78	149	273	399	491	557	591	600	592	574	548	529	537	563	590	617	634	629	600	544	462	357	241	135	51	5	8	39
121	213	339	456	533	575	580	566	531	504	498	511	557	613	665	712	740	749	737	696	622	518	391	246	119	30	4	29
183	287	416	520	574	587	563	526	483	455	460	506	590	686	757	809	838	854	857	830	775	696	581	423	251	107	26	27
244	360	490	585	616	602	558	495	449	427	460	556	680	793	858	894	913	919	925	906	872	814	720	574	397	221	89	33
289	425	550	634	659	633	563	493	443	453	557	717	841	912	944	962	974	976	977	968	942	901	825	700	528	339	173	67
111	162	200	222	230	225	203	175	159	174	231	290	321	334	342	349	354	354	354	351	343	329	305	264	205	137	74	32
0	0	0	0	0	0	0	0	0	0	0	0	0	0	0	0	0	0	0	0	0	0	0	0	0	0	0	0
0	0	0	0	0	0	0	0	0	0	0	0	0	0	0	0	0	0	0	0	0	0	0	0	0	0	0	0
75	171	298	426	513	585	636	658	661	647	620	572	520	450	365	275	189	118	67	42	42	55	62	83	144	233	274	280
88	141	235	351	450	536	606	641	653	646	623	577	511	429	349	256	174	101	51	30	37	54	65	82	145	234	272	281
6	40	118	223	335	436	523	581	609	614	595	555	483	403	317	227	147	80	37	24	36	56	65	82	146	236	271	280
0	14	63	148	258	368	460	521	557	575	569	533	465	389	299	205	125	64	31	26	38	59	69	82	147	238	272	280
4	7	30	91	192	302	393	455	496	518	514	491	433	355	265	174	102	50	26	26	44	60	69	82	146	235	271	280
10	4	14	51	127	222	318	389	431	455	453	432	391	324	239	153	82	38	21	26	45	61	70	85	147	236	273	279
15	5	4	26	80	162	248	319	367	393	395	378	344	286	214	132	64	29	19	28	47	62	67	85	148	238	273	280
20	10	3	11	53	119	191	250	298	328	339	330	307	259	193	115	56	23	17	31	49	64	67	83	146	238	273	282
25	12	5	3	26	75	132	193	236	269	290	288	267	230	170	100	47	20	20	32	52	66	69	82	146	237	273	282
28	17	9	2	9	37	86	141	188	223	242	246	229	193	139	78	34	15	21	36	52	66	68	82	148	238	272	281
31	23	14	6	3	16	54	100	147	176	186	186	169	134	87	46	21	13	23	38	54	66	70	85	147	237	269	282
32	24	19	9	1	6	30	70	101	124	124	112	90	64	38	20	12	16	28	42	55	66	72	85	150	236	271	281
29	27	21	10	1	0	14	36	58	71	69	56	38	18	11	9	12	20	27	44	55	65	74	85	152	240	273	282
30	28	23	16	6	0	3	15	29	33	30	19	8	2	5	8	14	19	31	42	56	66	71	89	152	239	272	281
31	28	23	16	8	0	0	6	15	17	11	4	0	0	8	11	17	23	32	43	53	63	71	87	151	239	272	281
29	26	23	14	4	0	0	6	9	13	9	2	0	2	11	17	19	27	32	41	53	63	71	88	154	244	275	286
26	25	19	11	2	0	0	7	12	13	7	0	0	1	11	19	22	26	31	39	50	61	70	87	156	246	275	286
24	25	15	6	0	0	0	6	11	12	5	0	0	1	6	13	18	25	29	36	47	57	67	87	156	244	273	283
28	24	14	1	0	0	0	6	6	8	3	0	0	2	4	9	12	17	25	33	42	51	65	86	157	244	274	285
25	21	12	0	0	0	0	2	6	5	1	0	0	2	5	7	13	17	19	27	35	46	60	84	159	243	273	283
25	17	7	0	0	0	1	1	1	1	0	0	3	6	11	17	24	27	28	27	28	38	49	77	156	244	271	282
21	15	6	0	0	1	1	1	1	0	1	1	3	11	22	38	51	60	59	51	40	35	39	65	149	240	271	282
17	7	1	0	0	2	0	0	1	0	3	2	7	25	53	84	108	124	124	107	78	53	40	55	137	233	269	281
11	7	0	1	3	0	0	0	0	3	6	9	26	69	121	170	203	219	214	188	144	98	62	58	135	227	264	279
10	4	0	4	7	3	0	0	1	4	6	31	81	142	195	237	270	284	279	248	197	144	91	72	138	227	267	291
4	0	0	2	1	1	0	0	0	1	4	19	37	54	68	81	91	98	98	89	72	53	36	28	51	82	97	105
0	0	0	0	0	0	0	0	0	0	0	0	0	0	0	0	0	0	0	0	0	0	0	0	0	0	0	0
0	0	0	0	0	0	0	0	0	0	0	0	0	0	0	0	0	0	0	0	0	0	0	0	0	0	0	0
