958	962	1054	1053	1045	1057	1069	1071	1078	1096	1111	1114	1101	1086	1076	1065	1049	990	793	479	184	38	37	43	43	41	20	17
1075	1169	1380	1254	1120	1090	1061	1070	1093	1114	1128	1128	1103	1091	1114	1114	1092	1071	1077	1055	914	581	163	15	20	43	35	19
1123	1192	1303	1274	1214	1107	1005	1024	1049	1094	1122	1106	1079	1079	1101	1121	1123	1122	1109	1092	1091	1081	896	365	23	17	51	26
1008	1008	1031	1062	1072	1001	993	993	992	1003	1034	1046	1037	1026	1026	1053	1074	1097	1110	1117	1141	1140	1140	1023	547	53	40	47
1051	1043	1032	1018	1009	992	963	965	992	994	1003	1016	1016	1016	986	973	982	1014	1050	1076	1117	1136	1158	1129	1072	709	113	49
1104	1111	1119	1129	1120	1102	1077	1049	1067	1087	1097	1098	1096	1090	1081	1037	956	923	943	971	931	888	958	1058	1107	1109	779	125
1133	1131	1130	1139	1141	1140	1138	1123	1115	1119	1121	1123	1122	1116	1108	1102	1071	969	914	864	562	473	653	781	972	1127	1117	715
1145	1137	1135	1138	1137	1134	1131	1124	1117	1121	1127	1131	1134	1134	1132	1121	1107	1054	978	871	386	152	274	486	673	953	1121	1064
1147	1138	1139	1143	1134	1125	1119	1120	1122	1128	1132	1134	1136	1139	1139	1138	1115	1102	1025	923	451	149	124	194	379	578	847	1063
1148	1146	1143	1141	1129	1123	1119	1123	1128	1129	1133	1136	1136	1135	1140	1137	1124	1107	1047	968	535	133	124	135	162	229	426	792
1147	1145	1142	1141	1125	1116	1117	1126	1131	1131	1134	1135	1135	1136	1137	1135	1124	1109	1070	957	400	99	111	119	158	127	157	351
1145	1144	1142	1133	1122	1112	1116	1127	1131	1133	1133	1134	1134	1138	1137	1135	1125	1113	1084	768	182	100	109	106	160	147	127	152
1144	1145	1139	1125	1115	1109	1121	1126	1128	1132	1133	1133	1135	1134	1133	1131	1129	1124	1059	553	109	108	117	114	133	166	150	129
1144	1143	1132	1118	1109	1114	1118	1123	1124	1130	1131	1132	1131	1131	1130	1129	1133	1108	955	357	105	126	137	123	125	191	154	123
1144	1137	1125	1110	1111	1118	1122	1124	1127	1130	1130	1134	1133	1132	1133	1134	1123	1067	809	199	112	154	198	144	119	208	182	140
1142	1123	1112	1112	1113	1121	1124	1126	1132	1134	1144	1148	1147	1155	1154	1149	1117	1023	586	117	144	168	275	134	166	249	189	138
1120	1101	1110	1115	1117	1122	1131	1139	1147	1154	1159	1160	1163	1163	1156	1140	1113	957	358	117	136	154	269	137	210	155	120	133
1091	1103	1116	1116	1125	1140	1148	1152	1158	1159	1159	1165	1167	1151	1126	1088	1059	778	197	142	138	247	203	155	151	129	125	159
1076	1121	1116	1120	1142	1153	1158	1156	1155	1157	1160	1160	1145	1119	1083	1016	924	458	154	165	221	236	128	135	144	145	137	134
1114	1127	1114	1128	1139	1143	1152	1152	1151	1148	1145	1135	1117	1078	1014	891	597	233	168	172	227	181	173	147	152	133	146	130
1121	1104	1113	1116	1121	1130	1139	1149	1141	1131	1120	1107	1073	1007	911	616	275	216	172	160	170	159	146	139	138	130	129	135
1063	1065	1100	1091	1104	1120	1118	1135	1127	1111	1092	1059	1001	897	693	384	244	270	176	155	149	131	144	134	135	129	124	124
1023	1052	1069	1062	1083	1097	1101	1102	1095	1080	1053	992	882	697	369	237	248	199	168	146	137	126	122	120	125	119	110	119
1050	1045	1049	1023	1041	1067	1071	1062	1055	1043	1006	844	629	391	224	183	186	160	145	130	134	131	121	118	114	116	126	122
1050	1049	1030	953	906	960	964	964	959	948	804	549	304	209	216	199	165	154	142	130	140	129	124	110	122	133	144	144
1037	1033	1027	894	730	722	734	753	698	672	443	266	208	207	237	213	159	160	143	154	146	134	147	117	142	129	112	129
1035	1025	1025	706	440	467	410	395	338	357	231	187	232	222	224	189	161	166	137	171	178	174	165	122	156	135	160	164
1025	1023	982	423	153	209	285	212	190	195	221	203	195	184	190	206	195	168	139	143	215	381	246	183	254	215	176	160
1031	1109	1300	1281	1158	1080	1050	1071	1069	1067	1068	1072	1078	1080	1092	1086	1066	1065	1062	1004	781	426	140	41	40	35	18	18
1022	1055	1215	1246	1124	1037	1000	1026	1050	1057	1064	1078	1091	1112	1142	1141	1120	1110	1097	1095	1104	1043	766	331	80	45	35	23
1028	1027	1043	1055	1043	1025	1008	1021	1034	1052	1067	1081	1096	1108	1112	1120	1125	1129	1128	1118	1115	1125	1103	920	473	141	50	31
1051	1042	1029	1024	1020	1016	1016	1027	1042	1044	1054	1064	1071	1074	1076	1077	1077	1090	1106	1132	1155	1174	1166	1087	972	545	162	44
1042	1029	1017	1005	997	989	983	978	983	991	1015	1035	1040	1045	1044	1040	1026	1019	1019	1040	1088	1116	1126	1059	1063	1010	599	167
1058	1062	1046	1042	1035	1011	995	983	973	972	981	1001	1020	1023	1016	1002	978	964	967	912	733	602	676	842	1015	1069	1029	635
1081	1088	1088	1087	1087	1076	1066	1057	1043	1038	1037	1037	1033	1022	1015	991	973	936	751	474	309	195	171	215	493	901	1078	1030
1104	1101	1102	1102	1104	1101	1095	1089	1079	1073	1066	1059	1041	1025	1032	1009	997	735	382	324	296	146	124	92	61	250	751	1063
1110	1106	1103	1106	1109	1104	1101	1101	1095	1083	1072	1062	1051	1039	1040	1027	1011	691	384	376	387	205	143	149	111	73	156	677
1115	1112	1108	1110	1112	1108	1107	1105	1097	1087	1074	1066	1061	1059	1059	1038	1021	932	668	508	385	175	141	159	142	107	92	172
1118	1115	1110	1114	1112	1109	1107	1098	1090	1080	1072	1072	1074	1078	1068	1041	1032	991	896	525	157	114	137	153	144	113	142	132
1116	1115	1113	1115	1111	1105	1096	1085	1079	1066	1075	1081	1081	1081	1066	1033	1006	973	685	232	98	117	162	128	129	130	180	166
1113	1111	1110	1109	1103	1091	1079	1071	1073	1079	1085	1083	1081	1079	1079	1061	1000	756	330	107	95	116	166	130	135	168	165	132
1104	1108	1104	1098	1083	1070	1062	1079	1089	1073	1056	1073	1078	1083	1087	1112	930	424	169	103	105	145	181	176	144	149	129	128
1077	1088	1093	1077	1061	1055	1076	1083	1053	1029	1017	1026	1032	1028	1034	1046	787	303	131	116	126	131	177	157	124	146	135	136
1032	1042	1074	1059	1064	1089	1088	1030	957	905	853	872	882	780	761	721	648	364	119	98	139	102	141	168	145	147	165	197
999	999	1048	1069	1091	1081	1025	851	731	712	707	731	699	537	477	443	464	281	115	94	99	108	141	125	110	119	124	141
996	1025	1071	1077	993	851	808	657	591	574	584	576	494	374	307	289	271	184	128	111	88	122	112	111	114	125	117	113
1048	1082	1058	900	673	584	614	545	520	493	457	426	363	285	233	189	186	154	127	105	76	81	93	98	112	124	120	119
1077	1094	930	583	468	437	485	467	458	426	370	323	271	244	162	108	114	155	112	90	78	75	87	92	108	112	107	120
1034	1082	809	419	376	370	399	408	394	364	314	271	229	174	112	77	100	129	98	80	80	90	77	84	104	96	100	138
1005	1073	842	355	320	316	335	370	347	295	268	212	162	107	101	106	116	118	101	84	74	96	84	87	106	114	127	155
1037	1070	938	361	257	287	297	275	270	251	209	157	116	73	92	107	92	89	87	90	80	100	87	106	96	157	180	115
1032	1055	1029	433	175	212	238	204	223	202	195	150	115	104	130	113	102	90	95	107	102	110	94	114	140	194	153	109
993	1036	1032	586	148	131	145	130	127	131	124	111	119	123	123	120	111	92	115	132	115	140	95	172	205	230	159	124
954	1034	934	464	126	115	101	105	75	87	91	92	111	147	123	136	111	98	101	158	119	154	155	242	207	184	123	157
973	1030	942	349	104	109	128	115	124	127	152	112	128	169	164	137	100	103	97	152	166	201	300	213	280	219	248	231
1046	1062	1019	467	151	152	146	149	150	166	193	129	135	230	149	113	116	137	135	143	185	247	378	360	254	168	162	149
980	969	1020	1118	1096	1015	1006	1033	1048	1059	1059	1061	1060	1061	1079	1080	1069	1080	1072	1067	1031	836	482	147	14	11	12	13
1039	1042	1033	1035	1035	1012	1000	1011	1028	1040	1046	1053	1059	1055	1086	1094	1080	1136	1146	1116	1118	1110	1095	913	500	136	14	16
1122	1119	1116	1111	1108	1107	1106	1099	1093	1086	1078	1073	1071	1076	1079	1082	1079	1087	1103	1117	1128	1124	1114	1119	1088	822	338	45
1125	1124	1122	1121	1124	1123	1122	1120	1119	1115	1112	1113	1109	1107	1108	1107	1102	1093	1083	1089	1102	1114	1123	1132	1126	1110	936	507
1128	1127	1125	1124	1126	1124	1124	1119	1113	1110	1110	1109	1107	1105	1103	1101	1106	1115	1115	1100	1083	1088	1109	1125	1114	1109	1103	960
1126	1125	1122	1121	1119	1118	1118	1113	1109	1101	1094	1097	1099	1098	1099	1109	1124	1124	1113	1099	1098	1101	1083	1077	1092	1078	1091	1103
1125	1121	1118	1116	1116	1113	1113	1106	1100	1094	1086	1083	1088	1099	1115	1123	1122	1116	1084	1025	960	912	886	879	919	974	1043	1089
1121	1120	1116	1117	1117	1116	1113	1105	1096	1091	1083	1080	1089	1100	1115	1115	1116	1063	922	797	667	565	499	471	459	547	831	1047
1118	1118	1119	1118	1120	1118	1115	1111	1100	1093	1083	1076	1077	1082	1093	1098	1099	1001	802	673	568	504	417	355	219	163	381	812
1119	1117	1117	1119	1117	1116	1115	1113	1100	1094	1082	1074	1073	1080	1088	1100	1092	1053	935	645	547	468	367	305	179	151	156	365
1117	1118	1118	1117	1115	1113	1113	1107	1095	1086	1080	1076	1085	1090	1087	1084	1095	1073	897	529	450	378	334	265	180	163	144	170
1125	1122	1115	1114	1114	1113	1112	1103	1092	1078	1086	1093	1087	1082	1075	1061	1071	1000	659	498	451	362	338	261	222	146	110	140
1127	1123	1117	1116	1113	1109	1100	1092	1095	1098	1107	1100	1093	1088	1077	1069	1054	834	590	532	471	389	327	235	177	106	105	133
1120	1115	1112	1111	1108	1102	1097	1106	1111	1100	1089	1093	1091	1091	1085	1091	1018	745	661	619	541	414	268	164	113	88	119	122
1110	1108	1106	1101	1098	1095	1105	1107	1092	1082	1061	1031	1028	1020	996	961	973	842	760	650	501	339	213	139	97	94	101	121
1103	1102	1099	1094	1092	1096	1103	1087	1034	960	877	819	810	724	721	685	731	802	685	507	423	332	229	142	91	85	91	106
1092	1089	1087	1086	1096	1093	1073	976	858	786	733	688	667	576	565	521	474	472	470	419	380	328	248	159	90	62	83	94
1057	1049	1055	1067	1047	955	905	832	751	672	634	606	585	508	410	403	396	387	392	376	344	317	260	184	109	74	72	91
1004	996	1019	982	864	786	752	703	661	596	541	522	478	397	333	341	341	338	353	354	324	314	268	204	131	107	77	98
1001	1031	1025	904	792	713	654	588	542	508	492	448	376	341	311	322	327	322	326	348	335	325	280	221	150	109	79	124
1031	1066	1024	873	760	665	581	498	441	421	429	394	342	322	315	323	314	320	332	359	364	354	294	235	191	119	101	131
1011	1070	1039	874	717	604	516	426	364	348	374	398	349	340	323	325	335	340	352	382	389	373	309	237	206	152	180	178
843	1067	1044	877	649	515	432	364	326	318	358	414	355	343	338	344	356	361	356	393	395	391	324	259	181	188	152	88
709	1052	1061	913	601	432	368	334	313	314	343	383	357	361	360	366	385	372	362	384	382	355	306	243	199	162	91	92
755	1043	968	731	613	500	389	359	351	321	333	356	370	377	381	389	404	384	371	371	353	317	249	246	210	132	107	105
834	1042	740	310	323	405	446	432	384	347	343	349	368	394	395	412	391	377	351	341	289	227	170	181	146	111	116	148
1011	1074	964	484	224	240	305	375	430	395	371	358	375	392	414	420	356	319	298	268	238	159	120	131	121	99	134	169
1102	1111	1136	933	292	177	217	275	341	369	390	392	410	438	436	340	300	266	247	202	153	147	136	102	115	107	115	120
1036	1012	991	986	1015	1037	1040	1030	1018	1015	1013	1003	988	967	924	881	839	803	773	724	629	472	266	78	2	9	18	15
1029	1028	1024	1018	1035	1053	1060	1060	1054	1036	1041	1052	1059	1062	1062	1064	1068	1076	1088	1092	1087	1053	989	806	450	108	0	9
1118	1119	1120	1118	1113	1115	1112	1108	1109	1101	1100	1092	1089	1085	1083	1082	1072	1068	1071	1088	1113	1114	1104	1114	1092	882	405	46
1130	1129	1127	1126	1123	1123	1124	1125	1128	1129	1128	1128	1126	1122	1119	1119	1120	1118	1093	1072	1078	1091	1096	1093	1130	1144	1077	711
1127	1123	1126	1123	1123	1124	1124	1123	1123	1125	1125	1123	1122	1121	1122	1125	1086	876	665	740	938	1051	1083	1093	1101	1142	1112	1108
1121	1121	1123	1124	1124	1122	1124	1126	1123	1125	1120	1123	1119	1120	1100	962	720	492	351	302	363	566	869	1067	1083	1119	1139	1118
1122	1125	1124	1122	1125	1123	1122	1123	1126	1123	1117	1122	1114	1067	902	683	582	516	424	371	377	431	614	960	1091	1087	1126	1140
1118	1117	1120	1119	1121	1118	1124	1125	1123	1114	1109	1084	1033	925	786	708	677	566	485	478	499	631	802	978	1070	1069	1083	1131
1117	1119	1119	1119	1122	1128	1137	1133	1122	1113	1079	1051	1022	926	819	751	702	614	558	576	592	744	902	1032	976	935	999	1101
1119	1118	1120	1124	1131	1134	1133	1135	1136	1136	1099	1066	1018	946	859	772	717	681	589	653	685	802	931	1008	898	851	890	1035
1115	1122	1128	1126	1128	1130	1124	1123	1130	1141	1116	1095	1056	988	900	834	779	742	671	716	722	851	986	1006	921	868	841	793
1118	1121	1124	1121	1123	1121	1119	1118	1118	1123	1112	1100	1085	1030	977	960	906	808	761	759	787	962	1017	1001	979	861	644	420
1128	1128	1124	1125	1125	1123	1122	1121	1120	1113	1114	1115	1107	1077	1088	1114	1043	899	808	804	940	1043	1059	998	878	682	449	268
1129	1128	1127	1129	1132	1134	1130	1121	1116	1115	1122	1145	1152	1155	1146	1128	1112	1007	839	843	962	1065	1048	927	782	601	387	231
1124	1125	1124	1125	1121	1125	1122	1125	1122	1118	1113	1121	1130	1133	1124	1113	1105	1034	873	900	1012	1073	1017	923	784	583	375	230
1122	1122	1127	1128	1123	1117	1113	1113	1113	1126	1127	1122	1117	1136	1137	1133	1126	1061	972	1005	1070	1082	1022	940	803	595	395	241
1120	1121	1122	1115	1110	1108	1103	1117	1129	1134	1134	1137	1130	1129	1137	1137	1115	1104	1084	1072	1092	1085	1052	970	835	642	443	263
1106	1097	1063	1055	1067	1086	1094	1117	1130	1132	1138	1148	1127	1113	1111	1110	1105	1085	1091	1083	1091	1084	1057	993	871	706	497	307
1112	1085	1019	1032	1067	1085	1086	1102	1108	1118	1124	1121	1126	1116	1102	1093	1075	1032	1067	1089	1090	1083	1058	1006	910	767	567	357
1108	1072	1051	1070	1094	1099	1105	1112	1104	1103	1114	1107	1101	1076	1085	1074	1042	1032	1065	1083	1091	1091	1065	1012	929	799	614	401
1095	1074	1066	1083	1107	1109	1111	1109	1107	1105	1102	1102	1093	1080	1063	1054	1034	1030	1050	1069	1082	1096	1071	1020	936	835	665	423
1080	1069	1058	1075	1106	1118	1110	1091	1094	1085	1085	1082	1078	1071	1056	1059	1058	1046	1054	1062	1094	1106	1082	1027	936	830	674	421
1022	1065	1065	1083	1105	1115	1108	1097	1083	1070	1074	1081	1075	1077	1069	1060	1043	1057	1066	1059	1098	1105	1081	1019	930	801	624	379
983	1068	1075	1092	1106	1097	1094	1089	1076	1073	1082	1081	1070	1086	1082	1065	1056	1068	1076	1084	1103	1102	1076	1000	895	754	555	341
1019	1071	1078	1087	1094	1091	1091	1085	1080	1075	1083	1086	1092	1102	1089	1094	1095	1100	1096	1098	1090	1068	1019	937	843	700	498	296
1067	1089	1082	1036	1024	1049	1072	1081	1084	1073	1083	1096	1103	1103	1104	1110	1106	1103	1092	1080	1053	993	907	838	741	616	443	275
1109	1116	1118	1063	925	939	1006	1045	1081	1086	1077	1092	1097	1106	1110	1107	1092	1084	1063	1030	982	892	790	723	644	541	393	248
1115	1120	1121	1116	906	785	935	1005	1052	1073	1067	1071	1099	1107	1106	1076	1052	1036	998	946	872	788	706	617	541	462	347	207
980	922	841	763	750	781	802	801	781	755	719	658	575	485	386	299	219	149	100	67	44	32	22	17	22	27	27	25
1035	1026	1020	1031	1057	1075	1078	1080	1075	1077	1076	1072	1070	1062	1036	996	928	834	725	600	470	368	279	177	71	9	10	16
1058	1064	1058	1056	1058	1059	1068	1075	1078	1078	1079	1070	1064	1061	1065	1073	1082	1094	1092	1064	1011	924	817	708	582	376	117	5
1129	1130	1132	1127	1127	1120	1117	1112	1114	1114	1108	1097	1090	1086	1077	1077	1080	1082	1076	1085	1096	1099	1097	1061	1016	955	774	370
1124	1127	1127	1125	1124	1122	1119	1121	1125	1124	1123	1120	1111	1105	1108	1108	981	782	758	831	974	1068	1092	1107	1132	1148	1118	1030
1128	1125	1125	1128	1119	1116	1116	1117	1120	1124	1126	1119	1120	1101	939	620	280	144	215	258	385	669	924	1066	1081	1130	1162	1136
1126	1125	1126	1123	1121	1115	1111	1117	1128	1136	1124	1071	851	562	171	0	0	0	0	24	57	191	405	716	1023	1074	1131	1144
1126	1118	1122	1120	1121	1124	1122	1120	1131	1119	1090	665	194	62	13	2	0	0	0	0	0	0	136	339	803	1076	1085	1115
1122	1123	1124	1131	1139	1119	1042	1032	1084	1066	752	232	110	64	26	14	7	1	0	0	0	0	68	343	797	1084	1076	1087
1119	1121	1130	1147	1122	1049	991	962	886	643	338	183	106	73	33	15	10	7	0	0	0	7	65	418	933	1076	1077	1048
1117	1119	1112	1123	1063	1016	1048	1052	950	608	328	231	149	96	47	27	20	14	6	7	4	26	165	624	1052	1068	1042	1051
1108	1081	1053	1081	1083	1071	1094	1109	1094	869	377	229	200	130	88	90	63	26	19	12	0	217	691	1014	1071	1063	1063	1040
1075	1053	1060	1069	1081	1077	1079	1067	1061	1072	681	287	234	177	229	310	202	70	21	23	113	742	1088	1077	1078	965	866	915
1080	1062	1069	1065	1056	1040	1018	1013	1030	1069	926	516	369	453	721	860	658	361	144	201	468	986	1091	1096	1054	741	610	636
1067	1062	1058	1045	1034	1032	1023	1011	1002	1011	1018	930	861	965	1062	1095	1006	669	498	497	841	1073	1084	1101	923	625	557	558
1106	1090	1053	1023	1027	1071	1066	1040	1031	1002	982	992	1028	1057	1069	1088	1031	885	856	842	1020	1089	1080	1086	843	600	611	661
1107	1101	1056	1016	1033	1057	1038	1015	1025	1039	1028	1003	1025	1061	1091	1066	927	1000	993	976	1059	1085	1089	1095	907	689	715	816
1110	1103	1049	1031	1017	1053	1031	1019	1018	1033	1036	1030	1040	1069	1071	996	1007	1035	1012	1015	1056	1082	1086	1086	1014	919	949	973
1107	1081	1030	1022	1006	1039	1043	1062	1041	1026	1028	1033	1054	1072	1037	1040	1036	1023	1019	1027	1062	1095	1096	1085	1056	1033	1017	1023
1091	1053	1019	1000	1021	1057	1078	1082	1055	1040	1057	1050	1063	1001	1037	1035	1024	1021	1024	1027	1063	1107	1119	1103	1073	1061	1050	1052
1061	1051	1021	1016	1042	1052	1060	1066	1066	1073	1083	1074	1072	1067	1045	1025	1019	1020	1024	1023	1057	1107	1129	1107	1073	1023	940	1014
1033	1015	1018	1058	1054	1050	1056	1074	1079	1087	1084	1067	1058	1058	1037	1020	1018	1021	1024	1025	1057	1110	1120	1101	1072	1027	992	1027
1075	1055	1052	1060	1034	1041	1061	1080	1096	1089	1071	1065	1055	1054	1033	1021	1017	1018	1020	1028	1065	1100	1102	1090	1062	1027	1047	1046
1090	1069	1068	1089	1040	1037	1062	1070	1081	1083	1081	1069	1053	1051	1033	1021	1019	1020	1028	1058	1092	1098	1109	1099	1054	1051	1048	1030
1088	1076	1093	1098	1043	1047	1078	1068	1080	1090	1085	1082	1071	1052	1034	1027	1027	1042	1062	1092	1105	1103	1116	1106	1081	1082	1041	992
1109	1120	1124	1108	1048	1039	1070	1060	1078	1085	1089	1095	1087	1080	1073	1058	1053	1078	1088	1100	1115	1122	1113	1098	1075	1051	1007	966
1121	1125	1126	1120	1074	1027	1074	1054	1072	1078	1090	1090	1087	1091	1093	1089	1092	1097	1100	1104	1122	1105	1049	1041	1063	1054	1010	960
1128	1128	1126	1122	1096	1044	1060	1058	1078	1094	1086	1087	1085	1092	1093	1093	1094	1097	1104	1098	1085	1045	1051	1094	1106	1068	1042	956
591	495	410	330	286	277	312	308	288	272	235	220	191	112	47	22	13	13	16	20	25	26	28	29	28	25	24	25
1052	1040	1029	1009	990	979	962	955	942	916	872	814	749	669	554	420	290	180	93	35	7	0	0	3	15	23	24	22
1018	1013	1009	1021	1028	1057	1079	1084	1086	1080	1084	1087	1088	1081	1060	1014	933	810	648	472	297	156	65	23	5	1	9	20
1082	1092	1093	1091	1083	1079	1078	1085	1084	1078	1077	1074	1077	1081	1081	1095	1101	1100	1072	990	854	654	442	285	186	128	74	25
1130	1131	1130	1128	1127	1125	1120	1117	1114	1111	1102	1092	1079	1079	1078	1078	1080	1099	1117	1119	1110	1051	908	731	595	511	435	297
1127	1125	1122	1128	1121	1117	1116	1118	1116	1098	1087	1083	1080	1054	1001	993	987	994	1040	1071	1101	1128	1114	1054	979	939	869	752
1126	1127	1125	1124	1126	1127	1112	1040	950	869	1011	1012	651	412	409	525	562	592	724	853	904	1021	1111	1127	1115	1086	1086	1053
1126	1132	1139	1145	1125	984	700	567	594	801	1065	858	236	52	58	95	119	135	262	421	479	731	967	1042	1090	1090	1080	1132
1125	1134	1150	1087	841	435	198	198	330	758	1065	776	266	34	5	4	10	31	71	138	217	454	761	918	1046	1066	1057	1118
1123	1127	1078	810	429	196	142	114	67	343	767	641	330	29	6	6	7	12	23	45	122	310	570	826	1036	1051	1047	1079
1109	1086	994	555	248	187	236	252	138	247	532	556	318	17	12	13	13	12	21	30	131	351	479	749	985	1035	1029	1010
1044	1031	1034	835	403	328	469	601	728	796	610	450	132	21	21	17	16	19	18	94	367	522	711	824	857	865	978	1020
1014	1010	1033	1059	901	671	764	908	1072	1118	895	459	138	49	27	3	18	47	70	397	726	830	1000	973	954	819	807	977
1049	1017	1046	1042	1062	1051	1029	1044	1044	1055	1034	692	345	142	102	339	565	718	680	912	1019	1029	1026	995	960	808	744	777
1053	1034	1037	1055	1049	1009	1006	1022	1005	1017	1051	977	825	695	750	1021	1088	1092	1082	1051	1031	1027	1031	941	881	851	782	720
1085	1056	1058	1059	1055	1029	1015	1011	1021	1016	1019	1020	1035	1058	1062	1049	1038	1061	1064	1035	1021	988	939	976	886	854	815	758
1111	1078	1086	1074	1070	1083	1070	1044	1041	1038	1048	1023	998	991	1010	1026	1044	1038	1036	1036	1038	1021	976	968	924	856	829	785
1111	1087	1097	1082	1085	1091	1102	1062	1048	1046	1036	1044	1022	997	1020	1026	1030	1049	1042	1045	1057	1055	1038	988	951	890	844	871
1080	1059	1076	1085	1073	1049	1072	1080	1073	1048	1033	1047	1049	1023	1031	1032	1033	1044	1036	1048	1064	1040	1036	992	933	905	874	904
1067	1049	1056	1081	1032	1004	1057	1087	1072	1062	1064	1046	1053	1041	1034	1041	1036	1033	1030	1053	1069	989	924	981	1026	1001	971	919
1062	1042	1056	1078	1022	996	1029	1059	1060	1064	1064	1052	1062	1054	1033	1032	1032	1031	1032	1064	1063	959	883	968	1084	1037	869	1010
1047	1027	1038	1067	1027	995	985	1032	1033	1055	1057	1053	1078	1066	1030	1034	1039	1033	1030	1064	1056	966	957	1066	1103	1073	935	1017
1032	1000	1027	1089	1047	1001	979	1015	1039	1058	1042	1055	1077	1058	1035	1045	1044	1035	1032	1068	1056	1056	1062	1067	1042	1078	1075	1017
1041	1011	1058	1106	1064	1048	1038	1013	1029	1083	1069	1059	1054	1039	1037	1043	1056	1058	1052	1078	1052	1084	1041	1003	1015	1050	1026	1016
1056	1075	1097	1086	1044	1075	1077	1036	1020	1070	1076	1058	1044	1046	1053	1053	1057	1072	1072	1064	1001	1059	1039	990	1024	1036	1027	1037
1112	1124	1127	1095	1033	1064	1084	1039	1027	1061	1080	1060	1057	1055	1061	1067	1073	1070	1060	1028	898	830	832	1026	1037	1000	1035	1060
1124	1127	1128	1121	1051	1066	1072	1030	1044	1056	1060	1063	1067	1067	1070	1075	1072	1065	1049	1000	815	709	840	1000	1049	1059	1077	1078
1124	1130	1127	1123	1048	1049	1070	1037	1062	1065	1063	1065	1077	1069	1061	1061	1069	1067	1052	1052	995	969	983	1039	1105	1118	1116	1109
113	88	67	55	51	52	110	122	129	136	118	123	139	100	42	34	31	29	27	29	29	28	28	27	25	25	24	24
735	672	605	543	486	431	383	347	309	269	221	177	125	94	62	48	40	37	31	31	29	29	27	26	26	25	26	24
1051	1029	1021	1016	1009	1006	989	972	949	916	865	795	705	593	461	325	202	111	53	29	26	23	22	21	22	25	23	24
1041	1027	1013	1019	1027	1049	1078	1085	1088	1085	1082	1082	1074	1048	1000	923	797	616	427	245	108	44	21	16	12	10	16	19
1086	1096	1098	1101	1098	1095	1098	1100	1100	1095	1075	1065	1073	1080	1089	1095	1088	1051	950	795	570	319	136	59	31	6	0	0
1123	1121	1126	1127	1125	1126	1122	1126	1105	1035	1042	1033	1043	1068	1083	1091	1098	1112	1110	1089	1011	839	561	292	194	156	80	26
1124	1132	1136	1094	1026	979	890	687	423	286	641	1025	1019	1032	1074	1103	1097	1092	1106	1115	1124	1103	1001	762	559	498	403	249
1112	1093	1012	794	557	333	132	6	0	8	487	1065	1015	878	834	889	943	975	1040	1089	1103	1111	1118	1070	942	849	769	621
1127	985	636	301	86	8	14	22	3	51	575	1088	1012	776	609	609	701	777	869	961	1037	1086	1090	1103	1107	1085	1022	931
1138	1014	363	34	16	28	33	33	26	141	665	1094	1035	716	512	506	561	636	711	796	925	1055	1059	1039	1076	1123	1129	1116
1026	1114	693	54	14	37	26	23	16	193	727	1133	1001	652	527	497	512	614	705	756	916	1006	890	938	1018	1072	1113	1146
1007	1070	1086	669	107	10	3	0	55	314	883	1112	871	675	617	563	575	686	706	815	1045	983	741	773	925	1046	1081	1102
1052	1068	1071	1069	851	540	347	340	465	781	1080	1051	893	711	638	622	616	744	823	957	1050	960	887	859	911	1019	1060	1089
1080	1049	1067	1053	1065	1071	1043	1037	1044	1044	1014	1026	989	852	727	749	804	922	976	1005	1001	956	923	937	918	988	1065	1089
1082	1066	1069	1073	1076	1047	1050	1068	1059	1035	1008	1010	1000	975	889	890	980	992	847	906	952	936	928	915	930	958	1016	1053
1082	1082	1081	1073	1062	1065	1063	1059	1064	1063	1072	1011	979	985	1008	990	1012	947	755	816	895	936	922	951	940	907	973	1032
1097	1095	1091	1084	1083	1087	1067	1076	1085	1075	1084	1098	988	917	975	1017	1010	986	935	899	890	914	920	962	983	976	955	786
1113	1111	1119	1118	1122	1108	1083	1078	1065	1065	1085	1096	1066	1012	990	983	985	966	979	945	926	966	1008	1012	1033	965	709	711
1094	1083	1095	1126	1136	1118	1111	1109	1096	1072	1079	1087	1083	1082	1076	990	944	898	954	1001	926	772	706	828	980	919	807	933
1086	1081	1056	1048	1079	1058	1065	1084	1099	1106	1098	1099	1092	1069	1053	1025	965	931	977	923	443	169	100	225	624	994	990	912
1095	1094	1067	1014	995	986	1004	1038	1066	1095	1109	1111	1081	1067	1053	1057	979	972	1022	790	254	107	63	137	359	802	1045	1016
1074	1076	1042	1032	1052	1009	962	987	1023	1042	1067	1105	1104	1055	1043	1047	1018	1010	1015	700	237	111	134	318	551	669	918	1021
1066	1049	1036	1088	1089	1002	953	980	1022	1057	1051	1085	1114	1081	1050	1043	1043	1011	998	654	213	368	532	553	626	698	948	1013
1093	1099	1103	1107	1075	995	961	981	1037	1121	1099	1038	1088	1089	1039	1039	1052	1029	1006	850	332	636	747	747	662	712	1050	1084
1081	1110	1124	1094	1090	1067	1023	1004	1027	1055	1030	1010	1061	1086	1048	1040	1053	1063	1041	999	775	792	892	943	829	885	1110	1130
1125	1126	1121	1093	1066	1076	1087	1055	1039	1042	1020	996	1020	1064	1047	1056	1064	1055	1033	978	860	873	938	1004	1021	1073	1119	1126
1125	1126	1126	1109	1030	1048	1057	1059	1079	1063	1030	1019	1004	1046	1055	1040	1056	1031	1005	967	877	897	992	1031	1037	1083	1115	1124
1117	1126	1129	1110	1045	1020	1021	1040	1067	1061	1041	1044	1035	1024	1048	1035	1046	1025	985	968	969	969	989	1009	1028	1070	1111	1120
25	27	32	36	40	39	83	121	121	104	67	56	56	44	28	26	25	27	27	24	25	26	25	23	24	24	22	24
102	78	59	48	44	42	66	69	70	90	104	103	118	107	54	39	34	30	26	25	27	26	24	24	24	23	23	23
620	555	498	444	388	340	303	269	230	189	145	104	63	40	22	21	32	36	30	28	27	25	24	24	22	22	23	21
1053	1023	1000	983	961	936	909	884	864	828	762	662	535	390	257	141	63	25	20	19	20	23	21	21	21	22	21	18
1065	1063	1058	1049	1036	1051	1077	1078	1076	1071	1060	1049	1032	982	882	719	510	306	152	65	21	6	21	24	18	18	16	15
1061	1076	1063	1045	1051	1062	1091	1101	1081	1053	1034	1035	1050	1063	1073	1070	1017	883	672	433	232	79	16	21	28	15	13	15
1052	829	554	430	448	571	640	760	859	971	1015	1014	1040	1049	1051	1051	1066	1083	1068	967	766	497	210	50	21	23	8	1
1018	501	176	17	0	0	0	46	197	559	925	1014	1040	1049	1057	1066	1066	1067	1081	1101	1090	982	710	355	127	63	52	11
1095	684	118	0	0	15	5	0	13	249	816	1081	1062	1045	1083	1096	1074	1066	1055	1062	1088	1104	1055	850	536	293	186	117
765	841	326	91	14	17	13	0	5	237	749	1031	921	763	678	768	1007	1072	1003	996	1056	1065	1080	1085	991	773	522	330
273	558	864	488	50	8	9	1	51	352	770	797	426	275	254	331	693	998	744	838	996	978	993	1064	1092	1080	956	723
281	390	981	995	380	55	13	31	296	649	744	466	254	212	196	290	703	955	896	925	948	942	994	1052	1058	1086	1107	1063
814	911	1056	1079	995	805	703	706	844	852	625	341	191	146	135	354	682	1006	986	920	954	926	941	1034	1047	1060	1083	1111
1075	1099	1081	1055	1041	1058	1057	1059	1030	934	635	297	162	137	258	388	469	963	940	898	948	928	925	949	999	1033	1071	1088
1094	1093	1090	1090	1069	1036	1012	1009	1011	977	920	589	270	225	238	140	252	852	829	873	936	962	965	935	963	1007	1064	1083
1110	1099	1095	1091	1083	1058	1030	1017	1020	1017	903	817	801	536	283	298	431	849	797	904	946	991	981	933	883	925	1054	1076
1101	1098	1092	1075	1074	1063	1047	1040	1031	997	789	457	578	753	801	891	578	805	952	883	915	949	954	961	902	931	1039	1081
1085	1093	1091	1090	1104	1123	1112	1062	1040	986	933	697	411	323	530	975	748	709	986	923	935	971	973	958	1008	1012	1010	1063
1085	1094	1090	1097	1132	1152	1146	1094	1054	1024	1017	996	944	705	525	798	839	690	819	936	872	709	415	244	635	1013	1003	1039
1086	1088	1092	1077	1057	1095	1088	1027	1025	991	754	624	704	987	851	782	784	695	786	821	235	71	0	0	169	878	1017	1025
1088	1091	1092	1051	1017	1021	997	988	1050	926	570	348	244	641	1049	962	822	832	983	706	38	2	28	24	88	680	982	993
1069	1071	1070	1040	1080	1104	989	1000	935	743	449	310	299	640	1036	1049	926	907	983	659	92	9	17	10	253	597	796	991
1030	1013	1037	1045	1056	1057	968	997	742	553	491	385	647	911	1002	1031	1006	1013	1029	573	197	113	37	2	297	603	661	939
1073	1083	1098	1053	1038	1022	1008	1028	858	729	629	588	939	1065	1010	1039	1036	1038	1014	788	369	220	303	298	381	562	702	882
1105	1126	1160	1090	1073	1044	1025	1013	1015	1003	917	823	1051	1079	1015	1010	1039	1036	1003	1033	890	487	565	539	448	459	693	907
1125	1124	1122	1104	1063	1053	1025	1036	1041	1061	1050	1052	1077	1056	1008	995	1018	1035	1044	1031	1022	793	538	417	461	617	807	1008
1125	1123	1126	1110	1003	1046	1049	1082	1074	1067	1039	1052	1038	1017	1020	1024	1042	1039	1075	1056	990	906	665	612	643	848	981	1060
1119	1124	1109	1040	1008	1055	1045	1050	1069	1088	1073	1040	1019	1016	1036	1047	1049	1067	1070	1047	980	1008	924	956	918	946	1013	1059
26	25	23	23	23	23	34	67	59	37	22	23	20	20	22	23	23	23	22	24	22	23	23	22	23	22	21	23
41	40	35	26	24	25	34	65	87	96	74	61	51	37	23	23	22	22	24	21	23	23	23	23	24	22	22	23
50	39	38	36	30	21	31	28	25	46	66	76	94	81	37	25	22	22	22	21	24	23	23	24	23	20	21	22
495	428	377	329	282	249	247	248	220	178	117	78	69	61	27	12	20	24	22	22	24	24	24	23	22	22	23	23
1010	980	946	914	869	839	822	812	812	800	730	629	506	354	199	82	11	0	7	16	22	21	20	20	21	21	21	22
1064	1058	1061	1059	1057	1062	1076	1067	1046	1047	1058	1049	1018	962	851	636	372	157	33	1	6	17	20	19	16	19	20	17
1048	970	844	822	899	991	1023	1056	1061	1061	1070	1074	1072	1070	1076	1060	971	771	496	227	73	21	15	25	23	20	20	20
689	688	629	543	438	438	551	770	969	1068	1056	1047	1058	1060	1057	1061	1079	1085	1029	829	490	204	48	18	30	32	24	21
335	560	636	578	369	240	292	482	749	1021	1063	1028	1029	1045	1056	1073	1084	1076	1079	1091	1002	690	329	89	20	24	33	28
43	257	588	693	505	292	310	451	685	998	1059	940	735	533	482	681	970	1078	1060	1056	1088	1057	833	506	210	54	20	36
9	0	338	824	769	480	417	510	780	1024	840	288	29	0	15	84	407	958	949	985	1053	1087	1090	996	749	406	146	35
0	13	481	1013	994	692	579	686	826	812	330	5	0	6	0	0	219	722	975	969	1014	1047	1061	1072	1079	966	670	313
511	737	1006	1071	1058	989	938	796	689	599	163	34	2	8	17	115	399	707	1004	998	965	1006	1046	1045	1059	1091	1081	862
1122	1122	1056	1050	1065	1060	1030	818	653	759	262	100	33	63	259	511	702	792	964	987	905	961	1032	1025	1052	1067	1080	1097
1117	1111	1094	1061	1062	1079	1036	921	689	892	705	647	593	585	688	671	563	735	1032	1002	915	955	1052	959	989	1064	1067	1076
1117	1114	1110	1110	1096	1058	1057	1006	746	834	437	534	790	757	589	432	435	787	1058	1017	951	968	1012	881	884	1044	1063	1066
1114	1111	1105	1116	1116	1054	1022	1061	951	976	542	116	257	614	894	876	631	739	1006	941	954	961	958	879	925	1015	1047	1067
1107	1111	1107	1106	1092	1114	1093	1059	1053	952	956	673	440	324	637	1057	725	752	1010	976	950	963	961	911	987	1012	1021	1061
1114	1109	1107	1104	1104	1154	1163	1092	1027	992	937	925	839	873	766	1012	995	919	804	873	946	803	767	821	972	1017	1016	1045
1106	1106	1099	1103	1087	1149	1156	1083	1023	842	437	413	644	900	902	1026	1060	953	591	737	768	512	453	405	641	978	1024	1024
1103	1102	1099	1098	1056	1058	1057	1004	1037	561	56	63	352	838	1061	1048	1055	1022	761	814	783	480	212	77	85	409	912	1022
1103	1091	1096	1088	1069	1084	1029	989	879	569	48	0	107	556	960	1068	999	939	914	937	889	521	173	65	41	9	358	975
1074	1064	1081	1086	1079	1097	1032	1000	637	557	305	164	303	534	795	1052	1037	987	1009	1013	1010	613	147	34	30	5	7	668
1056	1072	1065	1069	1070	1061	1020	1055	669	491	848	896	983	995	974	1053	1061	1066	1039	972	1028	697	221	38	0	0	31	439
1115	1124	1107	1057	1047	1072	1073	1071	958	720	990	1048	1070	1071	1071	1023	1050	1084	1085	1006	993	665	240	72	22	25	210	477
1129	1130	1127	1074	1025	1045	1048	1048	1032	1059	1036	1075	1081	1073	1070	1035	1055	1059	1058	1063	1042	694	278	131	193	294	560	810
1125	1131	1115	1066	1021	1029	1015	1040	1046	1076	1064	1069	1081	1069	1052	1047	1051	1042	1023	1048	1049	866	417	397	683	805	975	1004
1122	1117	1073	1035	1042	1048	1014	1027	1031	1010	1014	1015	1029	1057	1053	1052	1059	1047	1042	1032	1017	985	727	822	939	970	1014	1012
20	22	20	21	23	23	23	23	20	22	26	25	23	23	22	25	24	21	23	25	23	22	22	24	24	24	25	24
23	26	25	24	23	22	27	57	47	27	20	20	20	22	23	25	23	22	25	23	22	24	24	24	24	24	25	24
24	29	33	37	40	40	38	66	80	97	56	29	27	22	23	24	23	24	23	23	24	25	24	23	25	24	25	23
24	21	19	16	14	16	32	73	80	177	232	102	55	41	26	24	24	24	24	24	26	24	23	24	24	24	24	23
386	312	254	204	160	130	116	114	120	127	178	158	112	88	27	17	21	25	25	26	26	25	24	25	23	24	24	24
951	891	825	758	703	665	651	655	669	669	620	533	439	325	177	57	18	18	20	22	24	23	25	23	22	25	23	24
1086	1089	1091	1080	1056	1042	1044	1054	1064	1068	1053	1032	991	916	781	571	312	122	39	20	24	26	23	21	22	21	22	22
804	810	907	1063	1074	1052	1073	1090	1082	1077	1073	1075	1078	1083	1082	1054	940	694	389	142	23	24	27	24	22	21	24	22
420	455	628	862	1040	996	1018	1063	1068	1059	1056	1057	1070	1084	1085	1088	1097	1078	957	656	281	45	14	26	31	27	23	22
255	332	532	772	1024	1016	1026	1061	1069	1049	1028	1030	1029	1023	1059	1095	1090	1086	1100	1055	793	374	89	12	18	31	32	27
246	366	655	876	1052	1052	1029	910	745	671	694	711	699	732	770	896	1037	1081	1085	1094	1075	886	574	264	61	5	25	39
431	613	948	1036	1029	1037	889	475	202	177	394	358	336	400	346	440	683	929	1054	1063	1062	1071	1035	886	593	261	50	17
901	997	1059	1070	1003	931	704	311	130	203	434	417	384	302	140	152	257	468	929	1005	974	1049	1052	1080	1070	906	524	136
1057	1044	1045	1078	1002	850	704	309	217	272	564	616	507	453	207	138	130	125	754	882	706	1038	1048	1065	1086	1105	1035	681
1052	1042	1006	960	908	843	740	399	406	651	760	860	885	770	417	225	118	65	622	984	871	966	1029	1063	1076	1082	1101	1061
1070	1040	1025	945	873	843	873	694	772	757	313	416	832	1025	636	193	80	86	592	1000	952	938	972	1057	1063	1074	1082	1094
1098	1085	1099	1048	970	944	928	946	996	732	253	137	353	758	923	408	111	128	601	983	944	922	963	958	1027	1061	1077	1080
1101	1097	1095	1071	1024	1013	1020	1032	1043	895	539	283	467	717	1019	718	333	280	638	1001	965	937	956	887	970	1033	1059	1074
1106	1101	1091	1081	1068	1104	1094	1053	1025	1040	830	688	814	1017	1074	1077	926	632	646	931	1007	1035	1050	1014	995	1014	1039	1067
1112	1106	1099	1067	1105	1160	1122	1103	1022	1046	1047	926	940	986	945	1025	1063	949	757	820	900	766	783	774	888	1022	1024	1051
1107	1102	1095	1078	1098	1122	1092	1091	1043	974	907	930	1039	1054	1041	1044	1066	1000	892	967	916	733	632	550	721	957	1009	1031
1108	1111	1096	1100	1058	1046	1043	1062	1077	989	776	750	857	1031	1049	1035	1067	1082	1033	992	1046	1049	667	478	475	651	894	1023
1101	1113	1102	1107	1082	1095	1078	1015	1090	1075	895	752	828	968	1056	1057	1075	1075	1071	1022	957	1036	881	595	470	532	688	976
1085	1092	1091	1095	1095	1068	1046	1011	1023	1045	1079	1047	1045	1062	1074	1057	1061	1075	1091	1034	1023	1016	996	811	654	589	707	987
1152	1120	1107	1065	1071	1077	1073	1059	1000	926	1053	1066	1067	1058	1042	1070	1073	1074	1096	1044	1043	1059	967	886	850	702	602	682
1127	1129	1124	1054	1037	1077	1077	1071	1066	1046	1015	1030	1025	1014	1036	1065	1068	1063	1071	1080	1060	1054	974	952	890	617	451	393
1130	1130	1143	1055	1012	1055	1076	1074	1075	1108	1090	1054	1029	1019	1064	1066	1060	1050	1042	1054	1065	1071	1039	1007	958	727	632	503
1111	1142	1166	1034	1024	1014	1039	1058	1055	1062	1053	998	986	996	1068	1099	1107	1099	1077	1056	1060	1049	1058	1054	1039	923	921	879
23	22	21	22	22	22	22	23	23	23	25	25	22	24	24	24	23	21	25	25	25	23	24	25	25	25	26	26
22	21	21	19	22	23	23	22	20	15	23	25	25	23	25	24	24	24	26	24	24	25	25	26	25	26	25	25
19	19	20	20	21	23	25	54	58	83	32	19	27	26	27	25	26	25	25	25	26	26	26	24	26	25	26	25
29	32	33	33	33	32	31	62	105	283	316	92	17	19	24	26	26	26	26	25	27	25	26	25	26	26	24	25
21	25	32	36	41	44	43	60	90	118	267	215	85	71	35	24	26	26	25	27	25	24	25	25	26	24	25	26
247	165	109	74	55	43	43	53	64	56	61	81	96	129	96	38	27	24	27	26	26	25	26	25	24	26	24	24
848	728	607	521	480	470	491	527	563	564	508	439	347	222	118	53	38	34	28	24	24	24	22	22	24	25	25	25
1099	1072	1032	1004	992	990	1009	1029	1043	1046	1034	1020	979	890	722	470	216	74	39	40	29	19	20	22	23	24	24	21
966	1009	1053	1051	1027	1023	1045	1069	1078	1079	1079	1078	1075	1074	1071	1025	855	531	205	56	50	45	25	24	24	24	23	23
700	760	888	979	982	997	1019	1038	1073	1094	1093	1088	1089	1090	1084	1079	1085	1040	806	388	75	43	54	32	25	23	24	23
779	701	764	885	975	923	749	683	725	759	889	1003	1070	1085	1115	1102	1090	1081	1081	973	548	133	42	37	35	28	25	23
939	818	874	944	974	589	255	155	147	219	429	569	815	810	931	1094	1099	1090	1076	1076	1040	805	453	189	52	32	33	29
1005	952	973	1087	958	358	291	310	186	116	175	216	530	563	522	832	938	1035	1051	1042	1044	1063	1041	850	515	192	40	35
969	1004	1041	895	528	373	603	564	444	140	162	255	333	420	532	511	548	792	998	1014	1043	1048	1060	1090	1035	761	330	56
979	1026	894	399	151	259	400	541	604	330	375	393	398	579	642	660	420	465	904	1000	1011	1055	1067	1075	1089	1080	869	413
969	1003	798	248	114	149	373	725	726	721	619	726	761	881	894	830	643	620	852	965	907	973	1061	1077	1079	1083	1084	910
1001	1000	1011	523	210	266	478	858	950	800	660	782	815	944	1021	768	651	744	931	951	891	901	915	972	1060	1078	1080	1082
1041	1061	1080	785	394	353	403	686	706	653	715	500	479	652	801	511	352	504	868	1011	956	900	751	720	948	1076	1076	1076
1056	1077	1078	992	948	844	598	382	507	782	754	489	689	776	826	845	658	405	786	1033	970	913	812	745	883	1029	1070	1075
1080	1086	1050	1023	1087	1132	999	712	822	983	928	910	1017	1064	1105	1086	1054	881	891	981	957	945	943	967	910	931	1052	1072
1074	1080	1054	1083	1144	1151	1048	1005	995	990	1045	1073	1069	1088	1057	1057	1068	1079	1052	1004	922	976	1002	975	959	979	1016	1055
1008	934	1076	1080	1065	1077	992	1025	1016	1020	1095	1120	1093	1075	1054	1033	979	1068	1081	1059	942	981	977	900	883	814	909	1041
1000	924	1070	1086	1042	1073	1004	1034	1099	1048	1078	1112	1059	1022	1041	883	781	916	1070	1089	1046	998	1000	954	923	844	912	1027
1144	1138	1079	1092	1078	1042	999	1044	1065	1023	968	812	595	549	922	967	912	851	925	1081	1053	1015	1067	1102	1098	1037	895	1028
1291	1170	1093	1070	1085	1070	1034	1009	988	878	553	282	250	540	954	991	969	1013	947	1062	1088	1042	1071	1082	1089	1040	906	1021
1137	1123	1124	1047	1057	1068	1045	1044	882	574	334	337	531	794	904	984	1041	1043	1042	1076	1112	1101	1097	1002	853	928	800	949
1124	1126	1211	1071	1008	1066	1056	1072	988	798	813	952	931	958	1024	1070	1077	1074	1058	1078	1097	1082	1083	1049	1022	963	899	1002
1079	1279	1421	1082	1018	1018	1058	1058	1057	1056	1095	1023	988	1027	1103	1142	1145	1139	1112	1067	1071	1060	1004	1018	946	925	993	1059
24	24	22	23	23	21	22	21	22	23	24	25	24	23	23	23	23	23	22	23	25	24	24	23	24	24	24	25
23	23	23	23	20	21	22	22	24	24	25	25	23	23	23	23	24	23	23	24	24	24	24	25	23	23	24	25
23	21	23	23	20	24	23	22	22	18	24	24	24	24	26	25	23	23	23	24	26	24	24	24	22	24	24	22
21	20	22	22	22	21	18	31	53	21	5	15	23	27	26	25	24	24	23	26	25	22	25	24	25	24	22	25
33	33	31	29	29	29	30	41	91	116	93	53	36	23	19	24	24	23	24	26	23	22	24	26	24	24	23	22
39	52	60	60	58	49	47	62	79	80	108	119	117	120	94	38	22	24	26	24	23	24	24	24	24	22	23	24
203	116	61	54	57	54	62	64	69	56	40	36	39	46	88	84	32	23	24	23	22	22	21	24	22	23	22	24
914	821	634	427	412	510	516	554	586	598	577	534	430	277	127	47	34	35	28	20	20	21	21	23	22	23	23	23
1049	1063	1080	1060	1054	1066	1041	1036	1044	1045	1040	1029	1003	929	760	497	229	75	45	41	29	22	21	23	22	22	22	23
1054	1028	1026	1039	1043	1030	1040	1051	1056	1062	1056	1046	1047	1051	1053	1022	863	529	204	62	58	48	29	22	23	24	23	23
986	962	910	920	1001	989	894	887	949	1041	1074	1067	1055	1061	1060	1054	1065	1033	817	404	118	66	58	44	32	24	24	24
907	947	865	831	955	820	557	477	426	574	857	937	1037	1033	1055	1052	1054	1063	1081	997	683	302	105	54	51	43	29	23
922	937	923	980	1074	876	564	406	299	297	381	589	784	621	746	935	1029	1061	1066	1068	1072	964	649	267	72	45	51	41
976	893	970	1029	1028	970	610	381	284	286	362	584	423	256	384	586	886	897	1039	1028	1026	1080	1081	881	456	123	33	57
961	1039	1036	979	784	620	476	441	269	266	370	532	247	212	200	509	783	455	886	1022	1035	1068	1086	1097	997	622	192	33
901	977	944	930	557	355	420	479	466	352	381	568	286	246	227	508	912	582	653	1024	1021	1057	1076	1076	1087	1066	795	303
902	927	948	943	562	383	462	536	826	802	733	893	644	589	450	598	977	970	920	1042	1025	1009	1050	1084	1075	1082	1095	944
868	957	1012	965	547	362	425	617	905	960	842	863	928	940	725	727	879	997	1095	1080	1060	1014	1001	1060	1080	1073	1074	1086
948	982	989	983	802	621	421	717	951	528	196	289	486	686	825	881	827	769	972	1084	1062	930	859	912	1025	1077	1072	1075
1035	1047	1005	988	993	957	885	904	852	297	111	193	250	507	787	1018	996	895	979	1073	1067	959	900	894	930	1016	1071	1075
1068	1051	1050	1042	1106	1121	1032	990	949	645	430	393	476	632	829	1056	1093	1087	1052	1036	1063	1000	958	950	936	816	1016	1073
1017	998	1099	1060	1119	1144	1023	987	990	1010	948	945	938	968	1046	1063	1048	1082	1064	1062	1030	976	977	980	930	718	870	1069
1036	1028	1078	1041	1054	1077	986	996	1020	1012	1001	922	910	951	1051	885	881	1034	1082	1059	1036	961	995	972	918	745	839	1048
1085	1164	1161	1044	1049	1038	986	990	1049	969	488	201	181	425	895	847	869	949	1027	1081	1080	1028	993	951	921	877	975	1038
1149	1186	1251	1098	1055	1022	995	981	920	472	29	0	92	600	867	779	917	926	911	1018	1065	1047	963	949	942	923	933	1006
1140	1126	1123	1082	1031	1038	1031	972	426	85	91	331	725	1002	967	951	1041	1029	950	912	917	1025	1023	988	999	945	898	978
1129	1126	1129	1067	974	1014	1035	899	627	610	801	982	1041	1020	1031	1087	1089	1089	1037	922	847	978	1076	928	943	1034	974	1022
1092	1100	1090	1044	1012	993	995	1021	1054	1075	1081	1020	1019	1083	1123	1136	1143	1136	1111	1025	990	1055	1039	673	522	723	853	936
22	21	22	22	21	22	22	21	21	23	24	23	22	24	23	23	23	23	24	23	22	22	24	24	24	23	23	23
23	21	19	21	20	22	22	23	23	23	24	24	23	24	24	23	24	23	23	22	23	24	23	24	23	22	23	24
22	21	18	19	21	22	24	24	23	23	24	22	25	25	24	24	24	22	23	24	23	23	23	23	23	23	24	24
21	20	22	21	22	22	24	23	21	20	23	23	25	25	26	25	23	23	23	24	22	23	22	24	24	23	23	24
24	23	24	21	21	21	21	19	37	41	24	21	24	23	25	25	24	24	24	23	22	22	24	24	24	24	23	24
46	43	44	42	40	31	29	34	52	116	137	85	54	43	37	28	24	26	23	23	22	23	24	24	24	23	23	23
93	131	150	145	121	89	75	74	71	179	279	158	91	85	88	81	39	23	23	25	23	24	23	23	23	22	23	25
612	653	629	501	424	326	143	139	151	146	144	116	96	84	88	118	76	39	35	26	24	24	22	23	22	23	24	22
1029	1037	1053	1021	990	937	807	786	782	751	708	632	503	326	147	71	81	73	56	46	33	23	22	23	23	23	22	24
1023	1025	1063	1083	1081	1037	1022	1030	1031	1032	1035	1036	1019	961	795	504	205	55	57	66	49	40	25	21	22	21	22	23
1056	1055	1073	1053	1047	1046	1043	1051	1040	1030	1039	1044	1040	1030	1043	1026	869	517	165	48	68	60	47	23	21	22	22	22
1020	1005	977	917	817	597	597	786	987	1062	1058	1055	1049	1039	1038	1048	1058	1027	795	370	96	55	73	62	23	20	24	24
969	937	860	921	631	202	319	574	897	911	898	999	1031	1054	1072	1057	1049	1058	1070	978	672	297	79	64	75	40	23	24
1030	955	944	1042	686	370	534	801	833	553	647	769	932	1009	1035	1016	1037	1052	1057	1069	1063	943	594	181	39	69	53	29
1008	1028	1020	1057	884	597	553	668	582	458	605	711	821	878	811	906	1034	1030	1041	1038	1040	1080	1072	847	384	73	49	58
982	1004	970	1007	943	545	407	432	469	537	676	681	809	780	542	589	936	1036	1040	1036	1034	1069	1083	1096	1042	717	224	40
955	967	992	1036	656	217	199	280	439	862	845	757	898	902	646	481	809	984	1032	984	1018	1035	1068	1083	1088	1110	961	435
843	877	868	1000	485	0	87	258	664	1056	992	958	984	1043	1011	822	989	1019	1027	907	964	1015	1016	1060	1077	1076	1096	1054
906	863	831	912	538	0	71	495	998	884	678	584	541	616	813	1001	1095	1092	1061	982	1006	1048	1010	1023	1070	1075	1075	1084
1012	931	892	862	594	213	343	822	999	760	513	327	264	244	311	799	1088	1059	1039	1024	1041	1045	948	909	1002	1042	1072	1077
1073	1042	1037	946	925	875	883	1013	996	903	747	571	372	212	186	739	1088	1021	1008	1024	1036	1011	940	847	987	977	1066	1071
1065	1041	1008	1024	1106	1086	994	957	1008	977	954	963	810	634	509	897	1079	1017	1047	1066	1059	975	906	946	946	1000	1049	1072
1120	1109	1021	1004	1118	1102	1054	983	990	995	964	979	1005	1034	1041	1052	1045	789	682	883	1062	998	977	973	897	941	1011	1062
1096	1106	1125	1023	1047	1040	1094	1033	989	1002	876	670	791	1026	1094	1090	694	307	257	402	937	1006	998	974	926	923	968	1051
1156	1137	1281	1119	1009	994	1024	1041	1045	986	739	542	810	1046	1031	1042	670	262	130	177	745	1025	951	921	911	902	901	1019
1143	1123	1145	1119	1045	999	992	988	928	788	527	708	1049	1056	1040	1057	918	666	298	72	330	939	965	922	803	846	870	993
1175	1169	1143	1241	1024	968	947	522	479	525	545	881	1070	924	915	1078	1062	968	851	592	331	653	1012	1038	980	955	952	980
1131	1168	1098	1135	1005	945	934	752	881	1004	1045	1043	938	786	959	1095	1104	1083	1072	1047	911	842	974	947	801	677	606	736
22	22	23	23	22	24	24	22	21	22	24	22	23	23	23	23	23	22	22	24	22	21	23	22	23	22	23	23
23	22	24	22	22	23	22	20	21	23	23	25	23	24	24	23	23	22	23	23	22	22	21	23	23	22	23	24
23	22	21	20	21	22	22	23	23	23	23	24	25	25	23	24	23	22	22	22	21	21	23	22	22	23	23	24
21	19	19	18	20	22	23	23	23	24	25	23	25	25	26	23	23	24	22	21	22	23	23	23	22	23	23	23
20	20	20	19	19	21	23	25	21	23	23	24	25	26	25	24	24	22	21	22	22	22	23	22	23	23	23	23
22	22	22	20	20	20	20	19	22	29	23	20	22	22	24	23	23	25	23	24	21	23	24	21	23	24	22	23
38	40	41	42	39	34	29	23	20	61	82	52	37	27	21	18	23	25	24	24	21	23	23	22	23	23	22	23
80	38	40	61	48	23	26	53	58	67	97	92	93	78	55	49	30	22	26	26	25	22	22	23	23	22	23	24
696	555	434	370	331	290	270	276	253	208	165	108	69	44	49	91	73	31	30	33	29	22	23	21	22	24	23	23
1054	1038	1021	1012	1008	995	985	978	951	905	849	753	598	376	150	50	57	39	29	30	35	37	25	20	23	22	22	22
1068	1054	1037	1030	1039	1031	1043	1059	1065	1069	1074	1068	1060	998	820	503	188	25	8	23	27	32	44	31	19	19	21	21
1058	1070	1075	1034	850	844	947	1008	1068	1099	1086	1082	1084	1084	1078	1034	845	475	113	0	10	22	27	46	29	21	22	22
972	995	1003	897	618	559	713	836	924	846	975	1066	1083	1081	1079	1085	1085	1035	770	324	41	0	9	28	46	23	20	24
972	964	950	973	762	716	838	985	827	589	726	804	1078	1059	1060	1080	1083	1087	1086	982	657	267	28	0	33	47	21	21
999	1010	1007	998	869	845	997	1034	853	819	893	984	1014	967	925	1051	1066	1072	1072	1071	1052	957	650	218	5	23	44	22
959	1017	981	995	999	1019	1080	988	892	907	1042	1062	939	963	954	1062	1055	1029	1032	1029	1039	1083	1089	938	542	153	24	36
903	996	938	1003	966	941	974	983	957	958	1068	1043	987	944	963	1048	1056	984	1013	974	1003	1068	1081	1091	1079	892	434	65
986	965	940	927	763	596	748	915	954	984	1085	1026	980	956	965	1000	1028	997	959	951	983	1019	1059	1078	1078	1096	1055	667
1007	739	583	569	429	380	663	927	973	1003	1080	990	964	964	1009	1030	1020	988	899	886	973	1042	1029	1047	1071	1075	1082	1078
1054	730	355	295	225	302	717	1017	1018	1056	1060	1007	978	954	1047	1038	997	955	910	878	916	988	974	975	1056	1075	1073	1079
1046	946	493	247	291	529	878	1037	1017	1045	1054	1002	774	687	952	939	970	886	899	894	900	888	870	828	1010	1081	1072	1076
1028	1011	935	883	900	940	986	1002	1041	1027	1011	1007	931	825	843	948	953	802	909	995	977	873	784	801	911	1053	1059	1070
1056	1015	990	1072	1097	986	975	982	994	1012	1052	1061	1011	992	879	1020	1023	754	680	968	1056	903	778	837	787	958	1053	1054
1078	996	1016	1102	1049	990	1090	1035	958	995	1067	1100	1012	1048	1064	1067	923	483	256	570	1035	931	890	815	849	897	994	1017
1102	1055	1013	1018	997	984	1032	1069	1006	1015	1091	1078	1004	1006	1083	1087	858	538	424	407	924	1066	998	905	871	890	940	994
1162	1255	1051	1028	1051	1016	966	1002	1022	1021	1021	950	872	965	1087	1088	901	657	585	560	813	1066	1065	998	931	942	943	996
1215	1257	1100	1110	1158	1094	981	847	767	812	797	844	1020	1042	1061	1088	1058	924	775	910	982	1035	1061	1046	1019	990	993	1008
1091	1091	1107	1132	1092	1036	994	887	924	1049	1055	1063	1063	925	938	1031	1078	1071	1027	1053	1062	1079	1075	1089	1080	1050	1043	1027
23	22	24	25	22	24	24	23	24	23	23	22	22	21	22	23	22	22	22	22	23	23	21	23	22	23	26	23
24	23	25	24	24	24	23	23	23	22	22	23	21	22	25	21	22	21	23	24	23	22	21	23	22	25	24	22
23	25	24	24	24	23	23	22	23	22	22	23	22	24	24	22	22	22	23	24	22	21	24	23	23	24	23	24
24	22	25	22	22	23	22	23	22	23	23	24	23	24	23	22	23	23	23	23	22	23	24	21	23	24	24	24
24	21	20	20	22	22	23	23	23	23	24	24	22	23	23	25	23	24	23	23	24	23	22	22	24	24	24	23
22	22	20	20	20	21	23	23	22	24	23	23	22	24	25	24	24	24	24	24	23	22	22	24	24	24	24	23
21	20	19	21	19	18	20	18	22	20	18	19	21	25	24	25	23	25	25	24	23	23	23	23	24	25	22	23
24	29	26	29	28	29	24	22	17	19	43	32	26	23	21	19	20	26	25	25	23	22	22	24	25	21	22	23
92	56	32	27	27	30	30	49	90	134	87	67	59	48	32	22	19	23	24	24	23	24	25	24	22	23	24	24
716	644	562	505	473	453	441	436	466	558	476	176	75	46	44	59	54	26	20	21	24	28	25	22	24	25	24	26
1059	1047	1024	1011	1003	998	1003	987	954	903	855	714	540	329	144	57	86	63	25	23	26	28	28	26	23	22	24	24
1081	1074	1068	1040	1048	1077	1098	1095	1090	1082	1070	1060	1015	912	729	435	174	54	24	34	32	33	35	39	33	23	24	25
1040	1037	983	1026	1068	1097	1103	1110	1097	1104	1097	1089	1087	1085	1072	1002	805	463	127	3	19	34	33	33	42	39	24	26
619	800	924	928	931	1003	1026	982	1009	1038	1098	1088	1077	1080	1080	1086	1089	1037	806	409	96	0	11	29	27	44	36	20
321	622	875	903	912	973	917	851	827	719	860	1057	1057	1055	1079	1076	1073	1088	1090	1028	800	420	109	0	12	28	44	31
450	559	741	976	954	919	929	905	892	790	809	961	960	969	923	998	1047	1045	1056	1052	1065	1038	813	414	90	0	24	45
881	642	650	957	924	958	994	929	900	900	824	761	712	718	649	690	831	968	1039	1048	1047	1077	1088	1027	757	337	53	15
828	914	790	850	727	886	1044	947	942	874	798	672	586	602	537	523	444	562	961	1042	1031	1043	1077	1083	1082	976	617	191
572	809	544	469	460	573	962	945	879	817	717	561	538	504	456	413	289	432	835	979	1043	1013	1030	1065	1076	1084	1062	819
768	766	419	278	413	476	800	1008	900	918	786	595	503	377	364	270	258	585	947	1001	1051	1060	1044	1031	1062	1074	1075	1078
970	947	458	299	411	634	789	1018	1018	1031	980	871	529	289	378	262	351	615	891	1048	1074	1099	1054	1008	1024	1056	1074	1074
964	1013	880	823	773	881	973	991	1034	1031	994	1001	909	774	765	621	592	650	808	1053	1093	1084	1031	984	999	1029	1064	1075
1009	1007	1030	1058	1047	1043	1007	969	995	1031	1056	1044	1003	983	909	995	997	815	779	1045	1095	1095	1062	999	989	1010	1020	1068
986	1015	1085	1110	1010	989	1009	1029	991	973	977	1037	983	1001	1019	1023	1058	725	686	1090	1095	1105	1084	1053	1021	1003	1007	1036
1016	1022	1024	1064	983	987	1022	1083	1087	1004	962	994	1007	1017	1036	1038	1037	653	711	1021	1078	1088	1096	1081	1068	1033	1020	1009
1098	1093	980	1002	1014	1004	983	991	1040	1006	990	990	930	967	1040	1027	1039	800	575	695	996	1077	1090	1079	1085	1064	1028	1014
1126	1128	1026	1007	1109	1091	1014	1012	1006	981	975	968	956	1029	1049	1016	1024	959	637	552	800	1042	1083	1084	1078	1069	1029	1020
1081	1079	1094	1080	1081	1109	1104	1040	1052	1030	1005	1029	1054	1091	1059	1049	1024	1065	926	839	850	1030	1072	1079	1078	1059	1033	1034
23	22	23	23	23	23	23	24	24	24	25	25	24	24	23	23	24	23	22	22	23	23	22	23	25	23	24	24
24	23	23	24	23	24	24	25	24	24	24	23	24	24	23	23	23	22	22	23	24	23	21	24	23	24	24	23
25	24	24	24	24	24	25	23	23	24	23	23	24	25	23	22	24	22	23	23	24	22	24	24	24	24	23	23
27	25	25	25	24	25	24	22	23	24	22	23	23	24	23	24	24	22	23	24	23	24	24	24	24	23	23	24
27	26	25	23	24	25	22	22	23	24	22	23	23	24	23	25	24	24	23	24	24	23	24	25	23	22	24	25
25	26	25	24	24	24	22	21	23	24	24	23	23	24	24	24	24	25	24	24	23	24	24	24	23	24	24	23
25	25	23	24	23	24	23	22	22	25	23	21	23	24	23	23	25	25	25	24	24	24	24	24	25	23	23	24
23	23	21	23	23	23	24	21	22	21	19	20	23	24	24	23	23	25	24	26	25	24	24	24	23	22	23	23
12	18	19	23	28	31	29	24	29	32	25	24	18	19	21	22	23	26	24	26	26	24	23	23	23	23	24	24
107	93	66	39	28	20	19	51	72	113	96	71	55	37	26	19	18	24	23	24	26	25	24	22	24	25	23	25
730	706	656	585	543	503	451	388	318	246	177	104	82	57	53	56	42	21	18	23	22	25	24	24	25	23	23	25
1075	1065	1050	1032	1020	1035	1026	995	945	864	752	613	445	264	108	44	76	112	51	20	19	21	23	25	22	23	23	24
1079	1079	1062	1054	1053	1073	1081	1088	1088	1086	1077	1051	1002	893	718	479	233	105	69	33	23	24	25	28	28	28	24	23
658	535	656	881	994	1043	1064	1043	1065	1079	1082	1079	1077	1071	1064	1023	896	638	337	137	55	28	27	32	34	35	33	26
201	174	327	625	663	602	794	929	970	978	1020	1068	1089	1097	1085	1074	1085	1075	968	710	407	186	63	26	29	34	35	44
348	244	272	641	742	331	414	689	791	890	954	919	849	912	1016	1068	1085	1092	1097	1076	975	751	440	196	60	22	25	31
697	348	342	651	860	481	264	718	872	890	682	380	312	325	445	618	757	909	976	1017	1066	1080	1013	774	435	180	49	16
937	661	604	746	835	789	673	987	1053	900	481	225	191	158	200	242	335	455	575	583	766	1035	1080	1089	1013	746	392	144
785	1037	984	861	814	877	880	1044	1100	964	634	344	226	177	252	292	456	634	778	685	718	896	1025	1072	1077	1089	989	653
748	999	1023	983	956	946	993	1011	1055	1014	819	577	415	369	388	520	859	1030	1097	1082	923	898	801	981	1065	1076	1083	1076
1029	1048	1052	1050	1061	1046	918	840	1000	1072	1047	961	838	711	635	803	1002	1081	1094	1091	1074	985	710	675	965	1060	1070	1077
1050	1032	1035	1053	1055	1061	993	986	1033	1055	1055	1053	1059	1022	1008	1025	1047	1105	1103	1074	1074	984	793	751	1024	1049	1048	1070
1035	1029	1020	1030	1042	1044	1041	1032	1035	1025	1039	1035	1027	1039	1048	1021	1052	1090	1071	1070	1077	1064	1055	1061	1079	1073	1041	1055
1033	1084	1059	996	1023	1037	1030	1025	1015	1009	1010	1030	1008	1008	1044	1018	1007	1022	1036	1078	1082	1085	1085	1092	1100	1090	1045	1039
1030	1033	1050	1030	1004	1009	1011	1015	1078	1028	996	1010	999	1002	1009	1008	1009	1020	1005	1007	1064	1088	1096	1101	1101	1082	1036	1037
1002	984	1023	1047	980	978	1003	996	1040	1039	1050	1015	1011	1010	1002	1010	1012	1032	1032	1004	1018	1073	1107	1108	1107	1094	1043	1043
1012	998	1004	1045	1015	980	1000	978	963	974	1020	1032	1019	1008	1011	1025	1041	1048	1062	1074	1061	1032	1055	1085	1097	1098	1073	1084
1015	1014	1015	1022	1009	993	1033	990	939	971	996	1017	1034	1027	1009	1007	1046	1073	1088	1102	1092	1052	1001	998	1061	1066	1087	1105
22	25	24	23	22	24	22	24	23	24	24	25	24	25	24	24	24	26	22	24	24	24	23	24	24	24	24	23
25	23	25	24	23	24	23	24	23	25	25	25	25	25	24	24	25	23	22	25	24	23	24	24	24	23	23	24
26	23	26	24	24	24	26	24	24	25	26	25	25	25	25	24	24	23	25	23	25	23	25	24	23	23	24	24
25	24	26	24	25	25	25	24	25	26	25	24	24	25	25	24	25	24	24	23	23	25	25	24	23	23	24	24
27	24	27	26	24	26	24	26	26	25	24	24	25	24	25	26	25	24	23	24	24	25	25	24	23	23	25	25
26	25	27	26	24	25	25	25	24	25	26	25	25	24	26	25	24	26	23	25	24	26	25	24	23	25	25	23
26	24	26	26	24	26	24	24	24	26	25	26	25	25	24	24	25	25	26	24	25	24	25	25	24	25	23	25
23	23	24	23	25	26	26	26	26	26	25	26	25	25	24	25	26	24	26	24	26	25	25	25	25	24	23	24
19	19	21	23	23	23	25	25	26	25	24	25	25	25	25	27	23	24	24	26	27	26	24	24	25	23	24	24
38	35	27	20	19	18	24	34	21	11	16	26	20	20	25	25	24	25	24	24	28	25	25	25	23	26	23	24
288	283	267	192	158	134	107	121	106	73	39	49	75	57	36	25	20	21	22	25	24	26	27	23	26	26	24	26
841	828	824	773	721	676	624	542	458	373	282	205	163	127	80	76	71	65	47	25	23	25	27	27	26	25	27	25
1102	1107	1097	1087	1071	1077	1071	1046	1007	943	848	730	576	408	253	152	90	87	126	88	37	25	24	26	26	26	26	25
1044	820	677	777	1033	1085	1103	1097	1091	1094	1088	1081	1053	970	812	668	475	253	121	67	45	41	33	25	28	26	24	29
482	229	209	257	772	827	904	1026	1075	1089	1091	1092	1083	1085	1093	1084	1044	904	644	349	153	72	48	39	31	28	27	28
310	241	274	221	471	648	388	463	775	1029	1028	1001	1087	1110	1102	1103	1096	1109	1112	1021	773	470	216	84	47	40	35	30
450	338	353	304	386	670	523	570	703	758	525	396	602	851	764	844	852	752	719	860	1078	1064	915	614	274	78	34	37
738	675	694	484	486	645	490	697	927	704	354	164	210	327	391	404	435	300	187	228	556	945	1082	1097	1002	705	306	58
1006	983	869	563	620	657	399	490	802	909	711	552	452	473	533	502	480	336	240	252	294	555	927	1072	1080	1101	1028	721
1080	837	566	623	767	774	412	283	519	1006	1065	1076	1032	976	941	931	889	830	808	795	752	628	855	962	1047	1061	1079	1099
1014	989	942	992	1026	1007	722	593	749	1027	1096	1088	1113	1126	1119	1116	1114	1127	1132	1145	1105	976	984	990	1055	1044	1040	1071
1048	1076	1063	1042	1044	1048	1059	1062	1066	1074	1090	1080	1090	1098	1100	1097	1102	1120	1112	1125	1108	1092	1105	1088	1089	1072	1029	1042
1040	1039	1035	1026	1029	1031	1036	1038	1060	1072	1091	1094	1082	1083	1085	1078	1076	1100	1111	1115	1106	1093	1095	1096	1100	1091	1048	1017
1060	1013	1002	1023	1023	1030	1036	1030	1045	1074	1091	1091	1081	1083	1080	1060	1057	1067	1076	1094	1109	1102	1096	1096	1106	1097	1061	1038
1055	1015	983	1000	1014	1022	1023	1035	1008	1038	1074	1093	1079	1069	1058	1057	1061	1056	1050	1051	1074	1095	1097	1095	1106	1092	1080	1072
994	1021	1018	1008	1004	979	1011	1005	987	1025	1021	1034	1037	1030	1051	1089	1085	1075	1055	1036	1030	1026	977	1019	1089	1085	1088	1092
993	1030	998	1034	1013	990	999	996	961	986	1014	1032	1021	1008	1021	1081	1103	1099	1088	1078	1074	928	788	878	1026	1052	1091	1098
1005	1003	1001	1023	1015	990	996	977	921	988	1046	1035	1040	1043	1032	1040	1071	1094	1097	1099	1099	1032	966	990	1019	1016	1057	1062
24	24	25	25	25	25	24	24	25	24	24	25	24	25	24	23	24	24	24	24	24	24	24	24	24	24	24	24
24	24	24	26	25	25	25	24	25	25	24	25	24	25	24	23	24	24	23	25	25	24	24	23	25	23	23	24
25	25	26	27	26	25	25	26	24	25	24	25	24	25	25	23	24	25	24	26	24	25	24	24	24	23	24	23
26	26	27	26	27	26	25	26	25	24	24	26	24	26	25	25	25	25	25	25	26	25	25	24	23	23	24	23
27	27	28	26	27	26	25	25	25	25	26	25	25	25	26	25	25	25	25	25	26	25	25	23	23	23	23	23
27	28	28	27	26	26	25	26	26	25	27	25	25	26	26	25	26	26	25	26	24	25	25	24	23	22	23	23
27	27	27	26	28	27	26	27	26	26	26	26	26	26	25	25	25	26	26	25	25	25	25	23	23	22	24	23
25	25	27	26	29	28	28	28	27	27	27	26	25	26	26	24	25	24	26	26	26	25	24	24	23	23	23	23
23	25	26	25	28	28	29	29	29	27	27	25	25	26	26	26	25	23	27	27	27	24	24	24	25	23	23	23
22	23	23	22	23	23	26	26	25	27	27	26	25	25	26	27	26	27	26	25	26	26	25	25	23	23	25	23
50	49	49	46	48	45	47	77	52	35	27	27	31	25	25	26	28	28	27	24	25	28	25	24	24	25	25	23
304	295	273	226	184	151	123	119	114	96	67	52	69	80	53	40	31	24	23	23	25	23	25	27	24	25	26	25
990	984	972	923	857	801	731	650	585	503	381	264	168	120	90	80	75	66	65	50	29	25	25	26	26	27	28	27
1114	1095	1050	1089	1086	1095	1089	1073	1071	1063	1024	956	826	619	394	197	91	45	67	99	57	35	36	33	28	28	26	26
835	436	303	601	995	1057	1093	1092	1081	1080	1086	1088	1089	1084	1031	922	749	490	228	81	32	20	34	45	44	33	25	26
146	7	33	80	607	923	874	1010	1097	1100	1089	1094	1091	1085	1090	1105	1111	1101	1015	798	468	179	34	3	29	47	40	26
137	17	47	121	583	601	323	512	737	785	825	957	972	1069	1062	960	826	697	766	917	1051	976	728	378	87	2	28	42
516	309	500	649	714	484	327	492	602	501	636	754	802	887	600	294	217	185	252	308	581	986	1088	1066	867	479	145	27
874	917	680	333	274	376	596	604	597	831	850	893	980	877	399	270	207	254	350	320	581	889	1042	1057	1088	1096	933	590
489	594	439	203	244	256	404	612	695	1019	1062	1078	1100	1014	618	441	361	577	619	669	985	1050	1088	1095	1048	1055	1095	1110
343	651	710	494	419	468	567	800	931	1071	1095	1096	1100	1088	1034	905	873	785	654	693	997	1126	1114	1114	1092	1037	1037	1069
407	724	876	978	907	886	967	1006	994	1080	1106	1099	1091	1090	1095	1092	1042	802	704	684	874	1099	1103	1106	1110	1080	1016	1048
710	857	980	1062	1038	1058	1050	1037	1046	1076	1104	1109	1103	1101	1102	1094	1078	1032	1013	947	967	1078	1099	1104	1106	1090	1041	1001
1007	1022	1044	1055	1053	1063	1045	1034	1042	1059	1078	1097	1104	1108	1103	1079	1107	1100	1090	1064	994	1047	1107	1103	1057	1031	1072	1018
1023	1007	989	1037	1035	1034	1042	1034	1033	1036	1053	1059	1071	1068	1047	1070	1105	1099	1094	1068	1013	977	948	1048	1031	988	1064	1066
987	1003	1033	1073	1062	1015	1019	1011	1015	1017	1020	1021	1037	1025	1025	1072	1103	1105	1097	1079	1050	966	832	919	1001	1016	1064	1061
997	1030	1067	1079	1086	1030	973	978	1001	1015	1012	1029	1014	1035	1036	1046	1081	1094	1100	1093	1073	1046	1015	984	971	1045	1055	1039
1014	1020	1037	1033	1026	1006	1001	1003	1002	984	1013	1051	1039	1037	1034	1033	1039	1060	1074	1086	1078	1044	1056	1053	962	977	1039	1039
23	23	27	24	25	26	25	24	25	23	25	24	23	24	24	24	24	23	23	24	24	24	23	24	24	24	24	24
24	24	25	25	25	26	25	25	25	25	24	25	23	24	24	24	24	24	24	24	25	24	24	23	23	24	24	24
26	25	25	26	26	26	25	26	25	25	24	24	23	24	24	24	24	25	24	25	25	24	23	23	23	24	22	23
25	26	26	25	26	25	26	27	25	25	25	25	24	24	25	26	25	24	24	25	26	24	24	24	23	22	23	23
27	25	27	27	26	25	26	26	24	25	26	24	24	24	25	25	26	24	25	25	26	24	24	25	22	23	23	24
27	27	27	28	26	26	24	26	25	26	26	25	24	25	25	25	26	25	25	25	25	24	25	24	23	22	23	22
25	29	27	26	26	26	25	25	26	26	25	25	25	25	26	25	26	26	26	25	24	26	24	24	23	22	22	23
26	26	26	25	26	26	27	27	27	25	26	25	25	26	26	26	26	26	26	26	26	25	25	24	24	22	22	24
25	25	24	25	26	27	27	28	28	26	24	27	25	25	26	27	26	25	26	27	27	25	24	25	24	23	23	23
25	26	25	24	24	25	25	26	27	27	27	27	26	26	25	28	27	27	25	27	26	26	25	24	24	24	23	20
19	18	21	27	37	44	45	50	28	22	27	29	30	26	26	25	27	27	27	26	26	28	26	24	24	24	24	22
33	35	34	26	16	15	26	92	104	66	32	21	25	27	24	21	24	26	27	26	26	25	27	26	23	24	25	24
526	520	479	405	319	244	174	115	95	93	84	60	32	49	50	42	31	22	20	24	26	26	26	27	27	25	26	27
1094	1102	1096	1063	1026	979	911	824	722	623	541	453	340	205	148	93	70	57	38	28	21	23	25	27	28	28	25	24
1095	1004	908	997	1075	1099	1106	1103	1099	1083	1066	1046	989	870	688	441	283	171	108	111	88	35	24	27	26	27	25	24
653	353	267	478	800	1053	1076	1087	1091	1097	1090	1084	1090	1096	1087	1056	984	837	628	417	287	126	28	31	36	38	39	30
71	0	11	27	259	823	621	839	953	995	1083	1103	1094	1086	1085	1049	972	985	1036	1039	893	626	348	118	43	51	64	70
322	162	162	217	396	816	326	365	331	331	567	787	1059	1092	956	537	295	275	466	760	1010	1093	1029	806	448	146	24	22
642	562	645	567	430	694	682	609	488	390	417	504	759	684	634	585	334	336	488	401	626	963	1094	1094	1075	895	544	234
173	182	311	545	322	337	590	838	966	1025	966	830	711	572	568	633	635	582	509	466	669	935	1086	1074	1062	1099	1095	973
81	76	160	571	366	244	422	416	560	981	1085	1101	1070	1022	967	849	864	814	645	634	854	1029	1055	1061	1062	1038	1052	1069
51	21	111	630	502	269	634	647	521	826	981	1033	1082	1091	1098	1092	1000	653	474	463	878	1095	1052	1072	1086	1040	1030	1047
418	256	394	834	718	535	887	1060	1044	1025	974	969	1053	1080	1078	1039	960	766	782	763	940	1099	1078	1082	1074	1021	1026	1035
1005	902	834	962	791	775	991	1053	1047	1044	1042	1045	1058	1066	936	848	959	1042	1042	1018	964	1048	1064	1056	899	759	1002	1048
1031	1029	947	1018	1007	974	1001	1049	1048	1047	1039	1031	1031	1048	999	968	1025	1072	1062	1028	1014	1032	1012	928	842	786	989	1079
990	993	1022	1045	1052	1034	1030	1042	1068	1060	1051	1044	1056	1063	1046	1042	1055	1075	1052	1026	1033	1063	996	875	898	975	1038	1093
987	1009	1031	1087	1076	1011	1011	1030	1040	1042	1037	1039	1055	1071	1058	1059	1051	1041	1042	1026	1019	1038	1021	957	1007	1051	1089	1237
1017	1054	1028	1083	1064	1005	1021	1026	1014	1031	1031	1035	1044	1059	1054	1050	1032	1013	1027	1021	1015	1017	1044	1055	1059	1063	1189	1363
24	24	24	23	24	24	24	24	24	23	25	23	22	23	24	25	24	23	24	24	24	24	23	24	24	24	25	24
24	24	24	23	24	23	25	24	23	25	24	23	24	24	25	26	22	24	25	24	24	24	24	24	24	23	25	25
25	25	24	24	24	24	25	25	23	25	24	23	25	24	25	25	23	24	24	24	25	24	23	23	24	24	23	25
25	25	24	25	24	24	25	26	25	25	25	24	25	25	25	26	24	23	23	24	25	25	23	24	23	23	24	25
27	24	25	25	25	25	25	27	25	24	26	24	26	24	25	26	25	24	24	24	25	24	24	23	22	24	25	23
26	24	26	26	26	25	25	26	24	26	26	25	25	25	25	25	26	25	24	24	24	24	24	22	23	25	23	23
26	26	26	25	27	25	26	25	25	27	25	26	26	25	25	25	26	25	24	24	24	23	23	24	25	23	23	25
26	25	27	25	26	27	26	26	26	25	25	25	25	25	27	26	24	25	25	25	25	24	24	25	25	22	25	25
27	27	26	27	25	26	26	26	26	27	25	25	26	26	27	26	25	27	25	27	27	23	24	24	25	24	25	23
26	26	27	27	24	24	24	23	25	27	26	27	27	26	26	27	28	26	26	27	25	25	25	25	25	25	25	23
22	28	26	30	39	47	52	55	30	24	28	28	29	28	27	28	27	28	26	26	26	27	26	24	25	25	26	25
56	59	61	65	62	53	66	134	140	89	36	22	27	30	29	28	26	27	27	27	25	25	27	25	24	25	27	23
95	91	77	56	39	25	16	13	37	77	99	74	37	23	24	20	23	24	24	25	25	25	24	26	27	25	24	24
682	671	639	569	492	432	360	276	191	114	73	79	86	39	64	87	55	30	19	22	23	25	25	26	29	25	23	25
1102	1112	1104	1069	1065	1045	1011	961	896	805	686	560	419	259	171	95	79	80	65	48	38	27	27	25	28	25	27	25
1103	1044	999	1011	1079	1092	1093	1096	1102	1102	1089	1073	1026	935	787	564	384	230	115	56	56	42	26	26	23	24	27	25
838	596	567	638	843	1059	1101	1102	1094	1101	1099	1097	1094	1094	1094	1086	1036	932	779	578	329	123	24	11	22	30	33	32
486	186	171	158	304	831	907	838	945	953	960	1024	1081	1097	1088	977	789	741	788	943	998	836	535	229	49	8	19	26
476	425	487	433	275	639	513	262	424	594	679	701	688	777	832	652	375	440	448	577	771	1002	1078	932	635	287	78	17
482	434	608	839	673	778	442	36	180	715	687	401	350	390	617	617	516	612	613	611	458	755	1044	1101	1093	959	698	415
614	346	329	453	762	886	654	189	404	723	590	558	520	699	816	947	929	909	712	442	466	827	767	947	1074	1083	1084	1044
644	425	235	268	705	842	944	833	845	596	493	780	794	903	919	1029	998	863	689	547	798	1007	794	932	1017	1016	1045	1062
649	415	245	322	775	884	997	1074	1050	981	910	915	1023	1078	996	875	743	612	655	884	1064	993	946	1019	1022	1024	1064	1077
717	785	399	327	735	814	949	1051	1051	1045	1045	1005	1009	1034	850	696	691	824	971	1063	1084	1015	1007	1035	1047	1051	1070	1084
730	982	595	429	742	969	970	1042	1041	996	1023	1043	1058	1052	1011	1002	1012	1047	1050	1036	1062	1088	1061	1031	1052	1086	1091	1081
968	1011	937	898	950	1054	1053	967	801	853	925	1014	1063	1049	1045	1055	1043	1025	997	999	1016	1037	1046	1054	1085	1136	1254	1346
1015	1028	1045	1071	1065	1055	1019	856	819	977	987	1017	1056	1047	1044	1048	1026	992	1009	1037	1033	1044	1061	1084	1104	1254	1472	1507
1013	1022	1054	1082	1076	1057	1029	1019	1038	1054	1046	1050	1054	1049	1043	1030	998	986	1034	1060	1067	1078	1080	1079	1157	1479	1526	1333
23	23	22	24	23	23	24	24	23	23	24	23	24	24	22	23	24	23	23	24	25	24	24	24	25	24	24	25
24	23	23	23	24	24	24	24	25	23	24	24	24	24	22	25	23	24	24	25	25	24	24	25	24	24	24	25
24	24	23	24	25	24	24	25	24	25	24	24	24	24	24	24	23	23	24	25	25	24	25	25	23	24	24	24
25	25	24	25	24	24	25	26	25	25	25	24	25	25	25	24	23	23	24	25	24	25	25	24	23	24	24	25
26	26	25	25	25	24	25	26	25	25	26	24	25	25	24	24	23	24	24	24	25	25	25	23	23	24	25	24
26	26	26	26	26	24	26	27	25	26	25	25	25	25	24	24	24	24	24	24	25	25	24	24	24	24	25	24
26	26	27	26	26	26	26	26	26	25	25	26	26	25	24	25	24	24	25	25	25	24	25	24	24	24	24	25
28	27	28	27	26	26	26	26	26	25	25	26	25	25	24	24	24	25	25	25	24	25	24	25	25	25	25	26
28	28	27	28	26	25	26	27	26	27	25	25	25	25	25	25	25	26	24	26	26	25	24	24	26	25	25	24
28	28	28	28	27	26	26	27	27	26	26	27	26	26	25	25	27	25	24	26	26	25	23	26	25	26	24	23
28	29	29	28	28	27	27	27	26	27	28	27	27	26	25	25	25	25	26	24	25	25	26	25	25	25	24	26
27	27	28	29	28	28	28	24	23	25	26	29	27	28	26	25	24	25	27	24	25	26	27	27	25	24	26	25
53	47	43	39	34	27	24	27	29	29	26	25	25	27	28	27	25	24	25	26	26	25	26	27	26	24	25	26
87	91	88	75	64	57	42	26	16	13	15	19	19	22	20	21	23	23	25	25	25	25	25	25	26	26	26	25
682	674	641	596	538	486	430	364	283	196	115	57	23	6	10	11	14	20	21	21	23	25	26	25	27	28	26	25
1098	1104	1091	1074	1085	1070	1046	1007	942	846	717	581	447	301	208	57	7	0	2	12	18	23	24	26	26	26	29	28
1120	1113	1071	1039	1102	1096	1093	1099	1103	1102	1092	1066	1013	923	796	597	430	266	130	42	2	3	16	26	27	27	26	26
994	878	843	952	1029	1088	1098	1107	1111	1108	1106	1112	1114	1108	1094	1059	994	928	811	597	348	138	24	1	14	23	25	26
603	446	339	594	706	917	1044	975	995	1052	1094	1042	1024	1055	1102	938	760	882	1023	1078	984	772	485	210	49	5	12	18
491	283	229	244	238	607	892	437	374	580	647	468	365	383	565	812	523	604	766	959	1093	1108	1007	802	518	255	101	34
848	500	404	182	171	446	851	311	327	430	350	272	147	143	255	710	582	595	711	902	1044	1089	1105	1093	1032	927	794	673
905	870	562	235	351	553	970	853	815	767	713	669	565	611	530	628	851	894	785	938	1081	1049	1038	1031	1031	1061	1087	1093
643	709	839	617	697	828	1033	1042	984	1061	1077	991	817	887	1028	978	1018	977	898	1025	1081	1028	1014	998	1021	1066	1081	1079
643	707	1022	955	1009	1054	1043	1013	1017	1059	1074	979	843	830	1002	1075	1058	1052	1071	1083	1055	1021	1038	1043	1073	1088	1082	1076
704	891	998	853	859	1040	999	1018	1015	928	994	1070	1070	1042	1027	1041	1018	1024	1043	1046	1024	1029	1045	1069	1093	1084	1085	1081
1008	1056	1011	927	863	1003	1052	936	679	538	515	876	1071	1045	1037	1022	1002	989	1007	1029	1045	1076	1090	1101	1104	1238	1343	1174
1086	1073	1064	1058	1052	1056	966	669	584	747	749	827	1041	1022	1014	1029	1014	978	1015	1069	1086	1092	1093	1090	1174	1535	1444	1258
1075	1078	1074	1053	1056	1061	976	953	971	1037	1064	1057	1030	1005	1029	1065	1019	1001	1049	1080	1087	1089	1088	1081	1396	1470	1285	1244
23	23	22	22	23	23	22	24	23	23	24	23	22	23	22	23	23	23	23	23	25	24	23	23	24	23	25	25
23	23	23	21	24	23	23	24	24	23	24	24	23	22	22	24	23	23	23	24	25	23	24	23	23	24	24	24
23	24	23	22	24	24	23	25	23	24	23	24	24	23	24	23	23	22	24	24	24	22	24	23	24	25	24	24
24	24	24	22	23	25	24	24	25	24	24	24	24	24	24	23	23	24	23	23	24	24	24	23	24	24	25	23
25	24	25	23	24	24	24	25	25	24	26	24	24	24	23	23	24	23	22	23	25	24	25	23	25	24	23	24
25	25	24	26	25	24	25	26	25	25	24	25	24	23	22	24	23	23	23	25	24	24	24	25	24	24	23	25
25	25	26	26	26	26	26	25	25	25	24	25	24	24	24	23	22	24	26	24	25	24	25	24	24	23	25	24
26	26	27	26	27	25	26	25	24	25	25	24	24	25	24	23	23	25	24	26	25	23	24	24	25	22	25	24
28	27	27	26	26	23	26	25	25	27	25	24	25	24	24	24	24	24	25	26	24	24	23	25	24	24	24	25
27	27	26	26	26	26	25	26	26	26	26	25	25	24	24	24	26	25	24	24	25	25	23	24	24	25	25	23
25	26	27	26	27	26	27	28	25	25	26	26	26	24	23	25	25	24	24	24	24	26	24	23	25	25	24	22
24	23	26	27	25	28	27	27	26	26	26	26	26	25	25	25	23	23	25	24	25	24	25	26	24	23	25	24
52	45	36	29	24	22	25	26	29	28	27	26	23	25	25	25	24	23	24	24	25	24	26	26	24	23	24	26
57	70	77	78	77	61	37	24	24	26	26	27	26	24	23	24	26	24	23	22	25	25	23	23	26	25	22	23
45	43	37	33	32	48	68	62	38	18	13	14	21	23	22	22	22	25	23	23	25	25	24	24	25	24	24	24
656	655	645	624	575	502	421	335	247	170	103	55	24	8	12	14	22	25	27	27	27	26	25	25	24	25	26	26
1082	1084	1083	1075	1065	1049	1018	957	863	736	590	458	337	236	172	38	6	0	9	19	25	27	24	26	25	26	26	27
1098	1110	1085	1079	1097	1085	1085	1088	1086	1074	1050	999	924	813	677	477	340	207	90	18	0	7	20	28	26	25	25	27
1091	1080	1044	1049	1097	1104	1094	1109	1107	1099	1098	1098	1097	1068	1044	1031	978	861	661	416	208	69	9	6	19	24	26	26
625	655	797	812	806	986	1058	1033	1010	964	931	914	925	929	991	1078	1030	1056	1073	962	759	492	241	83	23	9	3	0
276	332	571	629	424	577	951	668	563	572	574	564	698	903	909	957	959	1006	1034	1080	1068	981	809	613	466	381	353	336
278	325	633	692	369	420	916	748	636	733	842	738	712	984	846	678	805	894	887	998	1031	1022	1023	1016	1011	1021	1024	1032
526	528	899	891	689	629	965	1041	1003	1036	1050	899	861	974	983	730	768	857	942	1015	983	971	985	983	1042	1069	1070	1067
963	860	1039	1079	1038	987	1009	1037	1011	1025	1030	906	937	1045	1071	1034	1018	1040	1042	1051	1000	1013	1038	1046	1080	1079	1077	1076
1093	1067	1061	1076	1069	1049	996	1017	1031	1035	1051	951	846	1024	1055	1037	1048	1060	1054	1036	1020	1050	1070	1087	1086	1080	1080	1079
1061	1053	1054	1062	1068	1050	1045	1050	1065	1061	1061	1045	912	1028	1035	1026	1066	1092	1054	1010	1062	1084	1086	1085	1086	1080	1071	1072
1048	1049	1045	1046	1048	1046	1054	1069	1062	1045	1039	1064	1069	1036	1047	1080	1101	1094	1060	1077	1089	1091	1088	1085	1102	1145	1116	1081
1040	1043	1040	1043	1049	1052	1054	1052	1039	1030	1025	1058	1072	1039	1074	1093	1095	1084	1084	1093	1101	1097	1098	1087	1159	1243	1164	1082
23	23	24	23	23	24	23	23	23	24	22	23	23	23	23	23	24	23	24	23	23	24	23	25	25	22	24	25
23	24	23	24	24	23	24	25	24	23	22	25	23	23	23	24	23	23	24	24	24	22	25	23	24	23	25	24
24	24	24	24	23	24	24	25	24	23	24	25	23	24	24	23	23	23	23	25	23	24	24	23	24	24	24	24
24	24	25	23	24	25	24	24	25	25	25	24	24	24	25	23	24	23	24	23	25	23	23	24	24	24	24	24
24	25	25	25	25	25	24	24	26	26	25	25	24	23	24	24	24	24	23	24	24	23	25	24	24	24	24	25
25	25	25	25	26	25	25	25	26	26	26	25	24	23	24	24	24	23	24	24	23	25	25	24	24	24	24	24
24	26	26	25	26	26	25	27	26	26	25	25	24	24	25	23	24	25	23	24	23	25	24	25	24	24	25	24
25	26	27	25	26	26	27	27	26	26	26	24	24	25	24	24	24	24	24	26	23	23	24	24	24	24	25	24
26	27	26	26	26	27	27	26	26	27	25	24	24	23	25	25	24	24	25	25	24	23	24	24	26	24	22	25
27	26	27	27	27	27	27	26	27	25	26	24	23	24	24	24	24	25	24	24	25	26	23	24	24	25	23	23
28	26	28	28	29	28	28	26	24	24	25	24	24	24	23	25	24	24	24	25	24	26	25	23	23	24	24	24
27	27	27	29	28	26	26	26	23	25	24	23	23	25	24	25	21	24	25	24	24	24	26	24	22	24	26	24
46	40	33	24	22	23	25	25	25	24	24	24	22	24	24	24	24	23	23	24	25	24	24	26	25	24	24	25
80	89	91	82	66	40	21	19	23	23	24	25	23	21	23	25	24	24	23	24	25	23	25	26	25	25	24	24
7	7	13	25	48	83	83	49	22	18	19	22	23	23	24	21	22	24	24	23	23	23	26	24	25	26	25	24
49	53	49	39	22	3	7	38	49	39	22	15	16	18	23	23	22	22	24	25	26	25	25	26	26	27	27	26
748	777	781	762	720	641	517	357	212	120	72	41	16	11	19	18	22	25	28	29	27	26	27	28	26	27	27	28
1062	1071	1068	1065	1058	1062	1051	1017	935	788	615	447	297	219	120	19	9	8	16	26	28	29	28	28	28	28	27	30
1069	1078	1078	1075	1071	1063	1056	1051	1050	1048	1039	1016	949	845	642	419	249	121	43	12	12	22	28	29	30	30	29	29
1046	1070	1074	1100	1102	1082	1076	1079	1086	1075	1055	1042	1043	1052	1036	974	847	635	398	192	64	21	22	30	30	25	21	22
970	1038	1073	1093	1088	1082	1047	1023	990	981	993	1027	1027	1029	1035	1037	1039	1010	951	786	555	350	204	129	104	100	98	84
999	1052	1063	1081	1087	1081	1059	1027	950	915	945	961	1023	1047	1067	1084	1071	1036	1046	1033	1014	989	922	859	813	803	820	806
1059	1073	1049	1054	1068	1066	1047	1053	1040	1004	930	615	799	1055	1049	1053	1060	1060	1063	999	983	1003	997	997	1018	1044	1068	1081
1049	1054	1038	1035	1040	1044	1042	1041	1055	1042	930	544	474	881	1047	1029	1045	1036	1011	1021	1015	984	1007	1046	1063	1068	1071	1067
1031	1033	1033	1031	1034	1035	1041	1042	1047	1044	1004	792	455	752	1046	1045	1082	1085	1132	1232	1069	1011	1032	1076	1082	1077	1073	1072
1033	1032	1033	1033	1031	1033	1035	1038	1040	1042	1026	992	764	926	1032	1068	1082	1091	1133	1254	1077	1074	1082	1080	1081	1079	1080	1077
1028	1030	1030	1030	1030	1032	1033	1038	1039	1037	1019	990	1014	1013	1012	1060	1084	1089	1079	1068	1085	1081	1081	1071	1081	1072	1071	1076
1026	1028	1026	1029	1029	1031	1033	1037	1036	1040	1028	984	1005	997	1001	1056	1097	1130	1163	1104	1096	1094	1086	1073	1069	1058	1063	1063
23	23	23	23	23	24	23	24	24	23	23	24	23	24	22	24	24	23	25	24	22	23	25	24	25	25	24	25
24	24	24	23	24	24	23	24	25	23	23	25	24	24	22	24	24	23	25	23	23	24	24	24	25	25	25	25
24	25	23	23	25	24	23	24	25	24	24	25	24	24	24	24	24	23	24	24	25	24	25	24	25	25	25	25
24	25	24	24	25	24	23	25	25	24	26	24	24	25	24	24	24	23	24	25	25	24	26	25	25	25	25	24
25	24	25	25	25	24	25	25	26	25	26	24	25	24	24	25	24	25	25	26	25	25	25	24	25	25	24	24
25	25	25	25	25	25	25	25	26	25	26	26	25	25	25	25	26	26	24	25	25	24	25	25	25	24	24	24
24	25	25	25	25	26	26	25	26	26	25	26	26	26	25	26	25	26	25	25	24	24	25	26	23	24	24	24
25	26	26	25	25	26	27	27	26	27	27	26	26	26	26	25	24	25	26	25	24	25	24	25	24	23	24	25
27	27	26	25	26	27	27	27	29	27	26	26	26	25	25	24	25	25	25	26	25	24	23	26	25	24	24	25
28	27	28	28	27	27	29	28	27	26	27	27	25	25	24	25	24	25	24	25	25	25	25	25	25	25	24	25
28	29	29	29	29	28	28	26	25	27	26	27	25	24	24	25	24	25	25	25	25	26	25	25	24	25	24	25
28	28	29	28	28	27	26	26	27	25	26	24	25	26	26	25	23	25	26	25	24	24	26	27	23	24	24	25
45	37	29	24	25	25	26	26	26	26	25	25	25	26	26	25	25	24	24	25	24	24	25	26	26	23	24	26
83	88	89	78	52	25	21	25	25	24	27	26	25	23	25	26	25	23	23	25	25	24	24	26	25	25	25	24
23	27	33	48	78	94	57	22	19	22	23	24	25	26	26	22	23	25	24	24	25	25	24	23	26	27	26	24
4	4	4	5	7	26	76	83	43	22	18	20	23	25	24	23	24	24	25	25	25	25	26	26	26	27	27	25
165	186	198	197	177	134	76	53	60	55	36	25	22	20	23	26	26	27	27	27	27	27	25	28	27	25	27	29
866	879	892	898	890	865	792	654	469	294	168	83	32	29	22	27	29	29	29	28	28	28	27	29	28	28	28	28
1035	1039	1041	1032	1019	1025	1023	1023	1014	956	835	646	425	285	93	18	14	21	25	30	30	29	30	30	30	28	28	28
1044	1047	1056	1048	1038	1035	1031	1022	1013	1004	1013	1016	973	843	610	366	172	59	20	24	32	33	32	30	30	29	28	28
1067	1066	1075	1062	1053	1055	1052	1047	1040	1026	997	1000	1016	1028	1027	961	830	646	435	233	110	69	53	35	24	18	11	6
1062	1068	1064	1049	1046	1042	1039	1026	1003	981	974	989	1032	1039	1039	1027	1031	1048	1029	952	842	759	697	589	499	439	394	357
1045	1046	1038	1039	1040	1033	1025	1027	999	959	961	997	1023	1034	1024	1017	1028	1034	1018	1014	1026	1046	1053	1016	1003	1024	1045	1044
1026	1032	1032	1029	1026	1033	1034	1031	1028	1003	968	985	992	981	980	996	1057	1086	1055	1011	1030	996	985	997	1009	1052	1071	1072
1023	1028	1031	1022	1027	1036	1038	1045	1047	1049	996	983	999	979	984	1013	1092	1093	1116	1321	1224	1027	991	1039	1050	1055	1064	1072
1030	1030	1032	1028	1034	1037	1041	1052	1064	1094	1075	1008	1006	988	970	1019	1090	1080	1087	1287	1204	1044	1025	1073	1074	1074	1066	1062
1029	1026	1030	1024	1032	1034	1036	1044	1067	1117	1161	1137	1095	1046	998	1006	1072	1073	1064	1031	1027	1052	1068	1080	1079	1081	1078	1072
1027	1026	1030	1024	1032	1032	1035	1035	1058	1113	1180	1254	1293	1323	1257	1167	1120	1091	1084	1058	1055	1068	1073	1070	1081	1080	1078	1073
24	23	24	24	25	24	24	23	25	24	24	24	24	24	23	25	23	24	24	25	23	24	25	24	24	25	24	25
24	24	25	24	24	25	24	25	25	24	25	25	25	24	24	24	24	24	23	25	23	25	24	24	25	25	26	25
24	25	24	25	24	25	24	26	23	25	26	25	25	24	25	24	24	24	24	25	24	24	25	25	25	24	26	24
25	26	25	26	25	25	25	25	25	26	26	25	25	25	25	25	24	24	25	26	25	24	25	25	24	25	25	23
25	25	27	25	26	25	25	26	26	26	25	25	26	26	26	25	25	25	26	26	25	25	25	24	25	24	24	23
26	26	26	26	26	26	25	26	27	26	26	26	26	25	27	25	27	26	25	25	25	24	25	24	23	24	23	24
27	25	26	26	26	27	26	26	27	26	27	27	27	26	26	27	26	26	26	24	25	24	25	23	23	23	24	23
27	26	27	25	28	27	27	28	27	28	27	28	27	26	27	27	24	26	26	25	24	24	23	23	24	24	24	24
28	28	27	26	27	28	28	28	29	27	29	28	27	26	27	26	25	24	25	25	24	22	24	24	24	24	24	25
29	27	28	28	29	29	29	29	27	29	29	27	27	27	26	26	24	24	24	24	24	25	24	23	24	25	25	24
29	30	29	30	29	30	29	28	27	28	28	28	28	27	25	24	24	24	23	24	23	25	24	24	25	25	24	25
31	29	29	28	28	29	28	28	28	27	27	27	28	27	25	24	23	23	24	24	22	24	25	26	23	24	25	23
50	40	29	24	26	28	27	28	28	28	28	27	26	26	25	26	22	22	24	24	24	23	24	24	24	22	24	25
79	84	89	74	40	22	25	27	27	28	28	26	27	25	24	24	24	23	22	24	23	24	22	22	25	25	23	23
15	22	31	53	89	78	34	23	25	25	25	25	26	25	23	22	23	24	24	22	22	23	22	23	23	25	24	24
8	22	28	28	29	62	93	40	23	23	22	22	22	25	23	22	21	22	22	23	23	23	24	22	23	24	26	25
0	0	2	7	8	3	36	71	53	29	22	23	22	22	21	23	21	22	23	25	24	23	23	24	24	25	26	25
145	163	195	229	251	251	202	147	101	63	28	17	20	21	24	25	24	23	24	24	24	23	24	25	26	24	25	26
724	743	786	852	904	919	901	846	727	549	330	129	50	32	20	26	28	28	28	27	28	26	26	27	26	25	25	27
1002	1016	1028	1027	1008	1006	1007	1013	1019	1015	944	730	490	234	71	27	21	27	30	30	29	30	29	28	28	27	27	27
1018	1018	1032	1021	1019	1023	1012	999	997	991	1008	1013	959	795	596	396	238	135	66	28	20	24	25	25	25	25	24	25
1022	1037	1041	1029	1032	1037	1027	1017	1018	1014	1032	1041	1043	1030	1006	964	885	774	637	488	380	297	225	156	105	73	57	43
1057	1052	1050	1048	1055	1072	1082	1088	1068	1034	1049	1074	1049	1014	1015	1045	1045	1024	1011	990	965	943	888	839	781	739	712	670
1227	1089	1067	1170	1256	1227	1208	1187	1191	1132	1026	1031	1010	990	1000	1003	1011	1006	1014	994	987	1000	979	976	1033	1074	1081	1083
1280	1176	1123	1260	1253	1231	1215	1212	1238	1281	1113	1051	1025	980	973	989	1030	1062	1053	1024	1084	1049	976	979	1019	1052	1069	1069
1234	1203	1147	1241	1183	1179	1183	1195	1233	1321	1333	1157	1080	1055	993	982	1052	1081	1075	1068	1140	1108	986	997	1016	1029	1048	1057
1176	1178	1137	1214	1143	1139	1145	1171	1208	1240	1298	1373	1242	1099	1069	1016	1039	1078	1077	1063	1062	1049	1001	1031	1051	1040	1033	1039
1128	1146	1104	1160	1107	1115	1138	1161	1201	1233	1238	1287	1366	1330	1173	1089	1052	1053	1050	1027	999	1015	1030	1063	1070	1067	1065	1065
24	24	24	24	25	23	24	24	24	24	23	24	24	23	24	24	23	23	23	22	22	23	24	22	23	22	24	24
24	24	25	24	24	25	24	25	24	24	24	24	24	24	24	23	23	23	23	23	23	24	22	23	23	24	23	25
25	24	24	25	25	25	25	25	24	24	25	24	25	24	24	22	23	23	23	24	24	22	24	23	24	24	24	25
26	25	25	25	25	25	26	25	24	25	24	25	24	25	23	23	23	23	23	25	24	23	24	24	23	24	24	23
25	25	26	25	26	26	25	26	24	25	25	25	25	24	24	23	25	24	25	24	23	24	24	23	24	23	23	22
26	26	26	26	27	26	26	24	25	26	25	25	24	24	25	24	25	26	24	23	24	23	24	24	22	22	23	24
26	27	27	26	27	27	26	24	26	26	25	26	24	24	25	25	25	26	24	23	23	24	24	22	21	23	23	24
27	27	27	27	26	28	25	27	27	26	26	25	24	25	26	25	24	24	25	24	24	22	22	23	23	23	23	24
28	28	28	28	27	27	28	27	28	26	26	24	24	25	26	25	23	25	25	24	23	22	23	24	24	23	23	25
28	30	29	29	28	29	28	27	26	26	26	25	25	25	25	24	24	25	23	24	23	24	23	24	23	24	24	23
30	30	31	30	29	27	27	26	25	25	25	25	26	26	24	24	25	23	23	23	25	24	25	23	23	25	24	23
30	29	29	28	27	25	26	26	27	25	25	26	25	26	25	24	22	24	24	24	23	24	25	25	24	24	25	24
57	45	31	23	25	27	25	27	27	26	27	25	25	25	25	25	23	23	24	24	24	24	24	25	25	24	24	25
39	55	77	67	28	22	26	26	26	27	27	28	26	24	24	24	25	25	22	24	26	24	23	24	27	25	22	23
55	4	0	49	92	57	25	25	24	26	27	25	26	25	24	23	24	24	25	25	23	24	23	22	23	25	23	23
214	91	6	0	31	90	54	23	27	26	24	23	23	25	25	25	23	24	25	23	23	22	22	22	22	23	24	23
334	198	57	6	28	55	86	35	27	27	27	25	24	22	22	23	22	22	21	21	20	21	21	21	21	21	22	24
406	238	74	0	3	7	49	62	45	29	21	25	23	21	21	20	21	21	20	21	22	20	21	21	21	22	24	25
454	329	217	197	300	372	360	289	189	89	22	10	18	21	24	24	24	23	25	22	24	22	22	23	25	25	24	25
780	805	864	938	969	989	976	906	791	599	325	114	41	12	21	27	28	27	28	28	26	27	27	26	26	26	25	26
1049	1063	1075	1065	1039	1016	1016	1010	1012	972	824	591	322	128	49	21	14	15	21	28	31	30	30	29	27	27	27	26
1029	1033	1051	1046	1034	1019	1010	998	997	1029	1034	955	793	631	456	292	174	103	66	49	37	24	13	10	10	10	12	13
1029	1049	1061	1056	1042	1044	1035	1028	1065	1072	1067	1063	1029	973	909	810	713	621	548	490	479	451	402	357	297	246	203	155
1125	1072	1064	1108	1160	1136	1139	1141	1145	1102	1057	1054	1010	1037	1073	1028	1002	962	987	983	971	986	971	971	981	978	951	901
1227	1126	1083	1185	1200	1178	1164	1136	1121	1098	1060	1048	990	998	1015	998	1012	1023	999	975	986	1002	979	1021	1066	1077	1075	1077
1268	1195	1118	1238	1191	1152	1132	1112	1106	1092	1069	1066	1048	997	968	986	1055	1101	1043	1016	1101	1059	985	1001	1037	1065	1070	1070
1309	1265	1133	1317	1227	1144	1109	1094	1097	1087	1079	1067	1068	1069	1032	983	1018	1068	1063	1078	1124	1110	1027	972	991	1016	1051	1070
1327	1330	1154	1403	1270	1174	1136	1110	1094	1081	1074	1069	1052	1047	1064	1056	1017	1037	1082	1084	1079	1096	1072	1025	1004	1004	1044	1066
23	24	24	23	24	24	23	24	24	24	23	23	23	23	22	24	22	22	23	23	23	23	23	23	23	23	25	24
24	24	24	24	24	24	24	24	24	24	23	23	23	23	23	23	22	23	24	23	23	23	23	23	23	24	24	23
25	24	24	25	24	24	25	23	24	24	24	23	23	24	23	22	22	24	23	24	23	24	24	23	24	24	23	23
25	25	25	25	25	24	25	23	24	24	24	23	24	23	24	23	24	24	24	23	24	24	24	24	24	24	24	23
24	25	26	26	25	24	24	24	24	24	24	23	24	23	24	24	25	23	24	24	23	24	24	24	24	24	24	23
24	26	26	27	25	24	24	24	24	25	24	25	24	24	25	25	24	24	24	24	23	24	25	24	24	24	24	24
26	27	27	26	25	24	24	23	24	24	24	26	25	25	25	24	25	25	25	24	23	24	24	24	24	25	24	24
27	28	27	25	25	25	25	25	25	25	26	25	25	25	24	24	25	25	25	24	24	24	23	25	24	25	24	23
28	28	27	25	25	25	25	26	27	26	26	25	24	24	25	25	24	24	26	25	25	23	24	25	25	24	23	24
27	28	27	27	26	26	26	26	26	26	26	25	25	24	25	25	25	26	25	25	25	26	24	24	24	24	25	25
27	28	29	29	26	26	26	26	25	25	25	27	25	25	25	26	26	25	25	25	26	25	25	24	24	25	25	24
22	26	27	26	25	26	26	27	26	25	26	26	26	27	26	25	25	25	26	25	24	25	25	25	23	25	25	25
72	37	19	24	26	26	26	27	27	27	27	26	27	27	27	26	24	25	24	25	25	24	25	26	26	25	24	26
542	392	188	55	23	26	26	27	27	27	27	28	28	26	26	25	26	25	23	25	24	25	25	26	26	25	23	25
900	775	551	250	80	31	27	28	27	25	27	28	28	27	25	25	25	25	25	24	25	26	25	24	25	27	25	26
1049	937	736	418	130	72	29	31	29	29	27	25	25	27	26	26	24	25	26	26	26	24	25	25	25	26	27	25
1089	1029	828	424	113	99	44	29	31	31	29	27	26	24	25	26	27	24	25	25	25	25	24	25	24	25	27	26
1099	1058	928	504	75	93	97	47	34	31	30	30	28	26	25	26	26	25	24	25	26	24	24	26	25	25	26	26
1091	1065	970	655	164	39	83	71	39	24	29	31	29	28	28	27	27	27	27	25	26	25	26	25	25	26	26	27
1075	1068	1051	1027	878	544	351	265	146	49	14	21	27	32	31	30	30	29	29	28	28	27	26	25	28	27	26	27
1079	1080	1083	1097	1114	1081	870	704	535	303	122	46	15	23	30	33	32	32	32	32	30	30	30	30	29	28	28	27
1081	1082	1081	1074	1075	1078	1057	970	872	702	497	262	96	40	16	14	26	33	33	32	27	28	29	29	28	29	29	29
1078	1087	1084	1083	1077	1071	1059	1026	1008	958	818	610	433	277	170	113	75	57	42	39	48	56	57	53	40	26	16	9
1054	1089	1082	1077	1068	1061	1045	1012	1041	1054	998	885	770	651	585	551	537	525	547	603	678	724	726	702	654	586	501	424
1038	1060	1059	1053	1056	1049	1018	989	1029	1057	1063	995	950	947	947	980	1005	990	988	988	990	999	1004	1035	1057	1062	1052	1039
1051	1057	1065	1056	1064	1062	1034	1008	1028	1042	1059	1060	1019	997	990	1008	1028	1040	999	982	1003	976	1026	1065	1073	1068	1069	1065
1061	1058	1073	1059	1066	1060	1053	1049	1055	1053	1062	1055	1033	994	989	997	1008	1008	988	1033	1103	1022	1002	1014	1058	1079	1078	1068
1083	1080	1072	1085	1082	1057	1061	1065	1069	1068	1070	1078	1074	1063	1048	1021	993	1003	1007	1056	1104	1077	1071	990	1008	1053	1069	1070
24	23	23	23	24	23	24	24	22	24	23	22	23	24	22	22	23	22	23	22	23	23	24	23	24	23	23	24
24	24	24	24	24	23	24	23	24	23	23	23	23	23	23	22	22	22	23	23	23	23	23	24	23	23	24	24
24	24	24	24	23	24	24	24	24	23	23	24	22	23	23	22	22	23	22	25	23	23	24	23	24	24	23	24
25	25	25	24	24	24	24	24	24	23	23	23	24	23	22	24	22	23	25	23	24	24	23	24	25	23	24	24
25	26	25	25	25	24	24	24	23	23	24	24	23	22	24	23	24	24	24	24	24	23	23	24	25	24	24	24
26	26	25	26	25	24	24	25	22	24	25	24	23	23	25	24	25	25	23	24	23	24	25	25	24	24	25	24
26	26	26	26	26	24	25	23	24	24	24	25	23	24	25	25	25	24	24	24	24	25	25	24	25	24	24	25
26	28	27	25	25	24	25	23	25	24	24	24	26	24	24	25	24	24	25	25	25	24	24	26	25	23	25	24
27	29	26	26	25	26	23	25	25	25	25	25	25	24	25	25	24	25	25	24	25	25	25	24	25	25	24	24
27	28	26	27	26	25	25	25	24	25	27	25	24	26	24	25	25	26	23	25	26	26	24	25	25	25	24	24
28	28	27	28	27	25	25	25	25	25	25	25	25	25	26	25	25	25	24	26	25	26	26	25	24	26	24	24
25	28	28	28	24	25	24	26	27	25	24	25	26	26	27	25	25	25	26	25	25	26	26	26	24	24	25	26
46	15	14	26	25	25	26	27	26	26	27	26	25	26	27	26	25	25	25	26	26	24	25	26	25	25	26	27
596	423	172	24	23	26	26	26	25	27	28	27	26	25	26	26	26	24	25	24	25	26	24	26	28	26	25	26
1032	982	782	331	33	26	28	26	26	27	26	27	27	27	25	24	25	27	25	24	26	26	26	26	27	27	26	26
1083	1090	1059	807	195	23	30	29	28	27	26	25	26	26	26	26	25	26	25	27	26	26	26	26	26	27	27	26
1071	1079	1102	988	342	36	33	32	29	29	27	26	24	24	25	26	25	25	26	27	25	26	26	26	26	26	27	28
1071	1075	1073	888	233	66	40	33	31	28	29	28	25	25	25	26	25	25	25	25	26	26	25	27	26	27	27	27
1067	1077	1024	766	199	74	61	37	33	30	30	29	29	27	26	26	26	26	26	26	26	26	26	27	27	26	27	29
1071	1071	1035	815	425	181	54	35	24	31	33	32	32	30	28	28	28	28	28	26	27	28	27	28	27	28	28	29
1071	1071	1041	966	899	695	260	66	29	14	24	31	33	32	33	33	30	30	29	32	30	30	30	29	29	30	29	30
1078	1076	1076	1075	1072	1009	725	315	154	55	22	18	28	33	35	35	34	33	34	35	34	33	34	35	34	33	31	28
1083	1080	1079	1079	1074	1077	1014	715	456	277	106	30	18	25	36	37	35	31	26	22	21	21	22	22	21	20	19	20
1082	1085	1087	1084	1088	1079	1082	1004	796	549	285	143	81	53	38	30	28	47	116	212	289	323	308	267	205	151	114	99
1079	1086	1086	1087	1086	1074	1073	1053	1009	829	543	310	231	251	326	419	526	664	819	914	956	949	945	935	912	882	843	809
1073	1071	1074	1080	1073	1065	1056	1023	1044	1011	762	615	707	807	911	966	996	991	1003	1017	1003	1000	1044	1055	1062	1063	1065	1056
1074	1071	1076	1081	1072	1073	1058	1038	1049	1043	957	977	998	980	976	1007	1045	998	988	995	1036	1039	1052	1072	1074	1074	1071	1065
1070	1071	1076	1069	1068	1079	1060	1053	1066	1052	1051	1045	1027	1014	975	976	1012	977	965	1019	1185	1044	1036	1040	1065	1075	1071	1073
