1065	1069	1068	1072	1068	1068	1074	1074	1072	1069	1070	1069	1075	1080	689	300	193	152	133	152	119	101	97	145	134	661	1024	1046
1064	1062	1070	1068	1071	1073	1074	1078	1073	1068	1067	1068	1091	950	363	230	139	155	191	155	107	129	126	167	149	640	1054	1041
1068	1074	1070	1069	1073	1072	1076	1077	1073	1069	1066	1064	1101	661	202	211	187	221	193	168	176	181	178	170	132	619	1115	1049
1069	1073	1067	1067	1073	1079	1081	1068	1066	1068	1067	1072	942	386	174	185	211	198	165	162	266	251	212	190	133	658	1158	1052
1076	1072	1068	1070	1077	1090	1072	1058	1073	1055	1076	1001	533	218	194	266	231	205	251	358	331	196	152	150	114	741	1172	1046
1078	1064	1068	1074	1080	1062	1048	1066	1077	1067	987	512	193	208	371	411	286	377	352	308	233	186	158	146	135	840	1126	1051
1079	1066	1049	1022	1010	1006	1025	1033	1031	959	522	196	241	345	499	701	538	358	275	156	164	175	172	152	171	936	1047	1048
1074	1046	1054	1017	985	987	960	954	673	665	244	211	460	740	435	427	407	133	205	245	164	145	171	158	249	999	988	988
856	957	1053	974	974	1045	1051	1038	987	798	438	377	488	258	248	235	377	206	129	160	218	166	155	146	408	1005	954	973
961	1021	1042	967	1033	1071	1061	1055	1087	798	320	370	360	121	172	176	186	176	149	140	185	182	167	138	626	970	920	988
1306	1232	1124	977	1060	1073	1066	1052	1080	888	165	370	218	147	127	163	163	171	158	161	152	180	161	205	841	923	936	1029
1178	1157	1198	1109	1050	1076	1064	1060	1115	768	202	599	391	187	149	179	205	187	176	145	150	184	161	429	955	914	995	1018
1173	1164	1135	1192	1045	1057	1091	1118	987	353	167	220	365	228	136	147	197	176	226	202	153	162	171	781	940	982	1041	967
1169	1173	1152	1163	1069	966	889	632	302	134	154	153	175	275	156	143	190	161	164	182	183	130	400	965	951	1033	997	926
1178	1167	1177	1173	1151	1002	435	83	138	147	170	159	157	246	183	159	181	181	159	164	159	198	822	972	1010	1009	938	937
1182	1125	1203	1229	1250	1151	516	122	138	175	182	206	144	216	164	165	166	182	176	163	130	633	1001	1017	1006	940	939	943
1068	1021	1145	1333	1154	1181	735	180	179	230	170	221	166	185	179	158	161	181	173	153	525	1022	1016	995	934	932	922	922
1300	1094	1432	1355	1177	1211	1124	482	232	262	218	221	163	159	205	185	206	173	144	556	1046	1038	974	928	922	918	918	926
1230	1348	1328	1132	1088	1210	1316	1113	478	231	213	237	184	240	211	193	180	229	671	1102	1063	972	925	916	917	915	969	967
1106	1211	1028	1010	1105	1132	1289	1295	1190	687	256	183	182	194	182	161	329	873	1170	1070	960	920	915	909	949	1010	788	285
1076	1224	1020	1058	1072	1063	1109	1298	1418	1361	1066	662	401	332	429	706	1085	1198	1034	927	914	910	932	999	883	436	96	56
1037	1237	977	1035	1051	1049	1037	1074	1209	1362	1441	1399	1297	1245	1257	1257	1122	967	911	910	943	1008	924	547	150	50	65	67
1041	1141	995	990	1001	1031	1058	1064	1050	1028	1080	1124	1152	1137	1079	992	916	913	963	1004	877	523	175	46	62	66	69	69
1020	1079	988	1029	1063	982	961	999	1020	997	992	973	953	930	918	942	989	966	775	419	126	45	61	68	68	68	67	64
943	947	947	950	965	948	940	938	939	940	936	950	980	1003	963	810	534	237	65	38	60	73	73	68	69	68	69	44
923	928	928	937	943	960	979	998	1017	1025	984	876	702	467	231	77	28	44	64	74	73	70	70	67	58	37	76	277
1017	1030	1023	1014	988	930	842	713	564	393	222	105	45	33	50	67	74	72	71	72	70	58	41	56	138	351	508	408
436	406	348	273	200	133	81	47	35	40	56	65	71	72	73	70	71	68	69	63	69	135	339	571	504	329	149	100
1037	1054	1071	1064	1063	1060	1062	1063	1066	1067	1068	1066	1073	1071	617	339	445	517	605	663	600	509	325	203	183	355	1098	1084
1053	1057	1062	1062	1060	1059	1062	1067	1068	1067	1066	1065	1092	861	203	216	319	428	529	531	483	379	242	165	164	301	1118	1095
1053	1055	1058	1061	1056	1057	1063	1068	1069	1064	1064	1082	1070	484	102	136	179	208	238	229	250	231	232	180	167	294	1091	1089
1055	1055	1056	1057	1061	1060	1062	1069	1074	1068	1084	1094	651	162	145	151	155	151	153	120	203	226	200	225	250	388	1077	1063
1053	1052	1056	1061	1064	1057	1057	1050	1060	1083	1059	659	226	210	285	364	260	247	275	300	353	301	240	259	286	445	1035	1026
1038	1040	1039	1048	1033	1015	1041	1030	1027	901	640	272	188	215	281	322	196	308	336	268	184	232	232	217	169	443	999	1034
1019	1023	999	1001	991	968	990	1004	893	526	434	258	213	201	154	161	222	197	158	135	130	136	163	149	116	570	998	1006
831	828	1041	979	1019	1018	1007	1000	896	462	291	327	264	337	427	192	173	152	196	228	177	162	183	161	154	764	983	972
808	930	1035	977	1053	1056	1046	1061	1050	868	610	293	349	205	372	247	342	388	159	176	204	204	164	165	260	900	938	977
1206	1113	1056	999	1069	1065	1060	1057	1096	604	288	204	329	149	253	194	187	448	229	149	143	176	189	148	436	948	914	1000
1348	1288	1211	1024	1063	1073	1069	1059	1116	559	227	229	211	145	236	277	132	188	236	213	222	179	192	161	685	945	932	1019
1186	1178	1242	1220	1069	1080	1078	1109	1024	367	343	296	338	276	150	277	173	170	196	159	155	191	169	279	930	922	957	1022
1189	1185	1156	1238	1117	1014	1072	973	526	163	404	245	288	299	114	183	218	149	209	174	152	166	134	626	1031	955	1008	966
1181	1190	1170	1173	1167	999	678	256	144	154	185	155	185	284	161	160	193	176	200	189	182	140	286	1072	1032	1025	996	933
1195	1159	1194	1161	1168	1068	560	96	142	186	178	154	181	272	262	218	159	204	174	198	163	162	894	1177	1022	1014	939	938
1124	1063	1136	1170	1090	1035	804	154	147	195	165	155	182	221	189	222	184	188	193	177	123	699	1285	1048	1017	953	940	940
1022	1010	1073	1242	1030	1021	996	521	159	224	174	173	198	206	166	184	200	200	167	165	657	1344	1144	1007	956	936	932	921
1387	1238	1486	1464	1194	1005	995	947	452	213	220	203	202	209	194	183	212	189	211	747	1393	1219	1000	948	924	921	915	924
1441	1552	1387	1201	1199	1110	1101	1023	889	490	238	220	210	204	223	197	182	348	914	1405	1227	981	937	925	918	919	977	982
1052	1236	978	1026	1151	1149	1124	1059	1014	971	679	365	234	200	215	283	590	1142	1412	1190	968	931	918	915	953	1007	746	308
979	1043	1010	1069	1075	1141	1074	1036	1081	1092	1099	1010	818	719	814	1071	1333	1334	1083	932	923	917	940	1009	892	414	75	60
1042	1156	993	1021	1055	1048	1050	1051	1054	1106	1159	1238	1269	1323	1343	1341	1172	966	907	916	949	1009	938	549	157	56	71	71
1092	1399	1022	965	991	1022	1060	1064	1056	1019	1038	1078	1084	1086	1054	988	919	922	974	1008	874	530	184	49	67	71	71	71
1028	1184	979	1006	1004	947	986	1006	1009	987	997	985	961	937	928	954	997	971	761	409	128	43	60	73	75	73	70	68
929	925	953	949	945	941	936	934	933	931	935	955	985	1009	966	808	536	241	69	41	62	74	75	73	72	70	68	41
925	925	927	938	952	966	982	1000	1017	1019	975	868	689	452	221	79	39	52	69	72	76	72	74	74	62	41	80	277
1022	1029	1021	1013	976	909	813	685	528	361	205	96	44	37	52	72	80	76	76	75	74	69	51	44	139	355	511	413
415	374	315	253	177	114	67	41	34	38	55	65	75	75	76	73	73	71	70	67	66	88	265	502	507	340	153	101
1067	1065	1065	1062	1063	1063	1061	1063	1061	1056	1055	1061	1069	806	742	923	950	996	968	941	950	970	961	729	476	335	878	1147
1062	1069	1069	1066	1068	1064	1063	1063	1061	1056	1062	1086	969	518	558	827	963	978	965	952	951	931	840	698	428	297	819	1101
1053	1064	1065	1065	1068	1063	1063	1064	1061	1064	1082	1035	647	209	314	586	803	854	853	844	833	783	677	477	252	184	725	1046
1053	1060	1064	1070	1063	1054	1043	1076	1087	1055	1011	759	311	194	229	345	514	605	702	678	622	527	378	231	167	156	734	999
1021	1023	1037	1047	1049	1052	1027	1008	973	813	661	330	146	169	170	234	334	413	437	428	390	348	251	212	235	256	804	1003
1006	1008	1016	1007	997	1032	1011	931	697	379	241	185	160	150	145	207	162	256	337	361	353	403	446	365	324	412	898	1010
905	972	1040	1037	1030	1040	1052	993	578	261	242	228	174	173	149	136	133	140	206	282	309	238	246	274	254	469	957	973
760	883	978	1031	1056	1059	1068	1095	807	312	328	209	198	172	192	196	142	156	153	135	161	167	148	156	123	534	985	947
892	977	1000	1042	1065	1061	1063	1091	929	379	450	165	281	174	221	494	209	204	143	124	142	139	134	145	128	767	978	956
1217	1141	1016	1034	1067	1065	1067	1099	973	381	398	117	287	218	177	245	257	307	310	178	152	142	145	168	241	1025	966	995
1215	1227	1217	1077	1064	1074	1073	1112	875	232	280	247	137	134	160	179	162	209	358	200	164	163	193	150	536	1171	944	1025
1166	1158	1206	1236	1045	1062	1091	1025	539	315	317	236	186	211	154	222	154	162	198	171	174	190	163	165	1040	1117	965	1020
1179	1172	1166	1260	1104	956	834	437	178	228	439	172	171	362	124	197	214	160	179	141	160	178	132	563	1339	965	1008	975
1177	1179	1180	1218	1250	1065	526	107	174	242	368	149	159	209	142	153	252	178	175	186	172	143	243	1192	1158	995	997	935
1225	1222	1234	1234	1307	1217	606	127	160	219	239	165	160	189	135	165	193	229	187	204	179	140	876	1283	1025	1011	939	936
1090	1066	1165	1234	1157	1220	885	170	162	239	212	169	174	200	170	165	164	197	175	198	134	653	1274	1061	1013	942	939	936
1051	1039	1299	1497	1178	1202	1173	576	136	235	205	176	179	183	182	223	209	187	175	184	617	1209	1082	1007	951	940	937	920
1227	1103	1463	1497	1181	1067	1207	1157	533	173	219	202	175	192	185	180	202	172	250	728	1171	1090	1002	949	928	923	917	926
1365	1346	1273	1024	992	995	1130	1214	1137	653	236	180	184	198	184	181	190	406	872	1144	1064	987	939	927	918	918	971	983
1139	1324	1041	1039	1042	984	992	1091	1153	1100	825	475	269	189	207	366	685	1012	1103	1029	967	923	918	915	951	1007	783	327
1038	1243	1027	1063	1062	1053	1048	1005	1031	1052	1029	994	914	815	848	994	1080	1055	979	938	916	912	935	1012	905	433	88	56
1030	1071	1013	1008	1059	1067	1067	1058	1053	1054	1020	1012	1010	1027	1044	1019	995	940	917	914	944	1004	933	553	160	56	73	69
1057	1195	1024	956	972	1033	1062	1064	1052	1016	1037	1057	1028	995	985	948	915	922	973	1001	874	539	186	48	62	69	69	66
966	1019	971	969	946	964	1010	1027	1013	1005	1017	992	962	936	928	956	997	957	727	381	124	42	57	70	71	69	69	63
935	941	948	946	942	941	930	932	933	934	934	955	984	1003	962	786	502	214	57	38	60	69	70	70	69	67	64	41
928	928	932	943	959	972	987	1003	1017	1008	955	848	665	426	209	67	31	49	66	69	70	71	70	70	63	39	69	257
1030	1023	1011	1000	956	881	779	642	487	331	192	91	40	35	50	67	71	72	71	71	68	70	48	34	123	334	505	421
381	328	273	218	154	99	62	41	37	42	54	65	71	72	72	72	71	69	65	64	59	54	190	461	505	349	159	98
1074	1072	1057	1023	1070	1072	1076	1083	1085	1088	1070	1052	989	866	935	1011	886	995	1040	948	919	916	920	945	916	539	406	1028
1079	1073	1062	994	1053	1079	1080	1087	1091	1090	1002	853	738	792	948	986	1022	1018	1026	973	923	922	925	971	854	345	478	1002
1033	1053	1073	1014	997	1065	1089	1096	1079	992	763	479	449	702	903	982	1032	1032	1018	970	938	950	996	977	647	398	588	970
983	1001	1037	1039	984	984	1038	992	912	623	364	204	304	573	786	895	992	1021	987	968	984	993	957	809	686	510	688	962
1004	998	1020	1032	1017	958	931	720	539	256	222	155	172	344	615	793	881	934	944	953	918	872	831	793	711	527	766	1016
1011	1028	1049	1045	1053	1044	965	632	307	217	188	197	165	206	351	595	757	818	835	856	882	879	846	790	689	617	956	1063
922	1004	1049	1060	1061	1063	1087	847	343	199	225	190	162	158	193	335	591	736	820	864	907	878	811	761	622	494	1022	1062
957	974	1039	1062	1059	1058	1084	998	384	292	256	179	205	161	126	183	334	540	689	730	770	792	682	605	548	551	1196	988
1008	1002	1036	1060	1061	1061	1083	1055	435	268	278	161	214	152	133	231	190	283	405	453	506	510	464	355	209	607	1231	961
1210	1185	1066	1056	1068	1068	1098	1002	431	268	270	172	246	245	147	204	347	218	203	285	286	207	195	166	112	949	1118	983
1156	1157	1205	1092	1051	1076	1084	821	376	314	225	160	136	196	183	226	233	200	258	215	204	164	160	123	321	1184	983	1032
1177	1137	1133	1182	974	989	785	391	224	200	155	225	160	149	149	152	232	148	297	147	140	131	148	120	754	1121	971	1027
1187	1169	1130	1179	1037	942	408	155	189	171	180	224	167	196	137	135	194	161	258	202	157	166	136	326	1069	965	1027	973
1150	1145	1161	1159	1139	1015	498	145	184	214	379	183	169	287	200	139	154	190	166	185	177	180	174	812	1003	972	1003	933
1099	1102	1208	1199	1161	1083	742	171	177	184	253	195	159	211	213	148	160	201	186	168	184	152	581	1026	987	1001	934	934
1021	1018	1241	1254	1072	1091	977	332	164	228	220	213	149	165	161	153	181	189	183	188	156	473	989	1013	1007	930	934	931
1196	1199	1509	1280	1132	1152	1259	801	219	210	205	204	184	167	166	180	195	180	193	158	466	997	1018	1011	942	937	926	915
1450	1489	1389	1214	1173	1277	1305	1277	741	218	195	184	181	176	175	184	193	182	167	507	980	1010	1003	946	932	922	914	934
1112	1159	971	1103	1176	1145	1275	1255	1353	955	343	148	150	191	177	177	154	218	650	1005	1015	989	940	922	919	917	981	961
1041	1157	1029	1057	1122	1093	1029	1169	1362	1480	1241	693	321	209	195	267	494	853	1028	1012	959	919	913	911	948	1012	780	253
1057	1262	1038	1054	1050	1054	1064	1007	1039	1257	1380	1291	1092	924	875	940	1012	1009	981	933	911	912	935	1010	908	453	95	60
1097	1292	1028	1014	1060	1061	1064	1061	1059	1038	1056	1099	1101	1077	1052	1010	989	951	921	913	941	1002	937	557	162	55	72	66
1161	1352	1073	944	972	1041	1067	1070	1050	1028	1055	1057	1025	1003	989	947	914	926	976	1004	880	548	189	51	63	68	68	64
971	1017	960	950	942	989	1032	1036	1015	1029	1025	996	963	938	931	956	998	955	721	382	126	43	57	69	69	68	66	61
935	943	944	944	940	936	937	945	944	935	934	952	987	1002	957	775	483	199	53	37	56	65	70	68	68	67	64	43
932	936	943	952	966	980	991	1003	1010	1000	945	832	652	408	196	66	31	48	60	64	67	68	67	69	62	37	58	239
1023	1007	997	973	922	844	741	616	462	313	182	85	40	37	51	69	72	70	67	66	63	66	46	26	105	314	501	440
347	284	230	179	129	85	58	40	36	43	56	66	69	72	72	71	70	70	64	64	57	51	168	453	516	368	171	103
1091	1091	1067	1009	1049	1054	1036	999	956	916	951	985	947	1016	1097	1086	1077	1053	1025	959	922	919	923	935	940	969	642	930
1085	1059	1035	1003	1022	1052	995	900	811	601	552	793	996	1076	1091	1078	1072	1037	1036	1007	936	922	921	934	998	921	757	966
1031	1058	1050	1017	966	1006	868	694	525	326	386	728	996	1062	1063	1075	1065	1049	1049	1044	984	927	930	951	969	939	891	1056
1024	1055	1063	1045	979	934	666	425	307	168	298	634	915	1043	1044	1032	1039	1056	1032	1032	1026	976	936	938	944	955	987	1153
1009	1058	1077	1080	1070	992	576	243	206	144	253	497	785	961	1009	1008	990	1019	1025	1006	1032	1007	954	939	949	960	1061	1262
992	1051	1070	1073	1078	1098	721	271	231	145	180	353	623	820	946	979	964	973	1019	1037	1020	1009	979	942	953	971	1154	1279
973	1057	1068	1067	1064	1095	916	356	292	174	154	245	442	653	802	912	953	943	971	1051	1039	1015	1001	959	946	902	1166	1175
965	1044	1071	1067	1064	1090	998	443	198	274	153	186	298	464	645	785	907	965	962	991	1033	1013	988	970	975	896	1107	1013
1132	1073	1069	1067	1070	1090	962	463	173	268	149	156	178	253	436	624	741	882	959	988	1006	1012	1003	943	808	676	1055	964
1240	1255	1210	1072	1057	1062	839	357	172	230	181	178	142	192	240	362	567	751	785	821	864	844	821	717	416	573	1005	988
1176	1192	1274	1187	999	907	534	277	183	339	181	156	142	189	232	210	363	636	722	722	770	751	675	484	276	795	964	1030
1188	1168	1189	1277	1054	719	198	141	187	359	193	130	159	165	180	164	224	323	579	629	594	574	459	284	444	972	973	1021
1186	1188	1174	1241	1141	794	158	185	173	164	173	142	157	148	162	171	319	133	236	382	330	292	244	226	825	966	1013	973
1223	1225	1218	1197	1069	927	304	160	161	211	238	176	191	178	162	172	280	184	215	248	243	216	185	595	971	981	1004	930
1093	1099	1182	1148	1009	1030	614	150	174	194	255	201	187	233	237	159	158	180	185	188	241	184	411	962	964	999	934	930
1012	1012	1241	1313	974	997	939	431	176	186	175	220	199	230	272	181	157	165	179	191	165	307	903	1014	1002	934	933	922
1215	1277	1585	1498	1054	990	1007	946	374	175	203	219	202	177	176	188	181	178	178	147	291	869	1040	1004	936	936	923	915
1431	1437	1273	1162	1105	1061	1076	996	876	344	179	197	220	198	188	202	194	168	160	387	907	1047	1002	938	931	918	911	948
1289	1237	999	1029	1063	1036	1031	975	1005	977	585	245	180	194	176	173	148	231	656	1013	1037	982	929	916	916	916	988	920
1125	1107	1025	1051	1080	1061	1044	1028	1008	1089	1235	1097	766	559	487	526	701	1009	1108	1015	949	911	906	904	945	1007	724	197
1043	1049	1037	1056	1055	1062	1059	1027	1021	1080	1188	1327	1392	1370	1345	1319	1244	1103	980	928	908	906	934	1007	908	448	83	60
1108	1240	1063	1028	1048	1051	1051	1051	1066	1027	1038	1110	1204	1243	1205	1096	1000	949	920	917	945	1002	933	548	164	57	76	68
1111	1209	1039	949	961	1031	1055	1066	1045	1032	1063	1061	1032	1010	971	936	917	935	982	1008	871	540	189	50	62	71	68	64
954	957	941	946	941	988	1020	1029	1020	1032	1019	998	966	939	936	970	1003	947	711	384	124	42	57	69	70	68	63	62
938	934	938	944	941	936	938	941	940	933	938	962	996	1004	942	745	456	197	60	40	59	69	69	69	68	65	62	47
930	937	948	958	971	980	997	1006	1008	989	925	799	616	391	179	60	38	54	65	67	70	68	69	69	64	39	58	233
1010	992	970	931	880	799	692	569	423	284	162	76	40	41	56	71	72	72	72	70	69	70	53	32	104	303	490	445
309	239	181	139	104	73	50	39	41	48	58	68	71	72	73	73	69	71	67	67	62	56	162	435	508	369	179	104
923	998	989	958	961	907	767	580	617	843	1031	997	1063	1132	1148	1142	1147	1146	1118	1055	990	938	923	926	926	944	960	1059
642	1026	838	845	980	636	378	333	465	691	956	1062	1132	1154	1147	1143	1144	1143	1110	1038	1004	940	918	925	928	939	934	1125
739	1129	1045	1024	919	451	225	245	379	690	984	1104	1133	1149	1148	1147	1142	1134	1122	1064	999	942	930	924	925	930	928	1201
1009	1100	1076	1100	955	428	168	210	376	676	960	1111	1134	1142	1145	1145	1138	1130	1109	1052	1003	960	938	921	925	926	933	1240
1047	1070	1072	1091	1091	591	200	218	309	588	902	1101	1136	1129	1120	1138	1122	1105	1072	1026	994	990	945	925	934	932	961	1230
1059	1073	1078	1075	1104	810	212	214	304	478	821	1046	1104	1101	1109	1112	1096	1040	1009	991	985	1024	1014	976	951	939	982	1132
1048	1082	1077	1075	1097	904	334	160	267	397	666	936	1037	1093	1091	1061	1009	971	950	961	1017	992	1041	1030	976	962	1012	1018
983	1058	1073	1079	1088	884	372	165	161	293	496	773	951	1049	1039	996	950	929	921	934	1018	1000	982	1031	1023	1004	996	949
1184	1142	1058	1038	1047	772	316	154	167	192	346	567	800	925	965	956	944	935	931	930	962	1042	1038	1037	1001	967	992	961
1138	1185	1225	1014	939	555	227	169	217	238	253	397	566	724	832	926	949	944	946	946	943	969	1013	1035	967	950	980	993
1151	1140	1195	1153	899	365	159	175	154	183	182	245	353	497	636	788	945	970	955	952	949	953	966	991	866	886	974	1022
1182	1158	1134	1214	1016	342	134	143	319	248	211	166	220	310	446	570	746	934	999	1003	982	977	974	890	643	894	982	1019
1136	1173	1152	1209	1127	495	119	173	201	148	253	199	169	197	265	377	462	577	722	853	936	858	721	423	685	983	1013	979
1120	1182	1232	1218	1230	840	137	195	198	173	163	189	161	161	186	245	361	290	385	394	397	322	173	390	959	989	1009	930
1051	1071	1304	1214	1148	1097	329	158	188	205	273	144	170	195	150	163	306	198	197	224	166	174	231	850	978	1003	941	923
1049	1235	1499	1356	1105	1161	806	204	167	217	201	177	191	242	244	169	261	193	174	193	153	185	757	1008	987	937	931	922
1271	1319	1360	1294	1073	1153	1117	661	185	178	179	186	214	192	253	218	224	212	187	138	231	822	1081	995	939	936	924	917
1283	1264	1102	1071	966	1053	1205	1060	632	192	155	206	218	207	198	205	221	168	142	459	1088	1155	994	934	925	921	907	976
1245	1184	1001	1043	997	1005	1074	1097	1031	810	472	271	211	191	187	174	196	418	958	1372	1186	982	927	913	912	919	994	855
1227	1190	1041	1050	1043	1056	1055	1042	1000	1028	998	941	835	736	726	841	1127	1429	1390	1089	947	920	909	903	942	1010	731	154
1229	1173	1036	1054	1058	1058	1048	1026	1025	1040	995	1030	1109	1204	1290	1355	1320	1146	970	928	921	916	939	1007	913	452	89	63
1299	1241	1033	1029	1036	1050	1050	1064	1061	1030	1035	1051	1055	1059	1091	1052	974	935	927	929	955	1005	936	566	168	58	73	65
1073	1032	979	953	940	1017	1053	1061	1042	1041	1063	1054	1038	1004	965	938	927	942	984	1003	870	537	190	54	66	72	65	64
938	950	952	944	950	994	1033	1029	1024	1037	1019	990	958	930	936	980	1011	944	710	381	125	47	58	68	71	69	62	63
934	931	932	937	939	938	935	937	933	931	940	966	995	996	929	729	443	190	60	45	63	70	70	70	67	65	62	49
933	951	971	985	984	989	999	1008	998	973	898	769	569	357	165	59	41	55	68	72	71	71	72	71	65	40	50	212
991	934	861	815	794	742	642	516	374	255	141	70	43	44	59	69	73	74	73	73	72	70	57	32	93	285	491	465
239	154	104	85	76	65	52	44	48	55	64	69	72	72	72	74	72	71	68	68	66	58	143	421	519	396	193	104
517	889	414	656	923	895	870	946	1044	1078	1005	1063	1150	1141	1139	1135	1136	1138	1137	1144	1094	1024	956	923	922	928	918	1136
344	1001	503	642	676	524	683	906	1057	1077	961	1126	1145	1139	1135	1137	1135	1138	1139	1142	1128	1018	935	917	919	924	914	1100
932	1112	1076	890	374	395	657	896	1076	1100	1097	1146	1142	1136	1134	1135	1137	1139	1140	1142	1111	1003	945	918	926	928	918	1053
1086	1069	1069	1030	422	324	620	855	1082	1152	1130	1140	1143	1138	1136	1137	1136	1140	1143	1137	1075	969	922	947	970	936	914	1008
1061	1070	1071	1087	688	272	527	806	1033	1113	1128	1149	1145	1143	1142	1140	1138	1142	1137	1113	1023	942	941	991	988	966	931	995
1063	1072	1077	1081	799	326	446	728	962	1087	1152	1148	1141	1142	1140	1141	1140	1127	1120	1064	967	936	1001	1023	986	1001	980	1011
1064	1075	1076	1068	779	348	413	631	881	1084	1157	1153	1132	1140	1146	1135	1107	1098	1067	967	930	973	1047	1036	1024	1002	993	1018
1126	1087	1051	1018	681	272	343	533	759	986	1113	1132	1123	1138	1117	1103	1072	1008	959	926	921	986	1020	1023	1032	962	977	1004
1226	1221	1146	1010	580	198	255	404	615	857	1044	1130	1151	1127	1082	1043	957	918	914	925	920	966	1013	1045	997	929	1002	988
1164	1172	1258	1178	575	126	238	360	504	739	962	1089	1103	1100	1046	958	916	919	916	924	920	921	969	1007	946	954	1007	995
1181	1146	1177	1259	698	116	168	216	339	534	809	930	993	1024	978	941	923	919	920	921	923	921	924	925	949	979	994	1007
1192	1176	1145	1233	894	184	178	186	313	367	574	746	847	886	916	952	974	943	929	937	938	937	945	1001	883	849	997	1002
1132	1214	1185	1210	1071	362	160	236	320	245	372	536	677	786	851	914	940	985	963	950	974	1006	1031	793	535	957	1008	972
1048	1120	1213	1183	1143	709	158	207	212	196	245	389	453	600	735	849	866	903	952	935	887	813	571	323	912	1026	1013	936
1021	1064	1249	1133	1067	991	335	170	215	178	189	277	267	349	476	599	683	699	676	631	489	341	245	900	1104	1007	951	918
1137	1392	1370	1122	1061	1068	794	182	180	249	218	196	194	215	271	367	438	377	362	286	145	209	988	1219	994	954	928	917
1472	1344	1090	1173	1126	1085	1180	615	144	182	185	177	214	185	269	253	243	242	191	137	389	1181	1312	985	946	937	920	936
1270	1054	992	1132	1052	1029	1243	1294	653	152	152	187	203	203	240	217	200	168	224	704	1359	1283	986	933	933	923	918	998
1081	1034	1050	1037	1014	1064	1126	1305	1365	923	401	204	162	177	173	196	306	592	1049	1329	1159	965	927	911	917	923	1015	659
1078	1042	1066	1051	1054	1063	1061	1048	1086	1185	1085	875	737	716	759	856	1021	1165	1154	1024	943	921	911	909	945	1009	658	100
1174	1125	1049	1060	1064	1059	1047	1032	1025	1010	1026	1038	1032	1051	1021	1038	1047	1005	953	931	923	916	937	1002	886	417	72	72
1277	1242	1022	1010	1039	1051	1059	1063	1057	1041	1053	1060	1052	1009	998	987	952	933	927	926	956	1004	932	543	149	56	72	67
981	1001	971	945	960	1029	1059	1060	1055	1054	1066	1051	1027	993	957	920	916	938	987	1002	850	517	183	49	66	70	65	66
947	944	948	948	952	989	1017	1030	1040	1029	1001	967	944	924	935	972	1006	928	688	353	112	43	56	69	66	68	64	62
929	924	921	925	930	935	937	932	933	935	940	964	989	986	907	703	415	169	55	46	61	67	66	67	64	61	66	47
976	1010	1027	1030	1021	1008	1010	1006	991	954	866	730	529	320	149	57	40	53	64	70	70	69	68	67	62	38	45	199
853	668	536	515	579	618	551	446	317	208	118	62	42	44	56	67	70	69	68	68	70	68	56	26	80	272	485	476
121	73	64	61	57	55	51	43	52	59	67	72	71	70	70	71	69	70	67	66	67	57	129	408	515	404	199	106
602	1010	912	1027	1054	1074	1077	1077	1106	1107	1126	1145	1141	1138	1135	1138	1135	1134	1135	1138	1125	1033	948	923	924	927	919	1002
821	1020	935	973	984	1098	1124	1126	1123	1128	1139	1141	1136	1137	1138	1137	1136	1138	1136	1136	1121	1025	939	915	925	920	924	977
1091	1067	1072	860	810	1063	1140	1151	1147	1144	1147	1142	1138	1138	1138	1135	1135	1138	1135	1137	1105	985	937	969	979	939	920	966
1065	1065	1096	875	697	1007	1124	1148	1149	1142	1144	1142	1137	1139	1138	1140	1138	1136	1140	1137	1080	952	981	971	941	1008	932	1003
1064	1067	1089	894	630	929	1097	1150	1152	1146	1146	1141	1139	1139	1140	1137	1138	1139	1139	1126	1025	942	1009	936	949	1019	966	1033
1070	1075	1081	871	613	911	1090	1155	1153	1146	1144	1144	1142	1140	1137	1137	1136	1138	1121	1063	957	926	1001	1013	973	1010	952	1005
1078	1042	1021	782	561	884	1081	1156	1162	1156	1147	1144	1141	1140	1140	1134	1132	1131	1069	969	950	933	963	1027	1015	966	921	1014
1205	1138	1027	700	405	807	1027	1110	1142	1151	1142	1142	1140	1138	1137	1127	1104	1032	961	936	948	920	942	970	961	937	925	1023
1201	1226	1252	924	269	683	938	1049	1111	1136	1150	1143	1141	1140	1129	1103	1001	927	920	924	918	910	925	950	952	931	954	1007
1176	1166	1226	1248	323	459	851	990	1090	1167	1172	1146	1125	1144	1132	1032	938	919	921	914	914	913	910	933	940	925	1024	994
1185	1158	1178	1306	595	207	647	885	1013	1100	1146	1146	1144	1136	1054	946	918	917	916	911	916	914	916	914	923	1017	1103	1025
1189	1182	1204	1275	861	172	376	752	930	1020	1089	1107	1095	1025	943	912	912	921	927	923	912	915	923	941	964	1157	1121	995
1203	1246	1241	1161	1011	379	172	542	826	885	941	973	962	943	937	943	955	970	972	935	906	916	943	945	972	1257	1036	971
1047	1055	1109	1054	1014	716	175	315	576	802	916	977	1020	1030	1047	1032	1010	980	963	969	954	956	947	862	1263	1114	997	939
1018	1065	1320	1141	950	970	451	173	322	540	726	869	941	986	1046	1021	1009	961	958	986	1005	816	731	1213	1193	1011	960	927
1088	1387	1414	1248	947	1005	878	271	197	332	445	604	701	797	904	957	959	958	921	804	485	523	1125	1169	997	958	927	930
1308	1292	1122	1063	1026	1032	1033	780	242	213	228	291	367	427	544	625	629	608	465	306	591	1093	1088	974	936	924	913	983
1260	1102	1018	1056	1034	1038	1040	1102	888	326	156	190	222	212	254	241	184	162	320	780	1064	1020	963	935	927	915	951	864
1244	1062	1064	1045	1033	1075	1060	1062	1221	1243	784	398	237	176	181	223	374	688	976	1029	984	941	918	913	913	926	1002	389
1193	1065	1072	1057	1066	1061	1058	1041	1045	1248	1402	1289	1009	838	825	908	1005	1031	1003	961	929	915	908	906	952	995	490	43
1302	1187	1045	1061	1066	1059	1047	1036	1025	996	1047	1117	1103	1050	991	1013	1009	968	934	923	918	918	946	1009	850	344	49	71
1110	1063	989	1001	1052	1049	1050	1058	1051	1054	1054	1059	1046	1029	1016	972	931	921	919	922	962	1011	905	488	121	57	73	69
927	949	957	950	994	1035	1057	1068	1051	1062	1063	1042	1017	993	944	914	912	937	991	991	818	471	154	49	71	71	69	70
936	932	943	943	945	967	996	1024	1027	1016	990	956	936	927	947	983	1004	899	637	312	100	44	61	72	68	68	66	64
931	947	955	947	933	924	920	920	928	929	944	973	1001	991	888	669	380	149	55	49	61	68	69	68	66	64	67	49
1026	949	906	953	1007	1009	1009	1005	989	935	837	690	502	293	131	55	44	60	65	68	69	71	67	68	64	40	51	205
415	203	140	175	292	391	420	372	270	176	99	54	44	53	64	71	72	72	70	69	69	69	57	31	88	276	476	464
70	82	88	81	68	57	52	50	56	60	68	71	72	73	73	72	69	70	68	66	64	58	136	401	505	398	199	107
1020	1058	1054	1042	1101	1109	1113	1106	1104	1086	1102	1134	1141	1139	1140	1137	1138	1135	1129	1118	1044	949	926	920	919	929	928	976
1060	1053	1037	1020	1110	1149	1144	1143	1136	1130	1129	1131	1138	1140	1134	1137	1136	1134	1133	1116	1049	968	926	972	968	924	917	989
1060	1067	1060	1033	1060	1111	1147	1145	1142	1139	1139	1141	1137	1137	1136	1136	1138	1137	1136	1106	1011	939	977	1037	1020	995	922	1006
1068	1068	1071	1046	1041	1078	1142	1145	1142	1143	1143	1141	1136	1141	1138	1135	1134	1138	1134	1070	976	941	1020	936	921	1040	943	1003
1066	1069	1065	1009	1000	1049	1109	1142	1141	1141	1141	1143	1140	1138	1137	1131	1134	1134	1101	1020	935	928	999	947	981	1000	935	977
1067	1060	996	947	947	1057	1116	1140	1138	1140	1141	1139	1139	1135	1132	1124	1114	1084	1020	957	936	927	954	1007	1000	956	923	980
1081	997	926	909	960	1083	1119	1133	1117	1132	1139	1139	1134	1132	1126	1105	1053	1008	961	921	954	945	931	964	967	930	920	1019
1178	1189	1041	834	927	1102	1096	1094	1088	1126	1138	1137	1140	1137	1109	1052	1000	953	930	921	926	933	966	968	934	921	942	1103
1120	1154	1256	874	810	1094	1121	1108	1100	1115	1144	1140	1142	1119	1080	1012	938	918	918	914	940	976	981	954	927	916	1029	1172
1154	1136	1198	1072	634	1013	1096	1108	1115	1126	1136	1133	1133	1107	1057	971	917	914	914	932	990	1012	963	921	922	929	1217	1147
1177	1129	1130	1224	630	766	1050	1090	1104	1117	1124	1125	1126	1093	1009	930	913	924	939	970	1018	1000	925	914	905	1050	1335	1058
1145	1149	1122	1230	947	417	943	1072	1067	1088	1098	1089	1054	986	949	935	961	1012	1034	1032	1014	950	915	916	949	1270	1181	981
1080	1193	1243	1230	1249	431	590	1055	1054	1039	1031	1012	1002	995	1007	1032	1058	1071	1072	1046	963	918	919	925	1146	1210	1027	955
1020	1160	1290	1237	1152	746	287	849	1070	1089	1088	1079	1072	1071	1076	1077	1076	1069	1040	975	948	950	935	1039	1130	1029	988	929
1058	1281	1398	1206	1069	1080	414	381	846	1046	1081	1080	1082	1082	1079	1068	1051	1010	952	919	963	981	999	1034	1001	1013	945	920
1116	1087	1215	1254	1009	1102	897	268	354	759	998	1030	1062	1047	1051	1036	977	983	967	964	904	912	973	983	1006	948	923	937
1100	1067	1068	1122	1032	1045	1065	833	312	279	538	784	945	984	983	1044	985	960	850	748	880	967	976	978	937	920	920	999
1087	1029	1025	1049	1055	1057	1040	1054	965	559	273	253	371	503	519	454	391	340	539	900	993	977	958	927	920	911	988	677
1105	1040	1061	1037	1029	1071	1050	1040	1000	1045	1006	781	577	469	417	417	530	813	1018	998	961	931	918	911	908	951	921	175
1135	1064	1073	1059	1067	1060	1046	1053	1008	986	1117	1310	1385	1277	1117	1044	1054	1042	987	940	916	914	910	909	970	959	341	41
1280	1182	1007	1055	1057	1054	1056	1058	1021	1047	1053	1081	1140	1090	1005	1024	993	952	924	919	917	917	951	1014	811	267	44	69
1023	990	955	999	1047	1048	1047	1063	1053	1060	1062	1058	1031	1032	1016	954	926	925	919	922	964	1017	896	455	98	60	73	68
934	942	950	952	988	1034	1063	1051	1048	1064	1059	1042	1010	974	933	919	919	942	997	996	809	456	145	48	67	69	66	68
926	926	926	930	944	964	996	1010	1015	1008	985	951	928	923	950	992	1012	901	635	300	94	48	59	68	68	66	66	66
1005	1033	1027	996	959	931	922	926	932	938	952	983	1006	989	873	655	366	141	51	51	65	67	67	66	66	65	65	52
750	519	508	675	859	956	989	991	975	917	813	658	477	280	120	52	46	61	69	71	70	69	67	66	63	42	46	183
70	32	36	49	103	191	273	277	229	156	91	52	45	54	66	70	73	72	71	72	68	66	56	30	74	253	469	476
92	94	92	91	84	75	65	63	63	67	72	71	71	72	70	73	70	69	69	67	66	55	114	384	514	413	212	105
1073	1056	988	965	989	1005	1001	987	995	1006	980	1015	1097	1113	1121	1118	1109	1069	1023	987	945	946	935	935	938	932	937	999
1066	1083	1017	954	984	1047	1063	1068	1049	1044	1010	993	1054	1096	1109	1111	1102	1068	1020	996	958	946	973	1002	999	963	927	1011
1067	1074	1069	970	940	1016	1076	1092	1079	1077	1069	1026	1042	1091	1095	1099	1096	1058	1012	953	941	953	1012	1017	981	1021	935	983
1076	1072	1076	1048	931	980	1062	1093	1114	1110	1096	1076	1062	1056	1060	1082	1066	1026	989	931	923	948	1008	1008	978	1023	927	969
1071	1073	1036	1033	929	960	1048	1081	1123	1127	1101	1071	1051	1031	1023	1050	1033	996	954	921	918	918	951	1029	1019	950	922	994
1082	1022	962	966	917	945	1022	1079	1117	1134	1127	1109	1101	1070	1026	1016	975	964	942	926	953	928	911	957	1007	1006	946	1062
1183	1116	1008	985	920	955	1018	1057	1071	1107	1115	1096	1087	1075	1031	991	965	941	948	943	945	937	991	1054	1058	1012	938	1163
1175	1216	1173	1033	922	960	1016	1046	1059	1077	1087	1094	1102	1073	1014	965	961	928	923	917	947	1012	1057	1070	1042	948	965	1278
1142	1152	1235	1102	940	946	1006	1044	1072	1098	1108	1092	1065	1009	977	956	943	913	929	975	1053	1071	1068	1055	985	910	1072	1246
1165	1145	1200	1180	967	931	983	1051	1059	1061	1082	1052	1040	981	957	977	932	957	1007	1048	1074	1073	1070	1008	925	935	1155	1096
1186	1163	1173	1218	945	942	965	1074	1059	1061	1048	1027	1009	986	980	986	993	1028	1054	1068	1074	1077	1025	937	909	1026	1090	996
1130	1196	1186	1218	958	888	1008	1076	1066	1064	1058	1041	1018	1024	1026	1046	1063	1073	1072	1069	1075	1048	938	905	973	1034	1023	971
1024	1098	1186	1216	1083	691	995	1064	1066	1069	1067	1063	1066	1068	1072	1074	1069	1069	1066	1072	1054	955	926	940	1015	988	1010	941
1024	1304	1252	1189	1118	806	697	1070	1065	1074	1069	1070	1070	1067	1069	1070	1067	1067	1077	1053	956	935	987	1014	961	1011	977	923
1331	1540	1220	1114	1110	1282	630	766	1048	1060	1071	1072	1073	1071	1071	1074	1076	1075	1037	946	903	971	1050	970	993	999	933	919
1385	1031	994	1103	1041	1206	1198	500	665	998	1052	1063	1067	1066	1070	1063	1041	988	950	924	977	1047	988	1006	993	937	920	946
1177	945	1012	1040	1040	1049	1107	1012	528	501	815	980	1027	1044	1002	1023	993	938	954	999	1034	986	994	960	932	919	932	977
1087	1011	1039	1042	1064	1066	1028	1015	1052	831	606	590	658	762	731	649	674	757	896	1010	987	966	933	920	916	909	1015	548
1077	1048	1059	1041	1051	1066	1054	1043	1018	993	1000	978	931	944	1045	1084	1072	1027	1021	977	942	924	913	910	909	989	757	88
1117	1051	1062	1061	1064	1060	1054	1063	1045	1022	1029	1032	1127	1229	1220	1124	1046	996	957	932	920	917	918	920	994	893	193	29
1021	985	1000	1060	1056	1056	1066	1070	1065	1064	1067	1050	1063	1030	1004	1011	980	941	922	916	917	916	960	1022	751	194	58	70
948	949	947	1003	1041	1050	1046	1060	1066	1057	1062	1055	1038	1032	992	946	934	921	915	920	967	1019	868	405	79	64	73	69
925	930	939	949	982	1038	1052	1042	1061	1061	1045	1016	982	950	926	920	924	948	1003	992	791	428	122	42	67	69	66	65
949	961	942	926	931	946	971	988	990	977	951	929	917	925	956	1002	1017	894	612	277	87	45	64	66	67	65	66	68
964	900	951	1013	1007	971	946	941	943	950	967	1000	1010	977	854	625	336	126	49	51	64	67	64	66	65	64	63	55
206	89	137	315	568	779	887	913	907	857	761	606	421	241	102	46	46	59	66	65	67	66	65	68	62	43	41	176
52	68	68	53	45	73	125	153	147	108	71	45	43	50	62	68	67	69	68	69	65	64	55	31	70	243	468	485
83	80	81	85	85	83	77	71	73	70	72	72	67	71	68	70	67	67	65	63	63	55	103	369	513	420	218	105
1075	1055	970	956	959	1015	975	926	973	987	970	967	981	972	966	960	942	948	961	939	906	890	971	992	990	940	931	990
1069	1100	1016	927	946	1005	982	935	938	982	996	981	981	988	1014	1014	977	924	927	944	882	924	1011	955	1002	993	944	965
1067	1071	1073	957	952	974	989	967	927	962	986	983	1011	1035	1018	1007	1019	951	913	916	934	982	975	931	931	996	946	969
1074	1077	1081	1011	933	925	957	983	955	963	964	972	970	956	957	987	1018	962	944	914	931	987	955	953	967	1010	923	996
1067	1041	1029	997	926	923	929	959	987	986	950	940	943	948	926	958	1013	1009	959	922	913	933	987	1005	998	951	917	1037
1121	1004	979	953	922	920	926	962	986	992	1019	1039	1059	1061	1022	963	1011	1027	967	954	939	925	930	965	1013	1043	982	1078
1225	1217	1152	1000	914	916	927	948	974	1044	1074	1076	1072	1072	1071	1021	1007	995	934	938	932	923	1004	1063	1072	1085	1009	1082
1167	1168	1248	1152	919	918	922	938	1016	1070	1071	1073	1073	1071	1064	1050	1012	945	941	966	978	1033	1062	1067	1075	1046	978	1063
1162	1149	1226	1223	946	912	913	951	1056	1071	1073	1068	1054	1039	1033	1053	1021	942	989	1037	1058	1073	1068	1071	1066	965	1005	1029
1165	1159	1225	1245	985	908	918	993	1069	1066	1066	1052	1039	1015	1003	1053	1012	1042	1073	1069	1067	1068	1069	1075	983	955	1006	993
1233	1220	1254	1181	1008	914	928	1034	1074	1068	1066	1056	1051	1049	1046	1054	1058	1076	1070	1067	1067	1068	1077	1011	921	1012	968	965
1137	1192	1188	1041	1000	961	924	1049	1073	1070	1071	1069	1057	1050	1056	1073	1072	1069	1069	1069	1070	1077	1010	926	982	1009	1004	943
1030	1027	1158	1007	968	1006	938	1024	1076	1070	1071	1071	1070	1070	1073	1071	1071	1072	1071	1072	1080	1008	935	1010	1005	1009	982	932
1063	1355	1412	1027	958	992	990	991	1076	1074	1070	1071	1071	1069	1072	1073	1070	1070	1075	1077	999	908	1002	1036	978	1014	943	921
1357	1544	1313	1024	990	1063	1020	971	1016	1074	1073	1068	1070	1070	1071	1073	1074	1079	1062	972	920	988	1034	982	1021	963	927	919
1395	1149	987	1010	993	1069	1238	1147	947	1001	1058	1072	1075	1077	1077	1073	1061	1002	947	1015	1051	1022	995	1012	966	927	919	946
1241	1018	1029	1012	1053	1048	1092	1266	1111	880	936	1006	1021	1029	1021	993	972	1051	1193	1173	1013	992	991	944	926	922	935	974
1169	1053	1034	1042	1064	1048	1042	1009	1094	1010	921	959	954	962	956	992	1205	1362	1208	1021	978	949	931	923	919	917	1020	489
1173	1079	1056	1057	1058	1044	1060	1063	1036	985	983	1050	1047	1005	1059	1182	1210	1092	988	954	936	933	922	920	918	1016	702	61
1347	1121	1046	1061	1061	1051	1068	1077	1069	1051	1057	1052	1052	1010	968	996	992	961	938	933	928	920	917	920	1021	759	109	24
1012	963	1020	1054	1060	1061	1056	1061	1072	1058	1056	1057	1058	997	1001	992	954	933	924	918	914	917	964	1008	689	131	52	68
940	948	953	1004	1027	1039	1039	1067	1066	1061	1061	1059	1038	1003	960	933	928	919	914	927	976	1015	838	369	66	70	73	67
927	922	926	935	962	1010	1030	1046	1056	1050	1030	994	958	929	920	915	922	956	1015	985	759	394	106	46	73	68	67	64
1020	1023	1000	949	923	928	941	949	952	943	925	919	915	931	970	1019	1016	870	566	249	80	47	63	68	69	66	66	68
473	432	631	896	1016	1009	985	978	971	976	992	1010	1021	979	828	569	294	111	50	53	64	67	66	65	65	65	63	54
0	0	1	86	305	547	684	740	759	738	664	534	374	208	87	42	50	63	67	68	67	66	67	68	63	46	46	182
81	90	88	74	51	43	56	65	69	66	55	45	49	55	69	71	71	70	71	69	67	69	62	35	77	249	463	477
75	75	77	82	83	83	83	81	80	74	73	72	70	72	74	71	70	71	68	66	65	57	110	367	509	416	221	109
1072	1048	969	984	1018	1017	997	963	983	1009	1031	1038	1032	1001	961	932	930	937	930	945	783	786	1034	804	839	959	932	942
1067	1080	1021	951	993	976	961	942	925	955	984	1024	1041	1047	1040	1011	969	934	928	915	612	785	958	920	929	1001	941	951
1069	1077	1055	952	955	947	944	937	921	920	931	958	997	1025	1049	1055	1049	984	927	942	823	850	943	897	970	993	932	970
1077	1071	1072	959	931	932	950	964	954	944	930	925	922	953	1035	1056	1065	1007	942	923	939	977	976	948	989	982	927	982
1036	974	1040	969	933	963	988	1002	980	965	950	938	926	921	979	1042	1060	1011	966	923	918	951	993	1004	981	929	923	995
1147	1004	977	971	934	982	1010	1018	1001	976	974	976	975	963	982	1001	999	977	949	931	920	914	922	935	943	948	940	1004
1168	1242	1053	982	920	973	1014	1017	1006	1001	1017	1023	1026	1016	1006	972	951	983	950	928	934	928	971	1029	1043	1028	962	1007
1130	1145	1247	1073	924	948	992	1005	1019	1026	1038	1044	1047	1046	1042	1027	977	975	980	978	971	1016	1061	1071	1076	1032	981	1013
1143	1118	1205	1164	941	925	948	975	1011	1041	1055	1060	1065	1068	1071	1068	1064	1044	1030	1017	1041	1068	1066	1067	1071	969	1021	1008
1165	1116	1179	1152	949	918	921	935	994	1045	1060	1069	1074	1076	1076	1072	1070	1064	1064	1059	1066	1066	1068	1076	996	976	1036	976
1181	1208	1232	1102	980	914	920	928	998	1055	1067	1072	1072	1068	1069	1065	1066	1069	1068	1067	1067	1069	1073	1015	966	1021	993	946
1040	1278	1325	1067	1017	948	914	939	1009	1060	1073	1071	1070	1067	1068	1072	1067	1070	1072	1071	1071	1075	998	967	1020	1013	977	934
1056	1374	1368	1082	1005	1007	921	932	1023	1067	1073	1068	1069	1070	1069	1070	1071	1069	1069	1074	1079	993	945	1030	1010	1013	947	925
1081	1313	1482	1175	982	1039	1012	949	1011	1074	1075	1072	1068	1067	1068	1069	1069	1070	1076	1063	990	1006	1067	999	1012	970	927	919
1074	1218	1349	1115	957	1009	1042	1032	978	1045	1075	1070	1068	1067	1066	1070	1071	1074	1035	991	1139	1171	1002	1012	987	937	919	918
1084	1035	1110	1059	1035	1041	1018	1153	1166	1038	1038	1063	1069	1072	1066	1061	1043	1003	1045	1267	1259	1015	1000	989	941	925	916	934
1071	1048	1003	1015	1059	1054	1038	1118	1354	1280	1092	1041	1027	1027	1044	1032	1017	1103	1276	1192	1018	996	964	931	929	919	928	992
1075	1051	1035	1060	1059	1046	1052	1042	1090	1067	1040	1058	1044	1024	1024	1007	1043	1113	1056	983	962	939	930	927	918	919	1021	512
1192	1082	1052	1060	1059	1044	1061	1073	1055	1007	1031	1054	1057	1019	939	961	978	977	952	937	931	926	921	918	915	1030	669	48
1194	1050	1050	1053	1052	1047	1068	1066	1068	1063	1065	1052	1062	1007	947	986	967	939	930	927	923	918	913	923	1025	721	92	22
946	958	1021	1044	1058	1057	1043	1063	1059	1052	1050	1054	1041	997	984	954	933	927	922	919	915	918	969	1017	616	86	53	67
936	936	949	989	997	1018	1049	1067	1055	1060	1063	1045	1004	971	944	930	920	918	912	925	984	1021	838	350	59	71	72	67
986	959	920	921	946	989	1011	1030	1038	1032	1008	975	943	925	920	913	920	964	1024	995	768	393	103	46	72	67	65	63
822	885	1014	980	923	919	928	931	932	926	917	916	917	935	977	1027	1018	873	569	248	75	48	62	69	69	65	65	64
49	66	312	731	964	1012	1007	999	991	990	1003	1019	1027	973	814	558	292	106	47	54	64	64	67	65	66	68	65	54
30	39	17	19	167	385	532	596	625	647	610	501	345	193	83	45	50	64	66	67	67	66	67	66	62	46	39	165
86	81	76	77	70	50	42	45	49	55	52	50	54	61	69	70	68	71	71	68	67	70	62	33	64	233	454	489
70	69	72	74	79	82	82	83	79	75	74	73	70	71	71	72	72	71	66	65	64	58	96	352	513	433	232	111
1066	1067	997	1016	1036	981	987	954	933	934	954	955	965	958	943	930	921	923	936	939	846	828	858	965	930	944	928	937
1066	1079	1014	991	967	957	942	929	926	926	942	946	960	973	968	967	942	931	936	922	838	945	902	909	940	972	933	940
1070	1077	987	962	943	945	956	961	970	977	976	956	944	949	979	997	983	948	926	937	960	967	951	939	983	959	940	948
1071	1043	1020	926	934	991	1035	1044	1050	1044	1026	1015	995	960	966	1004	1018	954	919	919	955	995	993	967	998	942	931	953
1117	1021	1040	936	960	1048	1060	1057	1060	1055	1049	1042	1029	999	978	1003	1002	936	920	921	924	941	976	963	962	926	919	980
1216	1187	1095	964	949	1057	1058	1066	1065	1048	1051	1044	1029	1004	977	980	958	926	923	923	916	921	943	939	910	922	920	1027
1135	1220	1186	1016	918	1039	1066	1063	1063	1050	1045	1042	1027	991	939	925	931	931	926	927	945	999	1032	1013	962	919	948	1064
1134	1160	1230	1053	913	989	1070	1063	1060	1057	1045	1037	1017	970	930	927	938	947	944	982	1036	1063	1073	1080	1043	938	1019	1040
1172	1147	1212	1048	919	940	1031	1061	1059	1051	1044	1030	1004	973	969	976	1012	1040	1034	1052	1070	1065	1068	1071	1016	979	1044	960
1200	1182	1216	1012	931	922	941	1014	1042	1039	1033	1015	1001	1011	1024	1051	1074	1072	1071	1068	1067	1068	1079	1027	993	1028	1005	934
1087	1211	1210	997	988	917	925	928	966	995	1003	1019	1036	1045	1060	1072	1072	1068	1065	1065	1070	1078	1035	973	1048	1015	974	924
1018	1231	1231	1065	1040	964	921	926	924	956	1006	1037	1058	1069	1070	1069	1069	1068	1068	1071	1078	1035	985	1111	1038	997	941	931
1352	1603	1171	1147	1115	1054	957	917	923	966	1022	1063	1073	1070	1067	1067	1069	1067	1071	1070	1018	1012	1200	1122	1014	968	924	928
1421	1201	1129	1134	1093	1142	1089	983	934	968	1026	1067	1073	1068	1070	1069	1070	1071	1061	1004	1023	1252	1169	1004	992	929	927	919
1077	908	1084	1050	963	1016	1039	1044	1017	971	1010	1055	1071	1073	1070	1069	1059	1033	1002	1036	1210	1141	1003	1003	945	931	923	922
1003	1034	1025	1000	1070	1047	989	1022	1068	1124	1111	1056	1044	1032	1024	1044	1036	1021	1028	1091	1053	1002	1004	947	928	924	920	922
1010	1062	1005	1052	1057	1052	1051	1033	1076	1228	1240	1156	1078	1025	1017	1027	1034	992	982	991	996	971	937	933	930	921	922	1007
1041	1049	1059	1065	1053	1053	1059	1069	1019	995	1077	1058	1052	980	953	978	976	962	966	951	931	930	926	919	919	920	1023	621
1091	1063	1049	1059	1055	1061	1067	1069	1052	1030	1036	1050	1056	1007	968	978	962	944	930	933	929	917	915	917	918	1029	669	58
976	1010	1052	1044	1049	1056	1060	1057	1065	1058	1046	1054	1052	1009	977	955	930	930	930	921	924	921	912	926	1036	685	74	21
942	963	1018	1055	1057	1050	1049	1056	1050	1045	1047	1053	1035	986	951	934	932	927	920	916	911	915	981	1015	572	79	49	67
932	929	953	978	987	1008	1063	1051	1057	1063	1043	1011	975	945	933	924	918	916	909	927	989	1027	828	323	50	70	76	68
1036	1018	929	924	948	967	996	1011	1017	999	973	950	930	925	916	911	920	961	1029	1008	769	380	89	48	73	68	68	65
335	619	989	995	935	921	923	927	926	922	919	916	917	933	974	1022	1018	873	570	246	70	42	59	66	67	65	65	64
0	0	198	618	911	1002	1012	1001	992	997	1007	1019	1023	961	806	555	286	105	42	50	61	64	66	66	65	68	68	55
55	55	26	9	116	303	458	575	642	642	594	500	343	182	80	43	50	60	64	63	67	67	66	67	63	47	41	164
75	74	78	82	70	48	38	42	51	51	50	50	53	60	65	68	69	68	67	66	66	68	62	32	60	227	450	488
63	64	67	71	76	80	80	82	77	76	73	72	70	70	67	69	67	68	66	64	64	57	92	345	512	433	235	112
1071	1053	981	977	994	971	956	946	935	941	946	947	931	915	919	920	921	924	956	880	266	65	167	680	982	935	923	961
1073	1066	955	972	982	969	939	934	928	952	996	1007	991	939	911	917	923	923	953	822	312	618	779	932	1008	931	924	957
1071	1028	933	940	938	972	1012	1030	1028	1032	1056	1055	1046	1019	952	933	929	928	927	912	797	999	983	1018	992	926	921	971
1082	998	944	918	951	1047	1060	1056	1041	1044	1042	1064	1062	1055	1010	953	940	938	931	920	969	1003	1024	977	929	931	916	1002
1205	1190	1101	933	986	1067	1060	1033	981	1003	1007	1043	1062	1064	1048	982	923	921	925	930	929	931	949	942	949	937	920	1042
1166	1223	1225	1028	981	1058	1054	1045	1010	1003	1015	1033	1057	1064	1048	979	922	918	921	922	921	920	930	926	932	924	960	1061
1143	1175	1219	1109	969	1036	1061	1039	1017	1032	1019	1033	1062	1058	1031	960	920	919	923	922	945	1008	1017	970	926	940	1025	1059
1145	1162	1219	1148	962	984	1065	1050	1021	1049	1042	1058	1060	1042	990	939	925	923	933	992	1062	1076	1069	1031	942	1016	1043	986
1187	1208	1257	1131	952	933	1024	1055	1047	1052	1056	1056	1047	984	942	928	925	939	1013	1074	1075	1074	1070	994	995	1087	969	927
1231	1248	1189	1003	952	921	949	1026	1060	1061	1060	1053	996	937	930	956	1002	1031	1075	1074	1073	1072	1025	962	1156	1052	938	927
1055	1135	1026	965	1003	926	929	940	990	1030	1025	987	945	939	962	1042	1068	1073	1071	1070	1071	1021	956	1146	1202	986	931	922
1073	1303	1159	952	1027	1002	926	930	929	930	929	933	950	977	1050	1077	1072	1072	1073	1070	1019	951	1107	1244	1056	954	927	930
1562	1465	1287	979	1038	1066	1013	927	922	921	927	955	988	1041	1073	1074	1074	1075	1059	999	952	1064	1163	1069	993	933	929	930
1610	1381	1148	965	1033	1086	1080	1034	961	921	923	960	1014	1057	1069	1066	1055	1031	979	980	1018	1044	1007	1013	940	928	929	920
1211	986	1014	990	987	1013	1021	1026	1040	999	962	958	987	1010	1014	1004	1021	1005	1000	987	962	993	1013	961	928	935	924	922
1060	1064	993	1006	1052	1048	989	1016	1024	1059	1137	1173	1143	1092	1023	1010	1043	1026	966	952	993	1013	959	931	929	925	919	918
1055	1057	1027	1070	1044	1057	1054	1044	1026	1035	1064	1106	1117	1072	987	998	989	952	973	993	962	930	932	928	923	923	919	990
1101	1038	1057	1057	1041	1058	1067	1065	1005	1006	1017	1023	1025	952	971	984	967	960	947	928	923	924	919	916	917	917	1007	773
1122	1047	1045	1053	1051	1065	1058	1063	1040	1017	1043	1054	1058	1010	984	963	947	928	933	936	924	920	919	916	918	1017	766	113
955	1016	1048	1043	1054	1055	1047	1056	1057	1039	1045	1052	1030	981	950	926	928	933	927	919	922	924	916	922	1024	731	102	20
939	964	1015	1051	1046	1039	1052	1055	1047	1050	1053	1016	974	949	932	930	929	923	920	918	913	912	965	1005	592	82	47	69
974	924	941	963	971	1010	1052	1052	1060	1045	1001	967	942	935	927	923	918	915	912	920	971	1017	839	346	54	69	75	69
874	1026	936	923	944	956	982	991	985	963	943	929	927	922	915	910	916	952	1011	999	785	406	103	47	72	69	68	66
57	489	968	1010	946	924	921	927	925	921	918	917	918	933	971	1015	1005	864	580	265	78	43	61	67	68	65	65	64
22	0	149	574	890	1000	1014	999	993	993	1003	1021	1020	957	805	558	295	114	48	49	62	68	69	67	68	69	70	59
57	58	40	20	100	277	472	603	665	678	631	507	346	186	82	47	52	65	67	67	70	69	71	71	67	52	44	164
80	81	76	74	66	50	39	38	45	51	53	49	52	62	66	68	71	68	69	68	67	68	63	35	65	224	441	482
57	58	65	70	75	80	82	82	82	78	74	73	71	73	71	69	69	68	67	68	64	59	96	335	506	431	237	116
1077	1037	938	1021	1055	1036	1010	955	919	952	1023	1029	1010	956	923	920	934	930	929	931	817	709	731	922	998	936	916	1000
1075	1045	941	982	1012	1025	1023	989	937	979	1062	1058	1061	1037	966	920	919	925	930	960	838	815	936	827	916	935	907	1000
1014	962	947	936	938	1034	1031	1026	991	996	1032	1048	1063	1059	1034	950	926	926	920	938	971	941	951	874	896	927	904	1027
1036	931	936	924	931	1007	1050	1020	976	971	985	1034	1053	1056	1060	1001	920	920	919	915	989	978	992	972	941	902	935	1041
1236	1180	1036	1016	969	1034	1049	991	941	967	954	977	1022	1058	1056	1050	937	922	921	914	915	962	1001	980	956	921	994	1037
1118	1230	1198	1054	1040	1050	1058	1016	949	958	967	976	1025	1062	1059	1041	935	922	917	916	919	916	930	923	928	982	1052	1036
1120	1152	1209	1033	1052	1046	1061	1052	979	953	985	1025	1059	1056	1064	1003	921	921	921	923	920	931	926	925	914	1088	1058	1009
1125	1148	1220	1035	1030	988	1062	1057	1028	1018	1039	1054	1056	1060	1045	947	923	927	919	930	970	974	958	917	970	1166	1008	940
1180	1206	1246	1037	1020	920	1011	1059	1052	1056	1058	1056	1058	1046	961	924	925	921	944	1010	1014	994	957	909	1106	1157	955	930
1181	1350	1185	962	982	914	930	1007	1055	1060	1060	1061	1048	970	930	925	920	967	1030	1033	1013	975	914	1002	1184	1037	932	934
1147	1464	1135	992	1020	935	917	933	972	1006	1019	1011	960	928	930	946	979	1036	1037	1020	971	913	957	1111	1060	937	927	928
1222	1574	1297	998	1055	1042	946	917	926	932	928	928	929	929	965	1001	1023	1026	1010	972	916	941	1028	1042	965	925	928	928
1409	1499	1498	928	988	1059	1049	962	919	930	933	929	925	942	983	997	994	984	953	921	951	985	993	1000	939	922	934	925
1310	1413	1314	926	1014	1040	1058	1029	969	929	921	920	916	930	954	970	985	985	958	986	971	975	1016	955	919	926	926	916
1090	1087	1042	1008	1031	1019	1040	986	1003	1029	999	980	989	1030	1067	1059	1028	1009	983	954	986	1017	972	922	924	933	920	918
1028	1072	1003	1048	1051	1025	1017	993	1004	1061	1045	1055	1141	1161	1107	1023	1001	995	976	998	1000	951	921	929	929	922	919	919
1068	1055	1041	1063	1042	1058	1042	1029	1041	1046	1016	973	959	947	973	1002	977	971	976	951	919	915	928	922	918	920	913	970
1138	1026	1052	1049	1042	1060	1062	1060	1037	1044	1030	1033	978	979	1005	977	962	936	922	916	929	931	922	918	918	911	978	889
1053	1049	1045	1037	1047	1059	1057	1058	1015	1044	1054	1051	1029	1000	966	937	930	922	926	931	926	917	918	917	910	989	870	201
962	1017	1044	1049	1054	1032	1055	1056	1035	1044	1049	1036	990	945	927	923	927	930	927	918	917	917	912	916	1007	809	166	15
939	967	1013	1038	1023	1036	1054	1052	1046	1051	1027	981	940	927	928	930	930	920	920	918	918	912	953	1001	656	114	38	65
1003	916	935	955	958	1020	1038	1039	1032	1005	967	941	935	937	928	924	921	918	913	918	960	1007	864	384	58	63	74	67
722	1035	932	914	933	946	962	966	957	944	934	935	932	923	918	912	916	947	997	994	809	442	121	43	71	67	65	65
9	469	963	1008	944	919	918	923	923	923	920	918	918	931	967	1006	1002	878	610	289	89	45	61	68	69	67	65	64
29	0	146	560	890	1010	1018	996	989	988	996	1017	1020	960	811	570	312	123	47	50	61	66	66	68	66	67	67	57
61	64	43	18	95	287	473	635	713	693	617	506	355	193	88	47	49	60	66	67	66	66	65	66	66	49	35	144
72	70	72	73	65	40	27	34	46	51	53	50	53	60	65	68	70	69	70	68	66	68	65	36	55	207	434	499
57	55	59	61	71	78	80	83	80	76	74	72	69	72	70	68	70	69	67	66	64	57	78	314	511	452	252	118
992	1011	1007	1025	980	993	991	965	933	988	1034	1035	1056	1012	925	925	997	1050	1052	1014	1072	1142	1160	1184	1146	1001	934	1043
994	999	980	974	955	954	985	1021	1018	979	1038	1042	1052	1061	1029	927	950	1035	1055	1019	954	978	1017	891	931	928	950	1050
1039	1035	935	916	952	972	979	979	981	998	984	1005	1044	1050	1064	1015	932	970	998	960	984	971	953	919	883	919	1059	1046
1261	1300	1006	963	934	972	970	953	934	992	1006	1005	1031	1054	1057	1047	947	929	929	927	997	979	936	989	970	969	1144	1026
1223	1272	1045	1066	994	967	991	948	933	972	989	996	1009	1044	1058	1051	945	931	928	921	940	995	991	968	935	1011	1081	1018
1127	1232	1108	1042	1059	997	1025	982	952	965	975	1020	1037	1054	1061	1031	937	931	928	923	912	932	981	974	917	1067	1054	1020
1111	1170	1155	968	1066	1044	1056	1050	1009	997	1030	1060	1061	1056	1060	999	932	927	926	921	916	914	935	917	948	1095	1018	970
1156	1217	1126	969	1064	986	1050	1057	1058	1048	1055	1060	1057	1057	1049	958	930	932	924	920	917	920	921	907	1016	1078	1013	940
1200	1297	1082	990	1066	932	986	1062	1058	1056	1057	1058	1060	1061	985	927	928	926	925	920	918	917	906	947	1047	1052	965	930
1082	1329	1142	951	996	928	923	980	1038	1057	1060	1053	1037	984	930	933	933	931	928	925	922	911	929	990	1007	957	924	930
1548	1412	1181	1076	1037	982	917	923	949	975	984	971	954	934	944	939	930	931	921	918	913	924	987	985	928	921	924	932
1718	1586	1203	1166	1178	1099	1010	939	924	934	930	945	947	942	931	923	919	922	931	920	937	988	1007	962	924	918	930	924
1068	1294	1180	957	1002	1182	1085	1020	959	924	931	938	932	919	912	913	965	1046	989	961	982	1005	1008	943	922	926	928	917
972	1102	1035	938	988	1031	1041	1017	1003	970	928	925	926	921	957	1069	1137	1044	960	971	1003	1020	959	919	921	931	919	916
988	1066	990	1018	1047	1028	1068	1025	996	1018	986	962	976	1030	1098	1074	991	939	967	1013	1006	958	924	921	931	925	918	916
1035	1062	1020	1062	1069	1036	1048	1006	1017	1065	1052	997	944	979	968	968	974	999	994	966	931	917	920	932	924	916	918	916
1053	1042	1045	1052	1049	1055	1040	1008	1033	1044	1050	1010	940	950	970	981	974	953	932	916	917	920	931	920	915	919	912	946
1085	1026	1045	1046	1050	1064	1061	1057	1052	1037	1044	997	967	984	959	936	926	920	917	916	927	933	920	914	916	911	956	919
1029	1045	1042	1041	1055	1056	1052	1050	1057	1056	1048	1002	981	949	923	920	917	915	919	930	932	918	918	916	910	970	896	269
978	1013	1050	1050	1035	1032	1048	1030	1048	1058	1009	963	933	920	920	922	923	926	933	924	914	913	911	917	996	820	203	13
946	969	1009	1015	990	1056	1058	1040	1032	1007	963	943	931	926	925	926	926	924	922	918	912	912	947	994	654	127	35	64
991	914	937	959	968	1007	1007	990	965	945	936	939	929	928	926	922	921	915	909	916	956	1000	859	385	63	62	77	70
790	1041	936	915	936	944	947	945	942	939	931	931	925	921	917	911	915	946	997	991	807	436	121	46	70	68	66	65
36	502	957	1023	963	927	921	918	921	919	918	918	921	932	967	1004	1000	874	601	288	88	41	60	68	68	67	65	63
22	0	131	507	838	987	1026	1021	1012	1012	1011	1025	1021	956	797	562	307	117	45	46	60	67	65	67	68	66	67	57
67	71	54	22	65	211	400	541	604	610	565	469	326	185	82	43	46	59	63	65	68	67	65	67	65	50	40	144
59	63	67	66	61	43	30	32	36	43	46	49	50	58	64	67	66	65	67	66	68	68	64	37	53	205	428	495
57	57	57	60	66	76	79	82	82	77	74	70	67	69	69	66	67	69	67	64	63	57	79	308	507	454	253	118
972	955	943	940	933	976	995	941	967	1035	1040	1045	1049	995	911	1001	1170	1158	1095	1095	1110	1102	1168	1193	1200	1067	978	1035
1143	1010	926	941	969	1004	1000	951	966	982	1003	1043	1055	1059	1017	954	1122	1165	1135	1095	1091	1053	1105	1159	1097	933	1094	1134
1196	1144	999	948	954	942	988	948	943	975	976	1002	1047	1053	1062	996	998	1117	1124	1025	981	1012	1018	1008	941	947	1194	1055
1233	1243	1107	1053	992	921	941	934	942	967	1009	966	1013	1049	1058	1052	943	958	977	954	998	1030	980	1016	925	999	1115	1026
1169	1236	1184	1068	1052	945	948	956	963	988	1001	1005	1003	1038	1057	1060	967	926	925	947	992	1023	996	1005	915	1003	1023	1037
1156	1218	1231	1080	1067	993	975	1005	966	1014	975	1022	1040	1058	1054	1056	973	925	927	925	943	983	1041	974	933	1007	1002	1009
1163	1229	1226	1022	1068	1054	1051	1042	994	1007	1001	1046	1059	1057	1052	1038	948	927	926	923	915	924	942	912	990	1018	1025	958
1238	1287	1094	973	1073	1030	1018	1061	1053	1042	1044	1056	1057	1060	1058	991	930	930	922	921	924	934	909	943	1028	1060	1002	923
1165	1115	961	975	1066	994	933	1017	1058	1061	1062	1060	1060	1031	977	937	933	928	924	926	933	916	931	1011	1047	995	928	923
1049	1122	979	978	1013	959	913	930	969	999	1022	1020	993	950	933	945	940	931	919	932	921	932	1000	1020	977	925	919	933
1627	1293	1015	1014	1017	1031	941	917	931	935	941	938	947	949	952	943	930	916	935	964	943	975	988	944	918	920	927	930
1813	1154	1012	1039	1062	1042	1035	957	922	929	931	947	954	943	930	924	915	991	1110	1003	978	996	960	920	922	924	933	922
1051	968	1054	987	1022	1078	1044	1049	1007	940	921	933	932	918	920	931	1024	1119	1021	968	1006	1002	956	923	920	929	924	919
949	1041	1024	988	1004	1052	1006	1004	1020	1008	960	924	932	943	971	1000	993	949	969	1018	1013	952	919	920	926	933	918	917
1036	1059	1002	1020	1041	1034	1059	1067	1028	1014	1000	950	927	951	956	933	941	991	1017	982	937	920	918	922	932	924	918	917
1073	1049	1026	1067	1058	1046	1056	1050	1047	1062	1058	1006	916	929	953	979	992	979	936	920	917	918	919	933	921	917	917	915
1054	1045	1039	1052	1052	1054	1059	1023	1046	1052	1054	1003	935	950	961	950	932	924	920	923	922	921	931	919	916	915	909	951
1033	1025	1040	1052	1059	1059	1041	1030	1047	1037	1045	981	949	942	924	919	918	919	919	919	922	932	922	916	917	910	964	868
1010	1025	1042	1059	1055	1061	1048	1060	1061	1053	1030	956	930	919	918	917	917	915	917	923	931	922	916	916	912	980	854	216
980	1023	1051	1039	1009	1032	1027	1049	1065	1042	980	935	919	918	919	917	918	923	932	929	918	915	913	920	997	757	156	11
929	961	1008	985	996	1062	1042	1027	1027	979	934	936	924	923	926	929	932	931	921	914	913	913	959	979	568	89	36	66
985	908	928	956	975	991	979	960	941	933	939	940	935	933	926	922	917	912	911	918	956	1000	820	320	44	67	75	73
853	1044	947	914	925	939	941	945	941	938	937	929	921	919	916	913	916	943	990	991	794	413	101	47	74	69	66	66
58	509	943	1033	984	937	919	916	918	917	916	915	919	934	964	1001	996	875	602	285	82	44	62	67	68	65	66	64
20	0	113	441	765	962	1027	1021	1008	1010	1014	1024	1021	949	797	560	303	118	49	47	63	67	69	68	68	67	70	60
81	79	59	28	50	163	347	499	586	605	554	462	331	180	81	46	50	63	64	68	69	68	71	68	65	53	41	141
55	53	54	59	62	51	30	24	29	38	44	48	52	61	65	68	67	70	70	67	69	69	63	39	53	197	421	493
57	59	61	65	66	74	81	82	83	76	73	71	70	70	70	68	69	70	70	68	64	61	77	296	505	455	259	122
963	915	914	973	962	946	942	974	1016	1028	1041	1056	1047	989	939	1047	1165	1184	1130	1094	1136	1106	1138	1182	1179	1018	1020	1031
1174	987	929	928	962	949	947	992	984	956	971	1014	1057	1062	998	957	1159	1192	1149	1097	1117	1104	1087	1146	1069	959	1037	1046
1327	1239	1081	1012	954	923	951	966	997	999	971	977	1050	1053	1058	965	1050	1172	1143	1020	1029	1037	1022	979	925	976	1025	1040
1192	1304	1145	1049	1053	946	929	963	1015	1015	1010	966	1015	1055	1055	1032	932	990	990	959	979	981	1015	975	915	986	1015	1036
1145	1221	1191	1033	1075	1019	935	985	1005	1019	1018	1020	1030	1051	1054	1057	954	921	941	965	958	971	987	982	918	990	1012	1027
1151	1233	1220	1037	1066	1051	988	1033	1003	1016	1008	1035	1053	1059	1054	1053	965	923	920	952	990	993	1007	959	930	978	1021	988
1168	1275	1178	977	1051	1068	1045	1052	1040	1040	1047	1053	1053	1057	1051	1011	936	924	924	917	931	976	982	922	976	1024	1043	946
1237	1298	1069	943	1045	1077	989	1025	1062	1059	1056	1056	1057	1058	1023	953	926	925	919	917	918	924	907	971	1013	1049	965	920
1286	1246	1023	953	1050	1048	931	944	1013	1031	1038	1047	1033	974	942	929	926	923	922	926	926	932	967	1000	1045	969	918	923
1385	1318	1042	1007	1019	1010	917	915	932	938	949	950	945	950	935	935	928	923	923	938	987	991	1008	1033	971	920	919	930
1437	1443	1018	992	1015	1029	998	927	926	927	925	924	929	935	933	933	927	923	974	1110	1029	979	998	950	920	920	926	930
1580	1429	1079	945	1012	1016	1044	996	924	927	925	930	924	921	927	927	931	980	1048	1032	994	992	934	920	921	924	934	919
1154	1106	1069	993	1017	1058	1015	1034	1018	981	939	925	928	927	934	946	958	948	943	994	1031	964	926	929	921	929	921	918
998	1045	1005	1044	1021	1062	1009	969	1013	1014	999	945	927	938	959	962	961	1003	1034	1013	950	916	920	921	932	922	914	918
1065	1055	999	1041	1042	1053	1055	1051	1035	1025	1021	948	929	959	967	980	1011	1007	958	922	915	919	915	926	924	916	923	918
1059	1046	1039	1061	1043	1050	1062	1060	1037	1048	1048	959	943	963	972	956	948	919	910	917	918	917	920	924	916	915	918	918
1042	1052	1031	1055	1039	1054	1055	1036	1053	1054	1039	969	940	937	927	917	916	917	918	919	916	922	925	916	919	913	914	981
1033	1016	1044	1056	1059	1049	1037	1041	1060	1047	1046	960	922	922	916	918	917	916	918	918	924	927	917	917	914	920	998	673
1015	1001	1048	1063	1057	1051	1031	1050	1058	1051	1021	923	914	916	919	915	918	921	921	926	921	917	914	913	931	995	615	85
978	1031	1049	1007	1000	1026	1039	1052	1053	1031	949	918	920	918	920	920	924	926	927	918	915	914	910	956	962	490	47	20
925	961	999	958	1003	1038	1030	1045	1018	954	920	921	920	924	924	929	928	922	913	913	912	926	994	843	308	22	39	63
956	907	926	957	962	966	962	957	942	934	936	935	936	929	923	922	919	913	910	931	988	949	591	132	28	71	73	70
984	1023	931	911	925	940	944	945	944	937	931	928	919	918	911	914	923	961	1006	936	638	238	40	54	78	69	67	66
175	670	993	1030	963	921	910	911	911	914	915	915	924	939	978	1008	960	788	479	184	53	52	70	71	67	66	67	66
12	6	185	548	869	1008	1028	1016	1013	1012	1014	1007	976	881	708	467	221	76	42	57	66	65	69	66	65	66	65	58
79	69	51	40	108	267	426	507	521	499	442	341	223	118	59	46	54	64	65	67	66	67	68	66	64	51	34	126
48	45	47	48	42	30	21	18	25	35	42	50	60	68	67	69	67	68	69	67	69	70	63	37	46	185	413	504
53	54	60	66	71	77	78	81	78	73	72	73	68	69	70	67	71	70	68	65	63	62	69	278	505	464	273	124
938	917	920	966	969	958	930	976	1053	1044	1049	1047	1011	950	1000	1136	1108	1154	1139	1107	1155	1118	1105	1179	1102	1020	1022	1043
1060	957	981	966	924	919	919	1015	1040	979	987	1036	1060	1056	974	1043	1123	1168	1142	1104	1138	1132	1097	1050	976	1021	1037	1043
1253	1092	1013	1067	1017	931	937	1010	1003	992	994	985	1032	1061	1046	957	1037	1153	1121	1009	1046	1061	1020	926	936	1033	1038	1033
1141	1274	1008	1029	1084	1019	957	1020	999	1007	1017	1000	1027	1059	1062	987	919	984	981	956	997	1030	1032	933	952	1045	1037	1036
1105	1231	1143	983	1077	1063	1007	1039	1016	1009	1013	1019	1025	1053	1061	1002	926	936	954	977	927	967	1021	948	983	1056	1040	1010
1112	1219	1148	979	1051	1072	1044	1042	1052	1030	1031	1047	1059	1058	1066	986	922	922	924	964	979	993	1015	956	1020	1050	1048	978
1218	1328	1045	926	999	1068	1046	1007	1046	1061	1062	1058	1059	1064	1028	941	923	923	921	918	941	995	957	967	1029	1039	1022	930
1252	1375	1040	927	1022	1080	1020	943	992	1034	1053	1057	1051	1017	946	926	923	923	919	918	922	910	927	1026	1025	1041	949	921
1386	1300	1129	987	1026	1057	966	925	944	954	972	983	966	939	932	929	925	921	925	931	920	936	1009	1031	1047	983	920	929
1804	1326	1168	1132	1038	1033	969	919	933	930	927	925	928	942	930	926	927	925	929	932	989	999	1018	1050	1001	925	923	931
1379	1357	1188	1084	1149	1029	1013	990	920	933	930	925	928	926	922	924	932	934	926	971	1006	1023	1055	999	927	920	926	924
1239	1236	1055	922	1020	1156	1041	1038	966	933	921	922	924	928	930	932	930	926	930	971	1029	1046	975	926	920	921	927	916
1063	1080	985	983	980	1062	1009	972	1022	1033	983	925	925	926	925	919	920	919	945	1015	1045	954	924	928	921	926	915	916
1041	1058	974	1038	1055	1061	1033	959	1009	1007	1034	963	910	914	919	931	960	998	1029	1003	943	912	917	920	927	918	913	917
1054	1058	1012	1056	1060	1066	1058	1049	1050	1022	1022	956	949	978	982	1003	1024	989	940	913	914	922	919	929	918	917	917	923
1037	1063	1049	1049	1045	1061	1066	1063	1040	1037	1046	951	939	938	928	923	919	907	909	915	920	922	925	921	920	915	918	956
1034	1046	1036	1056	1036	1059	1061	1050	1054	1042	1036	949	919	915	914	914	916	916	917	922	920	926	921	916	915	916	963	829
1020	990	1038	1059	1050	1052	1048	1051	1066	1052	1027	931	917	924	920	918	919	918	920	920	926	919	918	912	913	972	822	281
1012	993	1063	1064	1065	1042	1026	1053	1063	1059	991	920	921	925	921	921	923	922	924	926	919	918	912	925	977	748	234	82
981	1043	1037	976	1008	1020	1020	1035	1059	1008	933	924	921	926	924	925	927	926	922	918	914	911	950	959	604	151	72	73
930	961	989	945	955	1004	1050	1035	996	939	924	925	924	925	927	928	922	914	913	912	931	977	845	399	75	61	73	73
925	913	934	955	950	958	966	958	943	937	937	934	932	925	919	915	912	913	938	982	910	583	178	36	75	89	74	66
1046	948	914	922	930	936	938	939	936	929	924	921	916	914	917	938	968	979	869	573	231	61	61	84	80	69	68	68
559	979	1013	951	922	917	915	915	921	926	931	944	964	985	975	885	681	399	164	63	65	78	77	70	67	68	66	67
7	214	623	912	1006	1009	999	983	976	956	913	843	717	554	342	172	75	61	73	73	69	65	66	65	66	67	66	60
84	65	70	164	270	339	345	315	281	237	182	126	87	66	67	73	76	70	66	65	65	67	67	65	66	53	36	126
96	96	96	87	76	67	68	74	77	82	86	86	81	76	70	69	69	67	68	66	67	69	65	41	46	181	410	502
80	80	82	86	86	87	83	81	76	68	68	67	64	68	68	68	69	69	68	67	66	60	70	270	501	473	279	122
1012	958	944	954	959	957	947	943	988	1037	1049	1040	981	916	1054	1161	1105	1121	1157	1100	1109	1111	1088	1049	980	1037	1048	1041
1224	1139	1059	1028	966	921	918	992	1056	1046	1046	1057	1054	997	962	1135	1133	1133	1162	1101	1100	1105	1063	944	945	1045	1048	1033
1246	1293	1153	1060	1068	1012	933	1028	1055	998	1030	1052	1053	1055	976	1029	1120	1113	1139	1023	1020	1051	1020	943	958	1048	1043	1030
1191	1284	1227	1082	1064	1072	1010	1025	1049	1034	1040	1023	1049	1061	1030	926	964	999	984	976	1005	1040	1025	965	987	1058	1038	1016
1145	1221	1310	1107	1052	1072	1056	1013	1049	1048	1024	1033	1055	1060	1030	935	924	931	946	987	995	982	992	967	1027	1063	1052	993
1197	1269	1311	1041	1029	1070	1071	995	1005	1056	1051	1056	1060	1058	1014	937	921	919	941	952	966	1025	1007	966	1055	1053	1043	954
1385	1381	1128	988	982	1065	1069	976	941	1020	1047	1052	1050	1022	962	933	922	919	918	925	933	954	918	995	1054	1046	1004	927
1206	1155	1016	980	1004	1068	1064	950	920	941	970	990	981	967	943	930	923	919	925	925	923	905	926	1035	1055	1041	952	929
1265	1297	1020	987	1012	1025	970	924	926	924	924	929	934	939	939	929	922	921	934	926	915	909	1011	1064	1054	999	923	930
1781	1526	1080	1027	1021	1020	1009	959	921	925	925	928	927	929	928	933	937	934	932	915	901	985	1058	1059	1024	927	926	927
1473	1369	1088	999	1073	1031	988	1034	968	923	919	922	926	930	928	935	939	923	911	897	960	1056	1067	1031	942	920	925	917
1041	1040	1008	1000	1030	1141	1030	1028	1045	989	941	921	924	929	927	925	920	910	904	964	1054	1050	994	925	918	929	922	919
1027	1033	952	977	992	1045	1011	961	1019	1053	1044	956	910	917	915	913	909	920	976	1041	1027	942	921	921	922	925	914	918
1034	1053	1004	998	1052	1034	1032	988	1022	1001	1055	1037	940	923	927	933	956	1011	1020	980	932	922	922	921	927	920	918	931
1053	1066	1044	1048	1063	1060	1053	1061	1058	1017	1021	973	952	944	949	971	979	956	921	910	918	925	922	929	918	920	924	937
1051	1051	1049	1043	1045	1060	1058	1063	1044	1036	1042	936	912	914	913	914	911	912	915	918	923	924	927	920	919	915	959	700
1040	1043	1034	1044	1039	1061	1051	1062	1048	1031	1038	931	918	917	917	918	919	918	919	925	925	927	920	917	914	963	776	237
1022	983	1031	1054	1043	1048	1050	1040	1055	1045	1017	929	922	927	923	920	918	922	921	926	923	916	916	920	965	782	268	83
1008	978	1057	1058	1061	1038	1042	1055	1059	1054	966	928	934	926	922	926	927	922	923	923	918	913	927	963	714	245	107	137
979	1019	1006	961	1008	1014	1001	1027	1051	980	927	925	929	933	923	928	929	924	918	914	915	954	927	578	179	119	141	116
928	964	963	930	921	999	1039	1008	966	927	925	928	927	927	928	926	921	915	917	943	966	779	360	119	128	143	119	92
918	921	942	952	946	948	948	943	938	936	932	933	928	923	919	915	919	950	978	840	479	163	108	151	147	114	77	64
981	911	919	928	931	934	935	935	930	926	924	916	914	920	944	984	962	790	456	174	105	149	156	114	78	64	66	67
946	1022	930	912	917	914	916	918	924	930	943	969	990	966	828	571	293	130	112	151	149	110	74	63	63	65	65	67
172	685	979	1012	1005	999	997	987	972	922	829	675	478	278	137	107	132	147	123	87	67	61	65	65	66	68	67	58
57	67	238	401	451	450	405	342	276	191	136	106	112	127	133	114	86	65	60	64	66	66	66	66	64	52	36	115
130	124	111	100	100	103	106	113	118	122	119	105	90	74	65	62	65	67	68	67	67	66	67	44	42	166	393	507
87	85	86	87	87	88	80	78	73	68	67	67	64	66	68	65	67	69	70	67	66	62	64	245	484	480	295	128
1058	995	986	997	972	960	942	929	926	964	1021	1034	1024	1047	1154	1167	1129	1086	1093	1098	1109	1133	1123	977	963	1048	1061	1009
1219	1212	1154	1061	1036	969	921	922	981	1022	1021	1000	966	947	1034	1143	1114	1096	1104	1049	1059	1090	1038	930	967	1052	1051	1007
1192	1295	1278	1047	1060	1068	1000	935	1018	1053	1055	1051	1026	954	904	971	1050	1056	1071	1012	959	790	930	954	973	1050	1045	1003
1161	1247	1278	1088	1053	1071	1068	985	1003	1053	1061	1058	1048	1005	938	919	966	990	982	1017	951	763	949	952	987	1056	1054	986
1156	1204	1321	1116	1052	1067	1078	1021	972	1033	1050	1054	1045	1000	936	925	933	928	960	1010	988	975	1002	935	1018	1057	1051	962
1189	1271	1367	1105	1034	1047	1069	1041	940	983	1015	1021	1011	968	934	929	920	924	950	986	998	1007	961	952	1061	1050	1028	929
1337	1383	1293	1031	1017	1039	1071	1039	917	929	954	965	960	943	928	923	920	921	929	930	942	925	902	1007	1067	1045	994	938
1389	1380	1161	991	979	1057	1054	979	915	921	922	926	928	935	928	924	923	920	924	920	916	903	946	1054	1061	1048	946	938
1584	1330	1155	1091	1019	1015	945	909	916	922	918	924	929	934	930	928	933	921	924	917	906	918	1027	1063	1056	982	920	928
1534	1652	1182	1066	1110	1079	1018	988	934	919	917	915	920	929	927	931	932	921	915	909	909	1009	1070	1061	1012	924	927	921
1592	1623	1097	954	998	1055	1069	1017	1032	1005	963	930	916	918	921	920	920	912	905	916	1017	1076	1057	991	926	922	929	916
1372	1253	958	1029	1002	1032	1072	1014	1040	1059	1042	984	922	909	914	912	908	909	946	1026	1048	1009	950	923	921	929	921	919
1050	1029	979	1019	1036	1052	1049	1006	1004	1032	1065	1048	962	911	906	912	936	983	1015	997	947	922	921	920	929	930	916	917
1013	1050	1046	1003	1046	1039	1053	1007	1016	1022	1041	1067	1032	955	942	965	985	979	950	926	915	925	918	918	924	925	922	931
1051	1062	1050	1027	1056	1049	1050	1058	1056	1030	1005	985	949	932	926	925	917	912	913	914	918	923	922	925	916	918	922	933
1043	1040	1047	1041	1044	1057	1052	1065	1051	1033	1037	946	911	911	910	913	915	916	916	917	921	928	927	916	912	916	966	585
1037	1042	1032	1033	1043	1049	1046	1065	1051	1032	1037	936	917	914	915	914	915	918	925	925	927	927	915	913	917	974	689	193
1007	1004	1029	1038	1050	1048	1039	1052	1040	1047	1006	925	919	914	916	919	926	929	926	925	924	920	913	923	976	690	219	67
1013	957	1041	1042	1053	1040	1047	1053	1063	1039	947	923	924	917	919	923	926	926	925	920	917	911	946	954	600	202	85	66
984	1008	982	961	982	1007	994	1022	1028	955	924	921	918	920	918	918	924	924	917	913	927	978	845	428	167	100	64	44
930	963	953	936	933	978	991	967	935	926	923	923	922	921	924	923	918	911	927	974	918	587	246	139	96	49	42	60
919	925	944	947	946	942	941	935	938	936	931	928	925	921	914	915	939	980	920	632	293	145	118	79	60	73	73	69
934	913	917	925	926	929	930	930	927	924	920	916	916	933	969	973	856	578	267	138	119	100	76	70	74	68	66	64
1043	938	908	910	913	920	918	916	923	938	963	984	970	869	668	381	181	114	117	111	95	80	72	67	64	65	66	65
631	982	1020	993	993	995	996	991	959	872	731	533	334	173	107	111	121	114	93	76	69	66	66	65	65	64	66	61
63	219	434	562	578	525	444	374	265	152	96	85	102	118	113	98	79	68	64	66	66	68	66	66	66	52	33	98
109	117	81	67	66	71	72	79	92	103	105	101	88	76	69	64	63	63	66	68	67	64	65	44	33	143	375	516
97	98	98	98	96	94	89	84	80	74	70	66	65	66	66	67	68	68	68	64	65	61	55	212	486	495	313	136
996	948	996	1005	988	978	939	985	975	927	929	939	974	1053	1095	1099	1069	952	933	1027	1086	1115	1045	925	1003	1055	1051	982
1166	1049	1022	1067	1072	1035	972	910	910	927	933	922	918	949	1006	1047	974	947	962	988	1018	1029	963	912	993	1054	1054	987
1134	1268	1084	974	1065	1073	1075	987	915	946	963	959	932	911	919	925	919	979	1006	976	1004	793	907	918	993	1060	1057	979
1108	1160	1223	958	1057	1065	1074	1055	941	943	973	973	949	926	922	927	930	982	994	970	926	784	939	919	1012	1061	1050	966
1108	1116	1258	988	1064	1054	1067	1074	982	925	955	950	936	922	918	925	924	959	1003	1020	1021	1027	950	927	1047	1060	1042	939
1155	1181	1317	993	1064	1030	1062	1073	1002	916	925	925	925	925	923	928	917	926	945	960	976	945	913	987	1068	1049	1020	931
1241	1352	1364	962	998	1023	1065	1068	964	915	921	922	920	930	926	923	921	921	927	920	916	900	936	1049	1063	1059	984	931
1160	1375	1252	1002	948	1021	1039	978	917	922	922	922	921	922	924	927	922	919	918	917	910	915	1020	1063	1063	1026	936	937
1800	1394	1118	1116	1009	1008	980	930	919	923	928	929	920	918	919	921	919	915	914	909	914	998	1057	1058	1046	953	926	932
1911	1648	1121	1124	1112	1110	1045	999	969	981	992	981	956	936	912	914	914	912	908	908	973	1058	1066	1036	957	920	931	925
1422	1257	1079	1015	1022	1103	1135	1013	1033	1063	1064	1034	978	950	928	912	912	912	938	998	1051	1056	992	934	919	924	933	924
1152	1073	961	1002	1007	1024	1079	1017	1004	1049	1058	1063	1032	958	918	917	919	966	1032	1034	976	957	930	928	923	930	928	917
1051	1017	1024	1007	1052	1055	1051	1034	992	1006	1040	1062	1064	1013	935	939	982	1004	965	933	911	918	924	922	924	932	920	921
1027	1051	1058	1011	1058	1062	1057	1047	1010	1014	1005	1029	1035	997	956	956	936	914	908	915	915	922	921	918	927	927	929	922
1016	1051	1035	1011	1060	1053	1056	1057	1046	1046	998	964	926	910	913	914	913	914	915	918	919	921	920	926	920	917	923	949
1008	1046	1040	1018	1051	1059	1038	1033	1059	1051	1030	976	908	914	917	918	915	917	919	922	921	920	925	919	913	913	931	913
1025	1036	1030	1036	1048	1052	1045	1052	1063	1043	1045	947	911	914	918	929	921	919	922	920	918	923	918	917	915	931	934	686
983	1030	1029	1028	1051	1043	1035	1051	1048	1058	990	917	915	913	917	922	928	922	919	921	920	915	916	911	931	929	691	386
1010	957	1013	1025	1045	1022	1042	1048	1047	1004	930	921	916	916	917	920	918	919	925	919	913	911	913	947	907	632	335	192
981	1004	968	956	958	947	975	990	989	934	923	924	916	917	918	914	917	923	919	914	911	936	953	811	498	245	128	84
938	957	951	940	936	945	948	937	929	927	924	924	922	922	924	923	917	912	918	941	957	856	594	317	147	72	54	61
925	928	938	945	943	940	946	937	931	930	929	927	922	919	913	915	932	962	953	827	585	330	169	78	59	69	72	73
921	921	919	922	923	928	942	925	925	919	920	919	922	938	968	969	885	700	458	268	161	95	63	67	74	70	67	67
973	931	931	933	932	943	939	938	952	967	982	981	934	826	659	446	282	180	128	95	73	66	73	70	66	66	64	65
933	962	958	959	948	938	900	870	805	688	569	435	301	207	152	123	103	79	73	67	66	68	66	66	67	66	67	61
248	339	391	338	326	290	254	224	183	152	124	107	101	91	78	73	72	70	67	66	67	68	67	67	68	58	37	99
146	231	241	111	90	95	96	92	86	84	77	75	76	74	70	68	68	66	66	68	67	66	66	46	36	142	367	510
87	100	91	84	78	79	79	77	75	74	69	68	67	66	66	67	66	67	66	66	67	63	58	207	473	488	317	142
1031	987	988	1002	1019	1011	956	954	949	921	928	935	925	918	927	949	934	945	946	939	960	978	928	950	1035	1057	1048	973
1181	1154	1152	1080	1063	1064	1055	991	916	913	920	927	923	922	928	921	937	973	994	1017	959	961	929	926	1031	1059	1047	973
1173	1246	1231	1068	1047	1062	1072	1073	967	903	908	916	927	925	930	915	949	1000	1023	977	1004	1009	950	917	1028	1059	1049	970
1163	1171	1278	1162	1067	1059	1068	1077	1031	913	905	910	915	921	929	929	936	1006	1009	945	969	1014	934	930	1044	1056	1037	942
1178	1196	1307	1175	1068	1062	1066	1072	1067	948	910	911	913	916	915	919	923	957	1018	1015	978	952	905	979	1065	1060	1023	931
1206	1294	1335	1076	1064	1051	1056	1070	1060	936	916	916	916	918	917	921	916	920	931	943	936	910	930	1035	1059	1056	989	929
1253	1289	1105	992	1032	1009	1061	1066	995	911	916	915	916	915	919	919	919	917	915	913	906	907	999	1057	1055	1038	952	932
1062	1115	1033	998	991	981	1005	969	929	917	910	909	909	910	913	913	910	910	911	912	905	968	1056	1054	1054	972	920	929
1400	1390	1068	992	1019	1015	999	964	953	944	955	960	953	951	939	914	904	908	909	905	953	1052	1056	1048	981	923	922	927
1864	1509	1072	967	968	980	1017	973	1006	1048	1046	1055	1047	1024	962	918	904	906	912	951	1029	1053	1015	955	917	920	921	927
1406	1215	1050	1017	1023	1012	1032	1030	1034	1056	1062	1058	1049	1039	1006	933	909	917	961	1018	1015	981	925	914	918	916	922	928
1007	1026	1055	1032	1034	1059	1053	1055	1037	1039	1058	1061	1062	1060	1020	953	959	988	981	949	926	920	919	919	915	913	925	920
992	1028	1043	1020	1039	1046	1062	1062	1021	995	1006	1049	1059	1069	1018	967	948	933	912	908	914	913	921	917	916	923	920	913
1014	1048	1054	999	1049	1049	1051	1059	1057	1012	946	952	989	985	944	917	911	913	911	913	920	922	921	917	925	922	912	913
1027	1055	1056	1004	1059	1061	1036	1054	1056	1035	1028	928	938	914	929	912	912	914	911	917	926	932	920	925	919	912	918	918
1006	1028	1053	987	1057	1061	1054	1030	1039	1057	1048	965	922	913	924	922	920	920	919	923	931	923	924	921	914	918	918	924
1025	1037	1046	1014	1048	1056	1043	1017	1062	1057	1033	955	914	914	915	922	921	918	919	923	921	926	923	917	916	914	918	939
987	1036	1044	1034	1044	1044	1032	1044	1044	1017	976	927	914	914	913	918	916	918	922	923	925	919	914	915	914	924	942	932
1010	1008	1020	1024	1022	989	1023	1026	976	951	931	932	915	915	916	919	920	916	920	925	918	917	914	911	926	942	927	877
977	975	949	946	941	917	942	948	942	927	926	933	921	920	920	918	917	922	920	914	912	911	919	946	937	870	715	387
952	946	927	921	924	934	934	936	931	922	922	922	919	920	921	922	920	914	911	911	921	945	945	853	663	399	154	60
926	934	945	942	941	939	944	942	924	926	923	924	925	922	916	913	911	921	941	957	926	801	577	330	144	65	67	71
924	921	922	922	926	928	935	926	927	924	921	917	917	918	930	953	963	932	828	649	432	235	113	71	69	70	68	67
940	930	926	922	924	926	924	925	933	946	960	968	969	941	869	745	580	407	258	151	94	76	71	69	66	65	66	66
1036	1005	992	983	970	961	937	912	874	817	736	635	514	396	283	200	148	109	86	74	67	64	65	66	67	66	66	61
547	526	507	464	428	388	358	317	275	239	203	173	149	130	109	95	80	72	70	70	69	72	71	69	70	62	41	87
150	244	264	120	130	132	132	131	125	121	113	98	87	79	72	69	68	69	69	71	70	69	69	52	35	126	350	511
101	131	114	89	84	82	80	78	77	72	73	71	68	69	70	72	71	71	69	70	70	66	59	183	464	506	340	151
1120	1171	985	985	1049	1037	1014	962	929	931	948	955	928	926	930	934	962	998	1011	1011	954	924	910	1003	1055	1050	1040	974
1177	1191	1159	1055	1064	1061	1074	1072	997	916	917	923	923	931	935	930	996	1011	993	1030	996	934	911	987	1056	1059	1051	968
1196	1227	1250	1124	1042	1068	1071	1076	1061	947	909	914	911	914	922	930	1016	988	942	1023	1020	943	908	981	1057	1057	1042	946
1163	1191	1278	1243	1067	1062	1070	1072	1078	999	907	913	910	909	911	916	969	1039	1010	1006	1006	920	914	994	1057	1062	1021	931
1159	1211	1282	1252	1072	1062	1064	1066	1076	1013	902	912	913	910	910	909	912	969	1009	977	934	905	940	1027	1062	1062	979	928
1201	1247	1261	1213	1067	1066	1050	1070	1075	964	907	913	912	909	911	911	911	913	916	912	909	925	998	1053	1063	1038	945	936
1254	1266	1263	1095	1038	1024	1014	1054	991	915	916	915	910	909	913	909	906	904	904	910	912	970	1043	1058	1044	973	925	926
1176	1326	1197	1059	1003	955	940	933	913	912	912	912	923	947	950	940	926	902	903	906	950	1026	1047	1031	977	931	922	923
1335	1465	1168	1064	1094	1034	960	930	940	953	965	985	1013	1022	1023	1004	954	907	906	936	1004	1031	999	954	921	922	921	920
1418	1521	1311	998	992	1051	1080	988	986	1022	1047	1035	1033	1043	1046	1017	956	920	938	972	977	966	934	915	922	918	916	921
1390	1433	1276	1015	969	977	1033	1013	978	992	1028	1046	1043	1041	1040	1016	949	933	936	932	926	920	918	918	917	918	916	924
1117	1111	1133	1036	1000	1040	1026	1052	1048	1018	1004	1025	1045	1048	1043	995	939	920	914	911	914	920	922	924	920	916	921	929
948	997	1031	984	1015	1033	1044	1046	1065	1058	1003	983	1027	1039	985	927	909	911	913	911	917	922	923	927	924	921	924	912
989	1037	1054	1000	1032	1040	1045	1050	1063	1063	978	941	970	952	923	908	910	916	917	917	922	931	940	934	925	927	915	912
993	1043	1060	994	1031	1060	1037	1043	1061	1057	1027	951	947	906	916	911	910	914	915	918	917	933	941	930	929	918	915	916
973	1006	1049	1020	1039	1062	1057	1031	1039	1051	1053	970	925	909	909	910	917	914	913	911	923	937	930	928	921	914	914	912
1006	1014	1048	1033	1040	1058	1051	1016	1037	1054	1014	950	923	914	911	912	915	912	910	920	928	931	931	919	913	913	913	913
998	1035	1052	1046	1025	1041	1043	1030	1045	983	948	924	920	916	912	913	912	915	922	923	924	925	917	915	914	917	916	917
997	1046	1062	1041	1006	978	991	1003	956	940	924	924	922	923	922	924	926	922	918	923	925	915	916	914	914	912	923	965
976	974	948	934	930	915	926	934	938	930	922	923	923	927	929	922	920	923	920	921	918	913	910	910	918	970	974	745
952	936	924	922	924	935	932	932	934	924	927	924	921	925	925	920	919	915	919	915	908	909	922	976	972	737	346	101
931	943	944	942	942	933	927	929	926	924	922	922	924	927	921	917	914	912	910	918	944	984	957	728	336	95	54	62
921	923	923	930	937	938	931	929	930	929	929	929	923	919	913	914	923	947	973	963	851	602	292	95	54	62	63	61
926	922	920	917	917	921	923	920	920	923	923	928	938	950	965	960	918	797	595	356	164	69	56	62	61	64	61	63
973	955	960	961	966	969	964	972	972	964	952	917	854	749	592	430	269	138	74	58	61	63	64	63	65	60	63	64
924	884	852	831	793	739	680	618	556	483	405	324	231	153	103	74	64	65	68	63	66	66	66	66	65	57	35	74
234	261	225	182	170	155	140	128	120	109	101	92	80	75	71	68	67	66	70	71	68	69	67	50	31	113	335	514
94	132	106	91	92	95	92	87	82	74	69	69	68	69	71	71	71	72	66	67	67	64	56	157	446	508	351	157
1268	1140	938	958	1046	1055	1055	1034	984	929	919	936	939	935	925	917	1016	992	950	1001	1000	925	930	1018	1045	1043	1051	963
1157	1209	1099	951	1062	1068	1063	1070	1073	986	907	916	919	925	925	938	1019	979	974	1018	1000	913	948	1010	1022	1054	1044	947
1137	1204	1252	1008	1004	1069	1066	1071	1075	1047	923	910	909	912	918	927	993	999	955	1015	970	907	960	995	1044	1064	1018	936
1133	1145	1273	1082	975	1068	1070	1070	1073	1066	945	903	909	910	911	911	930	1013	1003	986	930	911	969	1019	1066	1066	978	931
1151	1123	1238	1149	981	1066	1060	1067	1070	1058	932	911	916	915	915	911	907	942	962	925	893	934	994	1051	1063	1036	940	930
1178	1144	1206	1229	1004	1074	1055	1052	1070	991	912	917	917	916	911	907	902	899	913	910	896	972	1023	1057	1026	971	926	925
1194	1243	1308	1255	974	1025	988	996	971	917	914	914	912	910	916	938	983	1027	981	911	939	1016	1033	1005	953	923	926	924
1070	1254	1308	1156	1004	954	929	913	904	912	914	919	931	986	1095	1152	1130	1088	966	925	977	993	969	933	915	923	924	921
1286	1526	1375	1142	1121	1030	954	955	962	963	966	974	1064	1144	1162	1137	1131	1015	918	936	943	932	922	916	917	920	919	918
1572	1859	1597	1250	1094	1010	992	971	950	964	996	1093	1127	1125	1126	1130	1005	926	921	919	911	913	921	917	915	915	921	921
1350	1453	1380	1184	1036	960	1026	1037	985	934	1016	1133	1085	1121	1117	994	926	914	911	916	914	917	917	920	917	918	919	918
1090	1024	1037	1050	992	1004	1018	1044	1051	1006	1003	1055	1100	1095	976	920	916	914	909	914	915	920	913	918	918	918	918	920
975	991	1023	989	992	1019	1022	1012	1050	1054	1065	1044	1061	984	913	915	916	917	914	915	917	919	915	921	926	922	921	922
963	1013	1049	1009	1001	1034	1038	1039	1042	1066	1053	990	979	938	921	917	912	915	914	917	916	921	915	922	922	923	923	918
958	1023	1056	992	982	1056	1038	1055	1050	1060	1039	969	950	924	924	923	920	918	913	916	915	918	922	924	924	923	923	919
975	1018	1049	1050	1020	1041	1051	1050	1048	1057	1033	965	921	921	925	918	917	918	916	913	915	921	925	923	926	924	922	919
1003	1006	1036	1065	1049	1051	1051	1034	1028	1046	988	933	919	920	934	919	919	914	914	916	922	926	927	925	921	919	914	911
993	1020	1037	1058	1055	1048	1053	1022	1026	987	943	925	922	918	934	927	918	916	922	926	922	922	928	923	917	915	915	914
994	1037	1053	1062	1049	1009	992	986	969	936	927	925	927	924	931	927	928	936	926	925	935	936	923	915	912	908	910	938
1004	1002	977	960	951	934	936	934	926	928	922	920	919	922	926	926	923	926	921	927	931	915	906	907	911	944	968	823
943	946	939	935	934	939	931	926	925	925	922	920	921	932	932	920	922	923	925	919	913	910	913	948	967	792	440	156
946	950	947	947	943	929	925	924	926	927	923	923	923	927	930	924	918	910	907	907	922	956	965	792	409	132	60	63
927	931	936	949	945	932	931	929	927	924	922	920	919	920	919	915	913	923	951	978	925	718	389	131	60	65	67	68
929	927	925	927	928	932	931	929	926	920	916	913	913	919	934	962	983	931	763	493	237	91	60	66	68	70	67	65
924	919	917	918	922	923	923	929	933	942	957	973	987	957	847	686	447	225	99	59	55	64	66	66	67	64	65	64
1024	1013	1008	1005	1004	992	957	913	881	831	754	651	480	279	135	71	53	59	60	62	67	68	66	68	65	59	38	79
533	493	487	501	451	373	276	208	176	140	107	75	54	55	64	68	66	66	70	70	65	69	68	52	34	113	331	507
84	115	77	75	75	76	81	81	77	73	66	65	71	72	72	71	72	70	67	68	67	65	59	161	436	510	356	162
1077	996	939	924	1006	1068	1069	1072	1063	1000	916	926	933	931	919	1002	1050	999	984	973	935	916	989	987	1025	1059	1046	944
1110	1047	942	906	983	1074	1072	1071	1076	1073	950	899	908	912	921	926	956	966	964	966	926	918	1007	976	989	1062	1016	936
1142	1198	1079	907	965	1072	1069	1073	1067	1077	1004	907	910	915	916	914	927	964	969	945	903	959	1042	960	1004	1055	981	941
1139	1141	1215	993	940	1061	1067	1068	1070	1073	1016	907	912	914	913	912	915	933	930	909	956	1068	1067	977	1030	1017	951	933
1143	1123	1216	1154	999	1063	1064	1072	1074	1066	964	910	916	918	917	917	914	904	934	1047	1116	1121	999	1006	994	950	929	927
1191	1178	1214	1248	1050	1070	1075	1040	1039	995	915	914	912	914	909	901	915	1045	1212	1251	1182	1010	958	959	928	919	922	927
1210	1268	1269	1154	984	1005	997	958	931	912	911	912	912	919	943	1031	1224	1322	1337	1200	997	943	932	915	909	916	919	923
1174	1158	1143	1002	952	980	940	911	913	913	913	914	954	1063	1229	1286	1236	1239	1159	958	941	928	911	910	913	915	914	918
1065	1252	1234	1049	1007	995	980	949	941	926	950	1062	1207	1240	1171	1154	1158	1081	943	925	923	922	919	916	914	913	913	918
1299	1705	1708	1445	1037	958	992	1011	1073	978	1079	1274	1161	1095	1131	1115	1005	946	925	922	919	915	916	912	911	915	917	920
1493	1542	1644	1528	977	923	985	1015	1039	983	1135	1199	1071	1134	1110	985	937	922	915	914	917	916	915	916	914	914	918	920
1492	1277	1367	1410	972	933	978	1011	969	950	1152	1144	1155	1125	964	922	918	917	912	912	914	916	914	914	914	912	913	919
1192	1055	1092	1133	951	979	1003	1013	988	1009	1169	1168	1178	971	915	917	914	914	912	914	913	912	912	913	910	913	919	920
941	962	1031	1004	947	1010	1024	1020	1003	1062	1158	1190	1007	929	920	916	915	913	914	913	913	915	911	914	917	921	921	921
956	964	1050	1032	959	1010	1029	1043	1029	1054	1130	1079	922	944	937	920	918	916	914	920	920	919	918	918	923	922	924	925
951	967	1045	1065	1018	992	1043	1051	1049	1045	1076	959	921	937	939	922	921	921	921	920	916	918	920	925	924	921	925	921
977	1030	1045	1061	1064	1042	1038	1045	1051	1037	1000	926	926	928	941	927	929	922	914	915	917	925	928	924	926	924	916	913
992	1037	1036	1047	1066	1063	1042	1023	1021	1002	939	926	923	927	941	922	921	929	921	924	928	924	925	926	920	914	912	914
965	1021	1034	1049	1062	1057	1039	1006	978	939	922	923	923	925	946	926	919	934	932	928	927	938	932	921	916	915	915	933
1002	1012	998	989	993	974	958	934	922	927	923	924	927	930	931	929	931	932	926	929	929	923	917	911	910	934	971	867
924	935	938	936	931	927	924	928	929	928	928	928	931	931	929	926	928	925	923	919	915	911	915	940	971	860	525	194
938	935	937	938	930	923	925	927	925	928	924	926	928	922	924	926	925	917	913	912	919	952	970	830	493	182	66	59
935	938	943	947	932	923	925	923	927	925	927	925	923	923	919	922	918	919	944	975	934	738	418	154	61	61	68	68
928	928	929	934	936	934	932	931	928	928	924	920	917	916	926	952	978	957	806	533	265	106	63	67	70	71	68	66
931	923	923	922	921	918	918	920	918	924	932	950	973	979	925	789	549	298	125	67	62	66	67	67	68	68	68	66
987	987	983	984	997	1005	989	965	957	933	882	780	609	390	213	99	52	53	61	63	67	68	68	68	67	61	39	70
703	670	659	685	647	544	402	324	292	229	159	96	58	50	55	62	66	68	68	67	67	66	67	55	30	100	313	506
95	121	90	83	75	69	76	74	64	64	64	66	69	73	73	74	72	72	69	69	67	66	58	141	426	517	369	169
987	938	942	931	967	1046	1075	1068	1067	1069	979	916	949	954	993	1124	1077	1039	1051	960	913	951	1114	1109	1031	1014	995	936
1084	1017	946	928	919	1039	1077	1074	1073	1073	1030	912	912	913	941	1013	979	939	929	913	907	1069	1241	1199	1106	1023	971	941
1191	1177	1110	956	927	1046	1068	1068	1056	1060	1066	932	909	911	913	914	917	916	912	902	1046	1253	1254	1299	1157	989	939	934
1201	1206	1198	1107	937	1034	1066	1066	1066	1073	1051	920	915	916	916	913	914	911	912	1103	1275	1230	1383	1358	1060	926	928	927
1155	1210	1230	1203	1049	1049	1067	1071	1069	1063	973	908	918	916	913	913	902	958	1218	1314	1236	1338	1357	1033	898	913	928	926
1140	1187	1244	1249	1091	1023	1071	1051	1011	958	912	916	912	912	921	926	1075	1329	1316	1222	1236	1127	969	914	918	920	924	928
1175	1210	1242	1213	1098	966	982	949	924	916	929	920	932	986	1071	1233	1345	1247	1154	1098	1034	983	933	915	916	916	914	919
1220	1230	1185	1155	1140	1005	934	908	932	946	947	992	1089	1219	1299	1261	1186	1093	1035	1024	996	960	937	918	918	917	913	918
1155	1239	1241	1177	1169	1163	1132	1111	1020	963	1073	1273	1268	1185	1169	1123	1016	1003	1011	976	960	942	923	917	915	916	918	915
1084	1531	1470	1244	1133	1104	1127	1255	1356	1075	1265	1196	1091	1116	1112	1007	1015	1013	984	948	920	917	916	914	917	917	918	914
1451	1738	1618	1279	1084	1073	1067	1041	1132	1084	1192	1108	1121	1131	1019	1015	1002	968	925	919	917	913	915	912	912	916	916	917
1381	1540	1621	1476	974	916	941	932	924	1090	1154	1109	1155	1048	1022	989	953	935	913	906	912	909	910	910	911	909	909	914
1038	1140	1300	1342	933	912	941	934	937	1104	1133	1131	1114	1014	986	942	919	909	908	908	908	909	911	912	910	911	918	922
953	953	997	1009	921	934	987	976	976	1118	1134	1175	1045	966	920	913	913	915	911	908	911	913	910	910	912	918	922	921
968	975	986	1016	939	940	1022	1014	1010	1138	1155	1214	950	915	919	918	915	914	916	912	912	910	914	919	923	926	923	918
961	948	997	1045	1007	948	1011	1027	1033	1124	1203	1113	904	914	914	917	915	914	915	917	918	918	920	923	926	921	917	918
956	975	1014	1039	1056	1020	1003	1023	1029	1100	1161	945	919	922	910	913	918	915	911	911	916	921	924	925	923	923	921	913
971	1007	1041	1042	1053	1060	1052	1022	1013	1054	1039	919	928	926	920	919	922	927	921	920	922	924	923	925	925	919	912	913
949	1019	1037	1047	1055	1065	1063	1040	1013	970	939	926	920	920	930	937	921	924	930	929	933	931	923	918	914	911	914	933
988	988	991	998	1020	1014	999	968	934	918	933	932	925	925	931	937	932	928	927	928	927	914	909	911	913	928	974	897
936	944	936	936	937	934	925	924	930	929	930	933	928	927	926	926	925	921	920	917	915	913	911	931	970	891	577	225
931	928	931	930	933	925	926	931	927	930	927	929	930	923	924	924	922	917	914	912	918	947	974	860	551	216	68	57
931	936	936	938	932	926	931	933	932	930	932	928	925	921	919	920	914	914	932	965	954	774	452	179	68	60	69	67
932	932	932	937	940	935	934	931	925	925	927	923	918	914	918	936	967	977	878	626	324	121	64	63	66	67	65	65
928	922	925	927	925	924	920	919	918	920	924	937	963	983	969	867	653	392	171	71	58	66	67	67	68	67	67	61
963	970	972	973	986	998	988	977	983	972	935	860	718	515	307	143	62	48	56	61	65	67	66	67	65	59	40	67
823	772	735	745	741	640	502	482	432	333	229	138	69	44	47	55	64	65	65	67	64	65	66	52	27	94	303	501
136	149	110	107	95	79	80	64	56	55	56	59	68	71	74	73	70	68	70	71	68	64	54	133	418	512	374	173
1035	947	925	936	974	978	1063	1061	1067	1077	1046	929	937	969	853	789	1052	1105	1049	926	916	1103	1287	1245	1438	1413	982	928
1072	994	937	949	930	957	1073	1076	1071	1061	1070	960	899	916	1071	1173	1059	959	923	911	1033	1305	1190	1202	1563	1450	950	919
1133	1099	1015	962	951	983	1075	1071	1058	1036	1076	979	902	906	918	945	928	911	905	1006	1289	1196	1127	1285	1644	1277	911	929
1205	1179	1106	1008	933	1009	1072	1064	1067	1074	1063	949	916	915	913	916	914	915	1037	1289	1201	1158	1212	1290	1294	1012	922	935
1151	1206	1241	1111	934	1002	1072	1067	1070	1040	970	925	921	915	916	914	934	1109	1302	1226	1185	1126	1079	1032	941	924	927	930
1146	1141	1231	1227	977	943	1041	1034	995	945	920	926	923	967	996	1013	1187	1313	1214	1101	1025	1014	1015	984	935	917	922	925
1145	1142	1165	1255	1109	965	953	930	921	931	949	958	1003	1065	1151	1262	1305	1178	1054	995	1014	1028	1002	962	923	921	917	915
1161	1159	1151	1202	1337	1101	922	936	945	1000	1033	1128	1211	1260	1253	1245	1118	1016	1027	1038	1039	1026	1005	943	915	917	917	918
1167	1195	1191	1191	1227	1349	1250	1080	1085	1152	1331	1380	1233	1138	1184	1078	1014	1022	1038	1032	1006	979	931	916	910	913	916	915
1074	1134	1231	1161	1123	1066	1162	1208	1164	1276	1281	1131	1089	1172	1056	1016	1036	1049	1036	1007	957	939	912	913	914	916	918	918
1180	1666	1707	1260	1086	986	1022	1006	1070	1264	1166	1092	1170	1113	1016	1036	1036	1033	994	958	934	914	912	914	915	917	917	917
1437	1786	1874	1360	947	970	1027	964	1118	1239	1123	1141	1191	1025	1039	1044	1022	994	965	921	912	916	915	913	912	910	912	912
1494	1426	1574	1320	938	960	984	958	1151	1169	1109	1191	1104	1030	1035	996	978	937	912	910	908	908	909	911	914	915	916	919
1124	1045	1202	1141	969	963	951	995	1149	1109	1120	1201	1051	1032	972	942	924	917	916	915	914	915	911	908	911	915	920	924
941	991	1036	1005	944	946	970	1000	1130	1119	1109	1195	1019	963	931	924	914	914	911	910	909	908	908	911	921	926	921	918
958	986	1015	1011	986	922	995	1015	1131	1142	1095	1238	953	928	934	929	919	913	912	915	913	914	913	917	919	922	924	921
973	954	979	1020	1048	986	963	1036	1137	1152	1152	1070	938	958	951	948	928	915	914	912	911	918	923	923	926	930	925	916
1009	971	995	1019	1032	1041	1004	1017	1086	1207	1208	987	965	954	941	928	925	933	929	926	925	926	934	931	924	920	914	914
1003	1026	1030	1037	1043	1043	1048	1046	1041	1204	1087	933	936	929	931	933	923	919	926	928	931	946	944	916	912	912	909	929
995	998	1018	1012	1033	1030	1031	1025	1007	1003	950	934	926	927	928	930	930	930	927	925	921	918	915	910	910	926	971	906
960	965	955	953	950	948	942	937	944	936	937	932	929	929	923	923	924	920	920	915	913	909	910	927	967	899	594	242
932	932	930	934	933	937	936	934	937	933	931	933	927	926	925	926	918	915	913	914	915	934	970	889	586	240	77	60
945	938	933	934	941	944	939	939	939	937	935	927	928	923	920	923	914	911	920	953	969	844	538	222	78	64	70	71
935	934	932	934	941	936	933	930	928	929	925	921	920	918	914	928	957	976	916	713	415	166	68	60	67	69	68	68
925	923	924	928	928	924	924	924	915	917	921	927	948	976	978	904	715	458	228	92	56	62	69	71	70	69	69	63
939	946	952	949	952	966	973	967	983	987	970	923	806	618	391	193	84	55	57	62	68	70	71	70	68	64	42	70
919	877	859	874	877	823	711	684	599	464	334	212	106	51	48	59	67	68	71	71	71	69	68	59	34	100	306	494
213	206	165	174	160	117	93	77	58	47	45	50	64	71	71	71	68	68	68	66	69	63	55	137	409	504	370	172
