21	23	36	42	67	130	206	292	366	424	466	489	507	520	560	620	683	745	806	851	887	903	906	902	893	872	843	807
28	47	57	132	283	426	535	613	673	722	756	792	843	897	936	951	949	940	929	925	922	920	920	919	922	923	925	933
48	94	237	426	565	664	741	804	856	892	915	927	927	918	907	907	916	939	953	978	1003	1017	1015	994	966	945	941	936
143	334	511	639	736	809	875	913	927	927	924	915	912	934	969	1004	1026	1035	1042	1075	1109	1124	1106	1070	1051	1022	1031	1034
383	560	680	775	846	899	937	924	919	913	924	960	1008	1063	1089	1100	1094	1090	1113	1106	1106	1131	1117	1065	1026	1007	1025	1065
569	703	786	866	911	940	923	919	916	945	1065	1116	1120	1120	1138	1139	1126	1108	1059	930	925	998	1006	1005	1001	968	958	979
680	783	859	921	945	919	914	914	950	1066	1111	932	668	508	470	451	429	400	300	280	375	526	743	925	957	959	956	947
751	843	913	955	929	916	914	954	1063	879	404	184	98	93	99	108	109	103	109	160	257	375	639	903	939	951	953	958
805	894	943	936	917	915	956	1063	799	233	105	108	144	210	226	251	204	189	193	211	291	413	694	919	965	981	980	1002
853	934	943	921	917	961	1072	821	213	118	114	114	220	336	402	405	376	359	345	363	414	531	791	953	995	1012	1026	1041
898	948	927	927	967	1116	798	209	112	122	111	144	286	430	530	573	599	597	559	546	591	753	914	985	1022	1041	1049	1053
934	936	929	958	1160	955	207	128	131	132	113	167	332	477	567	617	657	754	809	762	833	911	949	1014	1043	1052	1059	1060
939	926	934	1110	1182	379	110	142	123	127	99	149	318	474	576	626	633	674	801	843	901	928	988	1044	1045	1048	1061	1060
923	925	992	1238	670	113	126	141	118	118	92	143	263	420	542	605	615	605	658	857	929	954	1030	1057	1056	1053	1057	1062
921	926	1096	959	209	113	133	141	99	103	128	133	198	342	466	518	532	533	578	748	946	992	1038	1058	1063	1062	1057	1061
919	946	1077	476	112	130	129	165	108	84	161	158	187	250	337	397	420	435	508	654	931	1019	1042	1055	1064	1065	1061	1058
917	984	895	189	134	148	137	137	168	80	96	161	171	165	223	296	338	357	439	604	904	1025	1048	1049	1062	1067	1063	1059
920	1002	674	125	148	135	145	116	221	124	73	137	156	145	158	198	252	301	379	572	895	1013	1040	1044	1056	1059	1060	1058
917	990	510	115	169	143	150	111	112	131	85	108	107	134	143	150	180	244	318	530	890	1003	1045	1047	1048	1052	1044	1038
951	975	340	110	140	153	198	135	96	90	83	90	98	113	130	128	146	167	245	460	933	1063	1066	1063	1053	1046	1038	1013
1033	929	211	144	152	155	196	183	100	89	103	135	105	101	115	111	105	146	188	391	917	1071	1060	1062	1062	1048	1006	987
1126	880	166	149	141	136	145	224	93	90	90	110	86	98	101	71	89	125	165	294	764	1081	1080	1076	1077	1058	960	967
1189	813	147	138	145	157	165	301	301	150	82	80	107	85	83	108	109	124	136	150	259	538	745	841	819	699	633	896
1232	713	129	146	141	144	164	198	311	151	128	84	94	77	89	104	99	115	144	179	115	124	150	188	219	230	281	770
1210	570	133	140	148	147	132	113	116	124	133	86	89	98	95	99	129	137	214	171	90	137	137	148	163	166	165	784
1126	395	149	161	143	155	126	114	122	118	96	93	126	129	142	117	166	239	191	127	144	129	172	179	146	125	163	861
1030	279	157	159	143	170	223	300	341	165	102	104	135	120	139	130	189	221	135	194	318	191	203	138	127	159	302	922
938	228	154	156	150	163	203	239	192	132	127	119	113	120	135	180	187	160	157	163	164	165	190	134	181	436	772	1023
24	24	24	30	35	40	36	11	0	0	0	0	0	69	277	523	728	860	929	952	947	941	939	936	935	937	942	953
22	26	48	47	25	7	0	0	15	12	38	247	586	846	958	968	943	924	914	917	919	915	916	916	918	919	920	921
25	44	22	0	0	9	42	69	99	313	703	944	970	927	910	919	940	966	979	997	999	990	969	948	947	957	977	977
39	17	0	3	39	84	122	244	632	940	958	915	908	930	974	1012	1043	1072	1090	1105	1102	1075	1050	1047	1050	1040	1029	1050
8	0	14	62	113	169	388	832	970	920	909	939	977	1013	1036	1075	1106	1133	1142	1132	1091	1059	1047	1051	1034	973	933	944
0	18	70	124	199	472	903	948	914	934	994	1045	1020	972	1094	1191	1149	1118	1074	1041	1043	1041	1041	1035	1002	975	950	927
14	66	122	210	485	914	941	929	975	1046	1034	793	539	486	582	729	755	730	778	912	1004	1023	1032	1031	1035	1038	1026	1010
51	109	196	440	886	945	948	1028	1095	919	410	269	517	662	697	653	609	611	658	833	971	1025	1052	1050	1058	1061	1057	1051
82	164	352	809	955	954	1082	1137	802	245	138	520	854	963	993	985	933	897	876	923	986	1038	1049	1050	1068	1069	1060	1058
115	259	673	958	947	1107	1180	694	159	99	288	743	989	1068	1089	1092	1080	1055	1037	1020	1033	1058	1057	1060	1072	1068	1064	1066
170	497	931	937	1066	1201	621	119	114	127	396	860	1044	1099	1112	1112	1111	1107	1091	1063	1047	1047	1053	1071	1070	1066	1068	1072
310	837	943	983	1163	659	124	107	141	203	461	874	1065	1107	1109	1112	1112	1104	1093	1074	1040	1038	1053	1070	1068	1065	1071	1073
656	957	929	1068	807	155	117	113	170	303	522	847	1058	1109	1111	1111	1112	1108	1095	1074	1051	1044	1054	1065	1067	1068	1071	1073
928	922	962	1008	317	106	116	150	240	389	578	815	1019	1103	1111	1111	1107	1108	1105	1080	1060	1046	1054	1067	1067	1070	1073	1075
925	922	1021	732	116	127	134	178	278	477	639	805	965	1068	1105	1110	1109	1107	1107	1091	1064	1054	1060	1068	1071	1072	1071	1073
918	964	1010	369	109	106	117	216	311	521	682	799	918	1010	1069	1095	1099	1102	1101	1095	1067	1061	1068	1070	1072	1075	1072	1073
930	1042	835	158	122	94	132	225	360	536	698	791	869	949	1013	1052	1068	1080	1095	1097	1073	1061	1069	1070	1072	1075	1072	1069
965	1110	551	118	148	130	164	271	388	533	682	763	817	880	949	994	1021	1047	1083	1097	1077	1065	1067	1069	1071	1069	1069	1065
1071	1073	296	139	125	167	198	284	421	542	651	722	773	831	883	936	971	1009	1061	1096	1078	1067	1068	1072	1070	1069	1062	1046
1205	890	159	133	109	124	241	304	449	558	616	660	713	771	818	862	897	953	1020	1087	1081	1068	1070	1073	1074	1072	1052	1015
1224	620	123	143	128	111	224	334	447	544	592	621	674	722	752	771	802	871	958	1075	1086	1062	1063	1064	1069	1072	1024	977
1131	399	138	137	159	153	180	296	403	493	546	591	642	668	686	692	705	777	892	1009	1068	1075	1078	1084	1083	991	799	906
990	247	148	133	110	188	223	269	322	428	506	557	606	630	635	620	643	720	678	562	561	716	816	785	637	364	176	680
864	152	133	175	170	131	171	232	284	373	454	509	553	574	571	549	565	488	339	224	181	168	169	138	125	135	109	682
779	122	150	136	155	102	131	171	258	326	386	439	486	502	488	484	416	303	203	137	121	115	109	117	156	143	126	753
736	127	140	132	134	139	114	141	212	276	328	358	419	431	415	394	317	216	125	103	119	119	136	160	166	240	376	881
713	137	160	157	154	190	174	146	163	224	271	295	355	363	359	313	246	146	112	115	134	192	195	157	333	701	903	1021
698	156	158	129	122	100	121	139	128	166	205	233	246	276	286	237	159	126	145	134	144	146	156	196	697	1051	1079	1045
24	22	22	22	23	26	40	55	48	39	11	30	197	476	741	907	961	954	936	925	919	918	916	917	918	919	921	932
25	23	24	41	53	55	52	30	6	23	267	661	912	973	948	920	912	913	910	911	914	917	919	918	920	921	921	920
23	25	47	49	32	27	19	0	145	610	926	962	924	912	926	952	976	988	987	973	948	929	924	924	922	922	925	927
23	45	49	24	20	14	0	310	835	964	924	921	950	988	1039	1074	1095	1086	1047	1030	1043	1033	1009	991	990	989	985	983
50	49	24	18	13	0	413	925	945	921	959	1012	1045	1084	1121	1128	1125	1094	1051	1006	1009	1035	1047	1040	1014	989	958	939
41	21	17	14	0	415	947	934	951	1019	1085	1101	1100	1111	1120	1106	1081	1052	1043	1040	1024	1035	1034	1011	955	927	913	916
22	18	17	0	314	937	940	988	1076	1132	1091	1028	1058	1069	1072	1076	1076	1076	1071	1054	1051	1045	1049	1043	1031	1024	1022	1027
20	17	0	140	869	947	1014	1117	1172	964	652	957	1104	1105	1100	1100	1105	1104	1103	1086	1081	1078	1077	1079	1081	1079	1082	1083
17	8	3	681	966	985	1163	1147	723	358	718	1098	1106	1091	1090	1093	1094	1097	1095	1087	1081	1078	1080	1078	1077	1077	1076	1078
19	0	372	971	943	1078	1023	463	229	530	962	1116	1088	1077	1078	1079	1081	1081	1082	1081	1082	1083	1082	1076	1076	1076	1076	1075
0	105	862	940	1005	981	306	157	510	809	1051	1106	1084	1078	1078	1075	1076	1075	1078	1081	1083	1081	1079	1079	1077	1078	1074	1077
0	603	970	943	1042	504	99	380	761	971	1089	1101	1084	1076	1075	1077	1076	1077	1077	1079	1083	1080	1078	1076	1078	1077	1075	1078
303	959	925	1022	828	142	230	586	914	1050	1106	1104	1084	1071	1071	1074	1075	1077	1078	1078	1080	1080	1074	1078	1077	1077	1077	1076
830	944	976	1031	364	134	372	749	1002	1089	1110	1106	1087	1077	1073	1074	1074	1076	1076	1077	1076	1077	1078	1077	1075	1073	1070	1074
945	943	1111	707	100	218	517	840	1038	1103	1111	1105	1094	1082	1077	1076	1076	1077	1077	1076	1073	1077	1079	1078	1077	1076	1069	1065
926	1062	1132	260	136	354	672	922	1058	1107	1112	1105	1098	1089	1081	1080	1078	1076	1078	1077	1075	1077	1079	1078	1075	1077	1075	1075
960	1243	772	84	203	491	790	985	1075	1107	1112	1107	1101	1094	1087	1083	1081	1079	1077	1077	1077	1077	1078	1078	1075	1076	1076	1075
1049	1186	306	111	263	607	866	1017	1085	1107	1111	1107	1105	1100	1094	1089	1087	1085	1080	1078	1076	1076	1076	1073	1072	1076	1077	1075
1120	830	115	148	341	668	910	1038	1093	1104	1109	1109	1107	1104	1098	1092	1091	1089	1081	1078	1077	1075	1075	1074	1070	1070	1078	1081
1089	510	96	149	389	702	929	1051	1098	1105	1111	1112	1109	1107	1100	1096	1094	1091	1085	1079	1076	1075	1076	1075	1075	1070	1056	1059
1008	331	110	183	427	721	941	1051	1097	1104	1111	1112	1112	1110	1106	1104	1103	1098	1092	1082	1073	1068	1069	1072	1074	1077	1058	977
930	232	123	248	486	733	931	1035	1087	1104	1106	1111	1111	1113	1111	1108	1107	1104	1096	1083	1077	1068	1065	1070	1072	1067	1028	997
863	166	134	270	498	715	879	995	1064	1095	1103	1106	1110	1111	1111	1110	1109	1105	1100	1092	1075	1059	1065	1065	1030	947	842	962
794	117	143	311	511	660	810	965	1043	1083	1095	1101	1107	1109	1105	1104	1105	1093	1067	1020	961	903	872	813	702	601	587	867
698	110	157	287	468	624	779	925	1011	1062	1087	1099	1100	1100	1100	1100	1085	1046	980	881	764	681	603	459	336	420	566	889
602	102	145	268	424	586	748	878	972	1027	1063	1085	1090	1092	1092	1075	1034	973	859	687	515	416	314	222	505	869	984	1030
535	106	167	253	370	536	687	829	925	987	1026	1052	1066	1071	1063	1021	963	863	695	499	321	221	155	314	943	1099	1088	1062
514	116	133	202	300	460	610	748	863	933	974	997	1011	1017	1004	944	857	727	568	389	240	142	108	523	1082	1067	1055	1054
23	24	24	25	24	22	21	34	50	42	51	230	534	810	954	962	933	918	915	914	913	913	913	914	916	920	923	933
25	25	24	23	30	43	58	47	15	219	658	938	976	942	914	909	914	913	913	912	914	916	917	920	920	921	920	920
24	25	24	42	53	49	18	43	499	926	969	921	914	926	941	963	975	970	956	936	922	922	920	920	919	920	921	921
23	23	44	53	34	7	88	690	979	925	919	944	984	1025	1075	1099	1091	1070	1035	1024	1007	975	962	958	957	959	961	958
25	46	53	31	14	89	743	970	916	942	998	1063	1109	1125	1112	1101	1058	1013	983	987	1024	1021	1021	1027	1025	1026	1013	994
52	49	29	23	42	682	971	915	961	1051	1125	1146	1120	1062	1028	1017	1004	989	973	986	1005	1027	1026	995	958	938	923	916
41	27	30	3	499	975	919	970	1050	1112	1128	1091	1051	1054	1066	1075	1080	1074	1043	1047	1073	1079	1072	1055	1040	1032	1024	1015
24	29	7	228	926	926	952	1044	1063	1036	1060	1080	1074	1076	1074	1075	1074	1073	1079	1079	1074	1076	1075	1078	1079	1080	1081	1081
28	28	39	720	954	934	1028	1002	868	992	1091	1079	1074	1073	1073	1072	1073	1076	1076	1075	1075	1072	1075	1077	1076	1075	1075	1076
32	0	373	966	925	1005	996	723	912	1100	1091	1074	1072	1073	1075	1073	1075	1076	1074	1072	1077	1076	1073	1077	1076	1075	1077	1075
20	98	832	944	984	1033	705	842	1101	1105	1080	1074	1071	1073	1075	1077	1074	1075	1074	1077	1075	1077	1076	1076	1075	1073	1076	1076
5	555	973	966	1080	756	710	1064	1108	1090	1075	1074	1069	1069	1073	1075	1075	1075	1075	1076	1076	1077	1075	1071	1071	1071	1068	1067
276	942	949	1089	933	558	949	1110	1096	1080	1075	1075	1069	1062	1074	1076	1076	1075	1076	1076	1076	1075	1069	1063	1061	1058	1066	1071
808	950	1033	1175	598	731	1070	1106	1089	1076	1075	1074	1074	1074	1076	1076	1075	1075	1075	1075	1076	1070	1067	1066	1063	1056	1066	1074
941	952	1201	893	459	965	1105	1101	1085	1076	1076	1076	1076	1074	1076	1076	1074	1075	1073	1075	1074	1074	1073	1070	1063	1067	1074	1075
925	1048	1123	375	676	1075	1110	1096	1083	1074	1074	1076	1075	1076	1074	1073	1072	1075	1074	1072	1075	1074	1074	1069	1070	1076	1076	1075
950	1100	702	322	883	1104	1106	1088	1079	1075	1075	1075	1076	1075	1076	1075	1076	1075	1077	1075	1078	1076	1072	1055	1075	1078	1076	1077
989	1020	398	493	993	1111	1100	1084	1076	1075	1075	1075	1075	1078	1076	1076	1077	1076	1076	1077	1076	1076	1074	1043	1045	1069	1079	1079
1029	891	283	679	1052	1110	1097	1084	1074	1071	1074	1076	1075	1075	1075	1076	1075	1077	1076	1075	1075	1076	1076	1076	1067	1036	1023	1050
1084	691	337	810	1074	1109	1094	1080	1077	1073	1075	1077	1075	1070	1070	1073	1075	1076	1077	1073	1072	1074	1074	1074	1074	1070	1023	969
1133	488	476	908	1085	1110	1094	1083	1075	1075	1076	1077	1075	1075	1074	1074	1075	1075	1076	1074	1072	1073	1072	1076	1073	1073	1077	1007
1120	344	620	972	1093	1109	1094	1083	1075	1073	1074	1075	1077	1077	1074	1071	1072	1074	1075	1076	1075	1075	1073	1073	1071	1073	1046	990
987	296	729	1013	1100	1110	1098	1088	1076	1073	1076	1075	1074	1076	1073	1073	1073	1077	1077	1075	1069	1067	1068	1069	1064	1029	1006	1025
780	317	787	1028	1100	1111	1105	1088	1077	1075	1075	1076	1077	1076	1076	1077	1075	1070	1075	1078	1077	1077	1078	1070	1058	1047	1078	1069
544	380	797	1027	1096	1109	1105	1092	1084	1079	1075	1078	1076	1076	1076	1078	1078	1075	1085	1090	1093	1085	1066	1044	1028	1065	1087	1073
377	443	811	1020	1088	1105	1106	1097	1090	1085	1081	1078	1077	1077	1077	1078	1084	1092	1098	1097	1056	1046	1015	907	1017	1079	1071	1065
287	457	795	990	1067	1104	1109	1102	1095	1089	1084	1081	1079	1078	1079	1084	1089	1100	1107	1088	1000	935	759	819	1075	1060	1061	1060
232	449	764	949	1045	1096	1111	1106	1099	1096	1090	1087	1085	1086	1087	1093	1100	1107	1104	1074	970	760	583	918	1074	1059	1059	1059
24	25	24	25	24	23	24	24	24	15	60	279	582	830	955	962	948	935	934	928	930	930	935	934	939	945	946	938
25	25	24	26	25	25	36	39	36	305	741	964	978	949	919	910	909	912	913	912	917	915	916	917	914	916	915	919
25	24	24	24	32	56	39	82	578	958	964	921	911	918	917	922	924	923	919	918	919	922	925	927	923	924	927	927
24	25	22	40	61	25	112	741	982	923	918	930	948	961	984	1009	987	967	952	943	938	937	939	938	931	927	926	925
25	24	44	58	23	94	763	972	914	936	981	1027	1055	1069	1117	1129	1045	990	995	1008	1013	1015	1031	1029	1021	1013	1008	1001
26	49	56	31	33	666	974	915	961	1051	1111	1115	1083	1053	1075	1040	1021	1022	1018	1021	1027	1023	1038	1024	1003	988	968	951
55	50	32	0	444	972	919	969	1055	1118	1125	1060	1026	1042	1054	1060	1065	1064	1064	1068	1072	1074	1073	1063	1043	1003	982	968
37	27	12	174	898	932	966	1052	1073	1074	1042	1027	1058	1073	1075	1075	1068	1071	1076	1076	1078	1076	1075	1076	1077	1078	1081	1078
28	30	19	654	963	959	1050	1083	1067	1023	1045	1072	1077	1072	1069	1069	1074	1076	1075	1075	1074	1074	1074	1074	1076	1076	1075	1077
30	1	329	956	952	1042	1089	1102	1027	1051	1078	1075	1075	1073	1066	1071	1075	1074	1072	1073	1074	1077	1073	1074	1077	1075	1075	1078
19	95	820	957	1027	1085	1122	1074	1049	1076	1074	1072	1075	1071	1069	1075	1075	1072	1075	1076	1072	1073	1077	1073	1074	1069	1078	1079
10	580	970	988	1101	1139	1121	1060	1072	1073	1072	1072	1070	1068	1072	1073	1074	1073	1073	1074	1075	1073	1075	1070	1066	1061	1068	1069
331	950	944	1058	1139	1180	1095	1073	1074	1073	1073	1073	1063	1060	1075	1074	1073	1076	1076	1074	1073	1075	1073	1064	1058	1031	1048	1068
846	935	994	1076	1103	1120	1081	1073	1076	1075	1073	1072	1069	1063	1076	1076	1075	1073	1074	1077	1077	1071	1062	1059	1045	1033	1068	1075
934	936	1042	1035	1058	1093	1077	1075	1075	1073	1073	1074	1073	1071	1075	1074	1074	1073	1072	1076	1077	1063	1052	1056	1045	1063	1077	1077
922	986	1057	999	1082	1081	1074	1073	1074	1070	1072	1074	1075	1073	1073	1071	1073	1077	1076	1071	1063	1053	1050	1052	1068	1073	1078	1076
939	1045	1073	1034	1100	1076	1075	1074	1074	1073	1075	1075	1075	1073	1074	1074	1075	1075	1073	1068	1061	1053	1047	1035	1053	1065	1067	1065
993	1127	1033	1065	1093	1076	1074	1076	1074	1074	1074	1074	1075	1074	1073	1073	1073	1071	1073	1062	1067	1067	1054	1022	1017	1009	1021	1026
1081	1165	981	1098	1083	1073	1074	1075	1074	1073	1071	1068	1067	1071	1071	1071	1072	1071	1073	1061	1063	1063	1058	1064	1071	1041	970	955
1169	1102	1007	1105	1078	1072	1072	1073	1073	1067	1063	1061	1064	1074	1073	1070	1073	1073	1075	1063	1068	1063	1068	1073	1073	1077	1055	998
1199	1013	1070	1095	1077	1072	1073	1074	1070	1068	1064	1070	1072	1075	1075	1076	1074	1073	1074	1073	1075	1073	1075	1074	1073	1070	1061	1049
1138	977	1103	1090	1076	1074	1074	1072	1066	1069	1071	1074	1077	1073	1074	1076	1075	1076	1077	1077	1077	1075	1071	1072	1073	1063	1015	997
1037	992	1109	1085	1074	1073	1073	1068	1067	1074	1075	1075	1071	1069	1071	1074	1072	1075	1077	1076	1071	1069	1065	1064	1042	1021	1015	998
960	1028	1107	1085	1077	1074	1071	1071	1074	1076	1075	1073	1071	1071	1075	1072	1066	1071	1075	1073	1063	1060	1063	1048	1015	1048	1065	1018
922	1057	1105	1084	1075	1073	1074	1073	1074	1074	1072	1073	1073	1075	1073	1072	1066	1069	1076	1067	1061	1063	1057	1048	1066	1077	1067	1060
911	1080	1104	1084	1076	1073	1074	1074	1075	1075	1074	1074	1073	1071	1071	1071	1075	1076	1075	1062	1058	1030	1052	1076	1081	1063	1061	1064
882	1083	1105	1088	1079	1075	1072	1073	1075	1074	1075	1074	1071	1070	1072	1074	1076	1074	1074	1051	1021	991	1090	1089	1063	1060	1060	1063
861	1086	1105	1092	1081	1075	1072	1074	1074	1075	1074	1073	1069	1072	1074	1072	1073	1077	1070	1053	969	1017	1097	1048	1026	1059	1060	1060
25	23	22	24	22	22	23	24	22	17	12	56	172	350	530	655	734	795	839	868	884	889	881	871	852	820	776	723
23	25	24	23	24	23	24	29	23	82	303	577	779	892	936	951	952	946	940	934	929	927	926	928	932	936	942	947
24	24	25	25	23	29	46	43	206	582	842	937	956	949	934	925	919	920	918	917	920	918	923	921	921	922	922	921
24	25	24	22	37	57	45	320	761	937	955	942	928	921	918	922	925	922	923	919	921	919	920	920	920	923	922	918
24	25	23	41	60	28	358	849	958	943	929	934	939	947	966	977	987	990	992	990	984	991	986	970	961	956	952	940
23	25	47	60	16	307	873	960	939	953	974	985	993	1009	1013	1027	1044	1046	1039	1037	1046	1043	1045	1036	1029	1023	1010	996
32	55	55	13	178	835	960	941	984	1026	1050	1044	1046	1034	1028	1040	1052	1052	1047	1040	1044	1037	1047	1058	1054	1002	958	934
60	42	23	51	697	969	943	1005	1062	1078	1071	1054	1051	1060	1067	1069	1070	1071	1076	1077	1076	1077	1080	1079	1078	1054	1035	1019
30	29	1	460	974	940	1014	1076	1093	1066	1056	1059	1073	1077	1073	1076	1075	1076	1076	1079	1078	1076	1073	1076	1074	1068	1067	1072
30	5	230	919	946	1009	1063	1099	1070	1048	1068	1074	1077	1076	1074	1074	1077	1077	1074	1077	1073	1078	1073	1070	1078	1075	1066	1072
20	77	780	956	996	1049	1088	1078	1037	1065	1076	1075	1073	1075	1075	1075	1077	1074	1076	1075	1070	1074	1076	1071	1075	1068	1038	1068
12	586	967	965	1036	1063	1089	1035	1060	1074	1073	1075	1073	1074	1073	1074	1077	1075	1075	1073	1075	1074	1075	1075	1075	1047	1027	1066
414	955	937	1026	1036	1087	1061	1059	1076	1074	1072	1074	1074	1072	1072	1075	1076	1075	1077	1076	1074	1077	1074	1071	1070	1028	1035	1067
903	927	999	1040	1080	1082	1057	1076	1075	1075	1073	1073	1070	1063	1073	1076	1076	1071	1075	1075	1077	1077	1076	1073	1060	1054	1078	1076
921	953	1038	1084	1103	1053	1072	1076	1073	1074	1074	1072	1066	1061	1072	1075	1073	1074	1076	1077	1078	1076	1073	1076	1071	1067	1067	1074
926	1009	1096	1143	1066	1055	1077	1077	1073	1071	1072	1072	1067	1062	1066	1079	1077	1077	1076	1063	1056	1061	1052	1025	1018	1026	1009	1037
957	1066	1155	1130	1047	1074	1076	1076	1076	1075	1075	1074	1068	1065	1064	1070	1075	1075	1059	1036	1028	1020	993	1003	993	966	979	983
1008	1095	1114	1051	1069	1074	1074	1076	1073	1074	1071	1067	1063	1058	1060	1062	1058	1050	1038	1034	1041	1035	1027	1040	1014	963	957	955
1047	1089	1044	1056	1077	1072	1073	1075	1075	1074	1069	1064	1058	1058	1057	1057	1051	1045	1038	1045	1050	1045	1037	1046	1045	1023	1008	975
1057	1058	1030	1080	1073	1073	1071	1073	1074	1073	1072	1069	1070	1071	1065	1057	1056	1054	1053	1055	1049	1047	1045	1051	1054	1053	1039	1024
1040	1038	1057	1079	1073	1074	1075	1074	1074	1075	1074	1074	1074	1074	1070	1052	1058	1059	1057	1053	1053	1052	1060	1057	1059	1057	1032	1023
1043	1044	1075	1076	1074	1076	1075	1075	1074	1076	1074	1075	1074	1075	1071	1057	1061	1062	1055	1047	1051	1052	1053	1059	1059	1050	1027	1013
1057	1056	1077	1074	1074	1073	1072	1073	1074	1072	1074	1072	1071	1074	1077	1070	1062	1071	1074	1063	1056	1049	1043	1060	1057	1039	1007	1012
1059	1067	1076	1076	1074	1072	1068	1071	1073	1076	1073	1071	1074	1073	1074	1069	1065	1070	1078	1074	1059	1057	1059	1059	1054	1038	1023	1040
1060	1074	1074	1075	1072	1073	1073	1074	1074	1073	1072	1073	1073	1074	1071	1069	1070	1075	1068	1046	1053	1063	1067	1053	1047	1068	1064	1066
1057	1078	1075	1075	1071	1075	1075	1073	1073	1071	1073	1074	1074	1069	1069	1075	1075	1079	1060	1023	1026	1024	1036	1041	1066	1066	1067	1062
1063	1077	1074	1074	1073	1075	1072	1072	1073	1074	1073	1074	1070	1069	1075	1074	1080	1078	1059	1015	991	977	1026	1071	1070	1053	1063	1064
1060	1079	1074	1073	1074	1073	1073	1074	1073	1072	1075	1073	1067	1070	1076	1076	1079	1074	1052	989	946	964	1052	1070	1042	1036	1065	1070
24	23	23	24	23	22	23	24	23	24	20	18	11	14	32	63	110	165	227	287	334	365	373	364	349	333	304	269
24	23	23	23	24	23	22	23	26	22	21	45	117	219	340	474	600	711	797	857	892	912	919	926	926	924	921	908
24	26	24	22	24	23	24	36	36	54	155	317	501	666	804	896	940	954	952	945	939	933	927	928	927	926	927	928
23	24	26	23	22	34	53	31	94	309	547	733	862	931	954	947	935	927	921	919	919	919	919	920	922	922	923	920
24	23	24	22	38	56	21	156	470	733	876	935	948	941	929	923	922	923	924	928	928	926	925	922	923	924	922	914
24	24	23	42	57	17	215	606	851	937	951	940	929	927	933	957	975	985	992	1000	999	1005	1000	992	984	975	966	961
23	29	51	57	14	236	705	919	954	942	934	942	951	961	965	1012	1037	1040	1035	1033	1040	1034	1036	1036	1039	1026	1007	985
47	60	46	8	200	753	953	947	947	962	976	991	1001	1005	1008	1036	1048	1049	1046	1040	1042	1040	1048	1052	1059	1035	976	929
52	31	10	133	745	964	948	967	1003	1014	1022	1038	1045	1054	1063	1069	1073	1074	1078	1081	1078	1081	1079	1081	1080	1068	1021	949
27	17	68	687	977	948	990	1043	1059	1044	1055	1068	1075	1080	1079	1078	1078	1080	1078	1076	1075	1078	1078	1078	1077	1071	1050	967
23	19	577	983	947	1008	1063	1079	1062	1059	1073	1078	1078	1078	1075	1074	1077	1076	1076	1073	1072	1077	1077	1076	1073	1078	1045	960
2	462	974	943	1006	1064	1080	1066	1065	1073	1078	1075	1074	1073	1068	1074	1078	1075	1079	1076	1076	1077	1076	1075	1076	1077	1048	982
372	954	938	1002	1055	1083	1072	1063	1074	1077	1074	1076	1076	1070	1072	1076	1078	1076	1074	1076	1076	1077	1070	1070	1077	1087	1070	1026
922	933	975	1037	1076	1083	1050	1067	1075	1075	1075	1076	1077	1075	1076	1072	1073	1076	1075	1075	1076	1076	1076	1078	1090	1107	1078	1049
932	939	1021	1040	1083	1027	1054	1076	1074	1076	1074	1072	1069	1075	1076	1072	1073	1077	1077	1076	1077	1078	1080	1096	1107	1101	1027	922
919	995	1026	1069	1003	1025	1080	1075	1076	1074	1075	1072	1071	1074	1074	1078	1076	1075	1077	1075	1078	1070	1034	1011	1044	1041	1023	1025
952	1027	1055	1012	986	1077	1074	1074	1075	1074	1075	1075	1073	1075	1075	1076	1073	1070	1060	1052	1038	1020	991	1016	1026	1009	1015	1021
1004	1039	1033	957	1063	1076	1074	1074	1072	1074	1076	1075	1069	1069	1073	1073	1069	1061	1054	1056	1047	1023	1011	1029	1042	1050	1057	1051
1041	1057	974	1020	1083	1074	1074	1076	1076	1075	1075	1077	1073	1071	1075	1071	1060	1053	1055	1059	1054	1030	1017	1018	1049	1058	1066	1068
1060	1058	969	1073	1077	1077	1075	1077	1073	1071	1075	1075	1075	1074	1072	1070	1051	1050	1056	1059	1052	1038	1021	1026	1047	1062	1066	1055
1098	1031	1015	1081	1075	1076	1075	1073	1074	1074	1075	1076	1074	1073	1065	1058	1051	1038	1047	1050	1052	1040	1029	1033	1053	1062	1054	1016
1126	990	1058	1076	1075	1075	1076	1074	1075	1076	1076	1076	1075	1073	1058	1050	1054	1030	1024	1028	1041	1036	1033	1037	1055	1061	1023	996
1096	982	1077	1074	1073	1072	1073	1074	1075	1073	1072	1073	1074	1073	1070	1068	1065	1058	1055	1041	1018	1015	1028	1040	1057	1061	1044	1035
1059	1010	1080	1073	1071	1071	1075	1074	1075	1071	1071	1073	1073	1075	1074	1075	1077	1076	1061	1029	991	1009	1044	1057	1064	1051	1034	1040
1028	1037	1079	1075	1074	1076	1074	1073	1074	1073	1075	1075	1074	1072	1075	1079	1077	1067	1027	993	1028	1037	1040	1051	1049	1051	1014	1049
1004	1057	1077	1075	1074	1074	1074	1073	1073	1074	1074	1074	1073	1074	1078	1080	1062	1025	990	985	1026	1050	1042	1035	1051	1011	999	1066
989	1066	1075	1073	1075	1076	1073	1074	1074	1075	1075	1074	1075	1081	1080	1070	1039	987	964	969	990	997	1001	1044	1070	1025	992	1055
991	1069	1075	1075	1073	1073	1074	1074	1074	1073	1074	1076	1078	1080	1071	1056	1016	977	984	980	978	988	1029	1094	1119	1121	1101	1089
24	23	24	25	23	23	23	25	23	24	25	24	22	23	23	23	24	22	17	12	12	14	20	25	26	21	15	9
22	24	22	24	25	23	23	25	22	23	26	29	34	31	29	27	43	81	136	206	278	343	383	415	440	456	459	441
24	24	24	23	24	25	23	22	32	43	43	27	18	35	102	219	362	503	631	733	809	861	893	918	932	938	946	948
25	24	24	24	24	24	29	48	47	16	5	46	148	308	511	695	820	897	936	951	948	943	940	935	932	930	928	928
25	25	24	23	22	34	58	30	0	44	167	339	538	743	876	936	945	938	929	926	920	917	920	919	920	919	917	915
24	26	25	22	38	56	13	12	136	344	563	752	880	942	939	926	920	919	919	920	922	925	926	925	924	924	922	917
25	22	26	48	57	7	46	257	522	749	887	938	935	924	923	935	952	965	977	991	1005	1013	1009	1008	1004	992	983	978
23	40	58	49	5	82	374	676	863	933	935	925	928	939	948	990	1021	1037	1035	1035	1037	1031	1019	1011	1013	1009	997	981
49	53	34	5	110	475	786	920	937	928	939	959	969	974	979	1023	1036	1038	1028	1019	1022	1030	1033	1038	1043	1026	962	925
49	24	9	123	547	858	943	935	944	972	992	1003	1015	1035	1048	1066	1071	1072	1073	1072	1077	1080	1082	1082	1080	1068	991	913
30	9	114	587	903	949	952	983	1013	1025	1028	1037	1062	1077	1080	1079	1081	1079	1079	1078	1077	1078	1079	1079	1080	1081	1016	915
14	95	591	923	950	969	1005	1026	1031	1038	1057	1073	1079	1077	1075	1070	1075	1077	1076	1077	1077	1077	1076	1075	1084	1081	1004	920
67	552	927	957	998	1026	1028	1037	1047	1065	1077	1077	1073	1075	1078	1075	1076	1078	1075	1074	1077	1075	1073	1079	1065	997	1001	984
473	914	956	1012	1064	1049	1045	1058	1071	1074	1073	1071	1073	1075	1077	1078	1073	1072	1076	1078	1076	1079	1075	1030	883	621	566	965
859	953	1007	1048	1073	1053	1055	1072	1076	1076	1072	1068	1072	1075	1073	1072	1074	1073	1074	1074	1066	1037	1025	883	750	537	364	836
937	987	1030	1055	1054	1041	1068	1077	1075	1075	1073	1075	1075	1077	1074	1069	1066	1063	1062	1060	1035	878	854	933	993	1004	1009	1050
948	1026	1047	1058	1026	1058	1077	1074	1076	1076	1073	1075	1073	1075	1073	1067	1059	1058	1057	1056	1059	1037	1021	1044	1068	1068	1056	1036
999	1031	1068	1020	1035	1077	1077	1074	1074	1076	1076	1070	1069	1076	1073	1064	1060	1061	1061	1063	1056	1047	1042	1053	1053	1062	1065	1043
1036	1047	1053	1004	1069	1076	1074	1075	1076	1077	1075	1074	1072	1075	1076	1063	1061	1063	1063	1063	1057	1055	1055	1053	1061	1066	1065	1055
1037	1067	1008	1038	1078	1074	1072	1072	1073	1077	1075	1075	1075	1079	1074	1067	1064	1064	1063	1064	1059	1057	1050	1056	1066	1066	1065	1055
1060	1058	995	1070	1077	1075	1074	1073	1075	1076	1075	1076	1073	1074	1069	1072	1065	1066	1064	1060	1058	1057	1050	1053	1063	1065	1052	1017
1085	1039	1013	1080	1074	1075	1076	1074	1073	1076	1077	1071	1070	1068	1071	1075	1058	1038	1038	1053	1059	1057	1049	1048	1060	1061	1045	1008
1054	1003	1042	1079	1075	1074	1076	1075	1073	1073	1072	1069	1065	1072	1076	1064	1030	1009	1038	1061	1062	1055	1044	1038	1052	1069	1051	989
1042	998	1062	1077	1076	1075	1076	1074	1073	1073	1075	1072	1074	1079	1079	1065	1059	1051	1042	1046	1054	1051	1045	1043	1050	1059	995	965
1026	1004	1072	1076	1074	1074	1074	1074	1074	1074	1074	1076	1080	1077	1062	1048	1056	1045	1034	1038	1052	1034	1031	1053	1054	1022	959	1009
1022	1007	1076	1075	1074	1074	1072	1073	1075	1075	1076	1077	1081	1063	1020	993	1015	1030	1035	1052	1047	1044	1040	1038	1036	998	951	987
1017	1011	1079	1076	1075	1075	1075	1074	1075	1074	1079	1077	1064	1033	984	960	959	975	997	977	996	1049	1008	1002	1029	1033	967	980
1016	1014	1080	1076	1077	1077	1076	1075	1075	1076	1078	1060	1027	989	994	1014	984	979	966	961	997	990	995	1043	1107	1148	1141	1125
22	23	25	24	24	24	25	25	24	25	25	25	25	24	22	23	24	26	29	29	27	25	24	25	23	22	22	22
24	23	24	23	24	24	24	24	23	25	25	24	27	35	45	51	53	49	43	36	33	29	30	34	36	40	40	41
25	23	24	24	23	25	25	24	22	25	39	54	57	50	34	14	3	4	25	62	114	175	235	295	344	381	416	441
24	25	23	24	24	23	22	25	41	57	49	31	11	0	0	32	106	214	340	465	589	693	768	822	858	881	899	907
24	25	25	24	25	22	32	55	50	25	6	0	0	57	187	368	564	727	832	890	930	938	937	936	931	930	927	926
24	24	25	25	22	38	58	34	8	0	8	75	236	482	717	869	931	937	932	929	921	918	919	920	917	922	921	919
23	24	23	25	48	55	23	0	3	80	261	540	800	921	941	925	917	918	918	917	923	929	933	936	938	931	928	923
24	22	38	56	49	15	0	40	221	527	811	931	935	918	918	923	935	951	973	993	999	1012	1007	998	991	977	982	983
25	49	53	31	10	4	120	426	770	931	932	913	916	924	935	974	1005	1019	1018	1008	992	991	963	951	955	958	952	947
50	45	24	16	27	227	622	898	939	920	919	931	940	956	969	1013	1024	1010	995	987	992	1001	1009	1015	1011	968	921	919
50	26	30	42	317	764	942	923	928	954	964	962	991	1020	1036	1051	1059	1064	1064	1062	1061	1066	1073	1076	1067	998	939	929
29	34	45	376	833	941	921	950	983	1003	1000	1015	1053	1074	1081	1078	1075	1075	1079	1081	1079	1080	1080	1075	1053	985	952	973
36	42	396	864	945	937	973	1012	1032	1031	1041	1071	1076	1074	1074	1078	1076	1074	1072	1073	1076	1076	1073	1007	801	825	977	970
27	353	863	951	962	998	1023	1047	1051	1063	1075	1074	1070	1073	1075	1075	1070	1066	1066	1066	1062	1038	912	533	219	351	857	1008
257	817	958	980	1009	1021	1050	1060	1069	1076	1071	1076	1076	1075	1072	1063	1059	1057	1058	1058	1028	1010	676	189	173	297	751	1048
696	958	979	1017	1024	1055	1064	1074	1076	1075	1074	1076	1077	1075	1068	1056	1055	1055	1055	1052	1030	975	988	792	832	927	1009	1037
921	964	1021	1036	1058	1058	1072	1078	1075	1075	1074	1075	1075	1076	1063	1055	1058	1058	1059	1058	1053	1038	1042	1066	1036	1026	1023	1006
945	1009	1039	1061	1055	1066	1077	1076	1076	1076	1072	1067	1075	1077	1064	1059	1060	1060	1059	1059	1053	1042	1044	1047	1030	1032	1016	999
977	1024	1056	1061	1059	1077	1076	1075	1076	1074	1073	1071	1076	1077	1070	1064	1061	1062	1061	1063	1041	1033	1039	1055	1050	1057	1059	1030
1012	1023	1067	1055	1071	1077	1073	1076	1078	1075	1076	1075	1075	1077	1075	1072	1070	1064	1066	1055	1021	1045	1049	1050	1051	1060	1058	1034
1023	1036	1058	1061	1076	1076	1076	1076	1077	1076	1076	1076	1077	1075	1068	1043	1062	1064	1044	1018	1043	1060	1060	1056	1056	1058	1039	1012
1020	1050	1050	1068	1076	1075	1074	1075	1075	1071	1068	1071	1083	1090	1052	1002	998	1000	1003	1039	1058	1058	1059	1062	1062	1062	1042	1033
1024	1061	1052	1075	1077	1078	1076	1072	1076	1076	1065	1065	1085	1056	999	988	948	978	1047	1059	1060	1060	1059	1063	1064	1061	1040	1046
1028	1062	1052	1077	1078	1077	1075	1073	1074	1074	1073	1078	1070	1021	976	961	1004	1051	1061	1058	1058	1060	1061	1058	1056	1054	1023	1019
1024	1054	1056	1080	1075	1074	1075	1072	1069	1072	1076	1074	1040	1003	970	984	1050	1045	1049	1056	1055	1038	1044	1058	1058	1043	990	980
1036	1039	1059	1080	1076	1074	1076	1067	1069	1078	1071	1037	958	926	934	963	1044	1053	1050	1059	1045	1023	1033	1048	1044	1031	1011	964
1028	1024	1057	1080	1076	1077	1076	1071	1077	1074	1031	984	930	868	931	968	1027	1053	1031	1011	1020	1061	1030	1028	1070	1108	1107	1087
1026	1022	1059	1079	1074	1075	1074	1074	1077	1056	993	975	965	984	1032	1056	1058	1043	971	943	965	1019	1044	1126	1176	1186	1191	1185
25	24	24	25	23	25	25	24	25	24	24	25	26	25	24	24	24	23	25	22	25	24	24	25	25	24	24	24
24	25	24	24	23	24	25	24	24	24	25	24	24	22	28	35	40	44	48	49	50	49	51	48	46	42	36	33
24	24	24	24	24	25	24	24	24	22	24	31	44	53	57	55	49	44	38	31	20	9	4	4	15	25	34	48
23	24	24	23	25	24	24	23	23	35	52	57	44	35	27	19	1	0	0	33	114	215	321	417	488	536	572	588
23	24	24	24	24	24	23	31	53	52	35	26	22	11	0	15	122	308	490	659	827	898	936	951	953	954	955	959
23	23	24	24	23	22	39	57	38	23	25	9	4	94	338	632	841	936	959	950	929	923	920	919	916	915	919	919
24	23	25	21	26	49	53	29	22	14	12	154	488	806	949	958	930	918	916	914	918	916	914	918	915	916	915	918
24	24	23	37	55	43	23	18	7	140	514	866	974	935	913	918	919	917	917	924	936	953	973	989	995	983	973	953
22	25	52	52	31	27	11	67	422	838	967	929	911	914	919	918	928	953	978	997	1014	1000	980	988	997	1004	986	965
24	52	41	27	26	11	204	697	960	939	912	916	921	924	937	968	991	987	977	966	957	948	945	951	948	938	936	926
50	45	30	23	23	368	869	957	911	918	924	930	940	956	968	976	978	995	998	995	990	992	994	1010	976	913	922	927
48	32	22	47	494	942	934	910	926	946	957	956	986	1014	1031	1053	1068	1064	1058	1059	1060	1067	1068	1051	964	926	925	665
27	20	63	562	958	917	917	952	998	1034	1029	1029	1061	1070	1074	1076	1063	1052	1047	1047	1051	1058	1036	971	932	956	767	445
18	45	561	960	914	937	993	1039	1060	1062	1067	1076	1077	1074	1073	1067	1050	1049	1048	1049	1049	1036	976	906	887	943	627	402
26	494	955	914	955	1016	1047	1062	1060	1071	1077	1076	1074	1076	1073	1057	1053	1052	1052	1052	1052	1037	965	876	919	967	637	429
360	934	918	958	1020	1038	1062	1058	1073	1077	1073	1073	1073	1074	1069	1057	1058	1056	1054	1056	1057	1048	981	937	962	986	761	486
853	930	948	1018	1032	1062	1061	1075	1076	1077	1072	1069	1076	1075	1065	1057	1063	1059	1058	1057	1060	1034	975	949	953	983	909	726
937	931	1023	1035	1064	1062	1074	1078	1077	1075	1075	1073	1075	1082	1070	1059	1064	1062	1061	1063	1058	997	993	966	990	962	969	963
912	1002	1035	1059	1066	1070	1077	1077	1076	1075	1075	1075	1080	1087	1035	1050	1065	1064	1066	1066	1012	959	980	1001	989	1010	1062	1038
958	1044	1053	1071	1058	1075	1076	1075	1073	1074	1075	1074	1079	1056	936	951	1041	1049	1043	1018	988	990	1002	1021	1014	1039	1060	1037
1017	1050	1068	1062	1063	1077	1076	1073	1071	1068	1074	1078	1083	1004	914	911	941	975	972	977	1005	1031	1049	1055	1056	1052	1048	1044
1047	1055	1073	1052	1072	1074	1075	1078	1079	1068	1074	1089	1024	647	692	789	556	620	902	1013	1036	1046	1056	1056	1055	1058	1041	1047
1040	1067	1067	1048	1077	1075	1073	1074	1077	1074	1078	1078	895	516	476	582	495	541	835	1044	1055	1055	1055	1056	1058	1056	1065	1076
1028	1073	1053	1052	1078	1076	1074	1072	1073	1075	1079	1038	912	859	860	883	924	947	996	1062	1060	1061	1064	1062	1050	1047	1073	1069
1035	1073	1042	1058	1076	1074	1076	1076	1077	1074	1051	946	871	897	909	913	971	977	1027	1064	1059	1061	1059	1055	1046	1044	1031	998
1042	1068	1034	1066	1076	1074	1072	1071	1080	1045	987	947	942	961	952	935	971	1002	1049	1059	1062	1060	1057	1059	1056	1045	1009	972
1045	1064	1026	1067	1077	1075	1072	1076	1067	999	932	959	994	949	967	989	994	1008	1041	1065	1041	1042	1054	1027	1070	1118	1125	1095
1058	1064	1014	1063	1076	1072	1075	1072	1024	1002	976	969	976	972	991	1041	1048	1020	965	973	945	986	1006	1089	1214	1175	1165	1158
24	24	24	25	24	24	25	25	25	24	25	25	25	25	25	26	25	26	26	25	27	25	24	25	24	26	25	25
24	24	23	25	24	24	25	24	25	24	24	26	25	23	24	24	29	31	35	37	38	43	43	42	42	38	30	31
23	26	24	23	24	25	24	25	25	24	24	21	24	35	49	57	59	56	51	45	40	31	28	30	28	35	41	42
23	24	25	25	23	25	25	24	25	22	32	47	56	53	38	22	11	29	68	134	205	274	340	388	424	441	440	425
23	24	24	25	25	24	25	23	31	55	53	43	24	12	54	175	346	519	670	789	865	907	933	943	950	952	961	956
24	24	23	25	24	24	23	37	58	45	22	25	141	369	622	809	909	945	947	933	924	921	918	917	919	916	916	921
24	24	24	25	23	26	52	65	41	33	171	481	772	918	944	933	920	914	915	917	919	917	914	915	919	919	917	921
23	24	23	22	38	65	60	26	121	466	800	937	944	925	914	915	919	920	918	920	924	938	953	967	967	962	954	932
24	22	27	53	66	46	38	302	739	933	938	921	916	920	922	919	917	925	949	997	1029	1024	1031	1037	1036	1027	1034	990
22	29	56	52	30	69	487	885	942	920	913	916	923	923	922	933	968	1012	1036	1041	1021	1015	1012	1015	1004	986	963	942
27	58	42	15	97	614	940	931	914	918	922	923	919	929	963	1008	1021	1010	1007	1014	1024	1029	1026	1026	1021	994	945	930
57	40	20	129	691	955	920	914	921	925	927	928	947	974	1004	1042	1056	1038	1033	1038	1038	1038	1035	1036	1033	1020	980	636
45	29	126	723	959	914	916	924	950	989	1007	989	1006	1040	1072	1082	1068	1047	1044	1044	1046	1045	1045	1043	1036	1034	840	389
31	100	706	958	913	921	951	1007	1047	1065	1045	1040	1071	1082	1079	1078	1058	1057	1057	1053	1053	1053	1056	1047	1033	990	658	353
73	657	968	911	920	981	1039	1053	1067	1058	1062	1080	1077	1078	1080	1075	1049	1059	1060	1057	1057	1058	1063	1032	977	969	826	594
597	963	910	925	986	1032	1049	1066	1069	1076	1078	1074	1075	1084	1083	1050	1033	1055	1058	1059	1059	1064	1035	962	973	1023	979	758
944	913	916	997	1038	1055	1067	1071	1078	1079	1078	1081	1101	1111	1097	1012	1013	1041	1055	1058	1061	1033	958	952	979	1039	1002	792
915	913	990	1040	1057	1068	1070	1077	1078	1076	1082	1100	1110	1072	984	961	992	1012	1028	1029	1007	973	961	942	988	1000	1001	936
909	967	1042	1048	1066	1064	1077	1076	1074	1079	1084	1097	1055	885	702	746	942	984	977	965	942	951	961	980	961	968	1045	1036
933	1034	1042	1066	1050	1065	1076	1074	1070	1076	1078	1077	1028	726	370	263	529	923	934	935	942	945	968	970	961	1005	1055	1052
997	1040	1060	1052	1036	1076	1075	1073	1074	1077	1078	1067	1018	789	558	399	512	892	966	968	956	972	999	1001	1003	1004	1003	1028
1040	1045	1064	1009	1051	1077	1077	1077	1080	1085	1068	993	863	816	922	808	703	674	889	1002	1005	1033	1048	1046	1041	1037	1030	1013
1035	1060	1042	980	1069	1073	1073	1074	1080	1073	1023	930	825	816	813	712	611	435	709	1057	1063	1063	1058	1060	1068	1069	1063	1028
1032	1063	1001	986	1076	1073	1075	1075	1078	1057	984	969	946	914	894	899	912	868	923	1068	1069	1067	1062	1060	1058	1064	1069	1054
1047	1056	963	1001	1078	1074	1076	1079	1062	1007	977	997	954	917	922	946	947	915	974	1067	1065	1062	1064	1063	1061	1063	1045	1004
1057	1043	940	1005	1080	1076	1077	1073	1019	950	967	1000	960	936	899	941	908	927	1005	1056	1061	1066	1066	1068	1075	1062	1024	965
1062	1029	929	1004	1082	1077	1076	1051	983	927	967	1019	999	994	965	982	944	961	988	1027	995	1004	1062	1079	1124	1129	1134	1124
1069	1019	928	988	1075	1079	1068	1011	972	933	978	1038	1019	1010	997	984	981	961	950	968	953	971	1049	1143	1214	1180	1163	1169
22	24	24	23	25	24	25	25	23	23	25	26	23	24	23	25	25	26	27	28	26	26	26	26	26	27	27	27
23	22	23	24	24	24	23	24	23	23	24	23	23	23	25	24	25	27	29	29	29	31	30	26	28	27	30	39
24	24	24	23	24	24	24	23	24	23	24	22	20	23	33	44	46	34	30	49	66	92	111	121	114	87	64	35
24	23	24	25	24	24	25	24	25	23	23	26	40	56	40	40	122	278	452	588	686	745	776	788	778	742	670	552
24	23	24	25	26	23	25	25	23	34	56	62	44	88	302	619	843	946	964	955	946	938	935	935	933	937	943	951
24	23	23	25	24	27	23	22	39	61	33	121	443	790	961	962	929	920	911	911	912	914	917	915	916	915	919	919
25	24	23	25	24	23	31	55	40	105	467	861	981	951	926	912	911	913	917	919	919	915	918	920	916	916	917	920
24	24	25	22	24	51	62	45	353	826	984	936	911	918	915	915	918	917	916	915	917	918	924	937	940	932	920	918
24	24	23	30	70	50	112	641	976	941	911	915	919	921	920	919	917	915	919	940	964	980	1007	1015	1015	1015	1008	973
24	22	37	81	34	194	813	978	914	913	918	921	923	922	915	914	926	966	1010	1036	1043	1029	1041	1038	1032	1017	996	957
21	41	84	27	231	877	956	913	916	921	921	918	913	915	932	977	1021	1040	1034	1018	1015	1022	1030	1033	1023	999	952	933
42	76	25	213	880	945	913	921	924	923	918	917	930	960	1009	1038	1024	981	969	991	1012	1020	1033	1043	1049	1038	991	950
66	22	159	840	947	910	921	923	925	942	957	964	984	1000	1022	1023	1003	978	993	1026	1032	1032	1044	1056	1062	1058	1015	994
26	120	780	955	914	923	931	968	1018	1042	1035	1013	1026	1038	1048	1032	1000	968	1003	1016	1017	1029	1031	1039	1033	996	994	1024
91	730	962	911	922	942	1004	1046	1062	1049	1043	1069	1072	1052	1031	986	964	962	989	1008	1015	1020	1008	990	915	814	868	993
688	969	910	922	961	1018	1038	1064	1058	1057	1074	1081	1029	994	984	957	939	965	989	1001	1002	991	963	873	787	808	851	957
960	909	916	976	1036	1046	1071	1060	1065	1081	1074	1010	833	683	697	893	931	946	958	973	964	950	926	871	902	993	974	956
908	916	976	1038	1044	1065	1061	1072	1081	1076	1043	865	646	499	401	618	919	920	927	934	932	925	942	985	1055	1065	991	931
911	961	1039	1046	1062	1050	1071	1080	1076	1068	1016	899	680	427	341	346	852	932	925	928	932	936	958	999	1024	1003	974	986
940	1030	1044	1060	1032	1051	1081	1085	1088	1058	1028	1010	835	692	655	521	761	948	940	931	937	945	970	990	1001	1008	1017	1049
1005	1042	1062	1037	1004	1079	1079	1076	1050	1015	976	942	939	959	934	811	843	936	968	942	928	939	962	990	1009	1002	1009	1032
1044	1051	1060	979	1029	1084	1077	1063	1018	915	883	888	903	952	948	929	958	968	961	936	963	1002	1020	1028	1029	999	977	981
1035	1062	1019	942	1063	1078	1076	1059	973	864	870	893	943	948	940	978	984	976	973	968	1011	1032	1039	1049	1048	1025	978	949
1042	1057	960	957	1075	1077	1072	1045	952	951	936	961	966	953	930	971	961	950	958	980	999	1014	1051	1062	1063	1059	1003	1039
1056	1033	924	963	1073	1073	1060	1014	985	994	994	1017	1002	969	979	983	960	941	955	971	968	1031	1069	1061	1058	1066	1027	1115
1064	998	916	956	1062	1066	1033	968	947	967	962	981	1016	1001	985	986	938	929	939	948	1000	1048	1059	1104	1161	1095	1032	1028
1060	976	944	963	1040	1041	990	935	951	958	951	954	995	1002	990	962	918	922	921	940	1002	1019	1142	1316	1332	1215	1119	1121
1055	976	929	901	978	1014	956	938	954	970	966	961	966	975	969	925	913	917	927	946	992	1124	1272	1273	1264	1211	1152	1144
24	25	23	24	26	25	24	26	24	24	24	25	24	22	23	23	24	24	27	27	26	27	26	25	25	25	26	26
23	24	24	23	24	25	25	24	24	24	24	25	23	21	25	25	25	24	26	24	21	18	17	16	16	23	36	38
24	23	24	24	24	24	24	25	24	24	25	22	23	22	23	27	30	24	23	48	103	148	183	193	175	117	44	43
23	24	25	24	25	24	25	25	25	25	23	22	26	31	37	63	178	367	560	717	810	868	899	901	889	826	669	361
24	24	26	24	26	24	25	26	26	26	32	47	45	126	372	685	888	955	957	941	928	919	924	921	918	927	951	949
24	24	26	25	25	26	25	25	25	29	34	144	474	816	958	949	930	910	909	912	913	917	924	912	912	911	912	927
24	24	26	26	26	28	27	32	23	113	480	861	966	933	915	914	913	911	911	913	912	917	922	914	916	913	916	919
23	25	26	26	26	28	39	48	337	803	966	927	910	913	914	914	918	916	914	912	913	916	915	913	912	911	912	915
24	24	26	25	35	43	101	574	949	939	912	909	915	917	920	919	918	915	914	912	914	926	943	953	963	967	960	936
25	25	24	48	46	154	727	972	918	911	916	919	921	916	914	914	914	921	941	971	1000	1016	1041	1039	1040	1031	1013	964
22	25	52	44	162	784	962	911	915	919	923	916	912	916	913	926	973	1014	1041	1045	1022	1009	1023	1012	991	972	953	940
27	62	53	135	772	957	913	919	923	921	916	916	915	926	976	1031	1054	1032	978	929	883	944	955	954	883	884	921	919
70	61	82	709	961	911	922	927	920	921	924	934	956	980	999	973	840	728	884	737	755	869	908	954	915	915	953	995
63	40	615	968	911	924	921	924	959	985	991	992	932	938	795	786	476	225	623	934	910	922	945	948	943	853	1014	1084
24	517	967	919	923	921	947	1002	1043	1057	1011	851	806	840	881	819	705	443	586	948	848	900	987	942	610	380	737	1063
443	957	916	922	931	987	1036	1053	1062	1015	939	829	824	757	878	849	940	929	878	980	922	903	955	787	396	265	393	942
938	921	917	947	1018	1048	1065	1056	1006	974	922	608	473	469	641	914	901	897	898	971	960	943	941	713	667	712	749	936
917	911	952	1032	1052	1065	1048	991	981	992	658	196	255	435	416	749	965	940	929	949	967	945	964	957	996	993	944	930
911	945	1032	1049	1064	1050	1001	995	956	968	794	570	593	749	758	786	958	945	954	962	975	966	982	991	962	933	931	944
930	1024	1047	1062	1050	1004	1011	887	735	841	933	945	963	965	926	944	961	952	962	966	960	973	993	1007	990	944	948	992
998	1048	1059	1050	988	1007	1011	889	825	891	916	912	933	959	887	939	956	951	944	936	920	931	942	974	1018	959	949	972
1044	1053	1060	990	967	1012	1005	925	891	907	934	933	943	946	886	939	935	942	933	916	925	934	951	976	999	954	934	952
1031	1062	1029	936	994	1007	992	950	915	912	969	953	954	939	880	892	929	927	914	911	950	965	964	987	1001	986	937	944
1038	1051	963	934	992	991	967	962	952	979	962	950	947	926	892	925	936	908	904	927	988	983	1006	1054	1057	1044	983	1051
1061	1013	924	938	970	967	938	938	961	966	991	993	946	954	935	961	929	911	933	957	985	1005	1058	1063	1062	1055	1068	1290
1058	974	915	894	931	942	924	884	733	729	878	974	985	981	985	959	912	917	947	964	987	1000	1066	1072	1080	1072	1039	1222
1039	968	803	614	713	917	926	876	704	574	680	918	955	968	955	920	912	918	936	982	1005	983	1040	1129	1154	1113	1046	1053
1023	973	937	851	867	935	966	933	809	744	688	894	917	914	914	913	930	931	927	956	970	955	994	1105	1177	1192	1155	1148
26	25	24	23	23	25	25	26	24	25	26	24	26	23	23	24	25	27	26	25	27	27	27	26	24	26	27	26
22	24	25	23	23	24	25	25	26	24	27	24	23	22	24	26	26	28	27	25	22	16	14	12	11	19	26	25
24	23	24	23	24	25	24	24	25	26	25	23	23	24	26	26	24	16	14	31	73	137	184	204	192	130	61	29
25	24	23	24	24	25	24	25	25	26	26	21	28	23	15	31	119	276	474	658	787	857	896	906	901	852	714	390
25	24	23	25	26	25	25	25	28	25	23	26	20	64	261	567	815	933	958	942	932	922	918	917	919	925	946	953
24	22	23	24	24	26	26	26	29	20	21	88	346	715	926	958	934	922	918	915	919	921	915	911	912	910	911	915
25	23	23	26	25	25	28	28	19	53	329	741	950	945	913	912	909	910	911	913	915	912	913	910	914	914	914	915
21	23	24	25	27	26	27	26	168	628	942	943	914	911	913	912	913	915	917	912	913	911	909	912	913	913	913	916
23	23	25	24	26	39	45	323	835	968	916	908	913	916	919	912	912	916	914	911	911	912	914	923	928	922	921	924
23	24	25	27	55	63	459	930	939	912	910	916	918	916	913	914	913	910	913	924	941	967	988	1000	1009	1005	999	971
23	25	27	53	68	522	958	923	911	915	919	921	914	914	913	914	929	951	983	1017	1022	1024	1048	1046	1039	1026	1000	958
23	28	60	64	530	965	914	916	920	922	916	914	916	920	935	976	1017	1030	1007	987	953	974	968	928	647	663	902	923
29	64	51	477	959	918	916	923	921	915	916	917	930	969	1017	1020	939	888	936	866	891	928	862	925	722	728	898	930
68	41	388	945	918	920	926	918	918	932	949	974	970	975	911	878	666	676	879	918	926	971	903	930	1029	913	893	894
28	285	915	928	922	920	920	950	995	1027	1002	857	851	932	919	844	563	654	945	961	900	960	875	915	1023	966	933	905
202	872	934	921	922	945	1011	1043	1059	1038	909	751	857	927	905	901	929	952	988	1005	977	982	1000	1023	1059	1006	968	1013
814	950	916	931	982	1047	1056	1070	1020	933	916	789	828	963	955	952	937	950	981	1022	996	980	1032	1021	1052	1017	998	1009
933	911	934	1001	1050	1058	1064	993	926	937	922	855	923	1003	950	988	973	941	950	1021	1013	981	1009	1000	986	978	967	969
911	933	1008	1049	1057	1063	978	915	882	895	960	1008	1013	1036	1000	1021	1018	994	991	1006	1005	982	990	972	966	954	949	936
925	1006	1054	1058	1063	977	932	828	589	838	985	1002	1016	1041	999	952	1024	1019	1023	1008	986	985	983	964	956	947	931	934
984	1053	1058	1067	1002	922	937	914	896	981	1026	1006	1011	1048	1007	932	989	1011	979	955	940	971	933	872	805	974	945	944
1041	1049	1064	1026	931	926	942	968	980	990	998	1007	1026	1024	966	960	956	942	922	920	952	948	914	871	881	952	947	951
1030	1065	1042	959	924	931	938	958	969	961	972	986	979	965	883	893	936	914	924	932	971	956	934	958	992	972	968	1002
1042	1064	1009	927	931	928	931	863	862	945	973	969	965	917	902	906	933	918	932	944	981	969	953	1003	1028	1098	1171	1146
1068	1037	953	933	943	932	908	813	805	888	970	950	951	961	933	940	934	936	954	975	1016	984	1019	1058	1076	1144	1293	1353
1059	1009	924	767	688	862	951	858	562	570	836	946	967	991	971	928	930	939	985	987	982	982	1059	1058	1057	1064	1063	1205
1029	982	860	600	514	716	998	764	455	427	554	933	960	958	941	928	949	969	1000	996	988	999	1056	1060	1061	1061	1055	1020
1008	968	956	938	923	907	1013	833	621	537	537	918	976	968	968	953	989	977	946	997	956	958	1014	1054	1059	1114	1162	1161
24	24	25	25	22	25	23	24	25	24	24	25	26	23	24	24	24	26	26	26	27	27	28	28	27	28	27	27
23	25	24	25	23	22	25	25	25	24	24	26	23	23	23	27	24	27	27	27	28	24	22	21	21	21	25	27
24	23	25	25	23	21	25	25	26	24	23	25	22	24	25	27	25	16	8	6	21	52	88	107	116	93	52	25
25	24	23	25	24	24	23	26	25	25	25	23	26	27	19	6	31	127	283	466	621	732	796	827	832	800	719	548
26	24	23	23	24	26	25	26	26	25	26	24	17	13	102	343	631	840	938	962	953	944	935	930	931	930	937	952
26	23	24	22	23	25	26	26	28	25	18	22	154	484	810	952	956	930	916	914	919	925	928	924	922	915	915	916
26	25	22	24	24	25	26	28	24	10	105	461	841	962	939	909	911	912	911	914	918	921	918	917	917	920	918	918
24	23	22	24	25	26	27	17	24	285	755	962	931	912	913	913	914	917	917	917	918	920	915	916	914	917	918	918
24	22	22	24	25	29	25	85	499	908	950	913	912	915	918	916	913	915	912	915	919	924	925	919	914	915	915	917
22	21	24	24	31	47	167	683	959	927	914	915	916	920	915	913	914	916	915	912	920	931	950	956	969	980	990	990
21	20	23	34	52	226	787	958	913	913	916	924	920	913	913	912	911	921	947	985	1022	1043	1051	1052	1043	1034	1025	971
22	20	41	52	252	843	945	908	915	919	918	917	922	919	913	930	979	1030	1052	1054	1049	1026	1024	1018	1017	997	965	947
22	46	46	233	852	943	910	920	924	917	916	913	915	931	983	1039	1049	1014	984	955	851	917	922	822	729	644	660	732
53	41	198	840	942	912	923	923	913	915	925	948	983	991	1000	943	862	833	854	909	888	948	723	397	264	135	90	80
34	142	797	946	913	922	916	924	954	974	997	1009	969	936	923	755	518	618	826	973	1017	931	530	319	323	278	133	81
97	733	954	913	922	922	970	1022	1037	1043	1013	963	927	965	881	753	617	660	858	989	989	971	854	622	489	602	628	477
649	968	912	923	938	1015	1050	1055	1052	988	899	705	821	1013	987	958	905	879	920	988	971	966	953	904	872	935	999	981
942	912	925	959	1034	1048	1057	1045	967	934	877	842	922	1014	1010	1002	1005	1003	991	969	961	954	932	941	956	966	973	964
913	923	976	1044	1049	1062	1033	955	935	942	960	993	995	1006	1019	1014	984	978	961	944	934	938	959	970	982	996	968	940
921	978	1050	1048	1065	1032	953	949	966	964	988	1023	1016	986	961	966	974	965	956	946	931	968	998	860	862	963	947	953
961	1044	1046	1069	1055	972	931	942	945	950	966	981	983	968	952	943	962	959	967	942	936	990	577	182	194	649	1005	973
1033	1038	1066	1065	1016	938	935	935	944	935	947	960	977	966	959	962	951	940	945	937	945	989	526	328	489	873	1094	1005
1043	1055	1063	1035	955	931	944	932	829	887	942	953	964	954	942	939	942	927	956	985	1014	1051	1033	1001	1059	1065	1076	1069
1048	1068	1052	988	927	941	939	568	208	425	892	961	988	1009	989	941	975	1000	1020	1038	1042	1046	1019	1003	1073	1160	1144	1139
1065	1057	1027	942	927	945	866	389	276	408	844	982	1019	1033	1025	971	1016	1032	1030	1038	1045	1007	989	1148	1377	1318	1130	1070
1062	1035	992	901	879	925	964	914	906	944	971	992	1026	1031	1031	995	1019	1021	1025	1023	979	963	1031	1131	1184	1084	1051	968
1070	1047	971	915	902	927	1028	1053	987	1047	1030	1019	1033	1036	1036	980	978	1013	1011	986	977	992	1057	1059	1054	1069	1079	1044
1087	1058	948	974	948	947	1000	1035	1030	1034	1052	1035	1036	1040	1033	958	962	973	985	1006	971	1010	1067	1069	1070	1084	1092	1090
24	24	25	25	24	26	24	23	25	25	24	25	26	25	23	24	24	25	26	25	25	27	25	28	25	26	27	24
24	23	24	25	24	25	24	24	25	25	24	25	25	25	23	25	24	25	27	26	28	27	29	27	27	26	28	27
24	24	23	24	25	22	24	25	26	24	24	26	24	22	24	26	25	25	22	14	11	6	9	13	18	16	13	14
25	24	24	24	24	22	23	25	26	26	23	25	24	25	25	20	10	12	55	134	240	346	434	493	518	502	440	337
24	24	25	25	22	23	24	24	25	27	26	26	24	17	10	66	234	460	670	815	895	932	948	955	960	963	950	932
26	23	26	25	22	25	25	26	26	26	26	18	16	127	401	701	889	951	951	938	927	919	917	918	923	924	917	918
25	26	24	24	23	26	25	27	28	21	7	111	439	783	944	950	930	916	912	912	910	915	916	917	914	915	916	917
25	26	23	23	25	25	27	27	12	31	310	748	947	946	922	911	910	910	913	914	916	917	917	914	913	916	916	917
25	25	22	23	26	25	29	19	129	568	913	950	917	912	914	914	914	915	912	914	917	917	919	916	918	917	914	911
25	24	22	25	24	37	49	283	776	958	924	912	912	916	916	916	915	914	913	913	916	916	918	922	931	941	943	952
26	23	22	28	43	66	435	894	944	912	911	914	917	915	911	913	913	910	918	938	969	996	1010	1019	1016	1018	1034	1007
23	22	27	52	90	558	953	929	909	910	917	917	915	913	912	915	942	987	1026	1048	1077	1064	1061	1077	1063	1029	1001	946
20	31	66	100	622	960	917	911	916	919	919	915	914	917	948	1024	1077	1048	1018	1036	918	949	932	680	695	751	737	811
39	68	86	628	963	910	913	919	921	914	912	925	958	990	1008	893	592	412	533	927	748	832	488	0	46	315	189	175
54	57	586	960	911	916	923	917	916	939	989	1009	980	941	945	400	0	18	210	802	1006	973	328	0	5	321	284	197
36	537	956	911	918	918	923	946	988	1052	1045	957	927	930	927	340	29	68	253	810	988	963	469	0	0	395	643	714
492	962	915	919	919	951	989	1020	1069	1034	949	941	947	946	972	777	436	403	586	919	936	946	874	595	619	884	950	939
934	916	920	929	976	1015	1039	1071	1017	942	947	1000	996	974	983	985	972	964	957	938	937	939	963	1007	1000	967	953	947
915	917	936	981	1017	1051	1069	1009	935	939	992	1023	1025	992	958	975	954	943	934	934	938	950	863	752	741	862	961	946
919	937	978	1015	1059	1073	1023	936	936	957	1020	1025	1025	986	967	980	975	950	874	934	960	808	427	189	109	427	937	957
935	977	1000	1054	1063	1048	951	933	939	970	1024	1019	1025	1004	979	987	979	971	962	978	951	626	139	0	0	305	968	1000
985	1014	1055	1073	1060	993	929	936	937	983	1032	1024	1023	1008	977	1001	996	991	996	1003	963	570	37	146	496	856	1030	977
1071	1086	1087	1075	1043	950	933	935	925	968	1033	1029	1034	1023	1001	1011	1013	995	986	1020	1010	710	472	878	1089	1084	1024	980
1156	1124	1102	1092	1015	940	943	929	793	750	988	1035	1033	1044	1032	1005	1024	1033	1006	1030	1038	952	915	1084	1041	1038	1007	970
1174	1129	1123	1103	968	932	951	902	766	736	933	1023	1032	1031	1045	1032	1035	1042	1034	1030	1052	1047	1049	1103	1132	1033	981	996
1181	1151	1146	1060	954	929	874	910	936	906	938	988	1026	1017	1012	1037	1040	1042	1040	1019	1005	1023	1064	1112	1096	973	970	967
1201	1180	1140	1013	989	994	1002	1012	962	890	981	998	1005	1005	980	956	1010	1017	1009	998	994	1077	1140	1017	1034	1024	1014	994
1212	1197	1123	1019	980	997	1027	1042	1026	969	1018	1021	1021	984	968	984	1020	988	1017	994	1025	1069	1045	1008	1038	1052	1048	1054
24	24	25	24	26	26	24	25	25	25	25	25	26	25	24	26	25	25	25	26	25	26	26	26	25	26	28	25
24	25	23	26	25	26	24	25	24	24	27	25	24	25	25	25	25	25	25	27	26	27	26	27	27	28	27	28
24	24	25	23	24	26	24	24	26	25	25	25	26	24	25	25	24	27	27	27	28	25	23	21	22	21	22	25
25	24	23	25	23	23	23	23	26	25	24	23	25	23	23	26	25	22	14	4	10	23	44	65	77	78	66	46
23	25	26	23	24	23	25	25	25	27	25	25	25	26	20	11	8	40	125	239	367	477	564	625	662	667	635	566
24	24	26	25	23	23	22	27	26	27	27	28	21	8	30	150	350	558	735	847	907	936	945	946	946	956	963	944
25	25	25	24	23	25	24	26	27	28	25	6	43	215	504	754	894	943	950	940	929	922	918	918	916	913	918	917
25	25	25	24	23	23	27	28	27	15	21	195	532	810	931	949	930	921	913	911	913	914	917	916	915	916	919	920
25	25	23	23	24	27	25	28	17	108	444	796	937	944	922	913	910	913	913	914	913	915	919	917	917	918	918	919
23	25	24	21	24	27	33	58	286	698	926	945	919	911	910	913	915	913	913	915	916	916	916	915	914	914	915	917
23	24	22	23	28	40	105	475	859	950	923	912	912	912	913	915	915	915	914	915	920	928	933	945	960	973	986	996
25	24	23	27	46	178	643	939	935	913	910	912	914	915	914	918	918	928	951	983	1012	1032	1039	1046	1052	1038	1043	994
23	20	34	44	251	762	951	919	910	913	914	917	915	916	918	942	990	1033	1053	1078	1086	1056	1050	1026	978	968	954	943
22	51	51	290	838	950	908	912	916	915	913	913	922	949	972	999	1004	988	994	853	686	822	940	583	383	435	390	601
73	46	287	858	937	909	918	917	913	917	956	997	997	975	954	928	730	688	886	753	426	549	768	333	116	159	190	331
30	295	880	935	909	918	917	918	961	1028	1066	1011	980	992	982	907	784	653	720	994	982	970	927	470	132	140	214	535
368	918	942	912	920	917	944	1017	1066	1061	980	949	1015	1020	961	895	912	733	577	914	989	970	973	903	762	733	788	956
919	923	916	924	925	974	1049	1072	1036	955	941	1011	1041	1016	926	902	969	1014	971	1001	990	942	964	964	1002	1018	1008	959
915	918	924	932	979	1060	1070	1038	952	934	976	1017	1040	1028	1006	1009	1053	1069	1059	1042	1007	965	859	789	848	939	958	944
919	925	966	1016	1064	1064	1044	973	934	948	987	1023	1078	1103	1080	1059	1056	1049	984	1004	1002	782	496	487	522	734	939	938
924	1043	1143	1167	1162	1053	1012	935	939	949	985	1055	1124	1141	1098	1071	1046	1042	1030	1056	931	423	451	513	485	685	962	966
1042	1216	1189	1196	1183	1068	976	939	937	948	983	1079	1145	1157	1135	1116	1084	1033	1042	1060	800	358	522	697	836	925	968	977
1241	1240	1225	1225	1229	1065	959	937	938	946	979	1077	1148	1171	1153	1126	1080	1007	1006	1020	717	359	594	928	1007	974	973	964
1254	1217	1238	1276	1288	1030	949	940	958	963	973	1055	1140	1169	1155	1124	1080	994	971	997	725	408	699	1015	982	937	939	943
1199	1201	1254	1328	1257	986	947	945	964	957	946	1026	1132	1165	1169	1150	1096	1014	980	1000	896	629	921	1060	981	949	935	942
1157	1201	1270	1331	1201	997	948	931	952	947	926	957	1065	1124	1140	1137	1088	1074	1067	1029	1088	1070	1113	1095	999	968	964	960
1133	1194	1275	1310	1174	1018	972	955	961	963	940	936	955	1008	1027	1033	1057	1090	1083	1058	1076	1126	1142	1138	1098	974	949	963
1144	1186	1268	1310	1155	1020	985	966	982	997	1001	978	941	932	994	1063	1061	1007	1043	1037	1057	1134	1128	1148	1161	1056	947	958
25	23	26	25	25	26	25	25	27	24	24	24	26	25	25	27	25	27	24	25	25	26	25	26	26	25	26	26
25	24	23	27	25	26	25	27	25	23	26	25	25	26	25	27	25	27	26	25	23	26	25	27	25	26	26	25
24	25	24	25	25	27	26	27	26	24	26	25	25	27	26	27	27	25	27	27	24	26	26	29	27	27	26	27
24	23	23	26	26	25	26	26	24	26	26	27	25	25	27	26	27	27	27	27	23	21	17	14	13	13	15	19
25	22	24	24	25	25	26	25	25	25	26	25	26	26	26	26	24	16	7	1	5	20	42	64	84	87	79	66
26	24	23	25	25	26	24	26	27	27	28	25	29	27	18	7	6	38	115	220	342	452	536	596	632	647	638	592
25	26	23	25	26	24	23	25	27	29	29	28	20	6	24	124	293	483	660	788	866	911	932	942	943	946	970	941
23	25	25	24	25	25	26	26	28	30	22	6	32	173	413	653	820	908	944	950	941	931	925	927	921	918	927	917
23	24	24	25	23	25	28	28	27	13	23	173	456	725	889	944	946	933	921	917	914	914	913	914	912	912	914	916
23	24	24	24	23	25	29	32	34	133	425	736	908	949	943	920	916	914	912	913	914	916	917	916	914	915	917	918
24	23	23	21	23	32	42	72	302	662	893	950	933	920	916	913	914	915	916	916	916	917	917	918	929	921	919	926
24	24	22	21	31	59	142	487	829	945	937	920	914	912	919	922	919	914	914	920	934	948	966	978	993	995	1009	1018
22	22	17	28	56	241	663	926	944	920	911	914	918	921	921	918	924	944	981	1014	1043	1048	1056	1059	1061	1052	1051	995
21	22	37	63	348	800	954	927	912	914	917	917	917	926	940	957	1014	1068	1071	1050	1050	1037	1013	1051	1026	984	939	936
53	54	70	435	874	946	916	913	918	917	920	948	985	992	994	975	967	903	930	980	925	875	855	931	901	818	819	923
32	103	579	924	930	912	918	917	932	978	1030	1056	1010	978	754	414	358	293	309	690	972	992	986	990	749	464	467	763
206	751	963	937	914	917	928	976	1038	1074	1049	967	959	680	165	40	161	262	166	328	862	1058	1040	1028	939	882	713	784
866	940	911	919	917	936	1011	1071	1070	1029	945	943	913	398	116	99	278	442	351	393	855	1030	1015	1002	1023	1050	1025	999
922	915	920	939	952	1001	1062	1058	1029	952	929	971	955	676	653	724	892	795	592	650	987	1015	1035	1036	1023	1016	1012	993
919	956	1127	1199	1121	1034	1031	1041	962	928	938	1010	1104	1101	1142	1153	1131	1030	950	986	1026	1025	1057	1066	1057	1030	1006	974
929	1090	1360	1283	1235	1045	1050	1010	938	930	987	1129	1186	1184	1147	1110	1023	931	882	845	932	1032	1042	1055	1045	1022	983	932
991	1093	1206	1267	1286	1084	1057	966	930	931	990	1162	1204	1205	1192	1178	992	809	758	751	882	999	999	988	968	955	950	943
1032	1072	1154	1301	1406	1136	1035	949	928	934	976	1148	1197	1202	1203	1194	1076	928	910	951	1028	1014	975	950	944	936	959	954
1044	1065	1135	1321	1491	1240	1046	989	951	894	910	1124	1195	1212	1205	1185	1132	1037	1039	1052	1023	997	978	943	952	953	948	950
1053	1053	1117	1316	1499	1350	1061	981	969	940	951	1078	1198	1211	1199	1182	1151	1143	1150	1121	1067	1020	984	929	933	954	936	945
1055	1048	1102	1299	1456	1340	1088	984	991	990	931	985	1145	1201	1206	1205	1177	1189	1217	1196	1187	1180	1114	984	936	945	948	954
1048	1044	1072	1278	1413	1302	1113	988	975	959	922	927	998	1106	1129	1134	1167	1210	1216	1206	1202	1196	1178	1092	973	946	942	952
1040	1032	1039	1283	1380	1270	1109	977	952	961	955	946	931	962	1065	1085	1073	1122	1169	1172	1177	1181	1176	1154	1072	957	936	936
25	26	25	26	26	26	27	26	27	26	26	25	25	25	25	26	27	25	26	25	27	25	26	26	27	24	25	24
23	25	26	26	26	25	28	27	26	26	27	25	26	26	25	28	25	26	27	26	27	26	25	27	25	25	25	24
24	24	24	27	27	27	26	27	27	26	27	26	26	27	25	26	26	26	26	27	26	25	25	25	25	24	26	24
25	24	25	24	27	28	27	27	25	27	27	28	28	27	27	26	28	27	28	32	33	35	36	37	41	41	42	40
24	24	25	24	25	27	27	26	27	26	27	28	28	29	27	27	29	31	34	40	39	40	36	36	35	36	40	45
24	23	25	25	24	26	25	26	26	26	28	28	27	26	26	27	29	23	17	10	11	21	39	58	72	80	79	76
25	24	24	26	25	26	24	25	27	28	28	28	28	25	23	15	6	16	59	136	228	325	417	487	527	552	554	533
25	24	25	25	25	27	24	26	28	29	26	28	23	7	9	57	164	314	478	621	732	812	865	897	911	930	932	921
23	24	24	25	24	25	26	25	27	27	24	11	18	100	268	473	658	796	881	925	941	946	943	936	933	948	929	926
22	23	23	25	24	23	25	25	29	25	30	116	315	564	768	884	935	945	938	928	924	920	916	915	917	919	914	915
24	22	23	22	20	22	33	44	42	95	289	571	802	916	946	935	926	917	914	915	917	917	919	919	923	918	916	915
24	23	20	20	18	36	56	65	214	507	781	921	945	933	919	912	915	914	917	915	916	917	922	921	929	935	939	947
24	22	18	19	39	54	112	394	731	910	946	933	919	915	917	918	917	915	920	933	955	975	995	1006	1013	1017	1025	1024
41	44	43	50	57	208	592	875	947	932	919	918	918	919	922	932	943	978	1012	1038	1063	1066	1050	1052	1066	1062	1060	1009
40	37	33	65	344	751	931	935	918	915	920	918	931	957	971	982	981	986	1025	1042	1038	1024	988	999	1027	1013	1003	966
21	16	169	562	880	939	920	912	918	927	951	1000	1032	1015	940	790	613	536	616	807	940	946	953	950	882	826	705	791
60	413	816	951	940	914	916	929	964	1016	1056	1037	985	891	567	348	258	232	293	459	844	995	1007	986	959	953	682	786
640	934	932	915	926	927	943	1006	1056	1073	1022	941	922	793	513	270	196	181	188	334	902	1177	1190	1200	1185	1127	1024	1028
940	921	923	937	952	960	1002	1050	1061	1040	952	932	971	968	958	729	431	187	163	422	1068	1229	1198	1223	1215	1159	1094	1064
926	946	999	1050	1020	1040	1046	1048	1045	968	925	951	1029	1106	1158	1086	807	438	361	568	1006	1165	1103	1123	1165	1131	1077	1034
950	995	1051	1075	1054	1069	1067	1049	990	931	933	991	1096	1172	1216	1096	775	457	307	393	807	1067	1083	1076	1088	1054	1034	1005
985	1013	1013	1075	1104	1068	1078	1028	946	931	936	980	1088	1174	1197	1087	625	291	244	455	827	983	1001	1008	971	962	948	937
1025	1059	1033	1059	1190	1112	1075	1044	984	953	944	967	1033	1112	1128	1151	980	778	753	955	1131	1026	959	952	949	950	934	934
1054	1055	1036	1057	1222	1331	1093	1077	1026	951	937	984	989	1046	1085	1139	1211	1233	1239	1253	1245	1179	1060	1051	974	947	954	963
1062	1055	1038	1045	1206	1468	1325	1078	1022	975	952	939	953	999	1045	1131	1196	1208	1207	1205	1206	1197	1146	1177	1102	951	979	1018
1068	1055	1034	1027	1222	1404	1461	1174	1037	989	938	919	934	959	1006	1108	1199	1208	1202	1195	1190	1162	1171	1210	1186	1023	970	1000
1066	1068	1027	1002	1268	1334	1369	1218	1047	985	944	941	940	968	1030	1020	1125	1213	1206	1211	1204	1195	1174	1165	1146	1117	1001	948
1061	1072	997	981	1311	1341	1299	1225	1060	1008	982	980	982	1009	1082	1055	988	1114	1211	1201	1217	1207	1171	1145	1129	1155	1117	991
24	24	25	26	25	25	26	26	26	26	24	27	26	26	27	25	27	26	27	27	26	26	27	27	27	23	26	25
24	25	25	25	27	25	27	26	25	25	26	27	26	27	27	26	26	26	27	27	26	28	27	28	26	26	25	25
24	25	23	25	26	26	26	26	26	25	26	26	27	27	26	27	26	28	27	27	25	27	29	27	26	27	24	25
25	26	24	24	26	24	27	25	25	27	27	26	28	28	26	27	29	29	32	32	31	32	30	30	27	28	25	26
24	25	24	24	27	25	27	24	25	27	27	28	28	27	32	39	48	50	47	44	42	41	39	38	37	34	32	32
24	24	24	25	26	25	25	26	26	26	28	26	31	44	52	55	52	51	51	48	45	41	34	32	30	27	28	29
23	24	23	23	26	24	23	26	26	26	28	44	57	56	52	53	51	48	43	34	25	23	31	43	56	66	72	79
24	23	23	24	25	23	24	25	27	43	57	57	51	50	51	45	35	28	37	67	121	192	258	317	356	388	402	394
24	25	22	23	24	24	28	38	51	54	53	50	50	44	34	40	80	160	279	404	523	628	706	767	813	853	863	872
23	24	22	21	24	34	47	49	47	49	52	43	35	57	135	273	443	611	750	845	902	930	940	943	944	964	949	941
23	21	24	32	44	45	44	44	54	55	49	66	162	345	563	743	863	924	943	943	932	924	918	917	914	920	919	915
22	38	49	48	45	41	45	58	60	71	155	343	593	797	908	941	936	924	917	918	916	916	919	915	915	913	915	916
72	62	47	42	38	48	52	43	105	321	600	814	923	943	929	916	913	913	914	913	915	922	927	930	933	941	945	953
51	38	37	40	52	39	56	234	541	807	930	945	925	916	915	917	918	919	926	943	968	993	1012	1020	1024	1031	1034	1037
18	18	33	40	24	138	445	759	913	937	927	920	919	919	926	936	950	967	1010	1050	1064	1073	1070	1064	1073	1071	1058	1042
17	30	23	89	386	727	904	930	918	916	919	930	952	974	987	983	980	994	1019	1044	1011	993	994	989	1027	1028	1011	992
23	90	389	757	924	935	914	912	921	936	972	1018	1035	1036	970	962	963	861	963	984	940	951	964	955	966	963	969	962
254	711	933	935	923	928	929	939	973	1010	1051	1041	990	724	556	537	569	553	641	1002	1063	1146	1138	1137	1176	1157	1128	1104
862	938	918	920	929	953	958	976	1014	1039	1035	991	1031	658	619	825	982	978	1057	1193	1206	1237	1213	1251	1305	1321	1330	1326
923	930	955	993	1028	1053	1062	1039	1009	1017	963	977	1243	1324	1273	1207	1142	1109	1179	1220	1209	1276	1221	1264	1314	1308	1328	1333
941	968	1009	1055	1061	1061	1071	1058	1007	958	920	1003	1232	1318	1292	1215	1163	1133	1161	1221	1171	1277	1299	1299	1293	1247	1274	1297
1022	972	956	1018	1050	1068	1071	1073	1035	963	920	989	1193	1246	1236	1177	1144	1112	1136	1155	1106	1162	1262	1290	1211	1118	1146	1177
1041	1025	978	953	1017	1074	1071	1075	1077	1041	984	955	1107	1256	1302	1261	1230	1168	1141	1180	1180	1158	1124	1065	986	985	1073	1084
1056	1063	1054	1023	996	1054	1066	1097	1102	1076	1022	952	961	1154	1287	1304	1265	1209	1232	1250	1260	1287	1291	1155	981	976	1064	1115
1068	1063	1061	1064	1022	1003	1150	1337	1196	1077	1038	980	947	996	1144	1250	1242	1240	1254	1249	1270	1294	1321	1271	1095	1105	1250	1295
1074	1070	1060	1049	1036	1058	1280	1413	1206	1075	1055	1024	1007	972	983	1087	1174	1202	1238	1234	1227	1270	1296	1255	1145	1167	1277	1310
1069	1070	1051	1038	1032	1085	1224	1337	1248	1077	1070	1065	1052	1041	1030	1008	1069	1145	1228	1235	1205	1215	1231	1253	1168	1161	1215	1242
1060	1074	1049	1022	1004	1153	1230	1248	1289	1118	1064	1075	1070	1051	1071	1038	1037	1080	1196	1246	1230	1173	1152	1220	1180	1192	1183	1162
24	24	25	25	24	24	26	25	24	23	25	26	26	25	26	25	25	28	27	26	26	26	28	27	26	27	27	27
25	24	24	24	26	24	25	25	24	24	26	26	26	27	26	26	26	27	26	28	26	26	27	26	26	27	27	28
25	26	23	24	24	25	25	23	25	26	25	26	26	28	26	26	27	28	26	27	26	26	27	27	26	26	27	28
24	25	25	25	24	24	24	24	25	26	26	25	27	27	27	27	26	26	28	25	26	27	26	27	26	26	26	28
25	24	24	26	25	23	24	24	25	25	26	26	26	27	29	28	27	26	28	25	26	26	26	27	26	26	26	27
24	24	25	24	26	24	23	27	25	25	26	24	31	38	34	29	28	26	27	26	27	26	26	28	26	25	26	24
24	24	25	23	24	23	23	26	27	24	29	47	47	35	29	26	29	28	26	27	27	27	27	26	28	25	29	28
23	24	25	24	23	24	24	22	27	51	63	46	28	28	30	29	29	29	28	26	25	22	19	14	7	8	8	4
24	25	25	23	23	22	28	48	67	62	33	28	32	30	32	31	29	24	19	14	17	31	63	106	146	177	209	219
24	24	23	21	28	49	64	68	48	31	29	30	31	34	26	17	16	36	85	180	303	433	542	629	696	749	777	788
26	21	25	45	65	67	62	41	28	31	34	35	23	12	20	85	217	395	586	744	846	910	938	948	956	973	955	941
22	39	61	63	59	54	38	29	31	35	46	21	32	136	332	565	762	884	938	949	937	929	923	918	919	915	914	915
48	58	51	55	51	29	24	26	18	10	58	172	396	654	848	934	947	937	927	915	912	913	914	915	912	918	916	915
51	46	53	40	24	25	21	2	16	153	406	685	879	942	941	926	919	914	917	917	919	920	929	933	938	943	946	948
46	52	42	35	30	5	17	161	436	722	889	935	934	921	916	921	925	929	938	957	971	988	1005	1018	1026	1036	1036	1037
51	54	43	15	59	262	569	814	920	934	920	911	916	921	929	950	962	972	981	1024	1060	1068	1077	1077	1074	1078	1071	1070
57	19	64	358	708	900	942	927	916	915	914	928	950	986	1018	1029	1016	996	983	953	965	970	986	1002	1024	1036	1016	1002
38	296	738	933	938	919	915	917	945	937	938	990	1034	1034	1033	1047	960	787	872	971	933	932	931	935	946	961	973	977
576	918	936	921	936	969	976	948	940	955	997	1030	1022	998	1011	1141	1204	1154	1179	1180	1046	1016	1009	1029	1029	997	1024	1062
945	933	954	1008	1046	1069	1070	1044	1025	977	978	955	984	1111	1119	1227	1301	1331	1333	1299	1235	1249	1235	1217	1192	1162	1162	1140
937	960	1024	1075	1070	1065	1071	1072	1071	1009	938	927	973	1112	1120	1222	1308	1340	1362	1341	1319	1317	1300	1258	1244	1290	1277	1258
994	935	986	1058	1056	1071	1074	1072	1077	1066	1006	944	952	1042	1062	1147	1262	1328	1354	1334	1325	1326	1302	1242	1177	1232	1294	1332
1046	990	922	934	1007	1080	1078	1072	1079	1087	1078	1026	967	986	1076	1147	1176	1220	1283	1297	1320	1314	1272	1162	1060	1151	1285	1340
1040	1035	1012	967	962	1033	1075	1085	1091	1092	1093	1082	1031	996	1035	1148	1182	1178	1260	1292	1296	1259	1220	1106	1074	1152	1227	1276
1071	1073	1066	1029	958	960	1039	1293	1335	1083	1089	1086	1068	1017	998	1077	1126	1172	1230	1249	1277	1258	1220	1137	1169	1239	1177	1215
1072	1071	1070	1061	1011	955	1051	1318	1380	1137	1077	1087	1083	1060	995	1056	1071	1094	1174	1230	1266	1252	1216	1131	1246	1308	1225	1205
1068	1071	1067	1067	1036	948	1114	1302	1367	1325	1105	1074	1060	1059	1031	1045	1066	1044	1106	1156	1210	1251	1229	1140	1262	1326	1249	1256
1063	1070	1068	1068	1016	946	1286	1352	1285	1492	1268	1103	1075	1047	1062	1037	1059	1054	1059	1146	1257	1282	1266	1186	1181	1276	1261	1270
24	25	24	25	24	24	25	23	25	24	25	25	25	25	24	26	25	27	26	26	26	27	27	27	25	27	26	26
24	24	24	25	24	25	25	24	25	24	25	27	25	24	26	26	25	26	26	26	26	27	28	26	27	27	27	27
24	25	25	25	24	25	24	24	26	25	24	26	26	26	24	25	27	25	26	26	27	26	27	27	26	27	27	28
26	25	25	24	25	24	24	24	25	26	25	25	26	27	25	25	26	27	25	25	25	26	26	27	27	26	28	29
24	24	25	24	25	25	24	25	26	26	26	25	25	27	28	26	25	27	26	26	25	26	27	27	26	27	27	29
25	24	23	24	24	25	26	25	25	27	25	27	25	25	25	27	26	27	26	26	26	25	27	26	26	28	27	29
24	24	23	24	23	25	25	26	25	26	25	25	25	25	26	28	26	27	27	27	27	26	27	26	26	27	28	28
23	24	23	23	24	24	24	25	26	24	22	25	26	27	26	27	26	27	28	28	28	27	27	25	27	27	27	27
24	23	24	24	24	25	24	23	24	26	26	25	25	26	27	25	26	26	28	27	25	23	17	14	9	2	1	0
24	22	23	24	24	23	22	26	26	25	25	27	24	25	26	27	26	22	14	5	3	12	32	67	105	133	160	176
24	22	22	23	23	24	29	28	25	24	25	23	23	25	23	13	5	11	45	117	225	352	478	579	667	727	766	779
23	21	22	21	27	33	28	23	24	24	29	44	33	12	7	39	137	290	471	648	778	861	912	957	956	949	951	949
20	20	24	31	34	26	24	25	24	24	35	36	26	71	210	424	637	799	896	931	936	930	925	926	916	921	919	918
20	25	35	37	26	24	25	23	16	0	2	78	243	504	735	874	929	935	923	914	909	910	914	920	921	922	920	923
23	36	34	24	24	19	4	0	43	167	377	615	803	911	940	929	915	914	914	918	916	916	925	934	934	943	945	950
37	42	37	25	3	46	204	444	668	834	919	940	929	917	912	913	915	922	929	938	950	962	984	1001	1013	1018	1020	1040
60	54	22	109	396	707	887	945	942	928	914	917	920	922	938	962	988	1008	1007	999	995	1000	1017	1050	1072	1074	1072	1066
37	47	377	781	943	942	925	917	923	940	948	934	946	987	1014	1033	1049	1017	968	932	925	925	933	948	989	1016	1005	975
186	644	927	941	945	981	1003	993	956	931	947	959	961	968	969	970	991	966	922	908	910	938	947	930	924	925	930	941
786	947	953	1012	1060	1077	1075	1054	1020	978	933	959	961	933	931	962	1000	997	978	958	982	1101	1145	1115	1072	1020	975	976
953	960	1001	1079	1077	1056	1060	1064	1073	1077	1000	931	938	931	946	989	1014	1020	1060	1025	1139	1280	1324	1308	1271	1259	1062	1091
953	923	970	1034	1019	1048	1076	1078	1074	1078	1075	1001	945	980	1014	982	985	1033	1094	1081	1237	1318	1325	1233	1201	1303	1173	1243
1037	978	920	934	968	1061	1079	1081	1077	1079	1083	1079	1017	993	1035	1023	970	997	1075	1106	1234	1282	1216	1157	1247	1315	1191	1280
1060	1047	999	938	985	1069	1081	1070	1074	1083	1082	1081	1081	1033	1074	1073	1034	985	996	1086	1179	1264	1296	1275	1288	1339	1221	1243
1055	1061	1034	951	1000	1070	1061	1064	1081	1075	1086	1089	1090	1060	1069	1071	1055	1033	953	969	1112	1272	1301	1315	1282	1256	1160	1168
1072	1070	1035	969	992	1055	1061	1132	1157	1095	1086	1088	1084	1077	1071	1080	1059	1044	976	928	1154	1272	1315	1305	1245	1250	1185	1121
1067	1074	1046	974	990	1068	1087	1223	1323	1329	1165	1140	1184	1173	1104	1069	1034	1028	974	916	1117	1241	1223	1207	1207	1270	1228	1159
1066	1071	1040	1001	1045	1071	1212	1416	1398	1502	1565	1475	1347	1226	1147	1116	1042	1009	939	949	1103	1191	1189	1167	1152	1240	1223	1210
25	23	24	23	24	23	23	24	26	24	24	26	26	26	24	27	25	26	26	26	26	24	26	26	26	26	24	25
24	24	23	24	24	23	24	24	24	24	24	25	25	27	25	25	25	26	26	26	25	26	26	26	26	27	25	24
24	25	23	24	24	23	24	24	24	25	24	24	24	26	26	25	25	26	26	26	26	25	26	26	25	26	26	25
24	25	24	23	25	24	25	23	25	25	25	25	25	24	26	25	25	26	25	26	26	26	26	26	27	25	25	27
23	24	25	24	25	25	24	25	25	26	25	25	25	25	25	25	24	26	25	26	25	27	26	27	26	26	26	27
24	23	24	23	25	25	25	25	26	26	25	26	25	24	25	25	25	24	25	26	24	26	26	25	27	26	25	27
24	24	24	24	24	25	26	25	26	27	25	26	27	25	26	26	25	25	24	24	25	25	25	25	26	26	27	28
24	24	23	26	24	24	25	26	27	26	27	25	26	27	27	26	24	26	26	25	25	25	24	24	25	26	27	28
25	23	24	26	25	25	24	24	26	26	27	25	27	26	28	26	26	26	26	26	27	26	25	26	25	26	25	28
23	25	24	24	26	26	26	26	25	25	26	27	27	27	27	28	26	28	25	27	26	25	21	17	14	6	3	0
23	24	25	25	26	26	24	27	26	26	24	26	26	26	26	28	28	26	21	12	2	6	14	32	66	104	132	148
24	26	25	25	25	25	26	26	25	27	25	26	34	30	25	22	15	11	20	55	126	233	355	488	596	688	740	756
24	25	27	24	24	26	26	26	25	27	25	40	56	48	20	7	49	157	327	522	697	819	901	943	947	951	949	954
25	23	25	25	25	26	27	27	26	27	20	21	15	9	109	285	507	724	868	930	940	935	940	920	918	917	915	920
25	26	24	27	26	28	24	20	18	12	24	96	246	440	658	842	925	940	926	916	909	919	916	918	919	919	919	919
23	23	25	25	20	7	22	106	226	405	592	755	873	932	947	936	919	911	909	911	910	909	912	919	926	926	930	937
35	49	40	20	76	271	527	726	861	933	949	942	930	919	912	918	917	919	931	935	937	947	948	950	959	967	985	995
58	21	46	282	635	860	931	936	929	923	927	928	920	924	931	938	956	962	956	946	942	947	957	961	978	1006	1033	1017
0	127	531	855	956	974	993	999	979	936	943	955	951	978	957	960	970	966	934	921	915	915	920	928	931	938	946	940
449	829	969	1014	1066	1075	1080	1076	1049	978	926	940	956	966	956	970	1000	976	933	909	903	904	925	961	967	945	945	963
970	973	953	1059	1076	1060	1041	1039	1037	1036	987	937	959	975	970	989	988	931	913	901	908	958	1053	1080	1087	1071	1017	1034
937	925	933	983	993	999	1055	1073	1078	1083	1079	1013	984	1044	1037	998	962	913	905	900	933	1007	1100	1099	1109	1131	1068	1068
1018	976	933	964	1016	1060	1083	1080	1080	1081	1083	1080	1041	1075	1084	1061	1020	934	910	902	922	1039	1134	1151	1159	1151	1080	1067
1076	1068	999	1028	1072	1079	1077	1079	1078	1083	1082	1084	1060	1015	1055	1083	1071	986	910	900	922	1108	1222	1209	1187	1165	1076	1049
1057	1054	999	1038	1061	1032	1059	1078	1055	1061	1082	1087	1078	1039	1046	1072	1063	1013	931	919	939	1106	1182	1190	1174	1143	1051	1034
1047	1005	963	1024	1058	1061	1069	1067	1053	1059	1077	1081	1081	1085	1103	1081	1063	1045	986	967	965	1060	1123	1137	1128	1083	1027	1021
1057	1020	983	1030	1066	1079	1097	1144	1196	1199	1150	1137	1238	1301	1292	1286	1244	1158	1100	1003	980	1023	1056	1077	1065	1044	1034	1020
1062	1015	993	1053	1082	1120	1140	1229	1314	1362	1370	1316	1339	1272	1228	1187	1158	1213	1147	1005	977	1002	1023	1031	1032	1037	1039	1026
24	24	25	23	25	24	25	25	24	26	26	26	25	25	25	26	25	26	26	25	25	26	26	25	26	26	24	26
24	23	24	23	25	24	24	25	25	25	26	26	26	26	26	25	25	26	26	25	25	27	25	25	26	26	25	25
24	24	23	23	23	24	25	25	25	25	26	24	26	27	26	26	25	26	26	25	26	27	25	26	26	25	25	26
25	24	24	24	25	24	24	25	24	26	26	25	25	25	27	26	26	26	25	26	26	26	26	25	26	26	26	25
24	25	24	25	24	25	25	25	25	25	25	25	25	25	25	26	26	25	25	27	26	25	26	27	25	26	26	26
24	24	25	25	24	25	25	25	25	25	25	25	24	25	24	25	26	26	25	26	27	26	25	27	26	25	26	26
24	25	25	25	25	25	26	26	26	25	26	27	26	24	25	23	25	26	24	24	27	26	26	27	25	26	26	26
24	25	25	25	26	25	26	27	27	26	27	26	26	26	26	25	25	24	25	24	24	27	25	26	26	26	26	27
26	25	25	26	25	26	26	26	27	27	27	26	26	27	26	28	27	24	25	25	25	24	24	25	25	26	25	28
24	25	26	26	26	26	26	27	27	26	27	27	27	25	26	28	27	27	25	26	27	25	25	25	23	24	26	27
24	25	26	27	28	27	26	27	27	27	27	27	28	26	27	27	27	28	27	28	28	26	22	17	14	7	0	0
25	25	26	28	27	27	27	27	27	28	26	28	26	27	27	27	27	28	27	21	7	0	5	26	67	109	131	135
26	25	27	27	26	28	28	26	28	28	27	27	37	39	36	32	20	13	15	46	120	243	389	524	632	701	731	722
26	26	28	27	26	27	28	28	27	29	30	30	49	59	35	30	36	122	301	520	712	846	916	938	946	946	948	949
25	26	28	28	28	28	25	27	29	27	19	8	10	51	101	238	459	688	853	931	947	951	925	914	915	918	919	924
27	25	26	27	30	27	35	33	25	44	92	188	327	495	669	818	912	947	937	922	932	924	911	911	919	927	927	927
28	28	27	25	7	16	73	173	336	508	660	785	878	930	951	948	934	919	913	917	928	918	921	931	938	932	923	929
43	35	21	35	182	435	654	808	885	923	939	944	939	936	929	924	926	924	925	931	934	935	935	943	947	956	960	963
43	150	374	666	872	956	975	974	961	935	924	921	936	945	956	940	931	937	935	929	931	938	943	952	980	1009	1021	1018
645	855	961	975	1025	1062	1069	1072	1074	1033	947	938	955	965	985	968	939	958	964	960	954	943	932	946	963	962	968	973
957	962	932	962	1060	1072	1066	1043	1030	1009	955	932	963	977	966	981	959	945	960	960	953	943	937	943	956	953	953	955
930	925	927	967	1020	1001	999	1023	1027	1032	1005	960	1035	1066	1014	994	972	947	942	941	949	964	994	1011	1018	1008	1001	1004
988	957	1011	1062	1073	1056	1043	1072	1076	1079	1069	1028	1041	1146	1107	1058	1009	954	954	961	977	1025	1077	1076	1059	1048	1038	1026
1069	1035	1063	1082	1069	1060	1076	1077	1083	1085	1084	1063	1002	1021	1046	1072	1034	974	997	1003	1052	1154	1135	1085	1058	1041	1033	1022
1054	1018	1059	1055	1037	1058	1082	1077	1073	1076	1080	1071	1012	966	1000	1041	1021	1032	1043	1136	1271	1230	1134	1078	1046	1025	1031	1023
1003	947	986	1045	1078	1081	1080	1078	1060	1071	1077	1078	1061	1061	1035	1029	1074	1144	1322	1438	1328	1242	1151	1073	1028	1019	1020	1017
986	943	1016	1081	1074	1072	1101	1133	1157	1158	1126	1095	1078	1071	1069	1121	1235	1358	1394	1360	1375	1259	1119	1041	1014	1014	1015	1015
989	952	1021	1071	1086	1159	1178	1174	1205	1240	1245	1158	1093	1112	1106	1104	1137	1160	1232	1368	1370	1180	1050	1013	1013	1012	1015	1020
25	24	24	23	24	24	24	25	25	24	25	26	25	26	25	25	26	25	25	26	25	25	26	25	26	26	25	26
23	24	24	24	24	24	24	25	24	25	25	25	25	26	26	26	25	25	25	25	26	26	25	25	26	25	26	26
23	24	23	23	25	24	25	26	25	24	25	24	25	26	25	25	26	25	25	25	26	26	26	26	25	26	26	25
25	23	23	23	24	24	24	25	25	25	25	24	25	26	25	24	25	26	25	25	26	25	25	26	25	26	26	26
24	23	24	24	24	24	25	25	25	25	25	25	25	26	25	25	25	26	25	25	25	26	26	26	26	25	25	26
25	22	24	25	26	25	24	24	25	25	25	25	24	25	25	25	25	26	26	25	25	25	25	26	25	26	25	27
24	24	23	23	26	26	25	24	25	25	25	25	24	25	24	24	25	25	26	25	26	25	25	26	26	27	26	26
23	24	26	23	26	25	26	26	25	25	26	24	23	25	25	25	24	25	25	25	26	25	25	25	26	27	27	26
23	25	25	25	24	24	25	27	25	27	25	24	25	24	24	25	25	24	25	25	25	25	26	25	25	27	27	28
23	25	25	27	26	24	25	25	25	27	26	25	24	25	25	25	25	25	26	25	25	26	26	25	24	26	27	29
25	25	25	26	27	26	26	25	25	25	25	25	26	24	26	25	24	25	26	25	27	26	27	26	25	26	28	27
25	26	26	26	26	26	26	26	25	26	26	24	25	26	25	25	24	25	26	25	27	27	23	19	11	10	6	4
26	26	27	28	26	26	26	26	26	25	25	26	25	25	24	26	26	25	25	20	9	2	12	37	65	93	95	78
26	27	26	28	27	27	26	26	25	26	26	27	26	40	37	32	32	12	5	39	125	251	393	509	579	610	597	530
26	27	26	28	27	27	25	26	27	26	28	29	25	38	59	29	33	100	237	448	654	802	883	920	931	932	925	891
28	27	28	27	27	28	43	40	27	19	10	4	2	19	90	189	338	542	744	882	939	940	931	928	925	927	936	944
29	27	26	22	11	29	19	16	32	47	81	143	233	354	509	664	804	899	937	944	939	913	915	921	934	934	929	938
11	6	28	84	182	295	400	521	615	684	725	754	783	823	877	918	943	947	930	947	935	926	928	939	953	945	932	943
218	411	604	763	867	920	942	947	941	936	937	940	951	935	936	941	938	933	932	941	926	925	930	930	939	944	944	952
877	940	955	946	944	982	1010	1016	1021	1005	960	944	950	928	933	959	960	930	931	932	935	941	936	944	968	980	994	1010
930	938	933	916	959	1058	1081	1075	1067	1071	1032	950	939	940	939	968	1003	953	919	931	941	969	995	993	1033	1096	1129	1078
935	926	944	982	1018	1048	1021	1026	1018	1002	979	942	980	1026	998	957	946	938	916	952	1012	1038	1099	1124	1159	1182	1229	1207
940	992	1068	1083	1081	1070	1019	1007	1007	1004	975	965	1031	1114	1086	1012	955	934	986	1064	1088	1108	1125	1136	1142	1137	1183	1268
1027	1060	1078	1075	1075	1070	1069	1055	1047	1053	1034	1022	1054	1075	1077	1061	997	1027	1078	1083	1089	1144	1151	1149	1133	1134	1151	1256
1013	1055	1078	1066	1040	1035	1057	1068	1078	1074	1070	1058	1036	1022	1054	1051	1055	1079	1075	1079	1123	1155	1167	1175	1177	1146	1109	1191
954	984	996	999	1034	1061	1074	1083	1084	1083	1072	1047	1008	997	1014	1066	1075	1056	1054	1093	1114	1152	1211	1239	1205	1130	1096	1155
982	966	983	1047	1075	1080	1079	1081	1079	1084	1069	1032	1026	1001	1026	1043	1020	1004	1016	1053	1116	1199	1249	1259	1170	1090	1069	1099
954	940	1014	1076	1078	1081	1089	1095	1093	1103	1082	1063	1030	992	1003	993	983	980	977	1012	1185	1307	1298	1205	1082	1033	1027	1026
25	24	24	23	23	24	24	25	26	24	25	25	25	26	25	24	25	26	26	25	26	26	25	25	26	26	25	26
25	24	24	23	23	24	25	24	25	26	25	24	25	26	25	25	25	25	25	24	26	26	25	25	25	26	26	26
24	25	24	22	24	24	25	25	24	25	26	25	25	25	26	25	25	26	25	25	26	26	26	25	25	27	26	27
25	24	25	23	25	24	25	25	25	24	25	26	26	25	25	25	25	25	25	24	26	26	25	26	26	26	26	26
25	24	24	24	25	25	25	25	26	24	24	25	26	26	24	25	26	25	25	25	26	25	26	26	27	25	26	26
25	23	24	25	25	26	26	25	26	25	24	25	26	26	25	24	26	25	26	25	25	26	26	26	26	26	26	26
24	24	25	24	25	26	26	26	25	26	25	25	25	25	25	26	25	26	25	25	26	25	26	27	25	27	27	26
23	24	26	25	25	26	27	26	25	25	25	26	25	25	25	26	25	26	25	25	27	25	26	26	26	27	28	27
23	24	25	26	25	26	25	27	26	25	25	26	25	25	25	25	24	26	25	26	26	26	26	26	26	28	27	28
23	25	25	26	26	26	26	26	26	26	26	25	25	25	25	25	25	25	25	26	26	26	27	27	27	27	27	27
25	25	26	26	26	25	25	27	25	25	26	26	25	25	25	25	25	25	24	26	27	26	26	27	28	27	27	27
26	27	26	26	27	27	26	25	26	26	25	24	25	26	24	24	25	26	25	25	27	27	28	27	28	29	27	27
26	28	27	27	27	27	26	26	26	26	26	25	25	26	26	25	25	23	27	27	27	27	24	19	15	13	13	14
25	26	26	28	28	27	27	27	26	26	26	26	25	24	25	25	24	24	24	20	12	4	2	15	27	34	28	11
27	27	27	28	26	27	27	27	28	26	28	27	26	26	35	48	34	24	11	7	52	147	257	346	394	395	341	240
27	28	29	28	28	25	37	45	31	28	29	29	28	24	27	45	35	33	97	242	431	617	745	814	840	831	781	666
26	26	23	19	13	24	30	20	27	8	0	0	0	0	1	55	140	268	449	655	819	910	936	942	946	946	945	908
5	23	66	140	227	305	363	421	464	475	445	387	308	233	216	281	416	604	786	900	939	944	935	931	939	951	951	959
410	612	752	843	893	919	931	935	937	937	938	933	919	884	816	747	737	814	924	960	942	930	928	925	931	942	956	977
942	943	934	929	923	920	931	936	935	932	930	921	917	926	931	938	941	932	975	953	929	922	928	927	931	928	944	985
919	926	929	927	915	948	1034	1052	1046	1041	1020	955	921	923	925	923	943	945	950	941	933	926	922	924	942	962	989	1000
930	921	944	977	988	1001	1056	1061	1069	1068	1069	1027	940	935	955	942	925	941	927	927	949	947	935	939	989	1056	1076	1039
928	1008	1068	1079	1082	1077	1045	1041	1020	1006	1002	974	992	1016	958	982	999	955	961	1011	1024	994	958	981	1050	1111	1147	1121
1016	1079	1073	1076	1076	1077	1078	1063	1004	958	976	979	1042	1070	1002	977	1031	1038	1069	1076	1057	1030	1035	1041	1062	1138	1293	1280
1027	1069	1072	1075	1074	1062	1052	1032	1001	991	1034	1060	1065	1074	1044	1043	1075	1079	1078	1069	1055	1059	1058	1049	1090	1241	1361	1313
973	1034	1052	1049	1031	1024	1015	1022	1031	1032	1047	1063	1057	1061	1068	1072	1072	1076	1071	1060	1064	1057	1050	1069	1152	1334	1272	1325
928	948	973	994	1024	1052	1055	1062	1069	1043	981	984	1035	1050	1075	1077	1081	1066	1063	1068	1060	1050	1056	1101	1235	1321	1214	1310
946	936	961	1016	1048	1073	1080	1081	1083	1039	971	1019	1054	1073	1080	1075	1054	1053	1069	1065	1046	1039	1084	1180	1305	1275	1194	1262
25	26	23	26	24	25	25	23	25	25	25	25	26	23	25	25	25	25	26	25	26	26	25	26	26	26	26	26
23	26	24	25	24	24	25	24	24	26	25	25	25	24	24	25	25	25	25	25	26	26	25	26	26	26	26	25
24	25	24	24	24	24	24	25	25	26	25	25	25	25	25	25	24	26	25	25	25	26	25	26	25	26	26	25
24	24	25	24	24	23	24	26	25	26	25	25	25	25	25	25	24	25	25	25	25	25	26	26	26	26	26	25
25	24	26	25	23	25	24	25	25	25	26	26	25	26	25	25	25	25	25	25	26	25	25	26	26	26	27	26
25	24	24	25	24	25	25	25	25	25	26	25	26	26	25	24	25	26	25	25	25	25	25	26	26	26	26	26
24	25	24	24	25	25	25	25	25	25	25	25	26	26	25	26	25	26	24	25	25	25	25	26	26	26	25	27
24	24	25	24	26	26	26	25	26	25	25	25	25	25	26	24	26	25	24	26	25	25	25	26	26	26	26	26
26	24	24	25	26	26	25	26	26	25	24	25	25	26	26	24	25	25	25	25	25	26	25	26	26	26	26	28
25	24	25	27	27	26	26	26	26	26	24	25	26	26	25	26	25	25	25	25	26	25	26	26	27	26	27	27
26	24	26	26	28	27	27	26	27	26	25	25	26	25	25	25	24	24	25	26	26	26	26	26	27	27	27	27
24	26	27	26	28	28	28	26	28	26	25	25	26	25	25	25	24	25	24	26	25	25	27	27	27	27	27	27
25	27	27	28	29	27	27	28	28	26	27	26	26	26	25	25	26	24	24	25	23	25	27	28	28	29	28	27
24	26	26	28	29	29	27	28	28	27	27	26	26	26	25	26	25	24	25	25	24	25	24	25	24	21	24	26
26	27	28	28	27	28	28	27	28	28	28	27	26	27	24	24	27	24	24	22	16	8	1	0	0	0	1	5
26	27	27	28	27	28	37	49	37	29	30	28	28	28	26	29	46	49	27	8	4	26	71	123	150	141	97	41
27	28	29	32	39	40	35	22	33	26	14	13	20	26	26	25	36	32	24	46	134	275	413	510	542	525	433	262
12	42	87	139	182	218	246	271	285	289	258	192	111	36	0	0	6	35	101	240	425	614	753	825	845	832	751	554
454	638	759	831	872	895	907	915	916	911	898	873	814	702	517	279	103	91	250	487	696	837	910	937	949	955	927	772
941	940	931	926	920	918	912	912	911	916	920	916	919	928	938	914	775	530	447	645	841	924	949	946	949	961	993	941
916	917	919	924	920	915	933	971	970	951	940	922	916	917	919	921	934	948	857	797	909	952	948	932	925	931	979	1004
924	919	934	956	962	946	967	1054	1066	1059	1043	1012	943	922	935	960	932	933	941	932	934	956	940	924	933	952	975	987
928	993	1055	1069	1073	1070	1034	1032	1060	1071	1068	1069	1024	939	920	943	962	942	926	933	934	945	943	944	953	980	998	981
1027	1079	1070	1073	1075	1079	1076	1063	1062	1019	1017	1007	1038	1003	928	920	993	999	974	990	1008	1006	1006	1007	1004	1003	1013	1028
1055	1065	1067	1071	1071	1079	1082	1078	1054	988	969	980	1060	1041	961	1005	1038	1056	1058	1068	1073	1065	1058	1056	1033	1015	1063	1078
1006	1068	1074	1076	1077	1075	1067	1043	999	1007	1027	1042	1070	1050	1040	1071	1075	1074	1059	1060	1075	1075	1072	1065	1025	1083	1102	1089
983	1014	1027	1032	1035	1034	1016	995	1014	1046	1061	1061	1066	1064	1065	1070	1066	1050	1060	1075	1078	1076	1072	1038	1035	1161	1104	1091
1040	1017	995	992	1003	1009	1019	1030	1022	1005	1024	1039	1066	1074	1076	1069	1057	1070	1078	1078	1074	1069	1055	1026	1130	1161	1094	1111
24	25	24	25	25	23	25	24	24	23	24	25	25	24	24	24	25	26	25	25	24	26	24	25	24	25	25	25
25	25	24	25	25	24	25	25	23	24	24	25	25	25	25	24	26	24	25	25	24	25	25	24	25	24	25	25
25	25	23	25	25	24	25	23	24	25	24	25	25	25	24	25	25	25	25	25	25	25	25	25	25	24	25	25
25	25	24	24	25	24	24	23	24	25	25	25	25	25	24	25	24	25	25	24	25	25	25	25	24	25	25	25
25	25	25	25	24	24	23	25	25	25	25	25	26	24	25	25	25	24	25	25	25	25	25	26	24	25	25	25
25	24	25	25	25	24	23	25	25	25	26	25	25	25	25	24	25	25	25	25	25	25	25	25	25	25	24	25
25	25	24	24	25	23	25	26	25	25	25	26	25	25	24	25	24	24	26	24	25	25	25	25	25	26	24	25
24	26	24	23	24	25	26	25	25	26	25	25	25	25	26	25	25	24	24	25	25	26	24	25	26	24	25	24
25	25	24	24	24	25	26	25	25	26	25	26	25	26	25	25	25	25	25	24	24	26	25	24	25	25	25	24
27	25	22	24	25	25	25	26	26	26	25	25	25	26	25	25	25	26	24	24	24	25	25	25	25	26	25	26
27	26	24	26	26	26	26	26	25	26	26	25	25	25	26	26	25	25	26	25	24	24	26	25	24	26	25	25
25	24	26	27	27	27	27	26	25	25	26	25	25	25	26	26	24	25	25	25	24	25	25	25	26	26	25	25
25	24	27	27	28	28	27	26	27	25	26	26	25	25	25	25	26	25	25	25	24	25	25	25	25	25	25	26
22	24	27	28	29	28	28	28	27	27	27	26	26	25	25	25	25	25	25	25	25	24	24	26	26	26	27	27
24	26	27	27	27	28	29	28	27	28	28	27	26	26	26	24	24	24	24	24	24	25	25	25	27	27	27	26
26	26	28	29	27	27	33	38	38	30	28	28	27	27	26	25	23	27	33	25	24	21	16	11	10	11	15	21
27	27	27	25	27	42	47	44	46	53	34	27	28	28	27	27	24	39	55	46	14	1	0	1	5	4	0	5
4	11	39	70	99	106	100	88	80	75	82	57	28	10	7	16	23	38	38	16	20	20	68	122	138	116	64	13
360	548	673	745	781	795	798	791	779	759	722	675	592	464	294	117	12	6	18	5	51	138	250	356	399	367	256	89
931	942	936	930	924	923	922	924	923	923	926	926	925	924	900	806	586	253	0	1	141	307	478	619	676	686	611	293
914	914	914	919	918	913	913	913	916	906	911	909	912	910	910	915	930	902	633	197	202	468	680	835	891	922	946	629
920	916	923	939	944	930	914	944	1000	991	962	932	909	945	987	960	920	915	944	868	511	555	821	928	932	930	996	833
926	983	1042	1057	1058	1050	1005	978	1059	1070	1063	1046	995	950	997	997	944	921	923	935	938	779	867	929	925	935	1002	875
1000	1078	1075	1068	1074	1079	1080	1059	1062	1063	1072	1073	1073	1006	935	958	957	958	933	925	950	977	932	926	927	950	1007	901
1022	1079	1067	1070	1075	1079	1085	1081	1078	1033	996	1011	1059	1023	932	928	948	990	1003	1011	1013	1006	995	957	943	943	1012	917
1008	1069	1073	1079	1077	1078	1081	1080	1065	1036	948	991	1071	1022	969	1013	1029	1058	1079	1080	1064	1055	1046	1003	943	932	1010	997
1045	1056	1037	1034	1063	1072	1075	1051	1024	1049	1034	1055	1069	1038	1059	1069	1060	1067	1074	1073	1070	1070	1064	1014	942	920	1001	1061
1063	1052	1034	1033	1045	1039	1016	996	1031	1046	1052	1072	1063	1064	1068	1039	1046	1068	1071	1070	1071	1069	1051	1005	934	920	1001	1070
