24	23	24	24	22	23	23	23	22	22	23	23	22	23	23	23	24	24	23	24	24	24	24	25	24	25	26	26
24	24	21	22	25	22	23	24	21	22	22	23	23	23	24	23	23	24	22	25	24	24	25	25	25	25	26	24
23	24	23	22	22	23	22	22	23	22	21	23	23	23	24	23	23	25	22	26	24	24	26	24	26	24	24	25
23	23	23	23	22	23	23	22	21	21	21	23	25	24	23	24	24	24	25	24	24	24	25	25	25	25	25	24
23	24	23	23	22	21	22	22	22	22	22	23	24	25	23	26	23	25	25	22	25	25	24	25	26	25	24	25
24	23	22	21	22	23	22	22	21	22	23	24	25	25	26	24	24	25	24	24	26	26	25	25	25	24	26	25
24	22	22	21	19	19	20	20	22	24	25	26	26	25	25	25	26	24	25	25	25	24	24	26	25	25	26	25
3	1	2	4	8	13	12	7	0	0	0	0	0	10	24	25	23	24	24	23	23	23	23	24	23	24	24	24
571	532	550	608	661	693	698	681	647	598	528	422	284	122	9	0	6	21	22	20	21	21	23	23	24	23	24	23
959	962	963	952	957	953	947	948	950	959	962	966	955	890	706	401	97	0	10	24	21	23	24	24	24	23	24	23
922	893	921	1034	1071	995	1016	1033	974	934	921	916	918	933	962	975	854	459	59	0	24	27	25	24	24	25	24	24
1037	994	1008	1157	1121	1080	1120	1151	1094	1035	1015	999	963	920	917	927	944	973	778	261	0	19	28	24	25	26	26	25
1142	1138	1093	1066	1025	1055	1092	1093	981	720	581	618	797	959	976	925	925	921	949	932	472	15	9	27	24	26	25	25
875	989	1035	1040	974	962	975	843	486	287	161	81	130	286	614	917	962	921	917	937	968	610	55	5	28	26	26	26
1004	1057	1073	1074	1055	1005	955	924	864	712	440	170	74	92	70	233	711	1005	944	929	924	973	697	82	5	29	28	28
1076	1085	1080	1075	1073	1069	1048	1019	1006	989	858	474	101	116	126	82	86	582	1072	973	920	924	976	713	69	12	31	29
1090	1081	1077	1076	1072	1075	1074	1074	1062	1040	1035	859	350	104	124	146	110	84	552	1123	1028	921	925	980	647	27	22	30
1082	1077	1078	1075	1070	1076	1076	1077	1076	1077	1067	1049	686	173	115	171	103	119	76	493	1174	1068	924	929	977	460	1	31
1079	1078	1074	1075	1075	1075	1078	1077	1072	1076	1077	1087	937	368	73	109	120	111	114	72	493	1126	1019	926	938	913	190	3
1076	1076	1074	1075	1078	1078	1080	1075	1069	1071	1075	1082	1060	602	94	123	165	108	142	134	79	535	1078	964	922	972	647	8
1068	1072	1077	1079	1079	1080	1078	1071	1067	1070	1076	1075	1088	741	114	194	156	132	157	137	137	107	783	1047	933	931	936	217
1071	1068	1075	1079	1078	1077	1073	1070	1071	1073	1075	1073	1087	760	168	207	163	142	114	146	163	90	416	1055	981	929	977	564
1068	1070	1069	1070	1071	1073	1069	1070	1072	1075	1072	1073	1089	714	162	197	140	146	124	132	129	110	215	1011	1053	962	943	854
1069	1069	1069	1069	1069	1070	1071	1072	1072	1074	1073	1074	1077	543	184	162	151	146	139	133	126	121	150	1011	1137	978	932	957
1063	1059	1071	1068	1069	1071	1070	1072	1073	1075	1072	1092	929	309	167	147	151	135	131	123	127	128	110	928	1242	1019	937	936
1052	1053	1073	1074	1074	1074	1069	1073	1076	1074	1078	1086	618	170	173	162	146	125	119	121	126	135	82	678	1283	1051	958	929
1056	1070	1071	1071	1071	1076	1070	1076	1081	1072	1076	945	325	166	185	162	144	126	132	161	132	132	107	421	1186	1071	975	934
1064	1069	1071	1071	1071	1077	1072	1067	1058	1043	998	562	189	172	166	154	136	138	131	122	129	135	110	266	1049	1080	985	938
24	24	25	24	25	24	25	23	25	25	24	23	23	22	22	23	23	23	23	22	22	24	23	24	23	22	23	23
24	25	25	25	24	25	24	23	24	25	25	23	23	22	22	22	24	23	22	23	22	23	25	22	24	23	22	24
25	25	25	26	24	23	25	25	24	25	23	23	23	23	23	22	24	23	22	23	22	23	23	24	23	22	23	23
25	25	26	24	26	26	24	24	24	24	25	24	25	25	21	22	22	23	22	22	23	22	24	22	23	22	23	23
24	25	26	26	24	24	25	26	26	26	25	24	22	24	22	23	21	22	23	22	23	23	23	23	24	23	23	24
25	26	25	26	26	26	27	27	25	26	25	25	25	25	25	22	23	21	23	23	23	22	23	23	24	22	23	23
16	19	21	21	18	15	16	20	25	27	27	27	26	24	23	21	22	20	21	23	22	22	22	23	24	21	22	22
50	37	40	55	77	90	85	63	36	9	0	0	0	11	22	25	21	20	21	21	21	22	22	22	23	21	23	23
790	757	765	799	832	851	846	819	766	688	569	416	241	88	0	0	9	21	20	19	22	20	21	21	21	20	23	22
950	956	956	959	962	985	983	965	955	952	957	962	943	852	644	332	60	0	12	21	21	21	21	20	22	22	23	22
918	913	927	999	1108	1135	1066	1052	1077	1039	977	933	911	925	960	961	809	396	34	0	22	24	21	21	23	21	22	23
1043	1076	1004	1066	1150	1126	1071	1093	1167	1152	1058	998	996	956	911	908	934	966	730	205	0	19	25	22	22	23	23	22
1051	1048	1013	989	1051	1038	1014	1014	1013	860	519	221	397	718	952	957	916	914	953	902	396	0	13	24	22	22	23	23
921	930	987	1034	1007	953	946	950	928	880	804	375	18	43	284	772	1017	940	910	931	959	534	24	12	28	25	25	25
963	1015	1053	1059	1052	1033	1004	987	1000	1020	1033	838	255	70	64	91	591	1101	1013	910	924	976	615	39	11	28	25	25
1035	1070	1068	1063	1059	1063	1070	1071	1068	1067	1078	1064	704	115	109	123	59	481	1118	1089	928	926	979	624	28	17	27	26
1060	1066	1065	1064	1063	1069	1073	1072	1075	1077	1080	1106	1023	399	72	123	132	72	341	1003	1097	940	928	979	533	0	24	27
1067	1066	1066	1064	1065	1072	1071	1070	1065	1068	1073	1084	1119	777	150	102	139	120	134	252	804	1026	932	936	957	335	0	30
1067	1065	1064	1065	1070	1070	1071	1066	1061	1065	1068	1074	1101	1011	302	92	215	157	151	163	184	787	1000	929	947	839	100	13
1067	1066	1065	1069	1072	1072	1072	1063	1060	1062	1068	1070	1080	1079	453	121	247	142	153	198	127	247	974	981	920	976	521	0
1066	1067	1069	1070	1072	1070	1065	1060	1061	1064	1069	1069	1071	1086	572	154	166	138	170	164	151	88	681	1116	973	934	877	127
1063	1064	1072	1073	1068	1063	1062	1061	1064	1067	1067	1066	1067	1088	516	134	150	172	162	115	122	100	340	1173	1105	954	972	444
1061	1065	1069	1068	1062	1062	1062	1060	1065	1066	1068	1065	1075	1022	357	140	164	168	120	107	121	111	147	1036	1238	1005	955	748
1062	1061	1064	1062	1061	1060	1060	1059	1060	1067	1068	1066	1090	829	217	141	144	122	114	123	120	128	93	688	1238	1047	946	933
1058	1051	1053	1062	1058	1058	1058	1059	1060	1067	1068	1069	1085	533	135	134	131	125	137	156	140	134	100	347	1117	1062	957	951
1041	1051	1053	1061	1056	1054	1056	1057	1062	1066	1068	1088	933	233	134	132	145	153	115	115	121	130	109	157	934	1060	959	939
1045	1046	1055	1057	1052	1050	1050	1057	1065	1066	1077	1101	571	110	136	139	201	185	161	146	134	137	131	111	839	1061	963	933
1053	1052	1060	1053	1051	1049	1039	1044	1059	1052	1019	637	162	89	114	260	322	167	121	125	131	143	135	123	853	1065	962	936
24	24	24	25	24	26	24	23	25	24	25	25	25	24	23	23	23	23	23	23	23	24	23	23	22	22	23	22
26	23	24	24	24	24	24	24	24	26	26	24	25	23	24	22	25	24	24	23	22	24	24	21	22	22	22	22
24	25	24	23	23	24	25	24	23	25	25	25	25	25	25	23	25	25	23	23	22	22	21	21	23	22	22	23
24	23	24	24	24	25	24	24	25	26	26	27	24	26	23	23	23	23	22	24	22	21	23	21	23	22	22	23
23	23	23	23	25	26	25	27	26	26	25	27	24	25	24	24	25	24	24	23	22	22	22	22	23	22	22	23
25	23	24	24	26	26	25	26	27	28	27	28	26	25	27	25	26	22	24	21	22	20	22	21	22	21	23	22
4	6	5	4	3	2	4	6	8	13	22	27	28	26	25	25	23	22	21	21	21	21	21	21	21	20	21	21
152	123	132	163	204	223	218	191	152	98	41	0	0	2	18	24	23	21	19	19	20	21	21	20	22	20	22	22
903	882	888	907	925	932	927	915	894	854	776	638	426	194	27	0	7	19	17	18	20	19	18	19	19	20	20	21
926	925	930	936	962	980	992	998	986	965	951	953	965	923	749	422	96	0	10	21	21	20	19	19	21	20	21	21
945	940	957	1016	1033	1102	1143	1102	1054	1085	1072	1021	966	938	944	965	841	429	41	0	21	21	19	19	22	20	21	24
1063	1208	1075	979	1027	1126	1136	1078	1041	1112	1145	1126	1130	1115	1044	941	926	967	740	206	0	15	22	20	20	21	23	24
935	962	997	964	985	1022	1041	1014	984	1009	942	567	443	777	1151	1325	1041	905	949	900	384	0	13	21	22	23	23	23
926	940	974	1044	1054	1010	986	970	945	938	957	849	245	46	306	1037	1233	1016	915	929	953	508	12	10	24	23	24	24
940	1014	1059	1062	1062	1057	1058	1052	1043	1044	1048	1071	772	98	83	120	573	1036	1077	941	925	970	566	18	11	25	24	24
1041	1066	1061	1061	1056	1058	1058	1065	1070	1072	1073	1086	1066	350	70	113	71	266	765	1060	977	926	974	550	9	19	26	25
1063	1062	1059	1060	1059	1058	1062	1065	1064	1059	1057	1064	1091	823	101	86	125	74	116	552	1012	956	928	972	439	0	26	26
1063	1060	1059	1061	1060	1063	1066	1065	1055	1058	1053	1059	1068	1057	337	49	154	112	149	127	447	1020	989	942	925	235	0	29
1063	1061	1059	1059	1062	1065	1067	1057	1054	1055	1057	1060	1057	1078	591	90	159	112	125	141	135	660	1143	1025	961	743	45	19
1059	1059	1057	1060	1066	1065	1060	1053	1054	1053	1055	1059	1060	1080	707	125	116	142	131	159	203	215	971	1218	977	965	375	0
1059	1060	1058	1063	1065	1062	1055	1054	1056	1053	1054	1057	1057	1075	595	126	129	123	119	131	111	70	443	1204	1097	959	761	49
1062	1060	1063	1065	1067	1058	1055	1055	1054	1052	1055	1055	1053	1061	576	136	126	114	102	128	120	116	128	821	1161	979	944	266
1059	1059	1060	1069	1062	1057	1057	1057	1054	1053	1056	1056	1055	1069	570	109	116	114	155	127	124	152	78	384	1090	998	968	556
1060	1056	1056	1066	1058	1057	1056	1054	1050	1054	1059	1057	1067	1024	344	107	111	133	173	107	141	160	102	165	939	1017	950	809
1056	1039	1050	1064	1058	1055	1052	1052	1052	1056	1058	1060	1094	788	134	136	124	181	147	143	162	125	120	104	822	1033	936	945
1063	1044	1044	1059	1055	1053	1050	1050	1054	1058	1059	1074	1063	411	84	132	169	203	219	165	109	118	114	99	807	1055	956	950
1062	1029	1031	1059	1052	1050	1047	1049	1055	1056	1071	1089	622	109	149	136	212	256	201	156	130	121	120	147	885	1070	983	937
1044	1019	1017	1061	1057	1042	1042	1051	1053	1062	1061	636	130	163	159	163	211	149	125	112	124	152	123	200	1007	1084	1004	934
25	25	24	25	24	26	26	25	25	26	25	25	25	25	24	24	24	24	24	25	24	24	24	25	24	24	25	25
25	24	24	26	26	24	25	25	25	26	25	24	25	26	26	24	25	24	24	25	24	24	24	25	24	23	24	24
24	26	26	24	25	26	25	24	24	23	25	26	26	26	26	25	25	25	24	25	24	24	25	24	24	24	23	24
27	26	25	26	25	24	24	25	25	25	26	26	26	26	25	27	24	26	24	25	24	23	24	24	24	24	24	25
27	26	25	26	26	26	25	25	25	25	24	26	26	27	25	26	26	25	26	24	23	24	24	24	25	24	24	25
29	26	27	27	29	28	28	26	25	28	29	27	27	26	26	25	26	24	24	23	25	23	24	24	25	23	25	24
1	1	0	0	0	0	0	0	0	0	0	9	19	25	27	27	26	24	23	24	24	22	23	23	23	23	24	23
310	273	284	323	374	425	456	463	441	390	292	162	44	0	2	19	25	23	21	21	21	21	22	23	23	23	23	23
958	950	952	956	964	971	968	963	959	953	935	891	761	507	204	13	0	20	24	22	22	21	21	23	23	23	24	24
937	920	926	939	969	1014	1002	1018	1035	1014	979	948	941	963	920	677	268	9	3	23	23	23	21	24	24	24	24	22
1015	1097	1039	1035	1053	1024	1075	1121	1121	1088	1140	1090	1031	968	931	955	940	632	144	0	22	25	22	24	25	25	25	24
975	1081	1037	958	984	1014	1111	1127	1089	1019	1074	1131	1146	1129	1113	988	921	964	863	349	3	14	24	24	25	24	24	24
908	952	959	935	954	977	1000	1020	994	946	945	921	646	556	900	1135	1041	922	937	950	520	29	7	26	26	26	25	24
956	946	966	1031	1055	1050	1029	1015	973	940	933	944	703	125	167	486	884	1016	958	930	971	619	50	8	28	26	25	24
949	995	1052	1068	1064	1061	1063	1065	1057	1038	1018	1008	980	367	88	99	169	536	997	1004	927	974	640	45	15	29	27	25
1039	1064	1061	1062	1061	1060	1059	1059	1064	1063	1064	1070	1082	700	116	126	122	78	326	951	1032	936	975	583	16	22	27	25
1064	1062	1062	1062	1061	1060	1060	1063	1067	1062	1060	1062	1084	997	295	88	137	132	79	269	930	1110	962	967	423	0	27	26
1060	1059	1060	1061	1060	1060	1064	1066	1062	1059	1059	1060	1073	1079	493	125	189	146	134	97	283	1066	1191	954	905	189	1	26
1060	1060	1060	1060	1060	1063	1068	1063	1058	1057	1060	1061	1067	1089	588	134	113	124	124	127	87	373	1139	1099	964	664	10	21
1060	1060	1061	1062	1063	1067	1066	1056	1058	1057	1060	1062	1068	1089	544	91	121	117	106	92	111	83	440	1091	961	939	248	0
1061	1061	1060	1063	1065	1068	1059	1057	1058	1060	1063	1062	1070	1079	528	96	99	82	69	83	139	112	82	688	1022	976	626	2
1062	1063	1064	1066	1068	1061	1056	1058	1063	1063	1061	1063	1070	1091	557	66	78	92	75	122	118	115	80	309	1019	964	890	129
1067	1064	1061	1068	1064	1058	1059	1064	1067	1060	1062	1064	1083	1009	316	53	82	79	80	106	98	129	107	156	931	978	975	381
1040	1038	1062	1066	1061	1058	1064	1062	1060	1062	1066	1065	1102	734	107	87	85	66	66	118	113	107	105	129	887	1036	982	650
981	994	1072	1064	1059	1058	1057	1060	1059	1065	1067	1083	1060	358	44	93	87	82	113	158	75	100	109	133	920	1082	999	853
1044	992	1069	1065	1057	1058	1060	1061	1062	1065	1078	1137	854	118	87	105	76	105	139	110	85	117	118	136	952	1124	1013	943
1065	992	1053	1064	1056	1057	1058	1060	1066	1081	1109	986	347	60	136	83	84	110	94	104	110	141	128	123	952	1178	1016	959
1049	994	1020	1067	1060	1062	1061	1067	1086	1099	995	416	122	129	150	101	102	89	129	172	115	106	140	107	887	1214	1020	955
25	24	25	25	24	25	25	24	24	28	27	24	24	24	23	24	24	23	22	23	25	24	26	24	24	25	24	24
23	25	23	25	25	26	25	25	25	25	26	24	24	26	23	24	24	23	23	23	24	25	25	25	25	25	24	24
26	25	23	24	25	26	25	25	25	25	26	26	25	24	26	24	23	23	22	23	24	24	25	25	24	25	24	24
26	25	26	25	25	25	24	26	26	26	26	25	26	25	25	25	23	24	22	22	24	25	25	25	25	25	24	25
26	26	25	27	26	27	26	26	26	27	27	24	26	26	26	26	23	23	23	22	24	24	25	25	25	24	24	25
26	26	26	27	27	27	24	21	19	19	24	27	27	26	26	25	23	22	24	23	23	24	25	25	24	24	24	23
4	2	1	1	4	10	25	46	58	50	25	2	0	6	22	25	21	22	21	21	20	21	24	25	23	24	24	23
532	510	507	530	580	650	721	769	792	779	715	583	377	143	8	0	21	23	22	21	20	21	23	24	24	24	23	23
971	972	970	964	963	967	960	954	956	952	948	957	956	873	613	226	7	4	25	24	23	23	25	27	25	25	25	25
983	969	989	966	967	1011	1034	1028	1042	1058	1035	977	936	924	959	920	605	147	0	19	26	24	24	28	26	25	26	25
989	1052	1041	1030	1057	1052	1044	1085	1127	1149	1177	1155	1040	989	933	917	966	872	392	14	9	28	25	28	28	26	25	25
928	939	956	956	976	981	983	1041	1098	1110	1083	1150	1022	926	1005	995	923	933	962	609	68	3	29	28	28	26	25	24
963	969	979	953	929	931	931	929	942	948	919	916	915	566	374	741	1004	956	923	975	734	112	1	31	30	26	25	24
981	969	969	973	989	1011	1015	1008	990	952	926	932	956	721	134	54	417	951	1009	937	971	771	116	4	32	28	26	25
972	975	1011	1040	1052	1054	1059	1061	1062	1053	997	951	944	878	262	90	53	246	901	1070	972	969	744	77	14	32	27	27
997	1019	1044	1057	1057	1057	1056	1055	1055	1055	1059	1034	969	956	380	91	138	79	213	898	1181	1044	971	630	19	26	26	24
1047	1047	1048	1054	1057	1057	1056	1055	1059	1061	1053	1047	1019	980	379	97	172	122	91	192	817	1231	1019	969	422	0	28	25
1051	1059	1052	1050	1057	1058	1057	1059	1063	1065	1063	1065	1045	1007	381	60	120	105	122	121	140	673	1120	975	896	172	3	27
1052	1054	1057	1053	1054	1056	1059	1063	1062	1062	1064	1067	1062	1025	391	82	147	158	132	105	85	70	614	1045	981	633	5	22
1053	1057	1057	1057	1051	1055	1063	1063	1062	1060	1063	1066	1069	1027	372	120	214	227	193	135	99	80	117	885	999	932	213	0
1057	1061	1060	1052	1054	1060	1064	1060	1060	1060	1062	1065	1077	986	299	175	293	301	274	226	112	88	45	523	1051	978	581	2
1059	1058	1059	1055	1059	1063	1059	1059	1059	1061	1059	1064	1092	772	199	267	363	330	334	310	188	111	54	266	1027	998	860	108
1057	1060	1057	1061	1063	1059	1055	1059	1061	1059	1058	1071	1048	480	182	347	445	439	477	405	275	131	52	156	983	1063	988	325
1008	1033	1060	1062	1061	1057	1055	1057	1056	1055	1059	1089	893	252	235	409	505	503	519	489	365	182	94	114	949	1140	1038	528
957	996	1047	1061	1057	1052	1054	1055	1056	1058	1040	1033	653	206	320	464	550	477	496	496	353	168	71	83	808	1206	1051	682
1020	963	1027	1057	1053	1057	1064	1071	1075	1053	956	726	294	257	405	522	598	506	454	509	422	221	106	68	599	1210	1041	798
1033	945	1009	1050	1068	1079	1082	1081	1067	956	667	299	129	308	469	566	625	628	549	564	528	342	107	77	407	1137	1029	873
1026	958	974	1022	1057	1064	1064	1022	886	608	265	57	101	261	517	606	613	606	554	483	429	222	104	98	286	1025	1002	925
25	23	22	24	24	23	24	24	25	26	24	24	24	25	25	24	24	24	23	24	24	24	25	24	24	24	23	24
23	25	23	22	24	24	22	25	25	25	25	25	26	25	25	25	23	22	23	22	24	24	24	24	25	25	24	24
23	23	24	24	23	22	24	24	25	26	26	26	26	24	26	24	22	22	23	24	24	24	26	26	25	24	23	25
24	22	23	24	23	24	24	23	25	24	26	25	25	25	23	27	23	23	24	24	24	26	26	25	24	24	24	24
23	24	24	23	22	24	25	25	26	25	28	25	27	25	26	25	24	23	24	23	24	24	25	25	24	23	23	25
21	20	20	20	19	13	9	1	1	1	3	8	18	25	26	25	25	20	22	23	23	23	25	23	22	22	23	23
25	26	27	27	39	65	114	186	251	268	227	140	46	0	3	17	20	20	19	21	21	22	23	22	23	22	22	23
683	686	685	691	726	787	856	909	938	948	932	889	772	532	217	18	5	24	24	24	23	23	24	24	24	22	24	26
961	966	969	959	947	942	942	944	950	949	942	939	949	968	918	635	196	1	16	28	27	26	25	25	26	25	26	26
986	970	1016	1019	993	1000	1032	1053	1044	1046	1065	1049	1005	947	931	960	894	470	42	5	29	27	27	29	28	25	27	26
932	909	928	1000	1060	1063	1061	1044	1059	1122	1141	1139	1115	1055	987	930	935	968	690	125	0	28	28	28	28	26	27	27
944	934	927	946	991	1003	1002	990	983	1019	1058	1063	1078	1045	1027	1019	948	930	973	814	192	2	28	27	28	26	26	26
1031	1019	1014	1009	997	988	980	951	922	914	923	910	926	888	582	821	1036	1017	953	967	851	198	5	30	29	26	26	24
1054	1046	1048	1037	1021	1009	987	966	948	935	925	913	925	822	122	98	538	1053	1148	1031	981	816	138	9	28	27	25	23
1062	1060	1054	1045	1043	1045	1033	1027	1015	1000	976	929	927	846	147	78	64	436	1114	1161	1079	979	719	72	18	25	23	22
1059	1060	1048	1048	1052	1056	1054	1049	1038	1027	1015	965	940	811	113	71	117	57	272	813	1142	1051	971	572	24	24	24	24
1057	1061	1055	1049	1048	1050	1053	1044	1035	1017	996	969	946	841	155	143	183	190	110	77	436	1012	1009	963	380	14	23	22
1063	1064	1059	1049	1041	1045	1052	1033	1010	992	996	982	949	883	345	419	563	510	387	209	38	310	1000	999	882	169	20	22
1067	1067	1064	1055	1041	1024	1029	1024	1006	1013	1006	987	968	952	647	694	606	439	406	370	254	45	481	1064	994	638	29	26
1068	1070	1069	1060	1037	1019	1014	1023	1028	1029	1019	1016	997	991	850	762	567	472	452	469	513	268	100	849	1038	945	231	23
1066	1069	1068	1055	1037	1024	1033	1035	1040	1041	1037	1033	1031	938	804	679	424	355	296	405	529	512	162	491	1108	1019	585	25
1067	1069	1065	1049	1051	1053	1048	1040	1038	1036	1035	1042	1047	844	834	716	329	165	194	277	481	627	344	278	1111	1096	851	95
1058	1059	1055	1062	1061	1059	1054	1036	1027	1024	1032	1067	1006	831	919	886	374	187	289	350	448	644	453	167	916	1175	975	251
1045	1048	1052	1051	1053	1053	1049	1025	1016	1025	1070	1105	944	870	955	964	348	164	189	326	427	602	495	148	569	1156	1021	391
1045	1044	1035	1043	1044	1035	1007	976	972	931	922	927	912	950	974	990	450	77	107	160	380	601	525	175	280	1045	1032	483
1033	1017	1023	1044	1028	933	868	790	712	611	587	668	857	999	986	1002	806	126	33	79	306	624	575	195	141	928	1034	567
997	969	959	960	763	650	605	536	407	341	443	651	877	1009	1003	980	1013	550	135	201	275	650	695	240	95	853	1020	670
986	963	977	721	361	352	318	261	165	159	378	636	856	990	1008	976	977	859	549	531	601	785	530	153	122	846	993	782
25	24	25	26	25	23	23	24	24	26	25	23	25	26	25	24	25	26	25	25	25	26	26	25	24	25	23	22
26	26	26	25	25	24	24	24	24	24	26	24	24	26	26	25	26	24	25	24	26	26	25	25	25	24	22	24
25	26	25	26	25	23	24	24	25	25	25	26	24	24	26	26	25	25	26	25	25	25	26	26	24	24	23	24
24	26	26	26	25	24	26	25	24	26	25	24	26	23	24	27	25	26	26	25	26	27	27	24	22	25	23	23
27	27	26	26	27	29	28	26	28	26	28	27	26	27	24	26	26	24	25	26	26	25	24	24	24	23	21	23
22	20	19	19	17	11	5	0	0	0	0	0	2	17	26	23	25	22	22	25	24	23	23	23	21	21	22	23
51	50	53	61	87	128	201	303	404	458	442	351	209	62	0	2	18	23	22	24	23	22	22	21	21	22	21	23
775	773	777	790	820	865	910	943	958	963	961	956	928	816	546	191	3	9	27	25	23	23	23	24	23	23	22	23
952	950	950	946	940	934	930	937	961	974	968	950	933	941	969	914	563	107	1	27	29	26	26	25	24	23	23	24
975	941	957	1002	1009	1009	1023	1046	1053	1070	1079	1073	1048	999	944	928	972	812	252	0	27	28	25	26	25	24	24	24
929	920	914	935	1001	1056	1062	1053	1058	1063	1106	1125	1133	1142	1088	994	925	953	905	321	1	27	28	28	27	24	23	23
1033	1029	1017	998	993	1036	1059	1067	1051	1022	1015	1025	1037	1089	1153	1139	1042	949	953	914	296	6	29	27	26	22	24	23
1076	1078	1076	1065	1044	1061	1068	1064	1058	1000	947	987	975	754	557	939	1196	1169	1012	963	878	215	13	26	26	22	23	23
1063	1075	1070	1062	1054	1069	1075	1066	1057	1018	973	973	978	726	128	122	695	1292	1400	1071	978	781	110	22	27	25	23	23
1071	1065	1064	1071	1071	1070	1068	1067	1050	1033	1015	973	979	763	196	80	56	481	1092	1182	1018	972	642	55	29	23	22	24
1066	1061	1070	1072	1066	1063	1063	1065	1052	1034	1018	991	973	807	458	321	234	194	280	528	964	1021	975	507	29	26	24	25
1064	1067	1073	1071	1066	1064	1063	1057	1055	1035	1022	1004	981	920	787	820	787	718	588	465	367	870	1025	953	362	20	23	25
1071	1072	1073	1066	1064	1064	1065	1060	1057	1032	1025	1016	1005	975	959	1024	730	512	574	658	549	316	940	1006	880	186	21	25
1073	1074	1072	1062	1070	1064	1063	1063	1053	1041	1027	1026	1015	972	997	732	210	160	207	285	656	635	530	1051	997	678	41	30
1072	1072	1071	1061	1066	1069	1056	1053	1050	1049	1038	1041	1010	958	993	472	17	9	0	33	318	755	569	943	1091	955	274	23
1071	1071	1073	1071	1067	1065	1053	1034	1047	1051	1048	1038	1009	978	977	260	0	0	0	0	43	311	556	818	1230	1031	598	21
1073	1075	1074	1072	1068	1065	1053	1040	1047	1051	1054	1049	1020	1013	979	259	0	18	4	0	0	183	457	545	1074	1102	809	84
1074	1071	1073	1070	1068	1069	1057	1033	1040	1053	1047	1052	1047	1050	1024	546	0	9	0	0	0	122	348	312	618	1070	913	187
1058	1059	1067	1061	1060	1059	1048	1037	1045	1057	1053	1053	1063	1057	1041	895	84	0	7	0	0	147	278	327	376	955	970	274
1059	1055	1054	1051	1048	1057	1049	1037	1037	1049	1059	1072	1074	1059	1051	1053	386	0	7	0	0	26	226	405	429	896	1002	344
1076	1068	1063	1060	1059	1040	1001	963	978	1029	1077	1092	1082	1066	1059	1066	862	90	124	199	78	0	189	448	348	870	1020	428
1056	1031	1012	1016	965	922	910	895	913	1010	1088	1091	1081	1066	1060	1051	1037	594	583	689	603	414	523	733	222	829	1039	547
976	993	1011	965	814	764	741	777	847	960	1078	1096	1088	1068	1060	1052	1031	911	742	698	749	816	1026	771	158	873	1020	675
24	25	24	24	24	25	25	24	24	25	26	23	25	26	25	26	26	27	24	25	26	26	25	23	23	23	23	23
25	25	25	25	24	26	24	25	23	25	26	26	24	26	27	25	26	25	24	25	25	26	24	23	23	25	23	22
25	26	25	25	25	24	24	25	26	24	26	26	25	23	27	26	24	24	27	26	27	24	25	24	23	24	23	24
25	26	26	26	27	26	26	24	26	25	25	25	25	26	26	27	24	27	26	28	26	25	25	23	23	22	23	23
26	27	26	27	26	28	28	27	29	27	28	27	28	31	23	26	25	26	28	26	24	24	23	22	21	23	23	23
12	13	12	11	6	4	1	0	0	0	0	0	0	7	22	23	27	24	24	23	22	22	20	20	18	21	21	22
131	127	128	145	172	214	281	366	455	520	530	465	333	161	19	0	10	24	21	21	21	18	20	21	20	22	21	21
872	871	870	881	897	920	937	952	955	960	962	966	957	908	733	397	68	0	20	23	20	21	20	22	21	20	21	21
948	944	943	946	943	937	927	924	947	978	986	978	955	939	953	973	803	320	4	17	27	22	24	26	22	23	23	22
957	929	949	989	1015	1033	1030	1035	1039	1035	1075	1103	1080	1035	975	931	947	950	513	20	15	27	26	25	22	24	23	25
962	962	959	945	950	997	1045	1055	1045	1032	942	1016	1105	1126	1113	1054	967	929	968	537	9	24	27	26	24	23	24	26
1078	1078	1074	1068	1063	1056	1066	1083	1083	723	361	553	930	1066	1118	1164	1145	961	935	962	413	0	29	27	26	25	25	25
1074	1065	1066	1073	1070	1071	1075	1090	965	598	455	625	905	1021	847	849	1047	1089	1002	955	913	231	0	32	27	25	24	25
1068	1057	1069	1066	1062	1058	1059	1054	1023	976	972	990	1026	1025	804	481	378	694	1010	1017	973	797	98	9	32	25	24	25
1060	1062	1072	1063	1059	1051	1057	1046	1038	1050	1048	1042	1049	1042	940	750	587	439	587	969	1019	981	664	38	16	28	24	26
1057	1072	1067	1053	1046	1057	1063	1048	1042	1043	1041	1041	1046	1045	1024	989	914	699	607	783	1040	1017	977	547	7	20	25	27
1063	1064	1048	1048	1057	1060	1057	1049	1046	1044	1042	1045	1049	1033	990	950	420	198	205	461	887	989	1002	962	410	0	24	28
1070	1049	1044	1049	1062	1068	1059	1048	1045	1042	1041	1046	1054	1004	960	741	71	39	43	71	540	967	1029	1021	905	219	0	26
1068	1056	1052	1042	1064	1067	1053	1051	1048	1043	1043	1042	1045	1003	965	790	343	230	196	111	291	960	1085	1143	1018	715	27	20
1068	1070	1068	1061	1063	1064	1051	1052	1054	1056	1048	1017	1036	1040	978	831	318	71	28	0	173	771	960	1179	1110	953	285	0
1068	1071	1072	1070	1066	1059	1048	1034	1047	1053	1046	1025	1016	1046	1006	789	334	292	368	208	484	558	269	780	1154	1018	590	0
1064	1068	1072	1071	1072	1052	1015	1002	1045	1046	1044	1049	1039	1050	1056	615	389	718	666	673	594	244	0	146	926	1058	789	55
1067	1072	1070	1069	1074	1036	979	1012	1053	1044	1040	1047	1061	1060	1105	623	85	379	587	463	203	1	0	0	563	1080	896	148
1069	1064	1065	1069	1063	1014	971	1043	1051	1046	1044	1047	1052	1053	1079	974	192	0	58	49	11	0	0	0	388	1066	954	232
1066	1070	1065	1066	1037	995	960	1048	1046	1052	1042	1039	1041	1049	1057	1094	770	46	0	0	27	23	0	42	736	1044	986	316
1077	1065	1050	1032	998	976	957	1042	1046	1055	1041	1042	1041	1042	1047	1059	1042	424	195	281	456	468	161	155	759	1038	1018	428
1005	996	1023	1014	1021	1009	980	1035	1077	1064	1047	1039	1039	1026	1039	1050	1054	948	785	773	770	735	643	674	776	1036	1046	558
948	1036	1058	1065	1073	1055	1018	1019	1083	1074	1055	1039	1042	1042	1048	1051	1054	986	817	750	778	737	812	881	735	1106	1067	666
25	25	26	25	25	27	26	26	27	25	24	26	22	26	25	26	25	24	25	24	24	24	25	24	23	23	23	24
25	25	26	25	26	26	26	26	26	26	25	26	23	24	27	25	24	24	24	24	25	24	25	22	23	25	23	23
26	27	26	25	26	27	27	27	26	26	26	25	25	23	25	25	24	24	24	25	25	24	25	22	24	24	22	24
28	26	28	27	26	28	28	26	27	27	25	26	25	26	23	26	24	25	25	25	25	25	24	23	23	23	23	24
29	29	28	29	28	29	29	28	29	28	27	28	29	27	24	22	25	23	25	26	25	25	22	22	21	24	23	25
3	3	2	2	0	0	0	0	0	0	0	0	0	7	20	24	24	25	24	25	24	22	20	21	22	23	24	23
271	259	261	274	291	311	342	380	421	451	458	405	293	146	21	0	0	19	17	18	18	15	18	18	19	21	20	18
941	944	942	941	943	951	953	956	960	963	964	965	957	906	752	444	111	0	13	24	19	18	18	21	22	21	20	21
946	937	941	955	952	947	935	928	925	942	970	982	972	951	950	973	873	454	34	3	25	22	24	26	24	24	23	24
944	925	935	974	1008	1035	1041	1037	1041	1049	1040	1045	1084	1086	1018	948	949	974	696	98	2	27	26	23	23	24	25	25
1008	1012	1009	994	980	985	1010	1038	1070	1039	867	841	968	1091	1104	1092	1060	964	971	741	87	8	26	24	24	25	26	24
1082	1078	1081	1081	1079	1077	1073	1093	996	305	0	0	117	690	1053	1096	1133	1080	966	972	647	30	17	27	26	27	25	24
1074	1069	1073	1066	1073	1074	1076	1054	635	213	173	153	237	617	1025	1022	1019	1006	1006	965	965	441	2	28	28	25	24	25
1069	1065	1074	1070	1074	1070	1061	1012	946	943	962	954	983	1052	1058	1018	976	957	979	1004	987	907	237	2	29	25	25	25
1063	1067	1073	1072	1071	1067	1050	1034	1037	1049	1039	1038	1050	1052	1039	991	1024	961	1004	1070	1024	1007	790	110	9	27	27	25
1069	1073	1070	1065	1069	1064	1043	1039	1041	1040	1035	1036	1039	1050	1001	966	645	161	224	805	1080	1024	1008	657	39	19	25	25
1067	1070	1061	1063	1070	1056	1044	1042	1043	1038	1034	1040	1042	1037	1012	772	16	0	0	142	890	1091	1121	1010	477	2	24	27
1049	1046	1057	1065	1069	1056	1041	1040	1039	1042	1038	1041	1047	1044	1034	448	0	19	1	104	649	1098	1158	1084	926	225	4	31
1039	1046	1060	1065	1070	1051	1040	1040	1040	1039	1037	1044	1053	1063	1045	404	0	0	0	0	71	725	1127	1114	1028	678	23	28
1067	1070	1073	1071	1066	1046	1038	1040	1045	1047	1039	1035	1050	1057	1042	511	0	51	234	169	73	243	705	1049	1054	944	232	6
1071	1072	1073	1068	1061	1047	1041	1047	1055	1062	1049	1041	1054	1057	1026	737	520	650	817	708	567	512	514	722	1049	1014	530	7
1072	1071	1072	1071	1054	1043	1047	1046	1052	1053	1043	1044	1058	1059	1049	929	855	788	796	800	828	899	620	377	972	1041	756	49
1069	1073	1073	1066	1026	1013	1022	1011	1049	1039	1040	1042	1051	1051	1066	954	798	791	848	941	918	635	370	400	885	1051	880	133
1066	1071	1074	1053	1001	953	971	1024	1048	1039	1042	1041	1047	1050	1056	1020	776	660	753	763	605	388	320	471	845	1078	950	236
1072	1077	1055	993	959	928	967	1050	1041	1039	1042	1043	1043	1046	1050	1059	1018	765	596	490	567	508	483	516	955	1165	991	359
1053	1010	953	944	932	923	948	1050	1041	1038	1037	1042	1040	1039	1049	1061	1054	908	747	654	756	834	830	781	944	1277	1036	499
963	929	994	1020	966	950	937	1034	1054	1041	1040	1038	1039	1036	1044	1055	1054	998	842	793	712	713	787	727	936	1249	1061	625
951	1028	1061	1061	1062	1041	983	989	1058	1056	1032	1036	1035	1036	1047	1057	1067	992	821	802	804	679	698	648	897	1152	1058	709
26	25	26	26	26	26	25	26	27	27	24	27	26	24	24	24	23	24	25	24	24	26	26	24	23	23	23	23
26	26	27	26	25	28	26	27	27	25	24	27	25	25	24	23	25	25	25	24	25	26	24	23	23	24	22	24
26	26	27	27	26	26	26	28	25	27	26	27	26	25	23	24	25	24	25	24	26	25	24	24	24	23	23	23
27	29	27	27	27	26	28	27	27	27	25	27	26	26	25	24	24	25	25	24	26	24	25	24	23	23	23	25
28	28	28	28	30	30	29	30	30	29	31	28	29	27	26	25	23	24	24	24	24	24	24	23	22	23	23	25
0	0	0	0	0	0	0	0	0	0	2	6	14	23	29	30	26	24	25	25	24	24	24	23	23	24	24	23
418	399	401	400	401	396	390	378	351	320	274	206	121	40	0	0	13	20	19	19	19	19	19	19	19	21	20	21
966	967	969	962	958	961	962	959	959	962	951	929	884	786	587	295	50	0	14	22	19	18	19	20	20	21	19	21
944	933	936	958	964	954	943	935	926	927	929	934	944	956	971	966	795	376	27	2	24	21	24	24	22	22	22	23
943	934	935	964	1002	1025	1036	1040	1040	1033	1035	1029	1022	1015	995	951	953	977	698	128	0	24	24	23	23	24	24	24
1037	1025	1024	1029	1014	1007	1011	1030	1079	1104	1086	1063	1046	1063	1065	1074	1027	966	974	830	178	0	26	24	24	24	23	23
1073	1061	1058	1081	1074	1069	1074	1080	824	500	486	404	458	817	1029	1058	1106	1116	1036	969	823	130	3	27	24	25	24	24
1071	1072	1072	1063	1057	1063	1076	944	366	93	115	155	264	603	985	993	1021	1082	1122	1031	979	689	43	17	26	25	25	24
1071	1070	1057	1053	1067	1068	1050	1008	1005	987	992	975	967	984	1017	990	953	979	1040	1084	1032	985	455	11	25	25	25	25
1060	1056	1062	1068	1073	1058	1042	1044	1062	1074	1070	1056	1043	1038	1050	1010	952	928	958	1043	1094	1034	909	213	20	25	27	26
1050	1061	1072	1074	1064	1048	1038	1039	1046	1061	1058	1054	1043	1042	1049	1002	755	445	602	927	1080	1227	1073	718	69	30	25	26
1066	1072	1072	1069	1058	1042	1041	1040	1044	1048	1051	1047	1044	1040	1060	887	280	73	117	460	994	1252	1301	1022	434	29	29	25
1064	1067	1073	1071	1051	1040	1036	1040	1040	1043	1042	1041	1041	1044	1056	802	272	170	195	369	883	1061	1230	1075	881	154	40	27
1064	1069	1076	1068	1048	1038	1039	1040	1039	1039	1036	1035	1041	1051	1040	737	243	163	29	20	356	916	1026	1050	1016	547	35	39
1071	1073	1071	1064	1056	1041	1041	1040	1037	1039	1038	1050	1060	1052	1012	606	369	242	392	456	431	768	928	1019	1036	887	145	48
1070	1073	1073	1064	1049	1040	1043	1041	1042	1053	1061	1069	1070	1056	964	716	741	727	752	777	752	848	756	940	1051	994	428	28
1067	1073	1074	1061	1049	1044	1043	1048	1053	1054	1057	1061	1071	1054	1007	883	846	737	705	680	673	839	876	977	1064	996	710	30
1072	1077	1068	1012	1031	1062	1057	1038	1025	1035	1044	1050	1060	1055	1037	959	858	807	762	743	814	909	941	957	1158	1039	883	119
1069	1071	1031	960	975	1005	987	976	1043	1045	1042	1046	1049	1048	1042	1004	968	842	904	913	972	945	777	857	1200	1168	962	274
1070	1038	972	942	951	956	954	996	1052	1045	1043	1044	1041	1045	1054	1026	937	919	977	1014	993	825	745	829	1068	1231	1007	438
985	941	948	970	930	929	959	1025	1046	1042	1042	1042	1040	1041	1059	1048	986	931	963	974	938	838	842	890	978	1126	1034	578
955	932	992	1008	949	926	941	1003	1042	1051	1047	1044	1038	1037	1057	1056	1015	946	937	948	929	875	848	887	950	1041	1022	681
991	1049	1075	1024	995	989	978	994	1035	1066	1052	1051	1051	1051	1060	1059	1031	968	926	934	952	913	864	870	943	1038	1024	738
27	27	27	26	27	26	26	25	26	26	24	25	25	24	22	23	25	24	24	25	25	25	25	23	24	24	23	24
26	26	27	27	26	27	26	24	26	25	24	25	25	25	23	23	24	22	24	24	23	24	23	24	25	25	23	23
27	28	26	27	27	26	25	27	26	27	25	25	25	23	22	23	22	22	24	23	25	25	25	25	24	25	21	25
26	30	29	28	28	28	27	27	26	26	23	23	24	24	25	24	22	24	25	25	25	24	25	24	23	23	23	25
29	30	30	29	30	29	30	28	28	27	27	26	26	26	24	24	23	23	25	22	24	23	24	23	23	24	22	24
0	0	0	0	0	1	0	0	0	2	8	17	24	24	26	25	23	23	22	23	25	24	23	23	25	23	23	23
536	519	522	524	515	489	445	383	297	209	121	50	6	0	0	12	23	22	19	22	21	20	22	23	21	22	22	23
968	970	971	967	964	966	968	965	957	933	881	802	672	483	252	66	0	6	19	19	20	23	21	22	22	22	20	23
940	930	930	956	972	959	947	935	923	922	924	936	949	966	945	805	487	124	0	11	25	23	23	22	22	22	24	22
943	941	942	966	1005	1028	1042	1046	1039	1020	1004	992	971	945	933	945	975	866	435	37	3	24	24	24	23	23	23	23
1052	1055	1052	1042	1029	1019	1018	1045	1068	1074	1070	1063	1063	1042	1011	990	955	949	977	693	112	1	28	24	25	24	23	22
1077	1068	1071	1078	1078	1080	1077	1012	801	842	992	995	1021	1012	1016	1047	1063	1030	973	980	794	127	1	26	25	24	22	24
1063	1063	1073	1069	1065	1070	1084	905	482	559	720	797	895	988	978	965	1023	1105	1114	1020	984	736	61	13	25	24	24	24
1070	1065	1050	1064	1078	1089	1080	1078	1010	921	940	990	1015	1016	993	938	923	990	1073	1094	1037	995	525	7	24	25	24	23
1068	1048	1054	1073	1093	1084	1079	1045	944	839	857	956	1034	1044	1022	961	926	925	943	1017	1103	1041	924	217	10	26	25	25
1055	1066	1073	1073	1077	1077	1076	1047	975	870	869	936	1026	1048	1030	967	951	958	941	965	1061	1102	1036	665	36	26	26	26
1069	1073	1069	1062	1061	1066	1055	1054	1033	963	957	1008	1044	1039	1035	972	887	513	406	497	856	1078	1046	977	303	15	28	26
1075	1070	1066	1055	1043	1048	1045	1067	1058	1038	1047	1063	1051	1034	1025	991	773	285	131	125	304	932	1056	1023	759	72	29	28
1075	1071	1064	1051	1037	1043	1047	1071	1071	1069	1064	1045	1047	1039	991	984	828	246	92	243	372	836	998	1038	995	406	13	28
1074	1068	1058	1048	1041	1043	1044	1057	1068	1067	1053	1016	967	1027	970	992	922	633	585	692	767	879	964	1041	1015	803	85	24
1071	1070	1057	1044	1042	1042	1045	1044	1047	1055	1047	943	883	979	998	977	884	804	770	783	731	805	925	1065	1056	970	372	10
1070	1067	1057	1049	1048	1051	1049	1039	1038	1034	1023	929	853	964	1001	948	854	774	702	723	724	756	824	1073	1170	999	697	32
1069	1066	1053	1053	1061	1043	1019	1001	982	1008	1037	978	942	1021	1026	922	779	821	777	712	735	742	720	909	1213	1067	893	162
1054	1026	1017	1015	963	960	976	952	961	1014	1052	1021	1011	1061	1025	839	749	732	756	784	783	700	667	764	1079	1099	974	348
984	962	971	971	960	969	989	954	982	1014	1045	1057	1069	1074	1018	858	838	749	726	783	758	706	727	782	962	1051	1010	515
952	986	1022	1006	982	943	961	981	987	997	1011	1042	1068	1060	1029	949	863	693	707	813	806	732	747	832	956	1046	1014	615
975	1009	1015	980	953	949	966	982	992	1008	1015	1031	1046	1045	1037	990	934	869	826	893	927	864	827	899	953	1055	1011	673
1053	1065	1077	1010	934	950	980	991	1004	1005	1004	1024	1037	1045	1036	1002	964	928	900	921	951	959	964	950	941	1056	1029	701
26	26	26	27	26	26	25	26	25	25	24	25	24	24	22	22	24	23	24	25	23	24	24	23	23	24	23	24
24	26	27	27	26	26	26	26	25	25	23	24	24	23	24	23	24	24	24	23	24	23	23	23	24	25	23	23
25	26	26	25	26	26	25	26	25	25	26	24	26	24	24	22	23	23	22	23	24	23	24	24	25	24	22	25
24	27	27	24	27	26	25	26	26	26	24	24	25	24	24	26	22	24	23	24	23	25	25	23	24	24	24	24
25	25	25	26	28	27	27	27	27	28	26	25	25	26	26	24	23	22	23	23	24	24	22	23	23	24	24	23
1	0	1	1	0	1	0	0	1	11	20	27	27	27	23	25	24	22	23	22	24	23	23	24	24	25	23	24
614	612	617	619	603	560	485	386	264	139	44	0	0	4	18	26	24	22	19	20	21	22	23	23	23	23	22	22
962	962	960	957	958	961	965	962	945	888	787	628	410	180	26	0	10	24	22	19	22	24	24	23	23	23	24	22
935	930	928	950	963	948	934	925	920	923	937	955	963	914	735	421	112	0	10	20	23	21	21	23	23	23	24	23
937	940	941	971	1008	1027	1039	1041	1025	1002	976	953	930	924	948	966	851	487	96	0	18	24	24	24	24	24	23	23
1050	1056	1053	1044	1034	1025	1024	1022	1026	1047	1060	1053	1045	1019	980	939	940	970	814	321	4	14	26	23	25	23	24	23
1074	1069	1071	1066	1071	1076	1052	1011	1013	1020	998	991	1021	1030	1045	1038	976	942	954	949	513	22	14	27	25	25	25	25
1063	1066	1057	1047	1061	1017	982	948	738	779	989	1000	967	968	945	953	999	1036	1012	955	978	558	12	20	27	24	26	24
1067	1067	1056	1068	935	750	656	612	204	96	318	816	905	937	950	924	933	993	1103	1068	980	976	422	0	26	24	26	24
1073	1079	1063	1010	734	557	495	578	140	36	19	272	821	865	974	954	944	926	997	1092	1066	1002	899	173	4	27	26	24
1074	1069	1060	990	741	579	592	778	183	60	61	86	656	889	961	946	934	936	933	984	1041	1039	1018	619	7	24	28	25
1069	1061	1090	1046	887	775	901	780	265	135	120	156	664	967	953	946	931	884	877	899	964	1029	1025	944	251	1	29	25
1066	1061	1077	1085	1045	984	996	622	347	271	290	422	888	961	954	967	930	802	670	753	890	998	1045	1021	700	32	24	28
1064	1060	1056	1059	1077	1059	1017	640	412	386	754	986	817	898	970	976	933	803	691	814	812	953	1134	1094	976	342	0	30
1066	1059	1057	1057	1054	1053	1034	832	621	704	887	419	133	460	939	978	989	962	847	855	807	857	1129	1179	1037	767	53	19
1065	1056	1052	1047	1039	1018	994	985	971	959	530	93	68	223	819	1010	987	823	782	844	822	816	986	1115	1096	969	322	0
1064	1057	1045	1038	1031	995	959	967	953	745	342	111	57	184	719	1003	907	818	833	827	791	801	908	1025	1098	1015	661	6
1063	1058	1045	1043	1031	964	931	939	950	735	396	159	113	275	758	948	807	791	771	772	772	764	832	977	1028	1027	884	132
1036	1043	1033	1009	968	969	971	941	952	866	538	236	201	428	861	901	756	732	733	718	733	697	727	886	1009	1035	972	333
952	1007	979	938	989	1015	1011	963	943	946	779	469	410	643	937	833	787	723	681	690	678	692	743	828	997	1053	999	514
965	1000	1004	968	987	983	986	961	955	964	949	844	750	863	968	843	832	751	688	627	677	749	815	771	965	1062	999	599
1028	1039	1014	963	942	963	972	970	949	946	944	962	989	1001	955	890	809	772	757	726	762	768	716	801	979	1063	1005	640
1063	1064	1080	1024	942	975	983	955	935	935	968	977	970	963	940	949	908	851	891	949	949	894	887	932	963	1060	1019	663
22	21	23	23	23	22	22	22	23	24	22	23	22	22	21	22	24	24	24	25	25	24	25	24	24	24	24	24
21	24	23	22	22	21	22	23	23	23	21	22	22	22	22	23	24	23	24	25	25	23	25	24	24	25	24	24
22	23	21	22	20	21	22	22	21	22	22	23	22	22	23	22	24	23	25	24	25	26	25	23	25	24	24	25
22	23	22	20	20	20	22	21	21	22	22	22	22	21	23	24	24	24	24	25	26	26	24	24	26	25	25	27
19	20	18	18	18	19	21	22	22	23	23	23	21	23	25	26	22	23	24	25	25	25	24	25	24	25	24	25
2	1	1	0	0	0	0	0	0	10	21	25	24	24	24	26	24	23	25	25	24	25	26	25	25	26	25	26
660	658	660	657	636	582	496	374	231	97	11	0	0	16	26	25	25	24	22	24	23	25	24	25	23	25	22	25
955	955	950	950	951	953	957	957	933	853	705	482	225	43	0	11	29	28	25	24	26	26	27	25	25	27	25	25
929	928	924	933	932	926	919	913	915	922	941	963	933	778	459	127	0	11	29	25	26	26	26	26	25	26	25	25
935	937	942	972	973	1008	1019	1015	1009	981	954	933	922	942	970	874	529	126	0	17	29	27	27	27	25	26	25	24
1038	1046	1045	1044	1038	1016	993	988	1011	1036	1049	1043	1026	985	944	939	975	861	428	47	4	29	26	26	26	27	26	25
1067	1066	1070	1063	1068	1067	1034	991	950	960	949	1007	1056	1054	1061	1013	948	947	970	715	171	0	29	30	26	26	25	24
1050	1061	1060	1050	933	628	493	696	939	738	554	501	732	967	977	1027	1033	995	944	973	863	262	0	30	27	25	26	24
1068	1057	1025	792	264	0	0	172	344	101	168	179	91	592	979	946	979	1035	1028	976	974	892	228	1	30	26	26	25
1056	1015	759	300	0	0	0	235	79	7	12	79	73	180	931	728	724	915	1024	1082	1044	997	809	101	13	27	27	25
1044	968	544	163	12	0	0	438	75	20	26	24	119	96	859	793	741	900	968	1041	1115	1061	1004	572	9	28	27	26
1047	1020	678	259	67	13	176	601	45	6	16	0	257	529	960	903	905	917	832	922	1074	1110	1029	943	256	3	29	26
1063	1080	968	631	302	146	331	419	0	3	0	0	614	1015	889	995	958	719	474	690	952	1096	1125	1024	702	32	23	27
1064	1063	1060	993	732	391	357	264	0	0	343	362	423	797	943	1016	817	754	561	682	927	1001	1230	1095	970	313	1	30
1058	1061	1057	1024	978	770	583	413	78	332	816	256	0	25	718	980	773	815	851	922	882	916	1111	1153	1019	715	31	23
1051	1046	1038	1028	1006	957	904	822	505	473	123	0	17	0	439	930	894	951	914	887	772	790	934	1033	1035	950	251	1
1054	1032	1023	1028	1031	987	970	878	278	14	0	15	21	0	319	942	995	930	826	818	807	794	880	962	1037	1003	576	0
1029	1016	1037	1042	1044	1041	1009	1006	531	25	0	10	15	0	249	995	985	869	613	776	799	819	893	956	1018	1016	824	90
998	1028	1043	1042	1053	1056	1067	1063	743	152	0	2	7	0	343	1018	920	789	627	725	679	706	814	951	1009	1037	945	259
991	1015	1001	1024	1063	1061	1060	1071	841	323	63	0	0	0	564	966	839	725	701	726	722	700	785	888	1011	1048	982	421
1005	994	961	977	1061	1068	1061	1057	903	578	397	154	12	92	820	893	820	710	718	633	772	808	809	818	991	1044	988	554
1066	1080	1013	967	1012	1020	1022	1001	943	879	874	799	555	680	966	932	823	796	805	731	805	798	772	864	1000	1078	990	641
1073	1071	1070	1034	1011	985	986	946	923	952	948	964	967	770	477	883	953	886	935	965	955	889	877	931	1034	1144	993	679
23	24	23	26	25	25	25	26	23	24	26	25	23	24	23	23	25	25	24	24	25	25	26	24	24	25	23	24
25	23	25	24	26	24	26	25	23	27	24	24	23	24	24	25	26	23	23	25	25	24	24	24	25	24	24	23
24	24	26	26	24	25	25	23	27	25	23	24	25	24	26	23	23	22	25	24	24	25	26	24	24	25	24	25
27	26	25	27	25	25	24	24	25	24	24	24	23	24	25	25	23	25	24	25	25	26	24	25	25	26	24	26
23	27	26	24	26	26	26	24	24	26	25	24	25	26	26	25	24	25	24	25	25	25	25	24	24	25	24	25
0	0	0	0	0	0	0	0	6	15	23	26	26	24	25	23	25	23	25	24	24	25	25	24	24	26	25	24
613	602	601	590	568	514	427	300	161	49	0	0	9	25	24	24	23	25	23	23	23	25	24	25	24	25	24	24
963	964	961	960	961	961	963	951	908	796	593	332	101	0	2	24	27	25	25	24	25	24	25	25	24	24	23	26
929	927	924	922	922	924	921	920	928	939	960	961	860	594	229	10	2	24	27	24	24	25	26	25	24	26	26	25
942	940	945	958	956	962	977	979	979	963	941	924	929	964	937	667	226	0	7	26	26	25	26	25	25	25	25	25
1003	1014	1022	1018	999	982	986	1009	1035	1062	1066	1027	991	957	937	960	931	585	122	0	22	26	24	25	25	26	26	25
1077	1071	1076	1066	978	785	598	688	901	968	959	1032	1050	1057	1042	978	938	969	851	350	8	12	27	27	27	27	25	24
1070	1058	1068	857	367	101	42	82	482	432	102	402	894	979	1024	1060	1016	963	953	954	568	44	7	29	26	25	25	24
1058	1044	781	150	0	11	19	0	378	96	0	0	353	881	845	864	999	1037	995	956	980	666	56	10	30	26	25	24
972	606	69	0	26	29	29	0	100	24	27	0	63	670	751	626	748	886	1016	1035	994	983	645	28	18	27	27	25
862	215	0	14	28	29	27	0	0	25	25	5	0	529	792	579	691	728	954	1007	1052	1024	992	503	0	26	28	24
894	319	0	0	21	25	0	304	196	8	24	0	0	650	810	631	677	832	942	891	1017	1093	1033	938	249	0	26	26
1031	778	235	0	0	9	0	574	274	1	1	24	561	869	718	741	804	806	758	712	908	1057	1068	1006	721	32	21	25
1045	1065	976	505	19	0	0	482	224	0	103	274	964	911	779	944	884	738	746	684	743	963	1056	1025	964	315	0	27
1049	1057	1083	1057	515	71	0	331	388	491	760	175	248	382	876	1006	876	721	713	765	838	954	1010	1059	1003	691	23	20
1052	1050	1054	1078	1011	692	359	403	325	347	179	3	6	0	454	941	741	759	806	859	914	906	955	1052	1021	920	214	5
1060	1055	1053	1052	1073	1067	981	288	0	0	5	27	29	0	304	855	765	869	874	842	851	859	930	988	1050	989	494	16
1016	1029	1067	1062	1064	1076	1025	534	32	18	27	28	26	1	228	978	956	812	764	737	632	726	904	948	1028	1003	759	76
1012	1011	1065	1069	1061	1067	1072	653	66	4	28	27	25	0	209	1006	907	742	681	711	676	712	829	942	998	1020	917	201
1049	1031	985	1011	1045	1056	1076	753	125	0	20	29	26	0	348	957	844	714	746	702	715	723	753	917	1039	1038	968	374
1069	1041	967	954	1014	1060	1055	883	216	0	0	0	0	117	873	917	780	731	759	745	776	801	736	834	1080	1090	980	536
1079	1056	989	978	1014	1005	1030	979	729	364	303	375	229	539	999	965	838	758	771	849	804	679	783	874	1095	1144	975	647
1061	1063	1050	982	1021	1002	1037	1009	954	965	993	989	962	866	563	837	990	985	983	974	952	858	878	939	1046	1142	989	688
23	24	24	25	24	26	26	25	25	25	25	25	26	24	24	24	26	25	24	25	25	24	25	24	25	24	24	25
25	22	25	24	24	25	24	25	25	25	25	24	24	25	25	25	25	23	25	25	24	24	24	25	24	25	25	24
24	24	26	24	23	25	25	26	26	25	24	24	25	25	26	24	25	25	25	24	25	24	25	24	25	25	24	24
26	25	25	25	24	24	24	24	25	25	25	25	25	25	25	24	24	26	25	24	25	25	24	24	24	25	25	26
25	26	28	26	28	25	26	25	24	25	26	25	25	25	25	25	25	25	24	24	25	24	25	25	25	26	24	25
0	0	0	0	0	0	0	4	14	22	28	27	27	25	25	25	25	24	25	25	25	25	25	25	24	26	25	25
508	497	496	486	456	397	306	194	86	14	0	1	20	25	25	24	24	24	24	24	23	24	24	25	24	25	24	23
965	966	966	964	963	960	949	915	834	692	466	213	30	0	14	27	26	25	25	24	25	25	26	26	25	24	24	23
923	921	919	919	922	921	919	923	935	954	963	930	753	408	86	0	18	28	26	25	25	23	26	24	24	25	25	24
938	935	936	972	996	984	1004	982	952	941	927	927	950	968	832	426	61	0	24	28	25	26	25	24	25	24	25	24
945	963	973	971	928	922	998	1029	1009	1019	1013	983	959	937	941	972	774	287	7	9	29	25	24	25	25	26	26	24
1057	1066	1004	671	291	160	196	460	878	975	980	1000	1023	1041	1006	949	955	944	591	107	0	24	27	26	26	26	24	24
1069	1028	714	174	0	0	0	0	156	816	698	840	973	990	1042	1039	982	945	974	824	285	0	22	27	25	26	25	24
1023	934	376	0	28	30	29	15	117	411	165	424	886	947	873	918	1013	1008	966	968	933	416	2	21	29	25	24	26
984	677	138	11	30	26	27	6	329	178	8	219	789	1011	763	751	874	971	1015	1032	990	959	451	1	23	26	26	24
627	160	129	20	27	28	30	11	150	20	9	187	695	997	718	671	699	808	961	1031	1072	1012	961	388	0	27	27	24
471	43	167	53	25	29	23	67	130	0	36	176	615	977	720	678	706	665	916	963	1033	1069	1024	920	229	0	25	25
874	331	170	105	26	28	6	206	569	0	23	205	791	823	669	661	719	754	977	974	970	1053	1076	1023	746	45	15	23
1066	1006	764	432	57	3	4	140	603	12	99	750	965	837	718	731	758	821	889	898	915	1001	1082	1055	984	366	2	22
1059	1075	1025	888	378	9	0	36	685	696	828	703	231	432	841	895	999	887	796	733	735	932	1040	1073	1018	731	54	31
1057	1061	1079	1069	824	313	169	362	394	492	358	38	0	0	279	946	1004	871	703	701	745	945	976	1072	1032	937	236	46
1060	1060	1060	1063	1040	951	919	190	0	0	0	12	26	8	22	675	834	847	785	734	800	914	964	1063	1077	993	513	42
1037	1024	1043	1053	1043	1039	854	18	0	18	15	21	13	14	66	714	849	721	741	755	811	804	954	1040	1168	1001	767	79
1038	1022	1007	1028	1040	1042	870	29	0	29	30	21	0	15	134	830	993	851	728	724	708	775	918	1036	1275	1025	917	183
1051	1015	962	970	1023	1042	968	182	0	31	31	14	13	12	96	732	798	822	785	744	739	826	892	969	1128	1052	969	343
1100	1043	984	969	999	1026	989	655	0	0	0	0	178	744	552	815	723	865	895	842	826	838	833	932	1080	1066	979	505
1088	1077	995	989	1023	1010	997	990	703	381	399	463	516	995	1043	898	791	824	954	985	934	839	859	940	1019	1059	984	605
1056	1066	1030	994	1042	1045	1015	979	974	970	1020	1023	1035	1013	953	475	381	330	366	723	942	947	956	943	963	1039	998	657
23	24	26	23	24	25	25	25	25	24	24	26	26	24	25	27	24	25	24	25	24	24	26	23	25	24	24	25
24	23	24	23	24	25	26	23	25	25	26	26	25	25	25	24	24	25	25	26	25	25	24	24	24	24	24	24
24	24	24	22	23	25	25	26	25	25	26	25	26	26	26	25	26	24	25	24	24	24	25	22	24	24	24	24
24	25	24	24	23	24	24	24	25	26	25	28	27	26	26	25	24	24	25	23	26	24	23	24	24	25	24	25
25	26	26	26	26	25	26	24	27	26	26	27	26	27	25	25	25	26	24	24	24	24	26	24	24	26	24	25
0	0	0	1	3	3	8	15	23	28	30	28	27	27	26	26	25	24	24	25	24	25	25	24	24	25	22	23
313	321	326	313	276	217	146	74	19	0	2	15	28	27	27	23	25	23	24	24	24	24	24	24	24	24	23	25
953	955	952	951	941	923	886	814	685	502	281	90	2	6	24	27	25	25	23	25	24	25	25	24	24	26	24	24
924	921	919	917	918	919	927	936	952	966	948	837	565	209	13	9	26	27	25	23	24	25	25	24	24	26	24	23
932	928	936	977	1010	1015	1002	986	956	937	934	948	974	920	609	181	6	16	26	25	25	24	25	25	24	25	23	23
929	940	978	977	918	941	1050	1059	1023	998	989	988	954	934	966	889	470	75	9	24	25	27	24	24	25	24	25	25
1010	972	590	206	78	85	296	673	973	958	955	1001	1056	1042	977	941	967	763	281	16	14	25	26	26	24	26	24	23
1006	528	27	0	12	9	0	0	543	965	968	951	927	997	1060	1005	949	958	936	570	99	9	26	26	26	27	25	24
598	105	0	31	30	29	26	0	136	877	951	920	748	707	938	999	1015	980	951	972	782	209	9	28	27	24	25	24
426	111	29	28	26	25	25	0	132	753	789	901	743	770	941	911	963	1019	1023	1016	988	867	250	13	28	24	25	24
333	159	87	18	28	28	24	0	408	651	760	900	836	775	753	801	787	904	1009	1072	1062	1001	863	202	18	29	23	27
259	156	259	71	4	29	10	38	707	643	783	835	858	824	756	728	678	681	777	994	1078	1059	1007	792	112	24	28	25
407	150	394	493	144	7	0	76	871	733	747	773	900	936	841	692	662	732	722	781	1008	1072	1037	1013	600	34	47	26
858	285	175	889	940	375	42	21	645	754	788	889	929	961	868	709	754	849	801	765	938	1038	1069	1040	961	285	46	54
1062	896	294	369	945	832	346	193	627	946	1008	814	228	343	850	893	863	856	853	874	817	931	1066	1068	1022	695	53	80
1050	1048	955	585	351	468	545	467	371	714	907	242	0	23	317	856	957	952	922	838	708	787	1028	1110	1033	934	220	49
1046	1047	1063	1017	457	135	502	649	214	249	355	33	29	185	191	335	695	911	845	731	726	712	964	1156	1103	999	500	16
1018	1026	1053	1070	913	322	396	586	219	98	85	53	178	225	179	251	512	799	821	792	853	811	943	1102	1146	998	744	38
1034	1008	1009	1039	1078	856	716	508	130	4	1	66	356	389	237	216	457	845	918	934	886	858	909	1053	1147	1004	893	153
1055	1004	976	989	997	1028	969	694	146	0	0	136	559	615	450	443	738	929	913	865	734	754	900	987	1063	1011	958	309
1059	1019	976	1002	978	959	954	924	525	153	83	368	948	1022	847	931	959	959	965	919	852	862	943	938	1025	1027	977	455
1065	1059	1007	1022	1013	974	1014	1012	975	829	853	923	947	1039	1044	961	851	728	891	954	946	954	963	930	998	1042	983	548
1064	1063	1042	988	982	1002	996	952	946	964	1027	1022	999	999	1021	716	392	175	459	854	938	955	947	933	980	1038	985	613
24	26	26	25	26	24	26	26	25	25	24	25	26	25	25	26	25	24	25	24	24	26	24	24	26	25	24	24
23	24	25	25	25	26	26	25	25	25	25	26	24	27	25	24	25	25	25	25	26	25	24	26	25	25	23	24
24	25	24	25	26	25	25	26	26	26	25	24	26	27	25	26	25	25	25	26	25	25	25	24	24	25	24	24
24	25	26	25	25	25	26	24	25	26	26	26	26	26	26	25	23	25	25	25	24	25	24	25	24	25	25	25
26	26	25	27	26	26	25	25	27	26	26	25	26	26	25	24	25	26	26	25	26	24	26	26	26	25	25	24
13	12	12	15	17	19	22	24	25	27	27	27	26	26	26	25	26	25	25	25	25	26	24	25	24	24	23	23
95	107	111	103	82	57	28	9	0	5	18	25	26	26	26	24	25	25	25	24	26	26	25	25	24	24	25	25
833	848	853	846	821	778	702	584	415	228	80	11	8	24	24	24	26	26	24	26	25	25	24	25	25	25	25	23
939	937	936	933	935	940	949	960	968	930	811	578	266	49	12	29	25	25	26	25	25	26	25	27	24	25	24	23
926	923	932	955	972	978	970	960	946	935	940	965	941	711	288	36	23	28	25	26	27	26	26	25	25	25	24	25
944	949	987	1021	1039	1056	1069	1064	1069	1040	995	973	939	957	946	645	183	16	30	27	24	25	25	25	25	24	25	24
950	927	616	467	453	480	775	958	981	989	989	1053	1063	1010	948	965	894	473	78	17	28	25	26	25	23	26	26	24
811	179	0	0	0	5	199	609	913	833	670	922	1009	1064	1052	961	941	972	769	279	24	28	22	24	25	26	25	24
196	0	2	4	1	0	13	271	816	884	810	962	885	874	988	1023	1009	955	958	942	534	66	34	26	23	25	26	25
0	0	20	17	5	0	0	270	848	903	936	967	808	832	950	965	1000	1038	1017	987	984	651	77	55	37	22	25	24
0	0	15	21	10	0	12	458	775	612	890	797	751	741	828	996	848	934	1052	1079	1026	994	633	37	64	57	23	25
0	0	1	17	9	0	84	670	817	740	982	838	775	676	816	948	699	698	872	1043	1080	1038	995	525	12	67	54	23
71	0	0	12	43	0	233	738	883	910	1014	938	758	715	888	887	693	729	683	866	1048	1080	1037	963	343	19	68	28
678	44	0	357	707	771	785	780	960	978	985	896	881	878	947	843	769	758	720	729	949	1060	1068	1012	838	119	38	43
1031	768	172	780	1020	832	785	469	459	928	950	912	759	781	797	619	610	670	751	855	925	988	1073	1044	996	516	4	36
1006	1033	809	832	924	418	207	478	214	349	974	741	437	360	236	189	254	413	672	872	860	901	1042	1069	1022	854	110	10
1027	1019	1043	991	846	569	551	929	682	118	751	712	383	157	51	10	13	153	445	654	806	883	990	1066	1041	980	375	0
1035	992	1015	1044	717	473	765	982	942	471	701	794	344	48	20	7	0	50	286	484	643	885	963	1057	1048	1002	666	14
1035	964	961	995	863	857	911	880	898	675	632	828	529	38	0	0	0	132	329	262	404	905	948	1041	1052	1003	860	114
1033	1012	1011	986	1018	1035	1006	896	833	614	520	835	959	504	251	315	610	633	301	171	506	962	935	1013	1067	1007	949	277
1066	1061	1035	1040	1022	1020	1036	1045	983	863	797	1004	1082	1070	1055	1063	1093	886	477	613	929	957	944	966	1058	1022	972	433
1061	1065	1049	1042	1037	1010	1011	1013	969	977	1036	1016	1043	1027	1004	1054	1048	972	898	941	956	928	801	908	1030	1022	974	526
1061	1059	1069	1050	1021	1037	1024	991	983	989	1016	972	1005	958	947	1064	1032	961	986	976	946	532	237	690	1039	1030	972	590
25	25	23	25	25	24	25	25	26	25	25	25	23	24	26	25	25	24	24	26	25	25	24	24	25	25	23	25
25	23	24	25	23	26	25	25	25	24	25	25	25	26	25	24	25	25	26	26	25	24	25	25	24	24	24	23
23	23	25	25	24	24	24	26	24	25	27	24	25	25	23	25	26	25	24	25	25	26	25	24	24	24	24	24
24	25	25	24	24	25	24	25	26	26	25	25	24	24	25	25	25	24	24	25	25	25	24	23	23	25	25	23
25	25	23	24	25	25	24	25	26	27	25	26	24	26	24	24	25	25	26	24	25	24	24	24	25	25	23	24
24	26	26	26	25	26	25	26	27	27	25	24	25	24	24	26	25	25	25	24	24	25	24	25	25	24	24	24
0	0	0	0	0	0	0	2	12	22	28	27	26	26	25	26	25	25	24	23	25	25	24	25	24	24	24	23
519	538	543	532	500	445	356	237	113	23	0	4	21	27	25	25	25	24	24	24	23	24	24	24	24	24	22	23
969	969	967	965	964	964	952	930	860	713	488	229	36	0	17	27	26	25	25	25	24	25	25	25	23	24	25	25
922	922	921	928	935	936	934	932	935	952	962	932	749	376	60	0	20	28	26	25	25	24	23	23	24	25	26	24
943	942	980	1023	1038	1045	1046	1051	1040	1021	980	944	951	965	790	352	27	0	22	26	24	23	24	26	26	26	24	23
941	958	946	895	912	949	978	989	1019	1041	1065	1065	1022	963	952	962	714	238	5	16	28	22	24	26	24	25	26	25
944	761	602	453	473	564	768	907	924	804	785	954	1039	1068	1006	931	957	932	551	97	20	47	30	23	26	26	25	24
809	351	212	227	259	401	629	968	963	736	699	907	962	968	1021	1022	971	940	970	804	263	22	65	41	24	26	26	25
679	214	90	118	225	402	663	988	954	762	774	946	1012	960	948	966	1021	1040	998	968	923	374	18	72	51	26	27	24
668	226	81	75	189	430	731	1025	812	612	698	743	991	832	774	917	931	1000	1072	1052	989	949	378	16	64	43	25	24
680	250	83	62	133	432	859	1031	819	654	717	817	944	771	648	848	876	828	985	1067	1067	1008	932	301	11	43	27	23
755	289	70	24	49	382	934	1031	871	728	831	961	929	780	679	913	903	850	916	980	1065	1069	1007	861	155	6	28	25
966	744	314	1	102	771	977	1011	992	848	842	858	867	775	812	823	540	565	900	966	994	1073	1053	999	673	22	21	25
983	1063	923	481	488	548	222	622	812	961	850	832	866	849	552	114	0	33	349	792	948	1029	1078	1027	968	338	0	26
989	1046	1093	951	723	502	486	826	625	688	980	933	887	466	88	0	0	0	0	182	593	950	1066	1068	1008	762	49	18
1018	1041	1059	1008	1000	1008	984	930	936	447	812	1018	629	122	21	8	15	8	0	29	199	750	1034	1074	1024	963	306	0
1034	1042	1049	1017	716	895	1007	906	973	762	822	935	241	27	14	28	18	10	21	0	28	588	1007	1069	1042	994	637	5
1008	1027	1036	1041	489	767	1007	985	1035	1052	981	914	151	0	0	3	174	627	803	526	16	524	985	1053	1061	997	856	110
1040	1046	1051	1058	997	942	976	1014	1014	1022	977	984	715	341	303	404	884	1056	935	829	543	750	953	1036	1069	1004	946	302
1067	1071	1048	1047	1075	1045	995	1028	1032	982	963	940	987	1026	1056	1030	1024	916	741	813	940	940	950	1012	1071	1010	969	472
1058	1061	1035	969	1035	1055	1039	1031	1009	980	1015	955	960	997	1046	1044	1009	928	849	930	1002	941	762	956	1072	1013	965	595
1060	1066	1049	1007	1029	1040	1046	1038	1028	1000	1029	938	934	955	987	1005	1036	1009	983	990	986	457	165	728	1087	1019	964	678
24	24	26	25	25	25	26	26	26	26	26	25	25	26	25	26	25	25	25	26	26	25	23	24	25	25	24	26
24	26	26	25	26	26	26	25	26	25	27	26	26	26	25	26	25	24	25	26	25	23	25	25	25	25	26	21
24	25	25	25	25	26	25	27	25	27	28	26	26	26	25	25	25	27	26	24	24	25	25	25	25	25	23	24
25	27	24	24	26	25	25	28	25	27	26	26	25	26	26	26	28	26	23	25	25	24	25	24	23	24	24	24
24	24	24	27	25	25	26	26	27	27	27	28	27	27	26	27	25	24	23	23	24	24	25	23	25	25	24	24
30	28	26	26	25	26	27	27	27	27	28	27	27	26	26	25	24	24	23	24	25	24	25	25	24	25	25	23
37	25	18	13	12	12	14	20	24	27	28	27	29	29	25	26	26	25	25	24	24	24	24	24	25	24	22	21
142	157	156	142	122	95	57	20	0	0	5	21	30	28	27	25	25	23	23	23	23	23	24	25	24	22	24	24
871	876	875	870	860	841	798	705	560	366	163	27	0	11	25	25	25	24	23	25	22	23	26	26	22	24	24	23
935	932	931	931	936	936	940	948	960	958	906	740	438	118	0	10	26	23	21	24	24	25	25	24	23	24	24	22
933	935	966	998	1011	1020	1022	1011	991	968	945	952	968	869	519	125	11	42	44	24	22	24	24	25	25	23	23	23
958	951	972	1000	1013	1010	1027	1055	1066	1066	1058	1026	972	944	969	854	432	64	22	69	43	21	23	25	24	24	24	23
934	954	987	974	946	790	699	767	940	964	981	1029	1055	1043	959	938	970	779	274	15	51	53	27	22	22	23	24	23
973	983	969	939	1007	972	779	729	963	944	909	945	947	990	1031	998	943	949	949	574	80	21	42	26	26	26	25	23
1037	961	897	888	974	943	791	750	952	976	942	963	954	948	961	1002	1030	1007	963	972	763	163	8	34	28	25	25	25
1085	1001	869	817	957	935	791	797	836	962	910	840	900	928	956	973	972	1041	1075	1001	970	825	183	2	26	26	26	25
1087	1059	896	799	961	1045	858	855	943	923	791	621	591	603	631	827	971	968	1017	1078	1029	981	803	140	6	27	25	25
1033	1071	928	770	819	1022	983	902	971	918	711	531	398	324	276	397	765	984	959	1012	1081	1041	987	719	73	15	28	25
964	1054	1054	812	745	991	988	957	930	867	586	355	206	152	145	257	519	687	965	991	1039	1080	1028	985	535	12	25	24
957	1033	1103	973	692	838	633	865	999	860	456	220	85	81	162	319	347	404	377	397	856	1072	1076	1010	930	259	2	24
995	1050	1072	1057	666	869	705	640	805	945	505	169	100	149	315	390	310	272	23	0	117	899	1089	1053	990	711	38	21
1034	1064	1069	1047	939	1010	1008	911	720	853	796	331	248	291	369	260	174	46	7	6	0	555	1078	1067	1009	953	295	0
1061	1067	1070	1071	866	803	940	949	859	905	971	756	506	381	265	67	104	363	412	249	4	267	1002	1072	1034	982	648	10
1056	1045	1054	1086	791	735	1014	1004	1017	1039	964	965	836	477	98	82	727	1006	1036	1034	500	123	898	1067	1061	985	870	138
1059	1038	997	987	961	958	1014	1033	974	1056	1004	945	931	793	224	410	998	986	998	1020	871	205	869	1048	1068	995	954	351
1062	1067	1032	947	1010	977	949	1025	1037	1034	1028	981	952	1011	789	533	1010	974	995	1003	814	467	941	1024	1067	1012	967	553
1061	1063	1039	939	989	966	955	1003	981	980	971	962	964	988	928	363	740	991	946	884	765	767	774	1007	1067	1025	956	717
1062	1057	1029	1007	1039	1021	979	945	939	945	976	980	999	973	988	820	709	832	835	848	966	765	687	1008	1071	1027	947	827
24	26	26	26	26	24	26	26	26	26	25	24	25	26	25	26	24	25	25	25	24	24	25	25	24	25	25	24
25	25	25	25	27	26	26	26	25	25	26	25	26	27	25	25	25	24	24	25	24	25	25	26	25	25	25	25
26	25	25	27	25	25	26	26	24	26	26	26	25	26	25	24	25	25	25	25	25	25	25	26	24	26	25	25
24	28	25	24	24	26	26	26	24	26	26	25	26	25	25	25	26	25	25	24	26	25	25	25	25	24	26	23
24	23	24	24	24	25	25	26	25	26	27	28	27	26	26	25	25	25	24	25	26	25	25	25	25	25	26	24
44	43	41	33	30	26	24	25	25	27	27	27	27	25	24	25	25	23	25	25	26	25	25	25	24	25	26	24
62	67	70	67	63	58	51	44	38	32	28	26	25	25	26	25	24	24	27	25	26	25	25	25	26	25	25	23
11	11	12	11	12	14	12	12	19	28	40	43	30	25	24	23	24	25	25	24	24	24	25	25	25	23	25	23
551	551	548	556	562	562	529	436	309	173	55	11	27	44	31	22	21	22	24	24	24	24	25	24	24	24	24	23
969	967	964	963	962	962	962	967	958	915	796	560	254	46	27	57	42	24	23	26	25	25	26	25	26	25	25	24
931	933	947	967	978	984	976	962	946	935	939	966	948	749	335	38	33	65	38	25	27	25	26	25	25	23	24	24
967	971	1006	1031	1048	1050	1059	1067	1063	1051	1018	976	935	947	963	729	249	9	43	42	25	25	27	26	26	24	26	25
939	935	948	979	936	966	974	972	987	1008	1033	1059	1050	996	927	952	951	613	134	15	24	25	26	25	24	25	25	25
986	960	1006	981	906	1019	966	904	950	957	966	961	969	1005	1007	965	935	969	867	375	11	11	25	26	25	25	26	25
1027	1040	1023	936	848	919	932	949	966	956	975	993	966	960	998	1042	1022	985	957	960	581	49	4	27	25	26	26	25
1003	1039	1047	920	837	901	950	848	720	622	783	732	356	367	539	734	957	1085	1065	979	975	673	73	4	28	27	25	26
989	1014	1054	990	967	1041	888	689	521	456	665	229	0	0	20	137	426	830	1073	1079	984	975	683	64	12	27	25	25
948	989	1046	1051	1012	1014	809	587	441	527	530	45	0	0	0	0	47	344	829	1067	1076	1015	981	621	26	18	27	25
949	954	1030	1036	982	969	832	523	411	533	219	0	4	12	15	3	25	116	351	896	1066	1077	1010	971	455	1	25	24
965	984	1010	1030	804	787	960	724	596	539	44	0	20	20	12	16	111	177	40	273	969	1070	1064	989	905	205	1	27
999	1019	1008	1001	496	604	1012	935	860	639	0	0	21	13	3	104	304	236	22	31	531	1047	1069	1034	980	679	18	22
1049	1048	1059	1048	595	643	954	913	703	837	183	0	0	3	66	389	470	93	13	15	12	604	1076	1056	991	945	274	0
1047	1050	1066	1054	902	530	784	903	660	875	870	299	0	22	406	716	233	52	165	113	0	79	945	1077	1035	973	644	10
1078	1031	995	977	981	841	750	916	929	1001	996	975	763	605	813	489	279	758	838	831	431	0	796	1076	1059	969	877	155
1073	1065	1033	943	944	978	990	999	1062	1044	1008	991	1013	1029	854	305	806	1023	1006	1058	818	134	847	1054	1060	988	962	396
1060	1064	1048	934	958	1004	1009	1012	1050	966	712	635	468	500	796	611	955	948	984	1013	667	492	921	1033	1070	1014	961	648
1056	1068	1026	945	974	962	962	981	970	987	974	905	691	741	900	618	650	903	913	764	638	829	737	1003	1079	1030	946	833
1078	1062	1001	960	1012	1046	994	932	947	976	1034	1066	1087	1062	1008	899	672	652	676	781	916	765	772	1023	1078	1040	934	938
24	25	24	27	23	24	25	25	25	25	24	24	24	24	25	26	24	24	25	23	24	24	24	24	25	24	25	24
26	25	23	25	25	26	24	25	25	25	23	25	25	24	26	24	24	25	24	23	25	24	25	26	24	25	24	25
25	25	24	25	25	24	24	25	24	26	25	24	24	25	24	24	25	25	22	24	26	24	26	25	23	25	26	24
24	26	25	25	23	26	25	26	25	25	25	24	25	24	24	24	27	23	24	24	25	25	25	24	25	25	26	25
26	24	26	24	25	24	24	26	25	25	25	26	24	24	25	25	25	25	23	24	26	24	24	26	25	25	25	25
25	26	26	25	27	24	25	24	23	24	24	24	26	23	25	24	25	24	25	24	24	25	26	26	24	25	26	25
28	32	37	42	48	53	57	59	55	48	36	24	23	24	25	25	24	25	24	24	26	27	24	25	26	27	26	24
10	11	17	19	18	17	19	19	23	42	65	74	41	21	25	25	24	23	25	26	24	24	24	25	25	23	24	22
216	267	314	341	380	411	406	348	247	128	25	4	39	55	27	20	21	21	23	22	22	23	24	24	23	21	24	23
924	944	959	959	958	961	968	965	949	897	769	528	222	46	33	35	29	27	25	26	26	26	25	25	25	26	27	24
938	928	937	940	944	943	934	929	921	924	940	969	947	731	327	51	17	28	25	27	28	24	25	25	27	24	26	25
959	964	989	1030	1048	1052	1053	1043	1026	1003	970	939	922	952	961	717	244	12	16	29	28	24	27	27	26	26	26	26
938	946	957	962	977	979	982	998	1020	1046	1057	1058	1020	957	923	965	929	535	79	0	27	29	26	26	26	26	26	26
1014	993	977	1009	964	943	946	979	953	900	851	888	1008	1055	1016	962	939	972	789	249	0	24	28	27	28	26	27	26
1047	1023	981	1008	964	971	941	701	456	362	415	554	745	831	771	904	1017	959	957	924	440	8	16	29	27	28	26	27
1050	1039	1035	986	955	959	553	137	14	0	77	384	351	56	0	97	621	1090	1037	959	966	558	28	13	31	28	27	25
988	995	1035	1039	993	811	231	26	2	0	121	475	155	7	5	0	0	489	1086	1063	973	976	595	31	19	29	25	25
948	941	943	1008	1044	645	95	17	2	0	305	514	64	18	24	29	13	0	473	1092	1074	1003	975	538	9	22	26	25
943	966	960	961	1006	612	58	10	0	22	508	469	24	17	25	27	27	5	0	670	1098	1074	995	955	368	1	27	27
973	969	970	967	995	814	195	13	0	149	579	327	13	19	26	25	19	15	2	201	938	1078	1053	978	861	151	10	29
973	989	991	946	918	919	750	391	141	301	435	146	8	22	27	19	4	12	14	133	794	1053	1061	1027	978	606	15	24
1031	1047	1068	1013	888	743	859	914	786	795	473	82	0	15	15	1	2	13	91	356	486	834	1073	1064	983	919	236	11
1051	1034	1035	1000	941	764	652	663	826	984	907	617	253	37	0	74	36	159	313	185	153	528	1030	1071	1025	969	604	44
1063	1075	1038	954	947	953	760	714	789	959	1036	1026	978	827	785	655	419	483	430	278	179	550	978	1065	1046	965	876	184
1066	1066	1035	959	947	1004	994	959	697	402	624	643	721	754	905	897	611	827	911	796	459	729	956	1053	1056	985	958	458
1063	1064	1044	942	938	992	999	954	929	412	50	31	5	0	142	759	925	981	994	992	828	853	820	1036	1067	1011	951	703
1105	1106	975	1004	1000	981	958	948	974	989	918	839	678	503	511	860	982	973	937	942	909	761	739	1014	1076	1033	934	895
1122	1120	1010	991	1032	1042	966	923	953	1029	1069	1076	1090	1089	1029	941	948	896	829	803	807	793	769	985	1078	1041	929	954
24	25	25	25	25	25	24	26	25	25	25	24	25	25	25	26	24	24	25	26	24	24	24	24	24	25	25	24
25	25	24	24	26	25	24	25	25	26	25	25	26	25	25	24	24	24	25	24	24	25	25	26	25	25	25	24
25	24	25	24	24	24	25	25	27	26	25	25	24	25	24	24	25	25	23	25	25	26	25	26	24	25	26	24
25	28	24	24	24	24	27	24	26	25	24	25	25	24	25	25	26	23	25	26	26	24	24	24	24	24	25	24
25	25	26	27	24	24	25	25	25	25	26	26	25	25	26	26	24	25	24	24	23	23	25	25	25	25	26	25
26	25	26	24	25	25	24	27	26	26	26	25	25	25	24	24	26	25	24	24	24	25	26	25	25	25	25	24
25	26	26	26	26	25	26	25	22	25	24	25	25	25	25	26	26	23	25	23	25	26	25	26	26	24	26	24
20	9	0	0	0	0	2	4	6	12	28	38	32	22	23	24	24	23	24	24	24	25	24	22	24	22	23	23
43	114	225	340	423	467	462	416	318	187	65	14	24	46	31	21	22	23	24	22	23	22	22	25	24	21	25	23
742	863	932	959	961	962	963	966	956	920	808	577	265	44	31	53	29	25	26	24	25	26	27	24	24	24	27	25
963	939	928	921	920	919	915	913	913	921	940	968	952	745	314	35	44	38	22	23	25	25	24	25	26	25	26	24
959	953	959	994	1011	1011	1006	995	976	954	937	922	924	958	963	664	165	22	45	25	26	25	27	26	26	25	25	25
943	943	951	978	994	1003	1027	1054	1069	1080	1068	1054	997	938	927	973	893	398	41	38	29	25	26	25	25	25	26	26
968	969	944	930	930	952	918	663	426	370	400	604	940	1077	995	946	943	971	657	137	27	29	24	26	26	27	27	28
1007	1007	985	939	947	926	448	74	0	0	0	0	76	523	904	970	992	940	968	843	289	20	26	25	27	27	27	27
1001	1010	1008	957	936	562	11	0	20	25	17	0	0	7	299	268	719	1078	991	958	930	412	30	23	29	28	26	25
962	969	979	902	619	213	0	25	28	26	10	4	26	42	108	0	16	659	1121	1037	965	959	462	24	25	28	25	27
954	961	958	827	472	186	4	27	27	26	1	39	32	49	39	19	9	21	607	1102	1064	987	954	395	10	26	29	26
963	960	994	888	520	291	11	27	30	22	24	128	32	58	15	24	28	13	0	614	1107	1060	986	903	231	10	24	27
1003	971	998	945	688	538	32	11	32	6	104	266	41	56	15	25	25	28	14	21	794	1099	1043	985	738	90	22	26
992	1022	982	959	877	935	461	0	0	0	355	565	170	19	22	26	27	29	34	0	403	1095	1064	1019	968	461	39	25
1028	1046	1017	956	946	992	1012	678	417	540	894	919	479	32	0	19	26	26	6	44	721	1036	1068	1064	986	857	186	44
1065	1033	1003	1010	979	982	961	1004	1042	994	995	1030	938	576	179	6	0	7	184	595	738	853	1068	1073	1021	969	559	62
1066	1183	1258	952	975	1010	969	907	709	876	854	741	796	809	772	529	433	617	762	639	457	582	991	1071	1049	970	864	181
1061	1066	1212	955	949	971	989	828	8	34	98	70	143	175	237	495	929	767	657	671	794	817	916	1061	1059	986	959	413
1064	1067	1049	939	946	947	963	920	293	94	21	0	0	3	0	233	909	752	726	904	923	877	887	1045	1067	1015	952	683
1098	1031	949	1002	1030	1004	984	952	918	875	797	641	453	273	284	698	930	907	888	891	868	862	873	1032	1073	1033	935	900
1087	1004	974	1004	1047	1040	940	932	960	1006	1066	1088	1072	1023	983	953	919	829	846	812	727	852	878	1031	1073	1044	936	955
23	24	25	26	25	24	25	26	24	26	25	24	24	24	24	25	24	25	25	24	25	23	24	24	24	25	25	25
24	23	25	25	26	24	25	25	25	25	25	24	24	25	25	25	24	24	23	25	24	24	24	25	24	24	25	24
24	23	25	25	25	25	24	25	26	25	25	25	25	25	24	25	25	23	24	24	24	24	24	24	24	25	25	24
25	26	25	24	24	24	26	25	25	26	24	25	25	24	25	24	25	25	23	24	24	24	23	25	24	25	26	23
25	25	26	26	25	24	24	24	25	25	25	26	25	25	24	24	24	24	24	25	24	24	24	26	24	24	25	23
26	24	26	25	26	24	23	25	26	25	26	25	24	23	23	24	24	24	24	23	24	25	25	25	23	24	25	23
26	27	28	27	27	24	26	24	24	25	25	24	24	24	24	24	25	24	23	22	24	26	24	24	24	24	26	24
27	15	0	0	1	2	1	0	0	0	9	22	25	25	23	24	23	24	24	23	23	25	24	25	24	24	25	23
19	124	320	489	573	609	596	521	403	241	80	0	0	18	25	24	23	24	23	23	23	25	24	24	24	23	25	23
502	865	955	964	957	958	960	966	966	941	844	607	265	26	3	26	26	24	23	25	25	25	24	25	25	24	26	24
1011	932	916	914	914	913	912	912	912	921	940	967	950	716	263	13	21	28	24	25	24	25	25	25	26	24	26	25
971	940	943	963	960	959	962	955	940	924	922	922	924	961	940	579	106	11	31	25	25	26	25	26	25	26	26	24
953	945	956	992	1012	1039	1080	1078	1079	1056	1026	1014	964	926	931	975	822	296	15	26	28	25	25	26	26	25	26	26
935	937	938	936	957	847	481	296	288	384	569	766	944	1024	970	924	949	944	531	63	12	29	26	26	26	26	26	25
945	948	935	943	949	348	0	0	0	0	0	9	126	412	822	999	947	928	972	739	168	6	27	27	26	26	26	26
960	960	956	958	894	121	0	4	3	11	27	22	3	2	247	692	907	1032	949	964	862	267	4	24	27	27	25	25
967	935	983	893	356	0	8	1	0	8	22	24	18	57	393	210	131	842	1103	997	963	907	303	6	25	26	26	26
982	962	966	641	135	12	16	6	0	3	20	21	14	134	385	57	0	78	841	1110	1041	980	885	242	17	25	26	25
993	977	856	637	205	39	20	6	0	1	21	13	12	288	264	0	6	0	85	864	1102	1046	988	775	133	34	24	26
980	993	794	687	285	113	41	0	0	2	6	0	73	413	90	0	12	15	0	191	978	1079	1038	983	590	63	41	24
1007	1003	816	724	453	340	426	96	23	0	0	41	435	390	10	5	9	10	0	17	702	1081	1070	1019	942	362	52	38
1006	986	933	853	833	904	1002	876	727	669	745	895	959	507	154	52	4	0	0	244	817	1030	1068	1057	991	809	158	64
1067	1048	978	1000	1001	982	961	973	977	1019	958	700	434	452	480	322	166	180	425	746	689	812	1059	1066	1024	973	496	53
1197	1268	1158	931	991	974	945	938	983	860	276	95	53	49	150	255	666	650	668	655	654	688	974	1074	1056	979	836	93
1053	1067	1331	938	957	948	961	870	322	80	0	9	13	12	0	188	735	604	746	746	764	753	916	1071	1069	1000	966	341
1077	1103	1089	930	943	937	948	959	267	0	2	0	3	11	0	474	782	731	760	821	773	801	896	1059	1077	1018	964	645
1120	1128	951	987	1028	967	985	980	892	523	572	421	185	96	207	794	784	842	783	825	785	802	906	1043	1060	1030	944	865
1133	1082	1000	980	1028	993	951	937	962	975	992	1017	963	892	920	939	774	826	810	841	734	809	963	1028	1058	1043	934	958
23	24	25	25	23	24	26	24	24	26	24	25	25	23	24	24	25	25	25	25	24	24	24	25	23	26	23	24
24	25	23	25	24	25	25	25	25	23	24	26	24	24	25	27	25	24	23	25	24	24	25	24	23	28	23	24
25	24	22	24	25	24	25	25	25	25	24	24	24	25	26	25	24	24	24	24	26	24	23	25	25	26	23	24
25	27	24	24	24	25	26	24	24	25	25	24	24	25	25	25	24	25	25	24	24	25	25	25	24	24	25	23
26	26	25	24	25	24	25	24	24	24	27	25	24	25	26	24	24	25	25	23	24	25	24	25	24	26	24	23
26	27	25	27	25	23	23	25	25	26	26	26	23	23	25	23	25	25	24	23	25	24	25	25	24	25	24	22
27	27	28	24	23	22	26	25	24	24	25	25	25	23	24	25	25	25	23	24	25	25	25	26	25	24	24	23
20	3	0	0	2	5	2	0	0	0	16	26	26	25	23	26	25	25	24	25	25	25	25	25	23	23	24	22
72	267	482	616	680	690	653	555	405	220	59	0	5	25	26	26	25	25	24	25	24	25	25	25	22	24	24	23
702	945	968	958	950	949	953	961	967	934	804	527	184	11	12	25	25	26	25	27	26	26	25	25	25	24	25	24
963	922	913	912	914	918	915	912	914	920	943	974	910	579	145	0	20	28	26	28	26	24	25	24	24	24	27	24
929	926	936	953	959	953	942	933	920	916	917	919	937	972	864	400	34	5	28	28	26	23	25	25	26	25	26	23
979	962	985	1022	1041	1059	1078	1079	1082	1052	1007	969	937	920	945	963	666	147	0	22	28	26	25	26	25	24	27	23
943	944	937	943	958	897	495	410	611	606	717	940	1052	1023	944	927	969	846	329	5	14	28	25	25	27	26	26	24
959	959	963	970	942	636	172	150	178	126	0	104	363	714	988	970	922	944	942	525	54	9	26	27	27	25	26	24
969	946	994	1010	735	427	342	291	255	182	14	0	0	0	272	893	1022	970	933	967	659	113	22	23	26	25	25	23
1000	947	868	534	255	46	312	295	288	193	31	0	10	0	0	588	756	1028	1038	956	971	710	145	41	26	26	25	23
995	960	382	66	138	17	181	240	281	242	40	0	7	0	69	477	307	529	1034	1072	1010	982	693	120	54	26	24	22
1003	846	106	29	177	39	82	241	313	253	51	0	0	0	265	351	158	193	560	1034	1080	1036	983	616	80	57	26	22
993	689	49	17	201	148	23	231	327	255	71	0	5	148	472	211	108	113	255	767	1075	1072	1033	970	498	63	47	20
1010	701	71	7	107	348	351	403	530	417	259	276	292	489	390	227	152	156	306	679	1029	1054	1069	1012	924	304	42	28
970	895	378	92	83	419	1013	989	966	929	891	551	267	240	286	283	298	423	595	857	935	1037	1064	1058	998	784	76	23
1016	1040	985	756	613	808	960	953	950	929	355	28	0	5	59	97	421	870	919	873	803	901	1062	1067	1030	985	432	0
1253	1083	1004	982	1037	982	973	980	1024	742	0	4	16	23	0	66	679	858	793	818	784	827	1015	1075	1059	990	818	50
1057	1060	1037	937	1006	993	965	961	907	404	8	1	3	21	2	294	919	915	810	799	763	830	977	1072	1070	1000	961	289
1076	1125	1054	932	959	973	947	956	808	293	0	0	14	12	55	583	958	852	838	853	807	820	925	1031	1051	1013	973	554
1110	1246	1047	990	967	960	989	949	966	785	552	259	171	284	505	881	900	831	854	846	860	869	933	977	1027	1029	957	759
1130	1098	1081	1038	1002	940	981	968	957	956	983	954	920	931	948	942	891	893	879	943	908	874	913	949	996	1027	938	890
24	25	25	24	25	24	24	24	24	25	24	25	26	24	24	25	25	25	26	25	26	24	24	25	24	26	25	24
24	25	24	24	23	25	25	24	24	24	25	25	24	24	25	27	25	25	24	25	25	24	25	26	25	26	25	23
24	24	24	23	25	25	23	25	24	24	26	25	24	26	26	25	25	24	24	25	26	25	25	26	25	26	25	24
26	25	24	24	24	23	24	24	24	25	25	25	24	25	25	25	25	26	25	25	26	25	26	27	24	25	25	24
26	25	25	24	23	24	25	24	24	23	26	24	25	25	26	25	25	26	24	25	25	26	25	26	24	25	25	24
25	26	25	25	24	23	23	24	23	25	25	25	25	26	24	25	24	25	25	25	26	26	25	26	23	25	24	24
23	24	25	24	24	25	24	23	23	23	23	26	25	25	25	24	25	25	26	25	28	26	26	26	24	26	25	24
36	14	3	0	0	0	0	0	0	7	22	24	25	24	25	25	24	25	28	27	26	26	25	25	25	24	25	23
140	295	449	563	622	616	554	447	280	105	3	0	16	28	27	26	26	28	27	27	25	27	27	26	26	24	24	23
893	955	968	964	958	962	966	972	956	869	657	322	45	0	25	30	29	28	28	28	28	29	26	26	25	24	25	23
930	921	918	917	916	915	916	922	914	930	962	966	778	337	19	7	31	30	29	30	28	26	26	25	25	24	25	24
918	927	934	939	946	943	936	928	917	911	913	921	957	967	673	162	0	24	30	29	27	25	27	25	25	25	26	24
973	997	1032	1045	1054	1061	1066	1071	1070	1037	1000	958	924	922	969	883	393	25	11	24	27	27	26	26	26	25	25	23
948	949	947	961	983	991	796	729	769	899	973	1061	1067	987	930	944	964	615	126	20	23	23	25	26	26	25	25	24
949	942	926	972	845	420	157	212	218	353	490	564	777	988	1015	951	930	971	799	270	42	32	24	26	28	25	25	23
945	942	976	717	120	27	139	269	313	388	441	309	197	496	930	1038	989	948	953	897	389	64	54	28	26	26	25	23
988	1002	591	29	0	39	118	246	314	385	483	337	128	242	691	1062	1095	1067	1001	956	934	457	74	67	31	24	24	23
972	823	25	0	18	27	70	144	247	341	420	356	163	240	638	1050	1106	1088	1080	1046	1000	950	472	69	60	25	23	22
1028	478	0	27	11	21	43	122	196	311	407	351	258	332	667	1088	1043	1053	1054	1076	1078	1032	959	443	46	40	24	24
983	258	0	27	9	12	31	126	150	254	443	559	415	240	201	626	990	994	981	1001	1074	1076	1032	950	352	12	25	24
982	299	0	27	15	4	79	234	167	355	790	621	168	52	40	89	702	957	946	932	1010	1074	1071	1023	910	205	0	24
967	702	37	0	0	7	446	716	806	923	605	63	0	9	0	171	760	931	955	932	940	1057	1073	1063	1019	764	36	13
922	975	822	408	229	527	961	985	1000	725	20	0	21	30	10	455	889	917	879	899	927	1022	1065	1075	1042	992	394	0
1067	1038	1047	1067	1016	995	978	972	1022	690	5	32	43	16	80	720	915	936	873	871	895	961	1033	1071	1060	1007	766	26
1061	1070	1025	984	991	984	985	998	1027	685	71	355	500	133	180	897	944	869	831	803	882	903	978	1041	1061	1013	935	186
1061	1072	1030	954	997	959	978	954	982	752	150	457	795	623	510	966	948	877	839	892	870	883	965	967	1038	1024	976	385
1099	1127	1049	978	964	959	984	942	941	979	620	342	613	930	939	938	958	901	877	894	820	804	972	951	1004	1025	977	552
1104	1070	1076	1055	1009	941	994	998	962	958	975	893	911	948	940	959	981	835	632	539	611	920	986	958	1009	1025	970	662
25	24	23	24	25	24	24	24	25	26	25	25	25	25	24	25	24	24	25	24	26	25	24	23	25	24	24	23
23	23	25	25	23	23	23	26	25	25	25	26	23	24	25	25	24	25	24	25	25	24	24	24	24	25	24	22
24	24	24	24	23	23	24	25	27	24	26	24	24	26	25	25	24	24	25	26	25	24	26	24	24	25	24	23
25	24	24	24	23	24	23	25	26	27	25	24	25	24	24	26	24	26	25	25	23	25	26	23	23	24	23	25
25	25	25	23	24	24	25	24	25	25	25	26	24	25	24	25	25	25	25	25	24	26	24	23	23	23	25	25
24	25	26	25	24	24	22	25	23	24	27	25	24	25	24	25	24	25	25	26	25	25	23	24	23	25	25	24
22	26	24	25	26	24	24	23	25	25	23	25	25	24	25	24	27	26	26	24	25	25	23	23	23	25	24	25
47	39	26	14	6	2	2	2	10	18	22	24	26	24	23	24	25	23	25	24	22	22	23	23	22	23	25	23
84	144	225	305	362	368	322	225	100	11	0	5	21	23	23	23	24	24	25	23	22	23	24	24	24	24	25	24
827	884	928	950	959	962	961	940	860	687	405	117	0	9	27	27	28	25	26	24	23	25	26	27	24	23	24	24
946	935	927	920	919	920	924	928	933	958	973	871	521	117	3	19	23	26	26	25	25	26	26	25	24	24	26	25
922	928	934	934	935	933	931	929	924	914	915	940	980	832	369	44	24	28	24	22	27	26	27	25	24	24	25	25
971	1019	1037	1045	1053	1050	1046	1051	1048	1025	984	950	926	949	960	651	181	44	44	40	26	25	25	26	25	25	26	26
980	956	958	963	975	998	1003	987	976	1013	1073	1052	1029	974	933	970	851	385	89	66	60	28	25	29	27	24	25	27
965	931	927	985	798	533	325	240	256	360	740	1016	1027	1036	1004	947	946	950	604	152	81	81	33	27	27	24	26	26
953	950	989	673	60	0	0	0	0	0	74	636	1001	1081	1083	1039	1022	971	973	749	206	77	72	29	26	25	25	26
956	992	748	69	4	29	19	5	0	0	41	239	827	1061	1103	1080	1072	1080	1016	984	827	232	40	47	27	24	26	26
947	860	150	2	30	27	21	14	4	0	33	193	771	1063	1153	1080	1079	1091	1090	1042	1006	882	264	8	28	26	25	26
972	499	0	33	28	26	24	16	11	3	5	305	618	321	763	1126	1101	1107	1086	1090	1076	1041	925	299	0	25	24	27
952	333	6	32	31	28	27	18	17	0	38	618	181	0	0	633	1139	1101	779	871	1081	1071	1043	937	292	0	25	26
958	506	27	28	28	28	13	0	0	80	546	314	0	26	0	183	980	1012	773	708	1018	1075	1068	1043	908	201	0	28
952	883	315	66	27	4	36	135	438	818	350	0	31	32	1	614	929	867	907	871	933	1051	1073	1066	1037	760	36	18
975	1028	945	649	494	590	846	945	1015	413	0	11	3	7	165	918	841	782	838	884	896	1015	1060	1074	1050	1003	368	0
1017	1004	1010	1030	977	982	986	989	863	82	217	572	428	0	415	971	820	867	890	902	917	967	1005	1074	1054	1029	712	9
1053	1045	1020	1004	969	975	1006	1010	865	195	770	1022	1035	243	573	936	869	887	919	875	874	948	956	1039	1057	1032	895	117
1077	1079	1062	985	1010	1017	960	984	957	615	859	1000	1015	569	788	970	895	863	838	875	896	917	947	994	1022	1036	965	255
1271	1317	1075	964	983	975	940	948	931	954	937	954	996	931	927	948	940	866	853	858	852	851	937	965	994	1035	985	359
1035	1077	963	960	933	935	971	994	949	938	980	984	998	948	927	972	959	909	904	855	772	908	944	937	999	1038	990	412
24	25	25	25	26	24	26	24	25	26	26	25	25	26	25	25	24	24	25	25	26	25	25	25	25	23	24	24
24	25	24	26	24	23	24	26	24	27	25	26	26	25	24	25	25	25	25	26	24	25	25	24	23	24	25	23
24	26	25	24	22	25	25	26	26	25	26	25	25	25	25	26	24	25	25	26	23	25	25	23	24	24	24	24
26	24	25	25	24	26	24	25	25	25	26	26	26	25	25	25	25	25	25	24	24	26	25	23	23	24	24	27
23	25	27	25	25	22	25	25	26	27	26	27	25	24	25	25	25	27	26	24	25	27	24	22	23	25	26	26
25	27	25	25	26	25	25	25	25	26	27	26	24	25	25	25	28	27	25	25	26	25	23	22	24	26	25	23
26	27	27	28	27	26	23	26	26	26	26	25	26	25	26	27	26	25	25	26	25	25	22	23	24	25	23	24
24	23	24	22	18	15	18	19	23	24	24	25	26	25	26	25	25	26	26	27	24	22	23	24	23	23	25	24
16	24	37	57	74	77	58	22	0	0	8	18	19	22	21	22	24	23	24	21	19	20	23	22	21	23	22	23
582	650	711	763	798	801	772	693	538	322	109	12	16	27	28	31	24	26	25	21	22	25	25	25	23	23	24	25
969	963	959	951	945	944	945	968	969	960	851	528	150	39	62	57	50	30	19	23	26	25	26	25	21	24	25	27
927	926	927	929	927	925	919	921	917	919	936	972	828	443	128	82	97	79	42	22	27	24	25	24	23	25	26	25
974	1012	1030	1042	1046	1042	1038	1036	1028	1004	962	930	943	967	785	333	82	89	97	55	26	23	24	26	25	25	26	27
1007	1011	1047	1055	1025	1027	1032	1021	1033	1063	1085	1050	1005	959	961	960	629	161	59	81	45	27	28	27	26	24	27	27
1060	1020	1012	1000	971	737	449	276	279	401	699	1057	1099	1071	1006	953	973	857	328	33	52	41	30	27	28	24	27	26
1008	949	964	944	443	29	0	0	0	0	0	467	1081	1101	1086	1044	1032	996	953	502	22	11	33	28	26	24	24	26
936	943	1005	476	0	12	31	30	30	32	7	15	855	1104	1073	1076	1072	1080	1029	994	671	82	0	27	27	23	26	28
933	974	620	22	20	32	28	26	28	30	21	0	813	1124	1129	1096	1083	1064	1079	1056	1025	802	169	0	27	26	26	27
958	850	157	12	33	30	28	23	18	29	0	229	593	369	825	1136	1106	1084	1063	1083	1075	1052	887	261	0	24	23	27
982	764	116	21	29	20	13	23	1	0	112	590	35	0	41	807	1135	1088	1008	1017	1074	1078	1063	946	315	0	26	26
953	907	242	10	12	0	0	0	0	23	581	282	0	35	0	256	1021	1021	1017	979	1046	1071	1077	1064	937	231	0	28
1052	1103	729	152	14	0	52	212	347	722	418	0	32	35	5	318	929	968	981	951	990	1057	1074	1075	1051	788	45	19
1101	1113	1118	867	500	375	752	965	1000	545	83	217	33	21	19	574	982	914	889	925	964	1009	1064	1074	1056	1022	371	0
1094	1094	1095	1113	1097	1048	964	976	861	355	796	964	393	0	88	793	928	849	877	928	919	966	999	1063	1068	1053	706	5
1035	1024	1046	1046	1033	1010	949	960	879	799	1001	953	705	0	366	959	917	873	900	952	932	971	929	1025	1047	1052	896	96
1007	1045	1041	1010	975	976	976	974	962	999	974	988	928	358	792	973	937	921	955	1008	962	901	926	961	990	1030	976	209
1085	1545	1257	1056	957	941	956	975	942	1005	990	954	960	919	962	944	974	997	1013	1029	921	902	933	917	1016	1043	1001	299
1044	1301	1356	1040	979	937	982	993	956	939	990	1013	992	971	927	964	970	979	992	1009	1006	966	912	1024	1166	1079	1010	346
26	25	25	26	25	26	26	26	23	24	25	25	26	25	26	25	24	25	26	25	24	24	26	25	24	24	25	24
25	24	26	25	25	25	26	25	24	26	26	25	25	26	26	25	26	25	26	24	26	25	26	25	23	25	25	23
24	25	25	24	24	25	25	25	25	26	25	26	25	26	25	26	26	25	25	25	25	25	25	24	24	25	24	24
24	24	24	23	25	26	24	25	25	26	25	27	26	25	26	26	26	26	25	25	25	26	25	24	24	23	25	25
24	25	24	24	24	24	26	24	27	27	27	26	26	26	25	25	26	27	25	25	27	26	23	24	23	24	25	26
25	24	24	24	23	23	26	25	28	27	27	25	26	26	25	25	26	27	25	26	26	24	24	24	23	25	25	25
25	23	23	23	24	23	21	24	24	26	25	27	27	26	26	26	27	26	25	24	24	25	23	23	24	25	25	23
32	35	37	39	39	38	37	35	31	31	30	27	22	23	25	26	27	26	26	25	25	24	25	24	25	24	25	25
47	40	31	23	19	15	18	28	41	52	67	67	66	52	29	25	26	24	25	24	22	22	24	21	24	21	23	23
205	247	278	328	361	362	330	247	141	41	4	23	73	102	89	51	23	23	22	22	20	23	22	22	22	22	24	24
929	942	946	953	956	956	950	946	888	737	425	96	50	89	105	101	66	29	23	23	25	25	25	24	24	25	25	25
932	929	927	923	921	924	922	927	930	949	962	789	419	112	17	51	73	51	26	25	25	24	25	24	23	24	26	26
981	1013	1022	1026	1025	1028	1021	1016	1004	979	948	950	964	865	484	76	2	35	34	24	26	25	25	24	26	25	26	25
997	1030	1055	1076	1085	1074	1070	1066	1078	1083	1068	1031	983	953	975	830	344	6	4	24	24	27	25	26	26	25	26	26
1079	1083	1074	1036	1034	1012	890	708	657	782	988	1084	1089	1059	989	971	967	644	108	0	25	27	27	28	26	24	26	26
1053	1003	955	983	928	601	261	101	73	128	432	932	1110	1114	1098	1064	1032	1013	844	283	0	17	30	26	26	26	25	27
953	943	974	886	340	57	18	20	23	17	35	605	1081	1086	1093	1083	1075	1075	1046	965	500	20	4	28	26	24	25	27
947	971	875	241	8	25	33	36	24	28	2	439	1121	1102	1079	1070	1073	1072	1085	1063	1026	688	106	0	25	25	24	25
1010	976	418	0	30	33	22	64	120	51	0	435	1056	1014	1100	1089	1072	1077	1075	1080	1067	1037	855	265	0	21	25	26
984	930	263	12	64	101	151	64	316	195	103	569	474	369	708	1085	1085	1076	1085	1073	1078	1075	1047	960	358	0	24	24
968	972	373	31	154	263	467	395	479	306	534	591	30	21	135	714	1089	1076	1077	1073	1060	1076	1080	1066	970	272	0	29
1084	1073	818	183	189	385	559	895	866	760	804	233	12	29	3	394	927	965	1042	1050	1017	1056	1077	1082	1070	833	62	12
1095	1083	1100	855	593	650	743	897	999	872	306	125	17	11	149	804	902	938	961	1006	983	977	1056	1066	1067	1041	407	0
1102	1086	1079	1102	1103	1100	986	946	974	583	662	791	396	61	551	976	954	970	947	984	1016	927	997	1061	1051	1041	759	18
1091	1086	1086	1109	1111	1098	970	956	941	596	851	935	660	426	943	973	955	958	954	941	999	940	917	1022	1051	1048	957	171
996	1014	1047	1060	1043	989	971	971	952	815	871	906	910	877	1031	949	914	951	955	952	999	968	909	962	1176	1219	1050	362
1037	1030	1198	1149	1017	945	979	972	965	985	983	944	946	1023	1023	952	915	963	969	998	988	996	903	1061	1260	1360	1125	478
1063	1065	1321	1335	1236	1047	984	1008	969	981	983	1003	1010	1005	1003	996	950	955	947	931	975	951	983	1195	1222	1395	1122	539
