1362	1342	1351	1348	1339	1340	1354	1368	1168	986	669	173	168	191	169	145	161	183	159	160	151	146	159	129	778	1087	1024	954
1387	1359	1353	1352	1342	1344	1371	1330	1117	701	179	127	309	357	183	156	194	163	129	125	128	193	175	128	790	1082	1032	960
1253	1358	1370	1366	1367	1356	1276	1083	599	142	115	217	772	437	176	210	180	150	147	188	230	185	128	177	901	1073	1042	964
508	1111	1181	1202	1183	1075	619	299	396	270	324	634	530	212	184	213	203	284	295	216	168	177	153	364	1035	1058	1042	957
234	912	964	1071	1162	1169	583	75	654	957	722	758	282	185	241	306	242	186	173	192	174	168	134	724	1123	1051	1032	951
142	843	1061	1295	1366	1379	1315	458	156	256	395	783	832	468	321	345	466	360	299	191	169	146	179	1113	1119	1050	1024	955
485	985	1159	1366	1353	1353	1409	862	134	259	533	578	400	219	422	131	173	187	203	238	172	130	333	1313	1073	1066	1007	892
1162	1068	1141	1374	1359	1372	1375	754	104	756	879	194	440	144	404	308	145	155	143	181	182	117	577	1273	1057	1054	979	662
1175	1181	1090	1225	1362	1339	1117	339	137	179	301	151	316	248	136	239	192	156	160	150	197	152	834	1138	1063	980	940	287
1149	1143	1183	1009	1039	894	383	161	142	135	146	132	182	191	180	143	182	209	162	161	172	240	972	1058	1022	960	726	42
1158	1140	1135	1097	879	235	101	124	147	316	162	162	180	166	215	208	155	219	210	172	145	432	989	1032	969	965	384	2
1145	1155	1146	1147	875	157	142	128	184	401	149	158	214	172	170	190	177	172	206	173	147	723	992	1004	949	852	112	19
1137	1164	1190	1174	1032	295	108	168	152	234	218	177	182	265	162	147	166	190	196	153	391	963	1005	943	978	537	9	31
1060	1077	1206	1166	1096	594	98	131	128	274	184	176	148	230	244	171	178	157	163	253	881	1019	965	944	878	145	21	31
1036	1017	1191	1156	1036	936	289	100	162	207	189	133	143	151	210	195	190	155	209	798	1037	965	928	977	402	14	35	29
1101	1192	1280	1148	1063	1010	810	244	130	157	189	169	138	186	162	182	139	275	836	1047	963	921	985	589	31	44	31	25
1321	1306	1182	1170	1121	1104	1116	870	334	133	152	198	169	175	172	167	479	1056	1092	964	925	982	650	65	42	34	23	37
1180	1107	1008	1051	1139	1144	1189	1078	946	505	252	154	166	149	349	889	1280	1124	964	943	976	574	63	43	37	34	60	75
1225	1088	1041	1061	1072	1122	1105	1023	1045	1106	991	776	752	941	1250	1314	1084	959	972	854	365	31	52	55	63	75	72	66
1112	1076	1063	1050	1067	1065	1065	1072	1075	1083	1153	1230	1272	1280	1186	995	971	935	557	114	36	81	75	73	68	64	64	63
974	960	989	1025	1054	1063	1077	1057	1018	997	982	993	1002	1001	969	903	670	262	61	85	88	69	64	65	66	64	65	64
936	941	959	983	1001	1018	1019	988	954	934	903	849	774	652	472	249	100	72	78	67	66	65	68	69	69	66	51	46
938	920	844	744	667	620	544	475	417	358	297	226	161	108	76	63	69	70	69	69	67	66	65	55	37	61	209	423
278	249	198	177	170	162	141	125	109	92	78	71	66	68	70	69	68	68	69	66	54	40	48	141	332	482	424	229
63	63	69	70	67	64	63	63	65	71	72	73	74	73	70	69	61	47	36	58	149	310	461	467	321	160	104	114
72	72	72	70	71	71	70	70	71	71	71	66	58	45	40	52	113	231	374	467	458	333	188	112	107	123	126	125
58	59	61	56	50	44	35	30	38	50	76	124	199	300	404	474	469	388	266	159	109	106	119	124	122	124	122	122
143	142	150	173	219	277	354	423	457	475	489	476	422	336	236	152	108	100	110	121	123	122	122	122	121	120	122	123
1305	1339	1351	1363	1363	1350	1338	1293	1177	1094	967	432	223	156	215	336	209	162	157	137	133	122	132	125	769	1087	1037	954
1274	1325	1342	1353	1358	1341	1305	1204	1053	805	375	165	284	457	572	333	197	171	143	129	145	169	165	188	954	1084	1060	956
842	1163	1221	1275	1270	1208	1122	1004	577	189	180	242	638	543	302	248	176	171	152	127	141	157	159	315	1144	1082	1051	954
249	981	1040	1051	1050	1015	660	318	203	127	150	399	691	276	172	163	160	155	166	188	241	172	99	471	1253	1060	1036	959
175	790	858	1099	1196	1179	620	83	186	666	177	207	270	257	139	149	188	154	154	184	170	194	125	658	1252	1038	1015	958
125	809	1098	1313	1356	1361	1314	534	129	816	634	245	746	494	127	144	192	245	182	154	172	169	124	815	1164	1047	1001	883
674	978	1133	1358	1342	1348	1387	900	133	262	541	219	221	172	134	147	185	200	207	176	191	176	171	878	1093	1056	1001	658
1219	1076	1076	1360	1358	1367	1345	717	156	937	529	184	244	147	162	241	165	161	196	196	183	172	212	902	1082	1043	969	353
1226	1239	1141	1163	1320	1301	1011	266	143	347	491	230	351	334	122	285	311	168	165	160	219	167	285	988	1068	994	794	74
1160	1160	1215	1080	996	840	293	122	147	110	252	207	162	350	248	148	345	249	209	167	172	124	527	1054	998	977	424	1
1181	1161	1147	1180	950	290	110	156	125	118	160	179	149	150	285	206	183	198	173	187	178	231	880	1025	958	859	113	19
1178	1181	1158	1174	1026	266	119	146	138	195	157	179	152	154	163	224	215	205	170	163	154	663	1016	985	977	574	3	33
1176	1186	1208	1146	1162	469	92	180	136	251	210	173	163	142	148	140	213	214	199	143	499	1016	1010	946	947	244	9	34
1050	1051	1092	1082	1073	704	85	147	153	212	200	135	158	147	150	131	186	173	136	425	1062	1023	948	972	670	20	37	31
1033	1024	1162	1239	1039	1037	309	99	194	191	225	164	167	158	175	173	188	152	381	1136	1083	953	947	889	169	22	34	28
1060	1145	1369	1377	1098	1026	907	224	106	175	187	167	155	149	180	177	136	402	1227	1169	951	936	945	325	11	38	29	26
1234	1216	1141	1066	1063	1052	1080	913	310	136	195	176	165	161	174	150	499	1258	1229	953	944	954	402	12	37	24	24	35
1183	1101	1021	1048	1026	1020	1037	1123	1029	569	277	175	174	186	302	728	1228	1161	957	975	909	351	8	33	26	33	61	76
1138	1056	1043	1069	1071	1037	1037	1063	1076	1071	951	728	682	814	1031	1161	1077	978	973	717	197	12	38	39	60	75	71	68
1134	1087	1060	1055	1066	1071	1072	1074	1081	1063	1059	1077	1092	1108	1072	999	975	791	368	57	36	64	66	73	69	65	66	65
980	981	1010	1016	1058	1073	1067	1030	1006	990	998	994	995	995	977	868	536	170	68	83	81	67	67	64	64	66	67	67
936	932	934	954	995	1024	998	974	963	945	904	847	773	661	474	245	112	89	79	71	65	63	65	65	65	65	50	42
954	961	944	895	839	789	692	595	494	388	301	228	163	108	77	66	69	71	68	68	64	63	65	56	36	55	198	418
287	267	223	180	150	142	126	115	104	89	78	70	66	65	67	71	69	70	70	67	54	38	42	128	318	480	436	243
62	61	62	65	64	65	66	65	66	66	68	71	74	71	69	70	64	50	37	51	139	299	455	469	331	164	102	112
70	69	73	72	71	71	71	68	69	70	69	67	59	46	38	50	107	221	365	467	464	342	192	109	103	120	123	123
62	59	60	58	51	46	36	31	33	46	70	116	187	289	394	470	472	398	274	165	109	106	119	124	121	121	119	119
129	128	137	156	196	256	336	413	450	474	489	475	430	348	248	158	110	102	110	122	123	123	121	121	122	120	122	120
1086	1117	1181	1159	1234	1268	1266	1229	1182	1140	1127	718	215	206	137	348	416	219	192	193	196	160	139	143	918	1164	1054	949
983	1048	1141	1111	1100	1115	1087	1095	1122	1009	544	164	217	240	345	478	306	199	140	134	183	149	177	137	977	1196	1040	944
461	985	1073	1072	970	978	1015	960	665	300	189	268	351	203	215	203	164	145	146	133	135	191	198	140	987	1137	1003	947
174	858	683	972	983	871	466	276	192	165	195	156	203	279	174	164	163	148	137	128	141	177	147	162	936	1050	991	970
149	705	837	1146	1251	1190	579	119	210	240	133	143	200	552	393	142	130	160	146	143	138	176	149	207	890	1055	1010	930
147	776	1155	1350	1362	1391	1287	429	81	401	574	133	349	864	367	152	141	140	194	168	155	162	166	246	954	1058	1005	744
814	990	1174	1365	1352	1360	1377	646	123	379	1019	287	206	336	410	179	153	141	179	181	183	165	137	359	1032	1032	995	462
1199	1092	1105	1368	1370	1384	1273	482	301	880	543	212	204	157	160	155	157	144	142	150	159	163	113	602	1081	1023	907	163
1172	1192	1132	1114	1282	1256	859	230	209	302	308	169	185	159	146	142	147	154	164	175	187	167	269	931	1057	1000	637	11
1145	1150	1176	1059	999	819	230	146	184	243	345	357	151	205	186	141	175	169	185	181	193	200	732	1039	996	949	259	11
1140	1160	1144	1176	979	382	104	153	152	220	233	321	171	180	317	174	189	245	177	154	143	526	1089	1009	970	736	32	44
1144	1166	1168	1195	1027	363	131	140	151	173	190	195	168	142	207	248	168	198	253	162	247	1103	1095	968	980	382	11	62
1167	1175	1210	1215	1186	550	94	131	167	162	172	221	159	147	130	225	179	184	205	135	822	1299	1008	951	865	105	56	72
1051	1046	1172	1215	1163	832	127	145	192	159	153	193	170	123	134	179	146	188	160	461	1324	1074	948	984	509	29	76	43
1031	1031	1177	1215	1142	1118	414	119	155	140	180	170	193	145	132	176	181	152	285	1124	1167	950	965	807	119	60	60	21
1173	1235	1301	1231	1096	1224	1103	276	104	171	210	161	180	173	162	169	156	227	904	1162	957	956	878	223	47	62	37	23
1218	1177	1048	1059	1086	1242	1308	1061	355	108	183	177	167	182	191	135	264	832	1110	962	965	895	276	37	54	51	22	36
1178	1063	1004	1051	1083	1130	1178	1260	1263	761	276	158	158	157	214	513	947	1063	964	979	775	233	40	57	53	34	59	75
1188	1076	1055	1075	1073	1048	1032	1095	1226	1332	1171	870	755	791	921	1048	1026	989	894	510	120	69	57	52	57	75	72	68
1098	1080	1065	1065	1071	1070	1068	1071	1063	1078	1130	1161	1128	1077	1037	1023	916	590	238	116	121	78	65	69	67	65	64	63
983	992	1026	1033	1064	1063	1065	1057	1037	1031	1030	1026	1033	1009	857	613	295	157	163	134	86	69	68	64	63	65	65	65
936	941	941	959	988	982	976	978	981	981	952	859	691	502	294	161	131	113	79	68	65	65	65	65	63	64	50	42
953	969	954	906	880	848	800	745	626	485	347	222	149	116	99	78	66	64	68	68	67	68	67	56	35	51	190	411
283	281	266	225	204	179	145	114	86	75	71	73	69	64	67	72	71	70	69	65	55	39	43	124	308	475	441	248
67	66	64	65	62	63	64	64	66	71	70	70	72	70	71	70	66	50	37	49	133	289	444	470	338	172	102	111
70	69	73	74	72	72	73	71	70	71	68	64	58	46	38	47	101	213	357	463	465	348	202	113	104	121	124	124
65	64	64	61	55	49	39	31	32	44	64	106	174	278	387	467	476	410	288	174	113	105	117	123	120	120	119	119
114	112	120	139	176	234	315	396	449	472	490	478	439	357	256	164	115	103	111	123	124	124	122	121	119	120	120	120
1015	987	1014	1042	1105	1178	1206	1174	1168	1158	997	489	195	188	193	152	237	260	288	211	149	131	145	120	470	1193	1039	942
473	932	1046	981	1032	1098	1127	1114	1004	710	360	233	247	167	144	158	213	266	230	150	133	147	147	114	397	1081	1000	944
182	849	759	830	915	853	761	566	334	204	176	209	200	176	159	146	137	174	210	183	151	134	147	129	369	1005	984	956
152	679	480	842	975	561	117	148	206	214	164	141	130	189	167	157	136	126	130	139	157	148	155	134	423	1042	1009	970
101	653	1086	1258	1310	1191	479	126	164	179	161	181	261	238	450	541	295	260	194	174	141	164	186	114	585	1079	1023	843
328	861	1225	1368	1353	1405	1125	233	135	315	196	165	245	447	364	222	172	152	199	200	217	198	186	127	815	1071	1019	582
986	951	1237	1372	1353	1388	1221	311	233	258	469	311	218	220	488	524	181	137	179	145	185	202	152	356	1020	1033	969	274
1172	1092	1099	1357	1388	1384	996	190	335	813	959	474	117	197	196	288	279	160	130	142	154	177	192	849	1064	1015	783	57
1154	1165	1141	1074	1142	1097	523	194	195	210	555	363	145	147	167	136	131	230	206	155	171	149	564	1176	1025	1005	469	13
1160	1145	1140	1097	981	726	161	153	156	196	244	315	245	140	162	168	132	152	190	206	200	219	1111	1152	996	918	169	41
1177	1162	1138	1155	1045	423	132	162	157	252	186	377	424	168	183	177	162	142	164	177	156	545	1361	1037	983	664	20	65
1144	1168	1165	1159	1048	458	121	182	169	279	175	197	301	269	176	181	145	168	212	203	195	1008	1186	971	972	298	25	67
1103	1139	1216	1176	1006	700	123	151	182	251	180	163	165	270	154	215	184	164	189	170	454	1164	1024	963	804	55	58	62
1042	1027	1121	1186	976	946	288	133	161	153	160	169	157	236	187	163	167	166	166	202	854	1072	960	987	438	17	60	47
1022	1056	1317	1278	1043	959	744	159	137	168	159	145	189	170	217	188	169	153	130	569	1053	977	968	815	95	42	65	39
1228	1251	1241	1160	1109	1020	1016	632	141	190	170	149	195	151	222	203	199	133	439	1007	990	956	897	243	45	62	59	23
1236	1159	1062	1118	1149	1128	1126	1034	614	204	184	153	177	181	180	150	160	524	1007	1004	977	853	262	50	82	60	24	34
1093	1038	1029	1050	1138	1156	1087	1023	1089	896	468	228	174	202	258	451	822	1047	1001	960	641	189	77	73	42	32	57	72
1111	1047	1055	1067	1072	1099	1068	1062	1071	1219	1282	1167	1068	1052	1077	1106	1042	992	865	426	128	136	74	56	58	73	70	65
1192	1089	1062	1064	1070	1067	1070	1073	1070	1074	1126	1208	1278	1246	1134	1025	897	610	249	153	175	116	84	77	67	64	62	62
972	981	1015	1035	1051	1055	1069	1058	1046	1049	1041	1023	1031	987	783	537	288	169	169	146	101	71	67	67	67	65	65	64
945	951	945	955	960	967	985	985	985	975	923	807	608	377	205	172	154	118	80	65	63	65	68	67	66	67	52	41
919	931	917	890	878	833	772	676	541	400	273	180	138	124	109	81	65	64	66	69	64	67	68	60	40	51	178	398
228	229	221	197	202	171	131	100	83	78	75	76	70	64	64	65	71	70	68	65	56	40	43	115	293	461	443	261
71	70	70	68	64	63	65	68	69	71	70	73	72	69	70	66	66	52	38	45	124	276	436	474	347	181	104	112
68	69	72	73	73	73	73	72	73	73	71	67	57	46	34	44	92	199	344	452	467	360	211	118	106	122	126	123
65	66	66	63	60	53	43	36	35	43	62	99	164	261	370	459	476	417	296	178	113	105	118	123	122	121	120	119
104	102	109	125	158	210	288	375	440	472	488	479	444	363	265	171	115	103	108	121	124	124	124	124	122	122	121	122
504	848	1001	1017	1043	983	964	947	828	643	392	188	149	137	130	159	150	136	160	169	141	125	126	148	137	816	985	950
89	714	731	710	885	715	683	572	367	235	249	167	154	142	122	122	127	126	147	197	187	188	168	137	145	841	999	955
125	638	408	643	790	258	229	233	228	185	167	176	170	160	161	149	130	137	152	142	157	135	148	163	200	946	1021	965
105	556	1004	1119	1100	538	161	197	250	208	210	172	166	172	178	186	152	159	167	134	142	156	146	125	352	1046	1023	913
156	786	1278	1363	1388	1251	452	152	159	176	201	232	266	135	143	311	306	268	209	172	139	148	165	148	667	1091	1033	684
711	1044	1350	1366	1368	1412	773	184	227	307	258	182	171	153	278	361	302	112	164	179	190	174	162	340	1048	1070	1017	387
1059	993	1316	1383	1383	1410	786	187	237	200	117	137	160	147	179	245	353	215	186	148	170	202	131	582	1248	1028	905	122
1219	1164	1147	1298	1345	1218	516	170	286	853	493	303	132	164	174	307	397	266	204	169	166	211	177	1076	1152	1009	667	9
1195	1209	1204	1064	1012	867	260	176	228	412	854	527	110	133	163	254	253	149	148	151	177	166	384	1236	1020	1002	383	17
1173	1159	1160	1191	1030	561	158	169	166	198	238	175	165	139	137	201	194	170	182	165	165	155	668	1128	1011	923	147	47
1221	1176	1143	1193	1061	419	149	177	211	257	175	195	251	145	133	157	164	169	173	211	186	210	850	1038	998	702	5	61
1210	1205	1189	1208	1114	525	119	189	192	192	188	184	280	201	183	146	136	137	161	173	166	359	977	996	981	346	3	62
1139	1154	1217	1145	1065	816	145	192	174	219	197	139	305	249	224	158	170	142	160	165	146	673	1041	966	835	78	43	57
1036	1019	1115	1205	1014	1020	319	133	203	188	191	153	211	213	169	211	193	193	192	142	363	996	976	985	465	33	67	68
1025	1078	1353	1429	1100	1018	769	150	162	193	196	159	170	209	164	146	178	199	142	243	890	1013	958	851	130	83	75	50
1189	1268	1292	1230	1071	977	1007	638	150	178	188	158	183	157	207	173	157	124	296	886	1034	960	915	283	78	96	63	26
1178	1147	1029	1012	1038	1013	1018	1031	648	185	150	147	161	135	144	139	245	617	1038	1053	980	852	288	77	111	69	29	36
1223	1042	1035	1067	1041	1037	1042	1063	1063	862	522	343	286	297	446	781	1150	1228	1050	969	650	208	112	119	76	51	59	76
1093	1049	1060	1071	1064	1069	1068	1069	1062	1066	1079	1066	1064	1142	1283	1320	1173	1030	891	478	140	144	120	114	91	75	74	68
1065	1059	1060	1064	1077	1081	1079	1078	1078	1073	1073	1064	1100	1185	1164	1045	890	633	280	136	141	134	115	87	67	66	67	67
958	969	1000	1033	1049	1053	1055	1041	1046	1059	1053	1035	1017	949	769	503	264	182	170	143	110	76	61	64	67	67	68	66
992	992	979	977	972	960	936	889	819	744	658	566	447	317	215	181	167	127	84	66	62	65	67	68	69	68	56	41
670	645	609	556	500	431	380	316	262	229	197	175	157	135	112	88	69	64	67	69	67	66	66	60	41	48	170	388
181	176	178	173	171	163	154	140	127	111	93	80	70	66	69	68	70	70	71	69	60	42	41	107	284	461	454	270
82	83	80	76	73	70	68	68	67	69	71	74	75	72	72	69	67	54	38	45	116	267	433	481	359	188	106	111
67	71	73	73	72	71	74	76	74	71	75	71	61	51	36	45	88	187	333	453	473	370	222	122	104	121	126	123
65	67	68	66	63	55	48	39	36	40	60	96	157	252	361	453	480	425	309	188	116	105	117	124	124	121	122	120
97	95	101	113	143	191	269	354	427	469	484	480	449	375	278	181	122	104	110	121	124	123	124	124	123	123	124	123
148	695	635	557	852	300	249	229	156	147	95	70	155	361	576	671	705	741	720	554	349	147	118	146	103	710	1000	959
132	561	544	530	643	98	122	114	112	103	87	78	91	222	362	478	518	560	441	281	200	202	186	154	143	841	1037	961
115	516	1008	1120	891	232	113	154	182	136	132	131	93	117	163	220	252	211	155	112	132	149	147	162	265	1014	1030	953
176	841	1351	1383	1372	849	177	134	154	172	140	187	153	126	145	132	126	103	149	154	158	160	169	138	511	1166	1024	813
585	1223	1398	1378	1404	1282	355	175	161	176	172	142	150	140	138	174	157	175	211	267	238	173	154	139	855	1216	1020	552
931	1209	1403	1372	1391	1354	425	154	184	154	261	182	161	125	150	308	215	148	138	131	126	161	149	243	1176	1142	988	293
1004	1061	1331	1399	1391	1205	353	135	220	178	131	125	126	124	132	108	286	249	168	196	204	165	143	344	1187	1045	872	108
1158	1149	1099	1115	1116	844	227	184	228	672	326	194	187	133	116	147	201	335	253	313	240	166	147	486	1035	1020	676	29
1131	1127	1141	1026	991	572	145	139	403	543	835	535	132	148	122	208	400	157	164	140	148	172	140	584	1007	1010	452	10
1101	1134	1117	1147	998	397	127	127	241	165	371	456	141	153	128	171	232	159	141	168	157	164	168	744	1040	960	228	6
1125	1134	1114	1135	1052	428	122	144	218	221	101	133	147	135	123	166	160	229	140	177	203	151	297	963	1011	809	53	45
1121	1136	1155	1157	1147	596	115	177	164	177	149	140	136	134	133	138	123	198	180	151	180	134	656	1023	984	524	44	68
1095	1100	1223	1234	1235	883	136	166	139	138	136	130	165	209	125	119	135	174	177	170	119	340	992	966	910	210	77	66
1030	1010	1199	1238	1181	1095	286	126	149	157	153	147	160	273	174	166	156	180	178	139	199	855	999	976	563	54	94	72
1102	1168	1250	1150	1136	1183	792	89	173	158	142	162	164	150	149	164	176	196	146	264	857	1035	950	870	137	65	96	62
1379	1362	1163	1150	1100	1114	1201	604	117	152	150	179	181	166	183	173	147	176	608	1133	1105	952	897	314	63	103	80	23
1170	1102	980	1063	1118	1061	1115	1195	699	211	119	132	156	150	143	164	371	996	1353	1137	976	872	289	93	133	109	40	29
1168	1042	1042	1062	1088	1075	1054	1093	1143	943	625	420	363	408	558	846	1213	1296	1070	968	773	285	118	156	129	79	62	75
1272	1075	1063	1072	1065	1067	1071	1064	1055	1072	1087	1064	1044	1058	1097	1155	1102	1014	843	419	171	124	154	141	104	77	75	70
1200	1076	1051	1070	1077	1077	1080	1076	1075	1073	1076	1063	1024	1041	1031	1016	934	655	244	141	158	140	111	78	66	66	66	65
944	960	994	1039	1048	1045	1037	1030	1034	1046	1041	1038	1028	977	849	606	315	164	163	144	105	73	58	61	65	65	64	65
1018	1014	992	983	974	959	932	908	870	820	757	657	525	359	207	137	129	116	82	64	59	63	62	66	67	66	55	41
521	455	443	405	389	378	362	330	284	238	198	160	133	115	100	82	72	70	70	70	69	69	66	61	41	47	164	379
169	176	177	176	166	156	147	133	118	102	91	76	66	64	68	71	72	73	70	67	59	41	37	104	277	451	447	271
85	83	80	75	73	70	66	65	67	67	71	72	72	69	70	71	69	55	39	45	112	257	420	472	360	193	107	110
69	69	69	69	72	71	72	74	73	72	72	68	58	47	36	44	87	184	326	445	468	369	224	123	106	122	127	124
68	69	69	66	63	57	46	37	33	37	56	89	147	241	353	448	477	427	315	192	121	104	115	124	123	122	123	122
91	88	90	102	130	175	251	338	419	466	480	476	451	380	284	187	127	105	112	122	126	125	124	123	123	123	123	123
269	689	530	511	841	188	84	109	109	153	302	560	874	1027	1028	1005	981	998	958	917	915	738	379	165	102	824	1062	950
106	551	989	952	601	190	128	128	130	139	181	375	642	853	934	963	964	974	959	887	728	387	208	127	135	987	1077	953
358	995	1331	1329	1056	365	102	130	146	127	155	189	341	554	724	831	871	845	762	580	318	135	112	160	220	1155	1066	906
848	1354	1383	1393	1403	716	141	153	164	147	133	164	162	236	353	455	493	438	322	196	124	154	210	138	323	1219	1026	754
1096	1382	1373	1372	1430	1014	197	181	171	177	193	125	136	137	152	146	151	145	126	122	163	194	170	115	480	1159	1009	547
1014	1339	1398	1393	1419	967	202	188	156	184	156	147	163	131	133	167	140	115	118	112	111	151	152	117	544	1069	993	326
1051	1128	1279	1304	1214	736	138	207	236	271	158	135	150	131	116	132	185	160	142	140	187	210	192	134	570	1037	914	137
1201	1197	1121	1017	1008	495	121	163	180	272	178	114	180	146	130	132	124	276	234	165	231	213	177	133	709	1043	767	26
1152	1159	1177	1174	1047	351	143	194	318	358	638	265	129	172	148	125	188	229	308	159	137	153	145	212	897	1023	565	0
1149	1168	1149	1187	1118	349	128	131	249	265	530	618	244	156	143	132	162	281	191	202	161	175	121	415	1020	979	338	12
1173	1184	1169	1167	1162	470	116	152	230	157	128	274	445	184	153	146	131	182	174	187	205	162	136	771	1021	880	144	63
1178	1196	1217	1182	1158	617	106	183	167	196	138	138	243	147	132	121	135	194	156	177	185	122	444	1016	985	644	51	90
1081	1097	1198	1206	1079	799	132	148	131	199	142	167	197	126	139	137	154	211	174	147	123	329	1001	985	946	255	46	90
1039	1028	1140	1170	1039	998	334	120	130	152	149	183	175	209	260	137	158	155	196	98	347	1106	1065	967	631	13	78	71
1104	1185	1403	1236	1028	998	809	133	133	151	145	216	183	157	266	165	178	177	134	471	1240	1160	944	873	155	65	97	43
1224	1226	1149	1178	1097	1017	1082	759	192	128	168	180	206	180	185	149	130	171	664	1301	1175	951	923	330	63	115	106	73
1177	1085	1005	1040	1084	1046	1059	1227	1094	605	290	191	146	135	114	132	342	848	1199	1071	955	905	347	60	93	117	124	89
1076	1046	1061	1062	1056	1069	1065	1084	1243	1282	1090	836	626	507	570	795	1034	1080	983	969	890	307	43	131	162	145	107	79
1112	1065	1074	1075	1068	1073	1072	1068	1054	1057	1119	1130	1109	1090	1069	1057	1012	978	960	682	241	94	127	135	121	89	67	64
1099	1056	1045	1070	1075	1074	1072	1076	1077	1074	1075	1067	1048	1043	1005	998	965	771	378	110	115	130	107	75	61	61	63	63
962	966	991	1052	1062	1058	1055	1057	1054	1054	1047	1038	1025	1002	911	630	294	98	80	107	97	73	61	59	64	66	64	64
1013	1010	998	975	979	977	964	970	978	983	969	910	783	540	219	55	56	79	79	70	66	65	64	64	64	64	53	38
371	319	630	728	774	801	809	780	692	564	424	266	135	73	71	73	68	67	65	67	67	66	64	60	42	41	147	368
57	59	50	88	157	219	238	202	137	85	60	58	64	68	69	68	67	68	66	67	60	43	34	92	261	448	460	291
87	86	85	78	69	60	56	58	61	66	69	71	72	69	68	68	65	53	37	40	101	242	412	477	377	203	107	106
73	72	72	72	71	72	72	72	71	71	72	70	62	52	39	41	76	169	313	438	477	385	235	125	103	117	124	122
72	72	71	69	66	59	48	40	34	35	51	81	138	230	342	441	481	438	329	201	121	102	111	121	121	120	120	119
89	89	90	100	121	161	230	313	401	457	478	475	454	392	296	195	127	103	106	120	122	121	119	120	121	121	122	122
743	897	893	996	961	664	487	558	715	856	954	1054	1092	1102	1093	1079	1046	1042	895	549	667	888	952	617	168	790	1143	928
408	1017	1191	1086	561	364	302	331	481	667	841	966	1013	993	965	961	966	977	861	708	880	993	746	322	93	780	1080	925
1091	1389	1384	1375	796	246	191	149	284	456	662	833	925	953	946	942	936	961	896	890	947	733	315	152	123	775	1031	862
1329	1379	1366	1400	1231	291	213	135	150	261	429	609	735	828	910	944	949	952	942	863	624	272	144	161	136	809	1020	731
1287	1379	1368	1390	1294	386	178	148	135	125	214	360	482	571	651	714	763	748	638	461	241	117	110	131	173	862	1021	565
1141	1368	1384	1365	1140	322	155	173	155	165	139	159	223	265	318	376	421	399	304	210	145	104	152	145	224	927	1007	374
1117	1158	1169	1093	920	274	136	230	157	176	150	110	113	106	130	145	212	205	176	139	113	156	189	124	329	1003	950	202
1175	1173	1159	1078	933	230	141	161	234	178	161	139	106	105	123	101	144	123	137	123	111	216	215	110	529	1042	834	91
1145	1140	1153	1193	975	209	149	135	201	257	172	179	125	141	164	125	105	106	201	275	149	148	177	140	774	1033	655	38
1149	1153	1139	1165	1127	302	123	145	357	410	214	288	256	173	131	123	112	204	182	151	175	155	150	344	1001	995	416	38
1192	1162	1137	1156	1203	494	108	156	144	218	238	167	465	296	165	123	123	228	317	149	150	169	152	863	1071	909	168	55
1239	1204	1195	1197	1172	708	119	202	161	144	191	145	237	259	299	142	148	153	160	204	188	108	668	1226	999	684	14	79
1076	1090	1163	1141	1053	899	181	147	149	137	119	148	222	119	175	234	194	154	143	151	124	508	1314	1046	952	279	26	63
1049	1031	1142	1210	993	989	437	111	143	148	135	168	227	159	154	165	185	175	195	133	400	1225	1094	972	645	30	95	40
1031	1156	1447	1432	1022	949	858	226	91	176	172	167	166	166	186	203	173	149	126	331	1047	1091	957	860	143	59	122	87
1183	1246	1222	1147	979	979	1043	827	270	112	159	146	154	183	170	147	137	121	394	959	1041	958	921	263	32	75	73	95
1174	1095	1020	1015	999	1054	1054	1074	1034	747	495	297	184	156	156	166	277	658	1009	1004	958	858	263	6	51	49	47	75
1204	1069	1056	1065	1038	1064	1066	1057	1069	1142	1198	1164	1043	917	860	897	1012	1049	967	966	816	189	58	96	110	74	73	74
1220	1100	1065	1068	1066	1069	1065	1064	1067	1030	1086	1186	1247	1214	1125	1058	1001	974	976	730	142	19	63	83	84	74	70	65
1090	1044	1034	1068	1074	1074	1070	1072	1072	1065	1071	1069	1068	1038	973	978	947	743	364	54	35	61	65	68	64	62	63	62
947	993	989	1045	1069	1072	1074	1077	1077	1076	1076	1053	1009	983	966	641	221	37	31	72	82	79	68	65	66	68	66	64
394	664	1001	972	963	982	986	995	1005	1015	1008	998	973	795	328	34	52	84	79	72	69	68	68	66	68	67	59	42
28	48	440	840	997	997	1000	1005	989	941	837	653	360	103	49	76	71	67	68	68	67	67	66	59	42	40	148	364
47	43	13	72	329	541	539	445	314	191	92	41	39	61	70	67	67	66	68	68	60	43	35	88	256	440	459	289
79	80	80	72	43	29	29	32	39	50	64	70	73	68	69	68	63	52	39	41	102	239	407	471	375	202	107	106
72	71	71	68	69	70	69	71	72	69	71	70	61	51	39	40	73	165	307	435	475	383	236	127	102	115	123	122
72	71	71	67	62	57	48	39	32	31	48	78	132	222	335	437	477	437	330	205	125	104	110	121	122	120	120	119
83	84	83	91	111	148	215	299	390	452	476	475	459	394	296	197	129	105	107	120	123	122	119	122	121	120	122	122
1012	1041	1055	1056	1076	1088	1053	1055	1104	1105	1094	1102	1104	1099	1098	1090	1063	1038	865	719	746	761	844	978	674	530	1056	926
1112	1291	1288	1074	572	747	942	991	1077	1107	1114	1103	1095	1087	1048	1001	1005	963	772	738	765	869	1042	943	305	491	1028	887
1372	1369	1375	1351	414	237	644	815	997	1096	1124	1114	1079	1039	964	915	953	970	789	774	855	1014	973	543	104	548	1029	822
1366	1358	1361	1410	767	72	333	546	766	982	1100	1115	1075	1014	948	926	957	957	958	934	1011	981	682	310	124	649	1038	721
1348	1376	1380	1368	802	91	150	255	417	673	928	1062	1045	994	950	947	980	989	983	1001	963	778	483	242	118	729	1034	616
1137	1291	1267	1143	726	108	178	136	168	308	551	773	861	884	900	929	958	968	942	900	799	604	392	186	143	834	1017	480
1127	1112	1023	965	713	117	183	155	123	117	203	368	510	618	701	780	837	838	805	740	657	477	272	135	227	959	986	310
1117	1133	1152	1096	746	115	159	212	174	130	146	158	219	308	402	513	608	620	580	538	446	291	234	130	465	1043	903	155
1130	1129	1119	1174	894	151	132	135	133	115	117	104	108	132	155	229	305	320	295	294	234	148	170	162	913	1073	738	54
1123	1130	1134	1147	1068	289	126	174	292	227	130	136	162	118	112	105	119	112	102	134	244	188	131	498	1253	1004	484	25
1142	1138	1122	1120	1152	533	114	173	304	327	129	136	269	160	166	165	128	113	219	147	159	162	196	1132	1148	918	182	44
1130	1161	1173	1137	1262	964	182	158	135	149	189	155	255	182	244	292	161	147	232	169	173	130	715	1250	996	680	19	66
1052	1054	1206	1206	1273	1169	333	143	143	152	175	216	132	144	144	158	137	157	183	136	128	350	1077	1020	947	267	52	77
1036	1026	1181	1147	1109	1130	634	102	145	138	127	168	141	131	134	175	142	155	193	141	192	839	1016	983	608	21	74	90
1196	1307	1266	1175	1062	1049	1038	374	88	160	138	146	147	179	143	174	161	150	126	171	757	1023	976	831	95	29	68	81
1216	1141	1063	1133	1073	1007	1057	962	387	129	136	143	137	166	154	141	132	108	285	845	1031	968	899	214	0	41	62	34
1078	1026	1023	1069	1080	1066	1057	1065	1043	766	521	364	296	338	367	436	535	714	994	1010	963	842	209	0	19	77	37	23
1059	1042	1063	1060	1040	1065	1062	1058	1055	1075	1057	1051	1066	1130	1219	1278	1168	1051	971	972	723	122	12	55	105	101	56	71
1129	1080	1068	1072	1070	1067	1068	1060	1057	1043	1050	1072	1117	1164	1167	1069	983	975	914	518	35	2	73	107	84	69	73	67
1066	1024	1032	1074	1073	1072	1069	1067	1066	1060	1070	1074	1058	1005	969	979	857	542	159	0	20	47	64	68	68	69	67	65
659	886	1014	1029	1064	1072	1073	1074	1072	1071	1077	1047	995	986	907	442	74	0	20	62	76	76	70	66	66	67	68	66
0	159	741	996	976	989	1010	1027	1030	1021	1001	983	988	755	193	0	49	77	79	73	68	67	69	68	68	69	60	42
31	5	42	471	939	993	985	987	976	942	871	736	416	85	48	77	73	70	68	68	67	68	68	61	43	43	144	359
53	56	46	17	216	523	544	443	324	207	109	45	36	65	70	67	68	67	66	66	61	46	35	85	251	437	462	293
78	80	80	79	57	32	27	28	37	50	65	72	73	69	71	68	65	56	39	40	96	232	401	471	378	209	110	107
72	70	71	70	72	71	69	69	72	70	68	68	62	50	38	40	71	161	301	431	479	389	242	131	103	117	125	122
71	71	71	69	65	59	53	42	34	33	45	72	124	214	324	429	478	438	333	211	130	106	114	123	124	122	122	121
80	79	78	87	103	139	200	289	382	450	477	476	459	397	301	201	133	106	108	119	125	124	122	123	122	121	122	122
1078	1130	1084	1056	1077	1078	1087	1077	1083	1076	1079	1085	1097	1095	1088	1050	1010	954	879	879	827	822	929	875	939	863	1027	871
1318	1354	1312	1087	1030	1087	1088	1081	1092	1090	1079	1089	1093	1102	1083	998	971	1018	995	897	816	837	1000	1009	868	692	1033	829
1360	1354	1370	1233	691	929	1106	1117	1113	1110	1098	1099	1097	1100	1083	990	1005	1009	968	970	985	994	1007	1048	698	644	1030	768
1362	1354	1365	1288	443	546	1000	1108	1128	1125	1113	1103	1102	1100	1073	1000	998	992	991	943	934	959	1015	967	562	632	1031	717
1323	1370	1343	1171	446	191	662	972	1097	1137	1129	1118	1108	1097	1050	984	965	977	949	977	951	962	982	885	464	703	1030	690
1138	1180	1094	1010	528	80	254	544	835	1043	1129	1124	1105	1056	981	942	953	941	934	945	965	966	945	784	365	891	1032	601
1190	1183	1132	1065	575	115	132	201	433	708	922	1010	1002	964	943	940	933	936	949	962	962	952	898	600	359	1133	1003	435
1135	1155	1173	1211	713	104	147	123	172	355	595	804	933	992	1019	1027	1023	1028	1031	1015	981	901	699	261	662	1214	930	229
1186	1180	1132	1184	956	154	145	145	105	137	252	425	610	763	887	976	1001	995	954	916	830	615	301	194	1104	1105	762	67
1200	1209	1157	1156	1118	308	125	175	187	123	96	133	212	339	504	628	684	675	642	558	399	267	115	501	1190	1000	468	18
1167	1213	1182	1161	1180	492	120	150	299	249	119	96	96	129	192	256	279	279	266	196	131	144	167	884	1049	903	152	42
1088	1137	1219	1184	1189	783	137	162	256	200	145	116	161	221	122	174	237	117	157	202	201	116	453	1041	1003	613	29	78
1050	1016	1081	1152	1187	1053	288	118	169	149	141	156	191	228	198	131	194	173	159	138	134	205	892	1015	909	194	21	61
1037	1088	1276	1139	1085	1124	808	113	155	158	124	220	141	144	159	154	137	143	161	139	150	763	1025	987	517	17	64	36
1219	1302	1312	1149	1051	1063	1237	731	128	139	131	160	164	136	137	150	167	123	107	201	763	1027	976	786	56	11	41	49
1250	1114	1023	1080	1090	1056	1103	1221	748	231	107	118	121	143	126	125	155	307	575	924	1028	970	859	161	0	18	87	33
1132	1012	1043	1044	1054	1077	1057	1053	1085	952	654	418	354	380	447	650	1031	1220	1116	986	971	796	161	0	29	101	81	24
1025	1042	1071	1058	1045	1069	1060	1055	1046	1053	1042	1061	1034	1046	1100	1229	1222	1046	962	966	614	72	0	52	107	86	58	73
1029	1037	1081	1072	1073	1070	1067	1065	1062	1049	1051	1066	1058	1049	1035	1004	976	979	815	333	2	13	28	62	70	73	73	68
1022	1006	1042	1077	1070	1072	1072	1072	1065	1064	1070	1072	1043	997	975	983	785	385	53	0	28	45	64	72	71	70	68	65
440	735	1026	1026	1060	1072	1070	1075	1070	1071	1067	1024	972	991	862	372	24	0	35	63	72	73	67	65	67	70	68	66
0	22	492	962	998	988	998	1015	1004	996	980	983	938	581	103	3	59	77	79	75	68	67	67	68	68	69	60	40
34	27	0	221	790	990	992	988	971	932	824	585	235	39	63	78	70	70	68	66	66	66	65	62	44	39	134	347
52	54	58	24	81	365	498	435	317	192	87	39	52	75	69	67	66	66	67	66	62	46	35	79	239	433	468	303
81	79	79	82	74	44	28	26	36	52	68	74	70	69	70	67	67	57	40	36	87	220	396	479	393	215	110	105
71	71	71	71	69	66	68	70	71	71	69	70	65	51	39	39	66	148	285	421	482	403	251	132	101	115	123	121
73	72	69	68	65	61	56	46	34	31	43	68	119	201	314	419	475	450	344	217	128	103	111	122	120	120	121	118
75	74	76	82	98	126	183	270	367	441	472	477	463	405	313	211	132	103	103	118	124	122	120	122	123	118	120	121
1209	1215	1108	1069	1044	1067	1094	1094	1096	1067	1044	1079	1099	1104	1068	998	539	233	250	279	221	327	399	228	645	1101	1024	871
1358	1363	1328	1112	1065	1078	1103	1098	1085	1082	1068	1079	1104	1106	1094	992	936	773	480	463	529	672	528	350	970	1059	1011	865
1348	1343	1366	1199	1064	1086	1080	1083	1081	1091	1101	1099	1101	1108	1116	1051	1035	1037	847	745	792	816	721	848	1012	1032	1000	838
1362	1353	1373	1165	839	1065	1088	1087	1094	1102	1098	1101	1106	1109	1117	1078	1003	998	988	847	774	763	864	1002	959	1057	1008	809
1229	1308	1228	1027	496	796	1108	1097	1095	1101	1102	1106	1109	1112	1117	1038	966	940	985	961	865	849	903	963	950	1169	1039	768
1157	1131	1035	996	409	352	957	1110	1109	1096	1088	1104	1108	1110	1060	963	937	929	929	941	952	956	955	945	941	1246	1042	703
1148	1161	1183	1126	467	110	552	952	1112	1125	1103	1071	1032	996	963	942	919	934	963	994	1011	1030	985	953	889	1186	1001	531
1146	1133	1131	1225	674	76	200	570	896	1077	1127	1117	1094	1063	1056	1056	1061	1079	1107	1118	1105	1034	994	804	791	1090	945	245
1171	1145	1124	1185	1000	150	180	211	479	790	1001	1099	1132	1139	1132	1122	1111	1129	1121	1096	1054	1011	855	359	842	1028	748	30
1182	1171	1132	1169	1181	324	137	124	169	358	584	810	973	1067	1108	1118	1114	1112	1079	1029	953	748	320	313	1010	996	410	0
1205	1221	1196	1209	1218	561	122	195	166	118	194	302	497	715	883	968	972	961	911	786	531	243	94	687	1040	878	140	48
1070	1095	1157	1147	1091	772	160	189	211	168	116	88	114	198	335	442	547	547	460	311	227	117	357	1013	998	569	10	31
1057	1025	1047	1105	1010	959	384	97	217	199	192	105	117	130	155	115	158	250	127	164	154	228	919	1016	885	152	48	24
1023	1082	1355	1221	1002	979	882	259	109	161	166	181	152	197	207	227	153	166	168	122	293	878	1029	983	460	0	61	46
1116	1275	1402	1317	1023	1027	1113	1043	420	124	140	169	162	150	149	154	171	114	240	694	1026	1009	979	696	21	11	84	54
1204	1173	1120	1142	1036	1060	1056	1222	1276	758	235	93	103	110	113	102	219	650	1217	1214	990	978	752	80	1	49	118	24
1195	1098	1040	1043	1021	1073	1066	1058	1100	1166	983	667	462	416	459	645	1004	1238	1105	953	974	661	69	2	46	109	40	26
1183	1091	1073	1063	1068	1074	1066	1064	1056	1031	1028	1071	1077	1056	1036	1044	1035	963	965	910	438	16	11	26	47	45	57	74
1168	1068	1070	1072	1072	1074	1068	1069	1070	1063	1068	1066	1070	1055	1000	983	968	969	663	162	0	23	24	32	58	75	72	67
1025	1012	1044	1078	1070	1073	1073	1073	1067	1069	1072	1073	1041	991	964	991	801	301	4	4	33	46	61	73	73	68	67	63
285	589	994	1032	1044	1061	1061	1068	1066	1065	1051	1001	968	992	880	454	47	0	43	64	75	73	65	66	67	69	67	66
3	1	298	815	1004	985	974	977	969	972	976	985	864	479	102	7	58	78	80	75	70	67	67	69	68	67	58	39
28	32	2	64	434	803	938	963	951	887	704	403	114	28	68	81	75	71	69	69	67	67	67	64	45	39	132	344
54	57	59	50	24	101	234	282	232	132	46	36	64	72	69	69	68	68	70	67	61	46	36	82	238	430	466	300
79	80	82	82	83	70	53	43	45	56	70	75	72	70	70	66	69	56	41	38	89	218	391	478	392	216	112	105
71	71	74	71	70	68	69	72	71	70	72	68	62	54	40	40	68	150	285	418	476	402	253	134	104	115	121	121
70	72	71	69	68	65	56	45	37	33	44	70	118	199	308	416	472	450	345	220	132	105	112	122	122	121	121	119
73	73	73	79	93	120	176	263	361	442	476	481	469	410	318	214	136	107	103	118	125	125	122	123	121	120	120	121
1341	1337	1276	1121	1031	987	1040	1064	1070	1095	1098	1108	1108	1071	1011	920	551	521	208	221	574	478	309	440	858	1116	1025	899
1347	1348	1361	1196	1042	1007	1063	1096	1098	1099	1102	1107	1109	1091	1010	974	973	900	612	540	743	919	758	701	947	1172	1032	913
1349	1346	1373	1200	1049	1018	1068	1090	1078	1091	1104	1100	1098	1092	1045	960	893	915	971	973	932	940	907	926	974	1234	1034	919
1343	1358	1313	1052	1051	1005	1033	1070	1072	1098	1098	1094	1101	1087	1067	1029	938	867	884	828	843	929	976	1007	996	1256	1048	910
1170	1198	1084	947	965	1027	1024	1073	1074	1084	1077	1084	1089	1072	1051	1013	952	897	904	896	920	970	1041	1050	1024	1172	1013	883
1133	1121	1088	1010	672	909	1111	1097	1087	1077	1052	1039	1037	1033	989	968	924	928	926	970	1017	1050	1072	1065	1013	1074	980	804
1114	1118	1131	1157	541	477	1105	1111	1091	1102	1098	1077	1047	1009	980	990	984	1014	1053	1075	1086	1097	1104	1001	1004	1021	986	597
1124	1116	1104	1183	740	117	805	1124	1120	1113	1115	1111	1110	1111	1103	1109	1115	1117	1122	1112	1108	1116	1038	949	987	1013	961	289
1115	1112	1106	1149	1023	164	315	899	1104	1138	1131	1120	1113	1121	1112	1114	1116	1122	1119	1116	1112	1048	985	795	901	1006	791	41
1112	1127	1090	1110	1158	388	114	422	867	1060	1133	1147	1117	1104	1102	1106	1111	1110	1110	1092	1012	985	816	488	986	991	473	14
1107	1153	1137	1116	1228	715	113	158	372	706	908	1033	1099	1129	1123	1109	1103	1089	1042	997	982	790	278	729	1025	889	175	29
1044	1044	1181	1199	1175	987	212	159	175	250	423	583	707	867	1023	1069	1055	1014	961	833	542	175	496	1015	987	576	33	31
1056	1030	1167	1227	1087	1035	630	127	173	200	169	186	211	253	340	420	464	497	299	200	113	552	1027	989	888	131	55	55
1085	1203	1372	1193	1078	1012	1000	607	170	135	190	162	128	131	118	127	118	161	95	241	874	1142	990	971	391	0	95	62
1132	1124	1194	1251	1056	1009	1040	1072	812	352	109	148	173	155	159	185	125	136	503	1188	1209	969	978	547	0	30	117	32
1107	1059	1075	1168	1046	1068	1059	1052	1142	1174	761	340	163	109	95	110	288	752	1155	1092	944	968	544	11	14	67	71	16
1073	1063	1065	1083	1039	1073	1066	1062	1061	1125	1228	1130	871	712	700	799	1001	1050	979	962	928	412	5	19	25	38	20	29
1111	1073	1070	1062	1075	1072	1067	1070	1069	1049	1039	1068	1092	1077	1020	1022	982	946	977	767	214	0	25	26	19	32	58	75
1108	1041	1073	1070	1069	1070	1072	1074	1074	1072	1073	1070	1076	1056	1001	956	967	930	473	37	1	27	21	31	55	73	70	65
917	988	1039	1064	1073	1075	1074	1070	1072	1073	1075	1077	1031	968	955	987	758	199	0	17	31	45	62	73	71	63	63	64
92	315	814	1021	1019	1019	1038	1047	1048	1041	1020	979	968	991	867	440	33	1	45	62	74	73	69	67	67	67	64	65
24	2	63	440	844	983	979	964	958	960	976	971	798	410	89	8	58	76	79	73	68	66	66	67	68	67	58	39
31	32	22	0	78	367	628	782	825	765	587	307	69	31	71	80	73	69	67	66	66	67	66	62	44	39	125	337
58	56	56	61	52	26	36	75	92	62	32	42	71	73	69	68	67	68	68	67	61	47	36	77	230	425	468	309
80	81	82	81	80	78	78	71	66	64	70	73	69	70	71	68	67	56	40	36	83	210	382	475	396	223	112	105
71	73	72	69	71	71	70	71	71	72	74	70	62	54	42	40	63	143	278	412	477	408	259	137	102	114	122	120
71	71	71	71	69	64	57	49	40	35	44	68	113	193	303	410	469	451	353	224	132	104	112	121	123	120	119	119
73	73	74	76	86	110	164	247	347	436	475	484	473	417	325	220	139	105	104	116	123	123	121	122	120	120	119	121
1353	1349	1362	1160	1013	964	946	988	1052	962	1033	1089	1036	987	928	524	150	92	37	248	650	778	823	964	989	1206	1026	933
1350	1348	1376	1220	1044	964	977	1006	1050	1005	1013	1043	1039	983	922	799	708	653	546	748	792	797	898	962	979	1157	1020	945
1363	1369	1340	1119	1026	940	976	1025	1031	1023	987	1001	1018	973	928	722	653	761	852	822	834	940	985	1050	1060	1097	1011	949
1238	1249	1135	985	1042	925	939	982	1004	1009	987	1001	977	947	1014	929	733	707	743	725	840	1011	1061	1117	1106	1050	1000	955
1154	1150	1112	1009	1064	956	968	1080	1090	1069	988	973	979	948	994	972	913	789	745	821	961	1077	1120	1128	1091	1027	982	950
1135	1138	1176	1125	1050	1036	1011	1106	1103	1097	1051	987	997	940	917	941	945	971	989	1055	1087	1095	1102	1128	1031	1024	974	895
1137	1135	1136	1194	1007	975	1025	1094	1091	1113	1114	1089	1044	1007	1000	1069	1080	1080	1106	1101	1091	1100	1114	1074	992	1030	976	705
1159	1166	1147	1170	1060	655	1039	1075	1113	1117	1119	1116	1094	1113	1108	1102	1108	1105	1115	1109	1107	1114	1108	956	1043	1011	969	418
1152	1170	1143	1143	1157	478	852	1064	1107	1111	1119	1123	1115	1118	1106	1117	1122	1111	1115	1114	1122	1109	974	959	1055	969	879	133
1147	1190	1172	1157	1197	546	486	1004	1077	1106	1112	1119	1108	1111	1122	1118	1116	1110	1101	1105	1087	976	949	965	985	976	595	46
1087	1136	1210	1207	1114	820	194	607	969	1057	1111	1122	1105	1104	1105	1106	1114	1119	1101	1044	999	933	813	984	971	921	216	57
1043	1015	1118	1207	1029	1047	446	140	476	846	1004	1076	1120	1134	1129	1127	1114	1099	1072	985	696	524	1010	1016	980	561	42	72
1049	1089	1272	1160	1061	1081	959	385	124	297	565	746	878	953	967	936	877	778	530	235	361	1101	1101	958	843	82	81	56
1194	1310	1305	1073	1114	1074	1095	1064	614	167	136	181	259	295	245	193	160	106	67	486	1140	1116	966	933	251	0	98	31
1251	1094	1047	1081	1057	1038	1026	1072	1076	803	335	143	108	128	91	125	81	188	661	1071	1021	962	926	319	0	33	55	20
1148	1037	1042	1073	1017	1071	1068	1057	1032	1032	1059	870	626	465	373	395	609	922	1042	968	965	866	253	0	25	27	25	19
1099	1074	1070	1048	1048	1074	1068	1069	1067	1027	1068	1189	1207	1131	1010	999	1050	998	947	982	758	147	0	28	23	22	19	28
1097	1061	1071	1063	1075	1074	1065	1071	1072	1069	1059	1062	1071	1071	1013	983	950	946	958	548	47	5	31	24	24	34	59	71
1023	1011	1069	1067	1065	1069	1073	1075	1073	1072	1069	1072	1081	1051	981	932	968	867	302	0	18	27	20	30	55	72	70	65
694	871	1025	1036	1057	1070	1075	1069	1076	1076	1075	1064	1015	955	950	982	682	119	0	25	30	46	65	77	72	66	66	63
3	92	515	910	1008	997	1003	1011	1021	1003	975	951	957	988	845	372	8	8	45	60	73	72	70	68	68	68	67	67
32	18	0	126	519	854	974	987	975	974	982	958	783	409	77	9	62	75	76	71	67	67	66	67	68	67	59	39
28	30	29	13	0	73	270	458	577	598	473	247	59	30	72	80	72	70	65	66	64	67	66	63	44	37	124	336
54	56	56	59	64	56	37	28	32	31	30	44	70	69	68	67	69	68	67	65	60	46	36	75	225	428	475	315
79	80	81	79	77	77	77	74	71	67	68	71	68	69	69	69	66	56	43	34	78	204	380	477	406	227	114	103
71	71	69	69	70	70	69	70	68	70	72	71	67	52	41	40	60	134	269	409	483	415	267	138	102	113	122	120
71	71	70	72	68	65	57	47	39	31	40	63	109	187	297	405	474	462	360	229	131	101	109	121	120	119	119	118
72	72	72	75	82	103	149	230	333	423	469	479	478	424	333	226	142	106	100	116	121	120	122	121	119	119	121	120
1356	1356	1368	1123	968	1017	1014	1012	1088	969	1000	993	989	1021	778	407	367	215	260	466	687	743	865	970	950	1049	1004	951
1369	1373	1366	1127	976	936	1013	997	1072	1039	1047	978	983	1011	971	745	702	703	727	751	782	773	929	996	988	1023	1006	952
1308	1312	1160	1044	1027	929	1011	999	992	1024	998	977	981	957	1008	765	636	714	795	744	795	943	1019	1118	1105	1031	1001	949
1161	1133	1030	1014	1072	944	956	962	983	982	976	966	958	941	1025	955	699	678	719	762	921	1008	1097	1115	1109	1048	981	944
1155	1157	1181	1104	1079	994	919	1002	1114	1115	1088	1039	1048	988	954	982	949	859	823	929	1046	1082	1106	1120	1075	1047	961	929
1130	1129	1152	1194	1101	1043	929	1032	1124	1133	1108	1084	1107	1012	948	963	979	1027	1039	1079	1096	1100	1101	1119	1031	1021	951	872
1150	1146	1134	1175	1167	1070	942	1029	1120	1130	1105	1097	1090	1068	1074	1096	1093	1102	1115	1105	1107	1114	1122	1060	1011	997	964	732
1165	1159	1140	1150	1197	1087	977	999	1120	1131	1120	1100	1094	1105	1111	1111	1097	1113	1123	1105	1112	1121	1102	1005	1049	970	971	491
1164	1161	1142	1154	1193	1040	1006	958	1094	1116	1119	1106	1110	1118	1119	1120	1107	1102	1118	1117	1108	1112	1020	1084	1061	941	918	196
1188	1201	1212	1204	1169	992	978	962	1020	1117	1100	1103	1118	1117	1114	1115	1108	1115	1108	1113	1104	1023	1054	1219	991	959	628	87
1070	1098	1146	1126	1042	1009	798	970	970	1035	1105	1103	1116	1118	1112	1113	1109	1109	1105	1088	1058	993	1217	1130	941	900	198	82
1055	1023	1055	1069	999	1009	815	588	895	986	995	1054	1098	1112	1113	1111	1085	1074	1073	986	739	909	1143	969	973	430	46	63
1039	1162	1261	1148	986	996	1019	845	522	708	932	982	1009	1042	1063	1065	1016	880	621	352	685	1056	988	980	643	16	62	34
1235	1320	1344	1117	1018	1047	1014	1085	1030	638	383	483	676	752	670	527	331	154	250	747	1045	985	977	718	72	12	34	21
1214	1169	1104	1039	1049	1066	1060	1061	1061	1042	818	382	177	173	169	243	356	616	958	1032	964	968	667	80	9	26	24	26
1144	1108	1049	1053	1025	1069	1071	1073	1056	961	1033	1062	984	981	1037	1034	1005	1052	999	949	949	542	42	11	28	26	24	22
1170	1116	1058	1050	1061	1075	1069	1072	1074	1044	1036	1070	1099	1136	1105	1021	1007	951	951	925	414	7	18	31	26	24	22	30
1196	1137	1061	1057	1074	1069	1072	1074	1078	1075	1069	1071	1074	1074	1043	978	938	969	862	267	0	23	29	23	24	32	57	73
1089	1043	1048	1062	1071	1074	1075	1073	1074	1072	1073	1078	1083	1046	971	934	984	769	148	0	30	27	25	34	58	76	72	68
411	641	971	1034	1040	1045	1056	1068	1074	1073	1061	1040	992	943	954	980	619	66	1	26	29	44	64	75	74	70	67	65
0	1	228	650	927	992	979	975	984	977	949	936	955	987	834	345	1	19	46	60	74	75	71	67	67	70	69	67
36	34	11	7	174	505	804	943	982	990	989	957	777	409	69	14	67	77	78	71	69	68	66	70	67	67	58	41
30	31	31	32	14	0	49	181	327	412	363	214	55	26	69	80	73	69	65	68	64	65	66	62	45	37	127	337
56	57	60	62	66	71	67	53	41	38	37	45	65	70	67	67	69	69	67	66	62	48	34	76	228	425	468	311
80	79	83	79	77	78	75	76	71	68	66	68	70	69	69	68	67	59	44	35	79	206	376	470	397	226	113	105
70	71	70	71	72	71	72	72	69	67	70	71	66	54	42	38	57	134	268	406	476	411	265	142	104	115	123	120
70	72	72	72	71	68	60	49	36	31	40	61	105	182	291	400	470	458	357	232	136	103	109	120	122	121	122	119
71	71	72	74	79	97	137	214	319	419	466	482	477	426	334	229	146	109	102	117	125	124	123	121	120	120	119	121
1360	1368	1354	1032	979	1007	1048	1032	1056	1020	947	902	909	943	952	827	780	686	728	828	885	865	922	930	935	1024	1001	951
1367	1378	1262	1041	975	943	1006	970	982	1044	1059	956	968	986	977	885	889	863	859	814	892	944	943	954	948	1043	999	949
1180	1154	1026	1069	1038	949	968	938	936	947	1017	1048	1017	1055	987	926	833	849	882	866	940	978	995	1066	1016	1052	979	949
1135	1111	1073	1048	1082	976	938	925	937	952	978	969	1038	1066	1021	977	909	857	871	881	969	991	1087	1097	1034	1044	952	926
1128	1118	1167	1112	1032	1012	923	921	986	1043	1082	1088	1078	1077	1042	1032	994	970	953	966	1023	1095	1124	1104	1022	1012	947	887
1135	1118	1113	1195	1061	1014	927	927	1011	1077	1091	1089	1089	1104	1093	1077	1063	1042	996	1045	1116	1126	1123	1099	1050	984	946	805
1123	1127	1124	1140	1157	1013	931	926	1013	1091	1113	1095	1088	1103	1110	1118	1110	1101	1108	1114	1116	1106	1110	1102	1108	961	958	675
1135	1126	1101	1116	1183	1033	944	926	1006	1095	1112	1094	1093	1117	1112	1111	1113	1124	1117	1113	1109	1104	1085	1132	1123	934	965	447
1127	1127	1092	1132	1167	1038	946	926	985	1074	1111	1104	1110	1112	1123	1119	1105	1115	1112	1118	1115	1098	1046	1179	1058	928	900	177
1131	1178	1196	1196	1149	1054	964	920	948	1051	1095	1100	1120	1106	1118	1118	1109	1116	1116	1129	1094	1007	1073	1132	956	971	548	60
1035	1035	1205	1237	1124	1041	1017	922	930	976	1073	1101	1119	1122	1120	1122	1116	1118	1108	1043	960	1009	1031	980	960	772	91	41
1047	1111	1278	1203	1082	1038	1028	1009	959	931	963	1040	1081	1102	1117	1110	1090	1053	989	928	973	1003	970	952	858	165	12	28
1039	1165	1356	1248	1044	998	1027	1050	1040	987	940	942	952	965	978	990	999	906	769	856	989	990	959	879	232	0	28	22
1079	1176	1269	1246	1081	991	1036	1031	1056	1065	926	832	885	909	848	739	634	648	819	1006	995	969	863	251	0	30	24	24
1149	1098	1133	1171	1130	1057	1069	1070	1036	1005	1049	851	618	598	631	803	1018	1072	1035	968	968	816	209	0	30	29	27	23
1109	1065	1067	1047	1048	1067	1069	1071	1065	994	1049	1085	1061	1028	1079	1064	1048	993	941	969	756	135	0	31	29	26	25	24
1126	1073	1049	1048	1072	1069	1065	1071	1068	1052	1058	1065	1064	1073	1068	990	957	927	980	732	85	6	32	29	28	26	22	28
1160	1130	1066	1055	1065	1064	1069	1071	1067	1068	1067	1070	1073	1073	1016	949	926	979	716	65	8	32	28	25	24	31	53	71
1015	1029	1039	1053	1067	1071	1075	1066	1066	1072	1072	1077	1062	1000	938	931	988	697	61	7	30	25	27	35	58	75	73	66
198	415	811	999	1025	1011	1017	1050	1055	1048	1033	1001	951	925	954	970	561	42	10	27	28	41	62	75	74	69	66	67
9	0	45	307	677	922	978	972	957	949	937	940	964	981	804	301	0	24	46	60	72	74	71	68	67	67	67	66
32	33	26	0	5	164	455	686	822	881	893	852	677	346	52	16	64	75	77	73	68	68	66	66	67	67	57	39
29	30	28	29	26	7	0	8	66	120	136	97	28	27	69	77	71	68	65	67	67	66	66	62	45	36	116	326
57	58	58	59	61	65	71	71	68	66	62	60	66	69	69	68	67	66	67	67	62	49	36	69	214	418	480	328
78	79	78	75	73	73	72	72	70	66	64	63	69	69	67	69	68	59	44	37	75	194	368	473	413	240	115	103
71	70	70	69	69	69	69	69	69	65	65	72	66	57	43	36	54	123	255	400	481	424	275	145	103	112	123	120
71	71	72	70	70	67	62	51	36	29	37	58	97	175	284	397	473	470	368	240	141	104	110	118	120	120	117	116
72	71	71	71	77	91	126	198	303	412	461	482	480	433	349	241	151	108	103	114	121	122	120	121	121	118	118	120
1364	1361	1292	1058	964	972	980	937	934	946	929	947	952	942	970	833	760	774	794	798	813	879	934	938	926	1044	975	949
1209	1208	1116	1030	975	977	954	936	929	946	974	950	915	972	956	808	770	745	798	827	888	957	945	931	932	1044	958	949
1155	1141	1111	1084	1018	954	931	927	928	938	969	989	976	1066	1031	855	733	716	750	790	895	959	926	932	962	1036	941	945
1149	1164	1183	1129	1050	970	924	922	952	982	984	992	1006	1016	972	942	857	719	706	755	925	949	947	954	1019	996	933	919
1135	1121	1139	1206	1097	984	920	940	1011	1054	1056	1062	1055	1014	990	954	941	908	878	918	965	982	998	976	1106	997	936	870
1151	1167	1165	1198	1169	998	926	968	1069	1095	1100	1113	1111	1083	1043	1001	998	984	967	1000	1069	1097	1076	1029	1156	995	941	776
1153	1215	1237	1170	1172	1023	960	983	1088	1101	1126	1125	1110	1095	1082	1092	1095	1069	1069	1098	1126	1121	1087	1054	1127	969	952	635
1147	1209	1191	1152	1158	1030	979	965	1085	1101	1127	1122	1109	1110	1101	1116	1120	1093	1100	1114	1117	1128	1037	1030	1049	933	964	430
1133	1169	1166	1200	1078	1035	989	936	1049	1096	1112	1112	1112	1109	1110	1112	1121	1117	1111	1113	1130	1073	956	1027	966	936	858	125
1056	1087	1180	1223	1025	1062	1004	918	981	1050	1089	1110	1111	1112	1117	1116	1120	1127	1123	1127	1063	941	1001	994	926	973	397	4
1030	1026	1226	1209	1089	1044	1029	934	942	990	1032	1080	1114	1126	1123	1125	1125	1137	1115	1015	926	975	997	936	977	610	3	17
1086	1291	1364	1103	1120	1086	1084	1033	961	947	955	984	1038	1089	1101	1089	1068	1037	995	1022	1014	1002	949	973	687	34	12	21
1360	1257	1243	1111	1085	1053	1103	1065	1071	987	949	940	944	941	946	938	914	990	1182	1089	1015	960	968	712	51	4	26	22
1208	1005	1023	1071	1090	997	1037	1046	1062	1078	1046	971	942	929	923	927	1006	1159	1092	1000	955	967	690	48	3	30	24	21
1126	1030	1062	1064	1040	1060	1068	1070	1060	1031	1038	1062	1038	999	971	965	1017	1026	974	936	974	653	33	5	27	24	24	23
1097	1056	1068	1028	1052	1070	1068	1072	1070	1015	1066	1070	1073	1070	1066	960	979	957	926	979	634	19	11	29	26	22	22	22
1104	1068	1051	1055	1076	1063	1068	1074	1066	1052	1072	1063	1067	1070	1064	988	944	923	973	703	24	14	30	27	26	23	20	25
1089	1060	1063	1058	1066	1065	1068	1070	1065	1065	1066	1069	1073	1072	995	938	923	962	806	96	7	31	27	23	22	29	52	69
884	994	1044	1053	1061	1069	1068	1065	1070	1073	1075	1077	1047	975	930	924	970	821	157	2	32	27	24	31	53	71	71	65
68	233	593	921	1021	1011	992	1020	1030	1027	1011	974	931	919	943	982	701	115	1	28	29	39	60	74	72	67	65	63
22	5	0	123	446	762	931	970	975	970	963	965	979	978	842	415	22	8	43	57	70	76	70	66	66	65	64	62
31	32	33	13	0	27	172	337	460	555	613	619	536	305	62	3	52	71	74	72	67	64	65	65	66	65	58	36
28	29	27	29	30	26	10	1	0	0	4	14	15	31	61	74	71	64	63	65	64	65	64	63	45	34	111	320
56	58	57	60	62	67	71	77	82	82	81	75	68	67	66	67	67	67	66	67	63	48	35	65	209	410	478	330
77	79	76	77	75	74	73	74	73	69	68	65	66	69	67	69	66	60	45	36	72	188	361	469	413	241	116	101
71	71	70	70	70	69	71	72	72	70	68	68	67	58	44	37	53	119	249	396	478	422	279	146	102	111	122	119
72	71	73	69	70	70	64	55	41	32	34	57	95	168	277	390	466	467	374	244	142	106	108	119	120	118	119	118
70	70	71	72	74	88	122	190	288	398	455	476	482	437	354	247	154	109	103	114	121	122	122	121	120	119	117	119
1253	1276	1152	1045	968	1004	1051	1060	1005	1033	1002	1005	950	932	948	928	857	897	903	870	852	849	894	961	967	1035	944	944
1139	1127	1082	1025	952	1033	991	943	922	939	954	1033	990	962	951	864	778	830	887	881	874	882	960	954	1028	1018	927	944
1141	1155	1156	1131	1043	988	924	927	978	1045	1083	1084	1076	1051	1017	950	812	777	848	835	844	801	955	942	1070	1000	916	945
1115	1114	1132	1188	1141	1027	923	1003	1111	1142	1124	1120	1134	1095	1056	1006	942	804	839	907	822	856	945	930	1094	1001	920	940
1112	1110	1124	1184	1185	1062	971	1101	1141	1120	1094	1094	1145	1122	1088	1049	980	934	910	942	936	927	920	934	1095	1014	926	914
1115	1121	1132	1174	1194	1082	1022	1134	1128	1106	1077	1082	1132	1145	1089	1046	987	939	926	925	936	945	930	942	1062	1003	934	850
1139	1135	1156	1179	1196	1084	1039	1142	1122	1085	1076	1100	1137	1143	1101	1051	995	939	939	983	1020	1012	946	958	1049	964	944	720
1186	1197	1202	1215	1180	1058	1029	1107	1154	1099	1093	1114	1112	1116	1101	1067	1025	976	1034	1080	1079	1035	929	1001	1019	928	969	455
1177	1213	1225	1190	1048	1032	1037	1019	1161	1130	1108	1099	1104	1107	1086	1072	1044	1037	1106	1107	1068	961	949	1034	952	940	848	84
1039	1047	1070	1059	1000	1062	1051	953	1114	1153	1101	1096	1113	1106	1091	1089	1063	1073	1113	1075	977	948	1013	971	923	965	339	0
1030	1064	1125	1109	1017	1030	1069	983	977	1137	1143	1110	1108	1091	1086	1099	1075	1067	1044	1008	1044	999	979	923	976	548	0	25
1084	1319	1381	1075	1001	1025	1050	1051	971	977	1057	1069	1009	999	1014	1025	989	952	993	1157	1048	973	924	972	655	17	20	26
1286	1253	1230	969	1029	1037	1053	1051	1064	1024	967	948	944	938	935	932	916	954	1084	1037	995	931	971	685	37	12	29	25
1182	1117	1001	1034	1042	1035	1041	1059	1051	1076	1059	1012	976	942	938	933	953	1008	999	982	931	973	687	33	5	30	25	22
1166	1089	1061	1049	1011	1067	1067	1073	1072	1061	1042	1049	1059	1039	1003	942	977	990	957	925	971	714	38	1	30	27	26	25
1179	1085	1061	1047	1064	1070	1070	1073	1070	1037	1066	1065	1068	1072	1066	976	972	939	923	959	790	80	0	31	26	25	25	22
1185	1104	1056	1060	1072	1068	1070	1071	1058	1061	1074	1063	1068	1064	1049	966	930	925	939	898	207	0	31	28	27	25	21	26
1204	1098	1044	1059	1067	1071	1069	1067	1060	1065	1072	1067	1073	1064	976	926	925	931	957	381	0	29	27	24	24	30	52	70
706	840	1027	1053	1052	1065	1058	1056	1074	1069	1078	1075	1048	971	928	922	946	947	415	0	27	27	23	30	52	72	73	65
7	56	352	750	968	1008	970	984	1012	1009	996	969	931	918	936	983	854	284	0	27	30	38	60	74	73	68	66	64
32	21	0	19	213	549	818	933	963	972	975	972	972	957	857	528	88	0	42	56	71	75	69	66	65	65	64	65
32	33	33	30	6	0	47	164	253	302	328	331	309	218	68	0	42	71	74	72	67	65	65	65	64	65	59	38
27	26	26	30	29	31	25	13	5	3	3	12	26	42	62	72	73	66	65	65	65	66	65	64	47	34	106	313
57	57	58	59	63	67	70	75	80	81	81	79	71	65	65	67	68	67	68	66	65	51	35	64	201	406	480	334
77	76	77	74	75	74	73	73	72	71	69	68	66	67	69	70	66	62	47	35	70	180	355	466	416	249	119	101
68	70	70	68	71	70	72	71	71	73	71	67	66	59	48	39	52	116	243	386	474	428	286	151	102	111	122	121
70	72	71	70	72	69	66	58	44	34	34	52	92	163	269	381	462	462	376	250	147	106	108	119	121	118	118	118
68	69	69	71	73	83	114	180	278	389	457	476	483	441	356	251	159	113	104	116	123	123	123	121	120	119	118	119
1075	1146	1095	1034	1026	1021	1072	1137	1067	1074	1054	985	980	1017	1001	1014	1015	966	921	869	909	931	910	1000	1082	1035	955	923
1138	1136	1110	1025	956	992	1062	1048	957	994	1005	1057	1137	1125	1108	1069	1052	1004	918	903	885	939	926	936	1129	1023	941	928
1109	1120	1167	1121	954	997	929	977	1092	1141	1147	1159	1159	1098	1127	1131	1097	1056	914	825	869	921	916	905	1057	1014	942	930
1116	1105	1106	1211	1067	1007	981	1124	1154	1120	1119	1110	1153	1082	1092	1145	1122	1082	1016	859	845	891	914	939	1005	1033	941	928
1114	1115	1113	1157	1168	1007	1070	1163	1097	1081	1091	1047	1125	1068	1072	1128	1147	1087	1021	959	927	933	939	922	985	1026	933	935
1125	1148	1131	1140	1190	1030	1082	1162	1096	1079	1070	1020	1072	1104	1079	1132	1156	1094	1028	960	922	934	911	925	1013	1018	925	944
1120	1135	1139	1180	1173	1025	1069	1143	1124	1093	1076	1063	1036	1098	1125	1116	1124	1085	1005	941	916	915	898	963	1050	966	922	901
1161	1177	1191	1253	1162	1008	1065	1113	1155	1111	1079	1075	1072	1102	1125	1101	1093	1040	975	941	933	901	935	1040	1007	922	963	636
1074	1091	1231	1247	1112	1035	1066	1053	1161	1100	1082	1080	1080	1109	1136	1106	1065	1001	961	958	915	944	1014	1024	935	927	930	197
1033	1065	1248	1190	1080	1074	1066	1022	1117	1153	1119	1097	1088	1116	1141	1090	1033	973	962	925	980	1096	982	935	916	976	487	0
1042	1101	1267	1230	1035	1005	1059	1052	992	1099	1154	1141	1141	1147	1107	1037	978	947	927	971	1118	1013	935	918	963	689	20	16
1033	1194	1309	1229	1021	995	1046	1065	1045	1000	1013	1063	1078	1033	967	950	935	920	947	1033	1005	953	923	954	805	102	2	28
1142	1196	1200	1149	1090	1037	1061	1067	1033	1059	1016	963	937	927	937	934	932	954	989	1009	975	925	950	860	210	0	29	26
1186	1094	1055	1068	1051	1067	1052	1071	1053	1061	1058	1060	1031	969	953	958	962	983	994	968	921	939	893	313	0	21	27	23
1146	1072	1071	1063	1024	1067	1063	1065	1071	1067	1052	1052	1073	1059	1004	952	960	968	936	920	929	929	435	14	12	29	27	25
1177	1140	1052	1065	1069	1064	1073	1068	1068	1061	1066	1063	1067	1072	1034	948	937	924	923	920	956	586	57	1	30	27	27	24
1190	1167	1063	1057	1067	1064	1071	1069	1052	1061	1069	1066	1064	1069	1005	923	921	925	919	962	741	118	0	25	26	25	23	26
1145	1083	1041	1061	1073	1067	1071	1053	1040	1067	1070	1072	1072	1040	942	927	928	919	968	820	172	0	26	26	21	26	49	71
562	695	955	1038	1041	1046	1040	1013	1070	1067	1075	1071	1033	954	928	923	929	982	739	139	0	27	23	30	51	71	73	65
0	3	178	534	864	993	963	951	990	995	993	970	931	921	936	976	925	490	35	4	28	38	57	73	74	67	67	66
31	30	9	0	79	394	736	917	966	973	972	974	971	944	835	545	152	0	26	51	68	72	70	64	65	66	65	65
30	31	31	33	21	0	14	142	286	381	398	355	279	165	51	0	33	66	71	69	64	64	64	66	62	63	57	37
27	27	26	28	28	29	26	16	1	0	2	9	26	48	69	75	69	67	63	65	65	63	62	62	49	34	100	304
58	56	57	59	63	65	69	75	80	81	81	78	73	68	66	64	66	65	67	66	64	52	34	59	189	396	478	345
78	77	76	75	74	73	73	73	73	71	69	71	70	68	68	67	67	62	45	34	66	174	345	462	422	255	122	98
70	70	70	71	71	72	71	71	71	72	72	70	68	57	45	39	49	112	235	381	470	432	293	154	100	110	119	121
73	72	71	72	71	70	67	59	46	36	35	52	87	155	264	373	459	469	386	257	149	104	107	117	118	117	117	115
71	71	70	70	71	82	107	165	265	384	456	478	482	448	364	254	160	112	102	114	122	120	120	119	118	117	116	117
1106	1107	1066	1052	986	1021	1077	1102	1095	1052	1053	1143	1106	1141	1137	1129	1121	1036	972	930	1000	983	969	955	1060	1063	1005	925
1145	1151	1153	1117	981	954	1010	1046	1044	1142	1056	1053	1127	1149	1119	1103	1130	1133	1057	974	948	944	925	801	1045	1050	990	926
1126	1122	1132	1190	1047	982	937	944	1006	1106	1083	1049	1076	1132	1107	1070	1077	1117	1141	1041	943	881	650	789	1029	1058	994	919
1137	1132	1116	1175	1111	988	1015	1044	1149	1140	1121	1025	1027	1059	1120	1082	1081	1107	1147	1095	986	884	795	936	1004	1058	975	920
1121	1138	1130	1156	1155	982	1055	1113	1125	1087	1139	1026	1000	995	1071	1126	1096	1093	1115	1128	994	935	962	924	1004	1038	951	919
1115	1160	1166	1173	1150	996	1058	1105	1148	1093	1092	1057	1024	997	1040	1170	1131	1090	1107	1127	1010	943	930	924	1018	1027	930	919
1088	1158	1225	1269	1065	975	1055	1091	1171	1110	1066	1085	1087	1042	1058	1120	1153	1135	1111	1118	980	924	905	978	1040	978	921	939
1083	1083	1188	1272	999	985	1067	1071	1162	1112	1068	1095	1143	1132	1081	1086	1118	1157	1139	1052	932	907	961	1024	1015	929	928	888
1027	1009	1266	1260	1067	1037	1070	1047	1111	1150	1088	1099	1136	1147	1090	1084	1110	1163	1071	941	909	979	1062	1013	942	918	968	517
1035	1283	1500	1136	1119	1102	1075	1068	1038	1122	1158	1134	1138	1151	1129	1119	1152	1106	962	914	953	1070	1024	949	919	945	818	94
1332	1288	1343	1161	1108	1042	1105	1086	1041	1004	1052	1115	1132	1132	1147	1140	1057	958	937	938	992	1006	958	924	924	940	366	0
1351	993	1058	1114	1072	964	985	1038	1043	1048	978	950	969	976	979	953	924	940	932	958	978	962	935	924	955	647	47	12
1231	1023	1085	1098	1038	1029	1047	1071	1048	1030	1061	1016	966	938	937	946	929	939	980	1012	975	928	924	949	823	233	0	27
1161	1045	1073	1074	1029	1070	1063	1068	1071	1070	1050	1046	1071	1029	955	953	979	1013	1013	961	923	921	938	903	445	21	15	25
1125	1060	1058	1066	1036	1072	1069	1069	1074	1071	1058	1052	1067	1057	979	966	972	946	923	921	922	930	946	611	105	0	29	26
1149	1082	1040	1069	1062	1065	1071	1067	1059	1068	1064	1068	1070	1073	1008	921	921	920	925	923	925	961	716	197	0	26	29	25
1102	1092	1071	1061	1065	1066	1073	1067	1049	1064	1072	1074	1068	1071	966	917	922	925	927	921	969	771	236	0	23	28	22	27
1018	1053	1048	1029	1072	1068	1080	1026	1023	1060	1066	1070	1075	1011	925	928	925	920	926	982	742	192	0	25	25	25	48	70
319	493	825	1013	1030	1032	1019	959	1054	1071	1071	1055	1002	932	924	919	919	966	946	556	88	1	23	31	50	70	73	67
3	0	54	356	782	982	958	936	963	973	967	943	918	919	935	972	955	676	215	3	10	38	57	72	74	68	66	65
31	34	26	0	35	347	710	907	966	977	976	980	980	950	834	556	199	3	4	50	67	75	72	67	68	66	67	66
31	33	34	34	30	0	8	121	282	409	444	411	321	178	44	0	29	65	74	71	67	64	66	67	65	66	60	41
25	28	27	27	29	28	28	16	1	0	0	3	20	43	67	76	69	67	64	65	64	65	65	63	51	33	93	289
56	56	57	58	62	64	70	73	80	80	79	77	74	70	67	65	64	66	65	68	64	54	35	56	178	387	485	358
77	78	77	77	75	74	73	73	72	70	69	69	70	70	68	64	66	61	46	34	61	166	335	460	429	269	126	98
69	71	71	71	71	69	70	71	71	71	72	72	68	61	46	38	45	100	223	369	468	440	307	162	102	108	121	122
73	72	73	73	70	69	68	59	49	37	34	49	82	144	247	363	451	472	396	269	156	106	106	119	120	118	118	117
71	68	69	69	68	76	97	146	241	364	448	475	484	456	375	266	171	118	102	113	123	121	121	120	120	120	119	118
1133	1134	1123	1080	970	998	1045	983	990	955	1000	1189	1156	1131	1093	1090	1134	1142	1031	941	820	736	817	845	1040	1075	1034	940
1127	1134	1153	1157	1076	983	933	959	1025	1078	996	1051	1146	1129	1066	1093	1127	1153	1156	1041	840	757	825	919	1041	1073	1036	935
1126	1122	1136	1174	1145	1053	983	933	930	995	1041	950	989	1037	1060	1101	1096	1107	1135	1155	967	770	505	860	1045	1073	1028	928
1135	1142	1135	1168	1196	1079	1049	962	1032	1053	1043	977	957	1009	1015	1024	1071	1073	1085	1149	1094	903	838	939	1023	1059	1003	924
1153	1171	1158	1209	1215	1079	1054	1021	1121	1156	1150	1096	966	982	1017	1065	1094	1074	1072	1137	1123	954	954	943	1045	1054	981	917
1180	1184	1233	1252	1182	1035	1059	1050	1139	1119	1087	1158	1080	990	1037	1139	1151	1118	1085	1137	1117	944	934	965	1062	1043	948	918
1172	1202	1245	1210	1079	975	1042	1063	1136	1123	1091	1149	1115	1082	1068	1093	1129	1146	1124	1160	1048	936	920	1016	1058	1003	923	918
1060	1048	1071	1058	1006	1013	1063	1058	1091	1147	1126	1141	1101	1087	1100	1091	1100	1125	1166	1118	944	912	947	1045	1037	953	914	939
1026	1037	1262	1203	1018	1039	1047	1059	1031	1103	1145	1155	1114	1096	1114	1128	1128	1162	1127	960	914	921	1013	1063	990	923	933	875
1060	1368	1586	1209	1034	1037	1025	1053	1047	981	1076	1138	1159	1160	1159	1163	1160	1097	977	925	916	962	1069	1016	929	916	961	567
1319	1346	1378	1061	1049	999	1046	1056	1044	1012	954	980	1032	1061	1066	1054	1000	944	942	921	939	1035	1008	933	918	936	878	214
1316	1127	989	991	1017	1032	1015	1039	1045	1038	1037	988	950	937	947	952	934	934	930	936	987	966	926	926	922	963	600	37
1228	1073	1042	1060	1008	1045	1041	1062	1073	1043	1046	1062	1044	1018	976	949	940	943	982	1010	965	918	923	921	950	869	266	0
1231	1048	1056	1073	1034	1063	1073	1066	1065	1071	1071	1043	1044	1055	995	973	983	994	999	941	916	921	918	932	954	558	42	19
1255	1061	1047	1055	1058	1072	1071	1068	1068	1068	1064	1058	1055	1052	977	939	936	928	915	919	924	920	919	960	769	187	1	26
1281	1096	1056	1063	1058	1066	1068	1068	1067	1065	1064	1068	1069	1070	969	914	917	924	919	922	924	920	959	864	327	0	23	25
1179	1067	1061	1068	1060	1064	1074	1066	1035	1060	1065	1061	1071	1037	930	919	921	925	925	920	915	965	873	352	12	21	22	24
961	1038	1044	1003	1050	1068	1080	1011	1013	1058	1062	1073	1058	961	925	928	924	922	916	932	980	769	243	0	18	25	43	67
157	414	811	1002	1014	1014	997	946	1032	1058	1052	1024	961	923	919	914	916	944	980	877	468	74	1	24	46	66	72	65
16	0	44	353	798	981	959	940	938	941	936	929	932	944	959	973	946	788	443	95	0	22	54	70	73	67	65	64
33	34	26	0	45	357	696	866	930	945	930	895	837	756	621	419	191	21	0	36	68	75	72	66	66	66	67	66
28	30	30	31	22	0	3	71	153	197	181	132	80	39	3	0	29	62	73	73	68	63	64	65	65	65	60	41
25	26	26	27	28	28	28	20	12	9	17	32	47	63	72	77	74	70	66	67	66	64	65	62	52	33	85	273
54	54	55	56	60	63	68	72	77	78	79	76	74	70	69	68	69	68	68	67	65	56	37	52	164	369	484	374
75	77	76	76	74	74	74	73	71	70	67	68	69	70	70	67	69	65	48	36	56	152	320	457	442	282	132	98
70	69	69	71	69	71	70	71	71	71	71	72	69	62	52	39	45	94	210	356	462	448	322	172	104	109	121	122
72	71	72	72	72	71	69	63	51	38	33	46	75	136	234	351	445	472	408	280	164	107	105	119	121	119	119	117
69	68	69	68	67	72	89	128	216	344	437	470	477	458	384	278	180	121	103	111	122	120	120	119	120	119	119	120
1119	1180	1183	1099	992	989	980	929	931	1023	1139	1121	1101	1057	1100	1108	1095	1158	1100	994	833	732	741	764	935	1068	1059	963
1099	1098	1140	1211	1080	1005	952	931	947	963	1090	1123	1125	1016	1053	1066	1103	1134	1168	1102	927	776	823	850	950	1063	1059	957
1106	1110	1099	1167	1191	1043	1040	952	938	945	1005	1054	1002	980	1006	1035	1123	1137	1133	1162	1053	867	793	827	1011	1067	1045	947
1131	1123	1109	1140	1199	1057	1067	1017	931	947	994	1054	999	975	974	1063	1133	1137	1121	1138	1110	959	915	925	1021	1064	1033	934
1135	1137	1135	1158	1165	1047	1068	1049	974	1041	1130	1135	1098	1060	1086	1141	1159	1139	1099	1113	1139	938	929	950	1039	1068	1017	925
1156	1174	1182	1208	1176	1020	1049	1063	1037	1096	1160	1125	1075	1048	1079	1104	1126	1146	1129	1150	1082	932	932	971	1061	1061	974	920
1135	1160	1243	1288	1152	998	1049	1065	1061	1095	1162	1124	1086	1071	1072	1074	1072	1103	1154	1156	983	941	927	1000	1075	1041	941	919
1038	1063	1248	1216	1069	1039	1068	1062	1056	1043	1126	1136	1108	1093	1083	1095	1092	1124	1165	1044	939	927	922	1043	1072	992	926	921
1043	1218	1411	1224	1083	1034	1053	1069	1063	979	1028	1109	1130	1142	1140	1152	1158	1138	1029	945	924	913	987	1076	1034	934	920	938
1064	1302	1422	1297	1061	976	1001	1011	1038	980	940	980	1042	1091	1114	1113	1063	971	940	930	915	950	1071	1045	943	924	922	932
1160	1309	1362	1304	1071	976	993	1055	1041	1033	1003	967	954	959	971	965	942	931	926	919	956	1037	1003	936	921	919	949	788
1266	1203	1177	1179	1035	1046	1048	1068	1053	1040	1032	1060	1046	1022	994	940	931	927	934	983	1029	954	919	924	926	924	968	486
1201	1051	1026	1058	1025	1057	1060	1064	1065	1060	1041	1049	1053	1052	1037	972	961	989	1025	1006	938	914	924	927	922	947	864	173
1167	1031	1045	1079	1049	1046	1071	1069	1070	1067	1068	1059	1044	998	956	964	967	963	944	918	919	921	925	923	922	968	546	16
1211	1026	1041	1068	1066	1068	1070	1067	1063	1065	1067	1063	1066	1024	937	916	916	923	917	918	917	922	920	916	960	814	147	9
1221	1075	1046	1066	1063	1063	1068	1067	1064	1069	1067	1061	1071	1004	918	919	919	918	916	919	927	920	916	953	910	308	0	25
1126	1046	1054	1075	1057	1054	1072	1071	1047	1058	1056	1047	1057	954	917	923	921	921	923	924	915	915	969	897	344	3	20	23
961	1015	1025	1030	1047	1066	1075	1004	999	1060	1058	1059	986	924	925	924	923	922	917	919	950	978	741	214	0	21	41	67
173	428	852	999	997	999	981	929	960	1005	995	958	925	918	917	918	927	947	975	951	754	352	30	3	43	63	70	65
14	0	81	441	843	980	960	942	935	938	941	954	974	983	975	948	883	745	503	207	12	0	42	69	70	67	63	63
30	32	21	0	70	373	666	807	850	850	797	707	560	419	296	188	89	9	0	18	59	74	71	65	62	66	67	65
26	28	28	27	15	0	0	28	51	42	14	0	0	0	0	14	41	63	71	73	67	63	64	61	59	62	59	41
24	26	27	27	26	29	31	26	25	27	37	46	57	68	74	75	73	69	69	69	66	64	65	65	52	33	78	265
51	53	55	56	59	62	69	73	77	78	80	78	74	71	70	66	68	67	68	67	69	55	39	47	157	359	488	386
75	76	76	76	76	73	75	73	72	70	69	69	70	70	69	69	69	65	49	37	53	142	310	452	450	292	138	97
72	70	71	70	71	72	72	72	71	72	71	72	68	63	50	39	42	86	198	348	462	456	331	178	103	107	119	121
72	72	73	73	73	71	69	66	55	40	33	43	71	126	225	341	441	476	420	292	170	109	102	117	119	117	119	116
68	69	71	69	68	71	82	117	199	323	428	464	477	460	393	289	185	121	103	108	119	121	117	118	119	118	118	119
1085	1158	1166	1045	969	990	938	923	933	1034	1157	1091	1073	1058	1082	1138	1156	1170	1111	975	770	848	819	764	797	1052	1069	984
1098	1097	1127	1201	991	1006	974	930	934	970	1160	1148	1104	1009	1048	1076	1104	1113	1162	1101	935	801	817	808	870	1054	1065	976
1094	1103	1077	1176	1068	974	1070	1014	929	922	1076	1170	1081	1031	1039	1054	1069	1073	1099	1166	1021	901	849	857	929	1059	1062	970
1114	1119	1090	1142	1155	977	1064	1075	984	918	991	1166	1131	1070	1037	1069	1077	1093	1113	1161	1045	944	944	936	979	1063	1056	956
1101	1146	1149	1209	1146	989	1057	1070	1031	933	1031	1163	1159	1150	1127	1125	1121	1107	1131	1170	1036	917	926	929	986	1069	1035	931
1120	1148	1202	1262	1090	981	1025	1068	1061	996	1064	1130	1114	1129	1154	1148	1146	1143	1160	1143	960	922	934	925	1024	1073	1002	923
1055	1002	1131	1275	1159	1013	1058	1065	1067	1019	1015	1110	1131	1114	1100	1137	1122	1131	1146	1033	929	938	920	937	1058	1061	961	919
1012	1080	1331	1287	1163	1117	1106	1067	1056	1023	951	1034	1118	1141	1132	1151	1152	1128	1038	938	936	920	907	1001	1076	1006	925	922
1107	1484	1526	1246	1123	1086	1081	1118	1060	1005	931	949	1004	1061	1097	1099	1070	995	930	932	921	907	972	1077	1034	934	922	923
1349	1235	1351	1226	1120	996	959	1000	1025	1029	992	974	968	967	977	970	934	927	934	920	912	981	1071	1034	936	922	919	930
1245	1059	1139	1125	1026	973	965	1002	1044	1046	1052	1061	1053	1034	1019	968	926	924	914	933	1004	1017	972	928	920	925	919	952
1175	993	1089	1077	1010	1024	1023	1060	1064	1064	1043	1033	1065	1077	1080	1001	922	928	962	1023	1000	935	925	921	928	926	935	895
1149	1002	1046	1051	1053	1043	1078	1069	1064	1063	1058	1047	1036	991	1000	969	951	978	981	943	918	917	918	921	922	917	970	631
1162	1020	1033	1069	1060	1049	1076	1072	1071	1068	1064	1067	1063	960	923	921	928	920	915	916	918	918	920	922	916	924	939	240
1158	1033	1023	1064	1069	1055	1070	1071	1071	1062	1068	1067	1030	956	923	918	920	919	919	919	917	920	920	917	915	978	588	9
1105	1061	1019	1064	1070	1053	1065	1067	1065	1064	1069	1039	998	934	921	917	918	917	918	918	924	921	916	913	975	756	81	11
995	1038	1063	1074	1069	1049	1071	1076	1059	1055	1052	1015	972	926	922	919	920	922	922	920	915	911	929	984	719	103	3	26
976	994	1011	1052	1069	1059	1064	1006	961	1004	1011	975	932	924	925	921	919	917	914	917	941	981	895	466	32	3	40	64
268	560	905	1000	990	982	966	931	930	939	930	921	921	917	916	922	934	958	983	954	805	475	101	0	36	65	71	68
1	0	131	530	881	979	968	958	956	960	965	977	984	979	965	929	848	699	461	192	18	0	32	69	74	67	62	63
29	34	13	0	95	356	570	673	684	632	564	492	405	312	223	127	39	0	0	14	55	75	73	67	64	63	63	63
27	30	30	31	17	0	0	4	5	1	0	0	0	0	1	20	46	66	77	77	70	66	66	66	63	63	60	44
27	27	28	28	27	30	29	29	29	32	38	46	56	67	74	78	76	70	67	68	67	66	68	67	55	36	76	256
51	52	54	55	57	61	67	70	75	77	79	76	74	73	69	67	69	70	70	68	68	58	39	47	151	350	480	388
76	77	77	78	75	76	74	73	71	70	70	70	70	71	69	69	69	65	52	38	52	136	300	446	450	299	143	99
71	70	70	69	69	72	73	72	72	72	73	71	68	64	53	40	42	83	189	336	455	455	334	183	106	105	121	122
73	73	74	73	72	73	70	65	58	42	34	42	68	118	213	328	430	469	416	297	177	112	105	117	120	119	119	119
68	69	68	67	67	69	79	109	179	298	413	456	474	462	401	297	194	126	105	110	120	123	120	123	119	121	120	119
1142	1165	1195	1136	997	956	922	916	960	926	1033	1145	1138	1128	1102	1085	1131	1173	1029	941	864	891	893	832	810	1000	1060	995
1138	1131	1152	1207	1094	1023	1012	966	933	923	1000	1137	1160	1104	1075	1071	1097	1148	1139	994	897	740	780	731	830	1002	1061	991
1144	1147	1134	1201	1165	1013	1053	1064	1001	927	969	1115	1135	1113	1097	1089	1101	1108	1151	1059	955	888	812	774	874	996	1060	980
1149	1162	1150	1202	1213	1023	1063	1071	1062	965	938	1069	1134	1131	1103	1080	1094	1105	1141	1094	943	953	940	932	929	1011	1056	951
1139	1173	1223	1253	1125	1024	1035	1059	1074	1030	938	1023	1134	1121	1101	1091	1109	1121	1147	1076	935	930	929	927	930	1032	1033	928
1159	1189	1239	1162	1032	1021	1019	1064	1066	1056	957	978	1085	1136	1152	1130	1146	1145	1104	989	923	934	926	909	965	1060	992	919
1078	1058	1037	1101	1038	1037	1051	1062	1070	1070	968	934	1010	1072	1106	1123	1121	1076	989	926	932	922	912	930	1034	1046	940	923
1031	1076	1243	1335	1110	1036	1036	1006	1011	1025	954	919	943	980	1018	1032	1016	956	927	926	923	910	928	1024	1063	968	922	920
1079	1277	1503	1407	1155	1032	1016	1020	995	975	953	957	959	967	982	984	957	923	926	920	914	948	1030	1061	983	919	919	918
1338	1224	1337	1326	1145	1047	989	1054	1066	1059	1055	1060	1061	1053	1043	1031	969	924	921	927	962	1014	1008	961	918	923	919	917
1394	1163	1034	1121	1113	1046	1038	1034	1050	1063	1047	1052	1063	1071	1070	1057	960	921	935	976	982	942	920	913	918	920	916	921
1249	1086	970	1043	1052	1013	1044	1041	1045	1066	1066	1041	1027	1013	1009	993	944	934	946	942	923	917	919	919	919	918	915	950
1166	966	1011	1065	1060	1029	1061	1061	1060	1061	1065	1058	1042	944	937	920	922	921	917	914	917	920	919	923	920	915	923	887
1148	968	1036	1073	1071	1049	1070	1066	1067	1067	1059	1068	1027	934	921	921	918	917	921	924	924	922	920	921	918	912	975	506
1180	1028	1052	1048	1072	1040	1065	1070	1068	1056	1063	1030	946	928	921	921	924	924	922	922	917	918	922	917	912	951	806	67
1085	1058	1054	1049	1078	1057	1054	1065	1062	1059	1060	972	925	926	920	918	919	919	917	917	922	920	915	911	952	887	185	0
977	1042	1075	1069	1073	1062	1061	1077	1056	1040	1000	933	922	926	918	917	916	922	920	919	916	912	925	979	823	185	0	25
980	996	1015	1054	1076	1067	1050	1002	956	942	937	923	921	928	920	919	918	918	914	914	926	967	938	577	65	0	40	61
283	596	913	1002	986	979	949	921	919	918	913	912	914	920	916	920	924	934	957	974	911	635	203	0	21	69	73	66
0	0	130	541	872	968	977	976	979	981	974	974	978	969	959	950	926	867	719	458	163	2	2	63	74	67	62	61
31	31	10	0	76	266	408	455	413	331	277	284	313	328	319	278	213	123	31	0	19	60	70	62	59	61	60	60
30	28	29	31	21	3	0	0	0	0	0	0	0	0	0	0	14	38	64	73	73	67	64	65	65	63	60	42
28	29	27	27	27	28	28	28	29	32	37	45	52	63	71	78	76	71	68	66	66	65	67	66	57	36	68	240
49	50	51	52	55	58	65	69	72	76	78	74	73	72	69	67	68	67	68	69	66	60	39	46	141	338	479	399
76	78	77	77	75	76	75	73	70	68	69	69	71	70	68	68	70	67	53	36	45	122	286	443	464	316	150	98
70	71	70	69	70	69	71	69	71	71	71	71	69	65	53	39	40	76	175	321	452	463	351	193	107	102	119	123
71	73	72	71	71	72	70	66	60	46	33	38	61	110	199	315	419	473	428	312	184	113	101	115	119	119	116	116
70	70	68	68	67	67	74	98	161	279	404	456	472	465	409	308	202	128	102	106	116	120	118	120	118	118	115	118
1154	1172	1205	1223	1055	942	945	966	943	919	914	980	1083	1129	1127	1120	1126	1045	926	964	960	924	950	936	936	941	1017	995
1123	1124	1165	1240	1171	1032	1049	1034	994	934	910	945	1053	1117	1129	1111	1128	1134	991	914	946	953	912	883	952	937	1025	988
1126	1124	1126	1204	1234	1063	1050	1075	1073	1004	927	955	1033	1100	1133	1137	1142	1124	1022	924	924	936	929	927	926	955	1047	962
1140	1144	1138	1188	1244	1081	1059	1066	1070	1052	983	926	982	1060	1107	1121	1123	1097	1019	933	926	933	928	925	936	1010	1047	936
1146	1145	1161	1206	1233	1078	1020	1049	1069	1073	1025	921	952	1021	1064	1089	1091	1053	978	917	921	929	919	918	956	1038	1016	923
1151	1158	1191	1242	1264	1058	1015	1065	1068	1066	1050	937	932	969	1003	1018	1019	991	944	919	925	918	919	935	983	1049	958	923
1121	1115	1203	1337	1235	1037	1023	1044	1055	1057	1013	928	928	924	951	977	991	978	944	924	918	920	941	999	1037	992	927	924
1037	1037	1336	1325	1198	1071	1002	945	939	937	921	922	948	981	1007	1010	1017	997	946	922	923	946	993	1029	989	923	928	922
1038	1302	1509	1338	1215	1079	1031	1016	954	942	963	1006	1042	1066	1064	1062	1056	984	932	936	957	975	975	952	922	923	925	921
1249	1368	1291	1470	1244	1026	976	1051	1065	1054	1045	1050	1063	1059	1056	1060	1014	949	936	955	955	933	923	918	920	925	920	917
1351	1307	1220	1331	1269	1025	1035	1062	1069	1070	1046	1009	1013	1022	1005	965	945	933	928	930	924	922	922	917	921	925	918	919
1131	1095	1093	1153	1077	1008	1066	1062	1063	1066	1061	1048	1018	972	948	915	922	924	924	919	922	922	921	921	924	922	917	929
1099	996	989	1042	1059	1031	1046	1058	1053	1061	1051	1049	977	935	935	927	924	920	920	919	923	925	924	923	924	919	917	949
1100	1005	992	1068	1081	1028	1044	1063	1060	1060	1056	996	934	928	925	928	928	926	921	921	923	922	917	923	920	914	961	670
1072	1024	1037	1074	1075	1038	1051	1070	1062	1057	1036	945	919	932	919	919	922	924	925	922	917	918	924	921	916	934	900	181
1060	1030	1050	1058	1074	1069	1053	1069	1065	1057	1006	926	919	926	917	917	916	920	919	922	925	921	918	915	928	946	401	0
978	1053	1077	1070	1073	1072	1061	1075	1058	1000	944	918	923	927	920	918	916	917	920	919	924	922	918	934	943	493	19	22
986	993	1031	1062	1076	1072	1057	998	950	929	927	926	923	928	924	919	919	919	920	918	913	919	955	898	452	33	27	65
470	765	966	999	988	978	941	913	914	916	914	912	916	922	920	918	917	916	914	926	948	948	758	307	30	55	79	68
0	45	299	663	891	961	975	976	975	974	984	977	958	943	938	936	940	949	955	925	782	473	145	41	73	72	69	64
33	25	4	7	103	244	343	379	343	299	349	507	682	795	848	849	828	767	618	394	178	57	55	68	64	64	63	59
34	32	34	33	22	8	0	0	0	0	0	0	0	55	133	178	182	146	86	48	50	61	66	64	64	63	61	42
29	29	27	27	27	29	27	29	29	30	36	44	47	50	54	54	56	57	64	65	68	68	68	66	55	37	67	236
49	46	48	49	51	56	63	65	71	77	77	76	75	72	70	68	70	71	68	70	69	60	42	46	139	333	475	400
80	79	78	77	76	76	76	71	73	71	70	68	70	69	67	69	68	68	55	38	46	123	283	437	462	317	155	98
70	70	70	71	71	70	72	69	73	71	70	69	69	67	53	40	40	74	171	320	446	461	354	198	111	104	119	123
73	75	72	73	73	71	71	67	60	46	34	37	59	107	192	307	416	473	433	316	190	114	103	115	121	119	117	116
69	70	67	68	69	67	72	91	148	263	391	454	474	472	413	315	205	133	105	107	119	120	120	119	120	119	117	116
1187	1192	1173	1075	985	932	959	983	985	957	955	945	950	965	994	996	961	926	926	951	953	929	903	927	948	969	1030	990
1093	1111	1199	1129	980	946	1030	1067	1059	1019	938	919	928	949	1014	1039	1024	970	926	919	938	949	922	935	932	981	1047	979
1121	1108	1115	1194	1049	968	1054	1072	1073	1073	1016	935	926	935	964	999	989	945	927	935	931	944	925	906	935	1010	1054	954
1102	1117	1089	1164	1156	964	1046	1065	1073	1070	1061	976	924	929	940	964	957	929	919	972	1002	970	915	927	979	1040	1020	934
1098	1137	1124	1164	1250	1003	995	1036	1069	1073	1075	1016	926	928	936	937	924	954	1060	1091	1014	935	923	946	1012	1041	961	932
1076	1157	1230	1234	1228	1046	1000	1064	1066	1065	1070	984	913	918	907	949	1069	1177	1177	1066	947	928	956	982	1026	986	926	932
1103	1069	1096	1227	1148	1064	1001	1031	1003	997	956	917	918	939	1090	1229	1182	1167	1086	949	925	944	974	996	971	927	927	927
1029	978	1187	1415	1148	1088	1058	977	935	945	954	969	1060	1237	1233	1161	1168	1069	930	921	929	935	940	936	921	921	927	921
1011	1216	1473	1546	1253	1132	1049	1015	949	959	1001	1153	1220	1184	1168	1143	1009	923	921	921	924	922	917	915	922	925	922	919
1212	1429	1414	1576	1250	1106	1007	1035	1034	998	1037	1171	1126	1131	1060	958	913	915	916	915	921	920	921	920	920	925	922	919
1394	1306	1209	1171	1120	1023	1022	1051	1067	1051	1094	1114	1061	1005	915	915	914	918	919	921	920	919	922	921	919	921	917	919
1221	1095	1055	1049	996	1008	1039	1049	1066	1061	1076	1076	989	941	927	919	917	920	922	918	918	918	922	920	922	921	916	918
1164	985	1009	1013	1037	1004	1042	1064	1049	1062	1060	993	921	927	926	923	924	918	917	916	918	921	919	918	921	919	915	935
1126	993	1003	1014	1070	1017	1031	1070	1058	1057	1040	932	915	920	923	918	924	920	918	921	921	920	917	919	919	916	922	914
1099	1037	1003	1055	1075	1059	1040	1068	1054	1052	1002	918	918	921	927	920	923	924	921	920	918	920	918	922	918	913	962	614
1044	1030	1009	1067	1077	1072	1062	1067	1066	1051	952	918	920	919	926	920	915	917	920	920	918	916	921	919	913	940	866	166
1000	1061	1067	1069	1075	1072	1072	1072	1056	972	918	920	920	916	924	923	917	916	916	916	920	921	919	915	932	940	367	2
964	992	1058	1074	1075	1073	1069	1011	944	917	921	920	917	920	924	925	920	918	918	919	917	917	912	939	941	462	22	59
877	977	986	995	1000	986	950	920	922	920	919	923	924	924	927	925	919	922	921	916	912	923	965	892	426	52	67	69
88	314	599	826	929	955	954	942	934	957	966	944	925	919	920	918	915	911	913	932	969	954	717	273	50	65	67	65
23	0	0	41	154	234	237	183	154	289	562	805	926	948	951	948	956	978	984	888	640	301	73	43	67	67	64	61
34	36	34	28	15	7	5	9	6	0	52	215	431	617	727	763	714	567	341	132	33	35	61	68	65	64	64	47
30	30	28	29	29	29	28	30	31	35	35	37	49	81	108	101	61	27	32	53	66	67	68	65	54	35	62	226
45	45	44	46	50	56	59	66	70	74	78	79	76	71	65	64	68	71	69	68	66	60	43	42	129	325	472	403
81	82	80	79	78	77	75	73	73	71	71	72	72	73	73	73	70	67	54	40	46	116	273	434	466	326	156	97
71	69	70	70	70	70	71	70	71	72	72	72	71	67	57	44	40	71	164	309	439	462	360	203	113	104	120	122
73	74	73	72	73	71	71	69	63	48	38	38	57	102	185	300	410	470	437	326	195	118	102	114	120	120	119	116
69	68	68	67	68	67	71	85	135	246	380	451	475	474	419	323	214	137	105	107	119	122	121	119	120	118	117	120
1163	1143	1085	965	926	919	937	972	1024	1023	977	976	995	982	957	936	924	925	931	942	965	965	931	1015	1030	989	1055	987
1127	1159	1240	1100	957	931	958	1067	1072	1070	1038	962	946	943	937	930	932	932	938	938	905	934	1099	1144	1028	1009	1044	974
1150	1133	1171	1220	1031	946	1012	1077	1071	1072	1076	1023	939	927	923	924	927	924	929	914	1012	1206	1245	1129	1006	1044	1000	964
1156	1165	1137	1181	1132	947	1018	1060	1075	1071	1071	1067	965	929	926	923	922	905	937	1141	1294	1255	1155	987	1008	1016	954	952
1169	1182	1169	1190	1194	971	1011	1030	1069	1069	1076	1070	947	920	928	912	914	1039	1228	1248	1215	1098	953	948	986	958	941	941
1147	1183	1219	1210	1069	981	994	1034	1074	1060	1038	969	913	908	913	1012	1170	1210	1167	1133	1041	954	927	936	934	925	935	933
1154	1149	1097	1042	1006	978	1011	1019	1002	940	924	909	909	973	1138	1214	1141	1117	1088	994	934	928	921	916	913	923	930	923
1051	1010	1140	1320	1146	1055	1082	1113	1035	967	955	1007	1124	1198	1134	1111	1109	1052	959	918	918	919	920	916	917	921	929	922
1027	1043	1478	1584	1357	1136	1007	1062	1007	1014	1172	1277	1167	1070	1140	1093	1001	931	911	915	919	919	917	917	921	924	925	922
1026	1213	1411	1486	1384	1137	961	1014	981	1040	1279	1179	1080	1174	1073	974	920	911	915	914	918	920	918	918	915	922	920	918
1169	1341	1237	1238	1328	1129	967	1039	998	1072	1238	1156	1192	1112	946	915	911	914	912	912	916	917	916	919	920	922	920	917
1217	1149	1048	1014	1077	976	965	1062	1032	1113	1202	1184	1172	948	913	911	913	915	914	915	914	916	917	920	917	921	919	917
1131	1018	972	989	984	965	981	1059	1040	1114	1183	1181	1010	908	913	913	915	915	914	915	918	917	918	919	921	920	918	915
1097	1027	1005	1021	1054	1039	1012	1071	1051	1060	1123	1025	911	909	912	915	918	916	914	918	917	920	918	919	920	919	914	940
1100	1024	1025	1021	1068	1068	1043	1065	1069	1028	1031	918	915	917	915	916	918	918	915	915	918	917	918	924	918	916	924	927
1062	1025	1030	1042	1075	1067	1063	1060	1066	1045	952	917	918	920	919	914	917	918	919	920	916	916	918	923	920	917	993	478
1056	1057	1056	1056	1071	1071	1071	1062	1049	978	913	920	917	915	916	917	916	919	919	920	920	918	922	922	916	989	717	27
980	1027	1067	1075	1074	1073	1074	1035	948	914	919	913	913	913	917	922	923	918	919	921	917	917	922	930	998	788	99	38
956	971	989	1012	1016	1000	967	928	925	933	928	923	921	924	922	922	920	922	922	916	918	925	959	1000	707	120	48	72
281	580	841	945	966	973	976	961	941	935	926	922	922	922	920	917	918	912	914	929	964	981	845	430	62	51	68	63
0	4	133	321	430	395	306	381	638	873	963	952	928	915	911	913	927	951	959	891	685	366	97	27	63	67	63	62
31	26	11	2	0	0	0	5	89	285	553	766	866	891	878	845	758	595	365	153	37	29	54	67	64	62	62	43
29	30	29	32	31	30	30	24	17	3	6	58	133	193	199	155	80	32	31	50	63	64	64	64	56	34	56	218
43	42	44	47	49	53	61	63	69	74	77	72	63	57	54	57	63	69	66	67	65	58	40	36	120	315	477	419
83	82	81	82	80	77	76	74	73	74	71	72	71	74	74	72	70	66	56	41	42	107	263	430	475	341	159	96
71	70	69	70	69	69	70	70	71	73	76	72	73	67	59	44	40	66	153	299	436	467	367	211	112	100	117	120
74	71	71	70	72	71	72	70	66	51	38	37	54	95	176	290	404	474	447	332	201	119	98	112	120	119	116	117
70	69	68	66	68	68	69	79	122	229	371	454	477	473	428	334	222	140	104	106	114	120	118	115	116	116	115	116
1128	1138	1100	1084	1127	1051	949	970	1035	1062	1035	984	965	989	971	974	958	960	961	969	935	903	1031	1235	1312	1265	1020	978
1149	1156	1193	1178	1037	949	926	1012	1082	1070	1071	1049	981	957	957	953	934	930	933	922	901	1057	1224	1221	1325	1114	960	996
1128	1129	1152	1184	1134	969	974	1065	1075	1070	1064	1075	1023	939	927	924	923	920	916	930	1113	1226	1184	1231	1081	950	940	984
1132	1127	1128	1160	1171	1005	962	1056	1060	1066	1060	1076	1038	935	925	925	914	914	988	1182	1219	1133	1117	1035	935	926	938	958
1136	1133	1131	1163	1194	1049	950	1031	1057	1075	1074	1054	957	919	914	918	964	1089	1211	1173	1072	1055	1022	939	914	921	933	935
1168	1153	1147	1191	1186	1121	979	968	1022	1046	991	938	914	909	953	1059	1181	1199	1098	1042	1045	1030	947	910	919	918	932	931
1162	1169	1187	1207	1201	1209	1174	1045	952	923	909	913	928	1035	1152	1192	1159	1059	1026	1050	1030	951	926	925	920	918	932	927
1082	1084	1171	1297	1206	1168	1170	1304	1201	932	955	1067	1197	1199	1139	1118	1048	1050	1041	981	932	920	916	922	920	922	929	924
1019	999	1300	1291	1124	1126	1081	1137	1074	969	1187	1323	1147	1091	1102	1039	1049	1017	942	911	917	920	916	911	914	920	926	917
1012	1168	1477	1509	1257	1134	1062	1036	988	1043	1271	1115	1053	1118	1033	1030	993	935	909	918	916	919	921	920	916	919	924	922
1126	1302	1275	1523	1337	1087	976	977	965	1120	1182	1071	1129	1065	1035	981	923	913	917	914	913	916	919	920	918	919	917	926
1276	1227	1134	1181	1187	985	948	989	976	1134	1133	1093	1164	1029	974	921	917	916	918	915	916	917	919	920	917	921	917	937
1226	1121	1042	1021	1021	1004	972	1018	1032	1142	1110	1168	1157	974	936	922	914	913	916	917	920	916	922	919	920	916	920	943
1210	1000	987	1007	1019	1036	985	1046	1073	1157	1171	1261	1099	951	942	929	922	911	916	914	913	918	922	920	918	915	921	939
1195	980	1011	1061	1058	1060	1017	1048	1066	1112	1209	1109	976	960	939	925	927	917	917	915	921	922	919	918	916	904	927	751
1118	1023	1045	1050	1069	1068	1068	1053	1060	1069	1105	951	927	930	918	931	928	922	923	923	928	922	918	911	882	890	823	264
1065	1066	1062	1050	1065	1073	1072	1074	1045	1017	941	920	922	921	923	928	924	925	931	924	918	922	900	848	841	784	369	9
987	1058	1070	1071	1071	1075	1076	1061	975	922	922	924	922	922	926	921	922	922	922	927	916	863	817	787	683	340	30	53
961	963	1011	1048	1049	1033	996	944	933	934	928	929	928	927	923	922	926	932	918	867	814	776	704	517	216	41	72	76
832	961	971	960	969	962	943	937	929	929	932	930	932	935	936	926	893	831	775	741	662	495	275	97	50	67	67	66
112	367	653	754	718	703	793	925	972	953	928	911	883	842	786	725	671	612	527	384	211	85	45	52	57	55	56	61
47	33	44	39	39	110	225	309	399	472	514	517	498	463	413	354	278	187	109	58	40	52	59	60	58	57	56	41
33	33	31	30	23	8	7	16	29	46	65	86	101	97	88	71	63	64	65	63	57	56	60	62	53	31	52	213
40	39	40	43	48	50	54	57	59	63	70	74	74	75	74	74	75	76	71	69	64	55	38	34	118	311	477	421
81	80	82	80	80	80	78	77	77	77	76	76	75	76	76	75	73	72	63	43	42	104	257	421	465	338	160	96
69	70	71	72	70	72	74	73	75	76	76	74	73	73	62	48	42	69	154	299	434	465	369	213	112	99	113	118
73	72	73	73	73	73	74	72	66	55	41	38	55	96	176	290	408	477	448	338	206	121	99	110	119	116	116	115
71	69	68	69	68	69	71	80	120	223	363	449	479	480	430	340	232	146	108	108	116	122	119	117	118	117	115	116
1075	1077	1066	1060	1165	1329	1224	1014	1022	1067	1070	1049	999	1020	995	972	971	939	994	1001	937	926	1145	1106	1120	1324	1095	975
1118	1110	1099	1077	1055	1112	1133	1006	1060	1071	1068	1077	1050	975	970	989	986	966	978	932	942	1142	1145	1169	1172	1097	939	983
1133	1145	1166	1167	1090	1016	1028	1027	1069	1072	1052	1055	1075	974	924	933	945	936	927	976	1152	1193	1201	1094	1051	961	922	957
1120	1128	1171	1247	1168	1009	997	1020	1064	1064	1070	1075	1043	937	922	920	928	966	1049	1200	1177	1104	1052	1056	1012	916	924	952
1135	1131	1126	1218	1221	1023	927	975	1040	1068	1071	1021	938	924	920	954	1022	1128	1210	1125	1032	1036	1056	1033	943	912	921	940
1146	1139	1121	1149	1253	1192	982	960	956	980	962	913	912	935	1008	1078	1178	1203	1068	1045	1064	1068	1043	965	918	915	924	934
1120	1144	1151	1131	1184	1298	1218	1001	917	914	941	963	1008	1096	1136	1185	1164	1043	1047	1046	1068	1027	956	923	916	919	926	928
1100	1135	1175	1134	1161	1138	1119	1134	1067	984	1064	1248	1267	1164	1137	1127	1060	1070	1068	1057	1003	932	916	921	918	931	928	924
1086	1069	999	1080	1100	1044	1045	1057	1129	1133	1212	1363	1108	1102	1099	1037	1055	1067	1033	964	920	922	922	920	922	922	925	929
1054	1009	1119	1183	1067	1062	1081	1094	1099	1154	1273	1182	1091	1124	1039	1053	1049	1030	947	913	916	921	918	921	927	925	923	913
1022	1058	1307	1555	1298	1074	1047	1053	1105	1144	1244	1145	1159	1061	1042	1056	1009	941	915	916	915	918	917	923	922	922	927	844
1069	1157	1345	1603	1509	1177	1009	1040	1100	1121	1186	1136	1175	1041	1049	998	940	933	926	917	918	921	921	927	927	922	925	718
1137	1175	1233	1303	1386	1212	1025	1036	1047	1144	1117	1118	1164	1039	1020	1006	981	954	925	920	918	917	920	928	922	931	851	582
1089	1024	966	1008	1118	1180	1005	998	1101	1109	1050	1150	1232	1026	1028	1025	992	946	918	916	914	920	927	926	924	906	714	385
1068	989	979	1041	1053	1051	988	1018	1144	1106	1051	1217	1096	1032	1030	1000	953	919	914	919	918	929	924	921	918	790	558	134
1056	1029	1041	1073	1073	1067	1047	1027	1096	1152	1198	1139	981	982	961	943	925	918	920	924	927	923	922	914	806	669	313	21
1058	1059	1062	1062	1068	1070	1068	1065	1039	1142	1128	943	925	926	921	923	923	921	926	927	919	921	907	826	714	470	111	7
1013	1054	1073	1074	1070	1072	1079	1072	1005	973	934	923	925	921	922	921	919	922	920	921	916	892	840	747	540	220	31	44
944	988	1018	1062	1074	1055	1020	962	935	925	932	931	923	922	923	923	922	917	915	911	887	850	777	569	256	65	63	64
978	953	945	961	963	939	929	930	929	929	931	929	926	924	919	917	917	915	905	889	864	751	492	202	65	61	62	58
671	866	921	914	929	950	951	935	924	924	924	924	919	917	916	916	918	918	880	751	504	233	79	52	61	61	62	62
76	136	190	371	619	806	891	914	920	917	913	913	916	921	910	863	740	536	307	124	49	54	66	67	64	63	63	46
44	39	35	42	140	306	441	568	654	699	715	700	640	522	369	205	87	35	40	56	67	68	67	65	56	35	54	203
41	40	42	43	40	43	61	99	130	145	133	101	62	39	35	49	62	67	69	67	67	61	42	36	109	297	471	429
81	83	83	81	80	80	76	71	65	62	61	65	68	71	71	72	69	67	58	41	41	100	251	418	466	342	166	97
71	70	72	71	72	73	72	73	74	73	72	72	70	67	56	46	37	62	145	288	427	469	377	218	114	99	115	118
73	73	73	73	74	74	74	72	67	55	39	36	51	90	166	278	396	463	448	343	210	121	100	112	119	120	116	115
71	69	70	69	68	67	69	75	112	209	349	443	475	478	433	342	234	145	106	104	114	118	118	117	116	116	117	119
