9	173	907	964	1036	986	256	153	159	149	131	153	180	252	373	570	434	160	208	213	168	193	234	206	272	719	1336	1386
18	218	901	980	1034	1056	395	150	187	203	229	228	262	234	241	338	467	247	199	187	313	523	352	250	242	398	1019	1383
22	172	860	996	1051	1110	654	154	166	160	139	146	159	170	180	346	529	629	506	268	189	439	452	479	554	786	596	857
23	81	802	1002	1057	1137	973	175	202	227	178	145	163	181	137	168	340	521	668	719	535	467	878	689	334	288	187	208
28	57	734	998	1035	1105	1230	261	171	181	176	156	132	158	213	283	273	248	286	506	350	725	1139	496	184	158	198	198
29	36	673	1000	1046	1062	1295	406	137	152	139	151	168	179	197	215	225	408	966	668	513	714	417	149	269	286	237	168
32	28	613	1000	1043	1050	1218	568	123	142	134	137	187	243	266	470	356	326	990	1004	626	207	166	206	295	263	283	359
36	23	518	993	1052	1051	1105	659	162	208	193	216	203	179	239	215	162	99	729	1016	604	188	180	196	208	317	869	1109
35	26	346	965	1023	1053	1040	637	181	201	163	164	160	251	196	163	188	307	510	525	336	189	176	219	175	658	1319	1220
35	46	121	876	970	1046	1023	725	197	178	144	152	200	184	167	178	322	362	210	227	210	188	174	242	157	832	1227	1136
32	65	5	623	966	1006	1003	906	306	147	155	190	169	151	198	319	255	149	180	215	172	208	159	273	190	889	1158	1124
30	67	1	276	951	960	1034	976	653	148	197	205	197	178	247	257	147	153	190	202	154	218	189	184	293	1022	1140	1127
25	56	36	47	794	945	991	1002	958	407	147	192	189	201	239	180	150	157	228	201	198	175	187	140	584	1117	1180	1161
25	46	52	0	454	974	927	1016	1007	906	282	171	237	248	195	165	152	246	251	183	217	162	155	222	924	1142	1213	1148
23	36	56	14	85	838	940	941	1030	1039	901	294	253	283	210	161	213	288	183	163	222	176	127	615	1059	1109	1183	1084
21	27	56	36	0	337	960	926	941	1021	1095	1021	381	247	261	273	256	221	194	167	171	122	470	962	1054	1115	1236	1290
59	32	44	45	13	3	465	945	938	926	1000	1153	1171	554	275	257	222	218	223	171	149	517	987	1121	1118	1140	1202	1223
67	71	67	80	40	14	12	348	839	965	931	979	1170	1302	852	355	210	166	183	299	725	1011	1093	1211	1167	1147	1045	1039
62	61	66	75	97	87	50	17	163	629	940	949	952	1125	1299	1170	916	784	848	1058	1131	1050	1043	1144	1141	1072	1063	1056
64	63	63	61	61	69	86	99	77	78	328	787	974	952	1040	1213	1258	1229	1197	1144	1077	1070	1068	1062	1066	1073	1061	1074
40	40	60	59	62	63	61	63	81	104	96	167	501	845	969	993	1005	1004	1003	989	990	1011	1037	1076	1076	1051	1037	1067
469	244	64	34	59	67	63	63	62	62	71	84	94	184	388	615	789	889	940	965	965	951	956	1018	1038	1034	1028	986
211	403	501	321	107	33	44	61	62	66	67	69	67	65	66	85	137	230	349	475	587	690	764	827	883	921	928	936
111	97	157	350	498	421	216	69	30	46	62	69	69	71	72	70	66	59	59	64	78	102	133	170	211	246	271	277
120	123	119	100	116	248	428	494	393	213	85	39	42	60	67	72	71	72	67	67	64	63	63	63	63	60	60	60
117	119	120	121	120	110	98	142	270	420	489	431	302	164	76	42	39	49	62	67	70	71	71	72	74	70	70	69
90	120	119	118	118	120	120	121	108	99	130	220	349	453	488	445	352	240	149	89	55	37	29	34	40	46	52	57
404	119	117	119	116	117	117	119	120	119	120	117	105	104	129	199	294	392	460	495	491	477	444	387	307	233	183	154
10	138	882	986	1056	1116	353	151	159	164	145	191	276	383	404	177	137	139	179	176	210	222	283	331	176	275	982	1253
13	190	873	995	1056	1254	523	136	136	139	157	198	170	151	233	355	167	145	161	232	407	270	235	169	191	117	334	1006
18	141	833	1014	1061	1279	648	174	153	149	152	142	165	234	450	589	370	259	177	178	179	196	336	159	119	379	212	346
20	64	776	1019	1052	1220	739	156	180	160	138	133	145	259	252	178	174	217	196	142	134	175	298	362	185	227	192	144
24	40	671	1013	1040	1129	758	173	201	155	144	156	244	239	179	257	285	243	164	156	137	381	312	173	211	154	146	177
25	26	541	1013	1039	1071	700	180	183	174	201	237	206	160	165	212	310	592	590	201	448	1017	409	141	195	197	184	127
25	28	410	1001	1047	1076	699	183	174	184	199	168	163	185	199	181	148	189	510	388	312	287	202	204	196	257	463	585
25	41	266	966	1039	1078	787	170	193	189	213	208	160	145	160	161	163	246	740	914	183	132	183	249	200	623	1340	1344
26	58	111	871	1026	1053	931	216	170	212	213	156	160	177	206	240	211	657	757	872	266	155	158	220	258	1031	1372	1275
29	69	4	661	990	1031	1001	449	141	175	158	187	214	231	207	170	392	393	277	352	179	160	161	177	287	1067	1209	1147
31	67	0	318	960	985	1002	845	204	174	212	201	159	149	149	315	378	168	227	292	135	153	178	198	294	1088	1173	1162
33	68	17	63	831	951	1017	1030	664	159	201	164	184	210	231	296	247	142	266	322	139	151	190	165	509	1155	1181	1180
34	69	30	0	528	969	973	1023	1111	479	145	191	200	230	238	209	218	156	321	270	226	157	203	169	886	1179	1193	1208
35	65	33	24	192	925	927	990	1087	1202	352	202	272	307	171	227	218	204	250	185	194	169	146	266	1025	1083	1130	1072
34	61	41	54	41	625	971	930	1016	1208	1186	310	219	290	200	260	198	226	198	187	165	168	103	657	1092	1124	1257	1085
25	61	43	62	72	183	825	958	942	1021	1268	1122	305	225	245	261	254	244	181	175	163	118	484	1050	1042	1221	1414	1307
56	51	61	40	86	90	246	791	971	943	1021	1251	1107	443	253	205	225	178	176	160	132	533	1036	1093	1071	1093	1124	1235
69	72	89	78	72	110	113	181	618	959	962	999	1165	1126	742	349	200	172	197	334	754	1093	1099	1049	1038	1047	1042	1039
62	64	67	80	99	115	135	144	131	363	760	957	978	1073	1109	1004	871	812	888	1031	1089	1076	1060	1043	1058	1074	1059	1053
67	66	65	62	62	70	97	139	170	149	179	471	835	971	1022	1061	1060	1062	1057	1046	1037	1068	1072	1073	1068	1067	1053	1067
42	42	61	63	62	62	62	65	91	132	160	166	271	562	837	965	1007	1021	1014	1001	995	1011	1033	1070	1079	1051	1028	1057
463	242	65	36	61	66	64	64	64	65	75	101	129	168	263	438	648	810	909	953	965	955	950	991	1037	1031	1016	980
214	409	498	315	106	35	47	62	66	69	72	72	71	75	87	103	134	196	298	425	562	674	762	829	879	917	937	947
112	97	159	355	507	416	208	66	32	51	69	71	72	71	71	68	66	62	63	69	83	107	138	178	215	246	272	287
121	123	121	103	120	252	430	494	386	209	82	41	47	61	70	74	72	70	66	67	65	62	63	60	62	61	61	59
120	120	122	122	122	111	98	143	276	430	493	431	294	155	72	40	38	47	60	68	70	70	69	69	70	69	69	68
91	122	120	120	121	123	122	122	108	101	132	226	353	455	483	437	341	230	143	85	50	36	31	32	42	49	54	58
405	120	118	122	119	120	119	121	122	124	124	118	106	106	134	204	299	391	454	483	488	472	437	375	292	218	168	138
29	103	841	1010	1118	1156	249	197	198	192	174	158	107	124	135	126	110	193	180	167	164	216	167	259	176	261	774	1113
70	158	845	1007	1095	1073	229	186	164	161	135	160	139	135	132	141	126	161	229	357	173	149	147	139	172	147	148	568
64	118	823	1010	1072	938	230	195	209	189	258	311	365	326	309	203	114	151	165	220	161	210	217	147	116	301	289	144
54	35	744	1012	1049	822	202	174	152	156	170	158	178	227	209	147	143	122	163	170	155	149	291	242	304	193	205	142
56	16	601	1025	1040	822	186	186	174	177	200	186	213	230	287	309	225	211	159	172	129	140	138	179	178	146	137	181
58	15	409	1015	1053	915	209	167	193	173	188	233	257	321	333	351	307	204	132	155	490	372	126	163	166	155	145	140
56	23	231	966	1038	1029	357	154	169	206	225	163	159	158	148	134	171	147	398	671	1022	338	125	162	171	149	318	542
52	40	88	863	1030	1059	655	157	199	189	168	149	154	150	165	171	187	214	376	516	260	144	154	161	186	473	1163	1253
58	53	7	684	1029	1025	967	266	219	191	156	157	171	175	170	223	434	485	170	747	426	138	156	150	206	1018	1376	1199
69	65	5	430	1002	1017	1077	640	148	157	167	177	179	197	202	238	278	220	174	462	450	214	141	149	257	1141	1215	1138
74	79	40	176	923	996	1041	1158	271	178	169	169	161	147	150	175	201	238	227	182	123	162	161	150	304	1116	1179	1150
74	98	79	43	722	971	1003	1263	853	170	234	191	207	260	214	257	187	233	194	187	124	156	138	108	560	1171	1197	1154
67	104	104	64	404	966	973	1076	1284	423	169	181	247	206	163	248	212	223	171	188	169	169	175	135	927	1220	1217	1210
60	95	118	112	176	859	945	1007	1151	989	235	201	191	173	193	212	213	183	188	213	189	173	138	279	1094	1191	1227	1126
61	65	120	127	116	533	974	948	1029	1127	689	193	221	232	255	215	200	170	202	197	148	150	95	705	1189	1178	1219	1137
49	54	87	142	130	183	765	965	966	1051	1070	598	197	226	225	202	219	185	180	169	158	88	472	1151	1177	1147	1258	1312
55	72	57	118	149	135	250	826	970	974	1052	1064	685	270	176	193	210	196	170	132	108	485	1084	1264	1165	1095	1059	1116
70	72	91	93	143	164	149	249	674	944	988	1034	1062	919	547	266	201	181	185	358	854	1204	1175	1149	1107	1061	1037	1017
63	64	67	81	105	156	187	176	168	362	714	951	1012	1031	1051	981	892	906	1044	1261	1335	1244	1100	1042	1056	1073	1057	1059
66	63	63	62	61	72	118	175	212	191	190	370	702	946	1022	1090	1154	1211	1212	1175	1093	1059	1065	1073	1070	1073	1060	1070
39	45	64	64	65	62	60	66	101	155	200	206	210	355	641	888	1017	1049	1034	1020	1026	1023	1031	1064	1084	1058	1027	1053
458	229	57	38	62	65	65	65	65	66	78	113	163	200	210	280	430	608	763	869	938	962	966	985	1038	1027	984	957
231	429	500	305	95	33	48	64	69	71	72	72	67	73	101	132	156	179	214	283	381	496	613	719	799	875	919	936
110	99	173	373	507	406	197	63	35	53	69	72	71	68	65	64	59	64	79	97	110	124	138	162	190	227	263	287
121	123	117	98	124	264	442	494	374	198	77	38	45	58	68	71	67	68	65	68	64	62	63	63	65	65	61	64
122	121	124	125	123	111	101	153	292	443	495	420	278	142	61	35	34	45	58	69	71	73	71	68	69	66	67	69
92	122	120	119	120	122	122	123	109	103	139	239	368	463	482	424	323	211	129	76	46	33	28	37	44	51	57	59
374	115	119	122	120	120	120	121	122	124	123	114	102	104	137	211	311	404	466	491	487	470	423	345	258	187	146	122
48	99	864	1017	1055	501	135	185	213	129	177	286	385	433	458	426	328	226	122	138	150	138	156	215	328	652	897	1041
106	125	876	1009	998	384	176	180	171	135	125	137	195	221	225	222	171	138	124	221	141	179	159	160	165	157	168	298
67	103	860	993	992	339	142	145	184	305	362	241	142	131	149	121	128	135	210	292	154	216	139	131	123	265	333	161
28	39	789	1006	1032	393	138	163	157	231	204	159	152	180	144	119	179	171	198	154	151	155	231	198	299	268	197	155
40	0	624	1023	1071	593	135	197	233	192	171	169	159	184	160	159	181	150	162	165	135	172	208	154	232	200	159	156
53	0	384	1006	1065	881	202	221	176	149	207	301	338	289	201	166	123	145	148	189	112	125	136	148	152	157	169	135
60	20	168	940	1020	1113	411	160	157	146	187	175	163	147	157	170	107	213	399	311	408	172	164	170	173	170	173	554
69	56	42	797	1009	1169	790	140	216	184	168	149	152	147	159	181	402	650	566	334	789	156	217	201	196	266	842	1159
94	76	17	609	1018	1072	1199	246	193	159	147	146	161	186	188	325	393	218	247	335	376	235	164	186	169	764	1278	1176
98	101	44	414	996	1014	1290	611	141	167	171	183	173	215	499	455	200	155	227	658	393	347	134	175	232	1056	1217	1147
92	120	83	220	923	1000	1113	995	192	185	184	161	136	155	235	169	161	150	212	262	146	186	137	137	337	1121	1166	1165
90	120	106	119	761	986	1033	1039	388	173	198	194	193	170	148	144	142	159	212	221	134	191	133	103	548	1164	1199	1185
82	118	109	104	520	977	1001	1036	618	162	197	204	178	141	131	132	161	180	225	153	116	171	142	135	819	1126	1208	1198
72	112	104	109	270	909	961	1041	910	282	181	223	158	152	133	146	199	213	184	163	128	149	98	386	1004	1062	1193	1077
59	90	106	98	124	655	965	983	1055	729	173	179	160	166	198	169	198	184	158	185	140	121	181	831	984	1145	1343	1241
36	65	100	93	91	290	919	939	1003	1055	706	237	181	192	181	187	192	163	166	175	130	151	715	997	1049	1138	1214	1287
53	54	76	108	97	91	535	975	943	1020	1062	875	392	165	164	190	199	174	161	125	198	704	1012	1059	1133	1147	1074	1085
68	72	78	93	122	115	150	590	926	957	1006	1076	1071	839	520	329	217	201	271	492	908	1066	1015	1087	1149	1077	1037	1024
62	63	67	77	95	126	144	147	399	772	940	984	1062	1191	1259	1184	1081	1054	1108	1172	1108	1057	1059	1064	1068	1065	1061	1044
65	64	63	62	63	72	104	143	140	213	504	779	924	1009	1134	1256	1280	1243	1178	1108	1066	1063	1069	1063	1063	1066	1062	1068
38	46	64	65	65	62	61	68	96	125	140	230	437	677	853	972	1037	1032	1038	1041	1033	1019	1019	1046	1070	1054	1023	1040
451	219	54	39	63	66	64	64	65	66	75	95	121	180	282	423	569	707	816	901	955	972	960	967	1006	995	961	948
237	432	495	291	88	33	49	64	66	69	69	67	64	70	87	115	142	176	216	282	374	488	610	715	781	833	871	892
112	101	180	383	505	397	185	60	35	54	66	69	68	69	69	68	66	70	80	95	106	119	134	155	176	199	215	221
121	122	116	98	131	276	448	489	363	185	71	36	43	60	68	71	73	70	69	67	64	63	64	64	66	68	67	70
121	120	121	124	124	109	101	160	303	444	486	407	265	134	58	36	38	51	63	69	70	72	70	68	68	67	66	68
94	121	118	118	120	121	123	120	107	103	145	245	375	468	480	418	314	206	123	71	45	31	29	36	45	53	59	61
355	113	117	121	122	120	120	120	122	122	123	112	102	105	142	222	322	416	471	492	484	464	408	323	236	169	129	110
3	173	922	1014	744	141	151	137	237	533	821	986	1052	1072	1070	1057	1015	916	641	351	217	138	148	406	817	962	942	768
7	191	931	1001	791	144	194	200	146	309	538	760	897	930	929	896	814	638	352	200	147	132	126	139	178	228	200	132
20	162	913	997	922	211	169	207	215	233	241	427	578	646	641	579	474	312	188	157	138	136	136	141	143	163	294	199
47	90	850	1002	1066	396	144	151	154	130	156	202	265	321	311	246	204	174	130	150	153	174	163	168	242	220	265	168
75	28	698	1005	1155	668	147	202	228	151	145	190	123	154	159	135	111	147	145	145	135	134	209	173	252	207	152	137
81	31	468	987	1157	958	143	197	231	280	316	330	155	150	154	148	129	154	140	147	140	131	157	134	169	199	144	228
84	60	263	950	1059	1220	269	186	154	168	219	182	154	164	195	178	123	130	103	93	106	127	141	164	193	175	281	832
107	79	136	857	997	1206	553	150	192	182	161	148	152	186	157	182	375	298	220	201	579	201	125	215	210	304	977	1224
123	95	73	736	1012	1066	712	162	176	155	156	174	143	183	264	575	503	195	260	289	513	240	336	217	168	876	1282	1213
119	100	50	563	1007	1039	754	218	186	182	157	154	216	389	440	420	147	139	301	470	242	289	284	161	305	1173	1196	1160
103	93	64	367	968	1033	860	274	167	207	219	222	284	372	290	216	154	202	409	350	237	166	178	135	434	1217	1167	1189
84	78	81	216	879	998	1016	460	142	168	169	152	216	242	182	158	149	157	198	188	205	151	175	125	641	1226	1219	1188
75	66	82	120	700	976	1038	809	183	164	159	189	242	229	126	167	150	127	162	179	234	170	145	188	920	1105	1207	1200
58	65	61	79	387	962	972	1021	520	125	201	214	173	197	147	154	160	204	166	165	165	187	85	428	1039	1056	1235	1079
30	62	50	72	116	812	952	1006	986	381	124	196	185	160	145	147	154	229	185	156	162	127	165	868	1018	1227	1454	1268
19	37	55	50	36	439	983	934	1028	1013	512	150	151	171	165	161	199	171	189	169	145	125	717	1050	983	1126	1252	1310
50	26	34	48	39	69	766	971	940	1051	1172	933	471	195	163	179	202	157	142	137	206	711	1082	1023	1001	1009	999	1108
71	71	52	40	45	24	191	892	969	942	1048	1255	1321	1042	618	315	219	218	284	528	931	1079	1056	1037	1012	1054	1060	1014
62	63	70	72	64	53	23	221	783	978	963	996	1142	1265	1247	1090	962	948	1015	1078	1057	1053	1066	1059	1044	1064	1064	1065
64	64	64	65	70	74	74	40	97	449	808	963	986	1020	1104	1141	1091	1064	1063	1054	1055	1066	1073	1071	1071	1063	1064	1075
39	49	65	65	65	62	65	74	74	61	153	380	652	873	980	1021	1021	1016	1034	1038	1029	1025	1035	1047	1054	1057	1014	1009
442	214	56	43	64	66	65	66	69	71	67	77	111	207	375	590	765	872	928	957	969	977	975	977	987	992	982	975
240	429	487	282	87	36	53	67	68	69	69	69	68	69	70	87	131	204	298	395	479	540	585	627	643	607	614	650
112	101	184	385	502	390	180	57	34	53	67	69	71	73	76	73	68	65	66	78	91	106	123	139	153	162	172	178
123	124	119	101	135	284	451	483	350	176	67	37	46	63	73	73	71	71	69	66	66	66	67	69	72	75	76	81
121	120	121	124	124	110	103	162	303	444	483	397	257	130	60	37	41	54	65	69	73	74	72	71	70	70	67	68
96	121	120	121	122	123	123	120	106	103	147	250	377	468	473	409	303	198	120	69	45	32	33	42	50	57	61	64
352	118	120	123	121	121	121	122	123	123	124	114	104	109	147	227	330	418	468	487	481	457	396	307	220	157	119	104
41	284	958	1025	697	122	213	529	946	1109	1105	1090	1083	1079	1079	1078	1082	1091	1095	1042	921	777	786	961	1061	1054	907	552
61	296	955	1048	867	147	158	341	706	1006	1102	1108	1099	1094	1094	1095	1101	1100	1044	882	681	484	418	395	364	307	171	123
85	251	938	1070	1070	244	170	177	421	761	973	1068	1100	1106	1104	1097	1082	1018	844	606	377	219	151	127	143	196	199	222
96	186	893	1050	1224	299	192	178	183	423	682	863	957	1009	1016	991	903	733	502	302	164	116	137	230	195	280	269	178
87	118	800	1009	1245	420	123	193	176	143	282	473	626	720	750	653	499	336	210	141	130	157	161	174	166	169	151	136
84	70	661	989	1122	524	120	148	260	172	136	187	235	334	336	263	182	122	145	168	158	189	172	158	162	172	132	524
90	39	496	995	1027	577	142	222	226	147	127	129	124	142	142	136	135	113	138	172	142	185	182	137	161	140	529	1018
90	40	316	967	1018	596	174	188	148	154	132	175	182	202	181	120	101	184	179	161	223	236	216	191	150	414	1088	1173
84	55	164	888	1031	728	163	180	173	151	146	178	225	289	328	233	131	253	187	344	467	133	347	232	165	873	1203	1135
66	57	96	755	1023	925	228	160	166	148	169	155	229	185	220	276	140	148	180	433	153	159	216	138	344	1145	1132	1122
43	51	61	571	990	1048	469	135	180	223	260	254	361	206	395	258	122	185	311	471	232	146	235	122	547	1190	1112	1125
33	44	65	338	950	1016	845	160	171	210	188	157	149	165	294	199	119	333	264	223	194	150	187	142	787	1193	1151	1162
32	32	70	113	797	966	1044	548	130	200	173	165	228	161	205	193	158	237	157	172	199	164	146	252	1078	1213	1221	1194
25	24	51	27	433	974	978	1032	406	120	188	208	203	182	234	148	182	151	136	155	181	157	91	523	1142	1203	1244	1130
25	26	25	33	84	851	946	1032	1132	467	135	166	203	197	189	155	153	148	148	142	172	124	192	995	1156	1172	1201	1257
22	24	25	30	0	419	982	941	1115	1333	760	183	165	184	208	182	154	158	192	154	100	145	865	1175	1117	1110	1134	1199
49	30	26	26	21	27	723	971	942	1113	1359	1037	403	169	162	177	158	155	146	118	344	989	1225	1049	1094	1108	1012	1033
75	76	57	32	25	0	119	819	968	930	1032	1205	1124	782	477	324	278	289	423	773	1169	1188	1059	1055	1085	1070	1061	1029
66	67	73	79	65	40	0	137	769	986	934	981	1067	1098	1058	1012	998	1025	1092	1134	1072	1045	1070	1068	1054	1067	1070	1070
67	67	67	66	72	74	69	18	64	559	950	969	951	999	1026	1045	1047	1070	1069	1059	1057	1069	1071	1074	1075	1067	1063	1078
39	51	66	64	66	61	66	72	62	24	242	691	921	955	976	1001	1010	1027	1054	1052	1053	1054	1064	1061	1061	1070	1022	975
431	201	51	40	62	63	64	63	67	73	44	55	258	514	673	787	881	941	977	990	989	984	991	985	988	996	990	986
254	444	483	271	79	32	51	64	65	67	70	67	48	39	82	161	247	335	426	522	615	690	706	702	699	658	612	573
109	99	192	397	504	376	168	49	33	53	66	69	69	69	68	61	55	51	52	65	82	105	123	139	149	152	149	156
120	122	114	98	140	296	463	482	340	166	63	38	48	66	75	75	70	68	66	65	65	66	70	72	76	78	78	82
122	120	121	125	123	108	102	168	317	456	482	389	249	125	57	35	42	53	63	70	71	73	72	71	72	71	69	69
95	120	120	120	119	121	122	119	104	105	156	268	396	483	475	400	293	186	107	62	39	29	34	43	53	62	64	65
325	113	119	122	120	118	119	120	120	121	123	114	105	112	152	239	344	427	476	489	478	451	380	284	200	143	113	97
115	352	962	1177	768	139	713	1116	1105	1080	1079	1079	1079	1078	1075	1069	1078	1078	1079	1088	1090	1092	1087	1088	1095	1104	993	686
58	360	961	1172	811	112	413	1006	1127	1093	1079	1077	1078	1078	1076	1075	1077	1079	1083	1099	1101	1074	1046	994	860	578	250	150
47	325	958	1109	782	110	181	651	1079	1120	1096	1083	1078	1078	1080	1075	1075	1084	1098	1101	1049	913	696	441	205	116	173	221
46	263	943	1045	727	116	174	284	729	1057	1120	1109	1092	1086	1086	1090	1094	1101	1080	982	787	479	253	166	162	204	215	194
46	181	906	1018	690	114	125	223	420	720	960	1070	1105	1109	1109	1104	1088	1013	868	631	320	142	151	162	163	176	126	439
54	108	844	1014	719	128	135	204	374	524	677	810	921	997	1012	953	862	676	429	215	110	129	212	169	165	125	305	886
61	45	728	1019	831	158	207	209	270	412	524	597	663	697	672	585	423	239	127	110	145	156	217	173	144	243	886	1070
57	17	527	1011	948	229	174	163	150	240	382	462	474	415	316	243	143	119	171	144	164	138	212	253	150	708	1202	1206
50	34	329	964	1026	428	132	191	194	261	244	269	288	238	139	145	183	164	187	124	401	200	231	219	300	1092	1195	1161
41	72	174	866	1021	733	141	187	142	133	113	124	154	123	112	125	152	133	170	188	185	197	157	148	553	1212	1150	1164
24	85	73	688	992	1013	335	151	194	217	181	236	191	150	209	135	126	104	429	302	155	180	197	138	759	1211	1148	1177
22	44	35	380	972	1044	859	143	178	184	200	277	176	325	303	150	160	211	294	393	267	159	173	168	884	1210	1205	1227
19	26	24	73	837	967	1172	688	116	168	164	164	184	259	152	141	301	375	223	182	156	150	137	315	964	1128	1247	1182
23	24	28	0	435	974	1005	1338	678	147	185	216	163	150	174	129	220	184	211	166	166	141	103	653	1019	1066	1167	1085
25	26	27	14	54	815	951	1079	1399	618	156	228	172	161	162	165	221	152	194	151	163	99	346	963	976	1094	1318	1391
22	24	25	26	0	314	971	935	1090	1207	556	141	159	156	189	187	196	176	190	132	81	273	921	1033	1056	1170	1209	1177
49	27	22	24	23	0	550	988	940	1049	1068	622	195	133	165	167	163	154	139	245	601	1053	1083	1038	1066	1071	1022	1031
71	72	52	29	22	14	20	600	980	933	997	1050	864	530	343	309	365	548	872	1151	1219	1109	1060	1065	1055	1036	1070	1048
63	64	72	74	62	40	14	5	480	945	946	961	1037	1063	1038	1038	1118	1224	1236	1144	1042	1059	1073	1072	1066	1069	1082	1075
67	66	64	64	68	71	70	46	0	260	804	967	935	992	1033	1058	1082	1078	1057	1055	1060	1070	1073	1074	1076	1073	1057	1044
38	48	64	63	63	62	67	73	75	32	98	602	968	970	952	976	1024	1053	1070	1071	1070	1075	1079	1075	1073	1076	1022	952
427	200	51	42	62	63	64	64	68	76	62	46	310	702	906	976	989	987	988	993	990	994	1004	988	978	972	952	997
254	443	476	266	78	33	54	65	68	72	74	71	42	37	129	308	511	684	798	862	893	920	930	940	941	932	919	774
108	100	191	395	495	368	165	51	38	56	69	71	70	71	58	36	27	39	83	152	222	294	348	392	373	311	199	75
120	121	114	98	140	294	459	471	336	164	63	40	50	64	72	74	73	70	68	58	53	48	48	49	50	56	68	82
120	119	121	124	123	108	106	174	319	453	477	382	240	119	54	37	44	54	66	73	73	76	76	76	76	76	74	73
98	122	119	120	119	120	124	119	105	109	158	268	391	475	468	393	285	181	106	64	39	31	36	47	57	66	69	72
326	114	119	121	119	118	121	121	123	126	124	116	105	115	159	244	347	429	473	488	480	444	368	268	186	132	104	94
105	393	978	1108	440	582	1123	1097	1082	1081	1082	1075	1072	1084	1063	1052	1070	1082	1084	1084	1079	1078	1079	1084	1083	1096	1105	994
56	423	978	1031	352	337	1000	1121	1087	1082	1081	1078	1079	1079	1080	1078	1081	1080	1075	1072	1068	1076	1083	1100	1107	1000	701	322
25	399	976	991	313	287	763	1094	1095	1083	1079	1078	1078	1075	1080	1071	1072	1080	1075	1073	1080	1096	1107	1049	786	391	169	271
29	357	967	987	306	332	693	988	1093	1081	1078	1074	1078	1075	1080	1076	1074	1074	1075	1084	1100	1078	889	503	205	167	129	568
45	292	953	1012	358	266	685	951	1065	1099	1091	1079	1076	1076	1074	1073	1076	1081	1093	1096	1004	718	326	137	138	159	220	879
55	186	917	1029	472	173	573	886	1039	1092	1102	1096	1088	1081	1080	1082	1091	1100	1052	876	549	207	148	169	168	136	668	1023
74	79	828	1021	635	120	380	745	960	1050	1083	1096	1097	1098	1094	1082	1055	942	723	422	163	118	178	224	155	480	1108	1137
90	54	675	1016	835	151	220	428	757	942	1021	1048	1064	1051	1002	935	788	533	310	162	101	155	215	212	204	942	1199	1179
72	61	458	990	1020	348	134	197	398	683	752	836	884	832	720	584	388	215	137	113	257	264	176	164	478	1207	1164	1144
37	54	219	933	1065	844	129	155	234	298	381	470	519	459	352	275	171	114	111	123	214	271	186	166	748	1218	1136	1151
28	32	28	757	1003	1246	450	145	175	155	208	233	220	198	149	130	129	181	222	144	128	174	184	165	946	1205	1138	1165
27	31	0	428	980	1159	1137	169	135	189	218	200	144	190	138	162	161	279	243	313	248	155	146	245	1012	1193	1194	1203
24	29	14	94	863	980	1303	815	142	189	168	148	210	298	155	173	311	154	165	305	224	163	114	412	1002	1091	1184	1131
28	27	28	0	439	983	1023	1219	535	177	202	197	297	162	134	204	205	128	169	178	143	148	98	699	978	1049	1176	1048
28	29	28	20	43	781	964	1030	964	309	176	193	173	170	156	168	134	169	157	147	161	87	361	969	942	1220	1461	1345
23	25	23	28	0	242	943	948	1012	835	262	131	171	160	191	186	168	182	145	120	87	328	940	1049	982	1128	1254	1260
48	25	19	22	27	0	438	980	947	1035	918	382	121	120	135	123	151	144	147	282	661	1024	1077	1057	1008	1011	1027	1068
69	71	50	28	20	20	0	503	973	938	1010	1030	756	513	475	499	566	703	882	1025	1070	1061	1064	1069	1040	1049	1074	1040
63	64	68	75	61	42	22	0	376	891	955	956	1041	1098	1175	1252	1260	1188	1098	1054	1040	1063	1069	1069	1067	1070	1078	1101
66	65	63	66	68	76	72	55	0	136	644	956	942	981	1037	1067	1088	1075	1056	1062	1065	1068	1072	1072	1071	1070	1046	1041
37	50	66	64	65	65	69	77	81	48	16	366	896	976	953	986	1027	1054	1075	1073	1074	1079	1081	1077	1074	1066	1002	965
425	196	51	44	64	69	69	70	71	79	73	35	198	639	886	969	986	992	1001	1006	1007	1012	1019	1008	987	957	970	811
261	447	475	263	77	39	59	71	71	73	72	73	54	38	124	299	511	704	847	932	976	990	988	980	975	1010	878	344
110	104	199	404	501	370	164	52	38	58	71	69	72	73	61	38	24	40	96	191	309	429	541	630	673	545	187	27
122	123	116	99	145	303	466	472	331	159	61	37	48	61	69	71	71	67	64	55	45	36	33	35	34	28	58	76
123	122	123	124	124	108	108	178	327	459	479	376	231	111	50	36	42	56	66	74	75	78	76	75	74	74	73	72
99	123	119	118	120	122	125	120	105	111	163	273	393	478	465	385	278	171	102	61	38	32	37	49	59	66	69	71
318	116	120	122	120	120	122	123	123	126	123	113	104	114	161	249	355	434	475	485	473	433	352	253	173	122	96	87
71	434	982	1028	682	1055	1097	1085	1074	1076	1080	1061	1071	1061	1037	1063	1079	1081	1077	1081	1081	1089	1086	1089	1090	1078	1092	1076
74	443	992	1008	618	1017	1096	1081	1076	1067	1071	1074	1080	1080	1071	1083	1082	1076	1079	1077	1079	1088	1080	1085	1087	1097	1065	847
44	446	992	973	633	1029	1103	1079	1075	1079	1081	1083	1083	1074	1077	1081	1072	1075	1076	1075	1077	1077	1076	1094	1103	943	434	767
45	418	992	946	597	1036	1111	1087	1078	1077	1076	1077	1077	1078	1082	1075	1074	1074	1074	1074	1070	1071	1101	1055	743	262	178	1070
71	374	992	955	490	977	1114	1092	1081	1075	1074	1074	1075	1078	1077	1076	1069	1071	1073	1073	1088	1105	972	521	146	85	554	1065
90	287	966	1000	448	808	1110	1098	1083	1078	1075	1073	1073	1075	1073	1072	1070	1072	1079	1096	1088	902	394	123	148	223	884	964
85	195	912	1053	592	564	1034	1114	1091	1080	1074	1076	1078	1073	1074	1072	1075	1088	1102	1064	843	379	113	204	147	649	1081	1129
53	97	819	1059	959	363	818	1058	1102	1092	1086	1082	1081	1081	1082	1090	1100	1085	1011	787	360	121	165	150	298	1071	1151	1131
31	7	627	1006	1262	462	507	883	1057	1094	1103	1099	1097	1099	1101	1093	1052	938	682	327	125	212	210	151	599	1196	1116	1127
29	0	321	961	1189	982	275	650	897	1004	1057	1082	1090	1075	1029	942	777	526	239	121	144	209	157	154	841	1189	1115	1121
29	18	55	807	1012	1222	393	307	534	731	857	910	922	877	747	564	325	156	108	157	177	216	139	207	1021	1167	1108	1129
28	29	0	460	987	1099	832	151	248	396	475	531	547	484	312	186	110	230	150	236	262	150	114	466	1236	1180	1139	1171
24	29	13	112	875	997	1026	384	127	176	165	162	174	136	113	145	176	287	134	233	188	155	86	697	1248	1269	1231	1099
26	25	28	0	480	985	1028	814	171	161	139	188	202	135	152	251	179	135	173	215	123	138	117	905	1131	1144	1215	1080
26	26	28	20	65	805	969	1040	674	137	161	183	166	158	221	179	124	155	153	132	135	63	493	1093	1048	1132	1198	1343
22	22	24	27	0	255	938	958	1040	716	183	107	160	172	188	162	150	165	136	107	91	427	1007	1040	1052	1138	1105	1107
48	24	20	22	26	0	444	974	945	1039	891	467	238	145	125	118	135	136	161	373	788	1058	1069	1068	1056	1101	1047	1044
69	69	50	27	19	14	0	509	970	937	1013	1100	1102	963	727	622	634	727	893	1046	1082	1060	1060	1071	1049	1059	1069	1050
63	64	72	74	61	41	13	0	382	887	968	954	1044	1164	1195	1154	1100	1085	1059	1055	1053	1061	1068	1070	1072	1075	1076	1082
66	65	64	66	70	79	71	53	0	120	592	948	958	957	1015	1041	1064	1071	1056	1065	1067	1068	1073	1071	1072	1070	1046	1011
36	50	65	64	66	69	69	76	79	52	7	259	792	978	951	978	1018	1050	1069	1071	1076	1079	1080	1076	1074	1051	1014	943
416	184	46	44	66	71	69	69	69	75	76	39	92	479	845	966	983	982	983	993	1000	1009	1003	1005	985	984	859	235
268	454	472	255	74	39	58	68	66	70	69	71	61	33	101	286	500	695	837	921	964	983	984	980	990	934	262	0
109	104	206	412	498	363	158	49	37	56	68	70	69	71	63	41	23	34	89	182	294	411	519	617	640	299	34	52
120	122	114	99	148	313	470	471	322	150	59	37	47	62	69	70	71	68	63	54	43	36	30	28	29	46	77	77
121	120	123	124	122	108	108	184	334	460	477	372	223	106	47	35	42	56	68	72	73	71	72	71	71	73	73	73
99	121	119	120	118	123	125	120	106	110	167	280	401	480	466	381	269	163	92	55	35	29	37	50	60	66	69	71
296	112	121	122	118	121	120	120	123	122	119	112	102	111	163	257	365	444	480	483	472	423	333	233	157	114	92	82
106	569	1003	1065	1085	1081	1075	1076	1077	1076	1077	1063	1065	1069	1027	1057	1070	1074	1082	1084	1086	1095	1092	1090	1091	1081	1082	1048
104	569	1007	1061	1089	1088	1071	1073	1071	1065	1070	1075	1077	1081	1054	1073	1076	1077	1078	1080	1087	1091	1080	1090	1095	1080	1072	1115
73	583	1002	1051	1091	1091	1073	1074	1067	1072	1078	1080	1082	1081	1082	1077	1076	1078	1080	1080	1081	1079	1079	1085	1076	1083	886	1237
77	589	999	1037	1074	1090	1075	1074	1073	1078	1076	1078	1075	1077	1075	1078	1077	1077	1076	1073	1063	1060	1081	1077	1085	681	646	1306
61	586	1013	1081	1031	1098	1074	1073	1074	1075	1074	1073	1074	1076	1079	1077	1072	1072	1071	1068	1078	1079	1104	1040	612	173	861	1104
24	502	999	1182	1021	1097	1078	1077	1076	1074	1071	1075	1075	1076	1078	1068	1067	1071	1073	1071	1080	1114	995	497	81	439	1049	1084
1	358	965	1204	1077	1064	1092	1076	1074	1074	1074	1076	1076	1077	1068	1068	1077	1072	1072	1084	1109	1012	497	138	171	941	1195	1197
2	191	928	1088	1153	978	1110	1081	1074	1075	1076	1077	1076	1074	1070	1074	1066	1071	1086	1109	1039	606	188	118	521	1211	1164	1134
22	31	778	999	1153	887	1080	1102	1083	1075	1076	1075	1076	1076	1074	1075	1075	1093	1106	1014	682	249	150	135	839	1215	1132	1155
26	0	435	984	1050	911	950	1111	1099	1089	1081	1078	1078	1077	1080	1086	1102	1087	938	626	275	115	141	139	965	1182	1152	1175
25	11	95	861	1002	933	707	1002	1101	1110	1101	1094	1094	1095	1101	1093	1011	791	470	234	162	228	128	213	1083	1202	1175	1183
25	25	0	532	1000	1026	600	556	910	1033	1081	1095	1094	1080	1000	830	554	282	157	164	235	221	92	459	1137	1246	1230	1174
23	26	6	156	906	1012	920	244	358	613	769	830	819	726	552	335	180	211	129	124	135	155	79	774	1132	1216	1122	1027
22	25	29	0	550	978	1032	724	120	192	253	307	259	245	199	128	177	203	187	217	135	98	297	1089	1095	1136	1174	1104
22	21	25	13	96	839	965	1043	640	124	127	161	173	199	256	161	202	160	170	164	84	233	1020	1198	1064	1086	1259	1276
19	20	23	25	0	285	942	951	1034	814	369	140	154	157	163	184	173	175	120	86	330	983	1177	1066	1065	1095	1073	1062
44	23	18	20	26	0	426	967	940	1026	1146	971	510	229	140	138	120	160	327	675	1020	1072	1048	1069	1060	1063	1060	1035
70	68	50	29	22	18	0	440	953	940	971	1165	1240	1000	764	672	706	869	1017	1062	1056	1050	1062	1073	1055	1063	1071	1059
63	66	73	76	64	43	20	0	294	836	975	939	993	1058	1038	1044	1086	1082	1046	1052	1062	1065	1065	1073	1076	1073	1082	1059
66	65	64	64	69	75	70	50	1	72	519	920	967	951	1001	1042	1063	1068	1057	1065	1068	1074	1075	1067	1070	1072	1048	1004
38	51	65	65	64	66	69	72	79	57	5	176	659	964	959	960	1003	1038	1063	1068	1074	1078	1075	1075	1069	1036	1032	832
407	181	48	46	65	69	69	68	67	75	79	51	38	318	767	963	980	971	971	974	979	1000	983	976	979	1002	597	62
268	448	464	245	73	39	59	69	66	70	69	72	71	43	71	261	486	684	829	917	965	984	984	990	998	549	0	16
107	104	208	411	492	350	150	48	38	58	66	68	70	72	67	44	26	34	85	171	282	399	508	575	381	55	47	58
120	123	114	99	150	314	464	457	309	140	54	38	50	64	70	72	73	73	66	57	48	37	28	29	43	74	80	79
119	118	120	123	121	107	109	187	339	458	467	361	216	102	47	37	46	60	69	73	74	73	73	74	74	75	73	74
100	122	120	120	120	121	124	118	107	109	169	285	407	480	457	369	261	156	90	54	35	32	40	52	62	70	72	73
293	112	121	121	118	121	121	122	123	124	120	111	103	117	170	263	369	442	475	481	466	413	321	221	143	105	88	81
142	747	1024	1062	1081	1076	1076	1074	1077	1076	1077	1073	1068	1070	1050	1048	1064	1064	1075	1077	1086	1094	1090	1088	1089	1083	1062	1087
207	770	1033	1092	1083	1080	1076	1075	1075	1081	1078	1078	1084	1074	1065	1080	1082	1079	1082	1087	1088	1088	1086	1088	1091	1080	1055	1232
161	787	1061	1162	1068	1077	1075	1073	1078	1081	1077	1079	1080	1082	1087	1083	1079	1084	1087	1070	1082	1067	1083	1093	1081	1049	1089	1343
74	791	1075	1239	1068	1075	1075	1073	1072	1074	1074	1079	1075	1081	1080	1081	1082	1089	1062	1041	1055	1076	1086	1038	1053	1039	1034	1289
32	769	1051	1261	1080	1072	1073	1075	1071	1069	1074	1075	1076	1081	1083	1078	1082	1079	1062	1067	1075	1086	1061	1013	1032	780	977	1079
3	694	1002	1210	1108	1071	1075	1075	1076	1075	1076	1073	1075	1077	1077	1076	1081	1075	1065	1064	1075	1084	1068	1048	514	710	1128	1167
0	564	978	1087	1120	1078	1078	1075	1077	1076	1077	1070	1070	1077	1070	1075	1078	1070	1063	1079	1069	1094	1058	592	236	1102	1186	1146
0	357	977	1003	1085	1090	1077	1077	1077	1080	1080	1081	1081	1074	1072	1076	1064	1067	1076	1068	1098	1095	812	162	648	1235	1134	1136
10	123	889	987	1036	1097	1083	1078	1080	1076	1076	1079	1075	1072	1075	1069	1071	1077	1075	1085	1116	959	361	123	1012	1189	1130	1149
19	0	615	996	1008	1069	1099	1079	1080	1076	1077	1078	1071	1074	1074	1072	1075	1077	1097	1108	1013	565	143	205	1119	1178	1137	1164
24	1	216	936	989	1011	1089	1098	1079	1078	1078	1077	1075	1075	1077	1077	1088	1107	1093	972	624	234	129	278	1174	1223	1189	1202
24	26	5	672	987	1010	954	1072	1113	1088	1080	1074	1074	1077	1088	1103	1094	1011	821	534	192	195	109	519	1108	1160	1183	1117
25	28	1	244	940	998	977	763	988	1112	1115	1109	1108	1107	1097	1016	813	555	328	157	122	130	156	843	1036	1105	1025	1027
25	26	29	0	621	977	1019	826	433	653	885	957	953	890	759	548	308	168	186	171	137	108	624	977	970	1154	1256	1070
24	22	25	7	118	856	960	1039	948	409	197	323	315	260	231	163	176	150	188	120	170	717	1124	1060	991	1240	1385	1285
16	20	24	24	0	272	933	947	1050	1217	786	241	88	107	176	169	169	105	119	390	1001	1269	1102	1068	1024	1155	1176	1157
44	24	18	21	24	0	339	937	936	984	1208	1067	608	275	166	151	184	399	811	1162	1178	1064	1056	1076	1032	1055	1059	1041
74	69	51	29	22	25	0	275	866	962	929	1016	1045	973	872	858	939	1048	1071	1035	1052	1059	1066	1074	1068	1065	1070	1071
63	65	75	77	62	41	23	0	125	666	969	946	963	1000	1001	1069	1084	1074	1058	1066	1073	1071	1069	1072	1074	1067	1069	1107
67	67	65	67	71	77	71	54	12	5	343	838	980	953	984	1023	1059	1076	1069	1071	1074	1078	1074	1072	1072	1071	1041	1016
36	52	66	65	64	65	69	73	78	66	8	85	529	929	971	954	985	1025	1056	1059	1070	1071	1065	1054	1047	1034	994	653
405	173	44	46	66	68	67	66	67	75	79	64	24	212	656	936	984	972	964	959	958	962	959	966	991	819	303	3
280	458	459	238	64	36	56	70	70	70	71	71	74	53	45	194	450	662	812	908	966	988	998	934	591	99	0	29
106	102	213	420	497	348	146	48	39	56	66	70	71	72	71	52	32	32	76	155	261	360	396	273	69	36	56	57
120	122	114	98	155	324	473	464	309	137	53	40	51	62	69	70	75	75	68	58	45	37	32	47	70	76	76	78
118	117	120	124	122	105	109	191	350	468	470	360	211	99	45	38	49	60	68	71	71	73	70	73	72	72	70	72
101	121	119	118	118	121	123	117	105	111	173	292	414	484	459	368	256	151	87	54	35	32	39	52	61	68	69	72
269	111	120	121	119	119	120	119	121	123	119	110	103	115	173	266	372	448	482	479	462	407	310	208	136	98	82	78
136	875	1076	1161	1071	1078	1077	1075	1076	1077	1079	1081	1075	1057	1058	1046	1045	1063	1040	1050	1081	1088	1070	1080	1091	1081	1056	1236
155	900	1085	1210	1068	1075	1076	1074	1075	1081	1078	1075	1068	1059	1052	1048	1043	1060	1054	1056	1085	1088	1087	1089	1090	1068	1111	1335
153	909	1089	1211	1061	1073	1077	1079	1077	1080	1080	1078	1081	1081	1075	1069	1072	1070	1070	1042	1074	1083	1091	1094	1089	1041	1115	1348
127	898	1060	1145	1071	1074	1076	1075	1073	1073	1080	1085	1084	1085	1086	1085	1081	1060	1066	1065	1075	1079	1072	1058	1026	1063	1014	1176
101	878	1020	1077	1076	1076	1075	1071	1072	1075	1076	1081	1085	1081	1078	1079	1076	1064	1070	1080	1078	1080	1018	973	1078	1036	996	1067
58	836	990	1038	1073	1077	1073	1075	1070	1065	1069	1065	1068	1081	1078	1080	1085	1078	1085	1075	1079	1077	972	1058	1033	1004	1146	1142
11	727	983	1025	1073	1083	1077	1070	1062	1081	1080	1072	1069	1080	1076	1077	1073	1082	1078	1075	1082	1040	955	964	682	1156	1122	1105
0	548	987	1015	1067	1083	1079	1078	1079	1080	1078	1082	1085	1078	1075	1077	1079	1071	1059	1077	1082	983	1031	531	773	1185	1108	1112
0	284	961	989	1058	1087	1083	1079	1077	1078	1077	1081	1077	1080	1078	1078	1082	1065	1066	1079	1057	1011	905	232	1046	1145	1114	1115
15	46	807	982	1038	1084	1084	1077	1075	1077	1076	1072	1072	1081	1080	1075	1077	1062	1072	1084	1040	1059	453	249	1128	1113	1105	1121
27	0	429	983	1001	1060	1083	1076	1074	1076	1078	1076	1076	1078	1076	1065	1068	1073	1084	1084	1067	699	90	463	1173	1121	1138	1141
26	16	66	826	979	1020	1079	1078	1079	1078	1078	1073	1074	1074	1068	1065	1079	1098	1106	1079	761	199	182	838	1181	1184	1167	1051
24	28	0	366	974	988	1077	1117	1084	1093	1079	1076	1077	1074	1079	1093	1111	1100	1003	656	197	111	571	1089	1110	1223	1157	1031
25	25	22	13	685	977	1010	1211	1110	1014	1125	1132	1122	1123	1124	1115	1015	775	421	147	126	538	1045	1045	1073	1162	1369	1228
26	24	28	6	119	848	959	1027	1234	869	564	718	832	840	782	651	400	197	164	190	629	1037	1029	1019	1029	1210	1214	1133
20	21	21	26	0	213	890	952	995	1145	823	267	103	139	156	102	90	170	414	894	1125	1064	1051	1073	1054	1166	1082	1061
42	22	16	20	25	0	216	851	960	940	1044	992	686	433	359	460	732	1048	1242	1161	1066	1060	1064	1076	1041	1112	1065	1038
73	68	49	29	20	25	0	125	707	974	933	965	1034	1023	1012	1087	1137	1115	1064	1040	1069	1071	1068	1072	1071	1061	1060	1070
62	66	74	76	63	41	26	1	16	440	906	959	937	982	1013	1061	1070	1061	1069	1069	1075	1075	1071	1071	1070	1065	1067	1075
68	64	64	66	71	76	68	52	24	0	159	687	977	951	965	1021	1062	1072	1076	1070	1073	1076	1076	1076	1075	1063	1048	1002
35	51	65	65	65	64	67	74	76	70	25	16	366	850	983	958	973	1008	1040	1038	1046	1051	1039	1017	1032	1012	818	375
400	166	42	46	66	65	66	67	69	75	78	74	30	114	495	843	970	977	959	947	943	951	974	946	720	339	58	0
285	465	463	233	61	35	57	69	69	68	69	70	75	65	36	103	318	571	760	880	928	900	729	347	43	0	23	31
105	103	220	428	496	341	142	44	40	57	68	72	68	69	70	64	42	27	52	119	179	173	102	45	56	64	60	59
120	122	114	99	160	329	476	457	302	135	52	39	51	63	71	71	74	73	67	59	53	55	65	73	79	78	79	82
119	116	121	119	119	104	111	198	355	472	467	355	205	96	45	35	46	58	68	70	70	72	73	72	73	71	70	71
102	120	118	117	118	122	122	117	103	112	177	299	420	485	454	359	249	147	83	50	34	30	42	54	64	69	70	72
261	108	121	120	120	119	119	122	123	123	119	109	101	116	178	274	379	451	483	478	462	399	295	197	127	93	82	74
203	942	1066	1134	1071	1078	1079	1076	1080	1082	1074	1080	1066	1053	1072	1077	1076	1080	1072	1061	1067	1078	1072	1078	1086	1060	1098	1338
250	966	1045	1082	1076	1077	1077	1075	1072	1071	1069	1071	1059	1039	1035	1035	1050	1069	1067	1056	1078	1082	1085	1084	1091	1037	1158	1363
266	968	1036	1048	1079	1077	1076	1076	1079	1077	1079	1074	1068	1061	1039	1029	1056	1073	1080	1071	1075	1079	1085	1092	1076	1032	1071	1286
247	963	1034	1032	1079	1077	1076	1076	1077	1077	1075	1072	1062	1061	1069	1081	1084	1072	1073	1075	1077	1074	1057	1040	1043	1075	1027	1116
205	946	1026	1034	1075	1077	1075	1072	1079	1080	1063	1057	1062	1079	1081	1083	1075	1061	1074	1073	1076	1061	979	968	1078	1068	1130	1167
145	914	1007	1036	1071	1079	1075	1077	1078	1068	1056	1059	1069	1083	1079	1082	1074	1060	1079	1078	1074	1038	948	992	1083	1153	1176	1139
69	843	984	1037	1063	1084	1078	1078	1068	1074	1079	1081	1076	1078	1079	1079	1060	1076	1084	1080	1065	989	935	1036	1121	1188	1132	1136
8	715	979	1044	1057	1087	1079	1075	1070	1079	1079	1081	1083	1075	1073	1066	1068	1079	1075	1079	1032	932	1011	986	1126	1146	1148	1184
0	474	975	1010	1057	1080	1080	1077	1076	1075	1074	1077	1081	1079	1070	1072	1082	1078	1076	1074	986	927	1053	770	1161	1145	1152	1155
5	167	916	968	1037	1077	1079	1078	1076	1074	1071	1073	1076	1080	1075	1077	1078	1074	1079	1055	941	988	828	645	1186	1160	1187	1169
25	0	614	980	1004	1099	1074	1075	1080	1078	1077	1077	1077	1073	1079	1078	1072	1072	1076	996	936	981	386	797	1117	1217	1209	1119
25	3	150	895	966	1092	1182	1067	1084	1080	1078	1074	1073	1077	1079	1077	1077	1081	1020	955	1046	519	406	1016	1046	1186	1071	1019
24	25	0	424	975	979	1222	1203	1075	1090	1082	1081	1079	1079	1079	1083	1083	1029	982	1030	588	394	990	1081	1015	1171	1245	1086
24	25	22	17	665	973	1008	1194	1131	1072	1106	1102	1091	1087	1084	1074	1032	998	906	412	407	1019	1127	1048	1062	1066	1354	1321
25	22	28	12	84	783	969	984	1064	993	869	990	1076	1076	1060	1003	900	660	320	464	1008	1075	1034	1038	1056	1082	1107	1112
17	21	24	28	0	126	810	970	964	1026	875	560	491	508	445	373	395	425	713	1023	1058	1057	1063	1069	1040	1080	1035	1050
44	21	16	21	27	0	117	744	970	938	1006	1015	849	748	820	949	1067	1101	1051	1032	1063	1066	1067	1076	1037	1047	1064	1057
72	68	51	31	25	29	5	48	556	953	946	944	1006	1032	1102	1144	1110	1063	1049	1063	1075	1073	1070	1070	1076	1061	1063	1052
65	69	75	75	61	39	28	11	0	276	807	971	931	974	1034	1064	1071	1066	1070	1071	1073	1077	1073	1070	1072	1066	1063	1034
66	64	64	67	72	75	70	51	32	0	52	512	930	963	953	1012	1061	1075	1075	1075	1070	1072	1070	1071	1065	1052	1038	896
38	54	66	66	64	67	70	76	78	69	40	0	198	700	966	974	969	999	1017	1024	1028	1025	1010	1017	1000	819	466	115
392	164	45	47	66	68	69	70	69	72	78	82	45	42	290	659	902	977	972	959	968	984	903	653	305	46	0	18
287	466	453	226	63	39	60	65	68	67	66	69	75	74	48	40	157	394	622	739	698	484	166	0	0	21	28	27
104	106	222	430	490	330	134	44	42	58	68	68	68	67	69	71	59	33	29	54	57	40	53	71	71	65	60	57
122	122	112	99	161	333	472	447	288	128	52	38	52	65	73	69	71	72	71	70	70	72	74	74	77	78	79	80
118	118	118	122	120	105	112	200	356	471	459	340	193	88	43	37	48	61	70	71	70	73	74	71	73	70	71	71
104	121	117	119	119	122	122	116	105	114	179	298	417	482	446	348	242	141	81	48	33	31	45	55	65	67	72	74
262	111	121	121	118	120	120	122	123	122	119	111	104	123	185	280	386	453	485	476	455	384	274	179	116	86	76	72
401	992	1033	1022	1079	1077	1078	1081	1083	1086	1090	1063	1031	1038	1079	1094	1089	1035	1024	1047	1065	1067	1065	1078	1097	1027	1113	1364
457	998	1031	1028	1083	1075	1079	1081	1081	1082	1080	1062	1039	1065	1080	1070	1042	1025	1033	1044	1055	1069	1085	1095	1075	1015	1130	1371
470	996	1045	1028	1083	1079	1078	1079	1080	1084	1068	1045	1064	1067	1042	1046	1066	1087	1086	1081	1084	1075	1083	1071	1051	1074	1036	1209
438	996	1045	1021	1082	1080	1077	1081	1076	1072	1056	1061	1062	1043	1035	1059	1084	1092	1089	1086	1084	1059	1047	997	1074	1084	1064	1120
364	983	1034	1017	1082	1078	1076	1069	1072	1080	1060	1078	1068	1075	1089	1084	1084	1091	1089	1082	1080	1012	967	982	1070	1138	1192	1168
270	957	1001	1021	1073	1079	1074	1077	1081	1081	1065	1067	1083	1084	1080	1081	1080	1082	1087	1083	1029	947	956	1043	1115	1196	1142	1134
159	917	971	1024	1059	1083	1075	1078	1076	1077	1076	1078	1079	1079	1077	1079	1080	1080	1083	1054	970	922	986	1082	1187	1159	1134	1146
53	827	958	1020	1044	1081	1076	1076	1077	1076	1078	1082	1080	1077	1077	1079	1080	1081	1080	1019	935	921	1008	1107	1205	1134	1135	1157
0	630	967	1010	1069	1071	1080	1078	1076	1075	1078	1080	1081	1081	1074	1073	1078	1081	1060	987	924	921	1003	1126	1216	1149	1145	1166
0	310	967	965	1124	1095	1074	1082	1079	1076	1076	1080	1077	1079	1067	1075	1076	1073	1031	952	926	919	988	1095	1206	1209	1219	1198
19	29	754	958	1061	1225	1073	1082	1083	1079	1077	1078	1073	1067	1073	1082	1076	1051	982	925	916	939	947	1040	1057	1156	1154	1095
25	0	232	933	951	1115	1161	1069	1086	1081	1077	1078	1070	1073	1081	1084	1066	1006	934	916	987	983	906	1011	1005	1070	1024	1034
25	27	0	437	973	966	1071	1080	1070	1087	1090	1083	1078	1083	1084	1066	1005	939	915	970	963	965	1021	1000	992	1185	1233	1125
24	23	21	2	605	980	985	1027	1033	1024	1055	1080	1083	1072	1036	982	930	922	939	871	967	1082	1027	1037	1011	1174	1398	1327
25	25	30	14	40	694	978	970	1024	1040	998	980	971	957	945	931	936	934	836	948	1084	1070	1062	1069	1047	1040	1137	1187
21	24	27	29	6	59	696	983	958	1012	1040	1043	1047	969	869	903	934	912	941	1026	1056	1069	1067	1077	1052	1051	1047	1133
44	25	21	25	30	11	43	598	977	944	972	1024	1083	1154	1097	1034	1027	1048	1018	1056	1072	1072	1070	1076	1057	1047	1066	1115
75	70	52	30	26	30	20	5	385	903	971	940	978	994	1071	1083	1071	1067	1066	1071	1076	1076	1071	1071	1077	1067	1062	1110
66	70	77	77	59	38	28	24	0	143	676	973	948	957	1022	1073	1074	1071	1068	1072	1069	1076	1076	1073	1075	1069	1058	1057
67	66	66	69	75	78	72	53	37	1	3	325	829	986	956	991	1039	1067	1073	1077	1071	1056	1049	1056	1048	1047	969	672
37	58	69	68	68	68	74	78	78	69	48	0	62	478	885	985	965	968	976	992	999	1007	1003	1000	878	557	184	4
377	150	39	49	65	70	69	69	69	74	75	78	62	14	116	451	787	943	977	978	962	874	646	350	88	0	12	34
311	481	445	210	58	40	60	66	69	68	66	70	71	77	67	29	60	206	374	416	280	99	0	0	15	30	28	29
104	108	240	449	496	319	123	42	42	59	68	68	66	65	68	68	64	44	27	29	43	62	75	72	68	66	64	58
119	120	108	97	172	348	486	447	280	118	46	37	52	65	67	67	67	71	69	67	66	69	71	73	75	78	79	78
119	119	121	124	119	100	113	211	373	481	458	330	183	82	40	37	48	60	68	72	68	70	70	70	71	71	70	72
105	120	116	116	116	120	123	116	102	116	190	316	430	486	439	340	229	131	74	45	31	33	45	56	63	68	71	73
228	108	120	118	118	117	117	117	119	119	116	107	102	128	194	295	399	456	482	472	448	368	249	159	107	82	74	73
673	999	1021	1013	1086	1079	1083	1076	1079	1082	1067	1032	1054	1067	1070	1055	1049	1041	1037	1041	1053	1056	1050	1064	1088	1026	1093	1347
705	1001	1024	1012	1087	1078	1083	1083	1085	1082	1068	1045	1056	1084	1078	1059	1034	1035	1042	1040	1042	1044	1044	1079	1044	1063	1094	1401
684	995	1032	1012	1086	1078	1080	1085	1087	1090	1075	1067	1066	1050	1057	1077	1081	1079	1071	1074	1076	1042	1069	1037	1061	1093	1040	1176
627	986	1038	1018	1087	1080	1079	1080	1080	1083	1071	1079	1074	1055	1055	1079	1096	1097	1098	1085	1077	1028	997	993	1074	1056	1102	1121
526	977	1023	1014	1082	1077	1074	1079	1081	1078	1073	1080	1087	1085	1084	1080	1095	1100	1096	1088	1038	946	951	1047	1012	1148	1162	1126
412	972	994	1017	1072	1077	1078	1081	1081	1077	1076	1078	1083	1081	1077	1080	1085	1089	1087	1034	949	917	969	1044	1101	1165	1103	1125
276	958	967	1035	1053	1084	1082	1080	1078	1078	1078	1072	1083	1079	1077	1079	1081	1080	1055	965	925	924	991	1049	1187	1111	1107	1118
131	901	947	1081	1065	1081	1082	1082	1078	1078	1077	1072	1081	1079	1080	1081	1075	1066	1019	937	925	925	1002	1048	1188	1096	1118	1132
14	745	954	1071	1137	1063	1087	1082	1075	1080	1077	1077	1081	1079	1077	1078	1073	1051	976	923	936	930	995	1054	1199	1117	1120	1140
0	432	977	973	1153	1062	1076	1090	1085	1083	1082	1081	1079	1078	1076	1071	1057	1015	952	929	934	919	1010	1068	1189	1176	1227	1165
17	75	832	949	1015	1083	1017	1081	1089	1083	1084	1080	1077	1077	1071	1049	1020	958	932	934	924	967	1065	1042	1190	1253	1152	1038
30	0	297	955	944	1004	1016	1038	1084	1091	1082	1080	1078	1077	1060	1015	963	929	929	921	986	1090	1079	1061	1155	1230	1213	1057
25	26	0	459	977	968	1005	1016	996	1035	1083	1086	1082	1068	1020	955	923	927	921	971	1080	1089	1080	1016	1083	1283	1327	1129
24	25	24	0	566	985	980	1028	1006	969	978	996	1002	980	947	931	926	921	942	1063	1074	1063	1038	985	1102	1310	1268	1178
24	25	31	16	17	612	976	958	1013	1034	1087	1057	948	922	924	916	920	955	1036	1073	1067	1072	1070	1066	1146	1172	1124	1109
22	26	27	29	16	17	562	969	947	983	1024	1193	1209	1029	993	992	1022	1056	1019	1033	1076	1073	1069	1082	1052	1043	1063	1061
45	26	23	28	30	18	4	448	942	954	946	978	1062	1036	1061	1070	1077	1070	1037	1058	1075	1074	1066	1075	1066	1046	1058	1071
76	72	49	31	25	28	23	0	248	821	980	934	955	981	1044	1075	1066	1062	1069	1072	1073	1078	1070	1070	1070	1065	1058	1131
66	68	75	75	57	35	26	26	0	66	551	948	964	942	991	1058	1075	1074	1071	1069	1068	1072	1077	1075	1070	1058	1051	1038
66	66	65	68	74	77	70	49	35	11	0	208	727	984	957	965	1007	1048	1064	1070	1063	1035	1013	1027	1031	1009	802	421
39	58	68	68	67	67	71	74	76	67	52	4	8	347	808	981	970	959	963	973	984	998	996	945	719	324	42	0
378	152	40	50	66	67	66	67	70	71	76	79	70	18	59	337	645	831	889	872	767	610	429	183	14	0	29	35
305	470	438	210	57	40	60	67	65	67	66	66	68	74	68	35	28	78	133	113	41	0	0	12	28	32	31	30
104	108	237	441	488	313	120	41	42	60	66	67	66	65	67	67	69	66	58	64	76	84	80	76	71	67	63	59
119	122	112	100	173	345	479	438	275	116	46	39	54	64	68	69	67	71	70	70	68	70	71	73	77	77	78	79
118	119	119	121	120	103	114	211	373	473	450	325	180	80	40	39	50	62	68	73	70	72	72	70	71	71	71	72
106	120	118	117	119	121	122	115	102	117	191	314	427	478	435	336	227	132	73	45	33	36	48	59	66	70	72	72
232	109	120	118	119	119	118	119	120	122	120	108	105	127	196	294	398	454	477	468	447	360	245	156	104	81	73	73
895	985	1030	1020	1083	1079	1075	1066	1069	1056	1050	1061	1074	1048	1040	1049	1059	1057	1059	1043	1043	1044	1047	1058	1045	1009	1043	1251
910	984	1022	1019	1083	1075	1078	1071	1073	1066	1048	1063	1077	1075	1044	1053	1039	1037	1046	1045	1042	1039	1024	1031	1014	1077	1086	1135
888	971	1023	1017	1082	1075	1077	1080	1084	1085	1087	1080	1067	1066	1071	1065	1049	1041	1044	1048	1042	1032	1034	999	1070	1091	1122	1151
835	959	1027	1021	1081	1078	1079	1079	1078	1080	1081	1072	1053	1069	1079	1081	1086	1078	1080	1064	1019	1005	984	1044	1092	1151	1185	1159
756	952	1013	1031	1073	1074	1076	1079	1080	1077	1076	1078	1075	1075	1079	1085	1096	1099	1091	1043	950	922	947	1057	1144	1198	1133	1132
647	958	1000	1067	1059	1078	1077	1076	1077	1076	1080	1080	1079	1076	1074	1077	1082	1089	1058	964	925	932	993	1063	1200	1155	1137	1149
502	967	981	1117	1053	1082	1079	1079	1077	1078	1079	1080	1077	1073	1076	1079	1090	1088	1056	999	933	939	1046	1096	1182	1130	1150	1155
308	956	959	1107	1050	1073	1079	1080	1080	1081	1078	1077	1072	1071	1080	1094	1107	1086	1076	1042	945	931	1041	1051	1191	1153	1174	1156
102	866	947	1050	1056	1025	1092	1084	1082	1083	1078	1073	1069	1069	1080	1100	1106	1096	1074	1035	946	938	1050	997	1149	1205	1193	1154
0	584	970	960	1030	967	1035	1100	1087	1083	1079	1071	1066	1064	1079	1097	1105	1104	1091	1002	928	945	1061	1030	1079	1238	1150	1068
8	154	900	941	979	1010	926	1028	1095	1088	1080	1065	1054	1051	1062	1073	1076	1088	1058	948	917	1010	1065	1017	1095	1235	1142	1020
29	0	399	973	937	1017	982	932	994	1067	1075	1051	1028	1023	1025	1037	1063	1080	986	917	1000	1079	1076	1085	1106	1147	1403	1162
26	25	3	546	978	954	1016	988	961	956	996	1005	978	965	981	1018	1047	991	923	992	1068	1079	1110	1064	1085	1171	1269	1310
27	28	22	13	574	977	954	1020	1051	1111	1001	920	919	919	944	968	950	923	988	1077	1056	1062	1024	1000	1088	1064	1004	1028
24	25	31	18	5	530	967	941	978	1070	1201	1092	970	941	936	932	934	985	1042	1063	1062	1068	1067	1062	1057	1064	1053	1033
23	25	28	30	20	0	427	947	943	951	1007	1063	997	965	1012	1035	1053	1031	1000	1050	1075	1073	1074	1076	1049	1056	1067	1046
42	27	24	27	29	23	0	297	885	963	931	958	971	967	1062	1068	1070	1074	1046	1057	1072	1072	1070	1070	1074	1059	1056	1054
78	72	48	29	24	27	26	0	151	748	986	934	939	980	1034	1072	1064	1059	1068	1066	1066	1078	1072	1066	1064	1061	1061	1068
66	65	75	74	55	37	24	26	0	31	493	943	969	932	960	1027	1068	1072	1072	1069	1066	1062	1077	1076	1063	1051	1047	952
66	68	65	68	74	79	68	47	33	17	0	189	736	986	955	937	975	1025	1051	1059	1053	1002	988	1012	1021	907	548	170
38	59	68	70	69	67	71	74	73	67	53	8	11	342	781	966	979	968	974	983	992	992	957	801	452	114	0	8
373	148	40	52	67	66	65	68	67	71	78	80	68	17	41	240	491	635	668	635	537	409	229	49	0	16	32	31
314	473	432	203	55	39	60	67	66	66	68	65	68	74	71	47	25	22	19	5	0	0	5	23	30	27	27	28
104	110	243	448	484	304	115	42	46	62	67	66	65	67	69	68	71	72	74	79	80	81	77	75	69	64	62	58
119	121	110	99	178	351	481	433	269	111	44	39	54	63	69	71	71	70	69	66	69	70	70	73	73	74	77	77
119	118	119	121	118	102	117	219	378	473	445	316	172	78	42	43	54	61	68	71	70	71	72	71	71	71	70	69
107	119	118	118	120	122	123	114	102	120	199	320	430	479	426	329	219	124	70	41	31	36	50	61	68	71	70	69
223	110	120	120	118	119	119	118	122	122	120	107	105	130	200	300	402	457	474	463	437	348	231	141	96	78	73	69
938	1001	1051	1048	1078	1071	1070	1073	1056	1059	1086	1073	1042	1047	1040	1041	1046	1051	1051	1046	1038	1024	1030	1095	1172	1144	997	1059
934	990	1038	1052	1080	1076	1073	1073	1069	1057	1069	1075	1076	1064	1042	1045	1055	1049	1035	1041	1027	1028	1091	1141	1094	1067	1105	1130
937	972	1039	1059	1079	1075	1077	1078	1086	1087	1086	1082	1079	1081	1066	1044	1052	1041	1038	1049	1002	992	1004	1006	1103	1171	1165	1142
939	953	1078	1095	1070	1076	1079	1076	1079	1080	1076	1068	1067	1073	1079	1067	1051	1051	1046	1019	953	937	955	1107	1236	1189	1127	1115
936	953	1047	1085	1068	1075	1075	1074	1077	1076	1072	1073	1069	1073	1072	1071	1067	1075	1039	951	925	943	1035	1165	1224	1159	1140	1123
913	952	1020	1043	1060	1080	1076	1076	1081	1076	1076	1064	1056	1068	1097	1116	1126	1121	1120	1070	953	981	1076	1152	1184	1137	1142	1135
847	949	1021	1020	1006	1087	1080	1080	1081	1079	1071	1052	1064	1103	1113	1127	1115	1097	1104	1152	993	974	1077	1153	1170	1136	1141	1147
670	957	997	1035	954	1056	1089	1083	1081	1076	1057	1057	1093	1110	1100	1115	1104	1083	1106	1168	1000	970	1076	1122	1208	1180	1174	1176
372	965	947	1046	980	954	1080	1089	1081	1067	1029	1054	1104	1097	1097	1088	1085	1091	1127	1154	949	979	1069	1004	1116	1210	1224	1200
73	829	945	975	1041	936	962	1063	1073	1052	1010	1041	1115	1117	1113	1092	1092	1100	1163	1066	920	1018	1069	1019	995	1064	1050	1044
0	397	975	924	975	1012	929	938	1009	1022	990	1023	1099	1131	1133	1090	1086	1131	1149	954	927	1048	1042	1037	1032	1096	1083	1049
20	11	644	981	921	993	1024	1001	947	947	961	983	1071	1116	1121	1100	1133	1160	1005	925	1020	1078	1051	1027	1043	1148	1393	1235
26	10	58	727	975	930	997	1052	1115	978	919	946	1025	1097	1144	1160	1139	1004	948	1032	1047	1060	1046	1002	994	1093	1303	1235
23	26	2	59	674	974	927	978	1055	1109	1004	944	959	1005	1035	1017	957	968	1051	1063	1027	1069	1046	1020	1005	1013	1015	1125
22	24	27	3	15	552	971	931	951	1009	1024	980	959	955	945	939	968	1040	1065	1062	1076	1073	1069	1055	1037	1072	1052	1106
22	24	25	26	14	0	413	951	940	932	973	999	969	954	1037	1063	1048	1038	1046	1063	1072	1075	1075	1070	1067	1066	1069	1075
39	21	22	25	27	22	0	285	893	961	921	951	967	969	1055	1063	1060	1073	1055	1048	1071	1073	1072	1069	1074	1064	1070	1065
76	68	45	27	21	24	26	0	155	776	986	930	928	953	1025	1070	1067	1062	1067	1062	1057	1077	1076	1065	1068	1064	1062	1073
65	67	75	71	52	33	25	28	0	41	560	971	958	923	942	1014	1065	1071	1074	1072	1062	1041	1070	1068	1060	1054	1002	826
66	65	65	67	75	76	67	46	32	10	0	267	799	992	955	935	959	1002	1029	1038	1031	976	988	1021	938	630	250	40
38	58	67	66	68	65	70	73	71	65	49	1	31	361	748	928	968	973	978	978	971	942	816	524	164	4	5	27
360	135	36	50	64	64	65	64	67	71	76	77	62	12	22	140	273	349	373	353	289	182	48	0	11	32	34	32
327	487	428	192	47	36	60	67	66	67	67	67	68	73	72	55	35	22	12	5	6	12	24	31	29	27	28	27
101	112	253	459	480	297	109	40	44	62	68	69	65	66	66	67	66	69	77	81	81	80	76	74	69	65	62	60
118	118	105	97	181	364	486	428	258	106	42	39	53	63	66	71	71	68	67	66	70	71	71	74	74	75	75	76
118	117	119	121	115	99	118	222	385	476	443	308	162	73	40	40	53	62	70	70	68	73	71	71	70	72	70	70
106	119	117	116	119	120	122	112	101	120	202	329	438	480	424	320	207	117	65	39	30	37	52	63	68	71	71	70
204	109	117	117	118	116	118	117	120	120	116	105	103	133	207	310	411	463	479	465	429	329	213	130	91	77	72	70
938	1040	1070	1069	1071	1072	1079	1060	1066	1086	1094	1036	975	1023	1038	1042	1038	1040	1036	1059	1055	1044	1095	1118	1087	1073	986	991
935	1030	1068	1071	1074	1074	1077	1079	1076	1077	1056	1012	1023	1043	1065	1064	1057	1040	1053	1071	1111	1156	1140	1090	1018	1039	1119	1150
935	1022	1064	1070	1075	1073	1077	1081	1085	1077	1051	1050	1076	1092	1091	1084	1079	1054	1070	1008	982	1023	1110	966	972	1174	1148	1108
930	999	1055	1052	1075	1075	1078	1083	1082	1066	1050	1052	1088	1110	1111	1100	1082	1038	1029	964	946	948	994	962	1196	1143	1101	1114
927	992	1034	1008	1073	1079	1077	1080	1070	1054	1039	1050	1088	1105	1108	1126	1094	1064	1026	971	943	995	1048	1104	1204	1100	1114	1111
927	974	1023	957	1048	1086	1081	1078	1067	1043	1032	1068	1105	1128	1149	1152	1141	1133	1137	1061	961	1012	1044	1146	1180	1101	1146	1135
943	949	1031	941	965	1089	1086	1075	1046	1011	1039	1094	1124	1155	1135	1119	1067	1107	1135	1143	972	1018	1053	1119	1202	1139	1158	1144
930	930	1018	981	912	1008	1080	1060	1020	978	1044	1118	1136	1130	1068	1046	1037	1089	1119	1157	966	1028	1050	1076	1234	1182	1187	1178
754	948	962	1036	947	914	1002	1034	990	962	1043	1130	1155	1121	1068	1065	1067	1079	1135	1124	937	1044	1056	1051	1187	1255	1163	1084
359	968	922	988	1013	936	914	956	965	960	1045	1140	1130	1097	1087	1078	1074	1086	1170	1013	966	1062	1068	1083	1137	1223	1139	1026
25	726	963	918	967	994	983	915	920	943	1031	1128	1096	1082	1081	1093	1113	1156	1086	922	1003	1052	1037	1034	1136	1265	1216	1055
0	154	872	949	919	953	1065	1099	944	922	1001	1125	1095	1082	1100	1146	1162	1083	946	990	1057	1058	1031	992	1129	1348	1232	1139
26	0	232	884	951	919	978	1038	1019	956	961	1101	1151	1148	1157	1122	1024	958	1013	1043	1045	1074	1046	975	1125	1298	1219	1208
21	26	0	211	835	959	918	963	1001	974	959	986	1055	1070	1027	970	992	1046	1055	1038	1050	1074	1060	1022	1086	1088	1075	1136
23	26	29	0	136	756	964	917	944	979	989	970	975	972	954	1010	1032	1060	1061	1072	1073	1068	1066	1065	1039	1073	1057	1088
22	24	25	29	0	79	669	969	921	922	952	981	983	963	1027	1063	1050	1062	1065	1068	1071	1072	1066	1068	1074	1069	1053	1128
38	22	23	26	26	0	41	562	963	932	919	923	940	959	1045	1057	1056	1067	1066	1054	1062	1071	1068	1069	1070	1062	1070	1132
75	66	44	25	24	27	5	4	411	917	955	917	924	928	992	1065	1067	1067	1057	1049	1037	1071	1075	1070	1073	1056	1060	1070
65	66	72	71	53	33	28	16	0	217	770	989	942	919	930	991	1051	1068	1074	1074	1052	1008	1056	1059	1060	1037	884	633
65	65	65	67	73	76	66	47	31	0	30	402	834	984	969	946	949	979	998	1005	994	960	997	998	783	374	85	0
39	57	66	65	67	67	69	73	74	68	43	0	43	320	631	815	900	936	949	942	919	839	629	286	27	0	21	34
354	136	41	51	67	65	67	65	69	71	77	80	61	17	3	42	101	159	191	177	127	50	0	3	29	33	31	30
319	480	423	191	50	39	60	67	67	66	69	68	70	75	77	72	58	43	30	25	25	30	32	31	27	27	27	28
102	114	253	454	473	291	109	40	47	63	69	68	67	68	67	66	68	74	78	80	81	79	77	75	69	65	61	57
120	122	108	103	185	364	484	424	252	104	44	43	56	66	70	71	70	68	69	68	70	70	72	73	73	74	76	78
118	118	120	122	116	103	122	228	384	471	434	304	161	74	41	44	54	63	70	71	72	74	72	70	70	69	70	70
108	121	117	118	120	122	121	112	103	121	203	331	436	478	422	315	203	116	64	39	32	40	54	64	69	70	70	72
211	112	118	120	119	117	119	120	121	123	119	108	107	136	209	307	410	464	479	467	429	323	205	125	87	75	71	70
970	1060	1060	1075	1077	1076	1081	1076	1081	1072	1054	996	1052	1093	1095	1107	1102	1022	998	1068	1138	1124	1094	1051	1045	1082	1112	1104
979	1061	1061	1072	1072	1077	1079	1079	1082	1054	1011	1040	1103	1124	1118	1112	1134	1060	1004	1118	1180	1100	988	1004	1063	1160	1170	1153
958	1053	1055	1061	1073	1079	1077	1070	1047	993	1014	1091	1131	1116	1097	1093	1140	1064	1068	1100	1109	1079	996	1003	1146	1177	1125	1121
946	1047	1050	1028	1078	1075	1074	1045	995	992	1074	1118	1118	1091	1084	1103	1141	1088	1091	1065	1042	1008	1011	1041	1205	1121	1124	1136
930	1031	1051	975	1081	1076	1055	1021	982	1026	1097	1113	1108	1085	1096	1134	1148	1100	1039	1048	959	1031	1043	1085	1160	1115	1130	1128
922	1010	1064	945	1024	1071	1038	1003	974	1055	1113	1144	1160	1139	1094	1097	1130	1059	1038	960	972	1060	1033	1081	1184	1134	1161	1131
918	977	1053	966	931	1027	1017	978	970	1049	1151	1150	1108	1095	1087	1085	1068	1118	1111	997	993	1076	1027	1020	1235	1233	1189	1140
929	937	1032	1005	911	945	975	948	954	1068	1125	1087	1069	1087	1047	1074	1106	1108	1144	1072	994	1075	1015	972	1182	1244	1124	1093
945	917	984	1041	949	912	944	938	958	1100	1111	1075	1112	1128	1080	1119	1135	1094	1147	1036	1013	1074	1057	1027	1192	1292	1069	1025
766	948	924	1008	1009	921	913	929	966	1098	1104	1100	1135	1119	1109	1131	1127	1143	1115	963	1046	1044	1064	1098	1138	1325	1388	1074
292	948	925	932	1016	1009	943	916	940	1076	1144	1144	1119	1116	1102	1129	1160	1115	972	988	1064	1094	1092	1091	1080	1349	1345	1316
3	547	973	917	937	1030	1039	948	912	973	1128	1160	1126	1134	1130	1135	1065	981	996	1052	1050	1048	969	1043	1088	1181	1006	1117
13	48	660	967	918	943	1022	1007	953	928	977	1091	1123	1122	1072	994	987	1034	1033	1042	1064	1070	1014	975	1089	1091	1070	1022
28	4	80	677	960	920	934	986	1008	993	964	967	984	969	975	1031	1067	1057	1046	1062	1072	1069	1050	1008	1074	1076	1064	1031
24	31	0	99	663	953	923	927	956	988	1007	1005	975	937	991	1039	1031	1058	1071	1074	1070	1069	1070	1071	1054	1071	1059	1033
23	27	28	0	106	633	953	924	920	928	940	962	979	958	1032	1061	1057	1067	1066	1067	1065	1068	1066	1066	1070	1068	1044	1049
36	23	26	28	0	99	581	938	939	917	923	921	923	933	1032	1064	1065	1069	1066	1064	1058	1071	1070	1070	1062	1057	1075	1086
76	65	44	27	25	0	59	455	888	961	921	920	929	927	966	1050	1068	1059	1048	1054	1024	1061	1076	1076	1070	1022	1057	1036
64	68	72	69	54	35	8	9	240	698	964	965	930	920	929	956	1017	1054	1063	1063	1015	974	1036	1042	1044	993	737	403
66	64	64	71	76	77	67	41	2	24	286	673	909	978	977	957	943	950	962	968	958	962	989	940	657	254	19	0
40	58	68	68	68	68	72	77	76	55	12	6	116	325	541	711	819	879	902	902	867	751	492	165	0	3	29	34
340	122	39	52	68	67	70	65	69	71	78	75	50	15	0	0	30	73	104	107	70	12	0	9	31	31	32	32
341	491	416	178	47	42	65	65	68	66	68	68	69	72	76	73	63	49	37	29	28	31	30	27	27	25	27	28
102	117	271	469	469	279	101	38	48	65	69	67	66	67	63	65	69	74	78	77	78	78	74	71	67	63	60	56
118	118	105	101	195	380	491	421	239	93	41	42	55	65	70	66	69	70	70	67	68	70	71	73	73	75	77	77
118	118	122	123	116	99	125	242	400	474	428	289	150	65	40	42	54	66	70	70	72	72	70	71	70	71	70	70
111	120	116	117	118	122	122	110	100	126	217	345	446	476	412	300	188	104	57	36	31	42	58	66	70	72	70	70
187	111	118	120	117	116	119	118	119	122	115	106	107	141	222	324	421	468	474	463	416	296	177	108	81	70	70	69
993	1066	1052	1080	1079	1076	1085	1029	956	1010	1081	1133	1133	1118	1104	1139	1137	1105	1156	1089	981	959	992	1041	1112	1152	1148	1139
985	1062	1042	1078	1073	1058	1074	1046	979	1046	1133	1126	1090	1094	1101	1127	1161	1159	1130	1104	1014	951	967	1075	1149	1158	1139	1131
985	1065	1023	1066	1076	1060	1037	1049	1028	1076	1156	1122	1087	1081	1098	1109	1138	1101	1107	1075	1002	972	1023	1121	1175	1137	1127	1132
967	1069	1016	1033	1075	1052	1021	969	972	1116	1121	1096	1093	1076	1044	1034	1007	1051	1076	1038	981	1036	1061	1153	1178	1135	1139	1145
952	1061	1037	971	1059	1018	959	928	1024	1138	1082	1066	1086	1075	1067	1053	1058	1059	1044	1001	1001	1071	1081	1183	1199	1164	1162	1167
933	1041	1065	944	974	973	946	943	1066	1136	1081	1100	1141	1142	1093	1080	1106	1078	988	955	1035	1076	1064	1165	1246	1226	1187	1174
921	1000	1071	995	915	948	932	946	1076	1152	1152	1168	1150	1064	1031	1058	1115	1132	1048	961	1059	1063	1010	1070	1205	1255	1222	1188
915	961	1054	1052	922	930	950	933	1057	1161	1110	1095	1084	1050	1048	1105	1133	1157	1116	1008	1066	1064	1031	1015	1045	1077	1045	1057
924	927	1018	1068	985	910	947	944	1054	1158	1073	1076	1088	1073	1082	1098	1145	1171	1075	1018	1064	1054	1056	1035	1137	1252	1051	1031
944	911	956	1051	1060	939	922	950	1017	1160	1102	1107	1096	1082	1096	1121	1166	1116	967	1005	1048	1033	1042	1034	1183	1461	1403	1109
754	952	913	985	1071	1032	930	920	950	1093	1154	1154	1125	1126	1149	1159	1090	967	964	1034	1024	1027	1012	1028	1084	1381	1399	1319
259	924	930	919	998	1072	1011	922	919	968	1047	1125	1156	1141	1084	1009	977	1014	1051	1053	1053	1049	959	1001	1014	1050	1053	1224
0	475	956	920	915	974	1039	988	932	928	955	974	990	984	968	1013	1061	1056	1036	1064	1063	1065	994	993	1047	1046	1018	1154
16	41	622	961	919	916	947	1001	1007	967	941	938	931	958	1046	1062	1067	1064	1065	1066	1070	1068	1036	1031	1063	1070	1039	1124
29	0	118	710	963	919	919	928	960	989	994	996	970	947	1011	1024	1055	1069	1074	1071	1074	1069	1072	1067	1069	1059	1054	1082
23	27	0	189	756	962	924	919	924	922	927	942	949	944	1036	1068	1063	1072	1072	1068	1061	1073	1068	1063	1069	1060	1062	1091
35	25	21	0	216	751	968	927	917	923	924	924	926	921	999	1069	1056	1056	1064	1060	1058	1073	1070	1064	1043	1061	1073	1094
73	64	43	23	0	166	659	959	953	918	920	927	929	925	935	1019	1064	1052	1045	1058	1009	1049	1075	1078	1038	1010	1049	983
64	71	74	70	50	3	52	400	805	972	963	932	921	920	923	929	967	1015	1034	1028	957	961	1016	1022	1026	899	540	226
63	63	62	66	72	74	48	3	83	357	683	881	959	982	982	980	967	962	957	956	962	977	975	848	487	111	0	7
38	58	64	63	62	64	70	73	57	19	18	91	213	340	453	542	609	661	701	721	687	559	317	69	0	17	32	30
331	114	35	52	65	66	66	66	65	71	72	62	41	16	2	0	0	3	8	11	4	0	2	21	32	31	30	30
350	488	405	165	42	41	62	66	65	66	65	69	71	75	77	78	69	60	51	41	40	34	30	28	27	26	26	26
99	120	279	472	469	266	92	37	48	63	68	66	66	66	67	69	71	75	79	82	80	78	74	70	66	61	59	56
120	117	106	103	209	396	502	410	226	88	37	41	57	65	68	70	70	71	71	71	70	72	72	73	76	75	77	77
118	116	120	121	114	96	129	254	409	479	419	277	140	60	38	43	55	68	72	74	72	72	71	71	71	71	71	70
112	118	117	117	117	121	118	108	99	130	223	358	455	475	400	287	178	99	55	37	33	44	58	69	71	72	72	70
177	111	118	118	116	116	117	118	120	121	114	103	106	146	231	337	428	472	475	457	399	277	161	100	76	70	69	69
1010	1063	1048	1051	991	880	890	968	951	1037	1120	1169	1138	1108	1109	1129	1083	1076	1110	1149	984	942	975	1031	1155	1212	1153	1109
1014	1061	1024	1069	1007	953	934	1010	985	1103	1159	1120	1132	1128	1102	1115	1077	1085	1122	1142	970	967	988	1083	1201	1119	1099	1111
1012	1068	993	1054	1068	1030	992	1040	1065	1162	1135	1114	1109	1119	1092	1040	1029	1119	1131	1122	967	1019	1040	1154	1160	1096	1107	1116
1000	1068	1000	1004	1047	1045	1049	1018	1072	1151	1113	1113	1106	1042	1027	1004	972	1094	1104	1110	1023	1067	1031	1169	1141	1109	1128	1130
981	1067	1028	959	896	915	957	984	1103	1123	1095	1103	1119	1125	1088	1060	1078	1094	1138	1073	1052	1072	1033	1158	1158	1137	1144	1131
955	1051	1049	977	946	882	967	979	1126	1110	1084	1117	1154	1152	1140	1144	1144	1142	1085	1015	1069	1059	1027	1161	1209	1182	1172	1152
931	1026	1067	987	975	1020	971	962	1116	1118	1130	1148	1110	1095	1083	1107	1117	1157	1043	1034	1065	1047	1023	1167	1275	1253	1180	1148
921	992	1063	1048	926	950	961	943	1081	1152	1138	1101	1079	1070	1073	1084	1109	1138	1043	1062	1081	1080	1081	1112	1223	1232	1064	1038
918	949	1051	1076	1000	912	954	943	1007	1133	1141	1118	1093	1081	1110	1140	1154	1078	1013	1096	1126	1079	1071	1074	1187	1379	1216	1045
924	917	990	1070	1063	939	914	952	971	1059	1139	1157	1138	1138	1158	1143	1070	960	954	1010	986	992	1014	1071	1266	1389	1258	1102
944	917	924	1019	1079	1019	912	921	948	976	1037	1110	1137	1137	1088	1018	950	945	995	1017	1007	981	964	1046	1294	1362	1285	1258
722	964	919	932	1012	1063	987	912	921	955	958	985	1005	993	971	992	1023	1044	1020	1032	1065	1056	983	1004	1221	1195	1156	1267
238	910	934	921	920	961	1015	981	922	923	942	936	930	978	1048	1074	1071	1049	1055	1058	1069	1058	1032	1030	1060	1052	1006	1172
7	518	963	922	921	918	933	990	1009	968	952	946	945	1011	1052	1037	1064	1065	1063	1066	1072	1068	1061	1052	1075	1073	1014	1151
12	92	718	965	918	916	918	917	937	957	968	974	959	944	981	1042	1061	1068	1067	1068	1068	1070	1069	1057	1069	1067	1024	1166
27	0	217	819	964	914	920	922	918	913	915	920	920	918	1011	1067	1068	1073	1069	1065	1063	1076	1068	1061	1071	1072	1068	1163
35	24	0	273	836	969	917	916	921	923	921	919	920	916	948	1029	1039	1043	1068	1049	1053	1077	1068	1054	1063	1076	1067	1088
73	65	40	0	213	745	978	939	913	918	922	924	925	929	928	962	1020	1033	1038	1030	983	1051	1075	1068	1042	1030	1026	967
66	70	76	69	18	74	454	850	979	963	931	923	921	923	923	924	929	952	968	965	928	954	995	1004	1013	851	459	200
60	60	59	65	73	59	18	93	355	653	840	922	948	956	954	953	956	972	975	972	976	978	947	795	430	71	0	9
38	59	64	63	62	64	69	63	33	23	70	145	205	237	241	235	252	307	368	425	443	363	199	33	0	19	29	29
324	111	36	54	67	65	67	70	72	76	70	60	44	30	18	11	4	0	0	0	0	0	7	29	33	32	29	27
357	492	394	163	44	43	63	67	68	68	68	71	73	78	78	75	71	63	53	43	38	34	28	27	26	26	24	27
99	123	285	477	458	257	89	39	51	65	69	68	69	67	70	69	72	74	78	79	79	76	72	68	64	61	57	55
120	122	107	108	216	396	488	397	219	85	41	46	61	66	70	69	71	70	71	70	69	71	72	74	74	77	77	78
118	118	121	121	114	99	134	259	411	472	411	270	135	59	40	45	59	69	71	71	71	72	71	70	71	70	70	71
112	120	119	117	119	121	120	111	102	135	231	358	455	470	392	278	169	93	53	35	34	47	62	70	73	72	72	71
178	114	119	119	118	119	118	122	122	122	115	104	111	151	236	342	432	473	470	451	384	256	146	91	74	69	70	69
1035	1055	985	929	843	748	831	1007	1055	995	1054	1137	1162	1107	1114	1098	1071	1070	1103	1142	970	969	958	962	1070	1178	1144	1084
1038	1045	980	1047	920	828	947	1032	1016	1065	1150	1145	1144	1084	1077	1091	1076	1088	1125	1135	958	971	975	983	1161	1104	1085	1096
1036	1056	959	916	874	892	1040	1029	1031	1146	1115	1082	1107	1099	1065	1062	1067	1101	1141	1122	1004	1057	987	1088	1141	1080	1098	1097
1026	1064	981	818	806	805	867	973	1081	1154	1102	1082	1105	1080	1059	1052	1049	1075	1130	1120	1068	1073	996	1146	1117	1098	1118	1097
1002	1067	1023	847	701	726	759	980	1108	1163	1115	1078	1104	1083	1079	1057	1087	1102	1152	1089	1067	1069	982	1155	1192	1149	1142	1073
979	1062	1033	979	818	877	981	1025	1082	1156	1106	1109	1139	1118	1131	1089	1100	1153	1127	1067	1060	1036	987	1071	1283	1220	1150	1103
953	1052	1049	985	1037	1046	1064	1010	1012	1128	1156	1145	1132	1140	1143	1134	1156	1134	1067	1062	1064	1062	1037	1104	1242	1143	1039	1071
931	1023	1067	1008	970	1033	1018	972	950	1061	1153	1121	1120	1114	1131	1158	1132	1040	1059	1064	1074	1096	1123	1188	1272	1323	1082	1017
922	964	1054	1064	962	961	1008	951	933	984	1104	1138	1133	1136	1130	1101	1016	952	1021	1042	1079	1075	1110	1186	1297	1444	1426	1107
920	923	996	1073	1041	925	934	955	951	934	995	1075	1102	1094	1048	983	941	948	989	1021	996	984	1069	1152	1296	1348	1194	1368
930	921	927	1002	1076	1027	921	913	945	955	957	968	986	994	973	972	992	1005	1015	1048	1012	980	999	1073	1104	1117	1100	1247
945	924	925	925	974	1032	1017	945	914	926	939	936	956	1013	1051	1063	1045	1016	1030	1059	1050	1006	959	1003	1069	1107	1011	1194
722	961	918	925	921	930	979	1021	972	941	930	933	994	1067	1061	1045	1042	1058	1054	1061	1067	1045	1003	1049	1052	1052	1025	1168
283	943	930	918	924	920	914	937	972	976	971	958	964	992	983	1034	1059	1056	1064	1073	1071	1071	1055	1060	1077	1052	1038	1159
22	617	974	916	916	923	918	916	912	920	926	931	925	940	955	1047	1065	1067	1070	1066	1070	1070	1066	1066	1072	1049	1033	1143
9	136	805	967	918	919	923	920	919	918	919	917	923	936	953	1022	1068	1076	1069	1063	1072	1074	1059	1068	1077	1069	1061	1091
33	1	220	841	973	916	915	920	921	923	922	926	929	930	928	952	996	1030	1064	1040	1064	1077	1067	1065	1077	1077	1063	999
76	65	6	166	728	978	943	914	916	921	926	928	926	933	933	932	951	973	993	974	979	1050	1067	1063	1065	1027	1001	977
65	67	76	39	66	412	810	965	969	944	928	924	923	924	934	948	954	950	942	931	927	946	976	996	1011	888	537	272
60	60	60	66	59	28	78	285	564	774	891	935	952	935	884	789	703	711	799	889	933	941	912	774	450	102	0	1
37	57	61	61	61	61	57	40	24	57	129	191	217	168	85	25	14	29	68	135	199	204	134	26	0	16	32	29
305	98	32	52	67	66	64	69	70	70	61	50	38	30	30	31	27	19	15	11	7	7	14	28	32	31	30	31
379	503	387	148	41	45	65	68	69	69	70	71	71	72	74	70	62	61	49	40	34	30	28	26	27	26	24	25
95	129	306	495	456	243	79	36	51	67	69	67	70	66	67	69	72	72	77	78	80	76	72	68	61	59	56	54
118	118	100	106	226	414	492	387	206	77	37	46	60	68	71	69	68	69	71	69	71	72	73	76	75	76	76	78
118	117	120	119	110	96	136	271	428	481	404	259	123	54	40	46	60	67	68	71	72	72	70	72	70	71	71	72
112	116	116	116	119	120	120	107	98	139	248	377	465	471	383	263	159	85	47	30	35	49	65	71	71	72	73	72
158	112	120	118	118	117	116	118	121	119	109	102	113	160	250	358	443	477	471	443	368	228	127	83	71	69	71	68
1048	1047	966	997	1005	1011	1041	1020	990	995	987	1007	1087	1141	1150	1101	1101	1115	1140	1027	926	943	939	1006	1132	1176	1153	1139
1054	1041	982	949	863	907	961	987	998	996	1042	1103	1141	1124	1135	1134	1122	1143	1145	1014	954	996	1004	1126	1176	1135	1133	1136
1052	1048	954	762	742	748	821	890	978	1036	1097	1130	1150	1120	1122	1107	1084	1143	1145	1054	1060	1060	1056	1167	1164	1132	1142	1149
1032	1051	975	823	763	755	826	883	999	1084	1124	1139	1152	1103	1079	1085	1094	1130	1138	1071	1063	1062	1068	1194	1182	1147	1152	1159
1007	1056	1000	921	864	878	903	925	1036	1083	1122	1143	1124	1073	1068	1088	1135	1155	1109	1064	1066	1036	1034	1181	1235	1184	1159	1129
988	1062	1007	986	956	935	957	1027	1048	1054	1115	1146	1128	1096	1097	1110	1151	1127	1066	1060	1058	1023	1016	1047	1182	1211	1184	1165
956	1049	1029	962	1040	983	945	1030	1020	996	1077	1139	1145	1142	1154	1142	1096	1054	1067	1069	1072	1063	1039	1005	1078	1068	1079	1084
930	1020	1048	979	987	1033	982	1051	992	945	1015	1081	1124	1135	1117	1055	977	1012	1069	1010	987	1026	1030	1113	1340	1282	1060	1030
920	948	1042	1025	940	981	1053	1030	961	950	960	997	1015	1012	981	953	938	942	959	951	972	1006	1054	1304	1533	1463	1316	1050
919	921	962	1047	1019	935	930	954	957	953	936	940	951	955	944	942	953	974	1000	1054	1020	1008	1090	1274	1457	1315	1303	1233
919	923	920	951	1019	1025	978	935	932	938	946	963	999	1030	1039	1036	1014	1019	1061	1062	1025	1037	1078	1209	1190	1066	1226	1316
930	920	924	921	927	949	987	1005	968	928	927	987	1057	1069	1047	999	983	1043	1071	1061	1049	1016	981	1071	1057	992	1132	1215
941	916	917	922	922	920	920	947	962	955	943	956	994	1000	961	1009	1050	1067	1064	1066	1061	1026	993	1058	1068	1034	1003	1204
717	956	917	919	925	921	919	917	919	922	926	922	920	929	941	1035	1053	1041	1061	1067	1067	1069	1039	1073	1080	1057	1027	1171
267	947	925	918	923	923	922	922	919	919	919	915	917	924	925	998	1067	1062	1062	1067	1071	1070	1055	1073	1068	1052	1055	1181
3	552	982	918	916	919	918	920	921	920	919	918	925	930	924	946	1019	1066	1062	1060	1067	1064	1048	1074	1072	1062	1048	1086
23	40	638	986	926	914	917	920	921	922	921	924	925	923	923	922	937	982	1038	1046	1073	1070	1063	1074	1076	1083	1057	983
77	48	45	529	949	957	919	914	919	919	921	927	923	925	928	930	930	929	953	956	984	1048	1058	1075	1061	1029	1001	976
63	71	62	28	257	700	942	966	942	922	920	917	917	918	920	935	955	963	950	934	924	943	974	1000	1008	896	551	258
62	61	63	66	40	49	238	552	811	936	972	971	968	960	937	844	686	623	714	835	900	914	879	739	432	101	0	0
38	56	62	60	61	57	40	30	83	215	365	459	467	382	235	84	8	0	6	54	112	134	90	12	0	17	30	28
300	96	32	52	65	67	65	69	66	53	39	30	20	12	11	22	30	31	25	21	14	16	21	32	33	29	29	27
371	490	376	144	39	45	64	69	67	69	70	73	75	77	77	73	63	59	49	42	36	33	29	29	27	27	26	26
97	130	299	483	441	239	80	40	52	67	70	70	69	67	66	70	73	74	76	76	78	75	71	66	59	56	53	51
121	120	104	111	224	410	484	378	199	76	38	48	63	68	69	70	70	69	71	70	72	74	74	75	76	76	78	79
117	117	119	118	111	97	139	272	430	474	399	249	121	54	40	48	60	68	72	73	73	72	71	70	70	69	70	71
114	118	117	116	119	119	119	106	101	141	249	377	461	462	374	258	153	83	47	31	37	52	65	70	71	72	72	74
160	113	120	117	118	116	120	120	121	122	111	104	112	160	251	359	440	474	469	440	353	218	121	81	69	67	69	69
1057	1046	1005	991	907	939	1040	1039	1051	1054	1053	1047	1045	1054	1069	1084	1085	1063	986	936	945	934	940	1038	1152	1189	1166	1145
1059	1039	985	990	877	962	1023	1016	1038	1044	1034	1022	1052	1091	1102	1114	1109	1077	1002	981	1022	1007	1010	1156	1209	1153	1118	1109
1050	1040	979	1024	952	899	1002	1014	1025	1047	1035	1034	1066	1096	1123	1111	1104	1080	1043	1065	1077	1054	1083	1204	1181	1113	1117	1121
1031	1040	974	1018	974	904	988	1022	1025	1040	1035	1037	1070	1109	1116	1117	1112	1083	1066	1068	1072	1060	1086	1200	1155	1120	1121	1128
1012	1045	969	980	965	941	964	1014	1048	1015	1004	1052	1088	1102	1107	1119	1095	1072	1067	1069	1060	1015	1082	1211	1171	1135	1129	1132
986	1053	986	971	975	787	950	992	1043	990	994	1029	1068	1106	1110	1090	1041	1057	1062	1066	1058	1029	1058	1239	1220	1159	1166	1145
940	1038	1015	940	1000	948	886	918	1028	986	956	979	1035	1058	1051	1002	973	1057	1068	1056	1062	1027	1044	1208	1361	1236	1149	1129
922	977	1050	975	929	978	964	1021	1015	949	929	937	953	961	953	928	937	994	983	934	956	995	1065	1183	1394	1415	1033	1034
926	924	1003	1035	965	934	973	992	966	942	943	929	918	925	928	930	934	920	911	943	990	1020	1102	1214	1351	1506	1298	1022
923	923	923	989	1001	954	937	924	929	942	976	996	972	955	976	977	983	985	985	1038	1037	982	1121	1286	1400	1263	1436	1190
922	926	925	920	936	944	970	972	950	934	974	1039	1065	1053	1044	1038	1034	1055	1067	1067	1011	996	1048	1309	1322	1217	1296	1333
915	922	924	920	921	917	923	948	948	929	934	963	981	1015	966	960	1016	1061	1064	1052	1050	1040	980	1066	1124	1092	1108	1173
930	913	922	922	919	922	917	915	914	922	920	919	920	935	932	1034	1068	1061	1065	1054	1066	1023	1028	1060	1034	999	1010	1160
923	918	919	922	920	925	922	922	922	920	918	920	919	925	933	982	1040	1052	1060	1059	1065	1044	1038	1077	1069	1021	1032	1150
571	968	911	917	922	921	924	922	921	924	923	920	920	926	922	930	1004	1062	1060	1064	1064	1059	1054	1076	1072	1051	1045	1101
85	810	954	915	917	921	917	922	923	920	918	920	918	926	923	924	946	1034	1053	1052	1068	1057	1065	1081	1068	1061	1052	1081
5	183	852	963	915	914	917	924	919	917	921	921	923	924	919	920	920	946	1009	1040	1066	1060	1066	1074	1073	1081	1052	994
79	31	163	746	972	930	913	917	919	921	921	920	926	924	925	930	929	924	937	951	990	1050	1075	1073	1069	1038	994	984
63	71	45	78	482	886	975	941	918	916	915	919	925	923	924	922	918	925	924	921	920	948	984	1003	1011	948	663	391
59	64	67	58	31	163	505	812	954	973	953	942	936	936	949	962	951	915	909	926	939	940	913	816	559	195	6	0
38	57	66	62	65	47	28	84	259	498	696	802	835	809	720	548	333	189	155	170	201	206	147	52	0	9	30	32
290	90	33	53	63	63	64	57	40	30	55	104	129	104	46	2	0	11	11	9	8	9	14	26	35	32	32	30
379	484	368	138	37	45	63	66	68	69	67	65	62	67	72	74	64	56	50	42	35	33	29	29	28	29	28	26
95	130	308	481	433	227	77	39	55	67	68	71	68	68	69	70	73	76	80	78	76	71	68	64	57	54	50	47
119	120	100	113	232	416	488	371	193	72	40	50	63	70	69	69	71	69	71	70	71	73	74	76	77	77	80	79
118	116	117	122	110	99	144	281	434	475	388	240	114	51	39	48	61	68	72	73	72	71	72	70	73	69	69	71
112	115	117	118	120	120	118	106	103	145	258	384	467	460	367	248	145	76	44	32	37	54	65	72	72	71	73	74
154	114	121	119	117	117	118	119	122	121	111	104	115	167	262	371	449	477	467	436	334	198	110	77	69	69	70	71
1054	1040	960	1016	827	779	874	895	1016	1062	1065	1063	1051	1064	1059	1050	1019	973	937	942	946	946	964	997	1059	1170	1227	1188
1044	1011	942	1023	971	871	938	1005	1013	1071	1068	1063	1061	1055	1048	1028	968	931	996	1054	1062	980	920	1014	1146	1202	1112	1090
1037	1006	931	1001	1001	926	1033	1050	1057	1064	1067	1062	1048	1035	1040	999	954	990	1070	1074	1077	1039	966	1058	1210	1092	1109	1114
1025	1033	932	973	1020	885	885	1030	1049	1060	1055	1042	1021	1041	1022	977	969	1046	1071	1073	1070	1039	955	1153	1137	1085	1101	1100
995	1051	952	931	982	992	890	948	1068	1062	1051	1030	1004	984	970	951	1006	1067	1069	1071	1046	994	978	1249	1139	1125	1120	1098
961	1058	999	918	944	973	996	983	1005	985	1007	998	969	941	941	941	1026	1072	1071	1067	1062	1008	1044	1261	1235	1232	1159	1071
932	1001	1045	965	923	943	961	947	969	967	966	946	932	925	929	926	980	1035	1012	1007	1029	986	1090	1191	1223	1099	1079	1097
930	933	1007	1017	950	918	934	933	950	988	999	1000	989	951	933	927	922	924	913	924	972	1049	1143	1155	1387	1174	978	1035
931	925	933	980	972	932	924	925	933	982	1021	1030	1049	1067	1044	995	961	941	923	970	1044	1092	1177	1265	1505	1465	1203	1015
925	929	918	922	931	931	932	929	925	945	1002	1058	1053	1069	1088	1085	1046	976	972	1010	1024	1036	1136	1393	1498	1374	1488	1227
916	926	917	917	918	920	923	923	923	922	932	959	995	1023	1052	1061	1012	1003	1058	1061	1014	984	1026	1154	1185	1208	1314	1397
915	920	925	920	923	919	920	924	916	916	914	910	917	959	955	975	1038	1050	1065	1044	1022	1008	1011	996	1041	1018	1065	1271
916	916	922	925	922	923	919	923	922	921	919	917	923	938	932	979	1048	1052	1059	1034	1057	990	1022	1007	992	967	983	1232
953	910	916	923	920	922	917	919	923	918	920	924	923	936	922	937	988	1059	1057	1058	1071	1006	1045	1053	1017	960	1001	1212
745	949	911	914	918	916	918	919	918	920	922	923	928	930	918	923	937	1035	1054	1063	1066	1048	1065	1076	1037	998	1042	1198
182	903	935	914	918	922	918	920	921	919	918	925	926	922	919	922	924	985	1031	1051	1064	1061	1072	1076	1062	1027	1037	1101
0	320	939	938	913	916	920	917	920	920	924	927	920	920	917	919	920	930	982	1044	1068	1065	1075	1072	1075	1072	1053	1008
75	21	320	890	961	917	914	921	917	919	928	923	922	919	920	922	922	924	927	958	1008	1066	1074	1072	1081	1057	988	961
62	70	30	195	707	969	961	927	914	918	920	923	924	923	924	927	923	921	918	919	923	965	1002	1012	1013	993	910	788
60	65	69	43	55	307	662	903	977	955	927	920	918	919	918	927	953	981	978	956	951	952	949	919	790	481	154	26
37	59	65	64	60	34	31	148	413	704	896	966	969	962	960	918	762	492	281	212	219	243	230	150	40	0	11	29
277	82	32	55	64	61	62	50	25	36	144	322	460	487	408	236	51	0	0	4	8	5	7	17	29	34	32	35
396	491	358	126	35	45	61	65	67	68	53	40	34	42	45	47	55	56	47	41	36	33	30	31	29	29	27	28
91	137	323	492	428	217	68	37	54	69	69	72	69	69	70	73	74	74	76	76	74	69	65	60	56	51	48	45
115	115	97	112	242	430	491	365	184	67	41	51	65	69	70	71	70	70	70	70	72	73	75	77	78	77	79	82
115	114	118	120	108	97	149	291	443	477	381	230	108	50	39	49	60	69	72	73	72	70	71	70	72	70	71	72
113	114	116	117	117	121	118	105	101	150	266	393	472	456	357	239	136	73	42	31	41	57	68	71	72	71	72	72
144	110	120	117	118	117	117	118	121	118	109	103	117	175	272	382	453	477	465	424	316	179	100	73	68	69	69	70
1040	1024	922	967	807	861	920	913	1039	1025	1016	1053	1020	996	985	1024	1068	997	987	994	948	943	974	1017	1020	1082	1156	1162
1035	987	909	955	985	867	820	880	1029	1044	1047	1059	1058	1062	1055	1071	1017	1006	1067	1075	1053	936	938	978	1085	1209	1140	1118
1034	993	917	905	1001	1057	1028	1000	1050	1053	1054	1067	1074	1073	1076	1058	1013	1062	1075	1069	1079	1002	936	1050	1216	1143	1126	1141
1010	1037	936	890	946	1007	1001	1044	1044	1049	1059	1059	1067	1071	1069	1026	1037	1078	1076	1070	1052	1019	1003	1173	1158	1130	1149	1153
965	1059	998	920	925	1017	1018	994	994	1018	1050	1059	1050	1011	992	981	1065	1071	1068	1067	1030	980	1004	1208	1177	1164	1178	1171
935	1001	1041	979	928	958	1081	1143	1068	966	968	1010	987	938	929	954	1058	1067	1065	1066	1039	993	980	1087	1209	1216	1177	1147
934	928	985	1002	960	922	952	1111	1228	1208	1087	975	927	915	918	923	953	954	960	1023	1037	999	982	1010	1045	1105	1155	1153
934	922	924	947	950	928	919	941	1083	1193	1218	1211	1172	1055	961	929	922	918	953	1058	1058	1034	1067	1185	1228	1030	1020	1055
929	926	919	921	921	923	922	920	911	979	1122	1173	1150	1200	1221	1156	1044	999	1005	1010	1014	1011	1169	1361	1562	1295	1010	1037
919	928	919	919	913	920	920	918	919	909	933	1086	1184	1116	1116	1198	1214	1013	962	971	988	978	1170	1407	1454	1348	1166	1006
916	925	921	918	923	922	922	915	920	919	914	912	990	1154	1148	1128	1201	1083	997	1028	1023	951	1156	1316	1237	1249	1349	1096
916	918	924	919	924	916	922	919	920	915	915	918	912	930	1098	1161	1196	1129	1034	1047	1021	939	995	1052	1051	1078	1196	1238
926	916	920	920	920	919	918	919	916	916	916	917	918	919	952	1101	1155	1113	1049	1038	1024	957	984	999	980	948	998	1191
969	918	914	921	916	922	916	913	915	913	913	916	920	924	925	944	1053	1080	1039	1051	1046	985	1064	1044	1012	948	1024	1223
729	974	919	918	918	915	917	918	913	914	914	918	918	919	923	913	936	1028	1046	1068	1054	1039	1075	1061	1029	963	1050	1218
167	903	958	922	920	917	914	914	915	915	914	917	919	916	918	919	911	965	1015	1055	1061	1060	1071	1072	1024	1018	1035	1108
1	303	946	962	927	917	914	917	921	918	915	916	913	917	919	921	919	924	993	1046	1064	1067	1067	1075	1056	1048	1035	1035
79	24	310	897	987	936	923	918	916	919	925	921	918	917	914	912	916	919	923	976	1038	1073	1070	1070	1078	1075	1020	952
65	73	35	198	717	984	984	941	920	920	925	921	921	920	921	922	924	928	922	924	933	984	1025	1034	1034	1019	985	938
66	66	69	46	60	308	672	923	994	969	934	920	917	917	922	922	921	939	970	951	947	968	973	972	923	714	360	174
42	62	66	68	62	35	37	167	435	733	927	990	977	954	948	954	968	858	520	215	178	298	343	283	139	4	0	7
278	86	37	58	68	66	67	53	30	50	171	401	632	769	805	733	513	214	43	8	0	0	0	3	15	30	30	29
391	491	355	125	38	48	63	66	68	67	52	32	32	59	76	54	26	32	42	43	38	38	36	36	31	31	29	28
94	140	325	488	422	212	67	40	53	67	69	71	69	67	66	68	72	77	76	76	72	68	63	61	55	50	47	43
119	118	102	116	246	434	484	356	177	65	39	51	66	70	68	69	72	69	68	72	72	75	78	79	78	79	79	82
116	117	120	120	110	100	153	297	443	473	374	223	103	48	39	49	63	71	72	74	73	72	72	73	71	71	71	71
116	120	118	117	118	120	117	105	101	154	270	396	471	452	351	235	132	72	41	35	44	60	68	75	72	72	71	71
150	114	119	119	118	117	120	120	121	120	111	102	116	178	275	386	456	476	464	418	305	173	96	73	68	68	68	69
1035	989	928	916	973	1019	974	984	964	1017	977	1010	1032	1037	975	993	1008	995	1031	1037	949	1018	1054	1057	1023	1074	1133	1133
1032	977	994	948	927	988	1011	1046	1053	1040	1013	1014	1043	1046	1011	1032	1034	1070	1072	1073	1006	972	1029	1057	1137	1182	1171	1168
1013	1007	1036	1133	998	952	1010	1038	1064	1040	1004	1003	1035	1046	1046	1026	1064	1069	1072	1073	1066	989	1007	1128	1169	1150	1127	1124
961	1023	1010	1184	1248	1122	990	971	1039	1038	1018	1005	1011	1025	1048	1048	1074	1075	1074	1065	1054	988	1064	1169	1146	1124	1122	1128
939	974	985	1009	1222	1304	1238	1063	950	980	990	1004	994	966	966	1045	1079	1071	1067	1063	995	972	1135	1205	1158	1125	1138	1139
940	925	945	945	960	1115	1218	1233	1197	1027	938	947	945	926	919	957	1011	1030	1059	1049	987	1004	1173	1203	1186	1145	1149	1162
937	923	920	923	915	913	1014	1112	1145	1209	1175	1048	964	919	906	915	916	918	1005	1034	1049	1146	1211	1199	1191	1179	1159	1164
930	929	920	916	916	911	913	993	1063	1076	1128	1190	1171	1111	1002	921	904	918	991	1220	1238	1122	1130	1220	1270	1109	1088	1093
924	926	918	919	913	913	910	930	963	1027	1044	1083	1109	1122	1206	1208	1091	968	1031	1185	1125	1078	1105	1139	1333	1191	982	1034
925	922	922	920	910	910	915	917	919	940	999	1037	1092	1099	1045	1133	1270	1101	1006	1058	1053	1070	1192	1443	1536	1477	1057	1015
923	917	919	917	912	913	914	914	915	915	920	953	1008	1094	1118	1056	1158	1192	1011	982	963	972	1239	1563	1360	1321	1286	1080
920	916	919	918	914	912	915	917	916	917	917	914	933	1002	1143	1129	1133	1176	1023	952	965	970	1158	1213	1117	1171	1269	1265
884	917	918	915	915	912	913	915	915	915	919	919	917	934	1046	1202	1127	1151	1072	1003	978	988	1073	1032	981	1038	1157	1241
704	893	909	916	917	915	915	913	914	916	918	919	918	909	941	1168	1173	1141	1098	1046	989	1001	1061	1029	968	968	1006	1174
299	796	861	907	921	918	918	919	919	916	916	922	916	913	933	971	1130	1143	1093	1064	1016	1032	1072	1059	1026	949	977	1146
22	447	784	830	912	923	915	919	922	926	926	924	923	927	934	929	990	1097	1055	1058	1041	1064	1077	1071	1043	1010	995	1098
20	53	466	731	788	890	928	924	921	920	921	919	927	936	931	928	928	977	1024	1047	1067	1076	1075	1064	1042	1064	1013	1049
75	49	63	378	630	715	834	922	932	923	918	919	926	921	919	918	923	919	943	1000	1063	1080	1074	1079	1076	1075	1013	964
63	71	64	57	237	494	628	721	847	928	936	927	922	922	921	923	924	925	928	931	966	1023	1058	1071	1065	1033	979	964
60	61	63	64	53	111	287	458	562	667	789	884	928	942	941	937	933	932	940	956	945	974	988	983	978	939	820	722
43	62	64	64	65	57	49	89	191	323	442	534	624	717	791	840	884	922	919	767	438	304	505	623	562	349	122	30
268	77	34	56	65	64	65	61	50	56	91	154	214	266	317	345	345	295	201	114	77	4	0	18	40	34	45	50
405	491	347	118	37	51	65	66	68	68	64	59	61	63	61	48	27	13	10	9	14	19	28	30	34	33	32	31
93	142	334	496	419	205	64	40	55	66	69	71	74	68	70	71	76	82	80	76	70	67	61	57	53	47	43	40
117	116	99	116	250	441	483	349	170	64	40	51	64	71	70	70	72	71	69	71	73	75	79	80	80	80	79	79
117	118	119	120	109	98	154	298	448	474	372	216	99	46	39	52	64	69	72	72	73	71	72	72	75	72	72	72
116	117	116	116	117	118	119	105	103	156	280	404	477	449	347	227	125	67	40	33	45	60	69	74	73	72	75	73
140	113	119	117	117	115	119	117	118	117	108	102	118	183	284	392	459	477	467	414	289	157	89	71	68	69	70	71
1035	1172	1189	974	933	1036	937	831	781	865	1024	1016	959	970	960	1017	1046	1060	1067	996	1007	1065	1061	1108	1133	1012	1044	1069
1011	1277	1315	1174	970	973	999	963	950	1022	1048	987	975	955	997	1049	1071	1074	1077	1064	1008	1058	1062	1045	1038	1092	1120	1116
950	1161	1391	1230	1180	1001	985	1039	1049	1061	1035	1005	996	1001	1032	1058	1066	1061	1073	1076	1029	1021	1032	1123	1184	1196	1159	1144
952	939	1145	1261	1183	1208	1081	958	1023	1055	1060	1026	1008	1013	1011	1074	1071	1068	1069	1058	1005	940	1058	1286	1279	1148	1125	1127
959	925	924	1035	1117	1124	1215	1167	1013	973	988	1002	987	948	942	1033	1063	1073	1067	1031	953	925	1145	1384	1239	1121	1136	1136
952	929	919	920	991	1044	1050	1131	1202	1113	991	958	941	917	915	923	946	1015	1057	1019	935	1002	1278	1272	1156	1130	1140	1139
946	931	921	915	917	993	1046	1012	1037	1158	1209	1125	1057	988	925	910	906	941	1008	940	1019	1283	1248	1163	1172	1173	1132	1103
949	929	920	914	912	924	991	1045	1055	1046	1071	1157	1155	1147	1110	1032	974	951	955	1043	1195	1117	1067	1169	1179	1172	1145	1098
916	928	923	910	914	918	926	984	1046	1060	1036	1033	1113	1109	1171	1286	1296	1109	1122	1176	1099	1043	1048	1124	1062	986	1076	1091
815	936	921	912	914	920	915	912	945	1009	1050	1049	1031	1119	1082	1100	1224	1199	1140	1135	1100	1094	1122	1187	1265	1080	992	1058
638	937	916	917	915	915	913	915	917	918	957	1013	1033	1047	1137	1088	1162	1187	1095	1125	1057	1062	1293	1479	1504	1259	1029	1028
423	876	921	915	911	912	916	918	914	913	914	944	1020	1042	1106	1114	1116	1179	1037	1066	1040	1113	1358	1464	1528	1354	1131	1050
221	679	933	911	915	916	916	916	915	916	920	923	952	1012	1076	1139	1083	1138	1122	1015	980	1089	1363	1394	1376	1318	1178	1149
65	405	835	929	917	918	917	915	915	916	918	919	938	965	1023	1209	1083	1104	1141	1045	957	1005	1149	1112	1008	980	1025	1091
6	170	552	895	929	920	923	924	918	915	917	919	930	969	997	1159	1187	1081	1128	1109	996	990	1048	1026	1009	960	982	1059
19	26	281	633	913	930	925	928	930	930	924	923	925	950	997	1009	1155	1149	1135	1105	1015	1039	1071	1074	1054	991	966	1047
31	10	64	346	650	893	936	924	924	926	926	927	930	935	938	955	1009	1177	1147	1055	1051	1070	1073	1064	1058	1047	1032	1084
75	63	24	84	338	611	839	932	928	922	923	928	935	930	922	926	920	977	1051	1032	1071	1079	1076	1069	1073	1061	988	1021
66	68	75	52	81	272	528	750	884	930	931	929	929	927	924	925	928	923	923	945	995	1049	1071	1081	1073	1036	981	946
61	61	63	68	67	66	163	371	596	761	866	916	931	933	933	928	930	932	933	935	944	958	992	993	977	975	979	972
43	63	65	64	65	65	57	68	155	332	524	682	790	851	885	906	916	923	934	961	966	802	743	834	892	823	608	518
267	78	36	57	66	64	64	65	55	52	85	176	314	458	578	663	712	747	772	790	787	599	321	173	162	143	87	74
409	490	341	113	35	49	66	67	68	69	64	57	51	63	106	165	217	253	264	253	235	191	100	45	39	42	44	43
95	143	335	491	414	202	63	36	56	67	69	70	71	69	64	60	58	58	58	56	49	48	51	52	50	46	43	41
118	116	98	117	253	440	479	345	165	61	39	52	65	72	72	73	71	70	70	72	75	76	77	78	78	81	80	81
116	115	117	119	108	99	157	305	451	471	368	212	97	48	40	52	63	70	72	73	72	71	70	70	71	72	72	73
115	117	115	116	117	120	116	102	103	159	282	410	478	447	342	220	122	64	38	33	44	60	70	72	73	72	74	73
140	113	117	117	116	116	117	119	120	118	107	104	123	186	290	398	465	478	464	406	277	147	85	69	67	68	70	72
