23	24	23	23	25	24	24	24	23	22	25	24	22	24	22	23	23	24	24	25	24	23	23	25	25	22	24	24
23	23	24	24	24	24	24	23	24	23	23	24	24	24	24	24	21	23	23	24	25	23	24	25	23	23	24	23
22	23	24	24	24	24	24	24	25	25	24	22	24	23	24	24	23	23	24	24	23	24	25	25	25	23	24	23
23	23	24	24	24	24	25	23	25	24	24	23	23	23	24	24	22	23	25	25	24	24	23	24	24	25	24	23
24	23	24	23	23	24	25	25	24	25	24	23	23	24	24	23	23	23	24	23	24	24	22	23	25	24	24	24
24	23	24	24	24	23	25	24	25	25	23	24	24	25	24	23	24	24	24	24	24	23	23	24	24	24	26	25
25	23	23	24	24	25	24	24	24	26	24	25	24	26	26	24	24	24	22	24	24	24	24	24	27	25	26	24
23	23	23	24	23	23	24	25	25	24	24	24	25	25	25	26	27	27	25	24	24	25	23	19	21	20	20	22
22	21	22	23	22	22	22	23	24	22	22	23	21	22	24	27	22	10	0	0	0	5	20	33	44	49	39	22
24	22	22	22	23	24	22	22	22	20	20	22	22	20	5	0	8	108	253	405	533	632	697	738	750	753	725	664
23	21	22	22	21	22	23	23	23	22	23	22	1	0	127	420	703	871	947	967	968	963	957	958	955	949	956	966
24	23	22	25	24	24	24	25	24	26	16	0	161	581	889	978	962	941	926	920	920	924	955	1021	1076	1034	997	1074
25	23	23	23	24	24	24	27	28	0	39	470	900	975	936	925	921	922	940	984	1014	1026	1034	1075	1134	1136	1070	1115
23	22	22	22	22	22	24	27	0	133	713	984	942	928	926	936	1023	1117	1075	971	891	845	810	833	997	1099	1030	1049
23	23	22	23	23	24	26	0	207	831	967	924	925	951	1001	1017	1027	744	391	255	238	204	166	146	352	444	637	814
24	23	24	24	24	28	0	221	879	961	926	956	1038	975	662	360	215	147	109	120	126	117	126	133	197	250	532	778
26	24	24	25	29	2	152	857	957	926	1006	1105	753	275	113	132	138	147	119	155	129	142	141	149	245	479	784	956
25	24	25	27	16	45	741	970	913	1034	1180	615	120	105	157	156	124	170	125	127	116	151	144	179	456	857	1021	987
26	25	26	28	0	479	981	921	1018	1206	648	88	136	134	130	146	114	136	161	134	127	177	137	334	795	970	928	986
26	26	25	9	141	895	936	960	1147	690	115	137	128	119	139	135	115	141	137	237	159	148	149	665	982	1009	986	1019
26	27	28	0	511	977	932	1050	784	134	117	146	154	163	166	174	125	207	152	235	225	130	398	952	1079	1121	1091	1058
27	27	18	74	824	947	972	990	271	103	161	173	141	175	162	191	140	165	219	210	247	312	737	1073	1081	1094	1104	1042
27	29	1	273	957	942	1030	779	110	162	145	136	147	128	177	167	161	135	135	183	234	496	869	1113	1093	1100	1104	1069
28	28	0	496	977	970	1115	627	97	139	143	136	137	131	121	117	144	134	135	149	198	356	621	1146	1111	1110	1105	1094
28	26	21	711	962	991	1245	557	107	148	143	142	133	133	136	124	150	156	164	187	221	150	364	1078	1119	1111	1105	1088
28	16	113	868	948	1047	1304	471	134	197	151	142	135	138	133	144	153	170	166	182	170	179	178	830	1140	1108	1103	1075
29	0	275	954	955	1097	1191	308	143	161	186	173	127	138	157	177	145	167	171	159	172	173	175	393	1085	1117	1096	1065
30	0	453	974	967	1099	945	196	149	161	171	216	169	142	146	186	149	164	168	158	162	173	210	199	918	1098	1076	1092
24	24	25	24	24	25	25	24	25	24	25	24	22	23	23	24	22	23	25	23	24	23	23	24	24	25	24	25
23	24	24	24	24	25	25	24	26	25	25	25	24	24	23	25	22	24	24	22	24	23	25	24	23	26	25	24
23	24	24	23	23	24	24	24	25	25	27	24	24	23	23	23	23	25	23	24	23	22	23	25	24	23	24	25
23	24	24	23	23	25	24	23	25	25	26	24	26	24	24	22	24	23	25	24	24	24	22	24	24	25	26	23
25	24	24	24	24	23	24	24	25	26	26	24	24	23	24	24	24	24	25	24	23	24	24	25	25	23	25	26
25	23	24	24	23	25	23	23	25	26	26	26	24	25	23	24	23	25	24	24	23	24	24	25	25	24	25	23
26	24	24	24	24	25	23	23	24	26	25	26	25	24	24	24	24	25	23	24	24	24	24	26	26	25	26	24
25	23	24	23	24	25	24	24	23	24	25	25	25	24	22	24	27	27	26	22	18	12	5	2	2	2	3	6
25	23	24	23	22	23	23	24	24	23	24	23	22	23	23	25	12	0	0	3	36	94	158	213	252	255	227	178
25	23	24	23	23	24	22	22	23	24	24	25	24	22	0	0	71	252	459	640	768	854	902	929	946	949	935	912
25	24	24	24	23	23	25	24	24	24	27	24	1	12	225	569	836	953	970	962	946	946	960	967	950	955	977	970
25	25	24	25	25	24	24	25	24	27	15	0	220	673	938	975	948	944	920	918	950	1015	1088	1115	1062	1023	1122	1136
23	24	23	24	23	24	24	25	28	1	51	523	931	971	932	915	916	949	972	978	1010	1024	1107	1156	1093	1048	1088	1126
24	25	24	24	23	23	23	26	0	148	740	982	935	923	942	965	960	842	598	412	323	276	379	592	872	986	943	965
25	24	24	26	25	26	27	0	215	851	972	923	960	1052	1028	713	457	240	87	93	104	89	92	70	297	834	927	941
25	25	26	24	26	29	0	218	881	959	928	1058	1159	805	301	100	140	164	130	130	135	123	144	133	320	867	963	958
26	26	27	24	28	4	143	852	967	943	1120	1106	505	102	98	139	138	116	122	134	143	119	146	105	669	1014	952	952
25	27	27	28	21	35	722	978	946	1095	932	303	79	134	116	139	133	111	137	187	145	123	87	316	939	995	974	992
26	27	28	31	0	427	981	938	1032	809	184	106	142	149	130	112	169	124	153	197	142	128	126	742	996	968	974	1030
25	26	28	16	107	863	947	987	875	172	107	137	157	118	159	88	116	143	139	223	160	89	366	1002	1042	1002	1022	1079
27	26	30	0	449	978	948	1056	414	87	136	122	146	115	138	152	111	161	113	204	183	108	701	1061	1028	1033	1080	1116
28	26	21	50	790	955	1064	982	171	132	124	104	112	134	161	181	139	137	115	130	213	229	938	1121	1094	1107	1115	1121
26	26	1	246	950	971	1227	764	104	155	116	98	128	164	200	204	172	145	109	132	177	179	859	1135	1112	1114	1115	1116
26	27	0	494	982	1033	1288	512	124	159	95	104	135	197	226	203	182	141	127	153	169	130	551	1145	1116	1114	1113	1112
26	25	23	719	980	1089	1112	283	128	176	123	117	140	187	239	198	174	142	131	155	164	142	331	1090	1125	1117	1114	1113
30	16	120	878	978	1094	775	155	188	221	159	133	138	186	188	186	154	146	124	159	180	175	222	870	1142	1118	1116	1110
29	2	271	952	980	1054	456	141	160	181	212	154	152	181	156	155	122	146	159	141	177	196	163	440	1128	1123	1114	1114
28	0	429	975	981	1023	313	120	154	150	210	222	183	204	129	127	114	120	155	139	145	212	113	315	1055	1127	1114	1115
24	22	25	24	24	25	25	25	25	24	25	26	22	24	24	26	24	23	25	24	22	23	24	23	22	23	24	24
23	23	25	24	23	24	24	24	26	27	25	25	23	24	22	25	24	24	26	23	23	23	22	24	23	24	23	23
24	23	25	24	23	25	23	23	24	27	26	25	25	23	24	23	24	25	24	23	24	22	22	23	25	23	24	23
24	23	26	25	23	25	24	22	24	25	27	25	25	23	24	24	26	25	24	24	23	22	22	24	24	25	25	23
24	24	24	25	24	24	24	25	25	26	26	26	24	23	23	24	25	24	24	24	23	23	25	25	24	22	25	24
24	24	23	23	23	26	23	23	25	27	25	27	26	23	22	24	25	24	25	23	23	24	25	26	24	24	24	23
24	24	24	23	22	24	23	23	23	24	25	27	26	23	24	25	25	23	25	25	26	25	27	27	25	25	25	25
24	23	23	24	23	23	23	23	23	22	24	26	25	23	20	24	25	26	19	13	4	0	0	0	0	0	0	0
24	23	24	24	22	23	22	23	25	24	24	26	24	24	23	14	2	0	15	93	206	322	421	497	532	530	486	411
24	22	24	24	22	23	22	21	22	23	26	26	28	13	0	36	225	484	704	849	922	952	968	980	978	979	980	977
24	24	24	23	24	24	24	24	22	23	29	20	0	81	414	766	942	978	949	935	953	992	1019	1027	1035	1060	1076	999
24	23	25	25	24	22	23	23	22	26	3	25	386	826	974	950	929	935	959	1020	1092	1134	1116	1049	1050	1123	1140	1067
24	22	24	24	26	24	24	25	24	0	146	692	975	950	927	960	1004	1036	1043	1031	1056	1105	1117	1063	1018	1083	1093	1004
24	23	24	22	23	24	24	23	0	280	856	971	922	947	1058	1173	995	631	351	270	287	372	423	588	871	942	943	938
23	23	24	23	25	26	25	0	356	926	951	927	1032	1153	1032	645	212	74	100	98	94	80	83	89	241	838	934	932
24	25	26	23	25	28	0	336	941	948	963	1090	1003	558	179	77	106	127	129	145	134	133	126	122	335	908	937	947
25	26	26	25	27	0	217	911	951	991	1043	631	188	81	108	122	103	155	134	155	152	121	112	377	998	983	938	1036
23	26	27	27	16	64	784	969	967	988	398	82	108	112	104	137	109	92	145	138	118	106	201	852	1029	943	1018	1103
25	26	27	28	0	498	978	971	1053	435	58	141	163	188	213	224	234	134	102	119	114	102	325	1017	986	983	1073	1114
25	26	27	9	146	896	982	1155	744	69	96	204	366	440	485	505	458	337	167	105	118	89	467	1025	978	1014	1100	1114
27	27	28	0	506	985	1122	1150	274	79	155	335	531	682	760	754	670	526	331	174	109	99	754	998	955	1053	1110	1111
25	26	19	76	824	993	1248	737	99	127	248	467	664	793	881	918	841	665	417	201	100	148	967	1065	1075	1098	1113	1113
25	29	0	297	963	1044	1090	309	101	170	336	553	752	868	931	952	897	738	470	208	88	136	934	1118	1106	1111	1113	1114
26	27	0	547	997	1060	733	146	138	222	376	613	792	906	957	963	916	761	503	204	96	52	609	1135	1105	1112	1112	1114
27	24	36	745	992	1012	383	130	133	240	398	623	790	908	948	952	888	728	489	219	99	76	217	946	1133	1116	1113	1115
30	14	124	876	1001	959	221	160	195	260	418	603	762	867	920	909	824	663	438	207	123	95	91	626	1137	1110	1113	1110
25	4	228	938	1004	971	241	164	139	197	346	533	693	788	835	814	716	557	350	174	144	130	106	569	1120	1110	1112	1110
24	7	336	969	1012	1075	421	135	146	135	274	444	584	671	712	674	577	414	235	122	116	138	111	450	1106	1120	1114	1116
24	24	23	24	25	25	25	25	25	25	26	26	25	25	25	26	25	24	26	26	23	24	25	24	25	25	27	25
23	23	24	24	23	24	24	23	26	27	26	26	25	26	25	26	25	25	25	24	25	24	24	23	25	25	26	26
24	24	23	25	23	24	23	23	24	26	26	26	26	25	27	27	26	27	23	24	25	24	23	25	24	24	26	27
25	24	25	25	25	24	24	23	24	24	26	26	26	26	26	26	27	26	25	26	26	24	23	24	25	26	26	26
25	25	24	24	25	26	24	24	25	25	25	26	25	26	26	28	27	24	25	24	25	25	26	26	26	25	25	27
25	23	24	24	24	25	24	23	25	26	25	25	26	26	27	28	25	26	26	25	26	25	26	27	27	28	27	29
26	24	23	24	25	24	24	24	24	25	26	24	25	25	28	26	25	25	26	27	28	26	23	21	21	22	25	29
24	23	23	23	24	24	23	24	25	23	24	25	25	26	26	26	27	20	5	0	0	10	36	56	61	46	21	4
24	22	22	23	25	25	24	24	25	24	23	23	25	27	24	3	0	29	160	349	525	658	742	787	801	779	707	606
25	22	23	23	24	25	24	24	25	26	27	28	25	2	4	169	479	757	907	959	966	975	991	1004	992	989	993	976
25	24	22	22	25	25	24	24	25	28	29	7	6	233	643	918	974	947	935	967	1025	1048	1073	1111	1115	1089	1099	1032
24	23	24	22	24	25	25	25	28	25	0	146	618	939	967	930	936	1007	1070	1111	1152	1086	1023	1075	1151	1135	1064	1036
25	23	23	22	24	25	24	27	16	6	369	875	976	933	940	1064	1282	1240	1152	1111	1088	1045	1002	1005	1057	1034	984	966
25	24	24	23	24	25	27	12	30	543	965	948	925	973	1126	1335	1084	627	408	361	389	467	624	848	952	913	926	932
26	24	23	23	24	28	15	31	609	986	937	967	1049	969	722	483	216	70	96	98	85	83	70	227	717	921	917	935
25	25	25	23	24	24	8	567	984	940	1022	1014	581	193	91	66	90	132	111	161	153	129	89	254	702	908	934	952
24	25	24	24	25	0	399	973	944	1042	907	284	68	135	219	246	201	161	83	76	87	109	111	766	990	930	946	1034
22	25	24	26	2	166	891	970	1140	903	227	229	384	524	632	670	627	458	251	107	61	67	175	965	1000	953	1030	1107
24	26	26	22	10	652	973	1177	1051	221	278	702	842	937	989	1002	970	848	577	306	127	97	211	963	972	992	1102	1111
23	26	27	1	261	945	1048	1176	361	193	641	969	1080	1103	1116	1118	1106	1063	902	586	321	171	400	990	962	1065	1114	1109
24	26	25	5	653	988	1120	620	138	497	887	1065	1116	1126	1123	1120	1126	1117	1060	883	604	396	728	994	1018	1104	1107	1109
24	26	10	155	905	1017	891	153	265	700	1006	1106	1126	1120	1116	1112	1116	1127	1098	909	558	360	823	996	1060	1104	1106	1108
25	27	0	408	990	1033	531	89	397	824	1062	1122	1123	1116	1112	1109	1113	1122	1107	941	568	262	421	974	1093	1110	1110	1109
26	26	3	639	994	994	288	139	488	901	1081	1126	1121	1115	1109	1107	1112	1121	1110	964	614	303	233	795	1108	1123	1115	1114
23	19	64	800	1015	980	248	134	484	918	1083	1123	1120	1113	1110	1110	1114	1120	1106	965	623	344	259	601	1076	1129	1132	1126
22	17	153	900	1038	1049	334	184	489	897	1073	1117	1120	1113	1111	1116	1119	1123	1098	944	646	439	448	707	1019	1045	1086	1093
22	23	240	953	1050	1192	401	149	445	822	1046	1107	1121	1118	1120	1120	1121	1119	1071	847	508	401	557	922	1081	1082	1066	1055
32	28	326	981	1059	1291	428	133	358	713	986	1086	1115	1121	1121	1120	1118	1090	991	691	351	251	370	867	1128	1108	1114	1103
23	24	23	23	24	24	23	25	25	25	25	24	24	25	24	26	26	26	25	25	24	24	23	25	26	26	24	26
24	24	23	23	23	24	24	24	25	24	25	24	25	25	25	26	26	26	24	25	24	24	24	24	26	26	26	26
24	24	22	24	23	24	24	24	23	25	25	24	24	25	27	25	28	27	26	24	25	25	24	25	25	25	27	27
25	25	24	23	25	23	24	24	23	25	24	25	24	25	26	28	26	25	26	26	26	26	26	24	26	27	25	27
24	24	23	23	25	24	23	25	23	23	23	26	25	27	26	28	27	27	26	26	26	26	27	26	27	26	27	28
24	22	23	23	24	23	23	24	25	22	22	24	26	25	27	28	26	28	28	29	27	27	27	26	26	29	28	29
24	22	22	21	24	23	23	22	23	22	21	22	23	25	27	25	27	28	29	27	19	10	5	4	6	9	17	24
25	22	23	21	24	23	23	24	23	22	23	22	23	24	25	26	19	3	0	19	78	149	208	226	204	155	94	49
23	22	21	20	23	23	25	24	22	22	23	23	25	25	10	0	49	231	476	689	823	890	919	932	924	896	840	762
24	21	22	20	22	23	23	25	22	23	24	27	9	0	127	453	775	933	967	957	961	980	996	990	995	997	978	959
24	22	22	20	21	22	23	24	24	25	19	0	120	521	869	973	948	929	950	1021	1097	1115	1127	1112	1086	1092	1067	1042
24	22	23	22	22	21	22	22	24	6	24	403	854	976	939	924	956	1006	1094	1182	1176	1090	1099	1137	1126	1083	1053	1049
23	23	22	22	23	24	24	24	1	105	664	972	945	922	956	1026	1068	1036	1100	1092	1005	954	958	997	1023	999	978	956
22	22	22	21	21	24	27	0	166	798	980	930	945	1013	990	766	463	338	340	375	463	635	829	941	951	959	967	966
23	21	21	21	21	27	2	141	822	973	953	1028	1037	693	271	97	65	55	78	72	54	84	220	620	990	975	983	996
22	21	20	20	21	13	57	744	970	995	1106	960	409	199	332	403	394	251	158	128	107	159	188	445	961	980	1001	999
22	22	21	21	21	0	544	970	1031	1205	986	523	559	783	912	961	940	791	557	383	273	208	313	835	972	996	1002	986
22	23	20	25	0	266	940	1004	1202	771	713	981	1075	1118	1124	1126	1123	1101	983	782	553	437	547	964	987	1013	1001	1036
22	23	22	14	47	761	983	1129	721	568	1016	1135	1124	1114	1107	1104	1105	1116	1118	1033	853	697	747	975	1001	1008	1043	1082
23	23	23	0	401	977	1043	762	485	988	1131	1112	1097	1092	1093	1091	1090	1093	1109	1109	1055	944	938	998	1010	1038	1079	1099
22	23	12	59	794	998	1001	368	791	1118	1118	1098	1086	1086	1088	1086	1090	1088	1096	1109	1107	1087	1054	1024	1037	1072	1084	1102
22	23	0	300	956	1048	693	351	999	1127	1106	1093	1090	1089	1083	1090	1089	1090	1093	1112	1112	1055	1022	1042	1065	1087	1081	1090
23	21	9	572	1005	1072	449	525	1075	1121	1100	1091	1089	1089	1091	1092	1092	1092	1096	1111	1117	1048	952	1019	1078	1084	1080	1078
19	26	59	764	1026	1095	390	646	1097	1116	1096	1091	1091	1090	1089	1089	1095	1093	1094	1111	1118	1061	978	986	1080	1090	1083	1070
21	36	153	888	1074	1140	343	693	1106	1114	1093	1088	1090	1089	1089	1087	1092	1095	1096	1110	1119	1066	1031	1014	1044	1085	1088	1074
37	31	257	956	1109	1143	332	731	1100	1116	1098	1091	1090	1092	1094	1095	1091	1094	1099	1113	1123	1081	1064	1044	1010	1041	1078	1084
53	16	362	984	1107	1046	257	715	1087	1121	1101	1095	1093	1094	1097	1097	1093	1092	1099	1118	1105	1062	1060	1039	1076	1098	1098	1082
53	3	477	996	1090	861	213	624	1052	1122	1106	1095	1091	1091	1096	1096	1092	1091	1105	1119	1066	999	1016	1093	1113	1111	1119	1112
22	23	23	24	25	25	24	24	27	25	25	25	24	24	23	25	25	24	25	24	25	25	23	25	24	24	23	22
23	24	24	23	25	25	24	25	25	26	26	23	25	25	24	25	23	26	25	25	25	25	25	24	24	25	24	22
22	25	24	24	24	25	24	26	25	26	24	23	26	24	25	23	25	26	25	26	26	26	24	25	24	25	24	23
23	24	25	24	25	24	24	25	24	27	25	25	25	25	26	25	26	24	26	25	27	26	26	25	26	24	25	24
24	23	24	24	25	24	25	26	23	26	24	25	24	28	25	27	25	26	26	26	26	26	26	27	27	25	24	24
22	23	23	23	24	24	25	25	26	24	24	23	25	26	25	26	26	27	26	27	28	30	29	28	28	27	26	26
24	22	24	22	24	24	24	23	25	22	21	22	23	25	28	26	28	28	21	9	1	0	0	0	0	0	3	7
24	23	24	23	25	23	25	25	23	22	21	20	21	24	25	18	2	0	46	157	286	384	431	420	375	303	235	185
21	21	23	22	23	25	25	25	23	22	20	22	26	13	0	45	265	557	785	908	950	962	965	966	959	945	927	905
22	20	23	22	24	24	25	27	25	22	25	20	0	63	392	769	954	971	953	955	964	981	990	996	1007	989	967	953
22	20	21	21	23	23	26	26	27	25	2	19	345	794	972	955	935	975	1040	1080	1113	1118	1088	1094	1096	1080	1069	1054
24	21	22	21	22	22	22	25	25	0	139	671	966	953	927	946	1014	1068	1158	1159	1112	1089	1082	1091	1082	1062	1027	983
24	22	22	23	23	24	24	25	0	262	860	970	926	936	989	1044	937	901	1009	1004	973	975	996	1024	1035	1036	1024	1000
25	23	23	21	23	26	29	0	301	919	951	947	1009	1035	929	510	181	153	228	347	630	900	1021	1031	1048	1067	1073	1078
24	23	23	23	23	30	0	219	902	945	1007	1092	1135	797	385	401	525	469	379	377	456	649	910	1051	1077	1079	1080	1086
25	24	22	23	25	11	84	801	957	1041	1157	1105	900	821	990	1067	1062	992	887	822	742	809	913	1042	1089	1087	1084	1083
24	23	24	24	22	3	579	976	1022	1162	1141	1087	1087	1136	1129	1120	1116	1122	1116	1078	1012	957	1033	1077	1089	1094	1089	1080
24	25	24	25	1	297	947	994	1059	1016	1102	1111	1108	1097	1094	1093	1093	1094	1111	1121	1115	1100	1108	1091	1092	1092	1090	1082
24	23	25	13	86	801	994	1054	1014	1083	1110	1090	1088	1095	1094	1097	1093	1088	1097	1101	1117	1122	1116	1095	1096	1088	1090	1092
23	26	27	5	496	991	1043	989	1071	1119	1092	1092	1091	1095	1095	1098	1094	1088	1092	1097	1101	1114	1108	1095	1095	1087	1088	1096
23	26	19	134	868	1013	1032	909	1122	1096	1090	1092	1084	1091	1091	1096	1095	1090	1092	1096	1091	1098	1101	1097	1094	1089	1091	1090
23	29	15	427	989	1100	952	965	1125	1091	1094	1094	1086	1086	1076	1093	1093	1089	1089	1094	1096	1102	1104	1098	1092	1087	1092	1092
24	41	38	691	1025	1198	896	1049	1110	1091	1092	1096	1092	1092	1095	1091	1094	1093	1093	1095	1097	1102	1108	1099	1083	1086	1092	1092
32	51	102	855	1065	1185	807	1093	1102	1091	1091	1092	1093	1090	1090	1091	1093	1094	1094	1093	1095	1103	1107	1102	1093	1096	1095	1092
56	24	227	949	1085	1007	762	1124	1100	1093	1092	1082	1091	1093	1091	1091	1093	1093	1096	1099	1099	1104	1101	1098	1096	1101	1099	1092
55	1	378	989	1062	746	786	1133	1099	1093	1096	1089	1095	1095	1094	1087	1091	1093	1092	1088	1091	1104	1105	1104	1098	1099	1101	1093
31	0	522	995	1013	536	820	1129	1101	1092	1093	1095	1095	1093	1092	1090	1093	1093	1091	1089	1091	1098	1105	1106	1106	1112	1113	1104
28	0	645	999	953	366	801	1124	1107	1094	1095	1093	1093	1092	1093	1094	1093	1093	1093	1097	1105	1109	1103	1097	1105	1110	1113	1108
23	22	25	23	24	24	25	25	25	26	25	25	24	26	24	25	24	24	25	24	25	24	26	23	25	25	26	23
22	24	24	22	23	23	24	24	25	25	24	24	26	25	24	24	25	26	25	26	24	24	26	25	26	25	25	25
24	23	24	24	22	23	24	25	25	25	24	25	26	24	26	23	25	25	25	26	27	25	25	25	26	26	25	25
23	24	24	25	24	23	24	24	24	26	24	26	25	26	26	24	25	25	26	26	26	26	26	26	28	25	26	26
23	23	24	24	24	24	25	24	25	24	24	26	24	25	23	26	25	27	26	27	27	26	26	27	28	26	27	27
25	22	24	25	24	24	25	25	25	24	26	24	26	23	24	25	25	27	27	29	29	29	28	29	29	29	28	30
24	23	22	24	22	23	25	24	23	23	25	24	24	25	26	27	27	21	6	0	0	2	3	3	1	0	0	0
23	21	21	22	21	21	22	22	21	20	20	20	18	22	18	2	0	55	203	372	506	589	614	600	556	489	431	392
23	22	22	21	23	22	24	23	21	23	22	23	21	0	14	221	547	807	928	965	970	968	966	969	967	965	964	964
23	23	22	23	22	23	26	24	23	24	26	5	3	241	675	937	971	947	952	976	991	1014	1030	1031	1014	994	987	977
23	23	22	24	23	24	26	26	27	26	0	118	595	937	962	938	990	1038	1083	1105	1061	1041	1094	1087	1073	1074	1044	1009
24	23	22	22	22	23	25	26	23	0	293	847	976	928	940	1016	1122	1161	1142	1089	1062	1058	1059	1062	1055	1012	960	951
23	25	24	22	22	24	26	22	0	409	943	949	927	1010	1110	1120	1003	936	932	938	1019	1058	1068	1059	1063	1063	1067	1076
24	22	25	23	22	27	26	1	404	960	941	984	1170	1301	1099	782	640	610	675	846	1041	1079	1090	1095	1097	1096	1096	1096
25	24	26	22	23	27	1	279	932	944	1005	1170	1378	1142	936	998	1103	1085	1063	1075	1091	1111	1105	1093	1092	1088	1081	1093
26	23	26	23	25	14	127	832	959	1015	1096	1114	1135	1105	1119	1119	1107	1110	1110	1118	1118	1112	1111	1097	1094	1091	1081	1094
24	24	26	24	24	30	622	981	1013	1067	1084	1097	1094	1101	1099	1096	1094	1095	1094	1095	1101	1099	1101	1096	1096	1094	1088	1077
24	24	27	25	13	359	964	1013	1072	1095	1095	1095	1095	1095	1096	1095	1098	1095	1093	1092	1095	1097	1093	1092	1088	1093	1097	1081
26	24	25	25	140	853	1013	1067	1092	1101	1092	1092	1087	1093	1096	1094	1082	1090	1096	1095	1093	1091	1091	1095	1093	1059	1094	1095
25	24	31	32	579	999	1076	1100	1101	1092	1091	1089	1080	1096	1097	1093	1084	1092	1096	1095	1093	1095	1091	1084	1094	1075	1089	1092
25	24	42	197	919	1045	1182	1119	1090	1091	1092	1094	1094	1097	1083	1099	1099	1084	1095	1096	1090	1094	1093	1096	1094	1088	1099	1088
20	45	24	512	993	1157	1213	1105	1091	1093	1093	1094	1091	1076	1084	1093	1098	1089	1095	1101	1096	1095	1095	1093	1053	1047	1098	1092
27	67	35	772	1006	1160	1152	1095	1092	1091	1093	1093	1093	1087	1093	1091	1097	1097	1095	1099	1102	1096	1095	1094	1060	1054	1100	1098
61	29	136	905	1008	1086	1095	1097	1093	1094	1093	1095	1098	1094	1093	1093	1093	1089	1093	1097	1097	1093	1096	1097	1099	1094	1100	1101
65	0	298	973	1028	1016	1092	1095	1091	1091	1096	1088	1095	1099	1095	1096	1093	1092	1096	1096	1100	1086	1088	1099	1101	1085	1072	1086
29	0	461	996	1033	970	1108	1092	1095	1092	1095	1065	1088	1096	1084	1087	1095	1094	1096	1097	1100	1105	1102	1095	1099	1103	1090	1076
64	58	607	1003	1024	960	1117	1091	1086	1086	1087	1091	1092	1089	1075	1092	1092	1092	1093	1096	1092	1104	1112	1108	1100	1095	1099	1099
105	60	716	1006	970	873	1127	1094	1090	1092	1090	1092	1092	1090	1094	1094	1093	1095	1095	1094	1082	1094	1103	1105	1102	1094	1094	1092
22	24	25	22	24	23	25	24	24	26	24	24	25	23	22	26	24	24	24	25	25	24	24	23	26	25	24	26
22	24	24	24	23	23	25	26	24	24	24	24	26	24	24	24	24	24	24	26	26	25	25	23	26	24	24	27
22	23	24	23	24	25	23	24	25	26	23	24	25	25	26	23	24	25	23	24	25	24	27	26	25	24	24	27
24	24	24	25	23	24	25	24	24	24	24	26	22	25	26	24	25	24	25	25	25	26	25	26	27	25	26	25
22	25	24	24	24	22	24	26	26	23	24	25	23	25	23	24	25	25	26	25	26	27	27	27	29	28	27	27
24	24	25	25	23	24	25	24	26	24	25	24	25	24	25	23	25	25	27	28	27	26	24	25	25	27	27	29
23	23	23	25	22	23	23	25	25	23	25	22	25	24	26	26	20	4	0	0	4	21	33	30	22	15	9	8
20	20	20	21	21	18	20	20	18	20	19	18	19	20	4	0	27	179	377	551	664	725	752	747	709	666	625	593
23	22	22	23	23	23	23	24	21	23	22	25	13	0	111	447	764	927	969	967	964	961	953	950	949	957	962	964
23	22	22	23	22	24	25	26	26	26	25	0	62	471	871	977	951	951	978	1019	1039	1051	1040	1016	1010	1017	1012	999
24	24	24	25	23	24	25	26	27	23	0	259	794	980	936	948	1011	1061	1077	1074	1078	1090	1080	1059	1060	1028	988	964
23	23	23	24	24	24	24	29	19	5	452	943	956	927	985	1080	1117	1123	1078	1037	1045	1051	1043	1035	1010	991	997	1017
22	24	23	25	23	24	28	20	10	538	976	939	950	1038	1184	1143	1084	1046	1043	1060	1074	1086	1093	1096	1093	1097	1100	1099
24	22	23	23	23	28	23	0	493	979	932	973	1068	1235	1148	1076	1074	1086	1106	1107	1101	1097	1095	1095	1091	1096	1094	1090
25	24	25	25	23	30	0	336	956	942	998	1061	1107	1082	1081	1099	1095	1098	1100	1099	1091	1086	1094	1095	1093	1096	1096	1087
26	23	24	24	26	5	154	875	965	1014	1052	1073	1079	1096	1097	1093	1092	1089	1081	1091	1092	1079	1082	1085	1095	1097	1083	1084
24	25	25	25	20	30	684	983	1026	1063	1083	1089	1095	1099	1093	1090	1095	1088	1080	1094	1091	1086	1081	1080	1094	1097	1072	1071
25	23	27	26	3	433	981	1040	1094	1088	1094	1093	1092	1096	1090	1083	1095	1094	1089	1095	1091	1093	1095	1094	1075	1083	1060	1070
27	24	25	7	186	895	1028	1169	1116	1095	1092	1095	1091	1092	1094	1079	1087	1099	1095	1095	1094	1095	1094	1091	1073	1059	1094	1092
26	23	26	32	666	990	1152	1198	1089	1094	1093	1090	1075	1080	1098	1076	1079	1097	1095	1093	1094	1094	1096	1085	1073	1087	1097	1095
24	25	25	260	948	1033	1170	1114	1090	1092	1093	1095	1089	1086	1085	1080	1083	1089	1093	1086	1084	1090	1094	1091	1092	1094	1100	1097
25	43	25	577	997	1070	1098	1093	1092	1092	1095	1093	1097	1079	1066	1092	1093	1093	1093	1088	1082	1079	1085	1096	1088	1078	1096	1094
41	51	60	814	1001	1068	1088	1095	1094	1092	1093	1092	1092	1089	1093	1094	1095	1090	1080	1071	1068	1072	1086	1084	1088	1087	1096	1090
70	19	192	935	1029	1079	1092	1094	1093	1093	1093	1093	1093	1094	1095	1094	1094	1088	1076	1076	1075	1086	1096	1073	1067	1082	1085	1081
74	15	381	991	1051	1092	1095	1089	1089	1083	1083	1089	1095	1096	1100	1102	1103	1100	1093	1096	1097	1091	1096	1090	1070	1062	1080	1087
72	31	560	1018	1082	1104	1094	1091	1091	1089	1086	1062	1073	1093	1089	1094	1100	1107	1109	1106	1099	1096	1088	1092	1091	1084	1087	1086
93	79	699	1037	1163	1113	1091	1091	1088	1086	1091	1076	1066	1085	1061	1091	1094	1096	1101	1103	1086	1094	1096	1084	1089	1092	1092	1089
123	140	787	1066	1223	1112	1088	1089	1091	1092	1084	1078	1085	1089	1096	1090	1090	1093	1093	1094	1081	1073	1098	1094	1088	1089	1091	1085
22	24	23	23	26	24	24	23	24	26	25	25	25	25	24	26	23	24	25	24	26	24	24	25	24	25	25	24
23	24	23	23	24	25	25	24	23	25	25	24	25	24	26	25	23	26	26	25	25	25	25	25	25	25	23	24
24	25	24	23	24	25	24	25	25	25	24	26	24	24	25	24	24	26	25	26	26	25	26	25	24	25	24	25
24	25	24	24	24	25	26	25	25	26	25	27	24	26	25	24	26	26	26	25	26	25	25	25	26	25	26	23
22	24	23	24	23	23	25	25	24	24	25	25	23	27	22	25	25	27	27	28	26	27	29	27	28	27	27	27
24	25	24	25	26	26	24	25	26	24	25	24	26	24	25	26	26	28	27	27	25	23	22	20	20	21	21	22
23	24	24	23	24	26	25	25	26	24	25	24	24	24	27	29	16	0	0	0	14	40	60	71	73	74	69	63
20	21	19	20	21	19	21	21	19	20	20	20	20	18	0	0	75	259	454	615	717	779	814	829	824	818	806	793
23	23	23	22	24	23	24	25	24	25	26	26	2	7	227	589	852	952	972	964	952	948	941	937	937	942	948	952
23	23	22	23	23	24	25	25	26	28	20	0	177	654	942	970	950	962	987	1010	1014	1011	1009	1018	1028	1035	1028	1000
23	24	24	24	23	24	26	25	28	14	15	434	910	973	934	980	1046	1086	1097	1078	1072	1061	1066	1048	1015	982	966	948
23	24	24	25	25	24	26	28	11	54	617	982	939	953	1054	1121	1122	1111	1076	1043	1055	1058	1043	1032	1031	1044	1066	1078
23	24	23	24	24	26	27	15	59	676	982	935	970	993	1120	1138	1080	1058	1069	1086	1095	1096	1100	1099	1096	1102	1098	1095
24	23	23	23	24	25	25	30	612	985	937	991	1013	1006	1032	1078	1090	1101	1096	1096	1096	1090	1089	1090	1087	1098	1089	1095
25	25	24	25	25	26	13	427	973	959	1012	1040	1018	1024	1072	1098	1095	1094	1093	1092	1091	1091	1087	1084	1096	1095	1093	1094
24	23	24	25	25	22	203	909	977	1043	1059	1048	1058	1096	1099	1094	1094	1094	1091	1093	1090	1088	1069	1084	1098	1092	1085	1083
25	24	22	24	38	51	719	993	1074	1104	1085	1087	1098	1093	1090	1094	1097	1085	1088	1095	1094	1096	1062	1075	1098	1081	1082	1089
23	23	23	38	17	447	984	1075	1163	1109	1093	1096	1092	1094	1087	1091	1097	1089	1080	1094	1087	1087	1073	1072	1080	1055	1061	1095
25	21	35	37	184	904	1026	1169	1139	1086	1096	1095	1095	1091	1093	1095	1097	1095	1078	1074	1085	1086	1078	1062	1052	1044	1074	1079
21	29	59	22	679	1002	1082	1109	1069	1081	1093	1095	1093	1083	1088	1096	1098	1096	1087	1077	1061	1067	1088	1065	1057	1059	1088	1088
31	63	18	250	959	1030	1073	1084	1093	1093	1093	1095	1095	1076	1061	1060	1051	1075	1091	1094	1054	1048	1081	1088	1087	1088	1091	1093
69	55	10	603	1000	1063	1080	1093	1092	1090	1094	1094	1099	1095	1068	1074	1079	1077	1076	1069	1059	1042	1050	1088	1100	1093	1084	1091
84	39	108	848	1010	1072	1088	1093	1094	1088	1089	1092	1094	1098	1096	1095	1083	1064	1038	1035	1046	1041	1053	1051	1063	1077	1086	1088
79	41	307	962	1059	1089	1091	1091	1091	1090	1087	1088	1089	1093	1101	1097	1077	1042	1031	1038	1064	1082	1091	1079	1079	1086	1091	1091
49	54	517	1004	1139	1115	1087	1091	1093	1092	1089	1077	1091	1092	1097	1104	1086	1055	1048	1064	1079	1081	1081	1092	1093	1095	1089	1090
52	79	699	1034	1238	1125	1085	1091	1090	1091	1092	1072	1065	1082	1093	1096	1103	1092	1081	1077	1057	1081	1074	1077	1093	1092	1094	1090
62	127	828	1056	1238	1109	1088	1088	1090	1093	1095	1092	1045	1056	1069	1084	1095	1096	1096	1088	1070	1078	1076	1061	1090	1093	1087	1079
63	204	898	1054	1146	1093	1088	1086	1081	1080	1074	1075	1076	1084	1068	1086	1093	1095	1093	1088	1086	1083	1071	1084	1081	1087	1089	1085
24	24	23	24	25	23	23	26	23	25	25	24	24	26	24	25	24	24	24	26	25	25	24	26	23	25	25	24
24	25	23	24	23	24	25	25	24	25	23	24	25	24	25	25	24	26	25	25	25	25	24	27	25	25	26	24
25	25	24	24	25	24	24	23	24	25	24	24	26	23	26	24	25	26	26	25	25	26	26	25	25	26	25	25
23	23	24	24	23	25	25	23	23	26	24	25	25	25	25	25	26	26	28	24	25	25	26	25	26	27	26	27
24	24	23	23	23	23	24	24	23	23	23	25	25	24	23	25	26	27	26	27	26	27	28	28	28	29	28	29
24	24	24	24	26	24	25	24	24	24	25	24	26	25	25	27	27	27	27	28	25	20	16	11	10	9	10	12
21	21	22	21	22	23	24	22	21	21	22	23	21	25	25	25	13	0	0	0	28	68	109	145	167	180	184	177
21	19	20	18	21	20	21	22	19	20	18	21	22	20	0	0	83	265	467	632	749	824	870	896	904	912	911	909
25	23	22	22	22	23	22	25	22	24	24	23	0	20	266	616	856	956	973	961	948	939	933	930	936	941	944	944
22	24	23	22	21	22	22	22	24	24	12	0	254	723	960	971	947	945	947	962	979	985	1002	1025	1034	1039	1021	981
22	22	23	24	23	24	23	22	26	2	57	559	951	964	938	977	1017	1040	1047	1059	1075	1072	1063	1028	1001	979	975	970
24	22	20	22	22	24	24	25	1	128	742	984	936	978	1063	1084	1081	1061	1038	1061	1078	1081	1068	1063	1073	1081	1093	1097
23	23	22	22	23	22	23	4	139	804	971	948	1026	1098	1132	1099	1063	1076	1090	1094	1096	1095	1098	1097	1097	1095	1094	1095
22	23	23	21	22	24	12	78	751	973	958	1048	1097	1073	1068	1076	1089	1099	1096	1095	1094	1088	1084	1092	1095	1088	1090	1091
23	22	23	24	23	22	17	567	978	969	1059	1086	1023	1026	1086	1097	1094	1090	1094	1093	1091	1093	1077	1089	1092	1081	1081	1086
23	22	23	24	22	14	294	944	975	1152	1198	1064	1047	1098	1097	1093	1094	1094	1091	1093	1093	1091	1086	1087	1094	1064	1072	1092
24	23	22	20	38	81	778	983	1082	1269	1160	1081	1094	1092	1091	1092	1095	1098	1095	1095	1078	1085	1079	1089	1093	1063	1076	1060
23	23	21	50	25	477	988	1045	1092	1110	1090	1093	1093	1093	1093	1094	1094	1089	1088	1097	1057	1068	1076	1090	1091	1085	1083	1084
24	25	53	59	184	915	1022	1073	1082	1092	1094	1092	1094	1095	1092	1093	1087	1081	1077	1090	1073	1074	1079	1068	1050	1051	1071	1076
22	55	87	32	665	1006	1067	1076	1069	1086	1095	1094	1092	1087	1084	1082	1083	1101	1102	1099	1076	1061	1053	1035	1040	1055	1082	1084
56	89	58	272	954	1035	1081	1089	1093	1095	1093	1093	1092	1089	1076	1064	1062	1071	1102	1104	1076	1052	1046	1064	1075	1090	1096	1095
90	72	61	642	996	1072	1085	1092	1096	1095	1095	1095	1095	1092	1090	1084	1049	1037	1075	1097	1090	1056	1043	1081	1097	1097	1091	1093
70	53	189	882	1054	1132	1088	1091	1092	1092	1087	1093	1094	1103	1096	1089	1049	1036	1051	1089	1098	1082	1079	1073	1080	1090	1090	1090
62	34	413	975	1161	1178	1083	1090	1091	1093	1070	1078	1093	1098	1098	1085	1034	1025	1024	1070	1106	1083	1089	1100	1092	1093	1093	1093
49	50	643	1011	1198	1145	1085	1091	1092	1093	1093	1082	1092	1096	1104	1095	1039	1022	1029	1058	1099	1082	1071	1094	1097	1095	1094	1094
41	122	824	1030	1145	1109	1091	1089	1092	1094	1095	1084	1079	1093	1099	1101	1085	1053	1045	1056	1075	1056	1060	1058	1079	1081	1077	1081
36	233	929	1029	1072	1093	1093	1090	1087	1091	1086	1088	1063	1057	1085	1095	1092	1087	1078	1057	1059	1060	1065	1082	1093	1090	1083	1078
31	339	980	1043	1068	1095	1091	1090	1085	1091	1095	1091	1070	1046	1042	1074	1087	1074	1085	1089	1090	1089	1082	1101	1096	1090	1094	1088
25	25	23	25	22	24	22	25	24	24	25	22	23	24	23	25	23	24	25	24	25	24	25	26	24	25	25	24
23	25	24	24	24	23	24	23	24	24	22	24	22	25	24	25	23	25	25	25	25	24	22	27	25	24	26	23
23	24	24	25	24	22	25	24	25	24	21	25	23	24	23	23	25	25	25	26	24	24	24	26	24	25	26	23
23	24	24	24	25	24	22	24	25	23	22	24	23	25	23	25	25	25	24	25	25	24	25	27	25	26	25	26
25	25	23	25	24	22	24	24	24	23	22	23	23	24	23	25	25	25	25	24	26	27	26	27	27	27	27	27
23	25	25	24	24	23	24	23	25	23	23	23	26	23	25	25	26	26	27	25	19	13	5	1	1	0	0	1
22	22	23	22	23	20	22	22	19	20	19	22	20	23	23	24	13	0	0	0	40	107	179	240	282	301	304	298
22	22	21	21	22	22	21	23	19	21	20	21	24	22	2	0	67	249	475	665	794	878	925	945	952	955	956	957
24	24	24	26	21	24	24	22	21	23	23	23	4	5	200	548	831	963	976	960	945	931	929	926	932	937	942	942
24	24	23	25	23	24	23	23	23	24	14	0	187	639	932	974	944	934	928	942	962	985	1010	1030	1041	1037	1010	960
24	24	25	26	24	24	24	23	27	2	37	486	918	973	932	934	964	1004	1031	1059	1069	1070	1055	1031	1016	1000	1001	1006
22	24	23	25	24	25	26	25	0	113	714	981	939	945	990	1033	1051	1051	1066	1075	1081	1081	1085	1087	1093	1099	1104	1104
24	25	24	24	23	24	23	0	147	818	977	940	983	1038	1068	1055	1056	1077	1094	1098	1100	1098	1099	1097	1096	1092	1099	1097
24	24	25	24	25	25	3	95	800	975	949	1021	1094	1102	1074	1080	1096	1095	1097	1093	1096	1097	1095	1095	1096	1090	1095	1088
25	25	26	24	24	27	27	654	982	953	1037	1104	1085	1069	1092	1095	1095	1097	1094	1095	1094	1095	1094	1094	1092	1093	1090	1065
22	25	24	28	46	26	376	970	962	1050	1141	1089	1081	1098	1094	1095	1086	1099	1093	1086	1094	1096	1098	1081	1088	1093	1084	1089
23	25	26	55	67	128	840	972	1038	1128	1104	1086	1098	1095	1093	1093	1087	1090	1096	1080	1052	1078	1091	1068	1088	1097	1092	1087
25	24	54	82	44	560	989	1025	1059	1079	1089	1093	1093	1094	1094	1087	1093	1075	1095	1083	1057	1086	1094	1068	1084	1097	1092	1093
23	44	76	76	249	933	1019	1059	1070	1096	1096	1089	1092	1092	1091	1091	1081	1068	1078	1095	1093	1090	1084	1061	1079	1089	1094	1094
29	60	79	88	702	1008	1071	1057	1088	1096	1094	1080	1077	1080	1085	1090	1076	1086	1074	1084	1091	1087	1067	1054	1089	1097	1092	1095
39	60	67	330	960	1054	1096	1077	1098	1094	1093	1090	1085	1083	1082	1076	1069	1077	1052	1078	1076	1079	1062	1059	1095	1095	1096	1093
36	66	65	698	1010	1137	1103	1090	1094	1095	1094	1094	1100	1097	1092	1083	1061	1063	1020	1046	1087	1086	1090	1078	1084	1091	1094	1095
46	47	225	917	1070	1169	1093	1086	1085	1082	1091	1096	1100	1097	1093	1095	1075	1044	1036	1049	1076	1093	1095	1094	1079	1089	1086	1092
66	24	496	989	1098	1126	1089	1092	1091	1077	1077	1093	1092	1092	1095	1082	1032	1027	1027	1042	1072	1060	1087	1096	1097	1097	1094	1095
58	59	724	1017	1071	1088	1094	1092	1092	1079	1085	1093	1097	1100	1097	1081	1035	1027	1028	1057	1100	1050	1062	1063	1063	1075	1084	1082
35	154	886	1026	1064	1092	1094	1092	1095	1098	1096	1095	1100	1103	1098	1085	1059	1047	1048	1075	1107	1043	1045	1073	1067	1074	1078	1081
12	314	973	1039	1081	1094	1091	1092	1092	1091	1092	1094	1096	1081	1082	1077	1046	1040	1051	1073	1085	1049	1075	1084	1093	1094	1094	1092
9	476	1004	1063	1088	1092	1092	1092	1090	1082	1093	1092	1075	1050	1043	1058	1040	1025	1044	1075	1080	1077	1087	1086	1079	1088	1091	1082
23	25	23	23	25	23	25	23	25	24	25	23	24	24	24	24	23	24	25	24	25	25	26	24	26	26	26	24
24	25	24	23	26	24	24	25	24	23	24	23	24	24	25	25	25	26	24	24	25	26	25	26	26	25	25	26
23	24	24	24	24	24	25	25	26	24	22	26	22	25	24	23	25	25	24	26	25	26	26	26	25	25	28	25
24	23	23	24	25	23	25	25	25	25	24	25	24	25	24	25	25	25	24	26	23	25	25	26	27	26	26	26
23	24	24	23	24	24	24	24	25	22	24	24	23	24	24	24	25	26	25	26	24	27	26	28	27	27	29	28
25	24	26	25	23	24	25	24	25	24	25	25	25	24	25	26	25	28	28	23	18	7	0	0	0	0	0	0
24	22	23	24	22	23	23	24	21	22	22	22	22	24	24	27	18	0	0	2	61	149	246	329	384	413	417	409
23	23	23	22	22	24	23	24	23	23	23	23	25	26	11	0	37	221	467	688	826	908	948	966	963	966	971	971
24	24	24	25	24	24	24	24	23	23	25	27	17	0	101	443	781	944	973	959	941	928	922	924	927	933	940	941
24	24	24	25	23	25	27	25	25	25	24	0	54	445	859	982	950	922	922	933	957	985	1010	1028	1035	1032	999	950
24	25	25	24	23	25	25	25	27	17	0	265	782	976	940	922	941	979	1018	1053	1071	1075	1059	1042	1026	1017	1019	1022
24	24	24	25	24	24	25	28	13	34	507	943	959	927	956	1002	1053	1063	1061	1073	1081	1092	1090	1094	1098	1101	1103	1104
25	24	25	23	25	26	32	20	85	676	984	934	944	981	1025	1053	1069	1081	1096	1100	1098	1096	1096	1092	1096	1097	1096	1095
24	25	25	25	23	41	49	97	729	984	942	999	1048	1056	1067	1087	1098	1093	1090	1090	1096	1094	1089	1092	1095	1097	1095	1090
23	26	25	21	46	75	70	657	977	965	1052	1102	1083	1081	1096	1093	1095	1095	1089	1082	1096	1095	1088	1083	1080	1096	1098	1089
23	25	24	36	79	37	462	978	986	1072	1092	1082	1090	1094	1095	1092	1091	1095	1088	1078	1092	1097	1094	1079	1064	1101	1100	1095
24	25	26	55	53	206	911	990	1075	1081	1068	1093	1095	1094	1088	1094	1072	1087	1093	1068	1076	1100	1099	1083	1090	1100	1097	1098
25	25	31	62	75	688	997	1057	1090	1063	1093	1096	1090	1095	1092	1087	1055	1050	1094	1079	1091	1099	1103	1097	1094	1096	1097	1097
24	26	34	67	378	971	1079	1173	1056	1089	1089	1087	1095	1093	1092	1082	1079	1028	1084	1098	1090	1073	1088	1095	1089	1094	1096	1092
25	24	54	132	811	1010	1267	1191	1068	1092	1089	1084	1095	1095	1095	1084	1076	1053	1062	1096	1095	1091	1093	1089	1093	1093	1092	1091
23	37	56	444	979	1073	1127	1094	1095	1095	1094	1086	1096	1090	1078	1086	1090	1079	1050	1087	1095	1095	1095	1082	1088	1091	1091	1089
22	61	104	795	1011	1096	1074	1091	1096	1092	1097	1097	1096	1091	1086	1084	1088	1088	1002	1042	1101	1096	1094	1090	1091	1093	1091	1092
34	47	314	957	1041	1047	1074	1094	1090	1083	1095	1096	1091	1091	1094	1095	1088	1062	1011	992	1065	1092	1093	1095	1091	1095	1093	1090
34	25	600	1005	1057	1046	1095	1091	1093	1086	1088	1090	1092	1095	1092	1078	1038	1025	1040	1020	993	1029	1075	1077	1075	1076	1069	1052
20	84	820	1023	1058	1076	1094	1092	1091	1085	1090	1091	1094	1094	1064	1042	1032	1028	1033	1047	1032	1052	1056	1047	1039	1051	1061	1021
4	244	942	1038	1059	1091	1093	1092	1092	1090	1094	1100	1099	1088	1065	1038	1026	1028	1033	1057	1060	1046	1045	1083	1090	1093	1099	1081
10	455	995	1051	1062	1095	1089	1079	1072	1089	1093	1098	1094	1087	1076	1044	1029	1027	1035	1079	1091	1041	1086	1093	1094	1095	1097	1068
31	621	1014	1056	1066	1093	1085	1083	1062	1071	1094	1090	1090	1089	1074	1051	1042	1039	1045	1098	1102	1062	1091	1092	1082	1095	1084	1095
24	25	24	24	24	23	24	25	25	25	24	23	23	22	23	25	24	23	24	25	25	25	25	23	25	26	24	23
24	24	24	25	24	25	25	24	26	22	25	23	23	23	24	24	24	24	25	24	25	25	24	24	26	25	23	24
25	24	24	24	24	24	25	24	25	25	24	25	23	23	24	23	24	25	24	24	25	23	25	25	24	25	25	25
22	23	24	24	24	24	23	23	25	24	24	24	23	24	24	25	23	24	24	25	24	24	25	25	25	26	26	26
24	23	24	25	25	24	25	22	24	24	25	24	24	23	24	24	24	23	22	26	22	26	27	28	27	29	28	27
26	24	23	25	24	25	26	24	24	24	26	24	26	24	25	24	25	27	24	24	14	5	0	0	0	0	0	0
22	23	22	22	21	23	24	22	21	23	22	23	22	23	24	24	18	3	0	3	71	181	303	404	475	513	522	516
23	22	24	23	23	24	23	26	23	25	23	23	25	26	23	6	19	178	437	674	835	923	959	966	966	968	969	971
24	25	23	23	26	24	22	24	23	24	23	22	30	19	43	308	693	922	975	962	942	926	920	923	928	929	933	935
23	23	24	24	22	26	25	24	22	23	35	40	19	235	714	964	960	925	918	929	944	963	984	1000	992	998	984	940
25	23	25	24	24	23	24	23	36	58	31	71	515	932	963	923	927	960	1006	1042	1056	1059	1046	1031	1016	1015	1020	1022
23	24	24	23	25	23	22	50	62	13	211	763	981	934	933	976	1022	1052	1060	1068	1078	1084	1088	1093	1097	1097	1097	1099
24	23	25	23	24	24	53	67	36	412	915	963	929	966	1032	1067	1069	1076	1090	1096	1098	1095	1096	1093	1091	1091	1090	1088
25	24	23	25	23	43	54	46	561	973	947	958	1006	1052	1082	1091	1096	1096	1094	1092	1095	1091	1095	1083	1082	1093	1094	1088
24	24	24	24	32	38	31	585	984	971	1028	1058	1081	1093	1097	1093	1093	1095	1096	1092	1098	1095	1095	1087	1083	1093	1094	1093
25	24	26	24	31	27	467	982	995	1075	1090	1088	1095	1094	1096	1084	1064	1093	1093	1093	1088	1097	1095	1096	1084	1094	1094	1086
26	25	24	24	55	269	934	998	1076	1091	1087	1096	1093	1093	1094	1086	1016	1074	1076	1090	1079	1097	1097	1097	1096	1095	1095	1067
25	24	23	66	116	775	1005	1084	1109	1078	1091	1092	1092	1094	1082	1080	1038	1044	1092	1093	1092	1097	1096	1094	1093	1092	1090	1038
22	24	56	49	497	987	1057	1172	1089	1093	1086	1095	1095	1094	1089	1089	1086	1061	1095	1094	1090	1091	1098	1094	1083	1088	1091	1087
22	38	57	180	883	1007	1137	1131	1088	1092	1094	1094	1099	1099	1096	1090	1092	1091	1094	1096	1098	1096	1097	1095	1090	1087	1086	1085
22	46	32	561	991	1049	1076	1083	1095	1097	1090	1089	1093	1086	1093	1093	1092	1096	1085	1076	1091	1094	1097	1093	1088	1085	1085	1085
26	24	149	885	1015	1055	1044	1097	1096	1097	1098	1093	1092	1090	1089	1094	1090	1092	1064	1053	1072	1080	1085	1091	1091	1090	1090	1092
25	5	460	987	1051	1033	1080	1094	1091	1091	1093	1093	1093	1088	1092	1092	1070	1044	1037	1065	1076	1084	1083	1088	1094	1094	1085	1082
18	70	762	1011	1051	1045	1100	1095	1091	1092	1092	1092	1085	1079	1072	1053	1032	1027	1032	1039	1065	1084	1071	1074	1077	1075	1055	1019
8	240	924	1021	1028	1079	1096	1088	1089	1091	1093	1087	1075	1065	1038	1032	1026	1028	1027	1028	1047	1069	1050	1064	1068	1050	1034	1001
9	437	983	1042	1039	1096	1082	1076	1090	1090	1093	1080	1066	1058	1031	1030	1026	1030	1031	1028	1043	1086	1082	1075	1095	1098	1098	1032
23	610	1012	1088	1056	1096	1085	1062	1083	1093	1095	1087	1072	1063	1034	1034	1029	1028	1032	1031	1064	1071	1086	1093	1095	1094	1086	1051
47	744	1032	1150	1080	1093	1090	1089	1090	1096	1094	1090	1084	1078	1057	1031	1040	1033	1032	1058	1079	1091	1101	1095	1088	1095	1054	1109
24	23	24	23	23	24	24	25	23	24	24	23	25	22	26	25	25	23	26	23	26	23	25	25	25	27	24	25
24	24	24	24	23	24	24	24	25	22	23	24	22	24	27	24	25	25	26	25	25	24	25	24	25	26	25	25
25	24	24	24	24	25	24	25	24	24	23	25	23	25	24	22	26	24	26	25	26	25	25	24	25	25	24	23
23	22	24	22	24	26	23	24	25	23	24	24	23	25	25	24	25	26	25	24	27	26	24	25	24	26	25	25
24	24	24	25	23	25	25	24	22	24	23	24	24	23	24	24	23	26	24	26	26	27	25	26	27	28	28	29
25	25	24	24	24	24	25	24	24	26	22	26	26	24	25	25	25	26	25	25	21	8	1	0	0	0	0	0
22	23	22	22	23	23	22	22	20	24	20	23	23	22	24	22	22	15	0	0	37	136	264	386	473	526	544	546
25	23	23	23	25	25	23	24	23	25	23	24	24	24	28	21	10	79	291	546	756	889	947	967	964	967	965	968
24	24	24	23	24	25	24	24	23	24	25	24	31	34	16	133	482	810	953	968	948	932	924	923	924	925	924	931
23	24	25	23	24	25	24	25	23	24	29	48	30	72	457	863	972	942	921	927	936	945	955	963	962	969	963	943
24	25	24	25	26	25	24	24	30	55	67	27	251	773	976	937	922	944	972	1000	1010	1029	1025	999	992	998	1000	991
23	23	23	24	24	25	24	32	53	36	60	495	931	954	926	959	993	1011	1016	1039	1057	1072	1080	1082	1090	1094	1098	1097
24	24	24	23	24	24	26	36	4	186	745	977	932	950	1018	1043	1052	1056	1073	1092	1099	1098	1098	1094	1090	1092	1089	1091
24	24	23	24	24	25	26	4	337	897	966	932	978	1041	1077	1072	1083	1102	1099	1095	1095	1093	1092	1088	1071	1085	1088	1092
24	25	26	25	26	39	23	415	952	954	967	1018	1064	1089	1098	1084	1079	1099	1097	1092	1085	1094	1094	1094	1094	1092	1094	1080
25	24	22	28	46	46	400	959	964	994	1039	1081	1095	1093	1098	1081	1029	1096	1095	1095	1080	1095	1095	1096	1096	1089	1051	1019
25	24	24	56	46	302	930	1001	1029	1036	1085	1097	1094	1094	1082	1085	1024	1074	1086	1095	1093	1095	1093	1092	1090	1089	1056	988
26	22	42	64	151	838	1008	1056	1054	1088	1089	1092	1095	1097	1087	1091	1081	1083	1096	1097	1097	1095	1092	1093	1091	1087	1055	936
22	24	52	45	637	1011	1051	1063	1083	1097	1090	1093	1095	1103	1096	1093	1093	1095	1095	1092	1090	1084	1082	1091	1090	1078	1081	1092
25	29	12	315	967	1026	1067	1074	1095	1091	1093	1090	1093	1096	1095	1095	1094	1094	1088	1074	1070	1068	1064	1076	1077	1084	1077	1083
25	19	56	748	1014	1052	1077	1092	1097	1093	1092	1094	1091	1095	1094	1095	1093	1089	1074	1057	1052	1053	1054	1060	1071	1079	1085	1087
26	4	352	967	1034	1061	1060	1097	1095	1094	1093	1084	1078	1080	1091	1081	1087	1082	1065	1049	1039	1046	1073	1077	1072	1063	1048	1058
18	60	708	1003	1048	1036	1088	1097	1092	1093	1083	1068	1057	1054	1060	1059	1033	1065	1081	1075	1069	1080	1091	1083	1084	1089	1071	1032
6	242	917	1012	1052	1050	1094	1093	1090	1093	1075	1055	1042	1039	1040	1051	1021	1030	1049	1065	1089	1091	1084	1092	1092	1095	1068	1029
5	474	982	1058	1109	1081	1079	1083	1088	1092	1069	1046	1038	1037	1039	1054	1038	1024	1025	1037	1067	1095	1093	1097	1094	1069	1031	1051
12	656	997	1102	1099	1094	1073	1080	1091	1088	1069	1042	1038	1038	1040	1059	1033	1030	1029	1027	1070	1096	1093	1097	1092	1071	1045	1024
38	781	1013	1144	1093	1093	1086	1075	1097	1092	1078	1046	1039	1037	1037	1049	1040	1026	1031	1031	1035	1068	1103	1105	1102	1068	1027	1020
95	872	1021	1125	1085	1094	1092	1092	1098	1096	1090	1059	1040	1039	1041	1049	1042	1026	1031	1029	1029	1065	1109	1106	1092	1095	1036	1086
23	24	24	23	24	22	24	25	22	25	25	24	24	25	24	24	25	24	25	25	27	25	25	24	24	25	24	24
23	24	24	23	24	24	24	24	23	23	24	25	23	24	26	25	26	25	24	25	26	25	26	25	25	25	24	24
24	24	24	24	23	25	26	24	24	25	23	26	24	25	25	24	26	24	24	25	27	26	24	24	25	25	23	23
23	23	24	24	23	25	26	24	26	24	25	23	25	26	24	27	25	26	24	24	25	24	25	24	23	25	24	24
25	24	23	24	24	24	24	24	25	25	24	24	25	24	24	26	24	26	26	24	25	26	25	26	25	25	27	28
23	26	24	24	25	25	25	25	25	26	24	26	26	26	27	28	25	26	27	26	25	21	9	1	0	0	0	0
24	22	23	23	23	24	22	23	23	24	22	25	24	24	24	25	24	24	14	0	0	37	134	251	353	429	471	498
24	25	23	23	24	25	23	25	24	25	24	27	26	25	29	29	7	1	90	304	559	764	890	943	959	966	966	970
23	25	25	23	24	24	24	25	26	24	26	26	32	50	29	20	212	562	840	956	965	943	929	922	922	922	925	926
24	23	25	23	25	24	23	26	26	25	26	46	59	36	202	628	922	966	937	922	932	944	959	965	972	961	947	940
25	24	25	25	25	25	26	23	24	29	52	33	105	518	904	965	928	940	961	990	1034	1054	1044	1011	1000	981	964	953
24	23	24	24	24	24	25	23	38	43	19	298	808	973	933	951	998	1000	989	1010	1039	1042	1045	1052	1068	1080	1085	1086
23	25	23	24	24	23	27	57	34	72	562	950	951	940	987	1022	1028	1028	1048	1080	1096	1099	1099	1096	1093	1088	1088	1096
23	25	24	25	23	36	71	22	175	771	978	936	967	1029	1066	1071	1052	1104	1103	1099	1096	1092	1091	1093	1083	1083	1089	1082
24	23	25	22	39	72	39	293	883	961	951	1010	1061	1089	1097	1094	1068	1099	1096	1093	1075	1088	1093	1099	1097	1087	1060	1008
25	24	22	34	69	18	349	928	971	994	1035	1079	1097	1096	1095	1091	1042	1089	1095	1097	1089	1095	1093	1081	1046	1003	997	1022
24	24	24	56	28	308	929	994	1040	1045	1082	1096	1093	1090	1086	1086	1061	1088	1095	1094	1099	1095	1073	1028	1026	1035	1044	1017
25	23	26	17	191	883	1013	1054	1064	1085	1090	1092	1094	1098	1099	1098	1101	1096	1071	1060	1051	993	1031	1081	1077	1073	1050	1034
24	25	12	74	770	1030	1055	1073	1088	1097	1092	1091	1092	1097	1092	1095	1091	1087	1062	1044	1026	993	1023	1072	1089	1070	1031	1057
24	21	19	550	1022	1046	1074	1086	1096	1094	1092	1093	1087	1093	1091	1092	1088	1066	1049	1043	1042	1048	1055	1062	1083	1084	1062	1071
27	3	256	932	1035	1056	1080	1093	1094	1094	1087	1078	1076	1077	1082	1084	1083	1060	1037	1037	1039	1042	1062	1075	1083	1072	1085	1076
20	33	642	1012	1051	1064	1080	1093	1091	1091	1071	1050	1042	1040	1050	1064	1084	1088	1059	1064	1066	1067	1085	1076	1055	1051	1043	1064
6	202	909	1007	1128	1065	1088	1085	1092	1080	1046	1034	1034	1036	1036	1045	1063	1090	1080	1087	1083	1082	1092	1090	1064	1082	1090	1074
0	472	989	1040	1252	1075	1082	1089	1087	1073	1038	1035	1036	1037	1037	1040	1041	1061	1085	1090	1080	1088	1093	1088	1095	1097	1094	1079
13	708	991	1118	1272	1077	1080	1092	1091	1072	1037	1037	1039	1038	1037	1041	1042	1028	1065	1076	1090	1097	1086	1090	1107	1106	1084	1030
87	857	1001	1078	1100	1088	1090	1089	1090	1079	1039	1037	1037	1039	1040	1060	1039	1027	1041	1042	1063	1084	1068	1098	1109	1094	1045	995
188	931	1013	1046	1068	1093	1089	1090	1094	1089	1054	1039	1041	1047	1054	1061	1045	1028	1028	1029	1027	1042	1069	1085	1096	1076	1051	1039
295	968	1026	1030	1075	1094	1091	1095	1099	1093	1082	1048	1043	1039	1037	1038	1052	1043	1027	1028	1027	1029	1058	1080	1093	1089	1053	1100
23	25	25	23	25	23	24	23	24	24	25	23	23	24	22	24	23	25	24	24	23	24	23	24	24	24	24	24
23	25	25	24	25	24	25	23	23	24	24	25	23	24	24	23	24	23	25	24	23	23	24	24	24	23	23	25
22	23	25	25	24	25	26	24	23	26	24	24	26	23	25	23	25	23	25	24	24	23	23	24	24	24	23	25
23	23	23	25	25	24	25	24	24	24	24	24	25	25	26	26	25	24	24	24	23	23	24	23	24	23	24	24
23	25	23	24	25	25	24	24	24	26	24	24	26	24	26	26	26	26	26	24	24	24	25	26	23	25	25	25
23	24	25	25	23	25	27	23	24	26	26	25	25	27	26	28	26	25	26	27	26	27	22	16	7	4	1	0
23	22	22	23	23	21	24	25	21	23	24	26	23	24	24	23	33	40	36	22	5	0	19	83	159	237	307	363
23	24	24	23	25	22	22	25	23	22	25	25	26	24	29	65	62	30	10	77	261	495	693	819	893	926	948	960
24	24	24	24	25	23	23	24	24	24	23	24	24	47	78	28	36	229	538	808	936	963	949	934	927	923	924	924
23	23	22	24	25	24	22	24	25	25	24	37	61	42	44	300	698	920	963	939	929	933	943	950	952	947	936	933
24	24	24	24	26	25	25	24	23	26	49	41	25	266	716	953	953	933	956	1003	1041	1051	1057	1055	1029	995	956	932
24	24	25	26	23	24	24	23	31	46	14	142	622	948	958	947	990	1035	1033	1051	1045	1022	1016	1018	1009	1016	1012	1006
24	25	23	25	24	25	22	40	51	45	408	884	967	937	983	1041	1047	1012	1008	1034	1057	1076	1090	1093	1093	1096	1094	1091
23	24	25	25	24	24	56	59	154	669	971	941	964	1032	1074	1088	1028	1044	1095	1102	1100	1094	1091	1093	1093	1093	1079	1035
24	23	25	23	27	56	44	275	845	971	952	1012	1076	1097	1095	1102	1067	1079	1100	1097	1094	1086	1090	1082	1056	1013	975	967
24	22	24	25	38	23	326	907	971	999	1047	1089	1097	1095	1091	1098	1054	1054	1088	1085	1076	1062	1041	1002	974	976	986	995
24	23	23	23	2	287	912	991	1042	1058	1083	1096	1091	1091	1095	1089	1054	1044	1043	1047	1025	1009	1006	988	997	1002	1018	1007
23	23	24	3	225	890	1011	1065	1077	1086	1089	1093	1095	1096	1097	1081	1055	1069	1041	1035	1049	1027	1044	1045	1003	998	1004	974
23	25	10	174	825	1015	1065	1078	1088	1094	1091	1088	1090	1092	1089	1050	1067	1052	1038	1045	1052	1053	1063	1067	1070	1074	1064	1056
25	13	69	708	1014	1059	1075	1082	1091	1092	1079	1075	1067	1071	1075	1063	1070	1042	1040	1049	1061	1069	1075	1087	1088	1080	1065	1084
24	0	429	989	1046	1072	1074	1091	1089	1085	1067	1050	1041	1040	1050	1061	1082	1074	1057	1048	1066	1078	1082	1088	1054	1058	1085	1090
11	90	834	1015	1068	1063	1083	1089	1091	1079	1047	1035	1032	1037	1032	1041	1068	1087	1072	1068	1086	1083	1081	1080	1069	1086	1111	1101
0	398	993	1037	1091	1078	1094	1089	1088	1065	1035	1037	1035	1037	1036	1037	1053	1084	1075	1078	1091	1076	1097	1093	1093	1106	1110	1061
22	737	1010	1059	1077	1088	1085	1091	1085	1057	1033	1036	1035	1037	1036	1036	1046	1087	1087	1091	1091	1075	1071	1081	1100	1108	1083	1003
166	921	1015	1061	1065	1094	1091	1090	1091	1065	1035	1038	1036	1039	1038	1038	1047	1080	1091	1090	1081	1054	1039	1048	1096	1096	1061	1015
352	983	1029	1060	1073	1092	1091	1092	1093	1082	1043	1038	1036	1038	1036	1042	1052	1051	1079	1072	1057	1038	1030	1032	1069	1073	1072	1058
511	995	1041	1055	1079	1090	1090	1094	1091	1090	1066	1052	1051	1058	1069	1070	1036	1027	1044	1040	1031	1028	1027	1023	1068	1093	1087	1081
637	997	1056	1037	1085	1091	1091	1090	1073	1086	1087	1070	1071	1069	1059	1055	1057	1045	1039	1030	1027	1028	1024	1037	1087	1081	1102	1118
23	24	24	24	24	24	24	23	25	22	25	23	23	23	24	23	25	24	24	23	24	24	23	27	26	25	26	26
24	25	23	24	25	23	25	22	25	23	25	23	22	25	25	23	24	24	25	23	23	23	26	25	25	25	26	26
23	24	25	24	25	24	24	24	25	23	25	24	24	24	23	24	23	24	25	24	24	23	26	24	26	26	26	25
24	23	24	24	26	24	25	25	25	24	24	25	24	25	24	25	23	24	22	24	24	23	25	25	26	24	25	26
24	24	25	23	25	24	25	23	24	25	22	24	24	23	25	24	25	25	24	24	25	21	25	26	25	26	27	26
24	24	24	25	24	24	26	24	24	25	25	25	26	24	24	24	24	22	22	29	35	36	33	31	26	23	17	8
23	24	23	24	24	23	24	25	24	23	24	25	23	25	24	23	30	49	63	69	58	38	19	4	12	37	76	127
23	23	23	24	24	23	23	24	24	23	25	24	24	23	23	42	57	51	32	11	38	151	313	482	624	737	817	873
24	24	23	24	25	24	23	24	24	25	24	25	24	31	48	36	3	36	206	479	723	877	941	964	959	948	941	937
23	24	24	23	23	25	24	23	24	25	25	26	35	25	8	97	400	741	925	968	946	924	920	925	929	929	928	929
23	23	23	25	24	23	24	25	26	23	23	16	0	116	497	847	964	948	936	955	988	1011	1027	1037	1031	1006	964	946
23	24	23	24	25	23	24	23	26	34	17	77	464	872	970	940	959	1012	1056	1074	1067	1045	1025	1007	969	944	923	930
24	25	25	24	25	25	20	41	62	69	328	799	973	940	973	1039	1065	1043	1013	990	982	988	1000	1012	1014	1022	1022	1025
26	25	25	24	25	24	40	46	154	621	956	951	949	1014	1077	1089	1016	943	981	1034	1070	1087	1086	1085	1080	1077	1065	1065
22	24	25	25	26	25	14	275	836	974	948	999	1069	1097	1094	1105	1047	986	1043	1063	1069	1059	1040	1034	1043	1030	1021	1055
24	24	26	27	20	0	332	912	968	990	1040	1088	1099	1097	1096	1098	1025	966	993	1021	1017	1020	1006	1007	1004	1032	1006	1011
24	23	26	22	18	338	927	989	1043	1068	1089	1099	1094	1099	1096	1057	973	949	1009	1037	1007	1017	1016	1003	977	1012	1053	1025
23	26	22	16	316	913	1009	1067	1078	1090	1091	1090	1085	1086	1084	1009	970	1006	1037	1043	1043	1042	1042	1018	994	1016	1056	1050
24	24	6	231	868	1007	1064	1072	1089	1091	1073	1059	1054	1053	1056	1025	1017	1044	1051	1056	1066	1072	1074	1086	1087	1089	1093	1097
26	13	87	765	1005	1063	1072	1085	1092	1076	1054	1041	1033	1038	1041	1050	1053	1053	1067	1079	1089	1089	1092	1103	1082	1101	1113	1108
26	0	527	993	1047	1076	1079	1094	1090	1068	1040	1035	1035	1037	1037	1039	1062	1060	1082	1090	1093	1080	1092	1087	1069	1090	1099	1088
1	198	929	1019	1073	1071	1091	1090	1088	1064	1036	1035	1035	1040	1035	1034	1049	1037	1086	1096	1086	1068	1099	1075	1084	1100	1074	1060
3	642	1003	1061	1071	1078	1091	1093	1088	1057	1037	1038	1037	1038	1037	1039	1041	1065	1091	1089	1083	1065	1091	1067	1065	1097	1048	1024
173	920	1017	1075	1068	1083	1088	1091	1088	1061	1035	1041	1040	1040	1037	1036	1045	1077	1089	1087	1078	1039	1033	1068	1089	1086	1031	1001
465	991	1044	1079	1076	1093	1093	1091	1091	1079	1043	1038	1040	1039	1036	1036	1050	1077	1090	1093	1064	1024	1025	1036	1092	1073	1052	1064
716	996	1060	1077	1082	1093	1092	1095	1093	1089	1068	1041	1039	1039	1040	1046	1057	1079	1087	1086	1054	1026	1029	1038	1077	1088	1092	1077
863	994	1072	1073	1089	1092	1088	1086	1080	1085	1089	1064	1055	1056	1056	1041	1007	1064	1071	1062	1042	1033	1035	1047	1084	1097	1072	1109
922	991	1070	1063	1094	1093	1091	1085	1075	1088	1096	1074	1033	1040	1035	1033	1027	1032	1047	1038	1032	1029	1035	1066	1095	1090	1082	1127
23	24	24	23	22	25	24	24	23	24	24	23	24	25	25	25	25	25	25	25	24	25	25	26	25	26	27	25
23	24	23	24	23	24	24	24	23	23	23	24	23	24	25	25	24	25	26	24	25	24	25	26	25	25	26	25
25	23	25	24	24	26	23	24	24	24	23	24	23	23	25	24	25	26	24	25	25	24	25	27	26	25	26	28
24	23	24	25	23	25	23	25	24	23	25	25	25	23	25	24	24	26	24	25	24	24	26	26	25	26	27	26
24	23	24	24	24	23	24	24	23	24	23	25	24	23	24	24	25	25	26	25	24	23	22	24	23	24	25	27
25	23	24	24	25	23	25	26	24	23	24	24	25	24	24	25	24	25	25	27	30	41	48	55	59	56	45	36
25	25	24	24	24	24	24	24	26	25	24	24	25	26	24	26	26	25	30	40	53	60	52	42	28	16	15	23
24	22	25	23	24	25	25	23	24	25	24	24	25	24	24	24	28	31	27	13	9	20	70	162	283	416	543	652
24	24	24	24	25	24	25	24	24	25	25	25	25	24	27	23	3	0	62	240	456	657	810	908	952	967	969	962
23	24	24	23	24	24	22	25	24	24	23	23	22	14	0	22	229	553	814	944	964	952	940	927	924	921	923	927
23	22	23	24	22	23	22	25	23	23	36	36	5	63	364	741	939	963	937	932	948	974	989	999	1002	985	956	952
24	24	23	22	25	22	25	22	29	61	59	89	386	799	971	953	939	976	1024	1057	1070	1071	1059	1046	998	956	943	953
23	24	24	22	24	22	24	29	38	66	350	780	967	945	954	1016	1061	1070	1048	1029	989	954	937	931	944	973	1008	1036
23	23	23	22	22	25	19	4	187	683	964	951	945	1002	1057	1047	988	953	931	933	956	979	998	1024	1058	1075	1047	1060
23	22	23	23	23	17	3	355	889	965	946	994	1062	1092	1091	1041	969	957	982	988	1003	1039	1069	1082	1074	1072	1054	1071
22	22	25	23	17	43	459	953	961	997	1035	1088	1100	1098	1069	1011	966	977	1004	1023	1016	1019	1042	1059	1050	1053	1008	1032
23	23	24	16	44	475	962	992	1052	1075	1091	1092	1078	1085	1069	992	960	979	1021	1009	1027	1015	1035	1038	1028	1078	1073	1014
23	24	22	10	410	953	1011	1071	1078	1087	1074	1052	1042	1042	1054	1037	982	979	1003	1022	1025	1014	1043	1045	1013	1103	1120	1077
23	26	0	272	922	1017	1072	1075	1089	1078	1043	1032	1030	1032	1032	1050	1026	979	987	1032	1077	1092	1098	1089	1063	1104	1112	1068
26	4	117	841	1010	1068	1077	1092	1090	1059	1036	1030	1033	1036	1035	1037	1049	1006	1034	1092	1103	1105	1108	1103	1098	1097	1077	1059
20	19	683	1003	1052	1073	1086	1095	1087	1052	1033	1038	1036	1034	1036	1033	1046	1025	1063	1099	1100	1098	1100	1104	1106	1096	1038	1084
0	397	985	1031	1073	1079	1092	1093	1086	1051	1033	1037	1037	1037	1035	1034	1039	1056	1086	1090	1092	1094	1103	1104	1101	1100	1048	1062
85	841	1005	1067	1077	1085	1085	1094	1093	1055	1035	1037	1037	1037	1036	1039	1041	1070	1092	1091	1088	1090	1104	1104	1101	1102	1077	1050
432	980	1035	1079	1081	1092	1089	1091	1093	1070	1034	1040	1040	1037	1036	1036	1047	1072	1092	1081	1082	1087	1091	1105	1105	1085	1049	1039
783	979	1063	1079	1087	1096	1093	1092	1091	1086	1053	1038	1038	1037	1034	1040	1048	1075	1089	1080	1075	1062	1078	1095	1096	1077	1055	1046
943	990	1075	1079	1092	1089	1083	1090	1091	1092	1074	1054	1048	1043	1045	1047	1034	1082	1085	1088	1076	1051	1044	1067	1083	1093	1069	1071
952	1015	1081	1079	1091	1090	1085	1086	1090	1094	1080	1040	1051	1056	1045	996	996	1088	1090	1090	1048	1009	1023	1072	1092	1087	1065	1116
942	1027	1073	1078	1089	1086	1090	1092	1092	1091	1086	1012	977	983	968	967	979	1034	1065	1026	992	1026	1078	1096	1101	1056	1037	1034
24	24	23	24	23	23	24	24	24	24	24	24	25	23	25	24	24	25	21	27	24	25	25	27	26	25	25	24
22	24	24	24	24	22	24	25	23	24	25	24	23	25	25	24	25	24	24	25	26	24	25	25	26	26	25	26
24	23	24	26	24	23	23	24	22	25	24	23	25	24	25	23	26	25	24	24	25	25	26	26	26	25	25	27
24	24	23	25	23	24	23	25	22	24	25	25	24	23	25	25	25	25	25	25	25	23	27	26	26	27	27	24
23	25	24	25	22	24	23	23	24	22	24	24	24	24	24	23	25	25	27	26	25	24	27	27	25	27	27	26
25	23	24	25	24	23	24	23	24	22	23	24	23	24	22	24	25	24	26	25	25	26	26	31	39	53	62	65
25	24	24	23	23	26	22	25	24	24	24	22	25	24	21	26	25	25	27	26	25	29	33	39	42	37	29	21
25	23	26	22	24	25	23	25	23	24	25	23	22	24	23	22	26	24	25	14	3	0	7	25	68	138	221	308
26	23	25	23	23	24	26	24	23	24	24	24	21	26	26	22	4	0	4	84	218	371	539	687	797	879	929	957
22	26	24	25	23	23	25	25	26	24	23	30	50	41	8	8	143	404	669	853	933	960	967	955	946	938	933	929
24	23	23	23	25	22	22	26	23	24	46	70	47	81	322	674	905	970	953	937	932	949	960	966	970	960	956	959
23	25	23	22	24	25	23	25	25	21	21	109	424	791	964	959	933	950	986	1024	1056	1069	1071	1068	1030	987	963	981
22	25	23	25	23	23	24	20	0	66	443	835	973	945	939	989	1045	1073	1066	1066	1042	1007	977	961	953	966	994	1042
23	25	24	22	25	24	12	6	280	794	975	941	942	985	1032	1040	1023	998	976	972	962	980	1017	1023	1037	1043	1054	1058
24	22	22	25	23	12	65	499	946	952	948	1008	1064	1064	998	959	961	959	985	1019	1050	1077	1085	1081	1069	1072	1080	1086
23	23	22	25	14	79	598	972	953	1003	1047	1095	1090	1074	1031	976	970	987	1040	1086	1085	1050	1036	1027	1011	1022	1026	1057
24	23	25	20	35	571	979	986	1052	1082	1080	1055	1036	1040	1048	1046	998	1038	1054	1043	1027	1017	1039	1073	1076	1076	1053	1023
25	25	25	0	466	979	1020	1077	1080	1082	1046	1030	1031	1035	1034	1042	1042	996	1003	1043	1036	1012	1003	1048	1098	1113	1072	1009
27	24	0	335	956	1019	1078	1081	1087	1064	1033	1034	1035	1034	1033	1034	1056	1012	1008	1009	1045	1037	1019	1033	1059	1095	1056	1009
29	0	220	916	1016	1070	1082	1094	1088	1049	1036	1035	1036	1034	1037	1035	1057	1022	1015	1063	1086	1091	1090	1093	1086	1040	1050	1068
9	81	815	1008	1063	1075	1090	1096	1086	1048	1036	1037	1038	1037	1035	1034	1046	1040	1071	1094	1098	1102	1099	1104	1096	1081	1062	1096
0	577	999	1044	1075	1086	1089	1095	1082	1054	1037	1036	1038	1039	1038	1033	1045	1077	1092	1089	1096	1099	1099	1099	1092	1097	1090	1073
231	942	1008	1075	1077	1094	1095	1094	1073	1065	1039	1038	1038	1038	1038	1036	1053	1084	1090	1089	1098	1104	1103	1105	1099	1094	1091	1089
674	985	1051	1075	1087	1095	1093	1087	1075	1067	1051	1041	1040	1037	1037	1040	1061	1088	1085	1081	1094	1104	1104	1103	1096	1081	1074	1082
938	988	1072	1073	1089	1091	1091	1089	1091	1076	1055	1054	1049	1048	1045	1047	1035	1087	1087	1079	1078	1099	1106	1098	1086	1081	1047	1038
943	1023	1077	1077	1094	1091	1088	1092	1082	1071	1052	1040	1057	1058	1045	994	992	1093	1089	1089	1098	1056	1005	1017	1075	1095	1048	1100
939	1043	1074	1084	1098	1101	1092	1089	1078	1066	1057	984	999	1005	979	951	968	1060	1081	1087	1029	951	977	1053	1096	1077	1002	1061
953	1060	1068	1086	1093	1096	1090	1087	1072	1065	1052	976	969	1005	1020	1018	990	1003	1023	1026	976	998	1061	1099	1086	1052	1042	1000
23	23	24	24	24	23	25	25	25	24	26	24	24	25	25	24	26	24	25	26	25	26	24	27	26	25	26	25
23	24	23	24	23	23	24	24	24	24	25	24	24	26	25	25	25	24	25	25	25	27	25	26	27	27	27	26
24	25	24	26	23	24	24	24	24	25	24	24	24	25	25	26	26	26	25	25	25	26	26	26	26	27	26	26
24	24	25	24	24	24	25	24	23	25	25	24	25	24	25	24	26	26	25	25	27	25	27	27	25	27	27	26
24	24	25	24	24	24	23	24	25	24	25	24	25	26	24	26	26	27	26	26	25	25	27	27	28	28	28	26
25	24	24	24	24	25	24	24	24	24	24	23	24	24	24	25	26	25	27	28	27	26	28	25	28	26	26	30
24	25	25	24	23	25	24	26	24	25	26	23	25	24	25	25	25	26	27	29	28	29	28	28	28	28	27	30
25	24	24	25	24	24	24	25	24	25	24	24	24	23	20	27	28	29	26	23	16	7	0	0	0	4	26	61
24	25	24	24	25	24	23	25	25	25	25	24	24	38	58	55	26	3	0	26	93	180	282	383	491	600	699	778
23	26	25	26	24	26	24	24	26	24	26	27	49	59	33	39	154	369	593	764	865	923	953	965	970	968	962	956
23	24	22	23	24	23	22	22	24	23	22	9	10	136	413	707	904	970	963	945	936	935	938	946	947	946	949	959
23	22	23	22	23	24	25	26	25	3	0	190	570	879	972	955	930	930	953	989	1022	1038	1057	1064	1040	987	969	979
23	24	23	24	23	24	25	18	1	137	590	916	977	938	932	963	1005	1045	1067	1075	1072	1050	1017	994	963	964	990	984
24	24	23	24	26	24	13	52	412	873	971	934	940	969	1021	1058	1044	1024	1001	987	978	973	978	991	990	1001	1049	1035
23	24	23	24	24	10	93	608	965	946	955	1007	1043	1042	1012	972	959	970	980	995	1015	1005	1004	1027	1013	1002	1034	1053
23	23	24	26	11	80	677	975	950	1018	1067	1078	1053	1042	1049	1036	978	1011	1037	1081	1091	1080	1027	1009	982	966	984	1032
23	24	27	15	17	634	982	977	1056	1085	1067	1033	1028	1029	1033	1050	1037	1027	1087	1079	1054	1013	981	1004	1010	1032	994	978
24	26	22	0	546	986	1010	1073	1062	1067	1034	1033	1034	1035	1036	1033	1063	1005	1058	1056	1010	995	1004	1024	1108	1080	990	984
27	25	0	447	983	1020	1075	1059	1019	1056	1034	1035	1036	1035	1034	1032	1053	992	1029	1029	1022	1040	1055	1006	1097	1077	1048	1028
29	0	321	958	1028	1071	1072	1058	1027	1059	1033	1036	1034	1035	1035	1035	1055	1016	1018	1044	1024	1053	1070	1038	1042	1025	1070	1046
1	159	886	1016	1065	1071	1082	1062	1019	1064	1037	1036	1036	1037	1035	1037	1050	1024	1041	1062	1048	1082	1092	1089	1067	1047	1026	1031
20	706	997	1060	1071	1082	1077	1041	994	1055	1048	1036	1038	1040	1039	1043	1040	1039	1073	1081	1091	1095	1092	1100	1086	1067	1075	1079
380	977	1023	1074	1074	1088	1070	1022	1004	1052	1058	1045	1046	1045	1046	1051	1042	1074	1083	1085	1089	1095	1098	1097	1098	1073	1090	1094
835	984	1066	1065	1081	1085	1059	1034	1001	993	1057	1055	1052	1054	1048	1038	1047	1083	1087	1087	1090	1091	1097	1095	1090	1081	1072	1082
954	1011	1072	1071	1102	1080	1069	1037	973	1014	1046	1045	1038	1047	1038	1011	1031	1078	1094	1087	1085	1090	1092	1082	1079	1067	1043	1135
940	1044	1069	1107	1106	1062	1068	1024	935	941	1058	1004	1019	1024	1003	994	991	1064	1091	1100	1100	1067	1010	1014	1084	1090	1074	1309
960	1059	1075	1124	1084	1015	1072	1064	994	982	1049	984	995	1028	1016	1015	1009	1027	1036	1049	1036	971	965	1060	1097	1081	1000	1133
983	1063	1075	1117	1062	1035	1070	1070	1038	1028	1024	997	1063	1106	1124	1133	1131	1092	1048	1011	980	954	1035	1100	1085	1068	1060	1055
23	23	25	23	22	24	25	24	23	25	24	26	23	25	25	26	25	26	26	26	24	25	25	26	27	26	27	27
25	23	23	24	23	22	25	24	23	24	25	25	25	26	25	25	26	26	26	26	25	27	25	24	27	27	28	28
25	25	24	24	24	25	22	24	24	24	23	24	24	26	25	25	25	27	26	25	26	27	27	26	26	26	26	28
24	24	26	24	23	25	23	24	24	24	24	23	25	25	26	24	26	25	26	27	26	26	28	26	27	29	26	28
24	24	24	24	25	23	24	23	23	26	24	24	24	25	25	26	25	25	28	26	26	27	28	28	28	28	28	28
25	24	25	23	24	24	24	24	22	24	24	25	24	22	26	25	24	24	27	29	29	28	29	27	30	29	29	26
24	24	25	24	23	24	26	24	24	24	25	24	24	24	25	26	23	23	27	29	30	29	27	30	32	30	28	30
23	25	23	23	24	24	23	25	25	25	24	24	24	25	23	32	46	58	53	40	29	19	9	3	0	0	0	0
23	25	23	23	23	25	23	23	23	26	24	23	25	24	38	55	48	28	19	45	97	143	183	218	256	302	358	438
22	23	23	26	22	23	24	22	23	22	23	22	14	1	3	70	229	433	624	763	851	894	922	937	948	958	972	987
21	21	19	21	23	21	21	20	21	19	13	0	18	236	552	810	942	971	963	947	942	934	938	938	939	938	939	948
20	20	21	21	21	23	22	24	17	0	19	313	725	945	974	945	929	923	932	949	971	996	1020	1027	1014	975	977	974
25	22	21	23	23	23	25	13	15	230	699	963	959	926	928	944	963	992	1033	1065	1077	1068	1045	1014	993	991	1031	1018
23	23	24	22	23	24	14	48	473	913	961	928	938	974	1018	1039	1038	1024	1013	1020	1000	986	1017	1041	1058	1074	1070	1064
23	21	22	24	23	11	60	605	969	940	962	1014	1047	1059	1060	1028	969	967	989	990	978	1008	1040	1055	1070	1074	1066	1057
24	23	26	25	9	32	640	976	948	1024	1080	1075	1043	1029	1031	1056	1001	998	1026	1043	1035	1034	1043	1039	1021	996	992	1004
24	22	26	14	20	636	985	980	1058	1082	1072	1032	1031	1030	1029	1036	1051	994	1047	1073	1076	1064	1013	970	972	970	949	978
25	26	16	6	594	989	1011	1079	1052	1042	1044	1032	1033	1034	1033	1031	1054	989	1051	1072	1062	1015	982	1033	1061	1018	1010	972
25	24	0	522	991	1031	1081	1046	975	1036	1044	1033	1033	1033	1032	1038	1044	994	1062	1077	1083	1022	1013	1043	1100	1069	1087	1013
26	0	402	978	1028	1078	1052	975	965	1037	1054	1040	1037	1036	1037	1051	1028	996	1076	1082	1057	1013	1036	1026	1054	1071	1067	1013
0	240	930	1020	1068	1057	992	968	960	1012	1055	1051	1045	1047	1050	1046	1020	997	1056	1065	1040	1034	1030	1064	1060	1030	1015	1005
66	800	1003	1062	1060	996	972	957	962	989	1036	1052	1051	1056	1050	1035	1003	983	1036	1078	1082	1079	1061	1074	1072	1047	1070	1078
515	990	1042	1073	1013	990	1012	1010	1026	1039	1024	1038	1051	1047	1042	1031	1008	993	1020	1083	1084	1083	1093	1089	1087	1081	1091	1081
921	989	1075	1053	1010	1015	937	963	1022	1041	1041	1021	1034	1046	1017	1003	1011	989	1010	1067	1081	1082	1090	1094	1083	1068	1054	1082
950	1031	1087	1008	831	971	961	836	844	1002	1057	1032	1003	1005	1011	995	981	964	1005	1046	1069	1083	1086	1079	1068	1041	1058	1132
961	1060	1090	768	404	448	994	989	861	907	1066	1021	981	966	961	970	972	971	990	1036	1033	1023	1020	1064	1087	1085	1105	1199
987	1073	1029	602	344	156	747	1099	977	986	1055	989	966	1001	1063	1112	1116	1088	1005	964	968	947	1020	1098	1095	1094	1043	1169
1007	1079	984	592	461	368	752	1108	1057	1054	999	1020	1097	1142	1154	1160	1174	1159	1131	1032	969	966	1058	1095	1101	1111	1126	1120
25	22	25	24	22	23	24	24	23	25	25	26	23	25	24	26	26	26	27	25	26	24	24	28	26	25	26	29
24	24	24	24	23	23	25	23	23	23	25	26	25	26	25	25	25	26	24	26	25	26	25	27	24	27	28	29
25	24	25	24	24	25	23	23	25	23	22	25	26	24	25	25	25	26	24	24	25	26	28	26	25	28	26	26
25	23	25	24	23	25	25	25	25	24	23	26	25	25	26	24	24	24	23	24	28	26	28	26	27	29	26	28
23	24	25	24	23	24	24	25	23	26	25	25	23	26	26	24	24	24	26	25	24	26	29	28	29	30	29	26
24	24	24	24	23	25	23	24	24	24	25	25	24	25	24	23	23	22	27	24	25	25	27	27	30	29	28	29
23	25	24	23	25	24	23	25	23	25	24	26	24	25	25	24	24	25	25	31	39	40	36	32	32	29	29	29
22	24	23	23	25	24	24	24	23	24	23	25	23	23	24	24	29	40	56	63	59	46	36	32	28	25	25	18
24	23	22	24	23	24	27	21	23	24	25	22	23	22	21	10	3	10	28	66	116	162	190	197	175	132	97	119
23	24	22	24	23	23	24	24	22	23	24	20	14	0	0	84	288	514	694	809	878	911	928	930	914	884	823	809
23	23	21	23	22	23	23	23	23	25	11	0	20	257	596	850	957	970	958	942	940	934	932	934	936	944	989	1004
22	23	21	23	23	25	24	26	24	6	38	309	731	950	966	943	928	927	930	933	938	953	968	973	963	965	981	992
25	23	24	23	25	26	26	22	4	189	665	953	955	923	923	930	946	970	991	1028	1062	1076	1058	1008	993	973	978	974
24	25	25	24	25	27	21	12	349	871	966	928	933	962	1008	1037	1050	1037	1006	1027	1022	1007	1021	1033	1056	1057	1049	1042
23	24	24	26	29	19	1	436	943	944	938	983	1031	1065	1076	1061	987	967	1018	1033	1012	1053	1029	1046	1082	1078	1079	1074
25	24	26	29	19	1	498	971	941	986	1053	1077	1063	1042	1034	1067	1027	1013	1065	1070	1067	1070	1030	1063	1066	1039	1026	1031
25	24	27	19	4	535	979	969	1037	1069	1058	1056	1041	1037	1037	1062	1058	1002	1001	1027	1060	1068	1056	1011	972	962	968	978
26	27	18	7	551	987	1012	1074	1057	997	1038	1055	1050	1050	1049	1058	1059	1025	1029	1068	1062	1044	1006	995	1018	979	1009	959
25	22	0	521	989	1030	1086	1049	977	984	1035	1060	1062	1064	1059	1066	1052	1054	1048	1052	1064	1011	984	1080	1045	1031	1089	1013
26	0	433	976	1028	1078	1045	975	970	970	1020	1040	1056	1066	1072	1069	1053	1044	1062	1071	1080	1010	1008	1043	1033	1085	1037	965
0	277	943	1017	1074	1054	980	971	966	963	986	1009	1028	1050	1062	1050	1040	1039	1074	1085	1073	1008	999	1005	1002	1070	1057	1035
91	832	1004	1070	1064	978	965	963	965	966	992	1047	1045	1056	1055	1051	1033	1004	1065	1081	1078	1046	1057	1050	1045	1072	1092	1097
581	985	1040	1076	1000	958	982	990	1015	1048	1043	1010	1062	1049	1057	1061	1036	981	1040	1081	1086	1091	1094	1095	1087	1093	1094	1088
935	990	1066	1053	987	1001	1024	1043	1063	1063	1072	1038	1042	1072	1057	1053	1044	986	988	1054	1083	1083	1087	1087	1070	1028	1047	1092
945	1041	1090	940	624	907	1028	985	1026	1027	1055	1072	1045	1063	1052	1026	1004	970	972	1028	1067	1088	1086	1074	1068	1044	1039	1108
968	1063	1080	383	0	301	984	1028	1016	1059	1060	1062	1053	1015	986	991	985	967	954	985	996	1010	1045	1078	1088	1094	1093	1181
999	1086	952	43	0	80	741	1067	983	1046	1065	1042	1009	990	1054	1120	1137	1115	1022	948	949	947	1040	1106	1095	1095	1071	1105
1021	1089	894	356	450	529	771	1072	1048	1055	1018	998	1026	1119	1153	1155	1158	1163	1150	1019	934	1007	1048	1079	1066	1059	1084	1106
24	24	25	23	22	24	26	23	25	24	25	24	23	25	24	24	25	25	24	25	25	24	25	26	25	26	25	25
24	24	25	24	22	23	24	23	24	23	24	26	24	25	24	26	26	24	24	24	24	26	25	26	25	26	25	25
25	24	25	24	25	24	24	25	23	23	23	24	26	24	25	25	25	24	25	22	25	25	26	25	26	25	25	26
24	25	24	24	25	25	25	25	25	25	23	24	25	24	26	23	24	23	24	24	25	26	26	25	25	26	25	27
23	25	25	23	26	24	25	25	24	25	24	25	23	25	27	24	24	24	24	25	24	25	25	26	28	26	26	26
25	24	24	24	25	25	25	25	25	25	25	26	25	23	27	23	23	24	24	25	25	25	23	24	24	23	24	25
24	26	23	24	24	23	26	24	24	25	26	26	26	25	27	25	27	25	26	26	27	34	45	52	50	41	33	28
24	25	25	23	25	25	23	25	24	25	24	24	24	24	23	24	28	27	24	23	31	38	41	41	50	61	65	61
25	25	23	25	24	24	24	24	25	24	26	24	26	23	25	17	0	0	9	71	143	189	208	176	90	11	4	17
24	26	23	26	25	24	24	24	25	23	25	23	19	4	0	51	242	482	692	822	890	925	944	936	885	657	267	164
24	24	22	24	24	23	24	23	25	26	19	4	13	156	484	797	949	971	954	942	936	936	923	926	936	1016	962	900
25	24	24	24	25	24	24	25	26	14	13	202	593	901	976	950	929	920	922	923	922	935	950	952	939	971	987	1029
23	24	25	24	24	24	26	27	7	64	470	888	969	935	921	925	932	949	968	991	1028	1058	1061	1033	997	985	962	974
25	24	25	25	25	26	28	0	135	700	975	942	924	936	968	1017	1051	1062	1029	1051	1047	1029	980	957	971	978	968	960
25	23	27	28	25	25	0	252	857	974	927	940	976	1020	1058	1045	1012	996	1004	1015	1003	1017	1021	1022	1015	1013	1001	992
26	23	26	26	23	0	368	933	956	955	1004	1020	1033	1039	1048	1034	1005	1026	1047	1049	1062	1065	1034	1053	1004	995	997	1007
25	24	27	17	0	459	964	967	1012	1062	1019	1006	1037	1058	1065	1047	1036	975	951	1004	1026	1055	1057	1009	960	959	966	964
25	27	19	0	515	980	1005	1070	1058	991	977	1022	1039	1063	1070	1048	1061	1021	986	1076	1078	1070	1011	955	972	947	956	984
23	24	0	520	992	1027	1082	1046	1009	1014	999	1010	1016	1054	1078	1078	1075	1075	1066	1061	1043	998	962	1004	986	979	1017	1050
22	0	438	980	1029	1082	1059	969	1007	1058	1034	994	973	1028	997	1022	1054	1058	1067	1032	1028	1002	977	1071	1037	1057	1072	988
0	286	942	1017	1074	1056	937	903	1013	1072	1027	978	966	1038	1059	1047	1052	1074	1051	1064	1089	1032	978	1050	1029	1055	1094	1026
107	843	999	1069	1061	960	885	992	1083	1070	1040	1041	1058	1073	1082	1073	1070	1065	1054	1083	1093	1050	1008	1007	1019	1015	1040	1031
616	982	1042	1070	1009	956	978	1075	1081	1059	1057	1067	1072	1061	1049	1075	1074	1040	1070	1087	1090	1068	1065	1037	1050	1035	1012	1006
941	997	1074	1043	969	956	1031	1079	1073	1074	1076	1049	1053	1068	1063	1067	1076	1049	1075	1082	1079	1065	1083	1054	1031	1003	1005	1093
944	1043	1075	1004	954	945	1037	1079	1066	1055	1070	1045	1044	1069	1075	1070	1059	1019	1049	1073	1072	1077	1067	1056	1084	1092	1051	1120
969	1068	1067	888	723	877	1014	1073	1081	1060	1054	1063	1071	1073	1055	1004	966	957	996	1064	1067	1022	1031	1089	1094	1102	1076	1168
1004	1071	1010	713	555	750	1002	1052	1088	1060	1065	1074	1065	1012	1008	1035	1055	1050	1003	997	971	958	1023	1105	1098	1092	1064	1045
1024	1062	986	864	791	883	1007	1028	1051	1048	1043	1007	1001	1041	1109	1135	1137	1142	1076	968	933	1000	1088	1024	1062	1109	1142	1147
24	23	25	22	24	25	24	24	25	24	25	23	23	26	24	24	26	24	25	24	24	24	25	24	25	24	24	23
24	22	24	24	22	25	26	23	24	24	24	25	23	25	24	25	25	24	26	24	24	25	24	23	25	25	25	23
25	25	24	24	24	23	26	24	23	25	23	24	26	24	24	26	25	24	26	22	24	24	25	25	25	23	23	25
24	24	25	24	24	25	24	26	24	23	24	24	26	24	25	26	24	24	24	24	23	24	24	24	25	26	25	23
23	24	24	24	25	24	24	25	25	24	23	24	25	26	26	26	24	24	24	25	25	24	23	24	25	26	25	25
25	24	23	24	25	24	24	25	25	25	24	25	26	26	27	25	24	25	23	24	25	25	24	24	23	23	24	23
25	25	24	22	25	24	24	27	23	23	25	26	25	26	29	28	26	25	26	25	25	25	24	27	33	41	44	45
24	26	23	24	24	24	24	25	24	23	24	24	24	27	23	27	26	27	27	24	18	13	17	28	47	56	59	60
23	25	23	23	25	23	25	24	24	22	24	22	27	25	26	22	9	0	0	21	75	135	185	176	91	7	6	2
24	23	23	24	24	25	24	25	24	22	23	25	23	16	4	3	99	310	540	717	830	888	921	919	866	616	229	376
24	25	23	22	24	25	23	25	23	22	22	17	13	67	273	596	853	963	970	954	945	941	926	928	938	995	905	932
22	24	23	24	23	25	24	24	26	23	8	43	310	704	935	968	943	926	923	919	922	933	932	931	928	932	972	966
22	23	23	24	24	22	24	25	21	0	157	629	937	962	929	918	920	926	941	964	990	1025	1045	1050	1032	1003	993	1003
24	21	22	24	27	25	26	6	11	374	869	972	933	921	927	960	1002	1040	1063	1070	1071	1057	1021	983	973	964	957	965
25	23	24	23	25	26	0	91	639	973	950	929	943	978	1031	1056	1047	1024	993	982	966	957	957	951	949	948	946	951
25	23	25	25	22	0	227	826	986	939	968	992	996	993	987	961	959	973	975	988	981	966	972	963	951	946	956	971
23	24	26	23	0	355	919	974	984	1047	1035	977	963	964	958	954	981	1036	1064	1064	1032	992	976	957	960	941	951	955
25	25	23	0	435	960	995	1058	1086	1043	863	902	989	979	974	982	1012	1064	1076	1088	1079	1000	960	957	953	948	966	1001
25	26	0	446	982	1023	1095	1030	865	980	1057	1045	1019	1014	1042	1044	1052	1065	1065	1081	1075	999	970	960	961	980	1014	1060
25	0	368	968	1031	1099	977	413	346	704	1073	1080	1041	1040	1035	1050	1053	1058	1059	1063	1063	1019	987	986	975	1000	1085	1050
0	239	918	1020	1090	1009	336	117	311	695	1075	1086	1044	1046	1060	1059	1067	1067	1050	1066	1080	1065	999	1043	1057	1046	1056	1027
86	822	1001	1064	1070	480	108	267	532	956	1098	1067	1060	1072	1073	1064	1074	1068	1045	1081	1089	1097	1048	1024	1089	1022	985	989
586	985	1046	1086	889	339	397	621	961	1101	1074	1075	1078	1076	1070	1065	1073	1066	1077	1086	1091	1077	1073	1030	1035	990	960	939
936	1000	1075	1053	866	684	762	996	1111	1085	1079	1068	1069	1072	1073	1076	1071	1074	1087	1087	1084	1035	1035	1031	1011	1001	972	1011
948	1047	1074	1000	848	767	874	1066	1078	1074	1082	1067	1034	1062	1071	1075	1077	1072	1086	1080	1078	1071	1047	1044	1079	1100	1043	1085
971	1066	1056	930	800	741	926	1070	1030	1066	1084	1073	1027	1013	1052	1052	1067	1066	1072	1074	1075	1063	1009	1090	1095	1098	1085	1207
1009	1069	1041	852	769	846	979	1044	986	1070	1087	1073	1055	998	1037	1051	1068	1070	1070	1065	1050	1006	1049	1099	1097	1088	1068	1032
1035	1067	1027	860	795	911	1054	1050	1034	1078	1072	1063	1079	1078	1075	1082	1078	1062	1029	1007	973	953	1051	1007	1075	1111	1122	1120
24	23	24	23	22	24	24	23	26	23	26	24	23	26	24	24	25	25	25	24	25	24	23	24	25	25	25	24
24	23	24	24	23	23	25	23	24	25	25	24	23	26	25	24	25	25	24	25	24	24	24	25	24	24	24	25
25	24	25	24	25	24	24	24	25	24	24	23	25	25	24	25	25	25	25	24	24	23	26	25	25	23	25	24
24	24	25	24	24	27	23	24	25	25	25	25	25	25	24	25	25	24	24	25	24	23	25	24	25	26	26	24
24	23	24	23	23	26	25	24	24	24	25	24	27	25	26	24	25	25	24	23	25	21	25	25	25	26	24	26
23	24	24	22	23	25	24	26	25	24	25	24	26	27	25	25	25	24	25	24	25	25	25	24	23	25	26	27
24	23	25	23	24	24	24	25	25	24	25	25	25	27	28	25	26	25	24	24	25	25	24	23	27	26	26	29
25	24	22	23	25	23	24	24	24	25	24	25	24	27	24	26	26	26	26	28	24	24	19	15	23	28	39	43
23	24	22	22	25	23	23	24	24	23	27	24	26	24	26	25	22	9	1	0	5	24	48	62	63	47	41	74
24	23	24	22	22	25	24	23	24	23	25	25	26	23	17	8	23	108	274	456	614	718	781	806	799	765	737	825
22	22	21	23	21	22	24	23	22	24	23	24	17	4	74	304	608	842	949	971	968	955	947	946	947	953	969	957
22	22	21	23	23	22	22	25	26	26	23	0	42	337	731	943	970	942	928	926	926	923	921	922	922	923	922	928
22	21	22	22	23	23	22	23	28	9	0	219	690	952	958	927	922	923	923	939	956	983	1004	1018	1019	1003	975	990
25	22	22	21	23	22	25	21	0	91	560	933	967	928	917	927	958	996	1035	1060	1075	1070	1054	1033	1031	1011	987	982
25	23	23	22	24	24	5	3	335	844	987	938	931	956	1006	1049	1060	1043	1024	1010	988	967	993	1039	1045	1027	1007	987
25	23	24	25	25	0	88	626	968	953	950	973	992	1020	1013	982	983	1019	1040	1050	989	961	1048	1072	1070	1039	991	983
25	27	25	26	0	207	818	982	961	1021	1044	996	1026	1000	988	988	1042	1075	1076	1088	1056	999	1043	1064	1048	997	957	956
25	28	30	0	279	899	1001	1046	1092	1094	995	943	1081	1073	1056	1032	1069	1081	1084	1088	1080	1049	1038	1020	966	951	951	985
28	28	0	291	926	1020	1099	1015	513	429	910	1089	1091	1091	1083	1071	1075	1082	1083	1087	1086	1080	1075	998	950	976	1038	1052
26	0	243	918	1033	1102	906	189	0	0	469	1089	1090	1095	1086	1077	1082	1088	1080	1082	1088	1088	1082	990	995	1029	1100	1018
0	157	867	1022	1091	960	139	0	9	12	489	1085	1089	1093	1083	1077	1090	1090	1085	1084	1087	1086	1046	969	977	1003	1019	973
40	754	1012	1066	1078	339	0	0	0	207	835	1045	1031	1083	1091	1085	1092	1095	1089	1079	1089	1095	1024	979	1058	1057	995	977
482	986	1044	1086	913	250	290	242	323	835	1075	1015	1040	1075	1091	1089	1091	1095	1090	1088	1091	1097	1058	1006	1066	1018	968	944
906	1002	1072	1049	916	754	609	617	983	1068	1057	1082	1051	1057	1087	1094	1086	1090	1093	1091	1090	1073	1035	1026	976	965	962	994
953	1044	1070	1014	844	779	712	813	1023	982	1055	1078	1045	1046	1087	1093	1093	1090	1094	1090	1082	1067	1025	1012	1036	1058	1002	1066
975	1067	1058	964	747	665	727	924	981	976	1078	1080	1073	1043	1080	1100	1096	1097	1093	1080	1068	1041	994	1077	1097	1101	1080	1167
1014	1071	1048	909	759	726	804	988	943	1031	1083	1081	1075	1065	1059	1080	1094	1090	1085	1076	1067	1029	1059	1095	1093	1088	1088	1077
1040	1073	1025	927	722	732	920	1025	1034	1073	1080	1043	1042	1062	1066	1064	1079	1080	1080	1056	1002	957	1027	1058	1091	1112	1115	1129
24	24	25	24	24	25	26	24	25	23	24	24	24	25	25	24	24	25	25	25	25	25	24	24	25	25	24	24
25	24	25	24	24	24	25	25	25	24	24	25	23	25	25	25	25	25	26	25	25	25	24	25	25	24	25	25
24	24	25	23	25	25	24	25	25	24	24	24	24	25	25	25	24	24	25	25	25	25	25	25	25	26	25	25
25	23	24	24	24	26	24	24	24	26	24	25	25	25	25	24	24	25	24	24	25	23	26	25	24	26	25	26
24	24	24	23	24	25	24	25	24	25	24	25	27	25	25	25	24	25	24	24	24	24	26	24	25	26	25	25
24	24	25	23	24	23	24	25	25	23	26	25	27	25	25	26	23	25	25	25	25	25	24	25	25	24	24	26
22	23	24	24	24	25	24	24	25	25	24	26	26	26	26	25	26	25	25	25	25	24	26	23	24	24	25	27
24	24	23	23	24	25	25	25	24	26	25	25	27	26	25	25	27	25	27	26	25	26	24	23	24	23	22	21
23	23	23	22	24	25	24	26	23	24	26	25	26	24	25	28	25	21	15	10	4	1	1	3	6	13	26	54
23	23	23	24	23	24	23	24	24	23	25	25	23	25	26	20	14	36	98	195	311	414	488	551	597	648	705	772
24	22	22	24	24	22	24	24	23	23	23	22	21	17	0	60	268	546	769	899	952	970	973	972	968	967	961	955
22	22	21	21	22	21	22	22	23	24	25	21	0	34	321	705	926	977	956	942	928	924	922	923	922	924	927	931
21	21	22	22	23	21	24	23	28	27	2	13	292	733	959	963	932	925	922	926	934	949	963	980	989	997	973	972
25	23	23	24	22	23	23	25	9	0	204	678	963	965	927	924	938	959	982	1022	1057	1065	1068	1060	1073	1079	1077	1048
25	25	24	22	21	22	19	0	97	557	932	979	935	940	979	1021	1042	1039	1043	1047	1035	1043	1072	1080	1098	1101	1100	1094
25	23	26	23	23	7	6	361	855	983	952	957	984	1033	1050	1042	1031	1044	1051	1059	1036	1049	1092	1097	1100	1096	1090	1078
26	27	26	25	2	60	612	976	977	1005	1040	1042	1079	1078	1075	1065	1084	1087	1084	1092	1080	1084	1097	1095	1072	1016	1006	986
25	27	30	1	113	749	1018	1043	1092	1085	1116	1092	1089	1092	1093	1082	1090	1084	1080	1084	1086	1091	1086	1037	958	957	965	1020
26	27	1	127	798	1035	1077	1085	685	396	828	1104	1084	1093	1090	1092	1097	1079	1073	1082	1085	1087	1067	977	954	1015	1036	1031
23	1	115	803	1037	1079	1049	549	11	0	105	989	1082	1066	1075	1089	1093	1081	1071	1080	1080	1069	1036	1013	1020	999	1090	997
9	65	756	1032	1072	1040	524	42	7	0	1	869	1068	1040	1054	1065	1074	1075	1064	1075	1071	1047	1017	994	996	973	967	951
4	614	1016	1068	1084	648	38	0	0	10	456	1031	1029	1018	1039	1038	1053	1062	1065	1066	1059	1010	969	977	1010	980	942	931
329	971	1032	1072	1031	551	359	373	395	756	1058	1042	1042	1028	1018	1039	1041	1056	1068	1066	1028	1019	982	955	1045	1069	982	934
825	1005	1067	1051	1005	863	738	644	930	1045	947	1088	1071	1031	1008	1043	1057	1074	1084	1081	1057	1058	1038	958	1008	1019	974	964
973	1033	1073	1034	905	848	796	665	1005	1034	998	1080	1081	1045	1003	1060	1074	1083	1090	1087	1081	1048	1028	965	963	970	968	1052
973	1061	1062	999	781	697	737	829	1006	1058	1074	1077	1082	1034	1006	1050	1064	1070	1068	1078	1055	1026	1021	1021	1066	1061	1065	1144
1010	1074	1028	985	818	751	820	920	978	1068	1084	1065	1012	984	962	992	1030	1041	1051	1065	1055	1039	1038	1096	1096	1094	1102	1142
1034	1075	983	1000	809	801	855	916	1017	1063	1076	1024	963	957	972	969	1029	1079	1035	1032	990	983	1031	1097	1097	1089	1088	1087
23	22	23	24	24	25	24	25	25	23	25	24	23	25	24	25	24	25	26	25	26	25	26	24	25	25	24	24
25	23	22	23	24	23	25	25	24	25	26	23	23	24	25	25	24	24	28	26	26	25	26	23	25	25	24	25
24	24	23	23	24	22	25	23	24	24	27	24	23	24	24	25	25	26	25	27	26	25	26	26	25	25	24	25
25	24	25	24	23	23	24	24	24	24	25	26	22	24	23	25	25	26	24	27	25	26	27	26	25	24	26	26
24	25	22	26	23	23	24	23	25	26	23	26	24	24	24	24	24	26	25	26	24	26	26	27	28	25	26	24
23	24	23	25	23	23	24	24	24	26	25	24	26	24	24	25	25	24	25	26	26	25	24	26	28	27	24	26
23	24	23	23	24	24	23	25	25	23	26	25	23	27	24	26	25	23	25	25	26	24	25	26	25	26	27	29
22	23	24	23	23	25	24	26	25	24	25	26	25	25	28	24	26	25	25	25	24	25	22	21	22	23	25	25
24	22	22	24	23	23	24	26	24	24	24	24	26	27	27	26	27	26	24	24	21	23	26	33	34	38	37	32
23	23	23	22	24	22	24	25	24	24	25	25	26	26	28	30	25	18	20	47	95	149	194	228	261	310	363	426
24	23	24	22	26	23	24	25	22	23	25	23	24	24	18	0	13	129	342	558	716	814	874	907	934	952	966	973
22	22	21	19	21	22	20	21	20	20	22	25	20	0	17	229	575	842	946	978	963	945	935	931	931	928	930	930
21	22	21	21	20	24	24	23	25	27	24	0	22	285	695	936	970	946	927	922	926	928	938	950	964	983	973	963
24	24	21	23	22	23	22	24	26	3	10	260	707	958	966	935	941	954	965	983	1010	1035	1052	1061	1056	1039	1035	996
26	25	23	22	23	21	22	9	0	211	664	951	967	937	962	995	1020	1021	1045	1082	1088	1088	1091	1087	1085	1069	1078	1087
26	26	25	24	22	19	0	105	579	935	978	956	980	1030	1058	1074	1076	1083	1082	1086	1093	1094	1096	1097	1097	1092	1085	1078
23	25	25	30	20	0	286	843	992	994	1018	1040	1082	1055	1077	1099	1099	1096	1095	1092	1092	1088	1090	1076	1031	990	1003	982
26	25	26	19	4	438	955	1023	1041	1084	1090	1085	1092	1088	1094	1080	1091	1092	1085	1079	1089	1085	1019	969	971	985	966	1045
25	25	17	9	515	1006	1068	1082	991	944	1070	1093	1088	1089	1070	1028	1059	1056	1038	1015	1029	1029	968	950	999	1047	1005	1024
24	15	12	539	1016	1067	1090	992	487	427	768	1093	1060	1005	984	995	1009	1007	985	987	1002	996	994	984	981	1024	1029	1018
21	3	494	1010	1062	1079	1000	428	190	306	634	1058	1057	1019	986	962	970	978	963	982	1004	987	1003	974	951	945	939	950
0	323	967	1050	1077	1025	548	288	467	674	945	1079	1080	1065	1010	970	972	973	971	981	999	971	961	977	957	939	955	1018
105	837	1026	1071	1057	937	744	825	936	1053	1079	1079	1081	1075	985	968	970	976	981	992	985	945	979	991	996	1026	987	990
534	1013	1060	1069	1017	920	951	1058	1084	1071	1054	1076	1078	1063	968	966	968	986	994	998	987	990	1005	950	984	1058	1028	968
900	1032	1074	1036	952	929	950	982	1065	1071	1071	1065	1072	1040	959	970	969	985	993	1029	1070	1070	1018	949	949	979	987	1064
980	1061	1072	970	943	930	775	924	1012	1060	1074	1066	1047	994	980	968	962	974	982	1068	1056	983	996	967	965	1016	1101	1213
1003	1074	1033	941	908	975	913	947	1002	997	940	984	983	989	994	964	964	953	971	1018	1016	1015	1042	1059	1058	1098	1122	1105
1028	1065	988	939	896	936	1011	995	1014	1033	946	972	992	973	970	958	966	989	952	1036	1011	1017	1083	1094	1098	1095	1097	1099
23	23	25	24	24	24	24	24	25	24	24	25	24	25	24	24	24	25	25	25	25	26	23	25	26	25	24	25
24	24	24	24	24	24	24	24	25	25	25	24	24	25	25	25	24	26	25	25	25	26	24	25	26	26	25	24
24	25	23	25	24	24	24	24	24	25	26	25	25	25	24	25	25	25	25	25	26	25	25	25	25	25	25	25
23	24	25	24	25	23	25	23	25	24	25	25	25	24	24	25	25	25	26	25	25	25	25	25	26	24	25	24
23	24	24	25	24	24	25	24	25	25	25	26	25	25	24	26	25	26	25	26	25	25	27	26	26	27	25	23
24	24	24	24	25	24	24	24	24	26	25	26	26	25	25	26	26	25	23	25	25	25	26	27	27	25	26	23
25	23	25	24	25	24	25	25	24	24	26	25	25	25	26	26	26	25	26	26	25	25	25	27	28	26	24	26
24	24	25	24	25	24	26	26	27	24	25	24	26	26	26	27	26	26	26	26	26	27	27	26	23	22	20	22
23	24	25	24	25	23	24	26	26	25	25	26	27	26	27	27	27	28	27	28	28	26	25	31	40	49	59	63
23	23	26	24	24	24	24	25	24	25	25	26	26	27	27	29	29	31	27	15	11	23	43	70	89	100	115	133
25	24	24	26	25	24	26	26	23	25	25	25	26	26	29	25	7	0	18	121	276	422	545	625	680	728	767	810
22	23	23	22	22	22	22	23	21	22	23	24	26	19	0	2	142	424	695	876	943	959	965	957	956	958	954	952
21	22	23	22	22	22	24	23	24	25	29	21	0	19	253	628	892	974	960	942	929	924	929	937	946	963	968	962
23	24	23	24	24	23	25	24	28	23	0	22	299	712	956	975	947	930	942	948	968	1000	1026	1045	1054	1023	964	946
23	25	25	23	25	24	25	24	3	17	293	724	957	961	951	974	992	1018	1051	1063	1079	1083	1084	1082	1084	1059	991	1023
24	24	24	23	24	27	14	0	219	689	956	972	969	1010	1059	1079	1071	1082	1088	1092	1090	1090	1092	1091	1090	1102	1058	1003
21	24	22	25	26	6	39	491	923	997	1004	1045	1068	966	1069	1099	1099	1095	1095	1094	1094	1097	1093	1081	1056	1041	991	966
22	25	22	24	1	103	676	1002	1026	1063	1084	1091	1090	1083	1095	1067	1075	1081	1073	1043	1022	1038	1031	1005	1041	990	954	1062
22	22	22	1	146	765	1051	1062	1080	1098	1091	1085	1091	1082	1048	974	971	977	953	935	946	960	949	971	1036	1021	1020	1045
21	26	2	152	795	1069	1077	1059	1075	1100	1111	1088	1082	1055	1002	967	956	991	943	945	964	994	988	1004	1049	977	969	966
26	7	113	767	1069	1081	1032	1028	1026	1072	1109	1089	1078	1076	1063	996	962	959	962	984	972	969	974	991	971	961	994	1013
17	33	654	1060	1086	1042	1018	978	1001	1093	1096	1079	1078	1080	1079	1043	985	965	973	958	941	953	953	946	956	1023	1088	1124
0	421	1026	1076	1069	1025	1048	969	923	1028	1079	1065	1054	1047	1043	1044	1022	981	943	939	960	1000	992	999	982	992	989	1048
134	896	1082	1082	1022	1030	1049	1040	1045	1056	1073	1028	1010	981	966	981	989	961	964	989	951	952	972	975	999	1013	1015	985
545	1071	1082	1055	975	1040	1050	1066	1068	1063	1064	1023	1009	1011	1008	1002	962	955	948	966	1005	1053	1019	940	948	1001	1024	1019
907	1077	1060	994	967	1057	1000	1059	1057	1050	1027	1044	1041	1058	1059	1021	975	957	945	1033	1057	1000	980	939	962	1033	1047	1076
1039	1043	1031	946	976	1056	900	974	1068	960	732	978	1067	1076	1065	1027	982	971	994	1013	974	1000	1031	1011	1054	1111	1083	1062
1045	1033	1024	916	964	1044	841	820	855	818	678	966	1013	1011	1000	970	990	1013	1031	1025	990	1032	1048	1092	1209	1130	1078	1092
