1099	1114	1117	1109	1113	1123	1120	1116	1116	1139	1158	1131	1116	1129	1150	1137	1100	1104	1120	1122	1131	1141	1139	1137	1115	1039	1061	1003
1112	1115	1115	1115	1111	1120	1120	1119	1123	1124	1146	1149	1126	1131	1118	1116	1125	1126	1125	1118	1133	1136	1136	1144	1075	1074	1112	1058
1109	1115	1116	1119	1115	1115	1116	1115	1117	1122	1136	1129	1128	1122	1118	1120	1117	1116	1128	1048	1102	1138	1141	1106	1042	1106	1113	1090
1106	1115	1115	1112	1117	1115	1124	1116	1113	1116	1125	1127	1133	1149	1126	1115	1122	1122	1086	1026	1057	1074	1035	1057	1082	1106	1138	1152
1110	1120	1117	1115	1121	1117	1114	1118	1123	1124	1131	1119	1123	1144	1116	1114	1126	1111	1057	1051	1076	996	971	1072	1091	1095	1156	1151
1104	1119	1111	1119	1118	1122	1112	1111	1112	1117	1115	1122	1117	1114	1115	1120	1106	1013	982	940	964	942	996	1107	1046	1011	1143	1145
1088	1119	1115	1116	1120	1111	1111	1112	1120	1113	1124	1122	1118	1119	1119	1109	1076	1091	1116	987	932	922	990	1085	1049	1078	1152	1128
1219	1114	1115	1112	1112	1113	1114	1116	1117	1122	1120	1128	1122	1117	1117	1128	1154	1192	1203	1115	939	942	1059	1158	1266	1302	1315	1290
1450	1233	1091	1111	1114	1116	1117	1117	1116	1114	1117	1128	1124	1109	1123	1160	1183	1187	1203	1157	928	982	1130	1181	1170	1146	1168	1218
1282	1391	1099	1111	1110	1109	1114	1114	1114	1117	1120	1117	1112	1113	1137	1181	1208	1193	1188	1149	929	1044	1157	1146	1151	1147	1152	1145
1057	1357	1185	1101	1112	1115	1108	1115	1111	1115	1119	1111	1123	1109	1142	1187	1208	1186	1192	1111	918	1079	1206	1184	1194	1179	1204	1211
979	1128	1269	1095	1113	1110	1110	1110	1114	1113	1115	1116	1121	1110	1128	1189	1198	1198	1208	1040	913	1097	1285	1222	1232	1245	1240	1273
942	1040	1059	1079	1100	1115	1113	1115	1118	1119	1126	1114	1120	1117	1072	1127	1186	1206	1163	953	953	1010	1269	1292	1295	1283	1282	1307
911	996	1056	1019	1085	1108	1109	1114	1120	1125	1120	1114	1123	1125	1048	1031	1086	1131	1025	929	1008	993	1076	1277	1246	1110	1088	1175
920	915	1019	1041	1046	1095	1104	1125	1117	1113	1115	1122	1125	1099	1001	975	946	928	947	1037	1055	983	1018	1009	1043	1056	1059	1034
986	908	920	990	1035	1066	1053	993	1111	1140	1130	1108	1060	961	930	933	967	986	1061	1319	1173	980	944	1220	1306	1088	1030	1158
580	1005	906	907	954	1027	1071	918	659	804	940	1019	1019	995	992	1037	1008	964	1273	1415	1134	1032	982	1348	1547	1458	1439	1459
80	829	970	905	920	925	999	1098	1012	952	983	988	896	848	898	1019	1057	1089	1106	1086	1083	1078	1035	1068	1291	1282	1335	1314
44	220	962	941	897	907	918	953	1046	1161	1390	1437	1288	1077	1038	1031	1033	1085	1075	1066	1081	1092	1091	1068	1082	1271	1303	1121
294	157	350	964	959	910	898	910	926	963	1031	1113	1104	1105	1088	1076	1057	1084	1089	1083	1079	1083	1095	1086	1077	1140	1257	1068
90	237	280	439	882	1010	949	921	914	913	926	963	1027	1071	1085	1085	1081	1088	1068	1073	1087	1086	1088	1090	1061	1107	1330	1119
62	52	86	170	326	642	891	994	1005	969	933	924	917	931	960	980	994	1001	978	966	980	969	964	958	950	1019	1167	1018
69	70	71	57	58	96	218	419	649	852	989	1030	1006	978	964	955	924	917	924	926	927	923	929	934	938	930	942	935
47	65	67	70	74	71	60	51	72	155	304	488	681	834	884	923	1028	1028	1021	1003	995	989	985	1004	1002	1001	1014	997
235	58	35	57	68	67	72	78	74	64	49	41	60	119	198	286	444	567	668	757	830	882	910	821	930	988	990	992
584	611	395	154	46	42	58	69	72	75	75	76	70	60	58	60	49	50	66	81	113	141	168	182	210	235	240	237
115	228	456	625	584	385	185	64	34	55	69	73	74	74	76	70	73	72	73	74	66	66	61	54	58	47	55	55
135	125	109	135	257	454	593	632	511	227	77	72	75	70	76	74	70	68	71	69	73	75	76	76	79	78	75	77
1100	1113	1115	1111	1115	1122	1116	1116	1120	1143	1154	1128	1116	1135	1152	1132	1107	1110	1120	1123	1131	1141	1137	1137	1120	1051	1048	995
1112	1114	1114	1113	1113	1120	1118	1118	1121	1126	1146	1142	1128	1140	1125	1118	1123	1124	1124	1116	1135	1137	1138	1144	1077	1078	1107	1048
1110	1116	1116	1118	1114	1115	1115	1115	1118	1122	1137	1129	1135	1130	1118	1121	1119	1121	1126	1043	1103	1140	1142	1108	1042	1105	1115	1097
1108	1115	1114	1113	1117	1116	1121	1116	1114	1120	1127	1134	1139	1146	1123	1118	1124	1122	1076	1036	1047	1065	1041	1062	1084	1106	1139	1152
1108	1118	1115	1114	1120	1121	1113	1116	1120	1122	1129	1120	1121	1137	1118	1117	1124	1088	1045	1045	1062	992	974	1068	1095	1095	1156	1148
1100	1121	1115	1122	1118	1119	1113	1112	1112	1115	1115	1120	1117	1116	1115	1120	1089	1013	993	944	953	939	989	1102	1052	1008	1143	1148
1102	1117	1114	1117	1119	1112	1113	1114	1120	1115	1120	1120	1118	1117	1119	1103	1088	1124	1146	1012	930	924	988	1081	1046	1069	1136	1124
1285	1120	1113	1114	1115	1113	1114	1115	1117	1122	1121	1126	1119	1117	1121	1142	1166	1192	1203	1129	940	938	1057	1180	1283	1287	1283	1269
1440	1238	1090	1113	1113	1114	1116	1116	1116	1115	1121	1126	1121	1109	1132	1169	1184	1188	1208	1164	936	975	1158	1241	1203	1186	1193	1227
1259	1380	1097	1111	1112	1111	1116	1114	1116	1117	1119	1117	1114	1111	1150	1185	1211	1191	1191	1160	939	1044	1189	1177	1175	1184	1193	1187
1044	1338	1179	1102	1114	1115	1110	1115	1111	1113	1119	1114	1120	1105	1155	1190	1220	1193	1194	1123	924	1077	1197	1175	1190	1200	1230	1230
975	1110	1220	1096	1113	1111	1112	1110	1113	1114	1114	1115	1119	1103	1142	1192	1200	1205	1207	1052	917	1082	1238	1197	1214	1238	1243	1267
939	1040	1042	1076	1102	1116	1115	1115	1118	1118	1124	1114	1119	1110	1096	1149	1190	1206	1168	963	952	1012	1214	1262	1280	1265	1262	1292
907	991	1058	1025	1089	1108	1112	1115	1121	1124	1120	1115	1123	1118	1049	1065	1112	1148	1030	929	1009	1000	1067	1246	1224	1096	1077	1154
923	915	1013	1046	1052	1095	1106	1122	1117	1113	1115	1121	1127	1081	993	975	955	941	952	1035	1062	992	1009	1024	1046	1054	1061	1035
982	910	918	988	1038	1070	1067	1028	1106	1132	1125	1101	1048	952	926	931	962	999	1105	1283	1138	983	964	1372	1343	1063	1032	1140
550	1007	907	908	949	1027	1074	970	738	857	958	1013	1012	995	995	1041	1027	1063	1351	1378	1108	1034	1035	1398	1626	1436	1331	1511
65	799	973	904	914	923	995	1090	1039	1069	1079	1031	927	897	941	1026	1060	1091	1129	1090	1082	1093	1069	1094	1304	1334	1393	1332
46	193	948	948	897	909	914	948	1037	1157	1372	1411	1243	1069	1042	1031	1039	1085	1077	1069	1083	1093	1089	1067	1075	1231	1277	1104
293	156	323	953	962	907	902	913	925	959	1026	1100	1100	1102	1088	1076	1061	1082	1092	1086	1078	1085	1095	1089	1081	1114	1193	1072
90	237	280	419	873	1010	952	921	914	917	927	961	1019	1064	1083	1085	1079	1089	1071	1074	1087	1086	1089	1091	1066	1094	1290	1102
62	52	85	171	324	640	893	996	1004	969	934	923	915	928	956	977	994	1002	984	968	986	971	966	960	954	997	1119	1002
70	69	69	58	57	93	220	426	655	854	989	1028	1008	980	967	954	925	919	922	926	929	923	927	931	939	936	944	938
48	66	67	68	71	71	60	51	72	155	304	487	677	831	874	922	1027	1026	1022	1007	994	989	986	1004	1000	1001	1010	996
236	57	33	55	67	68	72	78	77	66	49	41	61	120	196	286	442	565	666	755	828	879	905	816	930	986	985	985
582	609	395	154	47	43	58	69	73	73	76	77	71	62	58	61	50	53	64	82	114	140	165	182	211	233	237	232
115	226	456	621	584	384	185	64	33	54	71	74	76	75	76	71	73	74	75	74	68	66	60	57	57	48	57	54
135	126	109	135	255	452	592	630	511	230	79	72	75	71	77	75	72	69	70	70	74	75	77	76	79	77	76	77
1102	1112	1113	1113	1117	1120	1109	1115	1127	1149	1149	1124	1117	1143	1156	1124	1117	1118	1121	1125	1132	1141	1134	1136	1128	1070	1028	983
1111	1112	1112	1111	1115	1121	1116	1117	1117	1128	1147	1130	1130	1155	1136	1120	1120	1122	1123	1114	1138	1138	1140	1143	1082	1083	1098	1033
1111	1117	1115	1117	1112	1114	1113	1116	1120	1123	1138	1129	1145	1143	1119	1123	1121	1129	1122	1034	1104	1142	1143	1111	1044	1104	1119	1108
1110	1115	1112	1115	1116	1118	1116	1117	1116	1126	1130	1144	1149	1141	1119	1122	1127	1122	1059	1052	1030	1052	1049	1070	1088	1106	1140	1151
1105	1115	1113	1112	1119	1127	1112	1114	1116	1118	1125	1122	1118	1125	1120	1122	1121	1051	1025	1034	1040	985	978	1062	1102	1096	1157	1143
1095	1124	1120	1126	1118	1114	1114	1113	1113	1112	1116	1118	1117	1118	1115	1118	1061	1014	1012	952	936	935	978	1094	1061	1004	1144	1152
1128	1114	1113	1118	1117	1114	1115	1117	1120	1117	1114	1116	1119	1115	1119	1094	1109	1176	1194	1052	928	926	986	1076	1041	1055	1111	1119
1387	1131	1111	1117	1120	1114	1113	1114	1116	1123	1122	1123	1114	1116	1126	1164	1184	1192	1203	1152	941	933	1055	1212	1307	1262	1232	1237
1422	1246	1089	1117	1112	1111	1115	1114	1116	1116	1127	1124	1116	1110	1147	1183	1185	1190	1216	1175	949	963	1201	1335	1253	1248	1229	1237
1221	1362	1093	1110	1115	1114	1119	1115	1118	1117	1118	1118	1116	1108	1171	1191	1217	1187	1195	1178	955	1043	1241	1226	1212	1241	1253	1250
1022	1305	1168	1103	1117	1114	1112	1114	1111	1111	1118	1118	1114	1099	1176	1195	1239	1206	1196	1143	932	1074	1184	1163	1186	1234	1267	1257
968	1079	1141	1097	1113	1112	1116	1110	1111	1116	1113	1114	1116	1091	1165	1196	1203	1217	1205	1071	923	1059	1168	1160	1188	1227	1248	1256
934	1040	1014	1071	1104	1117	1117	1115	1118	1117	1120	1115	1118	1098	1135	1185	1195	1205	1176	978	950	1017	1131	1216	1256	1237	1230	1270
902	983	1061	1035	1096	1107	1117	1116	1123	1122	1119	1116	1122	1106	1053	1121	1153	1175	1037	929	1011	1012	1054	1198	1190	1073	1059	1123
927	915	1002	1054	1060	1094	1108	1117	1117	1113	1115	1119	1129	1052	980	975	971	962	959	1033	1072	1006	996	1052	1051	1050	1062	1036
975	912	915	984	1042	1076	1089	1085	1099	1118	1118	1089	1028	937	920	927	954	1019	1174	1223	1082	987	997	1612	1403	1023	1035	1111
500	1009	908	910	941	1026	1079	1054	868	946	989	1003	1002	994	999	1048	1058	1225	1474	1315	1066	1038	1120	1478	1747	1396	1161	1587
42	750	978	903	905	921	990	1076	1084	1258	1236	1101	977	976	1010	1037	1065	1095	1165	1095	1081	1119	1124	1137	1324	1412	1470	1357
50	150	925	960	898	911	909	940	1021	1150	1341	1369	1169	1056	1048	1030	1048	1085	1080	1073	1085	1094	1086	1066	1065	1165	1231	1078
292	155	277	936	967	903	907	918	923	953	1017	1078	1093	1097	1087	1076	1067	1080	1097	1090	1076	1089	1095	1094	1088	1072	1091	1077
90	236	279	387	859	1010	956	920	913	924	929	958	1006	1053	1079	1084	1077	1091	1076	1075	1087	1085	1090	1093	1073	1074	1222	1075
61	51	84	172	320	637	896	999	1003	968	936	922	913	923	950	972	993	1004	994	970	996	974	968	964	959	961	1042	976
71	68	67	59	56	89	222	437	664	856	990	1026	1010	984	972	953	926	922	919	926	932	923	925	926	941	944	947	943
50	67	67	64	67	70	61	51	72	156	303	486	672	827	857	921	1025	1023	1023	1012	993	989	987	1005	998	1001	1005	995
238	55	30	53	65	70	73	78	81	68	49	41	62	122	192	287	438	562	664	752	826	874	898	808	930	983	976	975
578	605	394	154	48	44	58	69	74	69	77	79	72	66	57	62	51	57	61	83	116	139	161	181	212	229	232	225
114	222	456	615	583	383	184	65	31	52	75	76	78	77	77	73	74	76	79	73	72	66	58	61	56	50	59	52
136	127	110	135	251	448	590	627	511	235	83	73	74	73	78	76	74	71	69	72	76	74	78	77	80	76	78	76
1102	1113	1113	1115	1122	1120	1114	1118	1136	1153	1140	1119	1119	1144	1139	1101	1123	1124	1121	1131	1134	1144	1133	1136	1133	1071	1005	988
1104	1114	1117	1111	1123	1123	1114	1113	1116	1127	1144	1126	1136	1161	1137	1120	1127	1127	1126	1104	1139	1135	1141	1142	1096	1081	1086	1038
1112	1116	1116	1114	1115	1111	1113	1121	1124	1128	1140	1121	1150	1149	1124	1124	1124	1130	1112	1023	1104	1144	1148	1116	1072	1098	1116	1123
1109	1116	1113	1116	1115	1117	1121	1118	1121	1126	1128	1146	1147	1132	1122	1123	1131	1115	1046	1058	1024	1055	1051	1071	1094	1101	1139	1149
1100	1114	1113	1115	1121	1122	1117	1113	1117	1113	1130	1122	1114	1118	1120	1123	1099	1009	1008	1015	1015	976	987	1055	1103	1094	1154	1142
1094	1125	1123	1125	1120	1112	1114	1112	1118	1112	1117	1118	1114	1117	1121	1101	1035	1055	1050	970	933	936	976	1090	1072	993	1135	1150
1218	1110	1118	1117	1116	1112	1119	1117	1119	1114	1114	1117	1124	1122	1104	1089	1148	1196	1209	1096	930	925	997	1069	1029	1050	1106	1115
1402	1148	1105	1118	1117	1114	1117	1114	1120	1119	1120	1122	1117	1107	1131	1180	1185	1202	1210	1160	953	941	1048	1162	1254	1228	1215	1244
1395	1249	1090	1114	1113	1112	1114	1110	1114	1114	1129	1122	1115	1108	1175	1193	1188	1196	1229	1178	963	982	1169	1266	1198	1192	1183	1186
1182	1335	1091	1108	1114	1115	1116	1116	1118	1122	1125	1118	1108	1112	1180	1194	1232	1179	1205	1184	968	1050	1269	1220	1194	1203	1198	1195
1007	1239	1141	1109	1115	1119	1115	1113	1111	1109	1116	1121	1100	1110	1188	1202	1250	1219	1192	1148	934	1087	1283	1216	1212	1224	1224	1212
963	1045	1075	1105	1118	1116	1113	1115	1116	1113	1112	1115	1108	1112	1178	1194	1208	1224	1202	1074	925	1091	1298	1228	1235	1245	1242	1243
933	1036	1006	1065	1110	1119	1118	1118	1114	1113	1119	1115	1115	1115	1168	1186	1190	1203	1175	969	944	1036	1242	1277	1298	1252	1220	1287
908	976	1062	1043	1097	1112	1116	1121	1122	1125	1117	1116	1116	1089	1109	1163	1174	1177	1020	930	1016	1013	1079	1287	1219	1063	1047	1115
933	907	991	1060	1061	1094	1111	1120	1121	1119	1119	1121	1126	1014	983	999	1005	975	958	1049	1073	1004	1013	1213	1060	1039	1051	1029
962	918	910	979	1042	1073	1087	1093	1090	1098	1108	1081	1014	930	925	932	956	1031	1194	1148	1072	969	1053	1624	1418	1015	1036	1081
447	1011	909	910	937	1023	1083	1075	1024	1091	1047	1007	1005	997	1011	1041	1100	1345	1480	1207	1060	1066	1149	1490	1645	1235	1096	1496
29	691	990	903	902	919	981	1065	1136	1374	1363	1154	1007	1025	1043	1026	1051	1126	1180	1091	1083	1168	1174	1170	1276	1261	1236	1311
57	111	886	975	898	912	914	934	1006	1120	1301	1318	1108	1058	1057	1035	1056	1077	1081	1074	1083	1090	1082	1069	1066	1087	1097	1069
291	156	231	911	978	904	909	919	921	952	1008	1064	1094	1093	1089	1079	1070	1081	1094	1089	1080	1091	1092	1094	1082	1069	1054	1080
95	241	284	357	836	1009	952	918	912	923	929	953	999	1046	1073	1081	1078	1090	1083	1074	1083	1083	1089	1085	1073	1067	1126	1069
61	49	85	176	312	624	898	998	1004	968	938	919	910	919	941	973	992	1006	999	969	995	975	969	961	952	950	993	963
70	70	67	57	54	91	225	446	683	868	989	1025	1018	986	972	953	924	924	915	924	936	924	928	926	936	941	951	948
51	68	66	67	69	68	59	50	72	155	306	493	676	828	852	930	1025	1023	1016	1008	989	981	990	1005	997	995	1002	994
229	54	32	53	66	71	69	74	79	65	51	39	64	125	193	292	443	562	664	756	827	876	894	808	928	981	978	974
580	599	384	150	45	39	55	68	72	69	77	78	74	65	60	58	52	53	64	86	116	143	167	181	209	230	233	224
114	228	456	612	572	374	177	63	29	53	74	76	74	78	77	71	74	79	76	73	68	66	58	61	54	53	56	53
136	125	112	135	257	452	591	621	500	225	83	71	71	76	73	76	74	72	69	70	75	75	74	79	78	73	76	76
1101	1113	1113	1117	1125	1120	1117	1121	1137	1148	1130	1119	1124	1135	1118	1097	1123	1127	1124	1123	1128	1146	1136	1136	1136	1057	986	992
1100	1115	1117	1114	1127	1122	1115	1113	1122	1126	1140	1126	1136	1154	1135	1124	1131	1130	1126	1092	1140	1132	1140	1141	1109	1075	1063	1048
1110	1115	1117	1116	1118	1112	1114	1123	1124	1132	1143	1121	1142	1144	1127	1124	1124	1128	1092	1008	1103	1147	1149	1121	1092	1097	1114	1132
1107	1117	1117	1118	1116	1117	1122	1118	1123	1124	1125	1142	1137	1128	1123	1125	1129	1091	1036	1052	1015	1055	1049	1066	1096	1098	1138	1148
1095	1117	1116	1116	1121	1118	1117	1113	1115	1113	1135	1122	1113	1115	1124	1119	1062	987	992	990	991	967	992	1055	1105	1088	1150	1143
1120	1119	1124	1122	1118	1115	1114	1112	1121	1112	1118	1118	1116	1120	1111	1063	1026	1094	1086	984	932	937	978	1088	1079	982	1125	1148
1289	1109	1115	1113	1114	1110	1120	1118	1119	1113	1114	1116	1124	1117	1086	1105	1175	1207	1213	1117	929	926	1008	1059	1030	1056	1109	1116
1402	1166	1100	1116	1114	1114	1120	1113	1119	1117	1119	1122	1118	1090	1148	1192	1186	1215	1214	1165	959	950	1041	1131	1236	1216	1212	1260
1365	1240	1092	1112	1113	1113	1112	1110	1115	1115	1126	1121	1104	1114	1191	1200	1190	1204	1235	1181	977	998	1132	1231	1165	1150	1156	1163
1143	1295	1091	1110	1114	1115	1117	1119	1120	1127	1125	1116	1093	1132	1187	1205	1243	1195	1213	1186	979	1048	1257	1203	1167	1163	1163	1163
995	1161	1115	1114	1114	1121	1118	1114	1113	1111	1116	1121	1087	1134	1190	1205	1257	1230	1189	1150	935	1082	1304	1218	1201	1199	1193	1180
957	1030	1038	1108	1121	1117	1114	1118	1117	1113	1115	1117	1100	1143	1184	1188	1210	1224	1201	1072	927	1097	1327	1232	1234	1226	1217	1221
929	1029	1009	1068	1114	1119	1121	1119	1113	1113	1117	1114	1111	1136	1187	1186	1185	1199	1170	962	946	1059	1313	1267	1299	1232	1189	1280
912	969	1061	1046	1096	1114	1118	1121	1121	1123	1119	1117	1114	1086	1157	1189	1191	1179	1006	934	1020	1011	1168	1407	1235	1052	1040	1103
941	903	982	1065	1062	1092	1110	1121	1122	1122	1123	1124	1110	990	1002	1034	1040	981	961	1066	1075	987	1082	1417	1094	1028	1046	1028
941	927	908	973	1042	1072	1086	1091	1083	1085	1097	1066	994	925	927	935	960	1053	1197	1099	1063	955	1119	1527	1400	1020	1037	1068
393	1009	909	910	933	1018	1079	1082	1157	1206	1085	1009	1011	1001	1020	1040	1169	1409	1442	1124	1065	1087	1159	1452	1459	1108	1060	1349
19	632	1000	902	902	916	974	1053	1164	1422	1437	1156	1020	1048	1055	1013	1055	1163	1168	1087	1085	1183	1183	1171	1187	1119	1092	1217
65	78	836	987	900	912	917	930	992	1091	1262	1245	1074	1065	1065	1040	1055	1069	1081	1077	1082	1088	1079	1069	1074	1056	1027	1070
289	158	186	875	987	903	911	917	918	945	998	1056	1093	1091	1090	1080	1075	1081	1091	1090	1084	1091	1091	1092	1080	1073	1039	1083
98	243	288	329	807	1007	952	917	913	922	925	946	991	1038	1067	1081	1082	1087	1086	1073	1083	1085	1088	1082	1072	1061	1072	1065
62	48	86	180	303	613	900	1000	1003	967	938	920	910	921	936	968	987	1002	1001	973	998	977	969	958	949	945	959	954
68	69	67	56	56	93	226	451	694	877	988	1028	1021	987	973	951	923	922	915	922	937	923	929	928	933	938	952	953
52	69	67	69	71	66	57	50	72	158	307	497	679	826	850	941	1025	1025	1015	1005	987	976	987	1008	1000	997	1002	991
223	54	35	55	68	70	68	74	76	63	52	39	65	126	193	298	448	565	668	759	828	878	890	805	928	982	978	971
583	600	379	147	44	36	54	67	70	72	76	77	74	64	61	56	52	52	65	87	117	144	169	181	208	232	234	225
116	233	457	613	567	370	173	61	29	55	73	76	73	78	76	70	75	77	75	74	65	64	58	60	53	54	55	53
137	125	112	135	264	456	594	620	493	218	81	70	71	75	73	76	72	72	69	71	73	75	73	78	77	74	74	76
1098	1113	1114	1117	1123	1120	1117	1122	1132	1137	1122	1124	1131	1121	1101	1114	1121	1126	1129	1097	1116	1147	1140	1137	1138	1037	972	993
1101	1113	1113	1120	1126	1118	1119	1119	1134	1126	1136	1128	1131	1136	1130	1130	1131	1129	1121	1079	1142	1130	1136	1141	1120	1068	1029	1062
1106	1116	1118	1121	1120	1117	1116	1121	1121	1137	1148	1127	1125	1130	1126	1122	1122	1124	1062	993	1101	1152	1147	1126	1097	1101	1113	1135
1103	1118	1122	1118	1118	1117	1118	1119	1123	1121	1122	1135	1122	1126	1121	1129	1120	1051	1030	1033	1003	1050	1044	1057	1093	1097	1139	1148
1091	1121	1119	1116	1119	1118	1112	1113	1112	1117	1136	1121	1116	1117	1129	1109	1014	986	979	961	968	961	993	1060	1109	1077	1146	1146
1172	1107	1122	1118	1113	1120	1114	1114	1121	1114	1119	1118	1120	1126	1082	1013	1035	1123	1116	993	931	938	982	1088	1081	972	1113	1146
1340	1112	1104	1108	1111	1108	1119	1121	1118	1114	1115	1113	1120	1096	1069	1139	1187	1212	1211	1115	925	928	1018	1047	1043	1072	1118	1122
1387	1179	1098	1113	1114	1114	1122	1111	1112	1118	1119	1123	1114	1071	1173	1200	1191	1230	1213	1169	958	957	1035	1135	1262	1225	1221	1283
1333	1217	1095	1113	1114	1113	1112	1115	1118	1119	1122	1120	1086	1130	1192	1208	1191	1215	1231	1184	989	1005	1102	1252	1170	1141	1148	1169
1105	1238	1095	1117	1116	1116	1121	1124	1124	1129	1117	1113	1079	1164	1195	1224	1253	1232	1218	1185	985	1037	1210	1188	1145	1142	1149	1154
987	1082	1096	1116	1114	1118	1121	1117	1116	1117	1118	1117	1084	1164	1184	1201	1262	1237	1190	1151	936	1060	1237	1166	1154	1171	1176	1163
952	1034	1030	1105	1120	1117	1119	1120	1114	1116	1119	1118	1097	1176	1187	1179	1207	1218	1200	1067	931	1071	1235	1167	1179	1173	1172	1191
921	1020	1019	1078	1115	1118	1123	1119	1115	1116	1115	1113	1109	1155	1193	1190	1184	1193	1161	959	957	1077	1307	1183	1256	1178	1137	1250
913	961	1059	1047	1092	1113	1122	1119	1120	1118	1124	1119	1112	1099	1186	1198	1205	1182	998	941	1025	1009	1294	1512	1231	1040	1037	1088
950	904	974	1071	1065	1088	1108	1120	1121	1123	1125	1126	1081	983	1036	1077	1069	981	969	1079	1079	965	1194	1600	1159	1018	1047	1033
914	938	908	965	1041	1074	1089	1089	1081	1079	1085	1043	967	922	927	937	967	1086	1187	1082	1049	959	1191	1369	1364	1032	1038	1071
336	1001	909	909	931	1011	1068	1086	1258	1285	1100	1008	1017	1007	1026	1052	1261	1421	1372	1077	1071	1102	1160	1371	1236	1041	1052	1145
12	575	1007	901	903	912	968	1041	1163	1412	1452	1110	1023	1052	1050	1003	1079	1195	1132	1085	1087	1161	1152	1139	1082	1031	1039	1074
72	53	778	995	904	912	916	928	979	1067	1222	1156	1067	1075	1071	1046	1049	1063	1079	1083	1084	1089	1078	1067	1086	1070	1020	1083
288	161	146	831	994	902	911	915	915	933	989	1054	1089	1091	1090	1081	1081	1080	1090	1094	1087	1088	1091	1090	1084	1078	1048	1086
99	241	291	304	774	1007	957	918	914	923	917	938	983	1028	1060	1082	1087	1081	1087	1073	1085	1089	1088	1086	1074	1056	1059	1062
63	49	86	183	294	606	903	1005	999	964	936	924	915	925	932	958	979	993	1000	980	1001	978	970	958	952	942	942	947
66	68	68	58	60	94	223	452	694	883	988	1032	1019	986	975	947	923	918	918	922	935	919	926	931	931	937	951	957
53	70	70	68	72	66	56	51	72	164	308	496	679	820	848	952	1025	1028	1019	1003	987	976	980	1012	1004	1007	1006	986
222	54	38	57	69	66	69	77	75	63	52	42	64	124	193	303	450	569	673	760	827	879	885	796	931	985	976	967
587	605	381	148	46	37	55	66	70	75	75	77	73	64	61	56	52	55	64	85	118	144	167	181	209	234	237	226
121	236	462	618	570	369	173	60	29	56	73	77	75	76	74	72	77	73	76	75	65	62	59	60	54	53	55	53
138	127	111	136	268	461	598	626	492	216	78	71	73	71	76	76	71	71	70	73	70	75	75	75	78	77	73	75
1095	1115	1113	1115	1116	1118	1118	1119	1127	1126	1120	1131	1125	1122	1114	1126	1124	1126	1126	1059	1119	1145	1139	1137	1138	1054	969	1017
1089	1111	1115	1118	1121	1113	1120	1128	1134	1125	1137	1128	1127	1124	1125	1124	1127	1129	1114	1055	1145	1134	1137	1141	1120	1072	997	1063
1096	1116	1117	1122	1119	1115	1120	1119	1119	1144	1148	1127	1118	1126	1126	1119	1128	1120	1033	984	1104	1150	1148	1133	1096	1095	1105	1130
1101	1120	1120	1116	1117	1115	1115	1120	1126	1124	1124	1131	1122	1121	1122	1131	1102	1014	1007	999	996	1057	1044	1052	1093	1098	1140	1151
1106	1112	1117	1114	1117	1119	1115	1115	1115	1119	1130	1119	1118	1119	1127	1075	971	969	979	946	950	976	993	1063	1113	1074	1144	1148
1246	1100	1118	1115	1114	1117	1115	1118	1119	1119	1128	1117	1119	1119	1040	992	1055	1136	1135	995	927	938	989	1089	1082	969	1084	1141
1328	1132	1104	1113	1114	1114	1123	1126	1118	1116	1111	1119	1121	1056	1084	1169	1195	1208	1206	1125	928	924	1028	1052	1057	1101	1128	1135
1376	1164	1103	1116	1115	1118	1120	1112	1114	1119	1118	1126	1088	1085	1189	1202	1184	1235	1200	1178	962	956	1037	1149	1275	1226	1225	1281
1286	1195	1103	1117	1113	1115	1113	1116	1118	1119	1120	1116	1081	1161	1192	1230	1194	1234	1229	1187	993	1008	1083	1269	1179	1148	1156	1167
1061	1154	1105	1117	1117	1118	1117	1120	1124	1130	1119	1109	1104	1181	1196	1241	1267	1254	1216	1185	986	1029	1172	1200	1142	1144	1154	1161
975	1041	1086	1115	1116	1117	1116	1117	1126	1122	1118	1113	1116	1180	1181	1179	1257	1230	1193	1145	934	1044	1216	1164	1146	1164	1178	1160
948	1037	1023	1103	1118	1117	1121	1119	1117	1113	1119	1113	1111	1187	1196	1177	1196	1204	1196	1063	939	1060	1197	1162	1162	1163	1162	1188
920	1014	1022	1078	1115	1118	1119	1118	1119	1119	1114	1115	1115	1171	1204	1193	1186	1195	1150	950	964	1064	1252	1174	1235	1167	1119	1231
912	949	1058	1059	1091	1111	1121	1124	1118	1114	1124	1120	1096	1121	1202	1201	1210	1185	993	944	1030	1019	1300	1439	1236	1027	1032	1066
959	903	968	1066	1068	1086	1107	1117	1122	1125	1124	1123	1057	991	1079	1112	1084	983	980	1083	1085	977	1275	1514	1272	1013	1044	1054
876	947	906	955	1040	1074	1086	1094	1095	1066	1074	1019	946	923	934	946	981	1117	1154	1083	1026	1018	1268	1308	1378	1032	1033	1098
285	990	912	912	930	1001	1065	1107	1341	1364	1109	1016	1025	1022	1030	1089	1341	1449	1272	1065	1065	1128	1162	1267	1088	1022	1059	1070
8	522	1007	906	907	912	952	1022	1147	1396	1426	1077	1035	1055	1047	996	1117	1196	1103	1085	1086	1140	1136	1101	1056	1028	1020	1051
73	40	730	996	910	913	914	925	967	1050	1169	1091	1071	1080	1072	1054	1049	1058	1078	1083	1086	1086	1073	1068	1089	1070	1008	1087
287	166	121	794	1002	904	910	916	918	930	982	1050	1085	1090	1088	1085	1081	1075	1088	1093	1087	1083	1094	1087	1086	1078	1047	1084
100	241	292	283	748	1009	956	918	911	919	922	935	972	1017	1056	1078	1085	1077	1087	1075	1084	1089	1089	1089	1076	1055	1054	1060
62	49	86	185	291	603	903	1007	999	969	937	922	915	921	930	948	967	979	996	983	985	976	967	959	953	941	939	946
70	70	68	60	60	97	222	451	695	882	992	1033	1021	991	977	952	923	920	919	924	928	918	923	928	929	938	958	954
54	68	71	69	71	66	56	51	74	161	310	495	678	813	840	957	1028	1028	1019	1003	987	978	981	1011	999	1002	1013	987
223	56	38	56	66	66	71	76	73	64	51	42	66	124	191	305	449	564	670	758	824	870	879	795	927	983	974	957
591	604	380	150	45	40	55	64	71	74	75	78	73	63	61	53	51	55	65	86	116	143	164	182	207	231	236	222
117	238	466	622	572	369	171	61	32	55	73	77	76	75	75	71	77	74	75	74	66	62	57	59	55	54	54	55
136	128	111	137	265	462	602	629	493	216	78	71	72	73	76	76	71	70	68	73	71	74	76	74	79	78	75	76
1087	1110	1116	1115	1113	1119	1120	1117	1124	1122	1124	1136	1122	1125	1125	1130	1128	1129	1115	1018	1125	1142	1139	1138	1140	1084	975	1035
1072	1106	1118	1117	1117	1114	1121	1133	1130	1123	1136	1127	1123	1118	1123	1119	1125	1130	1088	1039	1148	1137	1137	1142	1120	1072	980	1055
1091	1115	1117	1123	1118	1115	1120	1117	1120	1150	1148	1128	1116	1125	1124	1119	1132	1108	1004	994	1117	1148	1149	1131	1090	1090	1095	1124
1099	1120	1120	1117	1116	1114	1115	1122	1127	1131	1127	1130	1125	1117	1124	1125	1076	992	1003	977	1003	1068	1051	1040	1093	1097	1139	1153
1147	1103	1115	1114	1116	1120	1117	1116	1119	1120	1123	1120	1121	1123	1103	1023	940	953	978	939	945	984	981	1059	1114	1076	1141	1150
1292	1104	1114	1115	1117	1115	1117	1121	1121	1124	1132	1116	1119	1090	1003	999	1075	1141	1142	995	925	937	987	1091	1084	972	1058	1133
1319	1144	1106	1117	1117	1117	1123	1129	1125	1119	1111	1123	1106	1029	1114	1193	1202	1202	1205	1138	935	923	1032	1056	1087	1134	1141	1147
1357	1145	1107	1118	1116	1118	1118	1112	1122	1120	1118	1123	1073	1118	1195	1208	1175	1228	1196	1185	971	955	1039	1171	1284	1227	1222	1268
1218	1161	1110	1119	1113	1114	1114	1117	1122	1118	1119	1109	1098	1182	1192	1236	1179	1246	1228	1190	997	1008	1075	1283	1188	1159	1164	1167
1025	1086	1111	1116	1117	1119	1116	1117	1124	1128	1122	1107	1139	1188	1191	1243	1354	1266	1208	1184	985	1025	1152	1215	1150	1158	1164	1165
966	1026	1081	1115	1116	1118	1116	1116	1130	1121	1115	1111	1151	1187	1181	1166	1278	1215	1193	1137	933	1039	1206	1174	1151	1173	1188	1166
943	1039	1024	1102	1117	1119	1120	1118	1122	1113	1119	1108	1135	1192	1213	1175	1186	1195	1194	1057	946	1058	1179	1172	1162	1170	1158	1191
919	1005	1025	1075	1113	1118	1115	1118	1121	1120	1115	1113	1125	1183	1216	1194	1197	1201	1143	942	972	1052	1197	1179	1230	1160	1104	1212
911	940	1055	1069	1090	1110	1120	1127	1117	1112	1122	1118	1081	1148	1208	1197	1211	1178	985	953	1037	1030	1273	1348	1231	1019	1031	1044
968	903	958	1059	1071	1083	1104	1111	1116	1123	1124	1116	1032	1005	1119	1136	1085	980	995	1088	1084	1000	1308	1382	1364	1023	1037	1093
835	955	902	948	1037	1070	1083	1121	1130	1062	1061	996	934	928	947	957	998	1123	1118	1081	1013	1142	1280	1272	1478	1079	1036	1180
238	975	917	913	927	993	1059	1124	1397	1421	1111	1028	1033	1035	1035	1158	1412	1429	1170	1068	1060	1158	1171	1201	1016	1023	1083	1024
5	478	1010	911	913	914	935	1004	1120	1372	1369	1051	1046	1058	1045	1004	1150	1170	1086	1086	1086	1117	1115	1075	1055	1041	1017	1044
74	32	695	999	915	918	914	922	957	1036	1119	1052	1078	1083	1075	1061	1051	1059	1080	1082	1087	1087	1073	1070	1088	1065	998	1089
287	168	105	772	1009	906	907	917	922	931	977	1045	1082	1089	1087	1087	1082	1072	1084	1090	1085	1083	1095	1084	1085	1077	1045	1082
100	241	293	271	733	1012	958	919	910	917	926	931	962	1003	1049	1073	1081	1072	1083	1075	1083	1088	1089	1088	1075	1054	1048	1060
62	50	86	186	287	597	902	1009	1001	970	937	920	916	916	927	941	958	968	990	981	971	974	966	960	951	940	935	944
71	70	67	60	60	99	220	449	697	881	993	1033	1024	993	979	953	923	921	919	924	923	920	923	926	929	938	961	952
53	66	70	70	71	67	58	51	75	158	311	494	677	803	830	961	1028	1028	1019	1004	989	981	985	1008	994	996	1014	990
223	56	37	56	65	67	71	75	73	64	50	40	67	124	188	305	449	559	666	754	820	864	874	794	921	978	971	947
594	604	380	149	45	42	55	64	72	73	75	78	73	63	61	52	51	55	65	86	114	142	163	181	204	227	233	219
115	238	468	625	573	370	170	61	33	54	75	77	76	76	75	71	76	75	75	73	66	62	58	59	55	54	53	57
136	129	111	137	263	462	603	631	495	215	80	71	73	74	76	76	71	69	67	73	72	73	76	75	78	77	78	76
1070	1095	1122	1120	1116	1122	1121	1120	1124	1125	1135	1135	1127	1127	1123	1124	1130	1138	1097	982	1130	1141	1142	1140	1143	1115	993	1044
1049	1095	1121	1120	1118	1122	1125	1132	1125	1120	1133	1126	1120	1118	1125	1121	1126	1132	1040	1037	1150	1138	1135	1146	1124	1060	985	1034
1093	1111	1120	1124	1119	1120	1116	1117	1123	1151	1149	1131	1117	1127	1122	1125	1130	1083	981	1027	1138	1149	1149	1119	1079	1087	1081	1121
1095	1117	1124	1120	1117	1114	1118	1124	1126	1139	1131	1133	1129	1117	1125	1105	1044	994	1032	983	1031	1081	1064	1018	1091	1091	1135	1152
1225	1099	1116	1118	1118	1118	1117	1115	1122	1120	1119	1124	1123	1126	1053	961	927	940	972	937	953	975	956	1048	1112	1082	1134	1152
1292	1122	1111	1118	1117	1115	1120	1123	1130	1127	1129	1117	1122	1040	980	1029	1089	1141	1139	996	927	935	974	1092	1085	983	1036	1121
1318	1141	1110	1118	1118	1113	1116	1127	1140	1120	1116	1123	1070	1031	1155	1206	1208	1199	1209	1152	945	929	1027	1051	1138	1166	1161	1157
1324	1132	1109	1117	1116	1112	1116	1110	1133	1118	1117	1112	1082	1163	1192	1219	1163	1206	1212	1188	982	956	1037	1197	1287	1225	1207	1241
1119	1115	1111	1117	1113	1110	1114	1118	1133	1117	1119	1101	1139	1184	1192	1213	1138	1245	1228	1192	1002	1007	1078	1293	1190	1169	1172	1169
1003	1050	1108	1117	1116	1116	1121	1121	1125	1124	1124	1110	1172	1184	1176	1225	1528	1267	1195	1183	984	1025	1155	1225	1163	1176	1178	1165
962	1032	1079	1117	1113	1121	1124	1116	1124	1113	1108	1115	1178	1187	1184	1173	1338	1193	1190	1129	936	1048	1200	1186	1161	1197	1209	1184
934	1038	1032	1105	1117	1120	1117	1118	1126	1117	1117	1105	1162	1197	1238	1171	1184	1197	1198	1049	952	1065	1174	1185	1176	1187	1162	1198
915	993	1029	1072	1110	1116	1115	1118	1119	1117	1118	1101	1136	1192	1230	1192	1215	1208	1140	939	982	1051	1166	1182	1239	1143	1089	1191
912	933	1049	1072	1088	1108	1119	1125	1116	1116	1119	1112	1072	1175	1205	1187	1209	1159	973	969	1044	1037	1243	1297	1207	1017	1034	1025
977	904	943	1054	1075	1079	1098	1103	1101	1115	1127	1103	1004	1021	1150	1146	1069	972	1015	1095	1075	1028	1282	1284	1405	1052	1024	1158
790	962	897	945	1029	1063	1083	1176	1186	1070	1043	977	934	936	964	965	1018	1096	1090	1068	1023	1319	1202	1242	1670	1202	1051	1346
195	957	922	912	922	988	1047	1131	1423	1451	1105	1043	1041	1043	1046	1255	1470	1338	1082	1074	1066	1189	1189	1195	1025	1039	1130	1012
3	444	1018	913	920	919	921	991	1086	1343	1289	1035	1052	1062	1046	1029	1168	1120	1086	1087	1087	1093	1088	1070	1063	1046	1034	1053
75	26	676	1003	916	928	917	918	945	1024	1077	1043	1084	1085	1079	1064	1055	1071	1086	1083	1084	1093	1082	1074	1084	1055	993	1089
288	165	96	768	1013	908	903	915	926	934	974	1037	1079	1088	1086	1086	1085	1074	1079	1085	1083	1090	1094	1084	1083	1076	1042	1081
98	242	294	271	729	1012	964	921	913	919	925	927	954	987	1038	1067	1076	1069	1076	1072	1082	1090	1087	1082	1073	1049	1039	1063
63	53	85	183	282	586	900	1012	1004	964	935	919	919	911	922	938	954	965	982	974	966	974	968	959	947	936	931	943
68	66	64	57	59	96	218	448	700	882	986	1032	1024	988	982	947	925	921	919	919	923	925	926	927	932	938	959	950
50	66	67	70	72	68	62	51	76	159	310	493	679	790	819	965	1025	1028	1017	1004	993	983	992	1005	991	992	1007	995
221	53	35	58	66	66	66	76	75	64	48	39	67	122	186	306	450	558	663	747	814	864	871	788	914	973	967	939
592	606	380	146	48	42	56	66	72	73	75	76	73	65	63	53	53	55	64	86	112	142	163	179	204	225	228	215
115	236	466	625	574	372	171	61	33	55	76	75	76	79	74	74	74	75	74	74	67	61	63	58	55	52	52	57
138	129	112	135	266	462	599	631	496	212	81	72	75	75	77	74	72	68	67	71	72	75	75	77	75	75	81	75
1053	1072	1128	1121	1117	1120	1117	1121	1121	1128	1139	1128	1126	1125	1122	1117	1123	1135	1073	992	1137	1143	1143	1140	1144	1129	1045	1043
1057	1091	1121	1122	1123	1125	1123	1134	1121	1123	1129	1127	1121	1121	1122	1125	1135	1115	987	1058	1152	1139	1135	1144	1132	1050	1013	1048
1092	1110	1117	1123	1122	1118	1119	1121	1125	1144	1142	1130	1121	1126	1124	1125	1101	1039	1010	1092	1148	1151	1149	1114	1066	1073	1078	1129
1152	1111	1123	1118	1116	1116	1122	1119	1134	1145	1130	1130	1127	1127	1120	1063	1012	1043	1082	1041	1061	1072	1064	1015	1084	1092	1136	1151
1268	1112	1116	1118	1118	1118	1118	1115	1136	1125	1118	1122	1126	1098	999	933	933	956	964	937	947	950	941	1042	1116	1086	1128	1153
1276	1135	1110	1115	1115	1115	1120	1123	1141	1123	1123	1122	1102	1019	1005	1046	1084	1138	1135	999	929	936	968	1089	1076	1021	1040	1111
1318	1124	1110	1115	1114	1109	1114	1123	1141	1125	1120	1113	1069	1101	1183	1214	1204	1199	1213	1160	952	943	1027	1040	1147	1188	1183	1184
1232	1115	1116	1118	1116	1113	1116	1111	1129	1118	1118	1100	1123	1183	1191	1193	1125	1186	1225	1189	991	960	1041	1220	1256	1194	1183	1213
1067	1088	1110	1119	1115	1113	1116	1120	1129	1115	1116	1104	1168	1190	1187	1129	1067	1232	1230	1191	1004	1005	1092	1287	1173	1162	1160	1154
995	1050	1102	1116	1114	1116	1118	1121	1125	1121	1120	1120	1189	1188	1153	1202	1578	1219	1193	1186	984	1028	1158	1227	1160	1160	1166	1153
951	1034	1070	1117	1115	1122	1120	1118	1120	1112	1112	1119	1192	1189	1169	1227	1431	1177	1191	1123	944	1060	1185	1201	1175	1200	1205	1198
928	1032	1037	1103	1117	1118	1115	1120	1123	1123	1119	1100	1174	1197	1258	1170	1225	1213	1200	1038	960	1076	1169	1196	1189	1206	1172	1226
914	982	1034	1066	1107	1116	1117	1117	1117	1118	1119	1078	1149	1193	1236	1190	1221	1209	1132	932	990	1051	1146	1189	1242	1137	1082	1175
911	928	1035	1072	1087	1105	1119	1123	1118	1115	1121	1088	1075	1191	1206	1186	1208	1144	962	977	1049	1042	1249	1260	1176	1014	1041	1026
980	905	934	1048	1081	1077	1097	1104	1091	1111	1126	1072	979	1050	1165	1135	1053	973	1027	1098	1068	1105	1227	1194	1381	1073	1006	1195
749	969	902	939	1023	1058	1085	1234	1250	1080	1030	965	939	951	977	975	1045	1082	1081	1085	1163	1314	1122	1219	1749	1549	1308	1601
168	942	927	913	916	981	1032	1122	1413	1464	1097	1052	1053	1042	1098	1333	1468	1215	1062	1077	1102	1202	1194	1175	1062	1182	1426	1057
3	428	1017	911	921	920	917	982	1058	1306	1196	1033	1060	1066	1050	1065	1146	1087	1091	1084	1085	1083	1073	1075	1070	1076	1185	1045
77	21	671	1006	906	920	916	919	939	1009	1056	1047	1088	1086	1081	1065	1063	1077	1085	1083	1083	1093	1089	1084	1089	1060	1056	1088
289	165	93	764	1013	910	907	915	926	931	966	1028	1074	1087	1088	1086	1085	1078	1080	1083	1086	1088	1097	1089	1088	1075	1047	1079
98	241	293	268	728	1010	964	922	912	920	925	926	947	979	1029	1056	1071	1072	1072	1071	1083	1091	1090	1084	1076	1047	1035	1063
62	54	85	182	283	580	896	1017	1010	963	930	923	920	915	924	936	948	962	975	968	959	973	965	956	949	934	931	942
70	67	64	56	58	96	221	447	698	883	982	1032	1023	990	982	944	925	922	920	922	924	929	926	930	932	938	961	951
49	66	65	68	72	66	62	51	74	160	310	493	679	780	813	971	1024	1027	1019	1007	999	984	990	1004	989	994	1004	994
221	53	33	59	65	65	67	76	75	62	46	41	67	121	185	308	449	558	662	745	812	863	869	782	908	968	961	925
591	603	381	147	47	42	56	67	70	75	74	76	74	65	61	53	52	54	64	87	110	144	164	178	205	224	225	209
115	233	465	623	573	372	173	60	32	54	76	76	76	78	74	72	75	74	75	75	67	64	62	59	54	53	53	57
137	130	112	134	263	458	598	628	497	215	80	73	74	76	76	74	71	70	67	70	74	74	77	78	74	76	81	76
1045	1054	1128	1121	1119	1118	1114	1120	1120	1132	1138	1124	1125	1121	1119	1106	1112	1129	1056	1020	1138	1147	1144	1140	1144	1136	1094	1057
1071	1095	1120	1121	1125	1123	1121	1133	1119	1126	1126	1127	1121	1123	1122	1125	1131	1077	957	1083	1151	1140	1136	1142	1136	1042	1042	1068
1103	1110	1115	1121	1124	1114	1122	1124	1124	1133	1134	1127	1124	1125	1125	1113	1051	1008	1061	1144	1152	1151	1147	1115	1056	1053	1081	1138
1221	1109	1119	1116	1115	1117	1124	1114	1140	1145	1131	1124	1125	1130	1098	1016	1007	1103	1126	1091	1072	1057	1058	1027	1079	1094	1137	1150
1287	1128	1116	1117	1117	1118	1118	1115	1146	1127	1120	1121	1124	1056	954	934	984	995	964	935	936	929	933	1038	1117	1087	1121	1153
1271	1136	1110	1112	1113	1114	1119	1122	1145	1119	1119	1123	1080	1034	1049	1053	1084	1126	1125	1002	932	938	965	1085	1073	1072	1061	1110
1296	1107	1111	1113	1111	1107	1114	1119	1136	1127	1122	1103	1096	1171	1197	1208	1189	1195	1215	1167	958	956	1029	1066	1170	1215	1214	1231
1140	1094	1115	1119	1117	1117	1118	1114	1122	1119	1117	1098	1166	1193	1188	1146	1079	1174	1229	1188	995	967	1061	1241	1213	1163	1162	1189
1041	1070	1091	1121	1117	1117	1117	1120	1121	1114	1109	1113	1187	1199	1173	1065	1012	1211	1230	1190	1005	1010	1125	1265	1153	1155	1150	1142
991	1064	1089	1113	1113	1116	1113	1120	1123	1119	1113	1134	1199	1200	1124	1272	1538	1164	1195	1187	988	1036	1175	1219	1153	1141	1153	1144
941	1034	1062	1116	1116	1120	1114	1120	1118	1114	1114	1125	1198	1186	1147	1363	1472	1170	1192	1114	957	1068	1177	1211	1182	1193	1194	1206
922	1024	1041	1100	1116	1117	1116	1121	1119	1127	1116	1097	1180	1194	1267	1190	1262	1224	1200	1027	971	1083	1165	1209	1207	1220	1179	1250
914	969	1038	1061	1104	1114	1118	1117	1115	1119	1116	1054	1163	1196	1234	1187	1221	1205	1120	926	999	1053	1159	1221	1252	1132	1079	1165
912	922	1021	1071	1085	1103	1116	1118	1119	1115	1124	1054	1087	1199	1207	1190	1203	1125	952	983	1056	1045	1286	1293	1151	1015	1048	1028
980	905	927	1037	1083	1073	1107	1123	1084	1105	1112	1034	960	1079	1167	1114	1034	977	1037	1097	1066	1155	1189	1175	1355	1092	1002	1220
714	975	906	930	1012	1052	1087	1289	1315	1092	1019	961	949	968	988	992	1070	1074	1078	1138	1277	1235	1087	1223	1737	1770	1509	1761
149	936	930	913	912	968	1017	1104	1384	1451	1086	1061	1063	1051	1174	1390	1414	1107	1070	1088	1141	1186	1175	1140	1086	1307	1658	1105
3	422	1015	909	920	920	915	973	1038	1248	1110	1037	1068	1070	1060	1090	1103	1072	1095	1078	1083	1080	1064	1084	1073	1110	1351	1036
79	20	679	1006	898	910	916	922	933	993	1047	1057	1090	1088	1081	1068	1069	1083	1086	1084	1083	1092	1093	1093	1095	1082	1154	1083
290	165	95	766	1010	911	909	913	924	926	956	1018	1068	1086	1089	1087	1085	1082	1082	1084	1090	1086	1100	1094	1094	1082	1077	1077
99	241	290	265	730	1009	961	923	910	921	925	926	940	975	1021	1046	1066	1072	1070	1072	1084	1091	1091	1086	1078	1053	1050	1061
62	54	85	182	284	580	895	1021	1015	965	927	924	921	920	926	933	941	959	967	961	954	970	962	952	951	935	933	944
70	69	65	56	57	96	223	449	695	884	983	1030	1022	993	981	942	924	923	924	927	926	930	927	934	932	940	964	951
49	66	65	67	72	63	60	51	73	161	310	494	679	772	812	978	1024	1025	1021	1009	1001	982	988	1005	989	999	1003	994
221	54	34	59	64	65	68	75	75	61	45	42	67	120	185	311	447	559	660	744	811	861	865	773	900	960	954	907
589	601	381	148	46	41	55	67	68	76	74	76	75	65	60	54	51	53	65	88	111	145	165	178	205	223	223	205
115	231	463	620	571	372	174	60	31	53	75	77	76	77	75	70	75	74	77	76	68	66	61	60	54	54	54	58
136	130	111	133	259	453	595	623	498	219	80	73	73	76	75	74	70	72	67	69	75	74	78	78	74	78	81	76
1057	1051	1119	1120	1121	1119	1114	1115	1124	1142	1131	1125	1124	1120	1114	1088	1101	1122	1058	1045	1131	1148	1144	1142	1143	1139	1121	1113
1081	1109	1120	1113	1116	1119	1123	1127	1122	1124	1123	1124	1118	1123	1129	1115	1101	1014	973	1099	1145	1138	1136	1144	1129	1039	1064	1085
1147	1108	1116	1118	1119	1113	1121	1124	1121	1123	1128	1122	1120	1123	1122	1082	984	1017	1113	1152	1155	1146	1139	1120	1051	1028	1097	1147
1290	1115	1115	1118	1115	1116	1122	1116	1137	1139	1135	1117	1124	1114	1046	977	1048	1148	1140	1090	1045	1045	1048	1052	1083	1094	1137	1152
1260	1139	1113	1115	1117	1121	1116	1117	1142	1121	1123	1124	1110	1008	930	961	1099	1060	979	930	926	929	930	1038	1107	1083	1116	1150
1300	1120	1109	1113	1116	1111	1116	1123	1134	1121	1121	1113	1071	1097	1094	1047	1105	1100	1103	1006	937	940	963	1081	1094	1126	1113	1129
1216	1100	1119	1113	1112	1110	1118	1119	1131	1121	1118	1099	1150	1192	1192	1179	1162	1185	1211	1176	963	964	1034	1168	1245	1261	1267	1318
1081	1069	1097	1119	1123	1121	1124	1116	1122	1120	1112	1114	1190	1199	1184	1089	1037	1177	1220	1186	992	975	1107	1259	1173	1150	1157	1177
1056	1054	1045	1120	1116	1117	1115	1116	1117	1117	1098	1126	1193	1215	1143	1078	1012	1188	1223	1190	1005	1027	1185	1224	1142	1158	1157	1145
990	1075	1064	1107	1113	1113	1111	1118	1116	1115	1102	1149	1206	1221	1088	1517	1413	1132	1199	1180	997	1049	1214	1198	1151	1139	1151	1150
934	1033	1062	1114	1112	1116	1114	1117	1118	1118	1104	1131	1201	1174	1122	1617	1393	1177	1194	1099	976	1070	1189	1205	1176	1181	1180	1199
920	1014	1042	1098	1113	1119	1120	1123	1119	1127	1100	1095	1187	1187	1261	1244	1261	1213	1199	1016	983	1079	1161	1224	1234	1223	1177	1253
912	953	1042	1059	1100	1112	1116	1118	1118	1117	1105	1037	1181	1208	1225	1183	1217	1200	1103	923	1009	1061	1223	1292	1278	1124	1079	1167
913	915	1010	1069	1082	1103	1108	1108	1116	1121	1126	1013	1107	1206	1204	1194	1194	1097	939	994	1067	1045	1358	1439	1144	1026	1054	1023
982	905	921	1019	1078	1065	1135	1168	1080	1094	1079	995	950	1101	1161	1090	1012	981	1046	1093	1073	1123	1205	1280	1374	1114	1039	1226
696	977	905	915	992	1042	1087	1335	1374	1109	1008	969	962	984	1000	1022	1084	1071	1074	1234	1248	1145	1143	1268	1629	1597	1439	1626
143	940	929	911	912	946	1002	1082	1349	1407	1071	1074	1069	1084	1268	1422	1313	1057	1080	1118	1161	1130	1120	1085	1061	1306	1599	1131
4	424	1016	908	918	919	913	963	1031	1158	1046	1040	1073	1073	1082	1087	1046	1079	1091	1071	1084	1081	1062	1093	1071	1133	1482	1033
80	23	698	1005	901	908	919	924	922	978	1047	1068	1090	1091	1080	1073	1070	1088	1090	1085	1086	1093	1091	1095	1094	1123	1308	1067
290	166	104	773	1006	907	904	908	919	924	944	1008	1060	1086	1087	1089	1088	1084	1084	1088	1090	1086	1099	1097	1095	1105	1168	1079
100	243	285	265	737	1012	958	921	908	918	925	928	936	972	1012	1038	1062	1064	1070	1076	1080	1092	1087	1087	1077	1071	1109	1058
60	51	86	180	285	590	900	1021	1018	970	932	918	919	924	924	931	935	953	959	955	952	964	963	952	947	944	936	951
68	67	63	57	59	98	220	454	694	884	988	1028	1024	995	980	940	923	924	933	931	930	931	934	935	934	946	968	952
48	65	68	69	70	62	57	51	74	160	311	497	676	768	819	987	1025	1022	1021	1008	995	978	990	1009	995	1006	1007	1003
219	54	37	59	64	65	67	75	73	64	45	41	66	120	184	314	444	559	656	737	809	856	856	761	887	949	945	886
588	604	381	149	45	40	55	69	69	73	76	76	73	68	63	57	52	53	66	85	115	144	166	178	204	222	221	206
117	231	459	619	569	372	175	62	33	53	73	78	79	77	75	74	73	75	79	74	70	67	63	58	55	54	55	59
136	129	111	136	258	449	587	617	499	222	82	71	73	76	78	74	71	71	69	72	73	76	77	76	77	80	79	77
1069	1059	1120	1121	1119	1119	1118	1123	1130	1135	1124	1124	1123	1121	1117	1086	1061	1103	1068	1056	1120	1147	1142	1145	1145	1142	1129	1137
1096	1112	1119	1113	1115	1121	1126	1123	1122	1123	1121	1122	1118	1123	1132	1103	1033	978	1008	1102	1145	1139	1139	1147	1132	1040	1077	1096
1220	1113	1116	1116	1121	1117	1123	1121	1119	1121	1126	1120	1122	1127	1108	1025	950	1040	1133	1149	1153	1142	1133	1120	1062	1022	1116	1151
1301	1125	1115	1119	1118	1117	1121	1116	1135	1133	1134	1117	1123	1073	998	957	1082	1162	1140	1086	1035	1023	1029	1069	1076	1093	1137	1155
1275	1132	1109	1111	1114	1119	1116	1118	1128	1119	1121	1123	1080	992	931	1018	1150	1084	983	929	921	926	937	1041	1102	1091	1114	1148
1272	1106	1111	1112	1114	1111	1117	1124	1125	1121	1123	1097	1087	1150	1116	1081	1128	1072	1074	999	933	935	966	1089	1122	1145	1125	1127
1140	1077	1109	1113	1113	1112	1118	1120	1125	1119	1115	1109	1178	1200	1188	1138	1122	1170	1202	1169	958	953	1058	1277	1334	1320	1305	1331
1075	1035	1067	1120	1117	1120	1123	1119	1121	1118	1101	1137	1200	1200	1141	1022	1012	1187	1217	1193	1011	1006	1215	1309	1198	1191	1197	1213
1061	1057	1021	1121	1116	1121	1116	1115	1118	1118	1089	1145	1190	1228	1146	1214	1032	1180	1218	1189	1025	1066	1249	1199	1155	1183	1185	1167
985	1084	1051	1096	1115	1115	1112	1121	1113	1118	1095	1164	1209	1240	1297	1721	1251	1145	1204	1168	1009	1073	1233	1185	1159	1152	1167	1166
926	1028	1057	1106	1113	1116	1113	1114	1118	1121	1089	1152	1201	1140	1179	1649	1301	1190	1196	1084	1002	1079	1213	1201	1174	1178	1184	1201
920	997	1040	1088	1114	1119	1119	1122	1122	1127	1073	1106	1185	1182	1217	1228	1248	1201	1189	998	1005	1074	1198	1242	1242	1219	1176	1240
913	938	1041	1050	1096	1109	1114	1117	1114	1117	1073	1029	1197	1213	1203	1187	1209	1194	1079	921	1022	1052	1244	1413	1275	1119	1081	1165
916	908	994	1066	1077	1101	1106	1100	1115	1125	1105	988	1127	1208	1195	1190	1177	1064	934	1004	1067	1033	1315	1588	1086	1016	1042	1015
985	905	917	1002	1078	1060	1182	1225	1085	1077	1038	967	952	1105	1130	1059	995	990	1057	1091	1064	1116	1245	1512	1526	1115	1041	1238
685	980	908	911	972	1038	1081	1348	1419	1122	1011	989	979	1007	1016	1072	1085	1072	1069	1241	1228	1130	1143	1260	1636	1437	1362	1515
140	940	929	907	909	932	986	1059	1312	1321	1061	1075	1068	1141	1328	1409	1177	1038	1077	1125	1151	1098	1085	1065	1059	1236	1461	1146
3	422	1013	905	914	917	911	950	1021	1091	1015	1040	1071	1070	1097	1063	1020	1080	1090	1074	1085	1086	1060	1099	1076	1122	1417	1040
78	26	713	1003	903	910	919	920	915	966	1044	1074	1089	1091	1078	1076	1074	1090	1091	1088	1086	1090	1090	1093	1091	1143	1333	1060
288	161	109	791	1001	905	904	909	923	925	936	994	1052	1086	1085	1090	1087	1085	1086	1090	1089	1085	1099	1098	1090	1130	1232	1078
102	245	285	273	752	1014	959	921	907	914	920	928	933	966	1004	1036	1058	1065	1066	1073	1075	1089	1087	1086	1072	1095	1173	1053
60	50	89	183	286	602	907	1018	1018	970	935	914	919	922	924	927	933	945	950	952	949	959	962	953	947	948	952	954
66	69	66	55	56	98	221	458	699	889	996	1027	1022	997	978	938	924	919	933	929	929	932	936	937	934	950	966	951
50	64	65	68	69	64	54	49	74	163	315	500	678	767	834	995	1028	1024	1019	1003	993	977	990	1011	997	1007	1013	1009
217	53	38	59	62	64	67	74	72	61	45	41	65	118	190	319	446	561	660	739	812	857	850	755	879	939	930	866
593	605	380	144	43	38	56	68	69	72	76	75	70	66	61	54	52	52	66	84	116	144	168	177	202	220	219	206
117	235	463	622	571	369	173	58	34	55	71	76	77	76	76	73	72	74	77	74	71	66	61	57	55	52	56	60
136	128	110	139	263	455	592	620	496	215	80	70	73	77	77	73	70	67	71	73	73	76	76	76	77	79	79	78
1078	1073	1124	1121	1116	1119	1122	1134	1134	1123	1120	1123	1122	1122	1124	1088	1012	1082	1078	1059	1104	1146	1139	1147	1148	1143	1131	1147
1122	1113	1115	1116	1116	1123	1128	1121	1121	1122	1122	1124	1121	1123	1130	1080	964	970	1046	1093	1143	1141	1143	1148	1137	1051	1093	1105
1293	1124	1116	1115	1124	1122	1125	1118	1119	1124	1126	1119	1126	1123	1075	966	938	1060	1134	1141	1144	1135	1128	1117	1076	1029	1135	1154
1293	1135	1115	1120	1120	1119	1119	1115	1134	1130	1129	1122	1107	1018	959	951	1099	1156	1135	1087	1046	1014	1013	1077	1062	1089	1134	1158
1298	1118	1105	1108	1110	1114	1117	1118	1114	1118	1119	1110	1047	1006	948	1073	1160	1082	981	932	924	923	946	1043	1101	1102	1115	1146
1215	1088	1110	1112	1112	1112	1118	1125	1118	1121	1121	1083	1120	1188	1126	1124	1145	1041	1036	983	927	927	976	1100	1141	1142	1122	1119
1076	1039	1087	1115	1115	1112	1117	1121	1119	1118	1109	1130	1192	1206	1181	1092	1073	1149	1189	1151	955	951	1086	1327	1366	1334	1314	1301
1088	1010	1036	1122	1110	1118	1118	1121	1120	1113	1092	1161	1204	1196	1077	974	1000	1194	1219	1200	1041	1046	1295	1344	1241	1234	1240	1252
1061	1071	1010	1120	1116	1124	1117	1115	1120	1116	1087	1166	1183	1224	1170	1399	1060	1179	1214	1186	1052	1106	1306	1207	1187	1217	1218	1195
977	1087	1046	1082	1117	1117	1114	1123	1112	1119	1090	1179	1209	1251	1560	1781	1113	1180	1206	1156	1025	1107	1260	1192	1206	1215	1196	1203
917	1020	1052	1095	1114	1117	1111	1113	1118	1120	1073	1176	1202	1110	1261	1524	1224	1207	1198	1071	1030	1096	1244	1210	1197	1203	1200	1216
920	978	1038	1074	1115	1119	1116	1121	1126	1124	1043	1128	1179	1178	1175	1186	1229	1193	1175	981	1030	1073	1249	1264	1242	1213	1180	1226
914	926	1037	1040	1089	1106	1112	1115	1111	1116	1031	1033	1205	1210	1182	1192	1202	1187	1053	921	1034	1042	1215	1489	1262	1118	1084	1161
919	903	975	1062	1067	1096	1124	1095	1114	1126	1070	977	1144	1205	1186	1183	1154	1031	937	1015	1065	1023	1203	1596	1025	1003	1030	1012
988	906	915	984	1077	1055	1232	1289	1093	1051	997	949	961	1093	1085	1026	984	1002	1068	1092	1055	1107	1243	1621	1650	1119	1035	1252
676	981	911	912	955	1034	1071	1336	1438	1122	1025	1016	1004	1038	1048	1125	1075	1076	1068	1193	1196	1137	1107	1203	1694	1341	1303	1434
138	937	930	904	909	923	972	1039	1265	1219	1055	1070	1073	1213	1357	1348	1048	1041	1072	1116	1125	1085	1066	1061	1080	1175	1313	1168
2	426	1011	903	913	917	910	936	1009	1048	1009	1043	1069	1067	1101	1037	1012	1079	1091	1081	1085	1092	1059	1101	1078	1114	1296	1055
76	29	727	999	904	915	919	915	911	955	1038	1077	1088	1089	1077	1080	1077	1090	1090	1091	1086	1087	1090	1091	1089	1150	1307	1061
285	156	115	812	996	905	905	912	929	927	931	977	1041	1084	1084	1090	1085	1087	1088	1088	1088	1085	1099	1098	1084	1150	1277	1076
103	248	287	287	770	1013	958	921	907	912	918	928	932	958	997	1033	1053	1068	1061	1066	1071	1086	1089	1083	1067	1132	1237	1051
61	50	92	186	290	615	914	1014	1016	968	936	912	918	919	923	924	932	938	941	951	947	956	959	955	949	952	971	956
66	71	69	52	53	97	224	460	705	895	1002	1027	1020	1000	976	937	925	914	929	926	926	933	935	939	934	954	962	949
52	63	62	66	68	66	52	47	75	168	318	502	678	762	851	1003	1031	1027	1016	999	992	979	991	1012	1000	1009	1020	1014
214	51	37	60	61	63	67	73	71	57	44	40	63	117	197	326	451	565	666	747	816	862	844	751	870	925	911	845
599	605	379	139	41	36	57	66	69	72	75	74	68	63	59	51	51	52	66	84	115	144	170	177	198	215	215	204
117	240	470	626	573	364	169	54	34	57	70	74	74	75	76	72	72	74	75	74	71	65	58	57	55	50	55	60
137	127	108	140	270	465	602	626	490	205	77	69	73	78	76	71	69	65	72	73	73	75	75	77	77	78	79	79
1080	1085	1122	1118	1116	1118	1123	1135	1124	1117	1120	1121	1121	1121	1134	1077	975	1074	1083	1062	1078	1144	1139	1144	1151	1139	1133	1142
1197	1121	1110	1117	1114	1116	1127	1123	1121	1119	1126	1129	1127	1127	1121	1025	940	996	1063	1069	1134	1138	1143	1145	1136	1082	1148	1125
1308	1143	1111	1115	1119	1121	1121	1117	1117	1123	1121	1120	1133	1093	1008	933	935	1050	1131	1138	1124	1122	1120	1120	1073	1046	1149	1163
1300	1134	1109	1116	1116	1119	1114	1114	1131	1130	1123	1126	1050	960	936	950	1079	1142	1139	1109	1096	1058	1016	1080	1046	1079	1122	1159
1277	1113	1104	1113	1109	1112	1117	1119	1115	1118	1121	1077	1026	1054	968	1085	1158	1064	981	945	943	929	945	1035	1104	1110	1115	1142
1117	1055	1097	1115	1113	1117	1120	1119	1118	1124	1107	1079	1164	1199	1134	1139	1142	998	983	955	925	926	997	1103	1122	1125	1123	1121
1070	985	1061	1120	1115	1112	1119	1120	1115	1118	1095	1157	1201	1225	1163	1046	1014	1117	1174	1130	970	999	1094	1206	1223	1207	1205	1200
1092	1019	1019	1123	1112	1116	1116	1119	1118	1111	1101	1181	1215	1191	1001	982	986	1186	1223	1196	1068	1079	1213	1299	1240	1207	1201	1204
1052	1086	1000	1109	1117	1122	1114	1113	1120	1110	1098	1186	1177	1178	1208	1553	1074	1174	1208	1183	1068	1119	1349	1289	1241	1248	1240	1216
962	1081	1047	1069	1117	1113	1112	1118	1114	1110	1083	1191	1203	1245	1650	1523	1091	1210	1198	1148	1041	1153	1345	1251	1359	1405	1252	1325
914	1008	1051	1085	1109	1115	1111	1115	1121	1113	1061	1194	1211	1123	1297	1298	1208	1226	1198	1063	1049	1126	1275	1254	1287	1297	1243	1284
917	959	1038	1058	1116	1122	1116	1123	1126	1117	1021	1165	1180	1167	1187	1177	1210	1204	1164	971	1055	1092	1283	1291	1248	1211	1196	1236
911	919	1026	1039	1076	1103	1108	1118	1119	1117	990	1055	1194	1191	1184	1183	1198	1182	1027	926	1041	1054	1118	1380	1259	1121	1083	1152
921	905	955	1057	1048	1086	1178	1101	1110	1121	1034	982	1149	1197	1187	1176	1125	998	950	1028	1079	1038	1070	1216	1028	1012	1046	1032
988	906	914	962	1065	1047	1263	1352	1095	1011	970	944	970	1065	1046	994	979	1016	1077	1094	1067	1058	1085	1203	1512	1163	1050	1267
667	980	909	908	949	1025	1057	1309	1416	1096	1044	1041	1041	1083	1117	1157	1059	1081	1084	1124	1116	1094	1055	1085	1729	1401	1348	1459
136	934	934	908	920	917	962	1030	1197	1132	1056	1067	1101	1295	1360	1225	980	1051	1081	1092	1101	1085	1069	1050	1122	1234	1264	1252
3	442	1016	906	920	924	908	927	997	1040	1026	1061	1080	1070	1082	1038	1009	1082	1091	1082	1084	1093	1059	1098	1065	1157	1273	1088
78	35	742	991	902	917	921	924	914	941	1026	1076	1084	1082	1079	1088	1076	1087	1092	1094	1089	1087	1090	1090	1087	1156	1273	1075
286	155	130	832	992	905	904	915	929	926	927	963	1026	1077	1089	1088	1084	1089	1088	1078	1088	1089	1095	1099	1085	1151	1274	1074
104	252	285	301	786	1007	952	918	909	919	928	930	931	950	988	1025	1048	1067	1063	1057	1072	1085	1089	1079	1065	1192	1299	1060
63	52	94	185	296	622	919	1017	1013	967	930	913	916	921	919	922	927	937	939	949	943	956	955	954	951	960	985	957
69	69	67	55	53	99	231	461	709	896	997	1027	1021	1008	977	938	922	918	922	925	926	932	933	941	935	958	962	949
51	64	64	64	67	69	54	48	78	172	321	501	671	747	862	1009	1031	1029	1014	1001	989	983	993	1013	1005	1023	1032	1019
213	53	36	61	66	65	68	74	72	57	43	38	62	122	200	331	454	568	668	754	815	865	837	746	852	899	878	813
599	607	379	140	43	35	57	67	72	72	76	73	72	67	58	51	51	54	68	89	113	147	169	179	191	204	208	201
118	243	475	628	572	362	165	55	31	59	71	76	78	76	75	73	73	76	75	71	68	64	57	56	52	51	53	58
135	127	107	139	274	470	603	629	487	201	76	75	72	74	75	72	71	67	70	70	75	73	75	77	74	76	77	77
1103	1099	1117	1118	1115	1119	1124	1132	1118	1116	1119	1120	1123	1123	1137	1042	980	1076	1074	1067	1052	1137	1140	1142	1150	1133	1135	1142
1245	1146	1106	1117	1114	1116	1124	1124	1120	1118	1127	1128	1131	1127	1086	971	943	1026	1074	1037	1086	1138	1141	1144	1127	1109	1211	1114
1299	1153	1105	1117	1116	1117	1119	1117	1118	1123	1120	1124	1117	1041	959	924	934	1058	1126	1083	1060	1094	1124	1110	1052	1044	1145	1155
1296	1133	1106	1113	1115	1117	1114	1116	1132	1131	1122	1113	991	934	929	954	1061	1140	1132	1091	1087	1087	1034	1054	1024	1064	1088	1161
1214	1089	1097	1115	1110	1111	1116	1120	1119	1118	1121	1044	1047	1103	988	1076	1146	1075	982	945	950	936	938	1021	1103	1109	1106	1139
1077	1008	1077	1117	1113	1118	1119	1115	1117	1123	1090	1098	1191	1203	1138	1138	1146	980	942	935	929	935	1000	1130	1149	1138	1145	1130
1069	970	1038	1123	1117	1116	1120	1118	1114	1116	1082	1176	1210	1236	1150	1050	996	1062	1131	1090	996	1047	1099	1138	1147	1142	1157	1155
1091	1036	1004	1122	1115	1117	1115	1120	1120	1104	1108	1190	1215	1175	1009	1081	1024	1161	1221	1187	1083	1096	1151	1211	1186	1157	1162	1162
1043	1093	998	1095	1118	1120	1113	1115	1120	1096	1111	1200	1180	1146	1150	1485	1099	1174	1202	1173	1080	1117	1274	1249	1207	1202	1201	1189
947	1076	1055	1054	1115	1113	1111	1115	1117	1090	1094	1199	1197	1218	1417	1254	1106	1222	1192	1137	1059	1153	1327	1243	1321	1347	1215	1284
911	993	1054	1075	1106	1115	1113	1116	1122	1091	1072	1197	1199	1141	1274	1187	1200	1224	1192	1065	1064	1136	1331	1285	1287	1298	1237	1271
916	942	1042	1046	1112	1120	1116	1122	1126	1095	1017	1186	1180	1191	1230	1179	1198	1209	1141	971	1070	1092	1292	1342	1291	1253	1237	1262
910	917	1012	1045	1065	1105	1107	1118	1125	1104	963	1090	1198	1197	1193	1182	1195	1161	995	927	1046	1062	1046	1274	1250	1123	1087	1145
921	908	936	1048	1038	1096	1245	1107	1095	1090	1012	991	1167	1202	1190	1166	1092	971	961	1039	1083	1038	1016	1049	1046	1026	1054	1039
985	909	916	945	1050	1042	1266	1393	1098	984	966	941	982	1049	1014	976	979	1026	1083	1095	1067	1030	1001	1068	1385	1187	1058	1256
673	982	911	911	940	1015	1044	1270	1366	1077	1062	1057	1098	1136	1189	1141	1053	1092	1094	1089	1079	1067	1014	1048	1684	1457	1463	1472
147	942	932	912	923	913	955	1017	1128	1084	1054	1066	1141	1322	1308	1124	954	1060	1088	1081	1089	1086	1061	1033	1187	1313	1262	1319
4	471	1017	908	924	928	913	919	988	1034	1040	1074	1083	1071	1070	1047	1008	1084	1091	1080	1082	1092	1058	1097	1057	1245	1262	1145
77	44	766	986	901	918	921	922	914	931	1008	1072	1086	1082	1079	1087	1076	1086	1091	1094	1089	1086	1090	1090	1086	1175	1273	1091
287	153	147	850	987	906	905	916	927	926	925	952	1012	1069	1087	1088	1083	1089	1083	1073	1088	1089	1092	1100	1080	1162	1285	1079
104	254	284	316	803	1006	948	919	907	921	932	930	930	942	978	1014	1042	1062	1062	1049	1071	1084	1086	1076	1063	1244	1333	1071
63	53	94	182	301	630	921	1017	1009	969	927	915	916	919	917	919	925	932	937	946	945	956	952	950	953	976	1003	958
70	69	68	57	55	101	230	460	707	894	994	1028	1021	1006	979	939	922	922	922	924	926	932	934	941	939	963	964	952
49	66	67	65	67	68	54	48	79	172	320	501	664	725	864	1010	1031	1031	1016	1003	989	986	996	1014	1010	1032	1045	1030
214	53	34	60	65	64	68	75	73	59	44	38	61	123	199	332	452	567	666	753	812	859	829	736	833	867	833	766
596	606	379	143	44	38	58	67	70	72	76	74	73	67	59	53	52	54	69	91	114	146	168	179	186	197	201	199
119	243	477	629	569	363	164	54	29	59	73	75	79	77	75	74	73	77	75	71	67	64	58	56	50	54	52	59
135	128	110	137	272	469	603	627	488	203	75	75	72	73	74	75	72	67	70	69	77	72	75	76	74	76	75	76
1139	1120	1111	1120	1113	1121	1125	1128	1117	1118	1119	1120	1128	1127	1123	993	1012	1081	1058	1072	1032	1125	1143	1142	1146	1126	1137	1146
1272	1176	1103	1117	1114	1120	1119	1124	1117	1119	1124	1124	1131	1113	1030	931	963	1052	1078	1009	1018	1140	1140	1145	1116	1132	1272	1083
1274	1155	1098	1119	1115	1113	1118	1118	1119	1123	1120	1125	1078	981	933	931	944	1081	1106	1000	978	1059	1135	1096	1026	1034	1127	1139
1282	1125	1103	1112	1115	1113	1116	1120	1134	1132	1124	1082	944	935	939	972	1053	1140	1106	1041	1031	1085	1055	1017	1000	1049	1042	1162
1128	1046	1084	1116	1112	1111	1114	1121	1123	1118	1115	1021	1098	1144	1007	1052	1124	1106	985	937	944	941	929	1003	1100	1106	1091	1137
1074	965	1053	1118	1113	1116	1116	1114	1115	1121	1074	1131	1202	1204	1137	1117	1152	986	929	925	936	953	1002	1195	1222	1182	1184	1150
1073	989	1019	1124	1120	1121	1120	1116	1114	1111	1076	1186	1216	1249	1134	1084	1048	1007	1075	1036	1026	1083	1113	1152	1154	1147	1153	1151
1087	1055	990	1117	1117	1119	1115	1121	1124	1093	1115	1192	1211	1173	1071	1218	1124	1128	1210	1167	1087	1100	1123	1128	1122	1116	1127	1129
1036	1093	1003	1079	1119	1118	1114	1119	1120	1078	1127	1210	1188	1134	1049	1276	1129	1179	1197	1158	1086	1107	1141	1140	1127	1123	1128	1136
934	1070	1069	1038	1112	1117	1112	1114	1120	1065	1117	1202	1190	1185	1041	1053	1142	1220	1190	1125	1076	1123	1233	1184	1167	1145	1123	1148
908	977	1057	1068	1104	1116	1116	1115	1121	1061	1101	1191	1177	1160	1222	1182	1197	1210	1181	1072	1075	1127	1362	1280	1217	1228	1200	1210
917	928	1043	1037	1105	1116	1117	1120	1126	1061	1036	1193	1180	1229	1278	1188	1192	1208	1110	981	1078	1081	1267	1372	1327	1296	1287	1293
912	918	994	1053	1056	1118	1112	1115	1127	1076	957	1129	1211	1220	1204	1186	1191	1126	963	929	1053	1065	1007	1185	1228	1120	1092	1138
922	911	920	1036	1037	1120	1314	1115	1068	1039	1001	1004	1191	1212	1190	1152	1056	950	971	1048	1079	1030	1021	1073	1078	1037	1056	1038
980	913	918	931	1035	1040	1249	1412	1100	972	976	942	995	1045	992	969	983	1035	1086	1094	1060	1021	982	1161	1305	1189	1060	1229
691	984	914	916	930	1003	1034	1220	1293	1068	1074	1075	1173	1197	1243	1095	1056	1104	1097	1081	1075	1052	994	1094	1583	1497	1608	1478
167	959	927	914	921	912	949	1001	1070	1068	1049	1067	1179	1297	1218	1058	958	1066	1091	1079	1086	1086	1052	1023	1252	1401	1302	1370
5	515	1015	909	926	928	919	913	978	1027	1047	1081	1080	1069	1067	1061	1011	1084	1091	1077	1082	1089	1056	1095	1054	1341	1268	1213
73	58	800	983	902	917	920	914	911	926	989	1064	1089	1086	1078	1081	1077	1086	1089	1093	1086	1083	1090	1091	1085	1190	1295	1108
288	150	171	870	981	906	909	916	926	925	925	944	999	1062	1081	1088	1082	1089	1075	1072	1087	1085	1089	1102	1073	1172	1304	1089
103	254	282	333	821	1007	945	920	903	918	931	928	927	935	970	1003	1035	1054	1059	1042	1068	1082	1083	1074	1062	1284	1350	1082
64	53	94	180	307	641	921	1013	1005	972	927	917	915	916	915	916	923	925	936	942	948	955	950	944	952	992	1022	960
71	70	71	57	58	101	227	459	704	891	992	1028	1020	1000	979	940	925	924	926	922	927	933	936	939	943	966	968	957
47	68	69	68	68	66	53	49	79	170	319	501	658	701	863	1007	1029	1032	1020	1003	990	987	999	1015	1015	1035	1061	1044
217	53	32	59	60	63	68	76	73	60	45	38	60	121	198	332	449	564	661	748	808	850	820	723	813	827	779	710
591	602	378	144	44	42	59	68	67	72	76	76	71	65	60	55	53	54	69	91	116	144	168	179	184	193	194	197
121	242	476	628	566	363	164	54	29	60	74	74	77	77	76	75	72	77	76	72	69	64	60	57	50	57	52	61
136	129	115	136	269	464	603	621	490	208	75	73	73	74	73	77	71	65	71	69	77	72	76	75	77	76	74	75
1162	1174	1100	1121	1119	1119	1127	1121	1118	1119	1123	1121	1131	1132	1074	958	1036	1068	1054	1064	1032	1114	1147	1147	1141	1120	1134	1141
1227	1176	1093	1117	1116	1119	1115	1127	1115	1118	1119	1126	1123	1054	968	933	984	1061	1077	1016	983	1138	1139	1145	1120	1167	1204	1069
1261	1151	1097	1116	1113	1112	1118	1118	1118	1121	1118	1113	1015	942	930	936	986	1102	1028	946	946	1037	1138	1108	1024	1050	1064	1133
1211	1099	1088	1113	1113	1112	1117	1122	1138	1131	1131	1032	933	942	975	1046	1071	1113	1038	971	967	1018	1054	1008	985	1043	1012	1155
1088	990	1063	1121	1110	1111	1113	1118	1126	1119	1095	1023	1147	1160	1031	1001	1064	1133	998	930	928	924	923	984	1101	1123	1088	1129
1084	978	1030	1124	1116	1119	1117	1113	1118	1121	1063	1157	1202	1208	1130	1022	1099	1006	996	927	944	973	1058	1360	1343	1275	1288	1261
1080	1026	997	1125	1117	1117	1117	1112	1115	1099	1090	1191	1213	1297	1075	1064	1231	1010	1050	979	1046	1081	1168	1325	1280	1230	1223	1235
1084	1067	981	1109	1117	1118	1111	1117	1122	1079	1129	1192	1225	1254	1088	1252	1350	1111	1182	1121	1085	1089	1119	1159	1163	1163	1180	1194
1027	1089	1012	1059	1122	1114	1116	1117	1123	1072	1156	1216	1200	1144	1067	1149	1151	1186	1199	1137	1079	1098	1108	1118	1112	1117	1135	1166
929	1055	1081	1024	1112	1118	1113	1116	1121	1042	1141	1197	1184	1178	1005	1071	1173	1221	1193	1112	1082	1113	1145	1123	1112	1110	1130	1147
911	962	1055	1062	1099	1116	1117	1116	1124	1043	1142	1189	1177	1170	1213	1233	1194	1206	1170	1068	1083	1110	1199	1161	1135	1145	1165	1179
920	921	1029	1034	1094	1108	1117	1122	1127	1027	1090	1198	1175	1223	1266	1198	1187	1205	1084	1002	1090	1083	1164	1231	1211	1215	1216	1228
912	919	970	1057	1049	1159	1127	1104	1132	1029	984	1159	1212	1227	1207	1194	1180	1087	941	941	1067	1066	1006	1109	1177	1104	1073	1109
913	911	914	1018	1047	1138	1368	1128	1035	985	987	1023	1200	1206	1178	1127	1018	933	980	1055	1082	1040	1017	1137	1126	1035	1059	1042
979	911	915	919	1021	1045	1237	1409	1105	981	977	956	1003	1040	991	965	992	1053	1096	1087	1066	1028	973	1223	1322	1161	1035	1207
739	971	916	917	924	985	1029	1159	1202	1066	1073	1113	1261	1273	1225	1060	1073	1105	1090	1074	1068	1027	1017	1218	1492	1514	1475	1497
210	975	928	915	924	911	943	995	1048	1065	1047	1071	1198	1225	1130	1050	970	1067	1088	1076	1085	1081	1068	1054	1261	1491	1541	1350
7	577	1016	905	921	924	916	910	962	1014	1044	1085	1081	1069	1078	1072	1027	1079	1089	1081	1083	1085	1056	1084	1052	1367	1415	1212
72	85	850	974	903	912	918	916	909	927	977	1051	1091	1089	1082	1078	1075	1086	1083	1090	1088	1080	1091	1090	1081	1156	1355	1095
289	146	216	902	972	903	915	916	926	924	922	937	988	1054	1079	1088	1084	1091	1071	1066	1087	1085	1089	1098	1072	1152	1304	1096
106	254	274	354	843	1006	944	917	903	917	924	923	920	935	966	1000	1029	1048	1060	1043	1067	1085	1079	1069	1056	1311	1360	1091
65	51	94	179	316	654	924	1011	1004	972	930	918	912	915	914	914	920	926	930	941	947	956	956	940	942	991	1027	953
71	69	71	56	59	97	233	465	703	891	986	1024	1018	1004	978	935	926	923	929	927	927	935	936	937	943	965	969	956
50	66	68	67	70	66	55	49	79	170	321	502	651	689	866	1006	1025	1030	1019	1000	991	984	997	1014	1021	1041	1074	1056
214	53	36	60	59	62	69	74	71	58	45	41	63	119	202	332	448	566	662	743	808	845	809	711	780	775	697	641
590	594	372	139	47	41	56	69	70	72	78	77	72	64	60	52	53	57	70	88	121	148	167	178	184	187	193	192
119	244	475	621	560	357	161	58	30	61	70	76	75	75	75	74	73	77	77	70	69	65	63	57	54	56	53	60
137	129	114	138	270	464	599	613	484	206	77	72	72	75	73	75	70	67	70	72	76	72	78	76	78	76	74	74
1156	1195	1093	1118	1118	1120	1126	1119	1119	1119	1123	1122	1133	1117	1024	942	1049	1060	1052	1064	1050	1108	1148	1146	1139	1113	1099	1108
1199	1169	1087	1117	1116	1116	1113	1125	1115	1119	1118	1128	1092	994	934	940	998	1071	1080	1039	984	1131	1142	1143	1129	1146	1117	1081
1239	1142	1086	1113	1111	1115	1118	1116	1116	1121	1121	1088	963	928	936	946	1043	1099	976	929	954	1022	1123	1127	1053	1049	1018	1134
1143	1053	1067	1118	1114	1112	1114	1123	1138	1129	1122	984	944	961	1024	1062	1066	1069	1003	940	936	961	1026	1011	984	1037	994	1152
1068	962	1039	1124	1111	1110	1113	1117	1125	1119	1068	1047	1175	1159	1019	1043	1123	1111	1007	926	920	916	923	971	1093	1130	1074	1104
1088	1001	1007	1125	1116	1120	1120	1115	1120	1113	1070	1175	1201	1199	1099	1138	1311	1048	1028	923	954	991	1083	1371	1359	1297	1311	1284
1084	1055	982	1120	1116	1114	1114	1112	1116	1089	1120	1192	1200	1343	1057	1133	1533	1037	1018	944	1059	1086	1248	1386	1297	1243	1234	1246
1079	1077	979	1092	1118	1117	1112	1114	1118	1078	1150	1190	1238	1328	1107	1237	1444	1087	1120	1065	1078	1109	1230	1226	1212	1216	1231	1230
1016	1086	1027	1037	1123	1114	1117	1115	1122	1083	1176	1209	1199	1138	1087	1086	1152	1188	1191	1103	1076	1106	1161	1170	1209	1214	1206	1228
924	1037	1087	1023	1107	1119	1115	1118	1120	1037	1163	1190	1185	1174	1046	1122	1198	1213	1187	1090	1082	1100	1138	1143	1161	1176	1177	1192
913	948	1041	1060	1097	1115	1117	1118	1119	1036	1174	1196	1186	1175	1204	1255	1193	1203	1150	1064	1085	1095	1125	1162	1154	1168	1199	1212
922	918	1011	1032	1083	1110	1115	1123	1123	1002	1138	1203	1172	1208	1239	1203	1189	1194	1047	1022	1097	1089	1103	1187	1201	1193	1196	1222
913	918	951	1054	1044	1214	1145	1089	1117	984	1025	1177	1206	1220	1206	1196	1167	1044	930	958	1079	1066	1018	1081	1132	1080	1056	1083
909	914	914	998	1055	1140	1404	1138	996	952	976	1027	1195	1194	1161	1095	985	932	994	1064	1085	1054	1010	1222	1197	1035	1061	1043
974	908	915	914	1001	1049	1210	1384	1098	993	982	976	1009	1041	991	965	1006	1069	1098	1078	1074	1023	994	1271	1372	1147	1022	1206
798	957	916	920	920	964	1022	1102	1132	1071	1067	1173	1325	1308	1166	1043	1085	1095	1083	1075	1069	1008	1058	1304	1447	1507	1342	1511
276	990	923	916	923	908	934	986	1038	1060	1043	1075	1186	1155	1080	1057	983	1064	1086	1076	1084	1079	1117	1111	1271	1568	1668	1346
17	651	1006	902	917	918	911	910	949	1005	1035	1082	1081	1071	1084	1079	1040	1076	1090	1085	1084	1085	1062	1078	1061	1300	1478	1181
68	125	900	960	903	910	918	918	910	924	963	1033	1086	1091	1085	1077	1075	1084	1081	1087	1087	1077	1092	1091	1081	1122	1369	1076
290	140	267	931	964	901	915	917	925	924	919	930	977	1045	1079	1088	1084	1091	1069	1058	1087	1084	1091	1094	1075	1136	1304	1097
110	257	270	380	862	1005	943	913	902	914	920	921	917	930	960	998	1025	1044	1060	1045	1067	1088	1082	1072	1052	1305	1371	1089
65	51	96	179	326	666	927	1010	1002	966	928	916	909	914	915	914	918	926	927	939	945	958	961	940	939	978	1021	948
71	68	69	55	60	97	238	472	710	892	984	1020	1016	1005	973	932	923	922	928	927	925	934	934	937	944	962	968	954
52	66	68	67	71	68	57	49	81	176	327	508	647	683	875	1006	1022	1025	1014	999	990	979	992	1012	1021	1050	1080	1061
211	52	38	59	61	62	69	73	70	56	43	42	68	120	207	335	455	572	667	745	812	850	805	702	747	713	606	566
590	588	364	135	46	39	55	71	71	73	79	77	72	64	60	50	53	59	70	90	126	152	170	179	184	186	195	191
119	248	478	618	554	349	159	58	31	61	69	75	75	74	74	74	73	77	75	69	69	64	62	57	56	55	54	58
136	129	112	139	275	468	599	611	475	199	77	72	71	74	73	73	70	69	70	74	74	73	77	75	75	75	75	73
1121	1175	1089	1112	1111	1122	1124	1120	1118	1121	1120	1123	1131	1080	983	942	1052	1061	1050	1072	1078	1106	1145	1138	1142	1102	1031	1046
1188	1162	1082	1118	1113	1112	1111	1118	1116	1120	1122	1126	1042	946	933	947	1004	1083	1086	1070	1014	1122	1147	1140	1135	1070	1010	1121
1207	1125	1063	1112	1109	1119	1119	1114	1115	1122	1127	1050	930	935	948	965	1102	1070	960	944	989	1013	1092	1140	1096	1023	990	1142
1080	995	1041	1126	1115	1113	1109	1124	1133	1125	1094	949	971	992	1069	1031	1058	1016	1003	948	937	931	980	1020	995	1030	988	1154
1067	968	1014	1125	1114	1109	1113	1119	1123	1116	1040	1089	1184	1141	986	1212	1329	1066	1000	925	921	920	930	965	1077	1125	1050	1059
1085	1027	983	1120	1115	1118	1123	1120	1122	1097	1095	1185	1198	1172	1079	1471	1752	1119	1005	916	967	1009	1065	1219	1271	1247	1253	1221
1085	1071	975	1109	1116	1112	1114	1114	1116	1083	1161	1191	1179	1356	1104	1306	1878	1075	973	941	1067	1098	1325	1317	1199	1179	1186	1183
1070	1084	986	1066	1122	1117	1117	1115	1113	1091	1178	1187	1239	1360	1126	1186	1373	1054	1031	1014	1069	1152	1416	1292	1240	1249	1281	1238
1003	1084	1049	1017	1121	1117	1115	1115	1117	1112	1185	1193	1187	1111	1088	1086	1140	1187	1166	1062	1079	1132	1278	1264	1380	1370	1343	1321
919	1019	1083	1036	1095	1120	1117	1120	1115	1051	1180	1183	1191	1167	1113	1165	1212	1198	1168	1063	1077	1089	1216	1238	1296	1306	1266	1281
916	935	1018	1056	1097	1112	1119	1122	1103	1040	1191	1211	1197	1177	1191	1237	1196	1197	1121	1061	1082	1086	1177	1285	1262	1282	1300	1308
921	917	994	1031	1075	1128	1109	1122	1108	990	1171	1206	1173	1191	1207	1203	1195	1173	1001	1041	1097	1094	1101	1270	1311	1240	1228	1275
914	916	938	1043	1042	1274	1165	1067	1079	952	1072	1184	1196	1204	1201	1192	1150	1002	927	978	1085	1064	1036	1128	1112	1052	1041	1058
909	918	917	976	1056	1128	1420	1147	956	944	967	1015	1175	1178	1139	1059	959	945	1012	1075	1087	1067	1009	1311	1287	1038	1062	1041
965	906	917	916	978	1049	1166	1335	1080	1006	996	1006	1014	1046	990	969	1023	1079	1091	1068	1079	1002	1041	1301	1433	1150	1021	1226
868	944	916	924	916	944	1014	1055	1085	1079	1062	1245	1355	1291	1087	1045	1090	1078	1076	1084	1074	998	1108	1338	1456	1479	1210	1522
364	1000	912	918	917	902	922	974	1033	1048	1038	1078	1148	1102	1071	1068	996	1059	1086	1079	1082	1081	1186	1185	1293	1596	1681	1357
34	734	985	901	916	913	906	910	940	1000	1023	1072	1081	1074	1082	1082	1045	1076	1093	1087	1084	1089	1073	1078	1079	1160	1457	1120
61	179	944	942	902	912	921	919	911	914	946	1012	1074	1091	1086	1078	1078	1082	1082	1084	1083	1074	1092	1093	1086	1098	1338	1051
289	132	321	955	956	901	909	918	922	923	917	923	967	1035	1078	1089	1082	1089	1067	1050	1089	1083	1093	1091	1079	1126	1305	1090
114	262	270	411	878	1004	941	908	899	909	921	923	919	920	951	994	1020	1041	1058	1049	1065	1090	1090	1080	1050	1263	1382	1074
64	53	99	181	336	677	930	1010	998	956	921	910	907	913	919	916	918	921	926	938	942	961	965	946	943	961	1004	942
71	67	67	54	61	102	241	478	723	895	987	1016	1015	1001	967	930	919	923	925	922	921	929	931	937	945	956	964	949
52	68	68	68	70	70	57	49	83	184	336	517	647	682	890	1007	1021	1019	1007	999	987	971	986	1008	1016	1058	1081	1058
206	49	36	57	65	63	68	74	70	55	42	41	73	124	212	340	467	580	674	753	819	862	807	695	713	641	505	485
591	584	358	133	42	38	58	71	70	76	77	78	72	64	59	49	53	59	70	96	130	156	177	183	184	190	198	196
120	252	483	620	550	343	158	54	32	60	71	74	77	73	73	74	74	76	71	70	68	60	59	57	54	56	55	56
135	128	109	140	281	475	602	614	467	189	75	72	72	73	73	72	69	70	71	74	73	74	74	74	70	73	76	73
1120	1141	1091	1110	1115	1122	1123	1117	1119	1124	1126	1130	1112	1021	959	944	1054	1067	1054	1070	1080	1102	1141	1137	1146	1086	960	987
1177	1172	1068	1117	1115	1116	1114	1120	1116	1119	1127	1110	994	940	950	957	1015	1086	1086	1076	1027	1108	1151	1142	1109	1005	972	1163
1146	1076	1032	1119	1111	1122	1120	1117	1118	1125	1122	1004	922	946	954	996	1113	1023	965	953	984	1009	1068	1091	1056	976	1004	1148
1067	974	1010	1128	1113	1112	1109	1124	1129	1124	1058	950	1000	1033	1031	1111	1217	983	966	936	933	926	959	1012	1005	1029	1001	1150
1065	995	986	1123	1113	1111	1116	1120	1122	1105	1036	1128	1188	1100	1028	1589	1705	1176	930	928	915	922	936	961	1061	1114	1045	1027
1082	1049	966	1114	1119	1121	1123	1120	1118	1087	1126	1190	1185	1123	1273	1798	1935	1261	931	934	983	1039	1032	1120	1242	1235	1239	1208
1085	1080	971	1095	1117	1114	1112	1109	1109	1085	1181	1196	1160	1205	1256	1551	1885	1083	920	984	1080	1085	1259	1305	1185	1163	1172	1173
1066	1085	1003	1043	1124	1115	1117	1117	1111	1114	1197	1191	1180	1237	1089	1112	1219	1015	969	1028	1076	1137	1388	1226	1189	1203	1208	1188
990	1085	1068	1004	1114	1117	1116	1123	1113	1136	1194	1180	1168	1076	1079	1124	1166	1190	1095	1039	1073	1192	1339	1232	1356	1330	1266	1240
920	1003	1070	1054	1085	1117	1114	1121	1098	1078	1183	1188	1190	1129	1144	1191	1215	1200	1141	1056	1075	1134	1316	1277	1395	1340	1250	1237
924	930	999	1030	1089	1109	1123	1123	1076	1052	1194	1227	1197	1176	1183	1218	1202	1192	1084	1070	1085	1092	1297	1315	1269	1274	1262	1271
922	916	982	1028	1084	1176	1090	1122	1076	992	1192	1201	1177	1178	1185	1197	1199	1138	969	1063	1095	1087	1122	1371	1365	1233	1189	1260
914	918	926	1029	1048	1308	1192	1033	1012	962	1103	1193	1196	1194	1199	1184	1120	971	931	998	1085	1058	1055	1370	1166	1031	1033	1042
910	921	917	954	1049	1118	1403	1168	946	945	960	1011	1134	1159	1117	1026	940	955	1025	1076	1088	1053	1067	1367	1368	1039	1049	1034
948	909	917	914	960	1042	1121	1241	1065	1031	1027	1061	1036	1045	992	982	1039	1079	1084	1069	1067	973	1092	1342	1476	1141	1003	1248
927	930	914	920	914	930	1008	1027	1043	1076	1063	1288	1344	1230	1059	1052	1089	1068	1070	1087	1066	998	1144	1368	1508	1473	1145	1525
501	1001	909	918	914	897	908	966	1017	1030	1038	1069	1103	1073	1070	1076	1009	1055	1084	1080	1083	1082	1201	1243	1326	1401	1364	1284
81	825	963	903	920	918	909	910	931	986	1010	1057	1081	1075	1081	1081	1046	1072	1089	1085	1085	1089	1080	1081	1080	1083	1217	1076
57	249	974	931	902	915	918	918	907	908	935	993	1060	1089	1085	1077	1082	1084	1079	1082	1086	1076	1096	1093	1085	1082	1181	1064
290	127	379	976	952	902	905	914	919	921	914	918	949	1019	1072	1087	1080	1088	1069	1044	1092	1083	1092	1090	1080	1120	1260	1083
113	260	269	442	894	1003	940	910	902	911	923	923	920	911	936	981	1010	1033	1056	1050	1062	1092	1093	1075	1052	1175	1273	1047
64	54	99	181	347	690	933	1011	996	957	922	907	911	914	920	921	921	919	927	940	941	962	967	952	945	955	983	941
70	69	67	57	61	102	242	477	725	896	987	1018	1017	1000	963	929	919	920	922	919	922	928	932	941	942	951	971	958
54	69	69	69	71	72	57	49	83	184	338	517	643	687	898	1005	1019	1016	1002	997	985	969	986	1002	1015	1055	1051	1043
206	50	37	58	64	65	68	75	71	58	42	43	74	125	214	342	468	578	675	755	823	860	804	684	675	560	398	403
593	581	357	134	42	41	59	70	71	75	77	77	73	65	58	50	51	58	72	98	130	159	177	184	186	194	206	202
122	250	481	621	550	346	156	54	33	57	70	76	78	72	74	75	74	77	73	71	67	62	59	58	54	56	54	55
136	127	109	143	282	474	600	615	468	188	77	74	73	73	73	72	69	70	71	73	74	73	75	75	71	74	75	74
1114	1136	1088	1107	1118	1120	1121	1115	1119	1126	1129	1132	1079	971	948	949	1056	1068	1055	1060	1070	1098	1138	1136	1150	1067	912	955
1153	1166	1043	1116	1117	1118	1115	1121	1118	1118	1132	1081	960	945	962	961	1022	1083	1081	1073	1032	1093	1154	1147	1092	962	948	1213
1100	1032	997	1123	1113	1121	1119	1117	1120	1127	1112	965	923	961	964	1032	1088	976	969	962	966	997	1061	1053	1010	947	1021	1154
1061	979	980	1125	1112	1111	1110	1126	1126	1122	1024	967	1029	1065	1004	1258	1417	1006	926	926	932	926	952	1002	1015	1025	1012	1146
1059	1024	962	1116	1114	1113	1117	1119	1121	1094	1047	1160	1194	1071	1153	1875	1954	1349	880	930	914	930	942	956	1051	1102	1048	1005
1080	1067	955	1101	1123	1123	1121	1119	1115	1086	1154	1193	1184	1082	1478	1978	1994	1400	883	950	1002	1066	999	1050	1236	1248	1242	1213
1085	1086	975	1072	1119	1117	1111	1108	1104	1098	1190	1202	1150	1073	1425	1779	1829	1085	891	1014	1092	1075	1156	1296	1199	1173	1169	1173
1060	1085	1025	1019	1124	1113	1115	1117	1107	1135	1206	1196	1138	1126	1099	1118	1111	981	937	1049	1086	1098	1304	1180	1146	1170	1154	1157
978	1084	1080	1008	1101	1117	1116	1127	1105	1154	1198	1175	1156	1034	1047	1151	1190	1183	1034	1041	1073	1186	1340	1187	1268	1242	1198	1183
922	989	1051	1059	1079	1112	1113	1121	1078	1110	1184	1198	1204	1112	1151	1201	1213	1201	1105	1061	1076	1147	1356	1252	1364	1299	1223	1198
929	927	985	997	1094	1104	1120	1125	1047	1072	1194	1238	1197	1183	1181	1199	1203	1182	1048	1081	1089	1094	1358	1288	1242	1249	1220	1238
924	913	968	1021	1100	1226	1070	1107	1034	1007	1204	1196	1183	1178	1176	1193	1200	1097	953	1080	1093	1079	1165	1424	1389	1216	1154	1239
914	920	918	1013	1053	1310	1225	998	953	977	1121	1198	1200	1193	1196	1166	1079	950	934	1014	1086	1054	1112	1551	1263	1011	1031	1031
910	921	915	935	1041	1104	1357	1174	953	948	954	1011	1099	1131	1084	994	931	963	1036	1078	1085	1046	1165	1361	1444	1050	1041	1041
933	910	915	911	945	1033	1082	1137	1056	1053	1072	1120	1072	1042	1004	1002	1051	1075	1078	1071	1044	962	1147	1351	1491	1124	994	1262
963	917	916	918	913	922	998	1015	1017	1069	1066	1291	1303	1154	1053	1064	1086	1059	1068	1088	1057	998	1172	1393	1555	1391	1092	1485
642	988	909	918	913	898	899	956	1001	1018	1045	1061	1073	1065	1074	1082	1027	1054	1084	1081	1083	1084	1177	1263	1324	1200	1135	1193
147	902	940	906	924	922	911	909	921	969	1005	1054	1083	1076	1080	1080	1055	1073	1087	1083	1084	1091	1085	1083	1078	1054	1067	1056
54	331	995	924	902	914	914	917	907	906	926	977	1049	1087	1085	1077	1085	1086	1077	1080	1090	1081	1098	1092	1083	1075	1080	1075
290	126	439	992	947	902	903	910	919	921	915	913	934	1006	1064	1085	1081	1087	1072	1038	1093	1083	1091	1090	1082	1112	1200	1080
113	258	271	474	910	1001	939	911	905	912	924	923	920	908	926	968	1000	1025	1054	1052	1060	1091	1094	1072	1053	1096	1163	1026
64	55	99	181	355	697	936	1011	997	958	922	906	912	913	920	923	922	919	926	940	941	961	966	954	946	953	968	941
70	70	68	60	61	102	244	475	724	896	989	1021	1015	999	960	928	920	917	921	920	924	926	930	944	938	950	983	969
55	69	69	70	73	72	57	49	83	183	340	516	639	691	905	1004	1018	1013	1000	995	983	970	986	997	1015	1041	1000	1011
206	51	38	58	64	66	70	75	71	61	43	44	73	126	214	341	468	576	675	756	823	858	800	673	631	474	302	324
597	582	357	135	43	43	60	69	72	74	77	77	72	66	57	51	50	57	73	99	129	159	175	185	188	200	214	208
123	248	480	621	552	348	156	54	34	56	70	77	77	73	76	75	75	78	75	72	67	63	60	60	55	56	54	54
137	126	109	144	282	473	599	619	471	189	78	75	73	74	75	72	71	70	71	72	74	73	76	75	74	75	74	74
1099	1172	1074	1102	1117	1116	1120	1116	1119	1126	1125	1122	1033	942	947	956	1057	1062	1051	1043	1055	1097	1138	1133	1150	1047	902	966
1105	1134	1004	1116	1116	1116	1112	1118	1120	1118	1134	1041	946	948	958	955	1020	1077	1073	1067	1030	1078	1158	1151	1097	950	939	1272
1083	1009	963	1119	1113	1116	1116	1114	1117	1127	1096	940	927	975	978	1064	1034	938	964	973	945	975	1074	1050	983	950	1035	1160
1060	1006	954	1115	1113	1110	1110	1129	1124	1119	999	993	1057	1079	1023	1454	1608	1098	897	923	933	923	956	994	1024	1016	1017	1142
1047	1046	948	1105	1117	1114	1116	1117	1121	1087	1071	1183	1204	1067	1359	1953	1964	1544	877	927	923	944	946	951	1050	1095	1060	998
1079	1077	950	1081	1124	1121	1116	1120	1117	1094	1174	1195	1203	1063	1617	1950	1964	1505	887	953	1025	1085	975	1015	1247	1284	1269	1242
1083	1091	987	1037	1122	1118	1114	1115	1103	1121	1192	1209	1156	1026	1560	1942	1800	1086	895	1010	1101	1077	1060	1280	1225	1203	1179	1185
1050	1083	1050	993	1121	1112	1113	1114	1102	1150	1204	1201	1143	1089	1188	1237	1104	957	937	1056	1095	1049	1219	1203	1145	1186	1144	1162
967	1078	1084	1031	1083	1116	1114	1124	1093	1163	1196	1181	1153	996	1001	1143	1198	1160	1002	1069	1083	1081	1275	1167	1163	1160	1163	1179
924	978	1030	1046	1078	1103	1115	1119	1056	1142	1188	1207	1240	1144	1137	1196	1208	1195	1062	1073	1081	1098	1301	1161	1177	1193	1189	1178
927	923	976	966	1118	1095	1106	1125	1020	1097	1199	1242	1200	1204	1185	1185	1199	1164	1019	1090	1092	1088	1312	1217	1202	1239	1185	1222
926	908	950	1010	1119	1268	1055	1072	985	1037	1208	1193	1188	1196	1184	1193	1194	1052	955	1088	1093	1074	1223	1396	1386	1201	1129	1218
912	919	914	995	1051	1275	1265	969	919	983	1126	1197	1205	1202	1191	1135	1031	937	933	1023	1087	1052	1215	1566	1385	995	1034	1028
909	917	912	918	1033	1082	1283	1152	973	950	952	1015	1078	1089	1038	960	935	971	1046	1085	1081	1066	1288	1287	1520	1081	1039	1074
921	907	910	910	931	1023	1055	1041	1055	1064	1127	1175	1119	1037	1028	1029	1058	1067	1072	1073	1018	985	1203	1318	1476	1103	1001	1262
966	904	921	921	914	919	982	1017	1012	1060	1070	1249	1239	1079	1059	1077	1084	1051	1072	1085	1052	996	1191	1414	1565	1206	1053	1377
786	958	909	918	913	906	898	939	987	1016	1058	1060	1071	1076	1081	1085	1052	1058	1090	1081	1080	1087	1120	1234	1267	1075	1077	1080
239	955	919	908	923	921	911	907	910	948	1010	1069	1088	1079	1080	1082	1076	1080	1088	1083	1079	1096	1087	1084	1077	1073	1080	1071
50	420	1006	922	900	907	910	919	912	911	918	962	1042	1086	1087	1078	1085	1085	1078	1080	1093	1086	1097	1090	1080	1080	1078	1080
288	132	500	1003	942	900	905	910	925	923	921	907	923	996	1055	1085	1084	1086	1076	1032	1092	1086	1092	1090	1085	1100	1121	1084
114	261	278	507	927	1000	939	911	908	912	921	921	920	914	923	960	992	1017	1052	1055	1059	1088	1092	1075	1052	1050	1064	1014
63	57	98	180	361	697	937	1012	1000	958	920	908	909	911	921	921	918	919	924	936	940	957	962	953	944	952	962	943
73	69	68	62	62	102	245	474	720	898	992	1021	1009	996	957	928	919	916	922	925	926	924	924	943	935	956	1003	985
55	69	70	70	74	70	55	49	82	181	340	514	636	693	912	1004	1017	1012	1002	993	981	973	985	995	1017	1013	919	954
204	51	37	56	66	67	72	76	69	62	44	43	71	127	214	339	468	577	674	755	819	857	795	663	582	385	221	253
600	588	358	134	44	42	60	70	73	75	76	77	69	67	58	52	50	58	74	98	128	155	172	185	189	207	220	211
120	250	481	623	555	349	159	53	34	58	72	74	75	75	77	73	77	79	76	73	66	62	62	61	59	57	52	53
137	126	110	142	281	472	602	625	474	191	78	73	73	76	77	71	72	68	70	71	73	75	77	75	77	75	75	75
1066	1160	1044	1087	1115	1117	1123	1114	1118	1124	1129	1102	988	938	951	955	1041	1071	1054	1040	1049	1089	1137	1137	1150	1041	925	1000
1078	1083	965	1106	1116	1115	1113	1118	1121	1119	1125	993	937	951	951	947	1004	1078	1073	1062	1040	1070	1159	1154	1106	953	977	1337
1082	1019	939	1108	1117	1117	1114	1113	1118	1129	1066	925	936	975	983	1078	1016	928	966	981	949	963	1084	1072	994	936	1054	1157
1054	1027	940	1096	1113	1111	1114	1126	1123	1113	980	1028	1077	1061	1075	1566	1720	1178	888	923	929	920	955	986	1019	1000	1021	1135
1042	1062	944	1083	1120	1115	1116	1120	1122	1078	1094	1196	1207	1053	1505	1961	1954	1626	879	927	936	961	955	955	1042	1096	1076	1008
1078	1080	954	1052	1123	1116	1114	1121	1119	1109	1186	1208	1223	1055	1641	1939	1958	1533	880	951	1046	1093	973	1033	1258	1322	1297	1283
1078	1087	1007	1007	1121	1117	1117	1120	1104	1140	1192	1226	1235	983	1475	1980	1775	1069	894	1019	1099	1076	1053	1274	1212	1219	1199	1196
1034	1082	1068	991	1105	1113	1114	1115	1101	1166	1208	1211	1162	1082	1225	1267	1104	942	936	1062	1092	1045	1195	1202	1138	1203	1168	1181
953	1070	1086	1058	1071	1116	1114	1119	1091	1173	1192	1177	1123	1158	1157	1127	1204	1133	986	1079	1085	1052	1248	1161	1140	1155	1179	1183
921	971	1015	1023	1087	1083	1119	1119	1040	1163	1185	1206	1280	1351	1201	1192	1199	1171	1036	1083	1083	1068	1271	1164	1141	1172	1177	1180
924	915	967	949	1171	1110	1083	1121	991	1120	1205	1235	1211	1221	1206	1198	1201	1124	1003	1090	1091	1074	1277	1231	1188	1244	1179	1222
920	908	935	1005	1108	1300	1047	1013	944	1066	1210	1189	1199	1209	1197	1200	1170	1005	965	1094	1092	1071	1219	1354	1351	1174	1113	1174
909	914	909	977	1046	1232	1299	970	909	992	1124	1197	1206	1200	1177	1090	989	929	936	1035	1080	1054	1264	1428	1375	991	1032	1026
907	917	914	912	1024	1070	1184	1107	991	963	961	1014	1062	1054	997	939	943	985	1051	1096	1151	1221	1306	1219	1621	1160	1022	1148
913	908	912	915	929	1011	1047	1011	1054	1063	1185	1227	1140	1035	1051	1045	1064	1067	1060	1098	1049	1070	1193	1326	1474	1094	1049	1203
943	901	922	920	913	911	962	1019	1012	1061	1069	1190	1169	1048	1069	1083	1081	1050	1076	1079	1055	998	1184	1420	1449	1081	1069	1202
882	933	910	916	912	908	901	922	972	1016	1068	1066	1074	1083	1083	1086	1059	1050	1091	1083	1082	1086	1084	1157	1188	1036	1066	1068
360	984	910	911	923	921	913	909	907	929	1002	1072	1090	1081	1081	1085	1079	1072	1089	1085	1083	1093	1097	1087	1080	1081	1080	1080
59	517	1014	914	901	906	911	918	915	912	910	949	1028	1086	1090	1080	1084	1087	1084	1083	1091	1089	1097	1090	1082	1080	1079	1080
286	142	558	1005	939	900	907	911	923	920	921	910	917	981	1045	1081	1085	1088	1081	1033	1090	1089	1091	1090	1086	1098	1101	1088
115	262	284	539	938	1000	942	911	906	913	920	921	920	918	922	956	983	1014	1051	1052	1050	1084	1092	1076	1052	1028	1023	1007
63	58	101	182	369	696	935	1008	995	956	921	910	912	911	922	924	921	924	929	934	935	956	961	946	941	951	963	942
69	69	70	62	62	99	245	473	719	900	993	1020	1006	994	952	929	918	920	923	923	926	924	924	940	934	964	1035	1007
55	70	71	71	73	69	56	51	80	182	337	512	633	699	917	1004	1017	1013	1007	996	982	974	987	997	1018	968	778	856
203	50	37	58	67	67	72	75	68	62	44	45	73	128	215	341	466	578	673	754	819	854	785	646	532	307	180	203
599	589	359	133	45	42	61	70	73	76	76	76	70	65	59	51	52	57	74	99	129	153	171	184	191	210	225	216
120	250	483	624	557	350	158	53	34	58	74	75	75	74	76	74	77	77	76	72	66	61	62	61	60	58	54	54
136	127	109	142	281	473	603	623	474	192	77	73	74	76	77	73	71	68	70	71	73	73	76	76	77	77	78	76
1041	1115	1012	1068	1117	1118	1125	1113	1116	1123	1130	1072	956	946	959	951	1022	1078	1056	1041	1046	1081	1135	1140	1148	1045	957	1033
1063	1047	940	1088	1116	1116	1116	1118	1121	1121	1109	953	937	951	944	942	982	1075	1072	1058	1051	1067	1158	1154	1111	959	1024	1365
1081	1042	933	1087	1120	1117	1112	1115	1121	1131	1033	923	945	973	996	1077	1029	932	966	986	962	960	1090	1095	1010	923	1073	1154
1051	1045	938	1070	1112	1114	1118	1124	1122	1106	970	1063	1090	1044	1134	1624	1786	1232	887	924	923	917	954	994	1018	987	1022	1126
1042	1072	950	1053	1123	1116	1116	1126	1122	1070	1118	1201	1205	1048	1599	1934	1937	1624	878	927	953	982	964	981	1042	1105	1094	1023
1077	1080	972	1016	1121	1113	1115	1124	1117	1124	1194	1224	1224	1096	1660	1930	1962	1486	870	957	1065	1095	977	1080	1268	1333	1312	1315
1070	1082	1032	984	1114	1116	1119	1124	1107	1158	1193	1251	1353	1018	1316	1899	1708	1029	898	1033	1094	1074	1071	1274	1192	1219	1209	1201
1015	1081	1078	1007	1082	1114	1116	1116	1103	1179	1213	1235	1218	1072	1180	1241	1110	939	942	1068	1086	1054	1187	1200	1138	1209	1188	1195
940	1060	1087	1071	1068	1108	1116	1113	1090	1182	1191	1175	1103	1288	1291	1141	1211	1107	984	1083	1084	1054	1236	1162	1152	1175	1202	1194
918	963	1003	1006	1122	1064	1118	1114	1026	1174	1183	1203	1290	1496	1265	1195	1198	1140	1027	1089	1083	1053	1252	1188	1157	1185	1176	1188
921	908	957	952	1210	1139	1048	1094	966	1141	1212	1223	1225	1234	1224	1213	1204	1075	1004	1088	1089	1065	1249	1270	1188	1249	1178	1225
914	909	924	1002	1088	1318	1059	955	918	1087	1210	1188	1211	1214	1206	1203	1135	967	981	1099	1091	1071	1203	1325	1309	1141	1097	1135
907	911	907	960	1043	1183	1295	982	914	996	1115	1195	1201	1190	1153	1046	957	927	940	1045	1073	1062	1270	1279	1320	993	1029	1022
906	918	915	909	1014	1067	1091	1056	1004	983	988	1015	1047	1023	969	932	956	1001	1058	1114	1215	1332	1254	1167	1708	1290	1015	1254
907	908	912	918	926	992	1046	1011	1050	1058	1234	1269	1137	1039	1068	1051	1067	1068	1061	1147	1101	1139	1184	1359	1448	1185	1188	1177
919	904	920	917	911	905	942	1014	1017	1064	1064	1128	1110	1046	1079	1084	1080	1057	1079	1075	1058	1007	1150	1344	1269	1025	1150	1046
950	915	913	915	909	908	906	915	957	1011	1070	1072	1081	1088	1082	1085	1061	1043	1090	1086	1084	1087	1067	1087	1119	1045	1088	1072
490	995	906	915	922	920	917	914	905	914	983	1060	1085	1082	1081	1085	1076	1063	1089	1088	1086	1089	1101	1090	1086	1086	1081	1085
74	617	1015	906	903	909	917	917	914	912	905	936	1007	1078	1091	1084	1084	1090	1088	1087	1088	1090	1095	1089	1086	1082	1081	1079
284	162	616	1004	937	904	912	912	920	918	919	913	912	963	1030	1073	1085	1090	1085	1036	1087	1091	1089	1090	1088	1099	1095	1092
116	260	292	572	949	1000	945	912	904	914	920	923	920	920	919	949	973	1011	1051	1048	1040	1082	1092	1076	1052	1018	1000	1002
63	59	103	186	379	698	932	1004	991	954	923	911	914	913	923	927	924	927	935	940	932	953	958	940	938	952	964	941
66	69	72	62	62	98	247	473	718	900	993	1019	1005	993	950	930	917	921	923	921	926	925	927	935	932	977	1064	1029
55	70	71	71	72	70	57	52	80	182	335	511	629	706	922	1002	1017	1015	1009	998	981	972	988	1000	1018	898	615	741
203	49	36	59	68	67	72	74	69	62	44	46	75	128	216	342	465	579	673	753	819	848	773	625	479	245	154	168
597	588	359	133	46	43	62	70	72	77	75	75	72	63	59	51	53	57	74	99	129	153	171	183	193	211	227	220
120	250	484	627	558	353	158	54	34	58	75	77	75	73	75	75	76	76	76	71	67	61	61	60	58	58	55	55
135	127	108	142	281	477	605	623	474	195	78	71	74	76	77	74	70	69	71	72	73	72	75	77	76	79	80	76
1046	1041	986	1047	1127	1117	1123	1112	1114	1126	1122	1032	945	958	968	949	1010	1070	1053	1038	1044	1074	1131	1139	1144	1055	991	1052
1067	1057	942	1059	1119	1119	1121	1116	1118	1123	1088	933	947	940	940	948	957	1060	1063	1054	1053	1069	1154	1152	1108	957	1069	1293
1074	1064	948	1053	1120	1110	1111	1119	1124	1131	1003	935	947	974	1028	1063	1075	939	962	988	975	964	1088	1099	1008	920	1086	1156
1060	1061	953	1037	1110	1116	1119	1127	1123	1095	968	1091	1098	1055	1181	1638	1825	1248	886	924	917	916	957	1028	1032	985	1019	1113
1051	1075	966	1016	1124	1118	1116	1131	1121	1065	1141	1199	1197	1065	1636	1908	1934	1549	864	929	970	1009	969	1041	1061	1123	1117	1041
1077	1082	1007	976	1121	1114	1123	1127	1108	1134	1201	1236	1191	1223	1757	1928	1974	1361	861	980	1079	1095	977	1139	1276	1290	1288	1314
1058	1083	1062	975	1098	1115	1119	1125	1113	1174	1201	1282	1492	1189	1177	1698	1561	962	908	1051	1091	1070	1070	1278	1185	1203	1193	1192
994	1079	1074	1040	1056	1115	1115	1113	1107	1186	1213	1284	1333	1030	1013	1167	1111	951	960	1079	1084	1055	1165	1206	1150	1191	1179	1188
930	1047	1089	1058	1079	1089	1123	1105	1083	1190	1198	1186	1122	1218	1245	1218	1223	1087	995	1084	1082	1067	1228	1163	1172	1184	1215	1218
917	950	994	1007	1197	1052	1104	1100	1014	1177	1188	1206	1240	1398	1280	1208	1212	1106	1036	1090	1085	1056	1241	1188	1171	1205	1190	1200
920	906	943	980	1203	1175	996	1025	950	1162	1217	1211	1238	1242	1227	1211	1207	1025	1027	1089	1090	1068	1231	1296	1195	1243	1172	1223
913	910	918	1001	1073	1318	1102	913	914	1091	1206	1197	1221	1207	1203	1193	1093	946	999	1102	1091	1072	1207	1336	1279	1106	1075	1117
907	917	911	944	1047	1133	1224	992	926	988	1100	1191	1189	1170	1120	1014	941	928	946	1047	1072	1079	1232	1227	1274	993	1031	1016
908	920	913	904	1002	1071	1029	1012	1010	1009	1040	1022	1030	999	960	939	969	1017	1071	1142	1219	1266	1144	1144	1751	1479	1044	1420
905	904	905	914	913	963	1045	1021	1038	1054	1266	1298	1104	1054	1077	1043	1063	1067	1091	1228	1150	1132	1225	1412	1369	1451	1547	1267
904	910	916	913	907	901	923	997	1026	1063	1055	1074	1081	1065	1082	1081	1084	1070	1081	1080	1053	1025	1090	1127	1062	1061	1368	974
970	910	915	915	906	907	910	924	943	995	1058	1071	1090	1089	1079	1082	1067	1046	1089	1088	1085	1091	1071	1069	1086	1079	1171	1063
632	993	904	917	920	916	923	923	903	908	954	1025	1070	1082	1080	1076	1076	1064	1089	1093	1085	1085	1093	1091	1095	1090	1092	1083
101	716	1008	902	905	915	932	919	911	911	907	924	978	1059	1088	1087	1085	1091	1085	1088	1087	1086	1089	1086	1090	1090	1085	1078
278	191	678	1007	931	913	922	914	919	918	913	911	907	942	1009	1063	1086	1086	1089	1041	1083	1087	1085	1092	1093	1098	1100	1093
121	256	304	607	962	1002	945	915	906	913	922	927	918	917	912	932	961	1005	1053	1045	1038	1086	1090	1076	1052	1013	987	997
64	57	102	188	388	706	927	1007	994	953	924	907	910	916	920	927	922	921	938	962	937	948	951	938	936	955	966	941
67	71	73	61	60	102	252	473	714	896	992	1020	1007	994	953	930	919	914	920	926	928	927	929	929	930	996	1076	1048
55	69	67	71	75	76	57	52	83	180	337	512	625	712	928	1000	1019	1019	1008	997	973	968	987	1002	1019	796	426	606
203	48	34	57	69	70	74	76	72	60	45	42	74	127	218	339	463	579	675	755	816	840	760	601	423	201	153	161
598	588	360	134	45	44	63	70	72	77	73	76	73	65	56	52	53	60	73	97	127	154	172	185	195	212	226	221
119	251	483	629	559	357	160	56	37	55	74	79	76	73	73	75	76	76	75	72	68	64	61	58	55	56	54	55
133	127	107	140	280	484	608	629	475	198	81	69	72	77	75	72	69	69	73	75	71	74	73	76	74	76	78	76
1051	1021	992	1016	1125	1116	1118	1110	1113	1122	1117	1006	944	974	993	967	981	1061	1058	1041	1047	1080	1133	1144	1142	1062	1016	1091
1070	1061	963	1028	1118	1115	1120	1115	1119	1125	1062	933	939	934	941	948	945	1050	1065	1059	1068	1078	1152	1149	1104	965	1099	1254
1068	1066	968	1020	1120	1110	1112	1116	1122	1122	981	935	944	979	1019	1052	1167	952	969	1002	985	969	1090	1103	1006	928	1101	1157
1059	1055	973	1001	1111	1115	1119	1126	1124	1071	964	1096	1105	1088	1152	1605	1873	1227	889	925	917	919	962	1042	1046	1004	1029	1099
1057	1075	995	982	1117	1117	1114	1124	1116	1056	1150	1197	1192	1067	1515	1891	1939	1397	867	935	989	1036	969	1074	1101	1140	1173	1119
1074	1079	1038	960	1101	1113	1121	1124	1103	1143	1201	1229	1140	1221	1804	1902	1884	1197	871	1007	1089	1091	979	1229	1283	1263	1259	1308
1042	1085	1067	994	1070	1116	1118	1123	1115	1183	1203	1286	1389	1167	1191	1461	1337	927	930	1063	1092	1059	1095	1302	1177	1182	1175	1176
976	1075	1071	1048	1065	1104	1120	1110	1114	1195	1227	1293	1283	1020	1000	1160	1120	961	978	1078	1083	1043	1176	1210	1158	1181	1167	1174
923	1031	1082	1041	1139	1060	1118	1092	1085	1201	1207	1187	1141	1154	1225	1236	1223	1066	1019	1082	1080	1063	1222	1176	1179	1186	1197	1211
917	938	986	1040	1221	1058	1057	1060	1014	1185	1188	1193	1214	1319	1275	1206	1206	1074	1048	1092	1085	1058	1231	1211	1196	1210	1182	1209
917	905	937	1011	1184	1222	980	966	942	1166	1211	1208	1241	1239	1216	1201	1182	988	1045	1090	1090	1065	1208	1343	1229	1240	1176	1229
914	914	913	1007	1070	1275	1110	914	915	1081	1201	1204	1216	1201	1197	1172	1051	932	1015	1101	1091	1069	1185	1497	1253	1078	1068	1099
913	918	912	943	1058	1110	1140	990	936	979	1079	1174	1168	1141	1080	985	936	928	955	1054	1074	1073	1213	1298	1274	1008	1035	1020
915	917	909	906	988	1068	1031	990	1003	1056	1105	1046	1021	990	954	944	980	1024	1078	1146	1204	1251	1177	1221	1735	1480	1083	1482
908	905	904	911	908	947	1033	1032	1029	1060	1233	1255	1078	1071	1074	1040	1062	1062	1097	1239	1146	1110	1164	1325	1400	1624	1672	1439
902	911	915	910	905	903	914	972	1019	1062	1056	1040	1077	1076	1085	1081	1083	1077	1080	1077	1047	1034	1068	1046	976	1136	1514	961
966	909	918	914	906	905	911	923	934	972	1045	1072	1092	1089	1079	1080	1074	1055	1088	1091	1089	1092	1077	1080	1081	1123	1328	1056
748	979	905	916	918	913	918	920	905	907	935	1003	1058	1083	1080	1075	1080	1070	1091	1094	1085	1086	1090	1093	1095	1108	1189	1069
150	794	994	901	908	915	924	915	909	911	912	919	958	1035	1086	1089	1088	1091	1085	1088	1090	1089	1087	1086	1093	1097	1130	1080
272	226	737	1005	929	911	917	916	920	917	911	912	906	928	989	1051	1083	1087	1087	1043	1082	1090	1085	1092	1094	1102	1127	1094
124	254	314	641	971	999	939	915	905	914	921	925	918	916	915	925	952	999	1052	1046	1037	1087	1089	1076	1049	1012	992	996
64	55	101	186	397	718	931	1007	993	953	922	906	909	915	921	927	920	920	937	959	940	948	947	939	936	950	970	947
67	71	70	61	57	104	253	475	717	895	990	1018	1009	994	954	929	919	912	920	924	926	922	925	928	934	1017	1054	1051
54	69	67	71	75	75	54	51	83	180	337	516	621	721	931	999	1022	1018	1005	996	971	966	987	1005	1003	681	270	480
203	48	35	58	66	69	74	76	73	60	45	43	74	128	218	340	465	579	675	758	816	836	749	581	375	178	159	160
602	590	360	133	44	44	62	70	72	77	74	76	73	65	56	52	53	60	74	97	130	157	172	187	196	212	223	221
119	252	484	630	560	357	160	57	37	57	74	78	76	73	73	75	76	76	75	73	68	65	61	58	55	56	54	55
134	126	108	140	283	488	610	629	474	197	80	71	72	76	73	72	70	69	74	75	72	75	72	77	75	75	78	76
1055	1013	1003	989	1122	1114	1113	1107	1112	1118	1114	987	945	987	1017	985	954	1053	1064	1044	1051	1087	1135	1150	1141	1067	1033	1131
1072	1063	983	1001	1116	1111	1118	1113	1120	1127	1039	937	929	929	943	947	937	1042	1069	1064	1082	1086	1151	1147	1101	972	1120	1232
1064	1064	985	992	1119	1111	1113	1113	1119	1112	964	932	940	983	1004	1043	1252	964	976	1016	993	973	1092	1106	1004	937	1113	1157
1054	1045	991	972	1112	1113	1120	1124	1125	1049	961	1095	1110	1119	1116	1571	1914	1204	892	926	919	923	967	1049	1058	1024	1041	1086
1062	1076	1022	954	1111	1115	1112	1115	1111	1048	1155	1195	1188	1066	1388	1878	1945	1259	872	941	1006	1058	967	1096	1138	1154	1230	1204
1070	1076	1064	950	1082	1112	1118	1121	1100	1149	1200	1220	1095	1196	1835	1877	1791	1056	882	1031	1096	1087	982	1310	1288	1243	1232	1301
1026	1087	1067	1015	1044	1118	1116	1121	1117	1189	1204	1284	1260	1113	1230	1259	1137	904	950	1073	1093	1048	1121	1324	1171	1164	1159	1160
962	1071	1068	1050	1079	1093	1125	1108	1119	1204	1241	1292	1212	1018	1018	1165	1129	968	994	1076	1082	1031	1190	1213	1163	1175	1156	1160
918	1017	1075	1026	1198	1035	1112	1080	1089	1210	1216	1186	1155	1104	1214	1241	1220	1048	1041	1080	1079	1056	1217	1188	1183	1185	1171	1196
918	928	978	1072	1232	1067	1013	1021	1017	1194	1187	1180	1196	1259	1267	1201	1198	1047	1059	1094	1086	1059	1222	1234	1218	1212	1168	1215
914	904	933	1038	1166	1263	972	918	937	1167	1203	1207	1243	1235	1204	1191	1157	959	1059	1091	1089	1062	1188	1385	1262	1238	1181	1236
915	918	910	1012	1071	1232	1109	922	917	1070	1197	1210	1210	1197	1192	1153	1017	922	1028	1100	1092	1066	1161	1656	1232	1056	1066	1085
920	918	911	945	1068	1095	1069	986	945	971	1061	1158	1150	1115	1045	960	933	927	964	1061	1076	1063	1200	1377	1282	1022	1039	1027
923	913	906	908	977	1065	1044	976	995	1099	1161	1070	1015	986	949	947	989	1029	1082	1145	1189	1249	1229	1302	1711	1447	1118	1500
913	906	905	909	905	936	1021	1041	1021	1066	1195	1207	1057	1085	1069	1039	1061	1058	1099	1236	1133	1089	1095	1228	1445	1750	1702	1609
905	912	914	907	904	906	909	951	1010	1061	1059	1014	1079	1083	1087	1081	1080	1081	1079	1073	1042	1040	1056	1003	926	1203	1611	969
954	909	921	912	907	903	910	920	928	951	1034	1073	1091	1088	1080	1078	1080	1063	1087	1093	1092	1091	1081	1094	1080	1162	1482	1050
836	965	907	915	916	910	912	916	908	906	922	987	1049	1085	1081	1076	1083	1075	1093	1093	1086	1087	1089	1095	1094	1125	1297	1054
199	855	982	902	910	914	913	910	908	912	916	916	942	1015	1084	1090	1090	1090	1086	1088	1094	1093	1085	1087	1095	1102	1180	1083
267	256	786	1002	928	908	910	918	922	915	909	914	906	918	973	1041	1079	1088	1085	1045	1082	1093	1087	1093	1095	1106	1157	1095
127	252	321	668	978	996	934	916	903	916	919	923	919	916	919	921	945	995	1050	1048	1036	1086	1088	1075	1046	1011	1002	996
64	54	100	183	404	728	935	1007	992	952	920	907	910	913	922	926	918	920	935	951	942	949	944	941	936	945	975	953
67	72	67	62	54	105	253	478	720	894	988	1015	1010	995	954	927	918	911	921	922	923	916	921	928	939	1035	1025	1048
53	69	68	72	75	73	51	50	82	181	338	519	617	728	934	999	1024	1016	1002	994	970	965	988	1007	986	584	149	378
202	47	36	60	62	67	75	77	72	60	45	45	75	130	219	341	467	579	676	760	815	833	739	564	336	162	168	161
606	593	359	131	43	45	61	69	73	76	75	76	73	66	55	53	52	60	76	97	133	159	172	188	197	211	221	219
120	253	486	631	562	355	159	57	36	59	75	77	75	74	73	76	76	76	75	75	69	66	60	59	56	55	53	54
135	125	110	140	287	491	612	628	472	195	78	73	73	74	72	71	71	70	75	74	73	77	71	78	76	76	77	76
