23	23	21	24	24	23	22	24	22	24	24	22	23	23	23	23	24	24	23	23	22	24	24	23	23	24	24	23
22	24	23	22	23	24	21	24	24	22	23	23	22	24	23	23	24	23	23	23	21	24	22	25	24	24	24	24
24	22	23	24	23	22	22	22	24	22	22	23	23	23	24	22	25	22	23	22	23	23	23	25	24	23	25	23
23	25	24	22	23	22	22	22	23	21	22	21	24	23	23	24	24	23	23	24	22	23	25	23	24	25	23	24
25	24	23	24	24	23	22	22	20	20	22	22	23	23	22	25	23	24	23	22	22	23	24	23	24	23	25	25
25	23	24	24	23	23	23	23	22	21	22	23	23	23	22	23	22	23	23	23	23	23	23	24	24	25	26	23
26	25	24	23	23	24	24	22	21	23	20	22	22	24	22	22	23	24	23	24	25	23	23	24	25	25	25	24
22	23	22	21	19	18	16	17	19	21	21	22	22	22	24	23	24	23	24	24	23	22	23	25	25	25	24	24
23	14	14	21	29	40	40	36	23	8	0	0	0	0	14	22	21	21	22	22	21	21	23	24	24	25	24	23
669	631	631	670	713	748	762	758	741	705	643	536	386	198	37	0	0	18	20	20	20	20	22	23	23	23	22	24
961	969	974	963	969	958	948	945	946	953	959	965	967	934	793	498	151	0	6	26	24	24	25	25	25	26	24	25
1028	919	942	1053	1069	1012	1051	1041	971	925	915	914	916	931	957	983	908	550	102	0	25	27	26	25	27	26	25	25
1142	1067	1052	1168	1121	1102	1140	1121	1047	1016	1025	1015	974	921	915	937	949	982	845	343	2	13	29	26	28	26	26	27
1209	1238	1196	1142	1021	1072	1101	1055	996	915	837	874	1020	1130	1043	942	937	935	953	964	577	54	4	29	26	26	26	26
968	994	1035	1062	1029	992	971	967	900	585	305	182	251	516	917	1117	981	928	930	942	978	719	120	1	29	27	24	27
937	999	1059	1094	1103	1082	1029	980	972	928	733	358	87	91	146	407	828	1020	958	941	932	972	799	157	0	29	28	28
1008	1082	1112	1120	1121	1118	1107	1089	1069	1042	1027	849	322	97	147	97	141	547	1007	986	929	927	969	816	144	2	30	27
1082	1109	1117	1121	1122	1118	1107	1106	1100	1092	1084	1078	764	191	164	162	126	85	392	1009	1036	931	927	975	762	77	13	30
1083	1112	1118	1118	1119	1106	1103	1103	1103	1109	1105	1107	1055	455	150	185	184	139	90	358	1100	1091	928	931	980	598	10	26
1087	1107	1115	1115	1114	1102	1099	1101	1109	1112	1108	1109	1128	778	173	158	164	126	141	80	471	1215	1062	930	931	960	320	0
1092	1099	1110	1111	1103	1095	1098	1102	1107	1113	1113	1107	1125	1003	305	103	156	139	123	137	99	679	1189	995	924	960	776	51
1076	1100	1105	1104	1095	1094	1096	1101	1109	1115	1111	1108	1116	1088	422	81	234	132	154	169	147	153	875	1090	951	929	968	334
1089	1108	1114	1109	1103	1103	1105	1107	1111	1113	1105	1106	1116	1094	421	112	235	133	150	142	180	112	360	1048	1009	937	978	672
1109	1110	1114	1112	1112	1116	1111	1109	1114	1115	1107	1107	1119	1062	387	138	196	131	133	129	162	135	139	879	1061	982	939	898
1104	1108	1105	1109	1113	1114	1112	1113	1114	1112	1108	1106	1125	991	261	126	126	131	132	126	139	130	105	801	1101	969	928	957
1082	1088	1083	1106	1111	1108	1110	1112	1110	1106	1105	1109	1115	625	138	119	120	139	129	132	122	135	99	789	1193	997	933	936
1090	1101	1099	1110	1111	1107	1106	1103	1104	1103	1103	1106	915	265	118	122	122	118	115	112	119	131	88	709	1294	1025	949	930
1098	1107	1111	1106	1109	1108	1109	1104	1092	1091	1064	1043	599	106	134	154	136	118	111	137	137	128	101	539	1286	1053	966	933
24	25	23	24	24	23	23	24	23	24	24	22	23	23	22	24	23	23	24	23	23	24	23	24	24	24	23	23
24	25	23	24	22	24	23	23	24	23	24	23	23	23	23	22	23	22	23	22	24	24	24	25	23	23	24	24
25	23	23	26	23	23	23	23	23	24	23	23	23	22	23	23	23	23	22	22	23	24	24	25	23	24	24	23
25	26	24	23	23	24	23	24	22	23	23	22	23	23	22	22	22	24	22	24	23	25	24	24	23	23	23	23
25	24	23	25	23	24	22	23	22	24	23	23	22	22	22	22	22	24	21	24	23	23	24	25	24	23	24	23
24	26	23	25	22	23	24	24	23	22	22	22	22	23	22	23	23	21	22	24	24	25	25	24	23	23	24	24
24	25	25	26	24	25	25	24	24	23	22	22	22	23	22	22	22	22	22	24	24	24	25	25	23	23	25	24
5	8	10	10	6	4	3	6	11	15	20	23	23	22	23	22	23	22	23	23	23	24	25	24	23	23	25	23
167	136	130	142	164	184	182	154	109	53	8	0	0	0	16	23	20	20	21	21	22	21	22	23	23	23	24	22
915	890	887	900	911	920	924	909	870	812	710	560	364	162	21	0	4	20	21	20	21	22	22	23	23	23	23	22
942	951	947	952	970	994	980	961	951	947	952	962	967	918	748	435	112	0	9	22	23	23	23	23	22	24	22	22
962	925	922	1014	1136	1122	1050	1087	1100	1033	966	924	911	924	960	982	875	491	71	0	23	26	25	25	24	25	25	24
1051	1109	1044	1076	1151	1112	1078	1124	1149	1073	1015	990	984	953	921	922	939	981	808	282	0	16	27	25	24	24	24	24
1038	1066	1053	1010	1068	1028	1029	1039	1031	956	847	578	435	765	965	947	922	926	957	945	491	23	9	27	24	25	24	24
930	966	1026	1082	1086	1054	1017	995	977	980	905	687	185	52	303	749	989	952	922	936	977	634	64	3	28	26	24	26
985	1071	1106	1116	1109	1105	1104	1087	1072	1058	1063	1019	588	109	63	94	472	1008	1029	925	929	984	715	88	3	29	26	27
1072	1112	1116	1114	1109	1110	1110	1103	1102	1106	1106	1115	957	397	105	151	73	317	1012	1110	939	926	983	727	76	11	29	28
1105	1113	1115	1115	1112	1108	1096	1095	1103	1113	1113	1117	1127	755	148	158	147	102	246	983	1164	955	930	985	644	27	23	30
1110	1112	1114	1115	1109	1094	1094	1102	1112	1115	1116	1115	1134	1016	351	119	154	152	99	233	944	1118	946	936	979	442	0	30
1106	1109	1113	1112	1103	1090	1096	1106	1114	1115	1117	1112	1113	1129	612	129	155	178	162	135	236	902	1041	933	944	900	170	7
1113	1109	1111	1105	1093	1090	1097	1111	1111	1116	1118	1108	1107	1139	812	142	215	229	131	165	160	269	964	989	923	979	615	4
1114	1114	1112	1097	1091	1093	1105	1112	1113	1116	1112	1106	1104	1128	896	253	211	165	140	183	185	104	541	1077	959	938	917	179
1111	1112	1109	1092	1095	1107	1112	1111	1115	1113	1105	1105	1103	1120	946	264	151	157	170	169	147	136	258	1067	1053	948	980	490
1111	1111	1105	1094	1103	1112	1110	1110	1114	1115	1108	1100	1096	1127	868	185	154	172	172	126	127	130	146	1026	1184	991	959	757
1109	1110	1097	1098	1108	1109	1105	1111	1111	1115	1108	1097	1097	1117	645	156	133	156	124	119	126	126	106	845	1282	1023	946	938
1108	1101	1097	1099	1107	1103	1105	1110	1111	1109	1106	1096	1103	1061	435	140	137	126	118	153	140	136	98	525	1260	1057	954	959
1109	1100	1081	1097	1107	1106	1104	1100	1107	1109	1102	1092	1134	848	226	132	133	147	128	118	133	138	118	252	1059	1069	960	944
1105	1093	1081	1103	1109	1107	1106	1098	1099	1101	1095	1098	1078	511	147	141	154	159	147	152	143	159	135	130	834	1081	971	939
23	23	24	23	24	24	24	24	23	24	25	25	26	24	23	25	24	23	23	24	24	26	24	23	23	23	24	23
25	24	23	24	23	24	22	23	24	25	25	25	25	23	22	22	23	24	24	23	25	26	23	24	22	24	24	23
24	24	25	24	21	23	23	23	24	26	23	25	25	24	23	23	25	24	22	25	24	24	22	25	24	23	23	22
25	24	25	23	24	24	24	23	23	23	23	25	25	26	24	23	23	24	23	24	24	24	25	23	23	23	23	24
24	24	24	23	23	24	23	23	23	26	25	25	25	25	23	23	23	24	23	24	25	24	23	24	23	24	24	22
24	25	24	22	24	23	24	25	24	24	25	25	23	26	25	23	23	24	25	25	23	23	24	25	22	22	22	22
26	24	24	24	24	25	26	28	27	26	26	24	25	25	24	24	23	24	25	24	22	23	23	24	23	22	22	23
0	0	0	0	0	0	0	0	2	5	13	23	28	25	26	26	22	23	24	23	23	24	24	24	21	22	22	24
354	292	275	291	320	340	338	306	254	180	93	22	0	0	13	24	23	23	22	22	24	21	23	22	22	22	22	22
972	963	961	962	969	967	963	961	947	921	856	736	529	271	62	0	5	22	22	23	22	22	21	21	21	19	22	23
935	922	930	944	963	1003	1030	1012	994	971	951	948	965	954	824	507	145	0	10	27	23	21	21	22	21	20	22	22
976	945	963	1025	1058	1130	1142	1080	1081	1126	1090	1026	971	934	943	976	896	515	78	0	24	25	22	21	21	21	22	22
1041	1186	1139	1002	1055	1129	1115	1059	1073	1129	1095	1048	1019	1047	994	938	938	983	811	278	0	16	24	22	21	21	22	22
952	977	1018	1011	1033	1038	1034	995	981	969	952	932	586	504	910	1140	1010	922	954	941	476	16	8	23	21	21	22	23
945	980	1031	1099	1111	1094	1078	1070	1035	994	986	997	829	200	139	688	1110	1046	932	934	975	604	44	5	24	23	23	24
1030	1093	1113	1116	1112	1109	1114	1116	1109	1096	1090	1087	1078	578	87	78	420	1051	1133	950	925	979	666	54	5	26	24	25
1116	1115	1114	1114	1108	1105	1110	1098	1093	1099	1107	1108	1132	966	174	126	80	235	889	1144	986	933	981	652	37	15	29	27
1115	1114	1113	1113	1114	1112	1099	1095	1104	1109	1113	1112	1109	1115	520	82	139	106	125	595	1054	976	935	985	543	5	27	27
1115	1115	1113	1112	1110	1100	1094	1106	1110	1113	1115	1113	1105	1129	907	149	107	138	108	161	487	983	965	945	961	318	0	29
1112	1113	1114	1113	1104	1093	1098	1111	1113	1116	1114	1113	1107	1110	1065	315	115	184	132	169	96	541	1056	985	963	815	87	15
1112	1112	1113	1108	1094	1093	1104	1114	1113	1113	1113	1111	1106	1103	1102	528	139	163	142	146	169	227	913	1127	964	975	457	0
1112	1113	1114	1099	1094	1102	1116	1113	1114	1114	1114	1113	1105	1101	1112	539	111	145	138	132	170	143	468	1231	1085	956	819	78
1112	1112	1107	1092	1098	1114	1114	1112	1114	1114	1114	1110	1102	1099	1093	425	140	139	127	125	120	94	152	1031	1226	989	963	319
1113	1114	1093	1091	1109	1116	1113	1113	1110	1114	1114	1107	1100	1097	1093	456	122	120	114	131	121	148	88	604	1214	1023	976	586
1121	1098	1093	1101	1113	1111	1111	1111	1111	1114	1112	1105	1100	1103	1053	335	99	111	174	136	114	168	105	252	1031	1057	962	816
1112	1072	1083	1105	1115	1110	1113	1112	1112	1112	1112	1107	1093	1131	845	137	117	137	201	135	167	160	120	112	782	1063	951	952
1097	1082	1058	1105	1115	1112	1110	1111	1113	1111	1107	1097	1092	1125	467	79	154	196	199	168	148	134	143	77	639	1069	956	971
1115	1107	1031	1094	1114	1113	1111	1111	1111	1107	1097	1091	1128	811	131	114	172	256	285	204	141	120	121	104	707	1074	971	950
25	24	23	23	25	24	24	23	22	23	25	24	25	24	23	25	24	24	25	24	25	25	25	25	24	24	24	24
25	25	23	23	23	23	23	23	23	23	24	24	25	24	23	25	24	26	25	25	26	25	25	24	23	24	24	25
27	26	24	23	21	21	24	23	22	24	21	24	25	25	25	24	26	26	25	25	25	25	24	23	24	24	24	24
26	26	25	23	23	21	22	21	21	23	24	24	25	26	26	24	25	25	26	25	24	25	25	24	24	25	24	24
26	24	25	25	24	21	22	23	20	23	25	24	24	26	25	25	24	26	26	26	25	26	24	25	25	24	24	23
25	24	23	23	24	23	23	21	22	22	23	26	24	25	26	26	25	26	27	27	24	26	24	26	23	23	23	24
27	25	24	24	24	25	22	22	23	24	24	24	26	24	25	26	28	26	26	26	25	26	25	24	24	24	24	23
0	0	0	0	0	0	0	0	0	0	0	2	12	25	27	27	27	25	24	26	25	25	24	24	23	23	23	24
523	440	426	453	498	543	573	574	544	477	362	217	67	0	0	19	26	24	24	24	25	24	23	22	22	22	22	23
974	976	975	974	978	983	974	968	970	966	950	920	814	566	242	22	0	21	26	25	25	23	23	21	23	22	22	22
951	919	935	960	995	1025	1023	1053	1052	1019	990	954	947	967	946	722	304	16	2	27	25	23	23	22	22	22	23	23
1032	1076	1075	1054	1052	1044	1119	1126	1087	1064	1116	1087	1056	999	953	963	967	673	171	0	23	26	25	23	24	23	24	24
985	1092	1105	979	980	1049	1125	1113	1046	1022	1080	1101	1119	1201	1227	1059	936	977	895	391	12	11	26	24	24	25	25	24
911	950	981	958	971	1004	1033	1051	1006	952	937	938	930	710	1050	1443	1163	935	945	968	573	52	4	24	24	23	24	23
959	971	996	1052	1091	1104	1087	1089	1086	1027	974	944	963	518	154	737	1129	1085	967	935	977	680	84	3	24	23	24	22
991	1056	1096	1112	1112	1113	1112	1108	1107	1102	1095	1079	1063	859	151	116	296	745	1056	1017	936	978	709	78	9	27	24	22
1094	1106	1106	1113	1112	1112	1111	1102	1095	1098	1107	1116	1126	1090	406	133	131	122	403	929	1038	931	978	662	40	15	27	24
1105	1105	1110	1113	1113	1111	1104	1096	1100	1110	1117	1117	1119	1141	850	168	135	136	85	217	860	1040	950	978	514	0	22	22
1104	1108	1110	1108	1112	1107	1094	1098	1109	1114	1116	1117	1116	1116	1101	372	104	179	128	98	226	956	1141	960	940	271	0	23
1108	1107	1109	1110	1109	1095	1095	1106	1113	1114	1113	1115	1114	1109	1135	615	138	154	125	123	92	359	1164	1146	960	756	43	15
1107	1107	1109	1108	1097	1091	1101	1113	1116	1115	1114	1112	1112	1110	1133	692	92	103	124	113	118	87	635	1241	999	959	347	0
1108	1111	1112	1101	1092	1097	1109	1113	1114	1114	1111	1112	1113	1115	1121	635	81	97	99	85	111	119	150	875	1091	979	715	14
1110	1113	1105	1093	1093	1109	1113	1113	1111	1107	1112	1116	1116	1113	1132	614	50	67	67	93	145	101	93	390	1061	983	925	174
1107	1109	1093	1089	1101	1111	1114	1108	1099	1111	1122	1119	1116	1118	1083	415	28	54	92	115	131	137	124	130	895	997	981	401
1108	1067	1079	1097	1111	1112	1105	1101	1110	1120	1127	1120	1109	1131	863	131	77	56	83	97	109	125	114	74	755	1038	978	625
1068	1056	1097	1104	1112	1112	1113	1116	1120	1123	1129	1127	1119	1098	452	47	91	63	56	116	123	107	118	94	763	1067	983	799
1035	1063	1092	1101	1110	1118	1122	1122	1122	1126	1126	1130	1153	871	126	76	101	68	105	143	101	119	122	123	866	1097	1000	908
1053	1042	1081	1093	1115	1123	1127	1126	1129	1128	1133	1136	1035	405	73	138	68	93	103	85	127	160	140	135	981	1144	1007	949
25	25	23	24	25	24	24	24	24	25	24	24	25	23	23	25	23	24	25	25	24	25	25	25	25	26	25	25
25	24	24	25	22	24	25	24	25	25	23	24	23	24	24	24	24	26	24	25	25	25	26	24	26	26	25	26
25	24	24	23	23	23	24	24	24	24	23	24	23	24	24	23	25	24	24	25	24	25	26	26	27	26	26	25
26	24	23	24	25	24	23	22	23	24	23	24	24	24	24	22	26	25	24	24	25	26	27	26	26	25	25	26
26	25	25	25	24	23	22	23	22	22	24	23	25	24	23	25	24	24	23	25	26	26	26	26	25	25	26	25
29	27	25	25	24	23	24	24	23	23	24	25	24	23	23	25	23	23	24	26	26	26	27	26	25	27	26	27
23	23	23	23	21	18	13	12	12	12	17	23	25	25	23	25	23	24	26	26	27	27	26	27	26	27	27	26
35	20	15	18	27	44	72	95	101	84	44	6	0	4	19	23	23	22	23	25	25	23	25	26	25	25	25	25
722	660	642	665	710	766	817	844	853	831	763	623	400	143	5	0	20	24	24	24	26	25	28	28	26	26	26	27
959	966	963	956	957	969	964	961	966	957	949	956	959	881	611	209	3	8	25	26	27	26	27	26	27	26	26	26
1001	976	999	990	990	1036	1039	1046	1075	1080	1058	989	941	930	965	924	590	134	0	25	32	29	28	28	29	28	27	27
1017	1058	1103	1033	1062	1038	1043	1114	1133	1132	1182	1172	1062	1004	948	931	981	874	384	15	16	35	31	32	31	29	29	27
945	928	979	960	990	992	1024	1072	1091	1051	1021	1087	1038	1024	1068	1025	941	952	977	613	77	8	35	33	32	30	28	27
980	975	986	966	943	938	942	952	964	938	916	906	925	890	686	884	1050	978	941	991	755	137	6	35	34	29	28	28
1010	982	976	975	987	991	1005	1013	1014	997	949	936	942	898	362	198	557	1003	1039	957	979	807	156	6	36	30	27	27
997	992	1006	1041	1065	1071	1072	1082	1089	1088	1068	1029	979	984	524	119	110	293	880	1085	970	972	800	126	11	32	27	26
1028	1057	1063	1074	1079	1088	1087	1089	1087	1081	1080	1067	1039	1023	733	189	157	113	168	773	1144	1038	979	718	59	17	27	25
1067	1086	1087	1081	1082	1090	1092	1087	1083	1087	1088	1079	1062	1038	804	250	188	182	126	135	753	1251	1048	975	540	5	23	26
1089	1084	1090	1092	1087	1086	1087	1084	1086	1089	1090	1085	1065	1045	772	274	153	192	134	146	147	776	1220	985	943	277	2	26
1099	1091	1091	1094	1090	1083	1079	1080	1087	1090	1091	1082	1074	1043	741	319	146	124	129	134	111	132	763	1087	972	746	42	19
1101	1100	1099	1097	1089	1077	1075	1085	1090	1090	1085	1083	1085	1008	734	351	110	113	98	74	84	76	152	884	998	970	307	5
1098	1101	1103	1099	1088	1075	1077	1086	1090	1084	1079	1082	1080	929	746	303	104	120	106	82	75	103	58	446	1041	985	653	13
1088	1094	1099	1094	1087	1086	1091	1091	1084	1078	1072	1091	1017	841	673	264	160	186	169	146	71	80	75	179	965	997	872	119
1051	1044	1054	1083	1080	1088	1092	1087	1081	1077	1075	1083	937	834	554	227	243	253	248	197	112	83	67	111	890	1043	973	277
1043	997	1023	1044	1067	1091	1090	1077	1063	1035	993	984	949	792	386	237	330	333	329	284	187	106	88	111	910	1113	1021	446
1057	1071	1050	1025	1060	1070	1037	1020	999	954	886	870	889	652	283	312	393	411	433	380	222	80	86	99	879	1184	1038	613
1050	1054	1036	1010	1007	959	971	969	950	907	856	795	688	383	298	396	464	482	516	433	228	86	86	95	749	1244	1035	754
1059	1005	1042	1013	848	836	899	915	894	837	721	538	316	238	360	446	505	545	533	378	211	118	126	95	586	1215	1027	867
25	24	23	23	24	23	23	23	25	25	24	25	25	24	23	23	24	23	25	25	25	25	24	24	25	25	25	25
23	23	23	23	22	23	24	23	26	23	24	24	24	25	25	24	25	24	23	25	24	25	25	24	25	25	25	26
24	22	21	24	22	22	23	24	24	24	25	26	25	25	25	24	24	23	23	24	24	25	26	24	25	26	26	26
24	23	23	21	22	23	23	24	25	24	26	25	25	23	24	24	24	24	22	22	26	25	26	26	26	25	25	26
25	24	24	23	22	25	23	23	25	26	25	25	25	25	24	24	24	25	22	23	27	26	27	26	24	25	25	25
27	29	26	25	24	24	24	26	24	26	24	28	25	24	23	24	24	22	24	24	25	25	28	25	23	24	25	26
7	8	7	6	5	2	0	0	0	0	0	5	14	23	25	23	23	23	24	22	25	26	25	24	23	25	25	24
185	169	168	180	210	253	311	374	417	414	342	217	82	4	0	14	19	18	19	21	21	22	24	25	23	23	22	24
914	894	891	899	913	932	952	957	962	962	955	925	825	580	236	25	5	21	21	22	23	25	25	26	22	23	25	24
952	956	980	967	946	945	960	968	970	961	948	938	946	970	925	624	180	9	22	25	25	26	28	29	26	25	25	26
1020	971	1025	1047	1044	1048	1065	1052	1051	1087	1085	1047	993	940	931	968	881	426	46	22	27	29	29	28	26	27	28	26
939	919	932	970	1049	1066	1064	1052	1105	1143	1147	1164	1075	1023	980	931	945	969	651	117	23	32	29	32	30	28	27	27
996	981	967	965	995	1013	1005	1009	1026	1035	1043	1052	1003	971	994	1018	948	936	985	797	189	27	33	31	31	28	28	27
1082	1071	1062	1046	1030	1018	1017	989	957	926	911	910	915	931	691	709	995	1019	956	982	860	215	32	33	30	27	28	26
1088	1083	1079	1068	1057	1051	1036	1006	980	953	928	927	922	950	419	74	335	921	1088	1003	991	854	185	34	31	29	26	26
1090	1088	1078	1069	1071	1075	1066	1046	1032	1006	975	942	932	940	404	98	92	221	869	1166	1099	988	800	125	38	27	25	25
1081	1083	1085	1080	1077	1080	1078	1076	1070	1049	1013	969	949	908	321	112	157	112	161	717	1196	1117	977	699	63	43	22	24
1090	1086	1090	1086	1077	1074	1083	1082	1075	1059	1014	971	971	892	270	154	155	152	102	70	464	1084	1049	986	529	30	40	24
1094	1093	1090	1089	1079	1067	1066	1076	1072	1046	1002	988	965	864	332	338	401	400	295	188	79	323	1004	1008	956	283	33	30
1093	1094	1095	1094	1083	1066	1048	1052	1057	1033	1030	1007	970	891	605	651	648	539	389	304	191	49	403	1050	1005	775	59	48
1092	1095	1092	1090	1083	1063	1041	1030	1029	1048	1047	1034	1016	990	860	761	730	632	529	474	371	196	51	761	1055	985	313	34
1086	1092	1094	1089	1080	1064	1041	1037	1045	1062	1059	1054	1043	946	865	817	758	543	541	616	537	330	88	386	1084	1017	650	20
1089	1088	1087	1084	1083	1071	1062	1055	1039	1051	1050	1053	1016	948	870	858	551	438	557	619	678	479	201	190	1053	1081	878	99
1091	1083	1083	1083	1072	1063	1057	1047	1021	1033	1053	1055	1013	957	892	900	821	869	881	885	802	594	300	102	928	1177	990	258
1091	1085	1087	1073	1054	1051	1033	990	947	930	967	1050	1054	958	923	960	959	827	865	943	882	735	393	108	673	1209	1035	412
1093	1087	1080	1065	1061	1005	872	802	760	758	817	920	956	976	976	975	1005	939	949	978	959	780	438	113	395	1135	1046	543
1086	1062	1055	1051	978	730	644	612	586	575	663	806	911	1006	1015	1002	995	1074	934	817	949	800	413	124	207	990	1048	662
1071	1032	990	982	683	404	372	385	398	388	513	749	914	1023	1038	1023	985	1012	1058	908	767	745	410	139	117	853	1029	779
26	26	25	25	25	25	25	26	25	24	24	25	25	24	24	24	24	25	25	25	25	24	24	25	25	24	24	25
25	25	26	25	25	25	25	26	27	24	24	24	25	25	26	25	25	24	24	25	24	24	26	24	24	25	23	24
26	26	25	26	25	25	25	26	25	26	25	24	26	25	25	24	24	25	24	24	25	25	26	24	26	25	23	25
27	26	26	25	26	26	25	26	26	26	25	24	23	23	24	25	24	25	24	25	25	25	26	25	25	23	23	25
27	27	28	27	26	27	27	25	27	27	25	26	22	25	23	25	24	24	25	25	26	25	25	25	24	24	23	25
29	30	28	29	29	28	27	26	23	23	25	26	25	23	23	23	24	23	25	25	25	26	25	24	24	24	23	24
0	0	0	0	0	0	4	12	21	23	12	1	0	4	18	21	22	22	23	22	24	24	23	23	22	22	21	23
403	392	399	422	461	522	593	663	709	724	681	562	374	154	12	0	13	21	19	22	21	23	22	21	21	20	21	22
977	976	974	970	971	973	966	956	958	957	959	968	972	902	655	266	14	7	24	25	25	25	24	22	23	22	23	22
965	945	967	978	966	961	977	993	1002	1002	988	965	944	942	970	934	592	123	5	26	29	27	26	26	26	24	24	24
976	941	959	1007	1054	1067	1070	1069	1072	1074	1105	1105	1076	1019	952	931	975	802	244	6	28	29	27	25	26	23	24	24
957	957	948	945	983	1043	1063	1065	1067	1090	1119	1117	1135	1120	1074	991	937	964	890	308	10	27	28	26	26	24	26	24
1091	1093	1085	1072	1051	1058	1077	1089	1070	1041	1024	1000	1008	1005	1032	1111	1027	965	964	918	308	14	28	27	27	25	24	23
1098	1098	1103	1102	1077	1059	1096	1096	1084	1068	1016	974	963	762	353	796	1121	1160	1054	980	908	258	15	29	26	23	24	23
1085	1091	1098	1097	1088	1081	1101	1098	1098	1082	1039	986	969	859	216	62	504	1197	1374	1127	994	856	176	17	27	25	25	24
1090	1096	1086	1094	1096	1098	1099	1093	1095	1083	1059	1018	974	880	317	95	48	370	1004	1148	1094	979	780	116	24	26	25	25
1087	1093	1085	1097	1097	1090	1092	1094	1091	1083	1063	1038	1004	876	517	315	183	90	126	463	970	1065	990	702	70	28	25	25
1093	1091	1091	1097	1092	1093	1094	1089	1085	1084	1066	1052	1021	929	757	743	679	683	603	422	332	802	1060	995	579	30	26	26
1094	1096	1095	1093	1086	1093	1091	1093	1089	1083	1065	1062	1043	1001	965	988	993	832	531	448	436	274	847	1042	969	364	14	28
1092	1093	1093	1091	1087	1096	1094	1094	1092	1085	1070	1076	1069	1070	1039	1007	768	218	131	216	396	494	403	1022	1014	845	102	23
1093	1092	1093	1090	1083	1088	1095	1082	1087	1084	1076	1080	1080	1042	1013	1005	681	151	164	229	473	712	498	795	1119	994	413	10
1100	1097	1094	1092	1092	1087	1089	1079	1074	1086	1084	1081	1064	1033	1035	1015	959	634	456	530	803	925	744	632	1203	1063	711	34
1103	1096	1094	1093	1089	1090	1090	1085	1083	1084	1081	1075	1070	1047	1027	992	681	547	545	622	778	919	938	615	1041	1126	882	143
1095	1093	1093	1091	1089	1088	1093	1085	1076	1077	1077	1077	1078	1067	1043	994	804	736	716	689	774	819	940	643	706	1095	967	284
1080	1081	1079	1081	1080	1084	1083	1073	1077	1090	1086	1077	1083	1084	1071	1053	966	725	611	645	742	802	834	491	381	977	1013	396
1079	1087	1083	1082	1071	1072	1090	1097	1104	1100	1100	1083	1093	1084	1087	1067	1035	908	780	871	937	918	904	730	319	858	1038	503
1100	1103	1092	1092	1086	1099	1093	1086	1090	1100	1105	1091	1094	1085	1089	1078	1054	1059	970	911	1046	1097	1073	793	273	789	1048	602
1075	1056	1067	1059	1089	1088	1067	1058	1076	1093	1113	1099	1091	1092	1095	1089	1066	1037	1028	847	700	915	1033	700	168	750	1042	714
26	26	26	25	26	27	26	26	26	26	23	26	25	23	25	26	25	25	24	25	23	25	24	25	24	23	24	24
25	26	26	26	26	27	25	27	26	26	24	25	24	25	26	24	24	25	24	24	24	25	26	24	24	24	23	24
27	27	26	26	26	26	27	27	26	27	25	24	23	25	24	25	25	24	24	24	25	26	25	24	25	23	23	24
27	28	26	27	27	27	27	27	27	26	26	25	23	24	26	25	24	25	24	25	26	25	25	24	24	22	22	24
25	28	28	28	28	29	28	30	28	29	29	26	25	23	25	24	23	24	26	25	26	24	24	24	22	21	23	24
27	28	27	27	29	25	23	19	17	16	21	23	27	28	24	24	25	25	25	24	26	24	25	23	22	24	23	24
8	8	10	12	19	31	50	73	93	98	78	35	2	0	5	19	25	21	21	22	20	22	21	21	20	20	18	21
608	601	610	638	677	723	771	817	846	856	836	772	626	392	130	0	2	21	21	19	20	20	20	21	20	20	21	23
971	976	969	962	960	956	945	939	949	959	957	958	966	973	895	587	157	0	20	26	25	23	24	25	23	23	23	23
956	939	968	992	999	995	990	1004	1026	1028	1032	1008	971	942	942	980	892	415	16	14	27	25	26	26	25	23	23	25
934	926	945	957	991	1037	1060	1067	1052	1073	1099	1109	1095	1065	994	938	943	971	570	32	15	30	26	24	24	23	23	26
1037	1045	1042	1022	1006	1015	1050	1073	1082	1080	999	1070	1113	1143	1143	1073	962	929	979	563	12	20	26	26	27	24	23	24
1100	1102	1100	1098	1102	1098	1094	1096	1128	991	772	863	1025	1056	1084	1177	1174	995	946	973	438	0	27	28	26	22	23	24
1093	1091	1085	1094	1079	1081	1093	1101	1099	908	813	845	990	1009	716	739	1106	1245	1067	966	933	276	0	29	27	22	23	25
1085	1087	1088	1096	1082	1084	1086	1090	1080	1053	1041	1051	1059	1041	798	424	455	934	1209	1062	975	852	161	0	31	24	24	25
1085	1089	1097	1095	1085	1081	1085	1090	1071	1051	1039	1055	1061	1055	975	729	492	424	646	963	1040	985	782	112	0	26	24	24
1075	1090	1095	1088	1075	1075	1092	1086	1066	1046	1036	1055	1066	1064	1057	1006	924	815	726	736	976	1049	994	734	70	6	28	27
1086	1087	1082	1074	1092	1087	1083	1080	1062	1046	1038	1059	1068	1080	1082	1054	1031	1043	899	735	882	946	1036	993	631	19	20	28
1095	1089	1068	1071	1083	1096	1091	1081	1057	1045	1044	1056	1070	1082	1073	987	961	669	442	356	729	921	978	1053	984	434	0	29
1095	1092	1085	1076	1070	1097	1091	1078	1058	1044	1047	1053	1065	1077	1065	988	679	399	258	249	296	787	1019	1153	1050	885	136	6
1094	1100	1097	1092	1088	1089	1091	1081	1061	1041	1046	1056	1069	1078	1072	988	653	259	31	146	204	494	1013	1152	1179	995	482	0
1095	1097	1098	1095	1093	1086	1073	1069	1067	1059	1053	1064	1058	1070	1081	1022	950	697	504	469	583	642	877	1010	1166	1045	751	27
1089	1087	1096	1093	1092	1093	1044	1013	1054	1073	1051	1061	1065	1078	1086	1024	979	836	750	757	716	753	909	888	1018	1052	898	136
1090	1091	1093	1089	1092	1087	1043	1018	1068	1059	1052	1058	1072	1089	1082	1051	941	876	813	729	697	807	870	891	961	1037	963	254
1091	1092	1084	1086	1089	1070	1034	1054	1067	1047	1046	1050	1063	1083	1082	1090	1001	828	820	786	850	917	923	860	868	1019	1003	361
1093	1095	1093	1094	1088	1043	1016	1072	1065	1047	1042	1050	1053	1061	1077	1081	1084	941	772	823	918	906	890	878	901	990	1028	473
1092	1086	1069	1059	1031	1012	988	1051	1061	1058	1046	1040	1045	1043	1053	1071	1089	1072	1009	979	964	866	617	446	852	994	1051	597
1047	974	1022	1056	1056	1053	1013	1039	1065	1065	1055	1042	1039	1043	1044	1060	1077	1076	953	891	995	835	673	622	771	1011	1067	708
25	26	26	26	23	26	26	27	26	25	23	23	23	23	26	24	25	24	26	25	22	24	24	26	24	25	23	24
26	24	25	26	25	27	25	26	26	26	25	23	22	26	25	23	24	24	24	23	23	26	26	23	24	24	23	25
26	24	26	25	27	25	26	26	26	28	26	23	21	24	25	23	23	25	24	25	27	25	25	23	25	25	24	24
25	27	25	27	26	26	26	27	26	25	27	24	24	22	24	24	23	24	25	27	26	25	25	24	25	23	23	24
26	26	27	27	26	28	27	28	27	28	25	25	26	24	20	23	23	25	27	24	24	25	25	24	22	24	24	24
18	18	19	16	15	12	11	8	9	10	12	19	24	27	22	20	26	25	26	25	26	25	27	23	23	25	24	24
69	67	73	84	97	112	131	143	144	129	98	48	2	0	0	13	21	21	22	22	20	22	19	20	19	21	20	21
811	812	815	831	850	867	882	894	897	894	868	806	685	474	207	13	0	19	23	20	22	21	21	22	20	21	21	22
953	957	954	951	944	940	934	930	932	943	956	963	966	978	942	724	302	8	8	28	26	23	25	25	23	26	25	25
951	939	971	1011	1029	1027	1017	1016	1024	1033	1038	1041	1026	981	941	960	964	640	100	1	27	26	26	24	25	25	24	23
952	958	967	966	976	1002	1027	1054	1066	1064	1061	1096	1116	1106	1051	994	960	980	792	150	2	30	26	26	26	24	23	25
1088	1091	1089	1089	1082	1075	1070	1080	1107	910	564	732	1012	1103	1128	1128	1078	967	974	780	108	8	28	27	25	24	24	27
1097	1097	1098	1097	1097	1101	1100	1124	897	206	0	62	355	843	1065	1109	1109	1009	962	980	652	38	21	27	26	24	25	24
1096	1091	1092	1093	1093	1097	1096	1078	743	457	445	466	519	812	1060	1030	1005	984	1007	973	971	440	10	27	27	25	26	26
1095	1085	1089	1096	1097	1091	1085	1057	1015	1024	1012	1019	1047	1047	1088	1061	984	937	994	1026	999	918	264	13	30	27	26	25
1096	1087	1093	1096	1094	1091	1087	1060	1046	1042	1037	1035	1029	1048	1066	1069	1064	992	996	1060	1041	1014	843	170	18	25	26	27
1096	1092	1094	1089	1085	1094	1080	1051	1039	1036	1033	1034	1036	1057	1060	1042	996	958	833	948	1076	1024	1023	768	108	23	26	25
1096	1092	1087	1086	1093	1093	1075	1051	1036	1035	1035	1035	1046	1054	1069	1007	959	535	155	154	811	1096	1079	1033	655	46	26	23
1067	1070	1074	1090	1092	1087	1074	1046	1034	1036	1037	1036	1045	1054	1074	1023	846	192	70	0	465	1043	1155	1116	1000	434	14	31
1061	1068	1078	1084	1088	1086	1069	1042	1037	1039	1035	1037	1046	1066	1076	1035	760	262	60	15	147	775	1093	1179	1055	871	131	28
1092	1094	1095	1093	1089	1085	1061	1042	1039	1035	1036	1035	1048	1074	1083	1031	793	644	380	461	535	708	793	1047	1092	1006	457	15
1093	1093	1094	1093	1086	1072	1064	1041	1045	1045	1038	1037	1045	1070	1088	1010	776	704	711	742	709	656	690	815	1056	1042	745	38
1094	1090	1096	1094	1076	1036	1030	1045	1068	1084	1042	1038	1044	1081	1088	1007	828	776	673	675	690	717	722	699	975	1056	897	138
1092	1092	1092	1095	1072	988	982	1019	1068	1059	1040	1036	1049	1078	1083	1038	907	805	738	764	768	796	700	704	950	1060	969	251
1090	1093	1096	1088	1037	972	995	1049	1054	1035	1038	1038	1044	1067	1078	1068	1014	935	926	904	931	884	816	925	1008	1079	1005	382
1096	1097	1082	1024	969	937	994	1063	1036	1035	1037	1039	1037	1050	1068	1071	1070	1004	961	1030	1024	933	778	785	1021	1196	1041	529
1066	1023	974	967	968	934	975	1058	1035	1037	1040	1040	1038	1036	1057	1075	1079	1044	964	674	421	231	73	91	858	1294	1079	679
1046	937	1016	1064	1039	995	979	1055	1044	1036	1040	1040	1037	1036	1035	1061	1083	1092	875	371	383	123	67	126	720	1276	1092	796
25	25	26	25	26	26	25	28	28	26	28	23	26	26	24	25	24	25	26	25	24	25	25	24	25	24	24	24
26	26	26	25	26	26	27	28	27	29	26	26	26	26	25	23	24	24	24	26	25	25	24	25	24	25	24	24
27	26	26	26	27	26	29	27	27	29	28	27	26	22	25	24	24	25	24	25	25	24	25	25	24	25	23	25
27	26	27	27	27	28	27	29	28	27	29	28	27	24	23	23	24	25	26	25	25	24	26	23	22	24	23	24
28	29	29	28	30	30	30	31	31	30	29	29	26	25	20	23	22	25	24	23	24	23	24	23	24	23	23	24
8	9	8	8	6	6	7	9	12	17	21	26	25	27	24	22	23	23	23	25	26	26	25	25	23	25	24	25
190	186	194	204	211	214	209	189	157	118	67	21	0	0	2	17	17	19	19	21	21	21	20	20	19	22	20	22
919	921	923	923	928	931	926	921	907	882	828	740	600	398	164	8	0	14	22	21	22	21	21	21	22	21	22	23
942	943	947	953	947	940	932	932	930	938	939	953	968	974	920	701	302	13	1	25	24	23	24	24	23	24	25	25
940	931	958	1008	1029	1033	1029	1025	1018	1014	1015	1014	1015	994	958	968	964	683	152	0	26	25	25	23	24	24	24	24
995	1004	997	993	999	1010	1024	1048	1082	1101	1100	1084	1075	1082	1065	1013	967	976	869	269	0	25	27	24	26	24	25	25
1099	1089	1054	1091	1098	1090	1080	1108	1041	677	598	693	953	1096	1078	1102	1103	1034	972	908	271	5	26	26	25	25	26	26
1090	1093	1093	1096	1090	1085	1107	1021	305	0	0	0	26	468	1015	1053	1102	1128	1040	974	852	174	19	25	26	26	26	25
1089	1093	1095	1079	1084	1090	1113	775	379	373	387	395	354	488	954	1030	1016	1045	1051	1022	992	704	74	35	26	27	28	26
1091	1090	1078	1076	1092	1084	1060	1020	1049	1067	1039	1002	1000	1026	1046	1061	1018	1015	1016	1040	1030	999	492	34	35	27	28	27
1076	1074	1084	1088	1091	1083	1053	1048	1059	1060	1053	1036	1032	1035	1041	1053	964	946	1002	1070	1061	1055	958	283	32	28	27	27
1067	1089	1091	1092	1089	1070	1042	1041	1051	1058	1051	1042	1033	1034	1038	1047	959	858	615	802	1079	1213	1117	847	140	44	26	28
1092	1091	1093	1093	1085	1062	1040	1041	1043	1046	1045	1042	1033	1031	1055	1051	956	265	0	32	735	1221	1292	1061	666	49	45	25
1090	1095	1095	1094	1084	1064	1038	1039	1038	1039	1040	1038	1033	1038	1058	1074	701	3	0	168	494	990	1128	1087	1002	379	29	35
1088	1092	1096	1091	1080	1059	1042	1040	1042	1039	1036	1037	1037	1043	1069	1067	556	104	235	394	492	779	1029	1072	1036	825	95	51
1093	1094	1096	1089	1078	1053	1038	1040	1039	1039	1039	1038	1036	1045	1073	997	708	697	709	704	686	724	797	1001	1062	1000	386	27
1094	1097	1095	1089	1078	1062	1061	1048	1040	1040	1042	1045	1045	1062	1075	900	690	726	697	685	667	682	736	881	1062	1022	698	26
1092	1095	1096	1067	1048	1076	1085	1064	1050	1073	1078	1070	1066	1074	1062	871	730	744	640	631	677	745	790	888	1071	1031	888	124
1092	1094	1088	1030	1006	1014	1019	1027	1055	1076	1076	1067	1067	1079	1049	965	802	778	635	676	672	732	757	833	1143	1107	968	279
1099	1099	1069	984	952	973	979	996	1053	1045	1040	1038	1048	1075	1053	1010	957	808	740	748	759	785	784	880	1123	1251	1010	461
1077	1051	987	964	959	938	993	1041	1050	1038	1036	1038	1037	1045	1068	1057	1002	952	935	979	996	962	886	933	1037	1254	1050	640
1028	945	953	991	1007	951	992	1060	1049	1037	1037	1035	1037	1032	1044	1076	1060	1011	849	629	628	701	484	438	872	1147	1054	794
1038	1022	1076	1073	1029	955	955	1033	1055	1042	1037	1039	1037	1036	1038	1072	1079	1085	730	346	412	474	464	387	567	1071	1039	899
22	24	26	24	25	24	25	25	27	27	25	26	25	23	24	26	26	26	25	26	26	26	26	24	23	25	24	25
24	24	25	24	26	25	25	24	26	26	26	28	26	25	25	25	26	26	26	25	26	25	25	24	25	24	24	24
25	24	26	25	24	25	26	24	25	28	29	26	26	26	24	25	26	26	24	26	26	25	25	26	24	24	24	25
26	25	27	24	26	26	27	26	26	28	27	26	28	27	25	26	26	25	25	26	26	25	25	26	23	24	24	25
27	28	26	25	27	28	27	29	29	30	29	28	28	27	27	26	23	25	26	24	25	24	26	23	24	23	23	25
0	0	0	0	0	1	2	4	11	18	25	29	29	29	28	28	25	25	24	25	25	27	24	25	23	24	25	24
312	311	326	335	331	311	276	228	163	98	39	3	0	0	17	25	23	21	21	23	22	22	20	22	20	23	20	21
965	962	964	959	957	957	945	936	909	860	778	647	464	244	59	0	6	22	23	24	22	23	22	23	24	23	21	23
939	936	938	955	947	935	928	926	925	935	945	959	972	950	815	516	156	0	11	24	23	23	24	23	23	22	21	24
934	931	950	1007	1029	1031	1028	1022	1014	1005	997	983	959	946	949	974	901	526	85	0	26	26	24	23	24	22	23	23
1021	1038	1034	1021	1016	1022	1035	1057	1093	1108	1104	1081	1057	1027	1008	977	950	982	808	243	0	25	26	23	23	23	21	23
1106	1102	1099	1104	1097	1084	1087	1117	858	649	735	954	1094	1056	1049	1078	1049	984	979	917	332	1	26	24	23	23	23	24
1092	1091	1098	1101	1093	1094	1035	630	11	9	64	211	635	938	1010	1045	1090	1117	1075	982	927	287	1	25	24	23	24	25
1086	1099	1089	1089	1100	1121	917	508	457	499	502	478	557	876	1036	1009	1015	1076	1138	1092	999	859	152	8	26	25	25	25
1088	1093	1066	1089	1106	1098	1077	1082	1031	970	988	1022	1013	1047	1039	996	957	959	1022	1117	1096	1011	669	29	18	28	26	26
1080	1085	1089	1091	1104	1079	1078	1052	959	846	861	964	1049	1039	1035	1025	955	954	964	1042	1150	1100	987	376	3	28	27	27
1084	1092	1091	1087	1075	1059	1062	1067	970	853	870	949	1029	1041	1038	1040	1007	899	747	870	1076	1251	1087	857	129	14	29	29
1096	1092	1089	1078	1054	1040	1049	1079	1038	960	954	988	1033	1042	1040	1045	898	592	496	579	917	1112	1138	1027	591	17	29	29
1093	1091	1086	1075	1047	1038	1055	1076	1076	1058	1046	1043	1048	1043	1046	1036	787	541	595	765	801	1009	1048	1044	957	273	5	31
1095	1090	1086	1076	1053	1044	1049	1062	1075	1072	1069	1063	1045	1042	1045	1018	716	558	756	803	846	963	966	1049	1031	722	38	24
1096	1091	1083	1072	1056	1042	1054	1063	1064	1058	1037	1052	1067	1052	1040	982	767	687	696	645	680	830	940	1049	1040	960	287	2
1094	1092	1084	1067	1054	1053	1062	1064	1050	1046	1045	1082	1082	1066	1011	925	770	674	692	675	670	776	841	1060	1106	998	640	10
1094	1091	1080	1063	1082	1074	1044	1041	1049	1052	1057	1068	1040	1037	970	869	803	671	650	682	756	795	777	992	1232	1035	875	135
1082	1064	1053	1040	1012	989	981	992	998	1032	1034	1035	1034	1027	986	867	825	779	708	658	740	739	766	925	1203	1130	968	351
1045	1032	1009	997	962	965	1011	1009	1005	1041	1042	1047	1043	1051	1015	935	857	794	838	855	885	888	923	948	1023	1118	1011	570
983	975	1029	1051	1033	1004	980	1013	1020	1037	1043	1045	1046	1059	1043	978	956	946	897	941	981	864	678	802	988	1047	1028	722
1004	1012	1045	1042	1013	975	966	1007	1030	1051	1045	1039	1042	1060	1064	1058	1023	811	241	125	199	110	0	46	700	1078	1019	837
1075	1086	1081	1080	998	959	965	998	1034	1062	1064	1053	1043	1048	1063	1076	1041	730	134	0	0	8	31	0	204	1043	1043	908
27	26	26	26	26	26	26	24	27	25	24	25	25	23	25	24	24	25	25	25	24	26	24	23	24	26	24	24
26	26	25	25	27	27	26	25	25	24	24	27	24	26	24	23	25	26	23	24	25	25	24	25	25	23	24	24
25	26	26	27	27	27	26	26	25	25	25	25	26	24	23	23	23	26	26	23	25	23	25	25	24	25	26	26
27	26	26	27	27	26	28	25	27	25	25	24	25	25	25	24	24	26	25	24	24	25	25	25	24	25	25	23
28	28	28	28	27	29	27	29	26	26	26	25	25	25	25	25	24	25	25	23	25	25	25	24	24	25	24	25
0	0	0	0	0	0	0	0	5	15	21	26	26	24	27	26	25	23	24	25	24	26	24	26	23	24	26	25
430	444	460	464	454	419	366	293	203	106	33	0	0	6	21	24	23	21	20	22	22	22	22	24	21	23	22	22
978	976	973	969	970	968	965	955	929	867	766	596	363	133	2	0	20	25	21	24	24	24	23	24	25	25	24	24
940	940	940	947	944	932	927	926	925	931	949	962	968	891	645	278	26	1	20	23	23	21	23	25	24	23	24	24
936	941	960	1005	1026	1035	1035	1032	1020	1005	986	958	936	936	967	954	714	265	7	5	24	24	26	25	24	25	25	25
1034	1049	1047	1040	1039	1042	1059	1053	1065	1075	1072	1060	1053	1020	973	941	963	946	588	98	0	27	25	24	24	24	23	24
1102	1100	1102	1101	1101	1100	1081	1039	968	980	1018	1047	1045	1048	1063	1027	972	945	977	803	210	0	25	25	25	25	26	25
1090	1089	1096	1081	1085	1072	1010	751	657	809	897	960	1033	1001	1016	1027	1049	1048	985	976	880	230	0	28	25	26	25	25
1071	1096	1092	1083	1071	1090	847	529	499	557	726	861	916	996	1003	974	985	1091	1107	1020	987	843	138	4	28	26	26	24
1091	1096	1094	1088	1000	922	596	327	211	133	175	539	872	946	1019	949	943	986	1067	1081	1033	1004	667	23	22	27	27	24
1091	1085	1094	1091	907	838	577	243	128	46	43	156	766	959	1011	974	904	870	971	1011	1039	1029	986	347	0	28	26	25
1092	1087	1101	1104	953	935	822	366	148	47	60	90	536	1000	1011	1002	699	662	934	963	998	1022	1026	802	81	14	29	27
1092	1080	1083	1090	1075	1068	993	609	274	125	126	144	430	1020	1031	976	806	823	850	908	966	1012	1030	1010	481	0	27	26
1085	1079	1074	1069	1096	1071	945	725	520	359	280	252	520	1017	1009	980	845	850	915	872	896	978	1041	1045	898	172	4	28
1086	1079	1077	1078	1065	1041	1011	866	684	720	700	629	904	1022	990	1009	840	793	850	818	824	965	1075	1104	1020	620	5	24
1085	1073	1055	1055	1045	1014	1000	995	866	870	1031	910	756	953	1024	979	844	771	707	662	736	892	1049	1133	1062	929	212	1
1084	1074	1057	1045	1040	1010	968	956	975	960	981	596	462	807	1038	907	767	708	712	703	701	777	931	1127	1144	1011	587	0
1084	1077	1054	1050	1058	1013	964	951	967	985	977	644	471	755	1009	818	698	704	659	721	779	754	764	991	1120	1040	870	113
1041	1045	1053	1040	1003	973	995	988	951	958	964	819	642	833	1001	843	647	758	720	737	792	734	796	908	1030	1053	983	355
977	993	1052	1016	961	1017	1040	1031	963	952	951	959	912	989	1003	928	817	761	811	852	779	772	886	957	988	1056	1015	587
946	998	1019	1035	991	1025	1010	1008	968	968	966	990	1027	1023	985	930	967	973	939	971	970	900	838	911	976	1068	1014	739
1050	1081	1063	1020	969	965	988	990	990	992	996	1010	1004	1012	999	967	930	721	457	620	648	364	344	563	920	1073	1017	828
1117	1102	1100	1091	980	967	1012	1001	990	974	997	999	1008	1040	1066	1012	871	481	589	723	455	90	53	437	855	1070	1037	870
24	25	24	25	27	25	25	24	26	24	26	24	24	25	25	25	24	24	25	24	25	26	25	24	25	25	23	23
25	25	24	26	26	26	25	25	25	25	25	25	25	26	25	23	23	24	24	25	24	26	24	25	25	25	24	25
24	26	26	25	24	26	26	25	25	25	24	26	24	24	25	22	24	24	25	25	25	26	26	26	25	25	24	25
26	25	25	27	26	25	25	25	24	26	24	25	25	26	25	24	24	27	24	25	26	25	25	25	23	24	24	23
27	27	27	27	27	27	27	27	28	26	25	25	25	26	25	24	23	23	24	24	25	24	25	25	23	25	24	23
0	0	0	0	0	0	0	0	0	7	20	26	29	27	26	24	25	25	25	25	26	26	26	25	24	25	24	25
537	550	560	565	548	509	453	364	256	142	45	0	0	11	25	25	23	22	22	22	22	23	21	23	23	23	23	22
975	970	968	965	966	966	967	965	949	897	794	604	337	94	0	6	26	27	24	25	25	25	25	26	26	25	25	25
935	936	934	934	934	929	926	929	925	927	943	962	965	860	536	147	0	13	27	25	23	23	24	25	24	22	24	23
942	942	962	972	984	1018	1013	1028	1027	1011	990	958	937	942	975	893	521	98	0	22	26	23	25	25	25	24	24	23
1035	1041	1039	1039	1045	1047	1042	1024	1039	1046	1052	1056	1049	1014	960	943	977	839	348	8	9	28	27	25	25	24	23	23
1099	1090	1099	1099	1090	1072	1047	1034	980	923	948	1013	1038	1069	1073	1018	952	959	966	602	74	3	27	25	25	24	24	24
1085	1084	1093	1078	1089	1043	921	786	583	435	397	464	585	842	1041	1045	1040	994	953	986	747	114	2	28	26	24	24	23
1087	1082	1053	1008	746	475	294	41	17	30	67	97	114	288	820	957	978	1049	1038	980	986	752	75	11	28	25	25	24
1084	1055	1006	685	172	72	52	0	0	6	2	24	80	153	678	972	964	1015	1087	1089	1020	997	607	6	22	25	24	24
1034	1060	913	436	58	45	51	0	15	24	21	8	77	179	647	1011	939	817	979	1102	1107	1029	973	339	0	27	26	24
1060	1090	933	489	110	92	119	0	14	21	19	5	80	206	522	987	655	351	707	1015	1095	1082	1020	826	94	13	28	23
1051	1105	1066	765	385	344	677	84	0	17	19	1	110	401	668	975	711	635	669	867	1020	1085	1068	1007	518	0	28	25
1093	1085	1082	1035	831	737	461	0	0	0	0	0	245	860	923	909	787	817	753	831	974	1053	1226	1049	911	180	4	27
1081	1078	1084	1063	1012	969	500	70	0	48	138	119	523	903	932	785	750	766	798	844	949	989	1277	1174	1016	611	1	23
1080	1073	1068	1060	1038	1014	881	627	122	186	982	539	185	356	943	842	716	742	726	731	795	984	1034	1111	1049	928	196	2
1087	1074	1055	1051	1061	1056	1007	1022	833	650	774	161	0	88	907	939	662	767	719	692	713	873	948	988	1059	1010	550	2
1065	1031	1049	1070	1074	1078	1066	1038	990	799	564	34	0	65	751	959	714	682	664	647	720	823	887	949	1027	1024	834	101
1015	1025	1072	1076	1084	1087	1090	1099	1034	879	724	135	0	119	694	751	764	711	710	687	808	823	833	945	1007	1048	967	307
1022	1040	1032	1049	1070	1090	1086	1096	1061	963	951	554	243	428	901	846	910	829	805	848	825	805	903	952	999	1068	1000	539
1008	1055	1003	982	1023	1098	1095	1087	1056	970	980	939	787	860	965	921	841	906	984	985	952	982	980	961	988	1060	995	708
1093	1112	1072	986	988	1051	1048	1051	1013	941	971	994	975	980	790	434	370	651	857	993	983	953	943	984	989	1068	1003	800
1141	1106	1103	1055	1034	1037	1014	989	949	959	1006	997	997	997	631	380	740	835	847	893	913	846	778	957	1018	1122	1015	840
24	25	24	24	24	26	25	24	25	24	26	24	23	25	23	23	24	24	24	24	24	25	25	24	25	25	24	23
23	26	24	25	23	25	26	24	24	24	25	23	25	24	25	23	24	23	23	25	24	25	25	25	25	25	24	24
26	24	26	25	25	25	25	23	24	25	24	24	24	24	24	23	23	22	25	25	24	24	26	26	24	24	25	24
28	25	27	25	24	26	24	24	24	25	23	24	25	23	25	23	23	25	24	24	25	25	27	23	24	25	25	23
25	27	25	25	26	26	26	24	27	25	25	25	24	26	24	23	24	23	24	22	25	26	26	24	24	26	23	23
0	0	0	0	0	0	0	0	0	6	18	25	25	24	23	23	24	24	24	24	26	25	25	25	25	24	24	25
550	561	574	571	564	529	470	384	272	149	44	0	0	13	24	23	21	22	22	22	23	23	23	23	23	23	24	22
971	971	966	966	965	964	967	963	949	902	788	583	299	60	0	11	25	25	24	26	24	26	25	26	25	26	24	25
932	930	928	929	931	930	929	929	926	930	945	970	959	810	439	77	0	20	28	25	25	25	25	25	25	24	24	24
950	945	954	966	958	974	993	996	1012	1010	991	955	936	946	974	818	366	24	2	29	26	24	27	26	26	25	24	23
1004	1008	1012	1015	1004	1004	1030	1011	1052	1078	1063	1050	1028	1001	954	951	968	698	183	0	22	28	29	25	26	23	25	25
1101	1097	1104	1093	1059	931	743	806	796	609	783	960	1053	1092	1065	1007	949	972	901	405	12	14	29	26	24	27	25	23
1094	1094	1092	1070	873	479	198	274	106	0	1	109	312	670	1010	1044	1031	984	960	972	580	39	9	28	28	25	25	23
1081	1030	1002	682	213	18	0	8	14	22	17	0	0	0	581	975	991	1042	1013	978	988	625	31	15	28	25	25	24
1049	936	403	12	0	14	23	30	29	30	30	29	25	0	263	1005	927	927	1038	1039	1001	986	548	1	20	26	25	24
1018	695	96	0	26	27	23	26	28	30	28	30	22	0	252	1007	714	770	934	1047	1055	1018	974	376	0	26	26	25
1049	676	107	0	20	22	10	11	28	28	27	29	19	0	243	992	689	728	809	990	1067	1087	1034	883	154	4	26	23
1080	974	412	17	0	0	184	321	2	28	28	27	7	0	547	989	851	899	853	892	1010	1097	1070	1010	620	5	24	23
1070	1069	1000	499	75	19	410	356	0	25	8	25	18	413	862	930	946	832	766	775	936	1042	1093	1028	944	239	4	24
1076	1081	1112	1096	660	255	411	120	0	27	179	0	86	703	917	950	980	735	721	748	820	963	1054	1062	1007	632	18	30
1085	1076	1077	1099	1109	820	602	318	80	299	849	30	0	0	489	960	908	800	672	688	742	899	985	1068	1024	910	188	29
1096	1096	1087	1074	1089	1111	1051	942	669	525	251	6	33	0	263	861	771	825	714	703	797	797	944	1008	1058	996	506	33
1052	1067	1088	1093	1089	1092	1105	812	306	24	0	28	33	10	132	773	820	804	675	711	837	801	912	949	1044	1011	806	94
1061	1047	1052	1100	1098	1086	1104	1034	486	113	26	14	34	8	98	649	959	850	752	830	782	738	911	954	985	1029	953	269
1063	1093	1020	1017	1058	1083	1088	1097	715	301	195	19	0	0	237	828	989	983	977	884	784	808	964	958	986	1049	985	506
1052	1115	1015	980	976	1068	1096	1075	949	590	591	475	64	113	736	976	794	886	988	1009	986	974	965	947	1012	1093	991	684
1106	1130	1035	994	1032	1029	1080	1038	970	908	913	979	827	836	920	487	395	673	738	810	886	912	946	946	1039	1161	986	796
1103	1106	1098	1014	1037	1022	1034	1076	988	951	978	970	946	967	782	637	733	743	788	733	706	857	894	954	1030	1204	1000	865
24	24	25	22	26	24	24	24	25	24	24	24	24	23	23	23	24	23	24	25	25	24	25	24	25	25	23	24
24	23	24	24	24	24	25	23	26	24	23	23	24	24	24	24	23	23	23	24	25	23	26	24	25	25	25	25
24	24	24	25	25	23	24	25	24	23	23	24	24	23	25	23	23	23	24	24	26	25	25	25	25	26	25	25
26	25	25	25	24	24	23	24	23	22	24	23	24	24	24	25	24	25	25	24	26	24	26	25	24	26	25	23
25	25	25	24	25	25	25	24	23	25	24	24	25	26	24	25	23	24	24	25	26	25	25	25	25	26	24	26
0	0	0	0	0	0	0	0	1	8	18	24	25	26	25	24	23	24	24	26	26	26	24	26	24	25	26	26
513	535	559	566	549	512	450	358	245	129	33	1	1	17	23	23	22	23	23	22	25	24	23	25	22	25	24	23
971	971	969	968	965	966	966	963	942	887	759	537	243	32	2	20	26	27	25	26	26	25	25	25	25	25	26	26
927	928	927	934	935	936	934	932	933	936	948	979	946	730	330	36	5	27	27	26	26	25	26	26	25	25	26	24
947	942	969	1013	1005	1018	1054	1021	991	989	978	955	940	957	961	715	238	6	17	29	26	25	26	25	27	26	25	24
940	945	973	996	977	974	937	891	965	1033	1030	1021	1019	997	950	966	930	537	88	6	26	27	26	26	27	25	27	26
1075	1095	1078	867	541	317	123	91	550	747	767	926	1034	1067	1051	988	953	980	804	268	5	22	28	27	26	27	27	25
1110	1076	923	494	89	0	0	19	313	85	0	95	337	851	1005	1034	1018	970	972	936	450	14	19	27	26	27	26	26
1042	1037	865	278	18	28	32	31	89	22	10	0	0	253	921	958	970	1029	1005	982	974	535	19	23	27	24	27	25
1024	912	435	27	30	32	30	30	20	21	27	23	0	51	718	886	816	949	1028	1053	1014	982	505	9	27	26	27	25
917	179	36	24	31	31	29	26	27	28	26	25	0	40	729	904	772	775	872	1044	1080	1032	970	390	11	32	25	24
745	0	0	29	32	31	31	9	10	20	24	20	0	200	858	832	558	652	721	976	1051	1077	1030	909	201	17	37	24
938	305	0	0	34	32	2	291	243	0	22	10	0	367	903	734	640	690	752	958	974	1066	1080	1031	696	42	48	38
1085	995	501	10	0	16	29	549	306	0	0	0	90	695	963	722	719	728	787	1011	972	1023	1086	1059	980	313	30	64
1071	1102	1103	704	42	0	74	449	181	0	266	13	468	851	932	777	764	726	869	951	839	940	1068	1080	1028	711	55	69
1080	1077	1092	1122	810	128	89	612	603	536	764	68	56	15	379	915	960	986	989	897	736	731	997	1080	1040	946	250	39
1094	1092	1080	1089	1089	940	779	532	330	214	52	21	24	19	0	525	978	1024	906	812	725	672	919	1051	1069	1001	572	17
1057	1066	1059	1088	1077	1105	886	24	0	7	27	35	31	33	1	55	510	900	785	701	743	789	938	999	1116	1010	837	84
1060	1064	1043	1045	1075	1077	1045	278	0	25	33	37	36	35	16	10	374	933	930	837	809	881	966	989	1225	1039	959	275
1042	1082	992	986	1008	1067	1113	669	0	6	18	31	38	32	0	94	647	863	859	961	952	949	975	979	1162	1085	989	504
1079	1090	1003	1002	1003	1057	1082	971	319	0	0	37	6	0	377	709	750	701	852	913	875	862	910	958	1082	1107	990	674
1122	1123	1066	997	1054	1054	1054	984	880	556	493	775	686	548	1106	698	522	813	930	986	884	794	761	865	1047	1109	994	794
1102	1109	1106	1008	1061	1072	1074	1033	1006	991	1059	1025	1001	1032	976	652	882	915	826	919	952	839	790	862	970	1064	1005	879
24	25	24	23	24	24	25	24	24	25	23	25	25	24	24	23	25	24	24	25	25	25	25	24	25	25	23	24
24	23	22	25	23	24	25	23	25	23	24	25	24	24	25	24	23	24	24	25	25	24	26	25	23	25	24	24
23	23	23	24	23	24	23	24	24	23	24	25	24	25	25	23	24	23	24	26	26	24	25	25	25	26	24	26
24	24	23	23	24	22	24	23	22	25	23	25	26	24	24	24	23	24	26	25	25	26	26	26	25	24	24	23
24	24	24	24	23	23	22	23	23	24	25	26	25	25	25	25	24	23	25	24	26	25	24	26	23	25	24	25
0	0	0	1	1	1	0	2	8	18	22	25	25	25	25	25	24	24	26	27	26	25	25	27	24	26	25	25
391	434	476	490	474	438	376	289	180	81	21	8	18	24	22	24	24	25	24	24	24	25	23	25	23	24	24	24
966	968	972	972	970	970	967	952	911	818	647	400	150	29	29	31	26	26	26	25	25	25	25	26	25	26	25	24
926	928	926	927	935	939	938	938	939	948	967	983	891	588	196	32	42	33	26	27	27	26	26	27	26	25	25	26
941	940	978	1019	1046	1062	1066	1065	1026	987	986	963	946	974	913	546	124	31	46	27	25	27	27	26	27	26	27	25
924	955	1002	979	933	924	928	911	985	1001	1009	1063	1046	995	955	978	843	370	49	42	36	25	28	26	27	27	27	26
1005	880	566	256	127	111	117	59	197	877	979	989	1037	1070	1052	967	955	969	678	170	31	43	25	27	27	27	27	25
961	425	71	0	0	16	16	3	38	432	503	600	826	954	988	1050	1017	962	979	880	342	30	50	27	26	28	27	25
807	311	49	5	29	29	31	21	85	236	96	165	404	834	907	924	981	1031	998	980	955	443	30	64	30	25	27	25
883	479	162	24	34	31	29	28	24	62	6	49	230	692	958	825	767	940	1051	1067	1016	970	423	14	73	44	25	24
902	429	261	20	33	31	32	28	15	0	17	41	227	720	1028	728	725	833	978	1049	1083	1027	949	309	10	74	43	22
776	196	295	68	23	28	16	21	68	68	24	78	339	887	987	706	623	679	882	986	1066	1077	1028	882	151	27	70	29
864	130	109	180	16	14	0	13	420	272	31	132	545	994	823	690	637	667	679	935	1004	1079	1060	1027	683	41	62	51
1040	766	126	87	125	85	0	0	371	326	82	216	710	924	721	642	625	688	655	785	948	1035	1078	1049	994	365	19	53
1062	1073	961	656	374	169	24	17	453	534	581	594	896	885	834	786	685	719	756	717	871	991	1064	1077	1030	784	60	32
1095	1087	1085	1073	715	350	163	323	797	690	599	251	188	145	424	762	913	843	770	732	816	933	1027	1091	1050	979	315	1
1078	1086	1094	1101	1120	987	725	478	89	0	0	0	0	0	0	76	594	964	819	821	849	883	976	1146	1123	1010	645	9
1052	1043	1041	1081	1097	1121	908	185	0	14	24	24	23	21	17	0	0	765	994	867	851	895	957	1113	1203	1010	872	120
1058	1060	994	1020	1016	1090	1090	371	0	28	37	35	27	27	24	0	19	726	752	838	921	966	962	1054	1225	1026	970	320
1045	1057	999	1023	993	1015	1077	704	39	13	38	26	10	0	0	0	387	514	50	219	587	946	984	1015	1136	1047	994	536
1070	1079	1019	1027	1046	964	971	969	390	0	0	32	73	312	469	457	787	130	75	147	149	609	800	913	1043	1048	992	688
1100	1107	1089	1051	1074	999	1014	1034	976	596	580	863	823	800	1140	1101	907	644	770	786	677	672	795	839	994	1053	991	818
1108	1109	1118	1066	997	1005	1053	1008	990	989	1037	1084	1024	1013	1063	1034	962	833	859	751	821	748	786	839	968	1053	988	902
26	27	24	25	26	25	25	25	25	24	24	24	25	26	25	25	25	24	24	25	24	25	26	23	25	26	23	24
26	25	25	26	26	25	26	23	26	23	25	25	25	25	24	25	24	25	25	25	25	24	25	25	24	24	25	24
25	25	26	25	24	25	26	26	25	24	23	24	25	25	25	24	26	25	25	24	24	24	26	24	23	26	25	25
27	26	25	25	25	27	26	23	25	23	23	25	26	24	24	27	25	24	23	24	25	26	26	24	25	24	26	23
26	29	28	27	25	26	26	26	25	23	24	25	24	24	27	25	24	22	24	23	25	26	23	26	24	26	24	24
10	5	2	2	2	3	6	12	17	22	25	25	25	24	24	24	24	23	24	26	24	24	26	27	23	26	25	25
157	206	246	265	261	230	177	106	39	4	0	6	21	24	25	25	23	24	24	24	24	26	25	26	25	26	25	26
901	925	941	947	949	939	915	865	766	602	387	168	23	2	17	26	25	24	25	25	26	26	26	26	26	25	24	24
939	933	926	924	928	932	933	938	950	964	966	914	708	352	59	3	18	26	26	26	26	26	27	25	26	25	26	25
940	940	984	1019	1045	1052	1046	1045	1028	990	966	949	958	970	793	371	41	3	25	26	26	26	27	26	27	25	26	24
961	1008	945	935	923	950	1033	1059	1073	1046	1057	1070	1028	971	962	971	749	279	10	13	27	26	27	25	27	26	26	25
934	487	106	92	85	111	334	596	762	940	972	1002	1052	1081	1030	951	963	952	591	110	13	31	23	26	26	26	26	24
487	0	0	13	15	4	0	22	191	688	998	930	840	963	1026	1054	1008	961	980	819	259	22	49	28	25	27	26	25
184	0	27	32	31	31	28	0	0	495	900	885	946	930	808	864	1012	1050	1012	985	916	339	20	71	37	24	27	25
133	0	18	32	29	30	30	10	0	539	715	831	1048	834	673	732	934	992	1071	1066	1002	937	322	15	69	42	25	25
279	6	23	32	31	27	27	9	23	520	633	834	1026	800	711	811	919	921	975	1062	1077	1019	917	246	20	54	30	27
838	158	65	39	25	62	168	17	89	746	763	907	978	767	773	696	791	865	971	982	1066	1076	1029	833	127	21	35	24
1050	602	296	171	12	81	321	192	91	667	813	926	871	802	842	749	782	703	749	943	1000	1077	1068	1014	641	20	25	26
1041	1008	738	606	259	324	684	401	235	736	882	933	850	831	921	841	707	694	663	862	962	1035	1079	1039	970	324	0	26
1035	1045	1025	1007	826	669	653	433	385	803	960	1008	943	896	991	940	734	749	818	870	918	972	1068	1067	1018	763	51	17
1041	1046	1063	1095	936	522	541	503	500	567	811	876	640	323	517	755	936	879	870	834	915	954	1021	1077	1046	977	326	0
1082	1044	1067	1078	1057	353	141	443	483	320	352	380	278	195	250	317	536	848	881	871	977	958	979	1068	1066	1018	684	17
1082	1035	1022	1042	1087	726	219	296	345	191	114	106	116	139	190	242	319	806	988	1001	982	965	964	1052	1066	1022	913	166
1031	1015	1011	1011	1002	987	671	555	392	122	45	41	88	82	148	263	538	920	845	893	976	969	964	1034	1068	1040	990	419
1075	1087	1102	1105	1067	1067	1057	1072	805	207	59	70	184	318	194	416	864	812	419	367	414	595	523	810	1094	1055	996	642
1105	1114	1098	1072	1078	1055	1060	1090	1023	533	351	493	616	932	866	902	1037	768	479	227	0	292	515	819	1077	1056	981	803
1108	1110	1107	1054	1076	1073	1059	1049	1040	950	977	1089	979	840	1105	1072	1051	893	761	573	482	652	914	898	1029	1056	968	908
1109	1108	1108	1079	1061	1060	1091	1062	1039	1045	1028	1081	1008	993	1040	1039	987	784	846	764	787	809	850	895	1001	1061	972	944
26	25	25	25	24	25	25	24	25	26	25	25	26	27	24	24	23	24	25	25	25	24	25	24	25	24	24	23
26	26	25	24	25	26	24	24	26	25	25	26	26	27	24	23	24	25	23	25	25	24	24	25	24	25	25	24
27	24	25	25	27	24	24	27	25	25	25	26	26	24	23	25	26	23	23	24	24	25	25	25	24	25	25	24
25	27	25	25	24	26	26	25	25	26	25	25	25	24	24	25	23	23	25	24	25	25	25	26	25	26	24	25
26	28	26	26	25	25	25	25	25	25	24	25	25	25	25	24	25	24	24	25	25	25	24	26	24	24	25	24
30	21	16	14	14	17	20	24	27	26	27	27	25	24	25	24	25	22	24	25	24	26	25	25	25	25	26	25
31	47	58	63	58	43	22	3	0	0	11	22	28	26	24	26	25	25	24	25	25	26	25	26	26	25	26	23
709	762	794	806	803	782	723	630	482	300	132	20	0	7	25	27	24	25	24	25	24	24	26	26	26	24	25	25
962	955	946	945	946	950	949	962	967	956	889	726	447	144	0	1	21	24	25	25	25	25	27	26	26	25	25	24
931	936	968	993	1009	1015	1014	1010	994	975	956	958	976	899	613	213	9	15	28	22	25	25	26	24	26	25	24	25
957	996	1017	1023	1056	1048	1050	1051	1068	1082	1073	1040	993	958	973	936	619	179	21	46	29	24	23	26	27	24	26	25
977	778	466	346	442	542	744	967	958	958	1012	1035	1073	1077	989	944	975	910	473	56	46	43	24	26	24	26	26	24
820	172	10	0	0	42	194	615	838	936	948	787	713	885	1044	1038	985	956	983	724	153	26	50	27	26	26	24	24
473	0	0	0	0	0	25	270	709	1024	902	701	692	879	986	991	1027	1047	999	982	861	253	14	40	28	25	26	25
266	0	5	19	12	0	0	186	673	1058	856	744	859	1003	908	897	958	1010	1084	1047	989	904	274	8	27	26	26	25
435	84	0	20	31	5	0	175	719	976	547	632	769	766	827	874	985	969	985	1079	1068	1008	888	213	1	27	26	26
915	545	230	13	20	153	308	386	746	937	749	860	865	809	782	678	855	984	961	988	1077	1076	1013	806	109	10	28	25
1021	1013	842	134	12	688	1013	922	852	981	879	945	1008	850	725	673	824	896	892	950	995	1079	1054	1004	631	19	23	27
987	1072	1155	484	25	804	1060	730	403	822	1006	1006	988	878	751	799	895	875	779	920	991	1025	1085	1034	969	338	0	27
986	1044	1117	884	92	594	876	384	23	70	687	981	946	825	786	817	796	732	631	798	946	984	1063	1073	1016	795	74	15
1031	1067	1093	1150	606	192	434	399	533	291	398	992	869	399	235	190	288	476	539	531	657	952	1022	1081	1042	985	415	0
1058	1088	1081	1084	1053	642	669	857	928	803	660	1007	768	396	326	168	15	157	457	336	550	962	977	1069	1061	1009	790	61
1062	1088	1070	1065	1090	874	729	823	830	809	816	892	773	478	332	166	164	624	709	493	837	954	949	1047	1075	1025	961	301
1046	1062	1079	1079	1064	944	551	416	624	858	781	782	873	703	479	453	879	1098	927	892	971	946	946	1017	1085	1052	995	591
1066	1085	1068	1071	1070	1085	859	613	973	953	807	862	1008	997	883	981	1091	1079	1064	882	664	773	782	890	1096	1074	986	830
1104	1113	1096	1035	1068	1102	1071	1014	1100	1085	1016	1032	1056	1079	1043	1081	1067	1099	1074	630	465	705	551	674	1089	1074	977	942
1111	1111	1108	980	1006	1068	1068	1045	1037	1011	1010	1023	994	981	1060	1023	1057	1060	979	748	740	946	724	649	1059	1071	981	947
1102	1110	1097	1013	1052	1059	1055	1064	1032	1007	979	1038	962	972	1019	1031	1039	994	947	865	994	989	973	920	1056	1058	978	939
25	26	25	25	24	25	26	24	26	26	25	26	24	25	24	25	24	24	24	25	25	25	25	25	25	23	24	24
24	25	26	25	26	25	25	24	26	25	26	24	26	26	23	25	22	26	23	24	27	24	25	26	23	24	26	24
25	25	25	24	27	24	23	27	27	25	25	26	26	24	25	24	24	24	24	25	26	25	27	24	24	24	23	23
26	26	24	25	26	25	26	26	25	24	25	26	26	24	25	24	25	24	24	25	25	26	23	24	24	24	24	24
25	22	24	26	23	25	25	25	25	26	25	26	27	24	25	24	25	24	25	25	24	25	23	25	24	23	23	24
69	64	59	50	43	37	32	28	28	24	25	28	25	25	24	24	25	23	23	23	23	25	23	25	23	23	23	24
23	20	19	15	12	11	12	14	14	16	26	25	26	25	26	24	25	24	23	24	23	25	23	23	25	24	26	24
350	401	436	455	461	460	423	340	228	118	33	5	8	21	25	24	26	23	24	22	23	23	24	25	26	24	23	24
969	973	975	973	970	970	969	958	935	871	735	519	256	60	9	20	24	23	25	23	24	23	26	26	25	23	24	24
930	931	941	955	967	978	977	970	962	956	955	969	949	782	450	122	22	36	28	23	22	25	25	24	25	24	24	24
965	979	1026	1049	1048	1053	1057	1070	1083	1074	1044	1006	964	955	973	858	478	113	26	29	26	25	24	25	25	23	24	24
972	975	983	945	949	1014	1001	967	918	964	1030	1062	1069	1032	954	948	981	844	378	44	14	24	25	24	24	26	25	25
1077	920	728	646	673	807	946	883	581	643	881	960	907	979	1034	1025	968	954	970	667	129	2	22	26	26	25	25	24
1075	705	412	361	403	571	833	1001	876	847	987	909	827	910	978	995	1035	1034	986	978	829	224	0	22	27	27	27	25
1009	599	258	142	192	358	692	1006	974	897	777	829	820	973	996	970	969	1017	1082	1033	978	879	267	0	27	27	25	26
1081	904	517	128	55	124	444	968	1011	987	755	671	715	876	1066	996	970	979	1000	1073	1052	986	883	235	3	29	27	27
1086	1152	907	80	0	0	142	881	1045	1017	878	714	733	846	965	799	778	976	996	1002	1071	1065	1002	831	154	8	31	27
1011	1124	845	29	15	224	387	750	975	1028	951	773	852	909	903	704	724	909	867	933	1015	1081	1060	1000	706	56	21	28
970	1049	714	22	45	590	896	263	249	795	1019	908	833	909	924	841	810	530	435	526	801	1037	1084	1038	984	467	1	27
987	1065	916	217	33	748	1027	844	436	9	552	981	878	718	480	374	198	72	72	79	268	902	1068	1074	1009	892	171	6
1037	1075	1084	906	255	439	964	974	970	673	297	1016	677	15	0	0	0	7	133	45	0	676	1036	1073	1042	992	595	3
1075	1088	1088	1135	861	708	1043	984	891	944	621	1015	348	0	0	17	0	439	788	486	313	719	977	1049	1064	999	903	171
1095	1092	1081	1069	1093	1000	1010	967	914	861	609	1042	499	0	2	6	304	1004	884	629	777	938	933	1015	1074	1030	977	491
1089	1065	1055	1071	1064	1018	1055	1052	1037	851	775	1027	946	299	0	494	983	1046	907	824	971	1006	987	1005	1064	1056	977	787
1106	1084	1029	991	964	979	987	972	1029	985	969	992	991	954	723	1036	1075	981	966	951	987	1039	859	776	1076	1074	980	949
1108	1114	1101	965	951	1028	977	999	1075	1014	966	961	993	1040	1072	1086	1049	1007	1017	1013	1063	930	163	152	1036	1089	1005	942
1111	1106	1101	968	966	984	963	1023	1041	1003	1023	1003	998	1024	1018	1025	1033	996	968	933	713	496	409	411	991	1085	1015	930
1080	1096	1051	1006	1025	1074	1013	972	956	975	959	974	1032	1073	1061	1007	984	1000	897	736	796	794	851	912	1050	1072	1018	931
26	26	26	25	26	26	26	26	27	24	26	26	25	25	25	27	24	25	24	24	25	24	25	26	24	24	25	25
24	26	26	25	26	27	27	25	25	26	26	27	26	25	25	26	24	23	25	23	25	25	26	26	23	25	26	24
25	27	26	26	25	24	27	26	25	28	25	26	27	24	25	25	25	24	25	24	25	25	24	24	24	24	24	24
27	27	25	27	25	28	25	26	27	24	27	26	26	26	25	24	26	25	25	25	25	25	23	25	23	23	25	25
26	25	26	26	25	25	24	25	24	25	27	27	27	25	25	25	25	25	25	26	24	24	25	24	24	24	25	24
32	35	41	45	49	51	51	47	38	29	24	25	27	26	28	26	25	25	24	24	23	23	23	24	23	23	23	23
27	28	29	32	32	33	36	47	58	63	63	38	24	25	25	24	23	23	22	22	22	22	23	24	24	22	24	24
79	108	138	170	192	208	200	155	89	32	12	23	40	33	24	24	25	23	24	24	23	23	24	24	24	24	23	25
819	862	893	910	922	938	933	913	865	775	620	397	179	54	18	24	24	25	24	23	23	24	23	25	24	24	23	24
952	948	945	947	954	958	948	945	946	950	961	977	925	724	392	99	9	16	24	24	23	24	23	25	23	23	24	26
962	980	1022	1049	1056	1058	1060	1056	1048	1029	1004	972	944	960	976	834	440	80	1	16	24	25	22	23	24	25	24	25
966	962	972	986	987	1012	1026	1029	1040	1050	1067	1070	1060	1007	948	951	982	809	323	3	2	24	22	23	25	26	24	24
1005	985	1007	1005	1031	971	886	996	963	830	918	993	996	1018	1019	996	954	957	956	608	85	0	24	26	25	25	23	26
1062	1078	1042	1034	1096	989	928	958	844	734	908	1008	978	983	981	1000	1024	1026	971	971	793	199	0	25	27	26	27	26
1078	1120	1047	972	1018	976	931	845	747	751	864	1032	1013	974	939	952	979	1044	1089	1022	972	879	271	0	25	27	26	24
1058	1086	1069	928	900	900	1006	1057	853	741	814	986	897	790	705	647	666	782	948	1087	1047	983	905	275	0	28	27	27
1040	1038	1007	657	521	639	917	1089	1050	876	913	951	708	583	527	364	306	385	483	794	1082	1072	999	884	205	0	30	27
966	1008	856	258	99	124	455	928	1019	1000	962	862	723	607	455	274	293	203	87	237	776	1101	1063	995	793	87	12	27
955	1005	904	181	0	0	186	347	801	955	971	827	668	517	399	373	311	35	0	0	170	938	1098	1042	990	577	1	24
985	1005	944	149	0	42	427	665	894	701	870	883	604	503	420	383	90	12	2	4	0	530	1085	1070	1005	941	263	0
1023	1034	1028	512	0	0	323	872	1006	904	809	965	627	398	399	211	6	26	243	196	8	189	935	1074	1045	984	714	24
1084	1088	1106	1079	314	99	779	902	959	976	708	1011	649	288	281	50	236	724	1035	995	664	176	659	1064	1069	1000	943	269
1080	1076	1078	1085	845	675	1031	989	988	847	575	1025	852	213	42	119	819	1072	1011	986	966	644	580	1014	1068	1037	973	614
1096	1067	1017	1008	1005	1027	1047	1015	1076	774	698	1070	1001	746	155	275	943	958	974	984	966	816	875	976	1052	1055	964	896
1137	1113	1095	978	970	959	1041	1046	1100	1103	843	816	909	978	857	878	993	927	1002	967	845	912	964	910	1041	1067	990	947
1101	1106	1110	984	948	995	1057	1090	1073	922	261	187	408	748	1010	1024	1037	1004	967	902	948	1010	679	724	1014	1085	1020	931
1098	1111	1082	967	992	991	1018	1049	1033	947	762	760	754	961	1011	991	968	983	973	984	994	740	528	810	1011	1084	1032	933
1095	1110	1062	984	1010	1061	1033	958	972	971	1024	1134	1171	1150	1122	1069	1000	1010	983	911	856	729	796	937	1046	1077	1046	941
25	27	27	26	26	27	26	26	25	25	25	26	23	25	24	25	22	25	23	23	24	23	25	24	23	23	24	24
26	26	27	27	26	26	26	26	25	25	25	25	24	25	23	24	24	23	24	22	24	24	23	24	23	24	24	24
29	26	27	27	27	26	26	26	25	26	24	24	26	23	23	25	24	22	23	22	24	24	23	24	23	24	24	24
27	28	28	27	26	28	26	25	26	25	23	26	24	24	24	23	24	21	23	22	21	23	24	23	24	25	25	25
28	29	27	27	28	26	27	27	25	24	26	23	25	24	23	23	22	23	24	22	22	24	24	25	25	24	24	24
30	26	26	28	26	27	27	27	28	26	23	23	25	24	25	24	22	23	22	22	22	22	24	22	23	22	23	23
28	24	24	19	17	17	17	25	33	42	49	41	27	21	21	21	20	20	19	20	20	20	22	22	24	22	23	23
0	10	38	66	105	139	149	133	87	38	16	18	41	48	31	20	19	19	21	20	22	21	24	25	22	23	24	25
519	654	759	813	858	891	903	885	840	755	613	406	184	44	25	42	31	20	21	22	22	23	22	23	23	25	24	25
983	967	957	949	942	937	932	933	941	948	962	974	928	737	403	100	17	31	25	22	24	23	21	25	26	25	26	26
950	954	975	1008	1021	1023	1015	1004	995	976	956	935	928	953	974	848	451	80	16	29	24	24	23	24	25	26	25	25
970	972	985	1019	1024	1037	1053	1054	1062	1064	1051	1043	1017	969	932	954	985	808	323	21	19	25	24	23	25	26	25	26
1021	1010	984	935	991	1021	970	981	990	978	978	988	1016	1023	1007	988	949	959	962	606	102	12	26	25	26	26	27	27
1074	1073	1074	952	1028	1032	909	949	1010	1002	996	974	940	956	889	902	1018	1040	970	979	797	213	9	25	28	27	27	25
1066	1053	1074	1065	999	957	889	922	1036	992	1007	918	843	556	262	281	482	875	1112	1028	974	884	293	8	25	28	27	26
1023	1053	1073	1078	1106	1047	953	989	1036	892	921	911	562	149	13	0	5	76	506	1053	1064	985	914	307	5	29	29	26
992	966	986	1024	1083	1141	1089	1031	997	810	842	835	279	65	0	0	0	0	0	297	1034	1081	996	895	241	4	29	26
950	984	993	957	872	944	1047	1003	949	846	833	609	136	23	0	7	4	9	19	0	411	1099	1063	992	807	113	13	29
991	992	1023	883	548	561	777	956	970	993	901	288	39	0	1	1	4	25	30	23	0	711	1109	1039	990	589	19	24
1017	997	1023	788	357	321	478	774	1001	1063	956	173	0	0	10	19	29	28	15	20	5	189	986	1080	1005	935	275	12
1003	1034	1058	838	267	192	332	688	1007	1003	1049	537	0	39	73	56	29	25	100	77	3	67	701	1092	1050	981	712	73
1085	1091	1081	975	335	186	593	782	977	992	1016	984	543	212	224	59	106	441	739	754	258	96	555	1062	1075	1002	945	332
1090	1072	1054	1027	797	749	1013	1041	1030	1000	1018	1013	1034	857	485	17	327	824	961	1057	756	76	632	1005	1068	1041	972	712
1102	1105	1148	1034	969	1059	1023	1053	961	1018	938	994	1021	1063	879	258	523	988	992	1025	763	292	863	950	1045	1066	976	937
1110	1116	1114	994	970	995	1055	1084	894	740	337	278	343	531	943	928	897	954	960	1006	718	653	808	819	1000	1082	1009	933
1109	1108	1105	977	959	943	1036	1055	729	196	0	0	0	12	499	951	1053	966	970	968	922	682	490	729	940	1086	1031	932
1170	1165	1032	985	1042	999	1022	996	997	668	512	640	667	711	820	939	963	994	985	918	860	430	357	834	972	1085	1050	941
1133	1133	1051	997	1055	1077	1016	958	951	989	1075	1176	1187	1187	1159	1080	966	990	959	819	810	682	749	830	1015	1082	1059	952
25	27	28	25	27	27	27	26	26	24	26	25	24	25	25	25	23	24	23	23	23	23	23	23	23	24	23	24
25	27	28	28	26	26	26	25	25	27	26	25	25	26	24	22	23	23	24	22	23	24	21	23	25	24	24	25
28	28	27	26	27	26	26	27	28	27	25	24	25	24	24	23	23	22	23	23	23	22	23	25	24	24	23	24
28	29	27	28	27	28	29	26	28	25	24	26	25	24	25	24	23	22	23	23	21	23	26	22	25	22	24	25
28	28	29	31	28	27	28	28	26	26	26	25	24	26	25	22	22	22	23	22	21	24	23	24	25	24	24	25
30	30	31	30	29	30	30	28	29	27	25	25	25	24	23	22	23	23	21	22	21	22	25	23	24	23	21	23
28	31	31	22	16	13	8	11	15	18	22	25	25	23	23	22	22	20	20	21	21	22	22	21	22	22	23	23
6	0	13	64	119	156	163	145	97	38	0	1	2	18	24	21	19	21	21	20	22	22	21	23	23	24	24	24
229	469	679	815	876	902	907	899	856	776	635	430	197	32	5	21	28	21	20	20	22	22	21	24	23	24	24	23
927	977	964	947	938	933	931	935	937	944	959	974	928	745	411	100	11	28	24	20	22	22	21	24	23	24	24	24
962	939	939	949	955	957	960	954	944	933	926	920	925	950	971	844	457	87	19	31	19	22	22	23	23	24	23	23
968	968	989	1031	1037	1054	1066	1066	1059	1032	1003	1007	981	953	929	943	979	821	336	28	27	22	23	22	24	26	25	25
961	965	959	969	975	978	985	989	1002	998	971	980	978	1005	1024	1000	948	953	962	611	107	18	23	24	26	24	25	24
1032	1019	1017	1010	985	986	994	973	917	745	712	547	305	400	606	708	954	1042	967	975	797	211	12	24	24	25	26	26
1076	1057	1052	1041	1015	1003	902	732	570	349	480	250	76	250	145	0	125	650	1085	1022	973	883	291	8	23	28	26	26
1011	1027	1033	1036	1006	872	703	464	324	215	434	240	184	370	95	16	0	0	405	1055	1058	983	915	297	3	26	27	26
959	973	985	1028	866	693	521	317	217	196	427	339	343	350	30	28	29	23	0	355	1073	1079	994	885	214	4	28	28
978	979	974	954	761	564	385	243	161	184	438	547	472	296	15	27	28	28	26	0	446	1086	1064	998	759	94	23	27
1023	999	992	961	732	602	412	263	179	242	511	635	395	181	18	30	31	28	28	24	0	549	1115	1039	986	519	43	27
999	1033	1005	941	746	701	625	533	487	585	797	535	204	88	29	33	32	28	26	30	18	32	834	1096	1018	907	247	42
1021	1057	1002	967	842	806	892	956	972	983	1035	778	213	0	20	35	37	35	17	15	29	18	436	1094	1057	986	678	89
1065	1004	960	981	1000	950	1000	1015	986	986	987	1008	829	308	0	6	24	17	41	51	56	157	657	1029	1066	1005	941	347
1079	1068	1011	1044	1037	1065	972	973	796	849	1057	996	1011	1052	683	165	0	21	316	478	341	553	891	955	1057	1044	975	741
1126	1205	1379	1015	954	1031	1004	904	139	386	539	339	451	698	898	815	527	683	881	944	797	879	896	888	1036	1069	987	947
1110	1089	1298	1041	949	960	1009	859	211	14	2	7	21	45	232	492	669	1006	1003	1021	984	648	625	819	978	1084	1026	932
1118	1111	1095	957	961	952	970	909	605	74	6	14	9	11	0	177	477	959	1005	978	704	127	189	571	939	1082	1052	941
1143	1060	963	975	1070	1033	1021	984	941	745	418	382	438	286	253	427	781	988	929	708	437	278	269	587	869	1076	1058	955
1123	1043	1005	992	1041	1084	978	961	966	1011	1024	1083	1135	1091	1046	999	961	967	815	735	736	731	752	807	907	1079	1066	971
26	25	25	27	26	26	26	26	25	25	26	24	26	27	25	24	24	25	25	24	24	25	25	25	25	25	25	26
26	24	27	28	25	27	26	24	25	26	26	26	27	26	23	25	24	24	25	24	24	25	24	26	26	24	26	25
26	25	27	27	26	26	25	26	26	27	26	26	27	24	24	25	25	24	24	24	24	26	26	25	25	25	25	24
24	27	26	26	27	27	26	26	28	25	27	27	24	24	24	25	24	24	24	25	24	25	25	24	25	24	24	25
25	26	27	28	27	26	26	28	26	26	24	26	24	25	24	23	24	24	25	26	25	24	25	25	25	24	25	26
26	28	29	27	28	27	27	27	26	25	25	25	24	24	25	24	25	24	25	25	25	25	26	24	25	23	23	25
25	27	23	14	5	2	2	5	11	19	23	26	25	24	26	24	24	24	25	24	25	25	24	23	24	23	24	26
50	12	24	96	165	208	215	173	114	47	2	0	3	21	26	27	25	26	25	25	25	25	23	25	25	25	25	26
52	412	723	869	916	934	938	917	874	788	637	416	178	23	0	17	26	26	25	25	24	24	23	25	25	26	24	26
739	986	959	937	929	928	933	933	936	949	966	971	917	709	365	76	0	15	26	25	25	25	25	26	26	26	25	26
993	921	924	934	935	931	930	924	920	921	923	925	934	959	968	814	418	66	0	21	26	25	26	24	26	25	23	26
974	961	985	1026	1031	1047	1047	1042	1037	1014	1004	995	976	944	930	950	976	789	305	3	8	27	27	23	26	27	26	26
970	954	957	979	991	1010	1034	1033	998	868	828	858	924	1011	1035	996	945	957	952	579	72	0	27	25	26	24	25	24
955	949	951	945	968	927	723	478	279	71	32	45	64	178	382	703	965	1023	952	976	762	158	0	24	23	24	26	26
975	966	965	970	791	374	118	5	0	0	0	10	6	0	0	0	167	714	1084	997	973	838	211	5	22	26	26	25
979	978	1003	859	301	47	3	0	0	7	7	20	11	9	25	26	0	3	481	1076	1038	982	847	211	24	23	27	26
996	968	1006	649	81	0	0	0	9	7	14	20	8	24	26	27	26	20	0	383	1063	1065	997	778	145	36	25	26
1012	973	1016	485	10	0	0	6	13	6	36	62	44	63	22	24	25	27	23	0	490	1109	1056	999	630	74	46	24
995	1027	966	351	0	0	0	6	10	0	46	218	137	120	15	22	23	24	27	18	12	718	1114	1047	976	425	55	43
975	1000	937	281	12	13	0	0	0	0	101	503	281	263	8	23	26	25	26	30	0	84	921	1099	1024	863	202	68
1021	1007	888	360	89	68	126	226	365	554	763	946	776	497	11	17	28	29	25	18	0	60	723	1080	1060	1002	627	60
983	946	945	788	579	475	698	930	988	1023	998	1033	1094	937	419	50	0	0	0	0	126	414	727	1021	1078	1027	949	266
1008	1075	1028	1000	1046	1034	1001	1018	920	963	1055	629	554	714	904	691	346	143	183	370	565	533	579	863	1073	1061	993	728
1281	1229	1187	959	990	1033	995	926	375	260	278	0	0	91	159	266	505	843	792	754	775	721	723	788	1030	1072	998	954
1115	1086	1262	1021	959	990	1017	851	23	0	8	39	35	17	0	0	103	826	763	828	821	808	785	791	984	1075	1033	937
1131	1143	1160	952	957	976	988	921	137	1	24	25	14	17	30	0	207	816	781	838	804	749	800	842	963	1072	1052	953
1148	1207	1074	977	1053	990	984	1011	688	186	156	74	35	0	4	85	634	883	859	813	768	683	726	771	961	1074	1068	977
1160	1142	1073	1011	1015	994	990	994	1014	871	847	833	797	733	739	844	956	925	836	818	781	798	714	805	949	1067	1080	993
24	25	24	25	25	26	25	24	25	24	25	25	25	24	24	25	24	25	25	24	25	24	24	26	24	25	25	25
25	24	26	25	25	26	25	23	24	24	26	25	25	24	25	25	24	25	25	25	23	25	25	25	26	24	26	24
25	23	24	26	27	25	23	24	24	26	26	26	24	26	25	25	24	25	25	23	24	26	24	25	25	24	25	23
24	27	25	25	27	26	24	23	26	26	25	26	25	25	24	24	24	25	24	25	23	24	25	24	25	23	25	26
25	24	24	26	28	25	25	26	25	26	24	26	26	25	24	24	23	23	24	24	24	24	24	25	25	25	26	25
24	24	26	27	28	26	25	26	25	26	25	25	25	23	24	24	23	23	24	25	24	23	25	25	25	23	23	24
41	38	29	17	8	4	4	8	16	23	25	26	24	25	24	23	23	24	23	23	24	24	25	24	24	25	25	27
44	25	47	107	166	192	180	137	76	18	0	0	13	25	26	27	24	24	26	25	25	25	26	26	27	26	25	26
127	471	732	860	915	929	925	902	848	734	554	318	102	2	1	23	28	25	27	24	26	26	24	26	24	25	24	24
882	984	954	937	929	926	931	933	946	959	972	968	867	604	248	21	0	25	26	27	25	25	24	26	26	26	26	25
942	921	921	925	927	925	924	919	918	920	921	925	946	977	949	702	273	14	4	27	27	25	26	26	25	26	24	25
934	944	975	1006	1021	1024	1024	1041	1049	1038	1013	995	967	937	931	967	954	646	161	0	19	27	26	25	26	27	26	26
982	975	994	1013	1028	1050	996	900	817	767	785	865	977	1031	1030	970	934	973	881	396	31	15	24	26	25	26	25	25
964	957	942	959	935	563	197	42	0	0	2	33	102	222	456	781	1001	994	950	964	582	88	19	24	25	26	26	27
960	964	970	960	372	0	0	14	25	27	25	21	12	2	0	20	320	883	1079	973	978	664	124	40	26	28	27	26
995	963	1049	698	0	9	29	28	27	28	27	27	28	28	29	21	0	55	627	1083	1010	986	663	117	56	29	27	25
1006	952	1036	475	0	19	30	29	27	27	26	26	27	27	28	27	28	9	5	452	1071	1048	992	589	83	61	26	26
987	1000	985	233	0	18	28	29	29	28	23	21	26	23	25	27	27	28	22	0	549	1108	1046	975	446	65	56	26
994	1041	841	27	24	16	21	30	30	30	26	8	15	15	28	25	25	25	29	0	79	929	1093	1035	914	251	42	34
993	1082	587	0	34	23	9	22	22	5	0	13	0	0	9	22	25	26	21	0	57	598	1068	1069	1022	775	68	21
1016	989	354	0	16	18	0	0	0	151	372	601	523	404	92	0	0	1	16	60	192	589	951	1074	1058	1008	527	0
983	973	747	201	15	5	165	552	753	942	1023	1015	811	882	827	506	236	197	291	471	699	281	499	1037	1079	1033	937	200
957	1037	1103	1020	838	739	929	1034	1037	1049	965	345	22	42	255	529	756	824	806	831	881	482	479	840	1074	1063	1004	682
1201	1156	1048	997	1066	1057	1012	997	981	821	247	0	23	14	0	0	254	985	891	859	802	769	747	807	1038	1075	1010	952
1109	1113	1082	965	1027	1029	1012	1007	707	171	0	6	12	25	26	0	304	934	830	850	750	804	745	815	1015	1078	1040	948
1135	1135	1123	965	959	1002	989	1015	709	39	2	42	176	206	48	0	564	942	829	828	867	858	778	804	984	1065	1064	960
1127	1184	1124	1029	982	986	1026	979	944	346	81	111	318	537	402	128	835	867	812	831	850	849	841	841	967	1030	1077	985
1113	1114	1111	1110	1048	949	1010	1039	1002	905	804	695	504	676	878	852	933	905	851	879	901	900	860	830	927	988	1066	997
25	26	24	26	24	25	26	26	24	25	26	24	25	25	25	26	24	26	25	25	24	24	24	25	24	25	25	25
25	24	24	24	25	25	26	25	24	24	26	24	27	25	27	25	26	24	25	24	23	25	25	25	25	24	26	24
24	23	25	26	26	26	25	23	25	25	25	28	25	26	26	26	24	24	25	23	24	26	25	26	25	25	24	25
23	26	27	25	26	26	24	25	25	26	26	25	27	25	25	25	24	25	24	25	24	25	26	24	25	24	25	25
26	26	25	25	26	26	26	26	26	25	26	27	25	25	25	25	24	25	25	24	25	25	25	25	25	25	26	25
24	25	26	25	26	24	27	27	24	27	27	26	24	25	25	25	24	26	24	25	24	23	26	25	26	24	25	24
29	33	33	29	24	20	18	18	23	26	26	25	25	24	24	25	24	23	23	24	23	24	26	25	25	24	25	24
33	24	25	46	77	90	80	53	17	0	0	7	20	25	25	24	23	23	26	24	25	26	25	25	26	23	26	26
199	376	559	703	786	818	805	776	691	541	348	145	14	0	16	26	26	24	25	24	25	26	24	25	25	26	25	24
935	974	970	960	949	946	950	961	962	975	974	904	698	361	71	0	13	25	26	25	26	26	25	27	26	26	25	25
932	924	923	922	922	922	924	924	920	922	925	938	969	981	814	415	71	0	17	23	25	26	26	26	25	27	25	26
929	944	961	969	987	1005	1023	1034	1034	1024	1007	987	952	931	952	979	785	333	43	18	25	26	27	26	27	27	26	26
982	1020	1040	1042	1072	1025	933	874	853	887	911	969	1044	1061	1014	952	957	954	626	168	40	38	24	25	26	26	26	26
959	953	959	990	654	135	53	24	20	47	48	88	192	363	603	904	1029	981	980	830	304	68	62	27	24	27	28	27
960	958	960	961	244	0	20	23	23	22	20	13	2	0	0	83	481	979	1050	982	903	360	81	68	28	28	27	24
967	938	963	926	222	40	23	28	26	27	26	28	27	28	28	11	0	137	822	1089	993	910	332	66	60	26	26	24
1004	964	978	792	93	93	6	25	28	27	27	28	26	28	27	28	28	0	64	843	1094	1025	887	245	32	37	26	25
1001	1007	1032	511	6	123	7	8	22	29	29	28	27	26	25	29	28	32	0	259	947	1088	1041	836	145	8	30	25
990	970	935	330	12	161	85	11	7	15	27	29	27	26	28	28	28	28	1	95	650	1059	1075	1037	748	56	6	27
964	946	610	228	19	120	251	103	37	0	0	0	0	0	0	0	8	0	3	277	669	976	1074	1062	1026	595	3	20
957	848	444	301	52	44	350	277	247	341	426	484	537	458	345	183	64	198	559	814	810	826	1009	1080	1051	993	365	0
971	867	611	399	245	29	478	745	884	1009	1053	981	459	366	415	571	817	889	947	940	949	766	685	1045	1079	1038	862	103
940	929	933	876	817	767	1006	1065	1026	1006	1006	418	0	0	0	50	779	980	927	902	934	893	618	895	1081	1063	1020	523
1037	1023	1044	1084	1041	1006	1001	1012	1045	1074	732	57	30	12	29	9	551	919	908	937	804	819	855	908	1052	1078	1025	899
1114	1124	1084	1001	1034	987	1034	1031	1046	872	509	309	460	181	2	27	585	980	935	874	808	783	837	964	999	1077	1042	973
1116	1109	1107	999	1049	1020	1002	1012	990	765	653	696	925	855	129	20	628	1017	942	872	809	873	887	970	969	1054	1062	967
1222	1154	1158	977	990	989	998	966	969	923	871	928	970	1055	579	152	795	1001	951	907	847	862	927	991	964	998	1061	983
1112	1064	1030	1042	1023	951	1085	1024	973	979	1027	994	928	957	935	841	928	979	974	924	966	980	969	985	954	961	1031	994
26	25	24	27	24	25	25	25	24	25	26	24	25	26	24	25	24	24	24	25	25	24	25	25	24	24	24	23
25	25	25	26	24	25	25	24	26	24	26	24	27	25	25	25	24	24	24	24	25	24	25	26	23	23	24	24
24	25	26	25	24	25	25	26	25	26	24	26	26	25	24	24	25	24	24	23	24	25	24	25	23	24	25	24
23	25	25	25	25	24	28	26	24	26	25	25	26	24	24	24	25	25	24	24	25	24	24	25	24	24	25	25
25	27	24	26	25	28	26	26	25	25	25	26	25	24	24	25	24	24	25	25	24	25	25	26	24	24	25	25
27	25	26	28	26	25	26	26	25	25	26	25	23	25	25	24	24	25	24	24	25	25	25	24	25	23	24	24
27	25	27	27	27	27	25	25	25	27	28	24	26	26	25	25	24	23	24	23	24	24	24	24	24	22	24	23
16	9	8	3	3	4	4	2	0	4	11	22	24	22	22	21	21	23	23	23	24	24	25	25	25	22	25	24
91	157	246	355	447	497	501	454	349	217	89	12	0	10	20	22	24	24	25	24	25	25	24	24	25	22	23	25
832	893	940	966	973	976	983	986	970	939	843	645	347	94	11	20	27	26	23	23	26	24	24	25	24	23	25	25
948	938	931	926	925	924	922	928	924	928	949	979	972	793	423	112	33	48	47	28	22	26	24	24	25	26	25	25
935	937	945	948	952	960	982	994	999	996	977	955	944	962	975	797	391	107	72	80	48	22	25	26	26	26	24	25
973	1014	1036	1046	1077	1069	1028	972	950	952	978	1017	1058	1050	989	972	969	692	245	80	94	59	28	24	25	26	25	25
1020	988	963	989	806	297	131	79	58	56	81	147	253	475	753	986	1012	990	879	387	67	78	51	25	24	25	23	24
1081	1062	970	958	742	55	0	0	10	15	13	5	0	0	0	245	767	1068	1013	955	489	38	39	33	24	25	24	23
1071	1048	991	990	993	347	5	0	19	27	29	29	28	28	19	0	2	445	1016	1035	979	530	17	15	25	27	24	23
1012	993	974	973	884	648	129	19	0	19	23	25	25	22	23	20	0	0	324	1012	1042	998	530	5	12	26	25	24
957	965	1052	783	149	681	333	187	53	0	1	6	5	0	2	8	0	0	32	619	1101	1069	1014	515	3	18	25	25
993	915	758	315	0	451	587	346	269	121	5	0	0	0	0	0	0	0	94	614	1055	1079	1075	1015	463	0	24	24
961	321	100	157	16	170	670	474	336	426	381	201	206	250	161	70	34	129	477	836	514	891	1098	1068	994	354	0	26
794	82	49	133	46	42	509	568	364	503	875	896	868	559	321	305	515	760	994	930	651	745	1058	1080	1064	922	181	1
842	151	0	72	111	18	303	571	481	661	935	1013	524	17	0	32	695	993	862	855	878	912	991	1070	1076	1052	708	14
1018	733	275	143	201	274	544	709	844	995	1022	651	83	0	10	0	716	899	813	798	856	874	976	1037	1078	1059	1004	315
1040	1060	1019	865	781	852	1005	1015	1020	1052	775	284	102	0	16	18	820	830	853	872	887	910	973	994	1063	1069	1044	721
1083	1032	1049	1054	1023	997	1037	1039	1014	989	876	947	761	83	0	68	901	897	865	877	848	851	902	969	1011	1073	1044	957
1119	1152	1125	1057	1024	1065	1021	983	996	1011	987	938	966	663	32	99	983	929	849	821	806	813	904	973	956	1047	1052	985
1191	1512	1261	1035	991	997	956	968	947	976	1005	952	968	983	493	379	987	989	872	825	848	829	931	978	928	997	1041	988
1064	1100	1103	989	947	935	1231	1028	1002	940	1007	982	925	956	904	929	960	983	976	937	945	930	938	961	928	976	1030	991
26	25	24	25	25	25	26	24	24	23	25	25	24	25	24	25	25	25	24	26	24	24	25	25	24	24	25	24
26	24	25	26	24	24	23	25	25	23	25	24	24	26	24	25	25	25	24	25	24	24	25	25	23	25	25	24
25	25	26	24	23	24	23	25	25	25	24	24	26	25	25	24	26	25	24	25	25	24	26	25	23	24	25	24
25	24	25	25	23	25	25	24	24	26	24	27	25	25	24	26	25	25	24	24	26	25	25	26	24	23	25	26
24	24	24	25	25	24	24	24	25	26	27	26	24	24	25	25	24	24	25	26	24	26	25	26	24	24	25	26
24	25	25	25	25	25	25	25	24	25	27	24	25	25	25	24	26	25	26	26	26	24	24	26	25	23	26	26
25	25	25	26	25	23	25	25	24	25	24	23	27	27	24	24	26	26	26	26	25	24	24	25	24	23	25	24
26	29	32	29	27	25	24	25	29	32	31	31	28	25	19	22	26	26	23	23	24	22	24	24	23	22	24	23
29	31	37	56	87	108	116	93	54	20	12	32	47	55	56	38	23	22	23	24	24	23	25	26	24	23	26	24
470	561	647	726	791	826	831	809	737	605	400	171	35	26	69	93	85	46	21	23	27	26	26	25	26	24	25	24
980	978	966	960	953	948	939	961	962	979	976	882	622	296	96	69	97	96	61	33	27	28	26	28	26	24	25	26
936	936	932	932	933	939	946	952	955	949	938	945	969	930	700	300	61	59	86	61	31	28	28	27	24	25	24	23
986	1020	1033	1044	1049	1062	1070	1076	1064	1049	1054	1057	1038	1000	988	948	628	166	7	42	38	29	28	26	27	24	24	25
1044	1059	1044	1028	1010	898	643	514	345	297	331	393	529	786	974	1005	999	858	369	11	12	28	25	25	25	23	24	25
1102	1100	1093	1042	979	808	477	164	25	0	0	0	0	50	289	705	1034	1039	957	531	44	5	28	24	23	24	23	23
1107	1109	1070	992	973	974	748	346	63	0	0	0	0	0	14	129	536	998	1065	995	652	86	1	26	24	24	23	23
1032	1011	970	998	1010	950	931	733	314	52	36	27	31	55	49	93	261	612	1003	1068	1021	758	131	0	27	24	22	23
963	953	1010	852	300	144	369	748	788	422	253	202	225	256	226	192	301	537	866	1081	1066	1050	828	169	0	24	23	23
1023	985	707	101	0	0	32	125	491	757	702	566	601	613	546	387	452	661	957	1115	1078	1077	1070	867	192	0	26	22
1020	533	45	0	37	25	12	10	19	227	806	1010	1000	1014	926	788	848	981	1112	1087	973	1049	1088	1076	875	157	0	29
813	92	12	35	38	37	5	5	6	0	484	1122	1093	1040	816	628	985	1130	1097	1045	926	1010	1077	1084	1071	782	57	9
981	279	0	15	36	44	16	0	0	2	390	1091	1083	837	472	186	550	1047	979	954	952	956	1032	1080	1079	1054	537	0
1133	1003	472	86	0	0	0	15	123	314	692	977	800	445	108	13	675	974	905	885	913	933	981	1046	1081	1065	950	162
1104	1147	1146	941	565	336	429	634	766	895	934	658	671	168	26	346	970	896	827	868	894	874	967	986	1070	1075	1058	511
1089	1057	1084	1114	1092	998	963	1001	1019	988	897	917	874	382	305	694	947	879	842	886	927	875	955	945	1014	1040	1060	805
1088	994	1078	1048	995	967	983	997	985	972	908	913	899	852	616	776	963	917	928	947	993	887	931	938	975	1013	1029	969
1062	1239	1534	1253	1054	954	986	996	1000	959	1004	906	906	956	1023	919	955	959	984	1009	1010	979	987	928	1031	1089	1028	1002
1090	1122	1414	1260	1095	1005	1050	1041	1008	979	985	1007	995	1016	1029	985	992	973	970	990	1023	1020	948	1025	1232	1169	1035	1001
26	26	26	24	26	26	26	25	24	26	25	26	25	25	25	25	25	25	24	26	25	23	26	25	25	25	25	24
25	24	26	26	24	25	25	26	25	26	26	26	24	25	26	25	26	25	24	26	25	24	26	26	23	24	25	23
26	24	26	25	25	24	24	27	25	25	26	26	25	26	26	25	27	26	25	25	25	24	26	25	23	24	24	24
26	26	24	23	24	25	24	24	26	26	24	26	26	26	26	27	26	26	24	25	25	26	26	24	23	24	25	24
25	26	25	24	24	24	24	25	26	28	25	26	28	27	26	27	25	26	25	26	26	26	24	25	24	24	24	25
24	26	25	24	25	23	24	26	26	26	26	27	27	27	25	27	25	26	26	26	25	25	24	26	23	23	25	24
24	26	24	24	24	24	22	20	22	22	23	26	28	27	26	26	26	26	26	25	25	26	24	25	24	23	25	25
22	24	26	29	33	40	44	49	49	50	47	42	37	28	24	27	26	27	25	25	25	25	25	24	23	23	23	23
66	69	67	61	57	49	46	45	54	72	98	105	97	78	48	30	24	23	22	23	24	23	23	22	22	22	22	24
153	190	216	259	299	325	330	288	213	106	31	38	69	85	76	56	32	25	24	24	26	24	25	24	25	23	24	24
850	889	910	931	945	954	956	958	932	850	669	377	126	28	28	43	36	26	24	25	26	24	27	24	25	25	24	24
952	946	943	936	932	934	936	937	935	939	957	947	813	520	155	0	9	25	25	21	25	26	26	25	25	24	23	24
990	1023	1036	1036	1033	1036	1040	1044	1050	1041	1015	986	973	977	884	500	83	0	22	26	25	27	26	26	24	25	22	24
1020	1078	1083	1069	1044	1053	1060	1031	981	975	984	1001	1018	1010	983	972	774	278	0	10	28	28	26	24	25	25	23	26
1104	1097	1094	1102	1035	1046	1073	986	815	710	743	749	775	872	963	1010	1009	930	509	43	0	27	25	25	24	23	23	24
1087	1092	1091	1062	1003	1007	1054	1009	859	704	681	689	692	779	852	930	1085	1064	1009	725	165	0	22	26	24	23	22	25
992	1024	964	1002	992	869	879	974	976	857	805	808	849	901	886	948	1091	1136	1094	1053	893	324	0	16	26	22	23	23
995	956	991	850	318	56	55	180	371	632	984	1049	1062	1086	1063	1046	1104	1140	1120	1085	1067	982	469	4	7	24	21	24
1014	1005	829	119	0	23	20	5	33	144	603	1128	1130	1126	1125	1106	1120	1130	1117	1088	1076	1065	1020	618	38	3	24	23
962	1001	308	0	38	36	36	39	34	2	213	998	1116	1100	1102	1109	1111	1100	1091	1094	1078	1084	1061	1038	693	47	5	24
1005	840	163	18	36	37	37	39	40	13	213	1036	1097	1093	1104	1119	1125	1118	1104	1110	1073	1046	1086	1073	1064	638	8	16
1123	942	393	124	33	30	41	39	40	9	185	1021	1100	1115	1109	1023	1070	1002	1029	1056	1018	1000	1067	1087	1084	1043	401	0
1112	1120	966	622	323	55	12	24	5	0	250	984	1112	1109	899	786	924	900	977	880	848	993	1013	1068	1075	1064	878	77
1077	1108	1121	1127	1013	635	165	120	190	362	787	931	1065	987	796	909	958	962	953	932	963	1011	961	1040	1054	1046	1046	397
1033	1113	1114	1114	1123	1046	935	914	953	997	965	957	1027	1033	1073	1012	920	951	936	926	965	1017	945	955	1116	1157	1087	711
1018	1040	1063	1078	1072	974	956	1005	961	967	1020	1033	998	1025	1098	985	899	934	944	955	1002	999	921	947	1173	1298	1228	899
1081	1055	1073	1184	1120	993	991	1017	997	992	1011	1022	1024	990	1062	998	905	951	944	983	968	1021	929	1041	1198	1342	1329	973
1097	1091	1113	1249	1265	1246	1043	1062	1040	1004	1005	981	1016	1053	1010	982	916	926	937	920	954	988	961	1184	1114	1340	1296	979
