23	23	23	22	21	23	23	23	22	22	22	22	21	19	24	22	23	22	22	23	23	25	23	24	25	23	26	23
24	21	22	36	37	26	20	24	22	21	22	21	22	20	24	23	24	21	22	23	24	23	23	25	23	23	23	22
20	21	58	59	57	65	54	28	19	20	18	18	19	20	21	21	20	21	19	21	25	22	24	23	23	22	23	23
58	15	63	34	17	33	66	74	58	47	34	26	21	18	15	14	13	13	17	21	20	24	24	22	24	23	23	24
69	95	65	64	37	55	36	40	41	82	174	259	301	307	283	228	160	81	17	1	5	15	23	24	21	24	22	22
58	135	161	61	44	17	7	62	301	609	798	892	946	965	955	934	896	811	646	383	139	31	1	17	23	26	25	25
22	29	56	65	71	129	344	639	862	949	961	949	935	924	920	924	928	943	979	982	909	727	399	86	0	18	27	23
746	780	798	794	801	847	916	944	939	920	909	906	901	909	910	906	899	907	912	907	925	957	981	829	387	42	8	24
938	929	926	927	926	922	909	900	901	908	906	910	911	907	907	906	911	913	912	912	907	908	910	944	980	699	144	1
907	909	911	910	910	911	910	910	917	922	913	915	917	916	918	919	920	918	917	922	918	916	918	911	914	969	829	224
908	905	907	913	917	912	909	913	918	921	917	912	918	916	918	919	914	917	924	926	930	929	924	917	916	914	952	874
908	903	896	892	902	923	960	951	950	918	904	908	909	909	912	914	920	920	917	914	924	938	921	924	926	915	906	936
906	908	935	1019	1004	1021	1144	1145	1058	1192	1204	1113	1056	1008	947	913	915	917	921	921	917	926	923	920	932	917	915	914
916	928	1014	1275	1099	1117	1122	1070	1006	1166	1357	1335	1327	1399	1373	1117	982	942	916	912	920	919	924	924	917	911	926	919
1153	1185	1172	1139	1046	1032	1079	1066	941	771	623	518	488	587	841	904	1000	1055	1003	953	926	922	922	922	920	926	928	942
1135	1139	1142	1058	1014	901	900	962	931	725	533	329	225	128	95	134	202	565	1032	1067	1000	929	917	923	921	939	923	945
1011	1070	1073	1084	1086	1029	995	999	1007	958	891	694	417	224	181	166	76	43	327	940	1203	1160	986	924	917	923	921	937
1076	1080	1079	1083	1085	1075	1058	1063	1065	1069	1073	1026	799	455	259	177	111	108	74	161	856	1283	1218	1004	933	915	921	925
1071	1077	1077	1078	1078	1074	1071	1074	1072	1074	1075	1072	1051	806	372	93	98	105	128	102	113	661	1163	1116	990	932	930	928
1070	1075	1076	1077	1078	1074	1074	1074	1073	1069	1073	1066	1080	1055	530	73	76	126	154	114	117	133	531	1058	1014	970	945	933
1067	1074	1075	1075	1076	1076	1075	1070	1067	1070	1071	1067	1070	1098	775	193	67	126	133	114	116	190	181	750	1062	1015	981	946
1065	1067	1075	1073	1075	1075	1074	1071	1072	1074	1070	1071	1070	1090	966	372	85	64	134	183	174	172	181	339	1063	1096	1031	986
1067	1063	1071	1071	1073	1076	1072	1071	1071	1071	1069	1071	1073	1080	1047	529	135	103	233	355	273	166	142	98	774	1253	1101	1041
1062	1070	1071	1070	1074	1072	1072	1074	1069	1069	1069	1070	1071	1072	1061	614	185	233	378	442	290	189	121	68	420	1271	1161	1046
1072	1072	1072	1072	1074	1073	1068	1067	1071	1071	1071	1073	1068	1070	1065	622	177	294	396	416	330	201	105	110	172	1070	1187	1042
1073	1078	1073	1073	1074	1071	1068	1068	1071	1072	1072	1071	1067	1070	1058	569	224	314	446	446	290	158	84	110	95	833	1136	1035
1070	1073	1070	1070	1071	1071	1070	1073	1073	1075	1072	1072	1073	1077	1030	561	289	301	397	278	203	150	109	120	121	724	1033	1025
1069	1073	1072	1071	1069	1071	1070	1070	1071	1071	1068	1072	1072	1084	955	460	285	281	208	167	185	133	102	110	115	670	1012	1031
27	26	24	24	24	27	29	27	27	28	28	26	28	26	27	26	26	25	26	25	25	24	26	25	25	23	24	21
26	25	33	51	45	30	26	27	28	28	29	28	27	26	27	27	28	26	27	25	26	24	25	24	24	23	23	22
24	32	74	51	58	71	54	26	26	26	25	25	25	25	23	26	27	28	27	26	26	25	22	24	24	23	23	23
42	20	71	24	22	29	62	77	59	54	55	55	56	53	51	49	43	30	22	25	23	24	23	23	24	23	23	21
90	116	86	44	31	48	51	63	78	73	55	47	52	56	47	41	43	47	37	23	18	22	22	23	21	22	21	21
70	160	106	24	40	52	45	37	17	19	84	178	284	366	381	369	330	261	197	119	53	15	9	18	19	20	20	18
2	5	14	24	26	21	11	37	157	341	508	645	750	817	860	889	898	890	859	788	658	437	221	31	5	16	20	19
688	721	745	756	738	696	662	689	775	860	919	945	959	970	969	965	962	965	969	970	979	985	921	631	213	13	14	22
945	940	934	936	937	943	950	951	950	937	932	933	932	935	942	941	943	939	926	928	925	936	954	995	930	507	61	11
917	918	916	916	917	915	918	920	923	921	922	919	921	920	916	913	917	918	922	920	919	916	923	925	959	999	656	105
921	919	915	919	922	921	922	924	920	924	927	928	929	921	920	919	918	912	910	915	919	918	919	914	923	937	998	685
918	920	918	923	915	922	934	932	932	920	916	919	921	921	925	919	915	912	913	910	911	921	915	914	922	916	935	972
919	926	976	1000	1038	1009	1015	1091	1050	989	980	958	934	928	924	916	912	912	915	916	918	916	912	918	912	911	918	944
913	937	952	1039	1167	1089	1107	1290	1222	1051	1024	1036	1036	1023	995	997	976	934	909	907	918	922	918	912	918	912	911	931
1109	1066	1191	1060	1122	1073	1060	1193	1391	1219	971	927	905	893	870	920	994	1021	1012	949	902	919	922	920	915	915	922	936
1075	1056	1075	999	1004	1012	1008	990	976	977	950	902	851	763	717	703	678	929	1126	1143	1089	939	917	921	914	911	916	924
984	1035	1052	1064	1053	1013	988	975	1000	1027	1032	1012	943	811	796	801	620	507	678	1112	1243	1185	977	923	916	910	907	924
1042	1052	1058	1061	1062	1061	1060	1056	1067	1072	1073	1076	1062	980	890	647	334	226	175	383	775	1013	1096	952	924	917	914	914
1048	1055	1058	1062	1064	1064	1063	1065	1065	1066	1067	1059	1064	1074	933	502	192	82	145	245	234	241	833	1066	985	943	929	919
1054	1056	1057	1059	1064	1066	1064	1065	1062	1060	1062	1057	1053	1065	1029	633	216	88	118	216	319	231	238	985	1180	1057	967	931
1055	1060	1061	1058	1063	1065	1065	1063	1060	1061	1060	1056	1053	1053	1075	837	330	211	312	504	538	331	150	385	1242	1207	1050	959
1039	1058	1060	1061	1066	1067	1065	1064	1063	1064	1061	1056	1055	1054	1066	945	539	435	562	717	840	546	360	191	800	1294	1098	1011
1039	1054	1060	1065	1069	1068	1064	1064	1063	1062	1059	1060	1058	1058	1055	983	755	566	544	715	943	839	672	451	397	1143	1092	1025
1064	1060	1060	1066	1070	1063	1062	1062	1067	1064	1063	1064	1066	1071	1064	1030	824	666	696	910	964	874	684	326	103	860	1055	1004
1065	1062	1065	1068	1065	1066	1065	1066	1068	1065	1065	1066	1067	1073	1063	886	563	634	800	989	934	862	686	363	72	674	1017	993
1067	1062	1064	1065	1063	1063	1063	1064	1064	1064	1066	1068	1070	1078	1013	693	650	769	893	957	919	832	634	329	68	610	985	994
1067	1061	1064	1063	1060	1063	1065	1062	1062	1064	1066	1068	1072	1078	916	629	760	875	897	891	867	768	581	296	110	492	1011	1018
1055	1047	1057	1064	1058	1062	1062	1060	1062	1065	1065	1070	1077	1065	736	463	630	734	793	814	826	718	532	281	140	355	1059	1067
26	27	23	23	23	26	28	28	27	27	26	26	27	26	25	26	27	25	23	24	25	24	24	25	25	26	23	25
25	27	50	59	47	25	26	27	27	26	25	28	26	26	26	27	26	26	25	24	26	23	25	25	26	24	24	24
23	55	65	43	59	73	40	22	24	25	25	25	23	22	22	25	26	26	26	25	25	25	24	24	25	24	24	25
24	41	56	22	23	35	70	62	50	48	53	54	53	52	53	54	45	27	23	24	27	24	23	25	24	25	24	23
119	126	79	26	28	27	26	44	60	59	57	51	50	51	53	54	65	77	54	29	22	22	22	24	24	24	22	21
86	147	53	25	27	34	39	37	44	40	33	23	14	7	5	1	0	8	38	56	55	47	29	20	23	23	22	22
4	2	4	7	7	1	5	6	6	0	0	10	42	78	119	151	169	168	145	110	73	43	53	42	22	17	20	19
655	683	705	707	697	665	605	517	406	344	330	333	348	396	456	517	566	595	602	576	509	413	271	131	55	28	16	17
952	950	944	943	950	950	963	979	988	988	982	965	923	862	801	757	758	785	809	814	799	773	716	575	322	99	41	19
915	918	916	920	924	918	919	921	916	915	918	919	925	936	946	941	915	886	878	888	896	881	867	815	710	455	138	53
921	922	915	920	921	920	920	924	925	919	921	919	912	906	911	918	931	947	942	926	927	932	925	901	857	758	488	129
920	921	919	935	929	922	943	956	940	917	910	911	914	917	917	914	916	917	926	941	947	932	937	944	923	873	750	409
924	936	1002	1030	1000	1039	1048	1023	1005	1015	996	964	935	915	913	912	913	914	918	920	930	940	933	936	946	921	852	675
975	956	1047	990	1121	1255	1095	1042	1252	1101	1038	1020	1020	1013	999	987	973	951	909	912	916	916	925	937	935	934	894	797
1018	917	1166	1047	1061	1194	1112	1069	1519	1463	1292	1078	977	982	998	1088	1205	1120	1076	961	910	912	908	920	945	922	898	838
941	915	945	933	939	982	996	998	1021	1080	1032	957	939	932	929	969	1178	1193	1152	1188	1064	960	925	905	923	952	900	832
953	977	989	1030	1028	971	950	985	1018	1031	1049	1020	964	937	932	925	937	1018	1061	1052	1085	1076	1030	961	922	927	959	851
968	1015	1063	1077	1077	1057	1047	1069	1071	1074	1072	1074	1054	964	916	928	917	868	779	603	430	743	1148	1136	1008	925	929	949
1021	1068	1073	1076	1073	1073	1070	1062	1063	1063	1060	1062	1065	1049	943	935	838	694	764	624	236	101	656	1284	1226	997	922	931
1062	1061	1068	1070	1068	1066	1067	1063	1061	1062	1063	1062	1063	1069	1000	938	849	712	798	925	624	345	178	746	1280	1137	949	925
1068	1067	1070	1066	1069	1069	1070	1064	1064	1062	1065	1063	1064	1071	1025	942	969	789	692	839	985	837	583	269	830	1186	990	938
1059	1072	1070	1068	1066	1066	1068	1067	1065	1065	1062	1063	1059	1065	1027	979	808	392	232	289	922	973	894	565	346	1007	995	954
1053	1064	1068	1065	1071	1071	1067	1066	1063	1065	1063	1063	1060	1064	1045	930	381	80	0	290	915	947	957	899	470	764	994	983
1066	1066	1068	1072	1073	1071	1068	1066	1066	1064	1062	1062	1061	1064	1049	771	196	3	0	430	928	942	958	940	592	606	1008	990
1072	1069	1069	1072	1071	1071	1071	1070	1071	1067	1063	1061	1062	1056	1041	807	141	0	50	765	963	939	957	957	619	438	1031	1027
1070	1068	1070	1073	1069	1070	1068	1069	1067	1063	1062	1060	1058	1046	972	1011	664	383	615	990	930	931	961	955	617	275	991	1104
1073	1071	1071	1069	1070	1068	1069	1065	1062	1061	1059	1056	1053	1021	908	985	1024	1009	1029	930	931	942	962	921	574	159	887	1177
1074	1066	1061	1061	1067	1065	1066	1065	1060	1061	1057	1055	1066	933	830	988	994	1021	993	933	935	948	971	899	503	191	773	1183
26	25	20	20	23	26	24	26	27	25	26	28	26	27	27	26	25	25	23	25	23	24	24	25	27	26	26	27
22	35	65	62	41	22	25	25	27	27	26	27	28	26	26	27	25	24	25	25	24	23	26	25	27	26	25	27
24	75	43	37	64	60	24	23	24	24	27	24	23	23	21	25	23	25	25	24	25	25	25	26	25	27	27	28
15	60	34	18	20	48	71	51	44	49	55	56	55	56	59	57	41	21	23	23	25	24	24	26	26	28	27	28
154	119	48	29	36	34	39	51	54	51	47	49	54	60	53	43	58	66	37	25	22	21	25	25	27	28	29	27
114	118	47	45	46	46	49	54	38	32	41	44	43	39	46	46	38	45	69	72	62	44	26	21	27	27	29	26
0	1	8	12	12	10	6	6	11	3	2	14	24	24	27	30	35	36	32	35	40	59	71	46	24	24	28	26
709	730	744	751	746	733	710	665	595	506	370	223	93	2	0	0	0	13	21	25	21	10	13	51	73	38	22	28
956	952	948	947	953	953	957	964	972	984	992	968	899	757	532	271	82	18	27	52	59	47	22	0	9	67	52	21
915	918	916	918	922	925	923	921	919	922	914	919	934	963	997	980	833	560	281	134	108	129	114	60	8	0	54	57
918	918	915	911	915	919	914	914	919	920	920	919	914	911	913	922	965	1010	939	678	376	207	185	163	97	28	0	45
916	916	932	947	946	955	963	984	982	959	934	919	913	917	918	919	919	921	947	1002	943	649	320	203	197	136	48	10
959	959	1022	1047	1016	1011	1041	1032	1032	1038	1035	1024	995	965	944	926	921	919	912	919	957	1012	847	422	196	178	102	31
967	929	1026	1097	947	1136	1176	1049	967	965	984	996	1020	1038	1054	1025	981	959	932	925	919	936	1003	953	485	171	138	55
909	903	937	945	937	1147	1186	1037	985	1197	1370	1526	1547	1531	1606	1591	1483	1268	1043	992	946	920	908	959	971	448	106	79
912	908	899	897	903	957	1022	1005	999	1117	1182	1134	1117	1076	1114	1198	1403	1265	1085	1072	1072	1085	1007	919	945	976	353	43
978	957	931	943	952	922	918	943	975	996	1008	996	936	907	909	906	920	972	967	675	737	1153	1222	1120	946	953	941	205
992	1015	1051	1059	1063	1045	998	1028	1056	1063	1070	1078	1048	952	915	925	898	879	839	275	183	403	1057	1254	1105	928	967	855
1034	1074	1074	1072	1071	1062	1059	1070	1074	1070	1068	1067	1074	1033	933	931	690	684	884	798	642	382	360	938	1190	990	919	961
1064	1068	1074	1073	1068	1066	1069	1075	1071	1066	1067	1062	1067	1062	968	955	851	794	829	925	983	962	765	509	904	1051	946	917
1067	1068	1068	1068	1067	1069	1073	1070	1071	1068	1065	1065	1064	1045	969	982	1073	882	846	718	746	961	988	833	647	1016	978	930
1075	1073	1071	1070	1068	1069	1071	1069	1065	1066	1063	1064	1064	1021	924	918	932	749	911	839	742	932	944	966	799	951	1030	982
1069	1072	1071	1071	1073	1073	1073	1069	1068	1066	1065	1066	1060	1031	724	260	211	389	634	706	868	934	931	933	924	847	1097	1056
1069	1075	1073	1070	1074	1074	1071	1069	1071	1073	1072	1075	1067	1051	650	18	0	115	220	115	678	944	932	932	981	730	1068	1129
1070	1073	1076	1076	1077	1072	1073	1071	1072	1075	1078	1084	1073	1030	901	247	19	227	292	457	901	944	926	922	973	727	879	1185
1071	1070	1074	1075	1076	1074	1072	1074	1074	1072	1075	1080	1055	976	959	926	835	928	901	963	933	916	921	930	964	764	666	1160
1071	1071	1073	1074	1070	1076	1078	1076	1075	1075	1076	1076	1030	948	931	964	1008	1007	967	920	929	932	927	926	967	773	546	1080
1073	1075	1065	1044	1074	1076	1077	1076	1079	1083	1086	1086	1002	933	935	986	979	1011	983	911	920	921	933	932	951	764	456	1009
24	20	20	20	21	24	24	22	23	25	23	24	24	24	24	23	25	24	24	27	24	25	24	25	25	24	25	25
22	49	67	61	30	20	24	24	24	24	24	23	23	24	25	25	24	24	26	26	25	25	25	25	25	25	24	25
39	66	25	39	70	41	18	22	21	19	21	21	21	21	22	21	22	24	25	23	24	24	25	25	23	26	25	24
26	65	21	18	25	63	58	43	44	52	58	55	52	55	63	59	35	19	22	23	25	25	26	26	24	25	25	25
176	87	23	29	32	35	58	57	53	46	42	44	57	66	43	38	68	53	26	23	23	23	25	25	23	24	25	23
94	50	23	23	23	23	26	36	37	40	43	51	48	40	53	29	27	49	66	67	60	37	21	20	23	22	23	23
130	148	162	173	182	176	161	150	124	86	48	17	0	0	8	23	24	25	23	24	36	62	66	38	18	21	24	23
891	903	917	928	930	933	931	922	901	863	805	721	599	444	284	152	45	3	3	17	21	16	30	64	61	25	20	24
924	922	920	922	921	922	923	922	926	932	949	963	981	993	970	882	713	474	211	35	0	10	26	26	50	71	35	20
913	915	915	917	917	919	919	923	920	920	918	914	915	914	921	942	973	979	887	642	284	26	0	32	35	48	75	43
912	916	910	911	910	919	914	913	911	906	909	911	913	913	914	916	915	923	949	971	897	585	152	0	31	43	56	77
924	935	964	969	987	994	991	999	1006	1006	1001	977	954	939	928	920	921	923	919	919	943	964	785	277	0	22	46	49
969	951	988	1023	1040	1011	1049	978	986	985	993	1005	1020	1020	1013	981	931	921	921	923	917	926	970	878	329	0	24	42
912	909	923	961	953	1084	1210	1245	1187	1048	1004	997	951	944	958	970	960	984	978	974	957	932	923	963	905	296	0	45
910	918	927	920	910	984	1103	1256	1175	1102	1256	1314	1564	1547	1305	1175	1065	1020	996	1127	1260	1138	968	919	959	874	180	8
939	935	915	911	907	908	959	988	961	957	1083	1096	1138	1104	1049	1007	985	964	961	1014	1313	1249	1172	1003	925	972	760	63
1005	999	959	929	917	904	892	893	904	929	934	931	906	897	904	915	954	839	817	667	475	840	1121	1172	976	919	984	579
1054	1057	1050	1037	1024	1017	972	953	960	981	998	1001	953	910	905	962	608	152	272	414	527	441	530	1020	1050	951	923	965
1063	1065	1062	1056	1056	1058	1049	1045	1059	1053	1029	1030	1002	931	961	877	64	0	88	341	686	958	715	738	1041	1015	935	924
1067	1065	1065	1062	1060	1059	1059	1064	1069	1067	1056	1038	1015	979	961	840	103	13	43	134	374	531	763	932	965	1068	999	928
1066	1065	1063	1058	1059	1062	1063	1065	1065	1065	1059	1044	1015	983	942	680	232	145	170	79	191	192	269	832	965	1087	1108	968
1070	1067	1064	1061	1063	1061	1063	1062	1059	1064	1068	1047	1021	971	926	488	352	618	930	571	227	178	303	845	940	1049	1210	1065
1065	1067	1065	1066	1064	1063	1060	1061	1059	1064	1072	1047	1028	962	846	509	445	946	1101	901	698	529	761	929	918	976	1204	1118
1064	1066	1065	1064	1064	1063	1057	1057	1060	1065	1063	1045	1021	957	790	442	462	862	970	893	962	954	953	924	924	948	1076	1109
1065	1062	1063	1065	1066	1061	1058	1055	1055	1062	1056	1057	1009	940	913	672	631	891	935	889	921	922	930	924	919	939	951	1052
1066	1064	1067	1067	1068	1059	1052	1051	1048	1053	1054	1057	969	939	914	913	954	986	958	935	921	920	927	929	926	948	895	997
1066	1063	1060	1070	1062	1058	1051	1036	1033	1047	1047	1047	955	966	984	975	1009	1025	964	939	928	921	923	930	930	951	881	974
1073	1080	1062	1048	1056	1053	1037	1014	998	1006	1048	1042	989	1017	1083	1112	1090	1052	986	947	928	920	923	925	925	966	828	951
24	23	22	21	24	26	27	25	24	25	27	25	25	26	23	25	24	24	25	26	25	26	23	25	26	24	24	25
34	65	67	54	24	26	26	25	26	26	23	27	25	25	26	25	25	24	25	26	25	27	24	26	24	24	24	23
68	42	26	57	67	25	22	22	23	23	23	23	22	21	23	22	27	25	25	24	24	25	24	26	22	25	24	24
54	45	26	22	50	69	47	42	49	58	57	55	54	61	69	62	30	24	24	21	23	26	25	25	24	25	22	23
160	68	39	39	37	55	75	77	69	58	54	59	68	48	30	50	75	41	24	21	19	23	24	23	23	23	20	21
51	3	0	2	3	5	8	10	7	5	7	14	13	36	20	19	37	64	67	63	47	25	18	19	21	21	22	20
409	448	479	510	532	536	517	496	459	409	341	260	178	120	57	5	0	0	18	37	53	66	53	27	18	22	21	21
979	980	984	981	975	975	977	977	980	985	981	973	950	898	821	679	473	253	77	0	9	37	62	76	45	18	21	22
913	918	923	918	916	917	915	914	917	916	910	914	923	931	955	977	996	973	831	536	190	5	16	51	82	68	26	20
917	923	923	919	916	913	912	916	922	922	915	919	918	913	918	908	914	929	961	997	928	571	113	0	42	66	73	34
913	922	916	921	923	936	954	942	940	933	936	934	930	925	919	919	920	914	912	914	945	1005	839	278	0	45	45	73
946	938	967	989	1040	1020	989	997	984	969	977	996	1012	1009	982	988	957	941	939	930	917	927	984	943	371	7	32	28
936	917	932	950	1010	1017	1176	1169	1035	1129	1105	1039	1019	1011	1013	1068	1136	1146	1139	1044	965	922	912	957	953	346	7	17
902	903	900	903	924	1011	1145	1132	1622	1640	1434	1263	1094	1025	1029	1024	1110	1182	1386	1490	1177	976	917	902	944	902	226	8
944	949	968	971	977	992	1010	1075	1236	1233	1191	1147	1197	1086	934	931	925	961	1041	1459	1711	1322	1026	917	904	966	772	75
991	973	953	939	942	963	982	1009	982	944	951	960	1010	958	907	905	920	943	956	995	1182	1313	1127	1013	929	914	995	499
993	991	981	967	946	934	937	927	918	908	909	913	909	918	923	929	954	812	664	658	497	591	908	1061	992	933	930	944
1007	1011	1011	1008	989	972	970	953	936	933	925	919	923	933	938	968	812	291	48	0	101	433	732	940	1063	1000	924	943
1029	1035	1037	1029	1019	1010	1013	1015	1010	988	938	947	941	945	975	1002	642	175	15	0	0	408	998	943	1068	1116	966	920
1050	1056	1057	1056	1049	1048	1049	1044	1048	1038	977	962	964	985	1017	964	464	116	0	0	0	281	743	901	1002	1197	1088	935
1063	1067	1067	1058	1051	1051	1053	1049	1060	1061	1023	988	985	1008	1018	831	281	36	64	215	0	91	289	731	945	1128	1184	999
1060	1066	1070	1064	1060	1051	1054	1055	1061	1075	1042	1001	991	1026	1008	795	188	317	860	974	311	166	255	810	951	995	1155	1058
1061	1067	1065	1063	1059	1055	1057	1063	1064	1076	1040	1005	1008	1021	1005	944	467	707	941	973	726	568	718	958	917	946	1063	1029
1058	1064	1070	1062	1056	1059	1058	1059	1063	1060	1036	1024	1032	1011	989	1007	955	948	908	980	954	935	939	932	919	934	1018	1030
1059	1061	1064	1061	1058	1061	1059	1052	1053	1056	1047	1050	1056	998	931	819	973	957	944	952	918	918	923	930	926	916	998	1050
1050	1061	1067	1062	1060	1057	1043	1034	1038	1051	1056	1066	1024	925	978	1045	1102	1108	997	942	932	928	923	931	928	919	975	1044
1048	1046	1058	1053	1047	1030	1001	1013	1031	1047	1050	1055	977	1039	1139	1139	1139	1141	1121	1038	940	944	930	927	928	927	954	1042
1032	1017	1040	1063	1006	955	979	967	947	1018	1047	957	965	1132	1144	1142	1144	1143	1118	1048	999	954	934	928	937	929	974	1067
24	25	22	23	25	25	26	26	26	26	27	28	27	26	27	28	28	26	25	26	25	27	27	25	26	26	26	26
54	72	68	34	22	27	27	26	25	28	26	27	28	28	27	29	28	26	24	26	28	25	26	26	26	27	25	26
74	24	37	71	38	21	22	24	25	25	24	24	23	26	26	26	30	27	25	25	26	26	26	26	24	27	26	24
66	43	50	54	82	52	41	48	56	61	60	58	63	69	73	53	26	28	26	24	23	26	24	26	26	26	24	23
95	40	27	35	49	63	60	50	48	53	59	62	50	34	37	74	58	31	25	20	18	21	25	25	24	23	23	22
59	46	61	76	82	98	100	98	87	67	43	29	19	7	3	12	49	67	70	65	39	16	19	22	22	22	24	22
778	812	829	846	859	865	862	856	847	819	774	721	654	572	458	324	186	75	17	26	69	74	44	23	20	24	24	22
951	951	945	942	937	935	934	935	940	941	950	964	975	984	990	981	927	806	585	286	59	11	69	82	38	20	21	23
920	919	919	919	920	923	921	924	918	923	926	922	919	915	917	922	935	956	982	966	768	354	36	26	77	60	18	23
918	919	918	917	916	915	916	924	941	949	939	933	929	929	927	930	923	913	909	922	968	982	690	166	10	57	71	30
929	922	936	957	972	983	1000	1010	987	980	989	1007	1003	980	967	982	980	957	957	941	912	924	992	863	274	1	46	77
959	926	957	1016	1057	1055	1026	1006	1138	1247	1194	1037	1006	1055	1147	1171	1105	1080	1092	1065	955	921	913	970	905	254	0	42
906	906	911	912	950	1003	1026	1203	1442	1425	1358	1275	1330	1357	1277	1384	1427	1336	1256	1115	1009	955	918	907	967	848	141	3
911	912	912	913	927	969	989	1005	1050	1209	1302	1379	1347	1182	1111	1109	1160	1185	1234	1208	1078	1024	969	931	917	985	669	33
919	925	937	951	956	948	950	969	999	1039	1082	1115	1100	1082	1049	1024	1000	982	984	1013	1036	1022	1016	978	931	920	988	340
963	967	969	976	981	998	1023	1041	1067	1084	1076	1064	1060	1060	1048	1052	1008	955	978	981	961	998	1017	1039	985	928	949	840
1025	1021	1022	1027	1030	1033	1034	1041	1051	1057	1063	1070	1046	1036	1060	1023	1001	1037	1020	947	888	970	1006	1138	1099	971	913	960
1059	1057	1049	1053	1053	1054	1048	1036	1040	1061	1061	1070	1057	1011	1003	1019	1066	1042	892	640	400	583	937	1073	1131	1052	942	919
1062	1064	1061	1064	1061	1049	1044	1045	1051	1062	1060	1070	1087	1033	1031	1062	1061	992	795	499	457	540	772	944	1103	1132	996	928
1061	1067	1068	1070	1070	1063	1058	1055	1054	1050	1056	1066	1063	1062	1024	1035	1050	951	747	690	735	734	856	919	969	1130	1057	939
1066	1066	1070	1071	1065	1063	1063	1059	1062	1068	1067	1071	1071	1051	1020	1039	1055	852	635	803	596	647	760	674	887	1039	1066	991
1067	1068	1069	1065	1059	1058	1063	1067	1077	1080	1075	1075	1074	1035	1017	1063	1014	848	831	941	947	978	697	423	878	976	1049	1029
1065	1066	1061	1062	1059	1063	1068	1076	1081	1086	1083	1068	1071	1040	1021	1030	938	841	978	952	897	1064	795	705	951	944	1051	1046
1042	1049	1055	1058	1066	1073	1075	1076	1079	1086	1081	1071	1071	1059	976	954	901	880	956	1006	927	937	914	922	924	944	1037	1055
1001	1010	1030	1035	1058	1069	1074	1079	1086	1084	1079	1069	1053	1057	1022	949	1006	931	944	976	992	940	926	914	925	926	994	1065
958	999	1031	1036	1042	1058	1069	1079	1083	1076	1069	1070	1068	1062	1141	1153	1150	1142	1092	926	937	977	920	918	923	922	943	1095
944	1024	1047	1043	1026	1005	1054	1087	1085	1068	1067	1054	1103	1135	1143	1139	1138	1138	1150	1118	1042	989	918	920	920	925	928	1145
960	996	1033	1072	980	963	1016	1065	1072	1067	1081	1012	1076	1152	1139	1138	1141	1139	1140	1135	1122	1020	935	927	924	924	918	1162
24	24	22	25	24	25	27	25	25	27	25	24	29	26	26	27	26	25	26	24	25	27	27	26	24	24	25	24
68	70	55	25	25	25	25	26	25	26	26	26	27	27	28	28	27	26	25	23	24	25	26	24	24	25	25	24
41	27	59	60	22	25	23	24	23	24	24	22	22	31	25	25	28	27	26	25	23	25	26	24	24	25	25	25
46	56	53	74	64	43	47	57	65	66	63	62	71	74	71	37	27	29	27	27	23	22	26	25	24	26	26	23
27	3	0	7	20	22	28	24	16	19	30	39	35	34	52	79	38	31	27	20	20	19	21	23	23	23	21	20
274	309	349	375	405	428	427	418	413	385	340	281	206	136	79	52	48	41	53	60	36	21	20	26	24	22	23	22
962	977	972	973	970	973	972	974	980	979	976	969	952	916	854	757	613	422	217	75	46	57	39	19	21	22	23	23
918	916	914	914	917	914	915	918	915	915	919	927	924	928	941	956	977	988	957	788	453	126	41	60	30	18	22	21
916	913	913	917	919	920	918	919	918	923	931	923	924	919	921	920	918	910	916	958	998	862	418	58	50	50	19	24
915	917	914	911	915	917	925	935	955	977	987	981	965	1013	1049	1025	992	960	933	929	918	944	996	698	118	45	65	26
943	926	969	1007	1008	1023	1031	1039	1052	1037	1033	1120	1345	1378	1292	1094	1126	1254	1262	1102	993	924	915	984	788	118	34	67
936	916	950	993	1024	1038	1044	1025	1012	1101	1272	1296	1281	1126	1103	1075	1060	1115	1275	1188	1089	1026	926	910	986	709	48	48
910	911	912	905	908	929	963	954	1000	1044	1053	986	1015	1059	1070	1056	1015	989	989	989	1028	1154	1027	928	916	990	471	8
907	910	912	915	920	930	943	961	978	917	815	792	891	889	873	952	1031	996	969	939	950	1116	1152	994	921	929	913	164
970	984	995	1009	1023	1031	1037	1062	1083	987	782	659	708	718	695	728	956	993	959	978	965	981	1190	1108	969	916	982	602
1069	1070	1070	1072	1073	1073	1076	1092	1091	979	759	514	490	570	518	533	794	967	1020	1014	965	932	1114	1359	1062	945	920	953
1079	1080	1076	1075	1079	1080	1077	1102	1099	1011	838	550	358	315	493	548	714	957	1004	952	979	999	995	1479	1351	985	921	941
1070	1072	1074	1068	1074	1078	1079	1100	1106	1033	940	795	429	214	453	680	873	955	960	1007	1072	1049	936	1123	1209	1051	955	920
1077	1074	1075	1076	1073	1070	1079	1084	1094	1081	1001	979	918	709	791	908	1014	974	1000	1059	1066	658	401	894	1049	1052	993	922
1067	1066	1063	1065	1068	1077	1077	1074	1066	1082	1106	1112	1088	1095	996	1024	999	1009	1045	1065	962	577	637	936	971	1037	1028	946
1059	1065	1069	1075	1078	1085	1084	1084	1072	1067	1076	1099	1063	965	983	899	970	1033	1020	985	1029	993	959	864	888	1015	1051	986
1075	1076	1078	1077	1078	1081	1084	1086	1077	1068	1068	1100	1109	960	1030	804	942	990	984	837	978	1023	945	631	814	988	1047	1019
1060	1062	1057	1062	1071	1074	1075	1083	1078	1061	1050	1054	1106	1024	975	966	932	916	984	926	861	1035	957	587	817	959	1059	1052
1061	1060	1066	1067	1065	1068	1075	1086	1083	1048	1011	1032	1035	1040	959	1038	1037	956	888	1011	977	979	965	906	939	932	1070	1125
1068	1064	1058	1072	1077	1076	1081	1081	1072	1054	1019	1054	1040	1059	1134	1115	1139	1138	1084	973	1018	943	921	915	930	934	996	1223
1043	1029	1028	1050	1056	1069	1079	1075	1049	1035	1027	1067	1091	1121	1143	1141	1136	1132	1138	1132	1070	964	914	920	922	921	935	1205
1010	1021	1058	1065	1063	1032	1019	1026	998	997	1058	1121	1148	1139	1137	1133	1133	1134	1135	1140	1106	982	908	926	925	923	919	1128
978	1047	1064	1060	1053	1053	1035	1030	1020	1036	1114	1156	1146	1140	1139	1134	1134	1132	1130	1141	1116	1003	915	922	922	929	916	1034
26	23	24	27	26	26	28	26	25	28	26	24	27	26	25	26	26	26	26	22	24	25	25	23	25	23	23	25
66	67	36	24	25	27	27	27	26	26	26	26	26	25	26	27	27	26	23	23	19	23	26	24	25	25	26	26
31	49	73	31	25	26	26	24	23	23	24	20	26	30	23	28	26	26	24	24	22	24	25	22	25	24	25	24
55	52	69	70	42	40	46	58	67	66	58	63	70	72	59	24	25	26	23	25	25	18	25	24	25	24	25	24
0	0	8	29	42	48	53	52	43	35	34	26	8	3	37	31	21	24	20	18	18	17	19	21	21	21	21	20
563	608	644	679	709	732	741	738	723	696	657	598	515	405	294	197	101	42	28	29	22	22	20	26	24	24	24	23
974	974	961	957	949	950	950	950	952	955	960	970	981	985	970	930	844	682	455	224	65	30	31	19	24	23	24	24
923	920	919	920	920	920	918	920	920	917	916	916	915	912	919	924	939	961	984	951	753	369	77	30	24	22	25	25
920	922	920	921	923	922	919	919	917	921	920	918	923	926	923	920	917	916	912	922	961	985	743	232	33	34	23	25
919	922	921	924	931	933	940	946	957	970	984	997	1010	1022	1031	1012	977	951	938	936	924	916	968	932	365	42	50	26
951	941	988	1026	1034	1045	1059	1060	1062	1056	1043	1031	1040	1077	1091	1083	1160	1234	1239	1127	1027	947	916	936	962	355	38	63
923	917	935	966	993	1013	1023	1024	1019	1018	1019	1046	1053	1055	1043	1066	1098	1152	1203	1190	1192	1125	962	920	942	921	207	56
910	907	909	907	904	911	920	935	938	801	594	598	565	516	494	733	989	966	971	999	1104	1352	1113	954	920	965	728	47
949	966	981	1000	1021	1040	1073	1055	719	285	81	16	51	42	31	112	666	994	945	975	951	1235	1292	1053	933	923	975	325
1078	1079	1084	1087	1085	1081	1114	943	526	173	35	10	16	11	7	0	201	916	979	988	963	975	1271	1168	980	922	956	761
1083	1079	1080	1079	1078	1091	1071	845	441	136	26	8	5	4	3	0	151	939	983	954	947	938	1053	1185	1045	948	919	965
1066	1065	1069	1076	1081	1097	1051	831	411	188	65	16	15	19	11	4	45	746	1016	928	933	955	950	1066	1092	994	923	928
1060	1074	1073	1075	1081	1089	1080	950	423	158	75	22	0	0	0	2	227	815	1001	923	940	978	1009	994	1027	1017	945	920
1073	1080	1075	1072	1069	1057	1073	1093	827	506	383	339	288	261	285	450	927	1057	996	930	980	1042	1012	948	994	1026	981	925
1068	1075	1073	1070	1066	1053	1039	1031	1089	1129	1149	1144	1132	1119	1112	1096	1048	1057	1019	945	975	938	879	915	995	1032	1025	938
1069	1074	1079	1083	1076	1067	1047	1022	1035	1071	1113	1136	1138	1138	1113	1063	969	1017	1037	935	970	959	962	1015	941	1006	1041	978
1077	1083	1086	1085	1078	1068	1056	1029	1011	1027	1080	1119	1140	1144	1127	1088	1005	975	1054	976	992	1041	1047	1057	901	989	1112	1031
1071	1075	1080	1078	1076	1071	1056	1031	1003	957	1035	1109	1129	1135	1137	1136	1089	1021	1040	979	916	1019	1001	952	902	982	1163	1113
1073	1074	1075	1076	1075	1068	1053	1032	980	961	1003	1073	1097	1118	1143	1144	1144	1113	1073	981	830	1009	993	976	951	922	1116	1171
1077	1080	1076	1074	1070	1064	1036	1010	1007	973	999	1051	1073	1112	1143	1143	1138	1138	1106	1039	969	967	956	948	946	920	972	1156
1023	1000	996	1010	1024	1008	984	974	982	984	1035	1107	1105	1128	1132	1137	1141	1131	1133	1089	1008	924	927	928	927	934	941	1059
1002	949	981	1008	1022	997	971	956	951	963	1068	1136	1142	1143	1139	1139	1141	1129	1133	1116	1021	925	913	923	924	925	932	998
1028	1009	992	1037	1051	1057	1049	1022	994	999	1079	1138	1145	1141	1141	1138	1137	1135	1133	1122	1029	923	923	928	928	933	921	976
23	23	26	26	26	26	27	27	27	27	28	26	28	29	28	28	25	26	25	24	24	23	25	24	25	24	23	23
68	49	23	26	26	28	27	27	27	27	27	28	28	29	29	26	24	28	25	21	21	24	27	24	24	25	26	25
42	72	47	21	25	25	25	24	26	25	25	25	36	32	25	27	25	27	25	25	23	25	25	23	23	25	24	23
41	54	74	36	25	31	41	48	52	52	48	64	69	77	37	24	22	25	25	26	25	20	23	23	23	22	22	23
30	54	102	139	154	164	172	167	150	126	107	67	21	11	28	1	14	20	18	21	22	18	18	21	22	19	22	21
790	829	850	874	888	903	905	907	903	881	855	808	733	619	486	328	169	67	23	11	18	23	18	23	23	22	24	22
950	940	933	931	924	925	924	925	922	926	933	939	949	964	978	969	916	773	550	288	80	11	15	19	23	24	22	23
922	921	919	922	921	919	919	919	920	923	919	912	910	911	909	918	928	951	978	967	812	452	106	6	21	25	22	24
920	922	920	921	924	920	919	919	922	922	917	917	918	920	919	924	920	921	919	923	947	984	828	317	19	19	21	24
921	922	926	932	939	939	946	949	958	965	965	967	972	967	956	940	924	920	922	924	925	916	950	965	482	43	35	21
944	943	996	1031	1044	1056	1063	1063	1062	1057	1052	1052	1056	1037	1040	1037	1023	997	980	949	935	924	917	923	988	466	47	45
916	917	927	952	973	983	989	1009	1034	1014	1036	1047	1057	1095	1082	1080	1061	1129	1245	1273	1157	985	934	920	925	959	311	51
914	919	923	926	930	927	957	864	556	254	217	229	229	413	461	661	986	981	990	1061	1205	1152	1016	946	919	944	837	113
1028	1049	1061	1069	1073	1084	967	372	4	0	0	3	0	0	0	0	658	1003	925	953	969	1140	1167	1027	937	918	977	508
1083	1081	1082	1081	1081	1094	837	182	0	20	35	35	23	23	3	32	401	945	964	955	946	1010	1249	1085	990	929	930	908
1075	1073	1084	1101	1095	889	434	50	0	24	34	32	32	31	35	2	106	688	977	944	949	944	1100	1091	1026	944	925	947
1070	1086	1110	1108	1097	595	200	43	0	18	31	37	33	34	36	17	17	503	1011	936	944	944	988	1053	1035	982	935	924
1074	1080	1085	1066	1049	650	277	122	0	0	0	0	0	0	0	0	20	727	966	939	936	933	964	1037	1043	1023	945	927
1073	1071	1055	1021	982	889	570	616	453	230	193	198	204	198	212	280	570	972	982	919	925	939	985	1027	1053	1040	986	928
1067	1054	1019	985	948	963	933	957	1087	1106	1117	1122	1120	1119	1122	1133	1133	1081	1022	924	935	914	896	948	1065	1088	1028	935
1046	1020	992	974	957	957	959	949	997	1086	1134	1147	1145	1149	1157	1147	1109	1071	1051	966	929	651	496	769	1086	1324	1097	990
1033	1014	1003	986	968	946	952	953	952	1024	1102	1136	1144	1146	1138	1143	1136	1091	1052	967	928	793	728	748	965	1166	1122	1056
1035	1027	1013	998	977	958	947	941	948	972	1027	1096	1125	1137	1137	1128	1128	1103	1073	771	572	1031	982	1015	949	981	1082	1061
1023	1020	1017	1001	987	998	996	995	975	983	955	1004	1071	1101	1124	1131	1097	1081	1066	840	668	1012	953	984	982	920	985	1043
987	984	988	973	1012	998	943	953	985	958	941	967	1019	1057	1082	1112	1093	1055	1032	969	991	1033	1019	988	975	921	939	1042
946	940	938	948	992	966	940	993	1008	979	953	979	1019	1050	1062	1085	1092	1055	1019	969	944	958	961	966	934	918	931	1025
929	928	940	944	975	965	996	978	982	999	964	1014	1057	1093	1091	1090	1099	1071	1009	960	920	913	916	919	923	926	935	999
998	977	933	942	953	960	964	927	956	982	965	1020	1076	1110	1114	1104	1096	1068	1013	960	924	926	930	927	930	939	922	974
19	25	23	23	24	25	25	24	26	24	25	25	27	29	27	26	26	25	25	24	24	26	24	23	23	24	24	26
61	28	25	25	24	24	23	25	23	26	28	28	27	27	28	26	25	26	23	24	23	24	24	24	25	26	26	24
60	67	23	24	24	24	25	25	23	23	24	30	40	26	26	26	26	27	26	26	21	23	26	25	24	25	23	24
32	61	42	14	16	24	31	35	38	34	35	57	65	65	25	25	25	26	25	24	23	20	24	22	21	22	21	22
133	182	237	261	285	307	314	308	280	245	199	119	41	33	6	2	15	20	19	24	25	20	21	22	23	21	23	23
904	926	938	946	950	954	958	962	956	944	928	890	817	695	538	358	182	63	15	10	21	23	21	24	25	22	24	23
925	922	917	918	916	916	913	913	912	920	921	928	936	953	976	971	924	771	520	238	51	10	21	24	26	26	22	23
916	915	916	915	916	919	918	914	920	926	921	919	915	913	909	913	928	951	979	948	744	369	69	8	25	27	22	25
919	915	916	918	920	919	917	917	922	920	916	921	923	921	918	922	922	919	914	920	957	981	755	248	10	22	25	26
920	921	926	932	933	931	936	936	940	942	943	945	944	938	932	923	924	925	924	918	920	918	963	931	425	33	32	24
945	942	996	1026	1035	1039	1041	1037	1044	1039	1041	1035	1039	1023	1009	981	947	927	928	923	921	922	916	930	979	487	56	32
912	906	923	946	963	970	988	1022	1035	1032	1048	1013	1051	1079	1054	1039	1010	966	946	946	938	930	922	918	924	973	393	38
930	940	941	928	915	931	868	454	218	272	291	171	282	643	989	1029	1028	1029	1022	996	991	996	948	926	916	933	907	211
1061	1069	1076	1072	1046	1018	313	0	0	0	0	0	0	66	359	701	1015	977	988	1032	1005	1026	1048	967	925	918	959	720
1076	1087	1102	1099	1104	963	119	3	32	14	2	23	109	130	260	656	887	961	934	955	1019	1023	1118	1035	964	921	910	963
1084	1089	996	885	1036	787	78	9	19	0	0	5	31	43	67	206	523	856	942	944	948	994	1155	1107	1011	925	921	918
1098	935	682	513	848	756	191	0	8	0	0	0	28	35	54	216	594	869	932	943	947	941	1083	1147	1021	988	925	916
1072	1020	944	956	1040	976	709	94	0	0	0	21	111	237	348	296	569	993	931	926	939	931	961	1182	1105	1022	943	920
1093	1111	1130	1135	1079	994	640	223	23	164	375	524	442	482	658	819	872	977	940	926	926	937	924	1130	1238	1021	978	920
1087	1105	1085	1062	1024	1000	916	845	897	1034	1101	1130	1106	1089	1075	1073	1044	927	687	867	954	952	923	970	1225	1072	1019	938
1008	1017	1007	977	967	960	974	1003	990	1001	1036	1071	1074	1055	1072	1081	1065	857	367	505	967	626	378	720	1124	1231	1034	1006
950	960	930	927	956	937	932	932	920	938	978	1033	1052	1050	1058	1060	1054	965	728	753	965	664	416	621	964	1084	1040	1037
942	994	985	966	995	943	919	927	932	930	943	973	1004	1037	1055	1043	1035	988	967	1004	1038	1066	997	940	922	906	992	1029
947	1019	1000	959	959	988	948	941	947	928	929	935	951	970	1005	1002	980	1007	966	1005	1069	1025	1009	985	924	910	956	1043
981	1028	976	962	973	1013	970	941	937	933	928	923	939	946	947	946	939	968	977	996	1062	934	943	977	925	918	933	1041
1010	1024	958	947	1004	1016	938	951	944	940	930	922	918	935	956	954	950	942	941	957	1027	967	907	939	924	921	918	1005
1010	997	974	948	977	983	996	975	967	956	938	926	926	931	936	941	938	926	916	916	925	943	950	930	932	931	924	986
1033	1014	970	984	991	972	1018	952	985	984	974	955	941	957	950	942	945	939	920	924	947	935	937	929	935	930	921	998
26	29	27	25	27	27	27	27	25	25	25	24	26	26	24	24	25	25	25	23	25	26	24	24	25	25	22	26
37	26	28	27	27	27	26	25	24	26	27	26	26	26	25	26	26	24	26	23	24	23	24	25	23	24	23	27
76	35	25	28	25	27	28	26	24	25	23	32	32	23	25	27	25	25	26	22	23	24	25	23	23	24	25	24
59	53	17	17	21	25	27	32	27	20	35	60	70	35	21	22	23	24	21	22	20	20	21	21	22	21	22	21
136	192	222	251	282	299	303	296	271	233	171	74	27	20	0	7	17	17	20	25	23	20	23	22	23	25	23	23
900	918	925	945	958	956	959	959	953	941	914	857	749	576	392	233	101	30	10	15	24	24	24	25	27	25	25	23
934	931	925	923	920	916	914	911	912	919	921	931	946	967	976	943	836	628	354	113	15	14	23	26	27	24	24	24
924	922	922	921	922	922	916	912	918	921	920	916	914	912	912	919	935	966	976	853	549	190	17	13	22	25	23	25
928	924	925	924	925	923	918	918	919	916	918	922	924	921	916	918	916	917	920	937	977	915	547	113	3	23	25	24
928	926	928	926	927	918	915	915	917	916	918	922	923	926	926	927	924	920	919	918	914	932	981	815	264	18	25	23
952	956	1000	1018	999	983	988	977	988	992	976	968	976	965	952	940	932	932	930	928	922	919	913	953	932	387	39	25
928	928	953	974	975	989	1031	1030	1038	1043	1025	993	1017	1010	1016	1010	972	947	937	929	927	931	925	914	933	958	370	17
938	936	932	913	897	959	821	459	476	733	811	735	902	996	1030	1040	1040	1023	1003	973	954	933	925	927	919	938	911	221
1052	1061	1021	899	948	994	272	41	100	283	419	507	686	798	983	1006	1000	1030	1056	1042	1013	995	958	922	923	918	959	761
1103	1001	588	488	1036	1029	287	55	121	229	296	609	793	730	833	977	975	946	962	1003	1037	1014	1036	995	936	924	911	956
1108	650	160	127	497	549	273	109	165	381	458	557	465	590	631	772	946	981	953	930	958	1017	1059	1143	1015	937	923	915
728	200	0	0	44	337	438	266	288	393	334	395	567	658	670	810	956	976	956	941	925	940	986	1124	1158	1003	931	917
925	784	767	787	848	978	982	628	341	233	450	815	972	958	939	952	989	953	936	935	935	933	928	987	1117	1074	962	930
1175	1201	1202	1186	1152	1083	1115	1026	696	631	952	1008	963	991	1000	975	947	916	929	931	931	932	920	939	1019	1056	1024	936
1136	1143	1141	1128	1101	1042	1017	1048	1016	1004	1009	967	972	986	963	987	988	958	883	883	953	926	930	928	970	1027	1041	974
1051	1054	1055	1040	1000	947	936	960	975	977	966	967	1001	958	881	958	1027	1034	605	377	774	959	954	948	923	980	1023	1012
1041	1035	968	979	989	951	929	937	930	939	916	932	983	853	826	905	1036	1031	702	593	737	970	941	952	931	935	1016	1018
1006	1036	1031	1050	1040	998	963	952	943	925	961	988	1003	918	887	921	1048	1018	941	985	1009	1021	959	926	929	921	986	1024
997	1023	1014	1004	1019	1021	1006	969	961	957	952	983	993	971	918	940	1029	1002	846	885	1005	1032	1005	926	920	918	950	1033
980	978	951	947	975	1012	1024	1007	1000	989	943	936	947	950	969	976	965	994	929	939	989	967	952	935	920	923	929	1039
997	980	955	946	961	980	1023	1034	1032	1020	961	920	916	923	952	952	949	982	983	1007	1015	986	923	932	924	926	922	1040
1018	998	991	980	966	954	1036	1044	1056	1043	1011	962	932	924	911	912	924	930	943	931	942	947	950	935	930	927	926	1043
1063	1000	1010	1051	1029	1003	1043	1048	1039	1040	1030	1017	972	950	937	949	953	926	926	947	946	930	969	954	927	921	921	986
26	26	25	25	27	26	27	26	28	27	26	27	29	27	28	26	28	26	26	26	25	27	26	25	26	25	25	24
24	26	24	25	27	27	27	27	28	28	28	29	28	30	27	29	27	26	25	27	25	26	25	26	25	26	25	27
45	22	24	23	25	26	26	27	29	30	26	34	29	28	27	28	27	27	27	25	25	25	26	24	26	25	26	24
67	19	14	20	27	29	32	29	23	18	54	76	65	22	27	25	26	23	24	24	23	21	23	22	25	21	23	22
160	186	211	256	288	298	292	275	241	186	106	19	29	6	12	22	22	22	25	26	26	23	25	25	25	24	24	25
903	918	927	942	956	962	961	956	948	921	867	765	611	420	236	108	41	21	20	23	27	26	25	27	25	26	24	24
930	930	923	918	917	915	916	917	917	919	932	946	965	978	947	845	646	380	145	29	13	25	25	27	25	26	24	25
921	922	919	920	920	920	917	920	916	920	919	920	915	913	918	936	963	974	878	628	292	58	10	22	26	25	24	24
920	923	919	922	922	925	923	923	919	922	924	923	925	924	918	912	911	912	933	974	960	723	283	22	13	24	25	22
923	920	917	922	923	924	923	920	922	925	925	922	925	924	923	920	916	913	914	916	918	963	958	589	99	14	22	23
949	955	983	976	960	961	977	977	972	967	967	962	954	943	929	920	924	924	918	921	915	914	922	979	791	212	20	22
934	935	964	961	955	977	1016	1022	1007	1000	1009	1015	1021	1005	976	958	939	924	926	931	928	921	916	912	960	864	213	7
909	904	918	931	904	929	946	819	764	748	720	705	748	849	988	1038	1005	977	956	934	927	931	926	917	908	958	806	118
984	973	933	822	935	958	644	470	463	489	423	296	219	242	418	756	1019	1064	1029	992	968	941	921	924	913	911	975	642
835	746	165	94	784	1036	633	543	542	531	490	316	132	69	58	136	485	805	993	1040	1018	1009	991	950	923	914	910	962
457	511	0	0	471	1076	842	694	696	674	612	389	204	130	73	54	224	448	706	960	1002	1030	1019	1038	974	927	916	916
287	491	0	0	239	1044	1047	948	878	776	726	519	299	154	95	87	302	444	683	934	916	972	1031	1063	1113	977	935	915
810	904	724	708	791	1037	1022	1060	1010	902	865	644	420	288	288	395	602	656	858	953	922	928	942	1002	1164	1150	995	935
1176	1177	1164	1173	1136	1041	991	1003	1034	1004	959	900	833	808	838	921	931	909	922	932	938	927	925	913	1006	1212	1072	973
1101	1104	1087	1080	1049	976	933	955	962	967	973	981	996	1004	1017	979	976	961	931	934	929	931	931	920	946	1110	1218	1006
1023	1042	1045	1045	1005	942	927	953	970	988	912	944	1021	1046	995	916	911	991	982	963	914	935	938	931	930	986	1267	1044
1043	1038	1037	1037	1033	1024	973	953	984	967	893	889	868	915	942	928	975	984	997	984	924	936	937	936	930	930	1145	1114
1053	1057	1058	1049	1048	1045	1041	1015	964	958	940	935	904	907	974	968	991	973	993	1007	976	949	943	932	934	921	1081	1233
1072	1059	1058	1063	1038	1046	1049	1033	977	940	987	1001	947	975	1012	940	972	968	945	973	970	946	935	933	929	920	1019	1362
1028	980	982	1037	1059	1046	1036	1016	983	991	978	981	989	1007	1004	963	961	969	957	975	963	951	952	930	929	924	947	1434
994	1015	968	949	997	1053	1039	1004	999	976	939	930	950	938	929	931	922	972	979	964	941	940	946	935	931	929	921	1243
1028	1042	969	963	938	985	1060	1016	987	967	943	943	957	949	921	916	931	956	954	934	936	944	943	934	929	933	927	1023
1074	1036	992	1049	1039	1012	1014	987	942	949	937	944	943	959	960	935	933	939	940	936	929	920	965	958	936	928	929	954
23	25	25	27	25	24	26	25	26	26	24	27	25	26	27	25	25	24	25	27	25	25	25	25	25	25	25	24
24	24	24	25	27	27	25	24	27	27	27	26	26	26	27	26	23	25	26	26	24	24	24	25	25	27	25	24
24	24	23	24	23	23	24	25	29	26	26	28	26	26	26	24	26	25	24	25	25	26	26	25	26	25	25	25
34	12	19	25	30	32	35	31	26	26	65	77	38	24	23	26	27	25	24	26	24	24	23	25	25	24	25	24
168	182	213	239	252	245	226	197	148	99	34	8	33	15	28	28	23	27	27	24	26	25	26	26	27	24	26	26
899	909	924	937	944	946	941	923	879	820	714	541	365	209	96	51	44	34	25	25	28	27	27	26	25	25	25	25
930	929	919	917	919	919	920	922	926	937	948	966	962	906	785	558	304	119	43	29	27	26	26	27	26	25	25	25
918	918	914	919	919	918	917	919	918	919	916	915	918	922	944	968	948	802	545	273	83	27	23	27	28	27	26	27
918	919	917	917	919	923	921	924	924	923	922	924	923	921	919	914	919	941	968	935	727	364	83	17	27	28	27	27
920	920	918	918	921	921	919	918	923	923	923	927	926	928	928	922	921	916	914	924	956	964	729	258	30	30	26	26
944	942	947	944	957	972	983	990	989	977	966	962	945	933	926	926	930	923	917	916	912	919	961	922	480	75	25	24
947	945	949	955	973	1000	1027	1040	1054	1041	1054	1064	1065	1043	991	950	931	925	928	925	921	919	915	931	977	602	72	19
909	910	904	907	928	849	547	364	340	387	463	522	595	734	977	1036	980	948	932	925	924	928	925	916	919	980	552	38
968	928	937	958	900	379	28	0	0	0	0	0	0	0	209	751	976	1060	1000	954	936	925	923	926	915	921	969	418
751	981	917	904	908	286	18	53	25	3	1	5	20	16	0	26	119	474	918	1056	1008	993	947	926	926	919	926	935
72	676	673	625	965	560	47	69	46	4	0	0	16	11	12	24	0	0	103	786	1059	1032	1023	969	926	924	913	924
49	632	554	487	789	936	434	113	44	13	11	0	6	0	19	27	10	0	8	487	951	1016	1049	1036	995	952	928	918
711	992	947	895	947	992	952	737	447	220	74	0	0	0	0	0	0	2	225	743	922	915	977	1047	1037	1008	957	928
1132	1096	1061	1049	1011	954	957	955	801	856	765	578	418	376	387	458	490	646	897	938	922	922	914	948	1045	1045	1015	951
1048	1024	1006	982	953	934	955	718	516	930	1030	1046	1021	1008	1026	1060	894	765	1006	960	927	919	930	913	964	1063	1053	998
1055	1047	1037	1025	990	940	957	629	794	1046	957	893	908	1002	1059	1037	1040	969	970	951	930	924	932	929	915	1014	1113	1030
1043	1044	1045	1037	1024	991	964	877	981	1020	900	825	855	964	1042	997	1005	1003	959	947	935	925	932	925	918	946	1110	1067
1053	1052	1054	1037	1011	994	972	970	978	1017	919	812	846	986	1010	953	953	948	932	938	932	927	932	926	925	917	1057	1109
1068	1058	1029	1027	1006	973	964	954	942	983	911	802	827	982	996	939	948	946	943	930	925	926	929	932	921	915	996	1117
1058	1018	1023	980	1003	985	946	939	965	957	957	923	954	978	948	933	937	933	931	925	923	922	936	928	927	924	948	1092
1016	1020	1030	943	956	983	939	924	959	945	934	976	970	932	928	935	936	934	930	920	921	918	923	925	926	926	934	1047
1038	1032	998	956	942	950	938	927	920	918	918	944	956	933	941	954	955	934	938	930	935	957	959	932	926	935	931	994
1069	1033	1027	1026	995	981	960	947	949	933	915	924	921	920	917	938	954	938	940	946	844	668	641	885	941	934	929	977
26	27	26	28	26	26	26	25	25	26	27	26	26	25	24	25	26	25	24	24	24	25	26	24	26	26	24	24
28	28	26	26	27	28	26	26	28	26	25	25	27	25	26	25	23	24	25	24	23	23	25	24	25	25	24	23
27	28	27	29	26	26	24	25	27	24	24	23	25	26	24	23	22	23	23	25	24	24	25	26	25	24	25	25
19	18	22	27	33	38	38	30	22	30	68	55	23	24	24	25	25	23	24	26	24	24	24	26	25	25	26	25
100	143	183	197	186	156	122	80	49	43	13	50	29	27	26	23	25	26	23	24	26	24	27	24	25	26	26	26
846	888	912	922	923	900	861	788	685	556	401	235	115	55	36	34	31	25	22	24	28	26	24	24	27	27	26	27
939	936	926	924	927	931	931	944	955	968	971	937	841	697	505	274	100	28	22	24	22	25	25	26	26	25	27	26
916	919	918	921	919	924	921	918	917	915	915	919	934	955	977	959	827	567	255	59	24	26	24	24	26	27	26	27
919	920	920	923	922	923	925	924	924	922	922	923	921	917	919	917	939	973	953	735	347	81	28	24	23	24	26	24
923	924	921	921	921	921	919	919	922	925	922	924	926	924	926	918	917	912	920	958	971	736	291	44	33	26	28	26
928	930	931	944	956	963	965	972	965	960	949	937	923	921	925	919	921	919	917	915	919	962	948	602	141	43	25	27
963	969	990	1012	1041	1081	1087	1093	1093	1088	1088	1059	1035	999	956	931	925	926	926	923	919	916	923	984	800	218	32	26
913	918	927	952	930	677	536	558	665	722	750	802	889	1001	1059	1038	972	933	923	929	928	921	919	917	968	830	196	17
911	915	933	922	428	0	0	0	8	2	0	21	54	145	673	767	880	1046	981	938	925	929	929	919	911	969	746	128
953	967	988	910	279	0	34	31	29	17	11	23	17	56	375	75	87	538	972	1059	993	953	931	928	921	912	963	701
871	953	980	977	576	8	11	30	28	23	13	28	17	150	177	10	16	0	123	651	1055	1030	993	940	923	924	914	952
797	908	992	988	981	477	16	0	0	0	2	22	11	220	92	26	37	38	3	0	808	1052	1056	1029	959	919	918	916
958	976	966	971	957	972	801	531	349	197	74	31	16	296	36	7	2	0	0	137	786	954	1024	1046	1017	952	914	921
1002	1001	935	938	950	955	981	980	728	838	816	644	569	547	193	225	308	419	590	822	940	922	929	1003	1044	1039	966	922
985	1014	973	938	949	967	983	800	525	841	1025	971	960	995	993	1041	981	922	923	910	1001	964	925	925	1014	1056	1021	942
1028	1006	1015	958	949	969	973	777	845	938	966	1028	994	1059	1108	1118	1025	1033	1074	1097	1011	945	926	918	943	1045	1051	994
1054	1015	1031	963	953	933	981	901	903	913	895	981	1020	1054	1091	1118	1094	1070	1119	1038	953	927	921	921	917	994	1058	1036
1065	1048	1025	960	945	940	954	984	926	937	993	1003	986	980	992	1012	1006	1007	986	936	931	928	927	927	924	946	1045	1040
1067	1049	1010	1000	979	940	916	953	934	984	1016	974	942	970	933	933	928	922	922	927	932	931	926	921	927	926	1019	1054
1065	991	1054	997	961	964	951	974	942	933	974	918	940	954	934	932	927	922	928	940	937	948	958	946	929	919	992	1055
1044	990	982	945	930	968	1003	961	955	935	948	965	964	955	938	928	930	924	926	943	955	997	1018	1009	971	923	963	1053
1020	1021	1013	985	956	941	951	939	913	918	944	972	943	947	960	949	921	920	928	939	1003	1055	1079	1064	1018	937	935	1044
1051	1017	1039	1067	1053	1000	948	935	924	922	945	954	932	916	920	944	933	925	930	932	998	1029	1020	1069	1036	940	928	1027
26	25	27	26	24	25	24	26	26	26	29	26	26	26	25	24	25	26	24	26	24	26	27	25	24	25	23	24
28	26	26	25	26	26	27	27	27	26	28	26	26	25	26	25	25	24	25	23	24	24	25	23	24	25	23	25
26	26	27	28	26	29	25	29	27	26	24	26	26	26	24	24	22	23	25	25	23	24	25	26	26	25	25	24
22	22	22	26	29	32	28	25	23	32	56	31	26	27	26	24	25	24	27	26	24	23	24	26	24	23	26	24
47	86	114	122	117	94	66	34	13	37	45	52	21	26	25	25	25	25	24	24	25	23	25	24	24	25	25	25
745	810	846	855	843	801	743	649	529	373	204	112	40	33	33	24	23	26	25	24	27	25	24	23	27	26	25	25
952	946	935	931	933	937	948	959	969	966	928	828	669	463	255	110	26	10	18	23	25	25	25	23	25	26	23	24
918	919	917	916	918	917	917	914	914	915	920	935	957	969	940	810	579	321	106	15	13	20	26	24	25	26	24	25
917	916	915	919	921	919	919	918	919	921	922	918	916	913	921	939	969	959	814	500	165	21	16	24	23	23	24	25
923	919	918	919	918	923	920	922	924	925	925	925	924	922	917	915	915	915	943	979	877	500	110	7	21	22	26	24
918	918	919	926	930	931	934	935	931	928	926	923	920	922	924	921	918	914	912	915	938	985	816	336	43	25	23	25
957	988	1013	1021	1042	1063	1068	1068	1042	1035	1030	1003	974	944	922	923	922	922	921	916	917	915	958	962	506	61	21	24
924	939	959	983	940	850	846	893	986	1002	992	1017	1056	1058	1026	1010	950	921	922	922	922	918	914	930	983	534	46	18
911	911	925	852	250	39	46	61	158	363	266	216	297	641	880	722	909	999	939	923	923	924	923	914	923	974	407	15
926	933	958	801	117	19	31	26	14	156	191	45	0	377	332	0	117	659	1045	1014	949	922	925	927	913	932	939	407
963	939	929	953	491	117	15	29	30	117	220	59	29	496	192	12	2	4	365	909	1047	998	952	927	924	917	929	952
959	895	872	931	779	641	323	56	0	118	201	44	149	599	66	26	37	16	0	193	906	1054	1039	964	930	925	915	918
995	951	953	934	967	1002	969	797	593	547	461	347	519	486	0	26	18	3	0	60	779	1017	1061	1048	981	928	919	911
1044	964	948	978	1003	944	921	958	999	987	861	780	904	721	244	342	552	449	327	627	961	923	1004	1058	1045	975	927	919
947	962	935	968	976	868	890	987	895	840	845	867	860	956	988	1068	1010	999	1017	1036	1061	844	920	1010	1052	1038	966	927
952	933	940	936	964	942	933	881	814	795	826	923	942	998	1010	905	480	753	1092	1088	1085	1068	996	980	1007	1060	1031	953
1028	972	943	941	949	979	970	910	870	843	842	959	962	1015	1032	796	604	875	1115	1069	1057	1041	1026	955	949	1044	1054	1007
1067	1062	965	935	939	964	992	985	913	875	959	1002	935	927	999	1037	1036	1031	974	943	976	969	953	942	927	995	1065	1035
1055	1009	1005	1001	930	948	953	975	880	911	1009	968	926	923	923	925	945	934	929	937	934	974	1016	1026	967	948	1060	1043
1068	1007	1036	1014	922	938	996	971	938	978	993	938	922	924	923	922	922	922	941	943	1012	1108	1129	1096	1045	936	1023	1057
1040	1016	964	944	940	977	1034	1042	971	984	982	944	938	932	923	926	932	938	939	976	1102	1119	1130	1120	1098	952	981	1060
950	934	946	950	951	952	963	1019	956	957	988	943	943	941	925	927	982	994	977	1018	1106	1115	1134	1141	1127	1029	966	1057
969	935	1001	1013	995	1002	923	917	917	960	1013	1007	964	918	912	947	1021	1049	1036	1041	1124	1174	1214	1193	1159	1048	953	1054
25	26	27	24	24	25	24	24	25	26	25	26	25	26	24	27	24	24	24	26	26	24	24	24	24	24	25	24
27	25	27	26	25	24	24	26	27	25	26	26	23	24	25	26	25	25	25	26	24	25	24	23	25	24	24	22
25	24	25	29	29	26	26	26	25	25	23	26	25	24	26	25	26	25	25	24	24	24	25	24	25	26	25	25
25	23	24	24	25	25	24	27	26	28	31	24	26	27	27	26	26	27	27	24	25	23	25	25	24	25	23	25
17	30	41	47	45	27	7	4	8	62	74	32	24	26	28	27	25	25	25	23	22	24	23	23	24	23	22	25
613	679	708	703	672	605	509	386	247	125	47	18	17	34	27	26	28	28	26	25	24	25	23	25	25	25	25	25
969	964	956	951	958	961	972	971	942	880	747	544	353	171	61	15	11	24	27	27	26	26	24	24	25	24	24	24
920	921	919	919	920	917	915	916	915	926	949	973	967	894	727	466	204	55	7	13	24	29	26	24	25	26	26	23
920	920	920	919	920	921	916	915	913	915	914	911	914	928	957	977	919	720	415	145	17	14	26	27	24	25	25	24
923	923	922	923	921	923	922	923	922	917	918	919	920	920	915	911	926	957	975	865	528	137	2	16	25	27	26	24
921	919	918	919	917	920	921	921	916	908	911	919	923	928	927	921	914	910	910	934	982	833	381	64	21	25	27	24
947	969	990	996	1006	1007	1009	1006	992	964	949	933	926	923	925	926	918	915	914	909	905	943	975	662	156	14	23	24
952	983	1007	1025	1053	1040	1040	1058	1087	1091	1079	1059	1029	1003	967	936	922	919	918	910	906	902	913	982	773	174	23	24
922	923	934	890	316	179	203	216	309	426	594	766	908	1022	1027	993	978	947	920	912	909	910	908	909	978	712	85	17
935	970	887	849	153	0	12	9	2	44	191	232	582	834	460	323	561	985	990	913	907	917	913	910	912	976	659	145
955	610	249	519	763	225	0	9	22	58	206	194	521	625	243	45	90	483	732	1000	977	934	917	922	913	914	974	754
927	586	643	847	830	849	537	276	175	21	175	273	735	575	284	74	34	253	280	679	1052	1018	976	930	925	914	910	960
951	927	974	934	910	998	1064	958	785	536	592	761	938	651	388	197	27	212	323	545	994	1044	1056	1006	937	930	916	912
1005	982	1007	906	938	966	949	917	904	1004	978	931	918	898	685	543	490	633	707	860	956	988	1057	1061	998	937	927	913
1007	989	985	1019	990	814	897	934	944	953	931	954	925	927	963	997	979	989	966	802	979	959	977	1062	1051	1000	937	921
956	984	978	984	1012	900	857	864	972	983	912	938	932	940	921	906	996	977	1049	1081	1099	1024	874	1034	1051	1039	992	932
987	980	956	977	998	904	784	886	900	986	970	942	926	941	981	701	791	1049	1062	1077	1102	1077	1032	1047	1034	1027	1025	965
1054	1070	964	932	980	965	930	1000	953	961	972	941	923	921	966	941	955	1024	960	981	1098	1099	1069	1070	1006	1033	1023	1006
1051	1020	994	1002	936	954	965	983	975	981	967	933	923	921	923	928	942	933	930	945	1031	1081	1085	1114	1085	1028	1041	1025
1064	1042	1022	1021	938	975	1002	1009	1047	1083	1073	1007	952	932	925	926	926	933	935	952	1061	1107	1126	1114	1108	1018	1045	1023
981	981	999	977	1060	1125	1131	1114	1091	1089	1086	1073	1076	1022	957	926	964	977	977	986	1084	1092	1104	1119	1133	1083	1030	1031
933	926	940	977	1089	1107	1074	1029	1028	970	956	1007	1103	1109	1044	986	1085	1067	1078	1082	1083	1101	1150	1174	1194	1155	1024	1032
946	944	980	976	958	1007	965	929	973	1014	1011	986	975	1007	989	1054	1162	1134	1092	1110	1100	1120	1167	1197	1212	1147	1001	1026
27	23	25	25	25	25	25	23	26	24	23	24	24	25	23	23	23	23	22	23	23	26	23	24	26	24	25	23
24	24	26	25	26	24	24	27	25	24	25	24	22	23	21	24	22	22	25	24	25	25	25	23	23	25	23	25
25	26	27	27	25	24	24	26	24	23	23	23	23	23	23	23	25	24	24	24	25	23	25	23	24	25	24	26
24	24	23	22	20	22	24	25	25	22	22	24	25	24	23	24	25	24	24	24	25	23	24	23	25	26	24	26
8	7	9	17	16	3	6	15	23	72	50	24	23	25	25	23	24	25	24	22	23	22	23	24	24	25	24	25
456	511	521	491	429	348	265	162	67	35	31	7	23	25	23	26	25	25	25	24	22	22	24	25	26	26	26	24
978	974	974	972	972	964	951	893	767	646	460	254	126	42	9	12	22	25	24	23	21	22	24	26	25	24	25	24
916	916	916	918	914	917	921	932	949	967	977	953	839	624	346	123	17	2	10	19	25	25	24	25	24	24	24	26
918	917	917	919	916	919	918	921	918	915	916	920	939	969	962	840	589	309	91	4	8	23	23	25	24	25	26	26
918	919	920	919	919	921	921	922	923	922	922	920	917	909	916	942	974	951	799	473	134	4	15	22	25	24	26	24
917	916	913	916	916	920	923	921	920	921	921	927	925	918	918	912	911	916	953	986	843	389	46	9	22	28	26	25
925	934	949	960	957	956	960	956	952	940	930	922	920	919	923	923	919	911	908	908	957	973	679	219	26	21	26	25
963	1001	1021	1034	1061	1084	1092	1098	1107	1089	1062	1009	966	945	924	913	920	923	916	910	906	918	982	853	288	26	28	27
926	928	926	911	641	436	453	439	545	690	789	960	988	986	1017	994	956	933	928	921	915	910	908	973	864	233	0	25
923	909	911	923	397	0	0	0	0	0	2	259	838	931	946	778	897	1026	965	918	919	918	913	909	974	778	227	42
783	742	562	649	831	312	35	27	38	41	17	0	639	884	556	139	158	489	795	987	932	920	916	913	909	962	886	337
926	960	971	882	905	938	686	433	123	4	0	47	754	539	197	32	22	61	84	688	1015	975	932	913	909	902	948	861
1011	1039	956	913	623	666	1046	970	667	309	242	642	926	403	194	43	31	75	41	112	914	1052	1009	939	918	914	904	942
989	1000	859	839	816	939	996	914	653	936	923	974	968	572	194	103	55	97	104	226	829	1049	1054	1022	949	921	912	908
994	956	868	954	923	811	899	977	757	923	927	924	933	920	597	313	210	232	388	767	1091	1078	1066	1065	1036	961	921	914
944	964	969	1002	969	936	1020	991	979	957	934	932	934	939	938	882	761	730	882	1080	1117	1081	1071	1059	1053	1024	946	918
959	958	936	956	956	998	999	944	917	945	932	929	942	943	936	967	976	964	975	1039	1090	1057	1023	1085	1053	1025	997	937
1027	1065	974	929	957	970	957	977	907	924	925	921	933	935	936	938	943	946	958	1026	1099	1104	1065	1102	1076	1026	1019	977
1065	1067	1017	1032	949	935	937	937	971	1026	1009	951	928	927	924	926	928	939	940	1038	1139	1127	1108	1098	1096	1054	1006	1009
1036	1051	1026	1023	978	968	980	1029	1103	1124	1120	1100	1048	1001	953	943	936	958	963	1032	1134	1114	1107	1102	1090	1066	1017	1015
948	978	997	1012	1046	1069	1098	1083	1077	1107	1108	1123	1129	1122	1085	1029	1003	865	970	1032	1060	1097	1123	1120	1163	1096	1030	1008
938	921	967	1078	1147	1137	1131	1052	1005	962	981	1065	1129	1133	1139	1100	1106	1116	1108	1109	1095	1114	1159	1191	1186	1096	1027	1007
943	951	947	987	1092	1141	1058	951	1020	1011	998	971	995	1073	1097	1095	1133	1187	1126	1097	1116	1095	1167	1207	1187	1072	1025	1014
25	24	24	23	23	23	25	24	25	25	26	25	26	25	25	24	24	23	25	26	25	26	25	26	25	25	25	25
23	24	25	23	24	23	26	26	25	27	25	24	25	24	25	24	23	24	25	27	26	24	26	25	26	26	23	25
24	25	23	24	24	24	26	25	25	26	25	25	25	25	23	24	26	26	26	26	25	24	27	25	26	26	24	25
23	24	25	24	24	26	25	24	26	24	25	26	26	25	23	26	25	27	25	26	26	26	26	25	25	25	25	25
15	10	12	16	17	17	22	25	29	44	28	27	26	26	24	25	26	27	25	26	26	25	25	25	27	25	25	24
184	201	195	162	106	61	54	27	26	69	39	21	26	25	26	25	27	26	26	24	26	25	26	26	27	25	25	22
913	924	913	884	824	757	665	503	320	206	109	44	38	24	23	27	27	28	26	24	27	27	26	27	26	24	24	23
930	927	928	940	948	959	970	978	956	919	803	605	371	161	34	4	15	26	28	28	28	26	26	27	26	26	24	24
915	915	914	914	913	912	914	917	925	931	955	979	968	861	623	329	111	20	7	20	27	27	26	27	26	26	24	26
916	917	917	917	917	915	916	914	915	916	915	912	922	944	980	956	800	511	226	54	5	20	27	24	26	25	24	25
918	919	917	918	915	917	920	917	920	921	921	919	918	914	913	923	956	983	899	630	258	27	7	21	27	26	25	24
915	916	922	927	925	924	921	921	916	917	917	917	924	924	920	912	910	914	945	984	893	513	139	35	19	27	24	22
968	1009	1031	1033	1024	1032	1033	1026	1030	1000	970	951	935	921	918	915	917	918	914	918	950	987	763	276	27	31	26	23
932	949	958	981	942	755	828	828	904	987	1023	1046	1005	981	964	946	928	925	922	920	913	926	987	849	289	39	37	30
950	934	921	939	850	251	18	29	61	176	324	599	955	994	912	852	972	971	932	923	922	914	916	980	817	237	76	57
974	1011	993	969	986	814	407	45	8	7	0	0	665	747	119	91	345	778	980	947	923	922	914	912	969	890	432	92
1006	954	1020	990	929	957	1011	741	73	20	38	11	605	172	0	7	0	87	506	931	974	940	924	914	905	952	927	330
960	872	956	937	877	898	1001	1059	584	44	11	177	694	15	12	36	30	0	25	503	1023	1021	959	922	913	907	951	855
1013	964	941	906	915	960	980	995	990	749	571	794	896	93	0	22	31	27	0	23	786	1080	1039	978	926	913	906	955
954	1006	969	862	776	984	1016	1008	929	940	955	944	946	669	153	0	0	3	0	63	774	1056	1058	1048	985	919	911	911
926	968	932	835	795	917	1014	970	935	921	919	923	924	949	918	566	181	103	227	718	1001	1008	1043	1057	1042	971	915	909
941	940	947	944	988	988	1001	943	942	933	929	945	956	931	933	969	904	843	920	1076	1056	1016	1036	1044	1050	1037	956	910
979	1064	971	962	952	963	945	931	926	934	932	936	946	958	953	952	959	973	1005	1073	1111	1105	1057	1050	1030	1045	1017	932
1013	1044	1022	1042	957	938	933	949	946	954	965	948	962	952	950	964	960	958	1008	1092	1105	1120	1048	1050	1035	1030	1035	964
965	1003	1002	989	983	986	980	986	1010	1010	1016	1011	1010	971	963	955	952	954	973	1008	1064	1081	1089	1091	1060	1017	1030	997
916	984	1064	1063	1052	1043	1031	986	997	1014	1019	1048	1050	1055	1050	1019	1001	1057	1078	1041	1038	1109	1132	1077	1090	1021	1011	1028
941	951	1080	1125	1140	1136	1087	993	959	943	955	998	1061	1117	1124	1126	1103	1170	1161	1115	1093	1098	1157	1176	1117	1029	990	1022
950	938	972	1052	1097	1109	1026	971	966	962	962	929	950	1066	1129	1141	1102	1159	1141	1103	1102	1074	1143	1192	1118	1028	1000	1027
23	25	24	26	24	25	23	24	22	26	24	24	25	25	24	25	24	25	24	26	25	24	24	24	25	25	24	23
23	27	24	25	24	23	24	25	24	24	23	24	24	24	26	24	25	24	24	26	23	25	23	24	25	25	24	24
24	25	24	25	24	26	24	25	24	24	23	25	24	24	25	24	25	24	24	25	25	25	24	24	25	25	25	25
23	25	27	26	25	24	26	24	23	25	23	25	23	24	24	24	22	25	27	25	26	25	24	26	25	25	25	24
25	25	26	24	26	25	24	23	21	22	24	26	23	24	24	25	24	25	26	26	26	26	25	24	26	24	25	23
23	18	16	10	3	14	30	21	46	62	26	24	26	25	23	25	25	27	25	26	26	26	25	25	26	24	25	24
463	480	444	374	289	230	161	79	51	44	23	36	33	27	26	26	26	26	27	24	26	26	26	25	25	25	26	24
958	964	958	940	908	861	794	676	507	373	242	123	47	11	18	24	27	28	28	25	27	28	28	26	25	26	25	24
941	938	941	943	949	962	963	972	961	929	853	726	529	288	102	17	5	16	24	28	28	27	27	27	26	26	25	26
917	916	918	915	913	917	913	919	932	942	959	969	962	892	728	465	202	41	0	13	32	31	25	28	26	26	26	24
920	916	915	915	915	915	915	914	910	911	915	918	934	953	972	951	838	600	293	69	16	50	51	34	23	23	25	24
915	912	908	911	914	912	910	911	912	914	915	916	918	915	925	937	961	973	892	634	273	62	80	94	55	27	20	24
950	980	995	1003	997	993	977	955	946	938	927	917	916	918	921	912	913	931	960	977	873	525	162	106	124	79	35	24
956	996	1005	1023	1026	1035	1028	1015	1025	1017	1030	1020	980	945	923	913	913	915	917	934	974	958	677	212	116	153	92	36
896	872	908	915	947	789	454	540	578	698	875	975	1048	1037	1027	980	944	916	919	914	919	948	981	752	229	82	161	96
783	740	885	953	955	970	444	22	13	51	132	175	642	901	577	685	896	976	934	921	921	914	931	981	851	365	102	149
955	966	966	965	990	1010	964	290	0	15	14	0	412	498	15	94	326	775	1005	967	932	916	911	923	982	911	396	65
930	999	920	958	945	905	1030	732	121	0	16	35	616	214	1	31	44	228	690	1041	1020	964	923	914	916	968	918	379
1018	1017	964	981	985	934	1011	953	701	445	307	468	897	103	7	37	34	41	190	720	1057	1053	1002	933	905	914	970	895
1006	1001	1030	1038	985	988	975	940	946	970	942	956	988	486	3	19	36	34	44	306	897	1057	1049	1005	930	907	918	967
936	947	995	977	863	989	983	940	931	921	924	925	927	943	650	172	0	0	0	225	902	983	1044	1046	1006	923	908	928
947	949	942	937	933	957	943	923	929	953	964	937	928	920	949	836	512	372	603	854	989	997	1018	1048	1050	992	914	915
1008	1056	985	1012	943	932	921	931	925	923	935	944	948	935	927	939	952	989	1084	1078	1017	998	1023	1028	1050	1032	957	911
1064	1067	1005	1014	974	954	943	953	947	950	945	953	959	943	941	937	949	1036	1108	1103	1064	1045	1008	1033	1027	1045	1006	923
1013	1047	1062	1021	993	968	947	983	1022	1016	971	945	962	960	966	954	980	1026	1064	1068	1061	1095	1083	1057	1024	1041	1040	960
996	988	1095	1115	1106	1073	978	1068	1102	1088	1000	959	985	948	949	960	975	1008	1027	1024	1051	1086	1086	1062	1046	1036	1044	997
1003	944	1059	1143	1160	1095	996	1015	1086	1151	1114	1078	1028	1000	1040	1056	1038	1070	1092	1081	1074	1073	1083	1057	1042	1037	1041	1020
967	932	958	1046	1052	961	960	992	993	1054	1066	1035	978	1000	1138	1165	1086	1107	1144	1095	1099	1073	1087	1074	1008	1038	1052	1043
25	25	24	26	25	26	26	26	26	28	26	27	26	26	27	24	25	28	24	25	26	25	27	25	25	25	25	23
24	25	26	26	26	25	26	27	26	27	26	26	26	28	25	25	26	27	24	26	26	26	25	24	24	25	25	25
25	26	27	26	27	26	26	27	26	26	27	28	27	26	25	26	26	25	25	26	27	24	24	24	24	25	25	25
25	25	25	27	25	27	28	27	26	27	26	27	27	27	25	25	24	25	26	27	26	24	23	26	25	25	25	25
26	27	27	27	26	27	27	27	26	26	27	26	26	25	25	24	25	26	28	26	25	24	25	26	25	25	24	24
21	20	22	22	22	25	25	23	27	25	26	28	26	24	25	25	25	27	28	26	24	25	25	27	24	24	26	25
36	32	24	13	16	44	44	26	73	49	21	24	25	25	25	25	23	27	28	27	25	26	25	26	26	25	26	24
363	385	371	323	254	174	122	90	61	42	52	43	23	20	24	24	26	25	28	25	25	26	26	27	27	26	26	26
813	832	815	803	780	713	631	522	394	261	151	94	53	31	31	43	53	65	56	32	22	23	27	27	27	27	25	26
961	960	950	955	964	960	954	931	891	826	702	558	377	204	99	55	53	77	107	110	81	46	26	26	27	27	27	26
923	921	924	926	924	934	925	935	950	961	967	955	889	740	529	320	169	83	69	109	139	117	65	34	26	27	26	24
921	917	913	914	913	912	911	911	913	915	920	926	948	970	952	859	674	424	207	96	87	124	116	67	35	27	24	27
927	940	944	949	949	943	939	928	919	915	913	913	909	917	932	957	968	890	682	402	175	83	114	125	72	32	22	26
967	1038	1060	1064	1060	1066	1054	1022	1000	989	972	944	913	912	916	915	918	953	971	889	620	271	75	100	116	79	40	25
865	739	879	989	998	1004	1036	1025	1009	1026	1063	1058	1022	979	941	924	921	912	926	964	967	781	391	82	61	75	76	41
145	66	565	1012	795	642	760	650	632	668	861	894	965	1032	998	975	953	926	922	921	942	978	882	531	188	65	86	60
499	614	965	1002	634	541	511	211	310	146	199	485	707	896	689	852	989	984	946	930	924	927	975	942	637	209	50	75
1041	1077	1029	996	877	750	613	317	388	281	98	351	524	660	102	185	602	1010	1063	1006	965	934	921	958	950	671	226	54
898	949	992	1051	862	533	716	707	772	689	363	554	736	562	55	0	17	356	936	1111	1045	1007	944	916	949	942	668	191
974	962	954	1033	809	507	681	844	932	964	942	809	885	706	98	4	18	0	185	929	1083	1048	1019	950	914	952	897	575
946	923	930	987	1081	1078	1070	1061	947	913	928	947	918	937	416	2	0	26	0	359	1015	1046	1046	1026	951	914	948	843
939	957	938	944	981	1004	1010	973	953	942	931	939	917	922	914	643	324	226	378	766	900	1010	1048	1048	1019	933	921	928
1031	1058	1031	1016	932	917	922	960	970	922	943	934	930	914	924	972	998	987	1031	966	927	992	1041	1052	1040	999	916	933
1065	1065	1019	963	965	957	949	960	960	930	936	933	943	930	921	913	967	1052	1029	1045	1083	1093	1060	1045	1048	1027	968	916
1065	1038	1052	990	968	997	960	999	1058	1045	952	932	955	941	930	924	1011	1083	1053	1098	1102	1103	1066	1037	1053	1058	1023	928
1075	1026	1004	1061	1052	999	1052	1143	1112	1112	943	917	1011	951	927	970	1060	1077	1050	1084	1106	1108	1066	986	1044	1059	1032	958
1101	1002	941	1012	1039	1001	1062	1103	1115	1160	1221	1180	1071	1014	1015	961	1011	1074	1038	1049	1083	1097	1066	943	1024	1057	1053	993
1007	938	915	941	960	970	1002	1007	1052	1107	1164	1137	1089	1085	1047	801	1049	1097	1083	1086	1078	1097	1104	969	980	1050	1066	1007
24	23	22	24	25	23	25	24	27	25	25	25	26	26	25	25	26	25	25	26	25	26	26	26	25	25	25	23
23	23	24	25	25	24	26	25	26	24	25	26	25	26	26	25	26	25	24	26	27	26	26	26	25	26	23	24
23	23	25	26	24	24	25	26	25	25	26	25	26	25	25	25	25	26	25	27	26	26	26	25	26	26	23	25
24	24	26	25	25	25	25	25	26	25	25	25	27	25	25	25	25	27	26	26	26	26	25	26	25	23	24	24
20	20	24	23	25	26	25	25	26	24	26	26	27	25	26	26	26	26	27	26	27	25	24	26	24	24	25	24
29	27	20	22	20	22	24	29	27	25	23	23	24	25	25	26	26	27	27	25	27	25	26	25	24	24	25	23
33	28	18	19	21	39	35	37	65	56	55	44	28	23	19	22	25	27	27	26	26	27	25	24	24	24	25	23
43	33	32	38	52	50	66	68	105	90	97	104	114	108	86	62	40	27	25	25	25	26	25	25	24	24	24	23
109	122	106	108	91	58	37	62	60	50	80	96	104	116	132	139	122	89	51	29	26	24	26	23	25	25	22	23
618	583	492	510	511	423	372	285	209	131	56	40	55	80	98	97	101	101	86	57	34	24	24	24	26	23	23	23
983	963	961	959	946	934	907	847	782	673	535	394	202	82	48	61	86	83	70	52	37	25	21	20	22	24	23	23
918	916	918	917	917	933	926	937	951	959	958	920	793	610	378	181	67	51	80	83	65	37	25	54	30	23	24	24
915	914	914	915	919	916	914	917	914	914	915	923	947	965	930	772	499	212	60	38	75	89	70	96	74	28	23	23
940	973	1009	1023	1031	1036	1024	1011	993	961	929	914	911	916	933	958	939	790	521	207	23	29	85	118	95	57	41	25
929	929	993	1056	1073	1080	1102	1099	1069	1052	1031	992	955	922	914	915	930	955	954	761	401	101	0	58	80	44	48	36
740	814	993	1055	704	276	443	674	949	1033	1052	1095	1102	1038	970	933	921	917	928	972	908	578	205	20	80	80	66	57
553	945	1043	968	250	0	0	13	286	817	376	331	515	894	995	996	994	930	920	916	949	969	725	278	24	23	44	75
893	1039	970	964	574	91	0	0	129	818	181	0	0	576	741	407	775	1058	1010	956	926	931	972	766	323	21	4	42
970	958	926	964	954	678	290	419	802	1025	466	39	143	809	705	151	55	526	1051	1064	1019	956	923	974	770	307	13	0
958	932	928	940	904	935	996	1079	1019	948	928	514	473	919	885	377	127	76	379	1002	1063	1032	977	923	975	707	220	0
930	923	918	925	967	999	1018	1014	942	945	946	997	1002	879	940	756	493	472	333	783	1040	1050	1042	985	927	965	570	143
958	978	990	936	931	944	959	952	922	927	929	931	955	935	976	964	918	931	823	927	928	1027	1065	1036	985	936	912	410
1034	1070	1033	946	927	918	925	986	975	931	933	943	926	944	952	962	1034	1009	980	939	935	991	1063	1047	1021	963	957	773
1042	1010	938	977	965	951	980	1000	944	946	933	944	935	918	918	942	1027	1043	1020	976	1047	1079	1057	1060	1041	1029	938	960
1073	1037	960	932	931	958	982	939	956	974	924	931	926	918	909	935	1008	1042	1025	1072	1130	1130	1054	1043	1069	1055	991	929
1068	1077	1025	973	927	917	1023	1072	1078	1014	960	968	933	931	940	959	975	1009	1022	1095	1119	1131	1073	1015	1062	1054	1029	932
1077	1064	960	953	925	949	1099	1130	1103	1043	1022	1007	962	979	973	893	974	1005	1021	1083	1081	1101	1025	960	1039	1066	1047	956
1042	1007	959	938	935	998	1026	1126	1090	985	988	985	982	1085	914	586	997	992	974	1099	1120	1116	1044	926	1022	1067	1063	978
25	24	24	24	24	25	26	24	25	24	24	24	26	24	24	25	25	23	24	25	23	23	24	24	25	26	24	24
24	25	25	25	25	25	25	24	25	26	24	24	26	24	26	24	24	24	23	25	25	24	23	24	25	24	25	26
24	25	26	26	25	25	25	25	25	24	24	25	26	24	26	22	24	25	24	25	26	23	24	24	25	24	26	25
31	21	23	25	24	25	25	26	26	25	24	25	23	25	26	24	25	25	26	25	26	23	23	25	24	25	25	25
134	79	38	29	25	23	21	23	22	25	26	26	25	24	25	26	25	26	27	24	25	23	23	25	24	24	25	25
187	176	121	104	70	75	70	57	34	22	21	22	24	25	25	25	26	26	26	25	24	23	25	24	24	25	23	24
159	187	132	132	110	108	123	135	130	110	85	57	36	28	23	28	27	25	25	24	23	26	25	22	24	24	26	25
123	150	103	102	100	105	115	116	142	131	129	121	100	73	47	34	27	25	25	24	23	24	24	22	23	24	24	23
91	97	86	84	67	53	61	107	117	95	106	103	79	65	49	37	27	23	20	23	24	22	24	23	23	24	24	25
175	171	169	156	124	91	66	64	68	31	36	51	81	86	81	57	31	18	17	19	22	21	24	23	24	23	23	25
856	809	781	758	730	683	618	506	389	261	160	83	41	32	45	67	81	71	39	18	15	21	23	16	19	22	23	25
975	955	963	961	961	980	982	987	985	947	848	665	429	224	97	41	31	48	75	79	55	23	20	110	54	17	23	24
916	915	914	915	913	915	913	912	917	929	955	980	995	917	683	372	148	59	33	47	81	101	76	174	152	36	23	20
961	958	967	986	983	978	973	967	943	926	917	913	913	934	980	981	800	453	164	52	27	45	83	141	184	120	83	36
961	986	1041	1049	1071	1100	1093	1093	1062	1028	975	942	922	907	907	914	963	997	825	412	121	47	13	90	106	89	93	93
950	945	954	961	784	745	890	964	1026	1009	1013	1033	1038	976	929	918	915	915	963	994	702	247	79	53	117	88	64	96
519	962	990	738	191	243	365	277	609	960	915	818	903	1001	984	974	943	917	911	915	1001	901	401	98	43	58	46	67
353	977	990	762	399	648	555	251	494	957	816	685	679	858	959	969	1031	1006	953	934	912	957	977	514	126	37	23	32
857	957	933	937	919	593	659	628	816	975	897	853	859	889	1025	885	839	1001	1073	1028	988	931	936	993	571	139	37	17
948	927	923	991	778	258	332	764	1006	953	966	979	975	952	1017	947	584	569	1020	1075	1050	1016	946	926	993	551	133	35
923	921	918	969	905	707	780	968	940	960	1007	1015	1009	859	981	927	484	354	631	1050	1048	1039	1022	960	930	971	469	114
952	982	942	920	944	978	970	946	967	984	1040	995	1028	882	995	965	762	740	836	1037	1004	1047	1040	1015	958	937	914	333
1019	1014	992	927	919	916	925	967	970	1016	1051	951	1000	941	923	999	940	1012	1049	948	968	989	1054	1026	1018	952	960	779
973	967	950	934	969	956	967	968	957	1069	1028	939	949	956	947	975	996	979	1030	1023	977	944	1028	1064	1051	1027	927	968
1065	1038	943	916	942	944	927	953	1048	1076	948	947	933	933	944	948	983	731	958	897	955	971	988	1052	1067	1046	977	921
1071	1077	1032	975	922	927	950	1057	1116	1026	914	941	935	921	920	944	962	685	881	893	1048	999	955	1041	1066	1057	1020	923
1073	1078	1018	943	943	958	998	1098	1104	1001	907	924	943	915	926	939	956	994	988	1023	1063	1003	925	1003	1058	1064	1043	947
1074	1076	1000	925	944	985	963	1067	1087	987	921	953	946	928	940	959	938	950	968	979	1041	1049	944	971	1040	1066	1049	963
23	23	22	24	25	24	24	25	25	25	25	25	27	26	26	25	25	26	23	25	26	26	25	23	26	25	24	25
22	25	23	23	23	25	23	25	26	26	25	25	27	26	24	24	24	25	26	25	25	25	26	24	27	25	25	26
22	25	24	24	22	25	24	25	26	25	27	25	24	25	25	24	24	25	26	25	25	26	27	26	26	24	25	25
32	20	20	21	23	26	25	25	27	24	24	26	24	26	26	26	25	25	25	26	26	25	27	25	26	24	26	25
152	76	46	28	22	23	26	25	26	26	27	25	27	25	26	25	26	24	26	27	26	25	27	26	24	25	27	24
199	174	139	91	63	43	33	26	25	28	27	28	26	24	24	25	26	27	27	26	24	25	26	26	24	25	25	23
151	162	143	122	103	72	59	45	37	30	22	24	25	25	26	25	25	27	26	24	24	27	24	25	25	24	25	24
126	191	150	131	125	95	99	73	90	75	57	33	18	19	22	25	25	26	24	23	25	24	24	26	26	23	24	26
109	114	86	104	77	47	40	78	99	55	68	84	57	32	25	19	18	22	25	25	22	24	25	24	24	25	25	24
398	398	372	335	298	234	177	130	106	38	16	14	60	80	80	74	53	28	19	21	23	23	23	23	23	25	23	23
954	933	915	896	893	875	836	772	677	548	391	230	100	30	11	42	70	86	61	34	20	19	21	17	20	24	24	25
930	928	933	935	930	940	948	954	965	970	955	879	734	520	285	101	9	16	74	108	81	45	17	107	68	18	26	24
919	916	915	918	930	930	924	917	913	917	929	939	968	982	906	724	448	178	22	10	56	123	86	157	170	42	20	20
959	939	939	955	958	941	931	926	918	918	916	920	918	918	936	969	964	813	503	177	21	14	68	100	183	126	99	37
1007	1026	1037	1047	1065	1065	1050	1032	1014	972	935	923	919	918	916	910	923	959	967	791	428	118	22	92	99	89	84	112
921	945	1006	1038	964	972	1074	1077	1069	1019	1019	999	954	925	919	917	917	911	919	961	945	650	233	39	99	103	59	86
941	934	818	365	100	113	583	833	943	966	981	1003	1005	989	962	938	920	920	918	910	943	984	804	364	53	58	72	70
919	943	792	361	178	350	671	643	807	989	930	969	1032	1044	990	985	1000	965	934	930	918	927	976	884	446	66	7	22
923	923	939	933	948	787	867	707	863	979	933	1022	1096	1107	971	1006	912	1051	1047	990	965	932	920	960	914	489	72	10
925	921	916	1007	909	477	652	947	978	939	1030	1065	1066	1110	1128	878	109	354	1043	1065	1044	998	941	915	956	910	465	59
917	918	915	970	947	816	891	982	977	1003	1151	1123	998	1030	1066	637	0	0	529	1106	1056	1043	1018	954	919	959	877	391
958	928	918	923	948	955	936	950	979	1059	1196	1157	1026	991	1027	841	143	205	743	780	983	1080	1033	1013	964	918	960	792
997	955	960	929	921	932	922	942	925	1068	1156	1055	998	947	955	1055	935	992	1072	326	568	1094	1058	1023	1036	952	922	951
940	950	970	948	934	973	948	954	962	1083	1085	943	1000	961	944	1029	958	961	1047	924	731	1005	1025	1054	1041	1028	932	927
1042	1029	947	915	926	968	956	931	1009	1049	973	948	957	976	1000	1031	1018	732	876	834	992	1007	979	1044	1042	1050	981	918
1075	1077	1039	976	925	921	915	953	1009	955	965	960	932	956	974	974	993	860	887	871	1009	938	953	1041	1066	1051	1017	929
1074	1065	1039	943	964	984	917	954	964	929	949	955	947	930	921	927	994	999	978	1015	988	912	923	1030	1068	1054	1044	949
1072	1172	1068	918	953	973	950	930	954	958	964	951	933	921	919	925	956	1004	1031	1024	958	918	913	1011	1067	1029	1043	964
24	24	22	24	24	25	24	25	26	25	25	24	27	26	25	24	26	25	24	27	27	26	27	25	26	26	25	24
24	23	23	25	23	25	25	24	25	26	26	24	25	25	25	24	27	24	25	27	26	27	27	25	26	26	25	24
25	24	24	25	23	24	25	25	26	26	25	25	26	25	23	25	26	26	27	27	26	27	27	25	25	26	26	23
24	24	25	26	24	26	25	24	26	26	24	27	25	26	24	26	24	27	28	27	26	26	27	26	24	25	26	23
20	18	20	22	24	26	26	26	25	27	26	27	26	26	26	25	25	25	26	26	28	27	26	25	25	25	25	24
36	32	24	28	24	22	24	26	27	25	25	26	26	25	25	25	26	25	25	27	29	26	25	26	26	25	25	25
77	126	139	80	67	29	26	22	29	48	36	24	27	27	27	27	26	25	26	28	27	26	25	27	25	25	25	24
81	93	62	79	93	81	77	63	65	72	70	60	26	24	24	25	26	25	26	24	24	24	26	25	25	24	23	24
222	231	224	227	199	142	86	82	89	42	30	60	70	50	43	30	21	20	25	23	23	25	25	25	23	24	23	24
886	882	872	856	835	795	739	658	565	424	276	149	88	63	61	85	77	51	28	19	23	24	23	24	23	25	23	23
941	942	941	944	948	952	957	965	970	960	916	822	653	442	221	86	48	67	83	64	32	19	23	19	22	25	25	23
912	914	913	914	912	919	913	912	916	921	939	958	986	973	881	676	397	148	51	90	102	72	24	112	71	18	23	24
920	917	917	914	919	946	933	929	924	918	919	910	917	931	949	983	961	803	480	156	44	99	91	150	184	61	33	19
943	930	921	922	927	927	919	915	912	919	921	919	916	914	913	914	938	975	973	808	441	100	51	73	175	123	110	64
1021	1035	1018	1019	1016	997	999	983	964	936	920	916	921	923	920	917	913	909	923	971	968	705	258	83	106	90	59	102
941	1012	1063	1098	1098	1096	1074	1068	1075	1051	1020	973	932	916	921	920	918	915	908	907	942	983	855	401	110	114	69	81
923	936	772	490	469	502	862	1004	973	1051	1048	1051	1021	970	935	927	920	919	919	913	907	917	966	929	522	114	65	79
930	941	642	0	0	0	633	353	287	684	958	945	965	1040	1024	995	968	942	923	922	916	918	912	950	964	614	120	25
938	928	952	671	384	610	884	479	461	762	946	913	991	1013	969	1108	954	1042	1010	951	933	920	917	911	941	968	640	104
938	923	935	969	977	992	959	855	896	940	919	930	997	1139	1174	1034	421	671	1047	1032	1007	984	934	915	912	938	963	603
924	927	934	926	927	936	938	957	977	915	970	1015	956	1062	1141	717	213	323	621	1051	1042	1022	1004	961	920	912	946	931
933	940	934	930	934	926	927	927	949	950	1055	1067	939	933	956	804	437	450	726	919	1031	1055	1025	1021	970	917	913	945
937	961	962	925	923	929	923	929	938	943	1020	986	932	973	975	978	1076	1090	1083	721	871	1077	1057	1035	1042	963	918	918
932	937	981	958	936	953	954	939	950	957	961	927	953	989	998	977	945	981	1074	968	652	1006	1052	1064	1028	1039	938	917
1044	1013	931	921	923	935	960	964	957	949	946	929	1013	994	971	1032	945	936	962	1048	1065	1122	1013	1039	1035	1053	984	922
1072	1077	1018	954	927	920	918	923	925	947	956	924	985	958	895	1002	977	1000	984	981	1070	1060	942	1022	1055	1037	1027	932
1071	1072	1038	941	977	984	973	951	918	934	955	933	968	1007	979	942	1013	1013	961	991	982	926	927	1028	1064	1011	1040	952
1092	1122	1031	925	960	973	1008	959	946	948	939	931	935	956	939	937	1009	957	931	999	1002	932	922	1025	1067	1031	1039	965
24	25	25	25	25	27	25	25	27	25	25	24	26	26	25	23	25	26	25	25	26	26	26	25	26	27	24	24
25	25	25	27	26	25	27	24	25	26	25	25	25	25	25	24	25	25	27	26	26	27	25	24	25	26	26	25
25	28	27	29	25	25	27	25	25	25	26	26	25	26	24	26	25	26	26	25	26	26	26	25	25	25	25	26
27	27	26	26	26	25	27	26	26	26	26	27	26	25	24	26	26	26	27	25	25	25	26	26	24	24	27	26
22	21	20	21	23	29	28	26	26	27	27	27	26	25	26	26	24	25	27	24	25	26	27	24	24	27	24	25
29	56	78	65	46	27	26	27	27	22	24	25	25	25	27	24	25	25	25	25	26	26	24	25	26	26	26	28
81	125	140	95	86	58	46	38	24	59	63	31	23	26	28	28	27	24	26	26	25	25	26	25	25	27	25	24
68	66	41	73	79	69	64	60	48	70	52	73	32	23	23	24	23	23	25	24	22	25	25	23	26	25	23	27
525	572	627	644	627	562	467	360	250	148	53	26	53	50	55	39	24	19	20	23	23	23	23	25	24	24	26	23
990	979	975	972	975	980	989	984	956	888	776	607	392	198	82	67	85	79	44	21	22	24	24	25	25	25	25	24
913	914	913	915	916	912	914	913	918	935	956	990	998	935	735	441	163	47	58	84	49	25	21	19	22	23	25	24
917	915	915	918	920	923	920	918	919	918	917	913	917	936	972	1005	923	636	261	74	90	83	29	98	64	16	23	25
921	919	918	920	917	922	920	921	922	921	918	915	915	922	914	914	935	997	978	684	253	52	68	142	185	65	41	21
929	917	917	918	915	915	917	918	916	917	920	920	916	915	915	916	912	909	921	996	969	570	141	53	174	128	109	75
1017	1011	998	1001	984	968	962	944	926	917	919	920	918	919	921	919	917	915	912	911	937	1010	832	314	93	96	58	89
994	1063	1070	1094	1093	1072	1046	1025	1031	1014	976	937	919	918	918	919	923	917	914	912	914	914	972	945	458	102	74	88
928	960	942	703	808	939	1060	1046	1074	1101	1081	1059	1001	943	926	920	917	922	924	918	919	915	909	947	988	556	67	51
944	929	838	29	22	111	681	261	294	461	892	1000	990	979	989	969	951	932	921	922	923	916	915	908	932	1000	617	57
931	923	960	541	43	176	669	0	0	121	707	928	912	983	1060	1073	1037	1028	985	948	930	923	919	917	916	920	996	614
936	943	931	959	849	873	931	536	536	772	922	905	913	983	1072	1101	1092	1065	1060	1028	1005	975	938	923	919	916	923	976
928	938	935	923	951	943	931	989	996	955	926	910	913	943	998	1042	1027	1088	1103	1068	1047	1018	1006	964	922	911	913	927
949	929	927	948	965	943	923	949	942	935	929	934	937	933	939	972	1020	1119	1115	1034	1063	1057	1024	1026	979	920	915	914
951	960	953	934	970	964	926	926	939	934	921	941	940	925	926	925	950	992	1074	1075	1085	1043	1064	1054	1046	966	917	915
943	944	1003	948	934	947	951	954	929	930	946	949	939	943	945	935	931	925	1042	1133	1153	1074	1023	1065	1042	1038	937	916
1061	978	944	957	940	923	937	955	956	959	932	941	962	978	951	925	910	909	969	1087	1124	1064	975	1059	1047	1055	988	922
1087	1073	957	929	917	926	933	976	945	958	928	964	1029	991	1008	998	939	1000	1022	1002	1020	971	964	1022	1046	1013	1034	936
1064	1072	992	945	959	953	944	971	951	943	937	948	915	877	980	1058	1061	1072	1079	1056	957	909	965	1010	1054	1014	1049	949
1126	1127	959	926	952	962	1001	991	962	941	938	927	948	978	971	1071	1091	1043	1037	1021	950	909	972	1000	1052	1058	1054	952
25	23	25	25	25	26	25	26	26	24	26	25	26	27	27	26	25	26	26	27	27	26	27	26	26	26	25	25
25	23	24	25	26	25	25	25	26	25	26	25	27	26	26	26	25	27	26	27	26	27	27	27	27	25	26	26
26	26	27	26	26	26	25	25	24	27	26	26	27	27	26	26	26	26	27	26	28	26	27	27	26	26	26	26
25	26	25	26	28	26	27	26	26	26	28	28	27	27	26	26	28	26	27	26	27	28	26	26	28	24	25	26
21	22	19	22	25	26	28	27	28	28	26	28	27	26	27	27	25	27	26	27	28	26	27	26	26	26	24	26
50	93	131	91	64	34	25	27	27	25	25	24	27	26	26	26	27	27	27	26	24	27	27	28	26	26	25	25
87	97	91	83	79	63	53	61	33	46	78	43	22	25	27	27	27	25	27	27	25	27	28	27	24	25	24	25
100	119	134	159	164	132	82	58	57	52	51	66	38	22	20	21	21	24	25	26	24	25	25	24	26	25	25	25
766	812	855	868	866	838	769	651	493	348	219	122	77	53	52	48	34	23	22	24	28	26	25	27	26	26	26	24
950	941	934	930	931	936	943	961	973	962	928	847	677	436	208	83	66	87	64	33	23	26	24	24	26	25	24	24
917	916	915	916	917	917	918	915	913	916	920	934	963	987	931	729	388	130	48	72	65	31	23	17	20	25	23	26
917	916	916	915	916	919	922	917	917	918	918	916	911	915	919	959	990	867	548	185	60	76	36	112	102	16	21	24
918	918	918	918	918	917	915	918	918	916	917	917	912	922	914	912	912	937	987	942	579	161	46	160	250	107	63	26
919	914	916	919	918	919	919	922	917	919	915	918	918	920	922	916	915	916	909	937	991	887	428	86	189	175	146	130
1002	981	972	971	956	941	926	920	917	915	913	918	917	918	919	923	921	917	915	913	909	942	989	661	175	106	56	87
1051	1073	1066	1075	1071	1056	1021	984	978	961	928	917	919	922	921	920	923	928	921	915	919	917	917	988	811	263	64	81
942	1000	1019	978	971	1059	1074	1082	1105	1096	1059	1010	958	933	922	924	920	919	927	924	917	914	914	915	968	897	317	16
764	942	950	350	62	197	806	790	658	786	945	1038	1023	1010	989	953	944	928	917	925	927	921	917	916	912	948	936	364
917	952	1009	582	78	75	737	389	7	0	325	986	1031	1060	1064	1053	1047	1037	989	948	932	927	922	916	917	917	936	941
946	940	941	983	901	891	970	681	216	234	706	978	1013	1030	1071	1093	1088	1070	1064	1035	1003	963	935	925	919	921	917	930
928	946	938	944	928	1001	961	973	921	929	955	940	948	947	1056	1136	1104	1034	957	1045	1053	1026	972	953	924	916	920	925
963	925	997	1023	950	1076	961	953	957	952	941	951	947	934	998	1073	1031	1062	1039	1055	1059	1058	1041	1034	960	920	918	915
959	924	968	1088	1133	1049	950	949	933	949	933	929	947	932	933	943	966	1046	1079	1075	1053	1013	1063	1061	1036	958	921	914
945	954	966	967	1022	977	932	951	948	936	927	927	931	933	942	936	936	977	1038	1091	1079	1002	1023	1064	1058	1034	941	920
957	951	1000	959	935	929	927	932	938	932	929	944	948	955	933	929	930	925	980	1042	1071	973	1000	1046	1044	1055	989	927
1063	999	928	926	927	931	930	929	944	939	933	1026	1012	999	1014	952	939	994	1067	1064	992	916	1015	1004	1041	1051	1036	936
1081	1053	937	946	934	932	945	934	939	939	936	1015	933	777	976	1040	996	1069	1118	1135	983	910	1017	962	1009	1063	1045	940
1077	1024	942	964	961	948	1024	1028	1021	977	937	985	975	951	1005	1105	1081	1083	1122	1098	933	934	1020	973	978	1044	1035	938
25	25	25	25	26	24	25	26	25	25	25	25	26	25	26	25	25	25	27	26	26	26	27	26	25	25	25	25
25	26	25	25	25	24	24	26	26	26	25	25	25	24	27	26	26	25	26	25	27	26	26	27	26	25	25	25
24	25	26	23	26	25	26	26	25	27	25	24	25	26	24	27	27	27	26	27	26	25	26	26	26	24	24	26
25	24	24	25	28	27	26	24	26	27	27	26	25	27	27	25	27	27	26	25	25	26	25	26	25	25	25	24
25	33	26	27	27	24	28	28	28	28	28	27	25	25	26	25	25	25	26	27	27	25	26	26	25	27	24	25
66	103	156	113	74	45	24	26	26	27	26	25	27	26	25	26	26	25	26	27	26	26	26	24	26	26	25	23
75	77	61	63	72	61	47	67	42	31	77	60	23	24	25	23	24	23	25	24	25	24	24	24	22	25	23	21
181	222	255	268	268	228	157	100	65	29	36	42	47	23	21	23	23	24	27	25	26	26	27	24	25	26	26	24
897	922	935	940	935	928	901	827	713	561	387	216	117	62	44	46	38	25	22	24	26	24	25	26	25	25	25	25
929	924	921	920	917	919	921	934	953	968	969	931	817	607	347	143	67	77	73	41	24	23	26	25	25	24	24	24
917	918	918	915	916	915	918	918	913	911	910	914	934	967	965	852	558	219	90	80	76	40	24	21	21	27	24	26
917	916	916	916	915	917	917	918	914	915	916	914	912	919	914	929	975	934	688	310	75	78	43	85	104	21	19	21
919	920	920	916	915	916	916	917	915	916	915	916	915	919	914	911	907	917	967	979	738	293	69	110	195	99	56	30
923	919	916	919	927	922	920	921	917	918	917	917	919	920	920	916	915	912	911	914	959	958	613	145	121	130	98	105
962	945	945	941	938	921	916	913	916	923	914	915	922	916	916	916	918	919	914	913	910	917	977	830	307	71	32	62
1064	1060	1056	1051	1046	1023	988	961	938	930	914	915	919	916	919	918	914	920	923	917	910	915	912	950	939	470	75	79
1015	1052	1076	1093	1081	1087	1070	1080	1076	1054	1013	963	936	925	915	915	919	919	925	925	917	914	913	913	929	982	579	62
466	896	593	548	383	631	983	900	887	968	1040	1058	1035	1020	987	960	945	929	916	916	924	920	913	913	914	921	982	689
509	835	367	280	356	631	752	103	61	135	747	1069	985	1098	1039	967	1047	1038	1008	971	926	919	922	917	917	919	910	958
967	975	956	986	1013	1019	978	453	11	109	885	1141	1134	1099	1102	1071	1074	1071	1080	1054	1024	960	930	930	919	915	915	918
938	934	985	839	663	826	680	845	768	778	962	1044	1080	1014	1077	1144	1094	1073	848	987	1048	1034	987	942	925	919	920	917
960	949	1071	1039	952	864	803	1091	1092	959	927	929	936	939	985	1073	1083	1010	440	524	1000	1042	1060	1010	948	924	917	914
944	933	1027	1082	1102	1070	1082	1091	1003	936	950	939	947	942	945	952	1020	1095	536	465	994	1003	1051	1048	1020	944	925	918
958	935	971	1060	1106	1012	950	943	957	955	938	940	937	931	938	939	952	1109	1062	1067	1038	992	979	1034	1014	1014	935	924
929	960	965	967	968	942	932	928	930	932	939	947	955	945	935	937	947	981	1080	1105	966	1002	1005	1011	1014	1047	975	927
962	945	973	953	926	935	936	939	945	922	982	1007	996	998	963	947	966	1016	1063	1104	958	971	1049	981	1004	1049	996	930
1063	973	925	928	937	951	938	945	962	933	953	1031	986	927	1024	928	982	1084	1102	1050	929	973	1085	1092	1067	1014	992	931
1073	987	939	973	953	951	1020	1051	1063	1037	961	974	989	993	943	672	1008	1092	1086	985	912	963	1198	1273	1293	1116	966	949
