0	0	5	21	23	25	23	23	23	24	23	24	23	24	23	24	22	23	23	24	24	23	22	24	26	24	25	23
0	6	21	23	21	22	23	23	22	22	22	24	23	22	23	24	23	22	24	24	23	22	23	24	26	26	24	23
5	22	22	22	23	22	22	23	22	22	22	22	23	21	22	24	23	21	22	23	22	20	23	24	24	25	25	24
20	23	23	22	22	23	23	22	22	23	22	22	23	23	22	23	23	21	22	23	20	19	23	24	25	24	25	23
23	22	22	22	23	23	22	23	23	21	22	23	23	21	21	22	24	21	21	23	18	19	25	24	24	24	25	17
21	24	22	23	21	22	22	22	23	23	23	22	22	23	23	21	22	23	21	22	18	21	23	24	24	22	0	55
22	22	23	22	23	22	22	21	22	23	22	23	23	23	23	23	22	23	21	20	18	23	25	25	2	3	316	790
23	22	23	24	24	23	22	23	24	23	23	23	23	23	23	22	23	24	23	20	19	27	12	0	182	654	942	922
22	24	21	22	24	24	23	23	22	23	23	22	22	22	22	24	22	22	22	18	23	0	114	562	905	936	896	921
21	22	24	23	21	22	24	23	22	22	22	23	22	22	23	22	23	22	22	11	3	354	854	946	905	892	962	1050
22	21	21	23	22	22	22	23	23	23	24	24	23	23	24	23	23	25	14	13	550	948	919	899	917	1005	1005	452
23	23	23	22	23	23	22	23	23	24	23	23	25	23	23	23	24	19	0	548	966	907	906	939	1025	985	898	688
22	23	22	23	22	22	22	22	24	24	23	23	24	25	24	22	20	0	316	955	910	900	944	1030	938	919	943	932
22	23	22	22	23	23	23	22	22	22	25	24	24	23	23	22	18	40	778	933	908	942	1069	956	905	913	910	897
23	22	22	22	21	22	22	23	24	23	22	22	22	21	23	26	0	283	950	911	914	1062	1258	965	913	920	928	938
22	22	22	22	22	22	24	23	23	23	21	20	22	24	25	28	0	576	952	906	970	1107	1129	958	931	962	999	975
22	23	22	22	22	23	23	22	22	21	22	23	24	25	26	20	43	807	933	919	1046	1123	1081	992	980	915	955	948
23	22	23	22	22	23	22	22	21	21	24	25	25	24	27	3	233	938	912	963	1095	1132	1050	965	951	907	906	913
22	22	23	22	22	21	21	22	22	24	24	25	26	26	26	0	568	954	910	1007	1130	1160	1072	920	901	910	902	903
21	21	21	22	22	22	23	23	23	24	25	24	25	27	16	88	841	927	918	995	1051	1147	1027	922	908	908	903	899
21	21	20	20	22	22	23	24	24	25	25	26	25	24	0	307	946	907	935	1021	1024	1014	930	912	912	900	905	909
20	21	21	21	21	22	23	22	23	25	26	26	26	27	0	485	956	916	1029	1040	948	913	901	903	905	904	912	919
20	20	21	22	21	20	22	23	23	23	24	24	24	27	0	586	950	979	1049	940	908	908	907	907	902	905	914	912
21	21	22	22	23	22	21	21	22	22	22	23	23	23	14	678	958	1087	1153	978	908	903	904	938	919	899	906	922
22	22	21	22	23	23	23	23	23	23	25	24	26	22	42	794	981	1070	1087	970	963	966	932	965	927	944	992	1041
22	21	22	23	23	23	23	23	23	23	23	23	26	1	256	949	980	1014	954	955	1062	1070	1054	1053	1051	1070	1082	1082
19	20	20	20	21	21	21	21	23	23	23	23	20	21	704	951	968	977	969	990	1082	1086	1087	1090	1089	1086	1081	1078
21	22	22	21	20	21	23	21	23	25	24	25	0	330	940	929	1048	948	904	1021	1087	1083	1081	1083	1084	1082	1083	1082
0	0	5	21	23	24	23	23	24	24	22	25	23	24	24	23	24	22	23	24	26	25	23	23	23	24	22	23
0	6	22	23	22	22	23	23	22	24	23	23	24	23	23	23	24	24	24	24	25	25	24	25	26	26	24	23
6	22	23	23	23	22	22	23	23	22	23	22	23	23	23	23	23	23	22	24	23	23	24	26	25	26	25	25
19	24	22	22	22	23	22	22	22	23	24	23	22	23	24	22	23	23	22	23	21	21	24	26	26	25	24	25
23	22	22	23	23	23	24	24	22	22	22	24	23	22	22	23	23	23	22	22	21	19	25	26	26	27	25	19
23	23	22	22	21	23	23	23	23	23	23	24	23	23	24	23	22	23	22	22	19	19	24	24	26	23	0	48
22	24	23	23	23	21	23	23	24	22	22	23	23	24	22	23	22	23	23	21	19	22	24	26	1	8	320	776
22	23	23	23	24	23	22	22	25	24	21	23	23	23	24	23	23	24	24	21	20	28	5	0	216	685	946	927
23	23	24	23	22	24	23	23	22	24	25	23	23	23	24	24	24	23	25	21	18	0	166	611	920	929	891	943
23	23	23	24	22	22	23	24	24	22	23	24	22	24	24	23	25	23	25	2	32	476	897	947	904	899	985	1016
22	23	23	24	23	22	22	22	24	24	24	23	24	22	24	22	23	27	3	80	697	959	916	904	929	1023	1013	453
23	23	22	24	23	24	23	24	23	24	24	25	24	25	24	23	23	12	32	716	955	907	905	954	1027	981	923	831
23	23	23	22	23	23	23	23	24	24	24	24	25	26	25	21	19	0	496	967	910	902	977	1016	929	941	947	916
22	23	23	24	23	23	23	23	23	24	24	25	23	22	23	25	8	137	891	915	906	977	1070	933	914	941	942	941
23	23	21	23	23	23	23	24	24	23	24	22	22	22	25	27	0	451	960	906	929	1144	1164	936	945	991	981	948
23	23	23	22	24	24	23	23	24	23	21	22	24	28	27	23	16	740	938	916	1023	1130	1111	981	941	925	936	911
23	23	23	23	22	23	24	24	21	23	24	26	25	26	28	6	187	927	911	950	1078	1138	1130	999	953	905	900	905
22	23	23	23	23	22	22	22	23	24	25	26	27	26	28	0	532	962	913	1013	1108	1181	1081	922	913	912	903	906
22	23	23	22	23	23	23	24	24	25	26	26	27	28	15	99	856	927	938	1053	1073	1167	1022	917	907	909	902	902
23	23	22	23	22	23	23	24	24	25	26	26	27	29	0	386	964	911	966	1046	1045	1084	938	913	906	904	915	939
22	21	21	22	23	24	24	25	26	27	26	27	26	25	13	688	940	920	1019	1031	966	919	907	910	905	926	987	1011
22	22	22	22	23	24	23	24	24	25	28	27	27	21	69	828	918	978	1065	957	908	910	909	906	908	959	1020	1028
22	22	23	23	23	23	24	25	25	24	25	27	27	17	107	866	947	1054	984	906	910	910	933	940	927	985	1017	985
22	21	23	23	23	23	24	24	25	24	26	25	27	8	180	925	1014	1069	937	903	911	908	916	941	956	988	995	972
22	22	22	23	23	24	24	24	24	24	26	27	29	1	316	991	1014	1007	916	907	919	907	930	927	943	967	970	967
22	22	22	22	22	23	22	24	25	23	25	27	26	7	649	1011	1020	918	896	980	993	956	961	974	975	1011	1041	1068
22	21	21	23	23	22	23	23	23	23	23	24	3	230	934	994	991	894	926	1063	1068	1057	1060	1071	1083	1087	1081	1078
20	23	22	22	22	21	23	22	23	25	25	22	14	676	945	995	986	897	980	1088	1088	1085	1083	1087	1085	1082	1079	1077
0	0	6	21	25	23	24	23	25	24	23	24	24	24	23	22	24	24	24	23	25	23	23	24	24	25	23	25
0	6	22	23	23	23	23	24	23	24	24	23	23	24	23	24	23	25	25	23	24	23	22	25	25	25	24	22
6	21	23	23	23	22	22	23	24	22	23	23	23	24	24	24	23	24	23	24	24	23	23	26	27	25	25	23
21	24	22	23	23	23	22	21	24	23	23	23	23	23	24	23	23	24	23	23	22	23	23	25	27	25	25	23
22	23	23	23	23	23	24	24	22	23	23	24	23	23	23	24	23	23	23	23	21	23	25	26	28	28	26	21
23	22	23	22	23	22	23	23	23	22	23	23	24	24	23	23	24	24	24	24	19	23	25	25	26	25	0	43
21	23	22	23	22	23	22	23	23	23	22	23	23	23	24	22	23	24	24	22	19	23	25	26	1	7	302	758
22	23	23	21	24	23	24	22	23	24	24	22	24	24	24	23	23	23	24	21	22	28	3	0	213	677	941	941
23	23	23	23	22	23	22	24	22	22	24	24	23	24	23	25	24	24	24	23	16	0	190	621	918	937	936	1046
21	23	23	23	23	23	24	21	24	23	24	24	24	26	25	23	25	25	26	0	68	542	917	949	905	950	1041	1000
23	22	24	24	23	23	24	23	22	23	24	24	25	23	25	24	24	28	0	155	785	960	916	899	962	1031	960	487
23	23	22	24	23	23	24	25	25	24	23	23	23	25	24	24	24	2	108	825	946	904	905	975	1010	940	910	884
23	23	23	23	25	24	22	22	24	25	23	23	23	25	24	21	16	7	669	950	906	915	1001	978	916	949	948	932
22	23	23	24	23	23	24	23	24	24	23	24	24	21	22	23	0	283	950	901	905	1019	1068	929	947	1006	958	962
23	24	23	23	23	23	24	24	23	25	24	21	21	23	27	26	1	645	942	909	973	1123	1134	962	935	955	916	907
22	23	23	22	23	24	24	23	24	22	22	23	25	26	26	13	117	883	914	936	1058	1148	1186	1020	930	903	905	905
23	23	23	23	22	22	24	23	21	22	25	26	26	25	28	0	444	963	909	1001	1071	1197	1157	941	923	923	906	906
22	24	23	22	23	22	21	22	24	26	24	25	27	27	18	67	813	931	935	1056	1049	1177	1028	907	915	921	905	901
22	22	22	22	22	23	23	25	24	25	27	25	28	28	0	371	962	907	971	1053	1105	1063	935	917	916	904	905	923
22	22	21	21	22	23	23	24	25	26	26	26	28	27	13	697	943	917	1043	1045	1026	958	901	916	919	918	993	1039
21	21	22	23	23	23	24	25	25	26	26	26	27	16	116	892	909	974	1073	971	911	903	904	936	928	995	1066	1042
21	20	21	22	24	23	23	24	24	26	27	27	28	4	254	949	911	1046	1008	910	910	915	912	945	962	1047	1046	931
23	24	24	23	24	25	24	24	26	26	26	28	30	0	332	955	979	1043	916	907	908	906	926	950	1016	1047	1048	984
22	21	22	23	23	23	25	25	25	25	27	26	30	0	440	986	1024	927	896	910	910	907	908	948	1048	1053	1029	1042
22	22	22	23	23	24	23	25	25	25	26	28	28	2	662	1016	943	899	908	910	910	938	952	974	1042	1017	1043	1026
22	22	23	22	22	23	24	24	25	24	27	27	8	148	921	1025	932	905	912	920	917	958	943	983	1023	1028	1032	1015
22	22	23	24	22	22	23	24	25	25	26	27	0	579	1014	1043	922	900	973	982	948	957	955	1004	1049	1067	1066	1070
21	22	20	21	23	21	23	21	23	25	25	8	148	889	998	1031	902	928	1056	1044	1027	1038	1049	1075	1080	1081	1080	1078
0	0	6	22	24	23	25	24	24	24	25	23	24	24	23	23	23	24	24	24	26	22	22	22	24	22	23	22
0	6	22	24	24	23	24	26	24	23	24	25	23	24	24	23	23	24	25	23	23	23	22	22	24	23	22	21
5	22	23	23	23	23	22	24	23	24	24	24	25	23	24	23	22	22	24	23	23	22	23	23	25	25	24	22
21	24	23	23	23	23	23	22	24	24	23	24	23	25	23	24	23	22	23	23	21	22	22	23	25	23	23	21
23	24	24	24	23	23	23	24	24	23	24	24	25	23	24	24	24	24	23	23	21	23	25	25	26	24	23	17
22	23	23	24	23	22	24	22	23	23	25	23	24	25	23	24	26	25	24	23	22	21	26	25	26	22	0	36
23	23	23	22	24	24	23	24	23	23	23	24	23	22	24	23	24	25	25	21	22	24	27	27	1	4	289	741
23	23	24	23	24	24	25	24	24	24	23	23	24	24	24	25	24	23	25	22	22	30	7	0	201	656	934	965
22	23	23	23	24	24	23	24	24	24	25	23	24	25	24	24	24	23	22	24	14	0	178	607	912	960	1023	1159
22	23	24	24	23	24	24	24	23	23	23	24	24	25	24	24	24	24	24	0	89	560	909	944	932	1090	1259	1142
23	23	24	24	24	23	24	23	25	24	23	24	24	24	25	24	24	27	0	208	823	957	914	925	1078	1200	1085	789
22	24	24	24	24	24	23	24	24	25	25	23	23	24	25	24	24	0	176	879	939	907	946	1016	1020	943	901	896
22	23	23	24	24	24	24	24	26	23	24	25	23	25	23	21	12	40	767	939	904	949	1078	1013	935	972	959	976
24	24	23	23	23	23	23	23	23	24	24	25	25	23	23	24	0	418	967	900	926	1085	1167	983	979	957	907	931
23	23	23	23	23	23	23	25	23	25	24	21	22	24	28	23	39	794	928	910	1016	1173	1185	998	909	909	904	904
22	23	23	23	24	24	24	24	25	22	22	23	26	27	28	1	283	952	910	964	1089	1312	1233	973	913	917	908	904
22	23	23	23	22	23	24	23	22	22	25	26	26	27	26	9	689	945	924	1038	1054	1174	1019	905	916	916	904	900
23	23	22	22	23	22	21	23	24	27	25	26	26	27	2	245	942	908	961	1084	1084	993	926	910	913	909	897	896
21	22	23	21	21	21	23	24	23	24	27	24	25	27	1	632	951	909	1015	1067	1040	939	911	919	925	911	929	983
20	21	21	21	22	23	23	23	23	24	24	26	27	16	94	871	912	953	1078	1014	923	904	906	942	958	985	999	922
20	20	21	21	22	22	24	24	24	24	23	24	27	2	269	948	908	1025	1046	925	903	905	901	927	969	1064	846	601
21	22	22	22	23	24	24	23	25	25	25	26	28	0	440	951	948	1072	956	919	906	909	917	921	1019	1051	744	336
23	23	23	24	23	23	24	24	24	26	27	27	32	0	551	955	1025	1000	902	917	905	907	922	943	1052	1036	943	873
23	23	23	23	23	24	24	25	25	26	28	29	30	4	675	1000	1014	904	905	913	908	908	905	978	1053	1039	1025	1041
23	23	22	24	23	24	24	25	26	26	27	28	14	101	886	996	912	901	909	912	911	919	920	1013	1051	1035	1031	1041
22	24	23	24	23	24	24	26	25	26	27	29	0	409	1010	949	899	910	912	909	922	938	954	1044	1046	1039	1044	1032
22	21	22	23	23	25	24	24	25	26	26	16	80	846	1040	967	897	911	916	910	925	941	986	1041	1032	1043	1049	1022
22	22	21	23	23	23	24	24	26	27	27	0	392	978	1051	947	898	935	953	960	980	964	993	1050	1052	1070	1063	1065
0	0	6	21	23	23	23	24	23	23	24	25	23	23	23	23	23	23	22	23	24	22	22	21	21	21	22	21
0	6	23	24	23	23	23	24	23	24	23	25	25	24	23	23	24	24	23	24	22	22	23	21	23	23	20	21
5	22	23	23	23	23	23	24	23	23	24	23	23	24	24	23	23	23	23	24	22	23	23	23	23	24	22	22
21	23	23	23	23	22	23	23	24	23	23	22	23	23	23	23	22	23	23	22	21	22	23	24	25	23	24	22
23	22	23	23	23	23	23	23	24	23	23	23	23	22	24	24	22	23	24	21	20	22	25	25	24	24	23	20
23	23	22	23	24	23	24	23	22	24	24	24	23	23	23	24	23	23	23	22	21	20	25	25	26	23	0	24
23	24	23	23	23	25	23	22	23	23	23	24	24	23	23	23	24	23	24	21	21	23	25	28	0	8	281	717
23	23	24	23	23	23	24	24	23	23	22	23	25	24	25	24	23	23	24	23	23	29	10	0	202	661	937	981
22	24	23	24	24	22	23	24	23	24	26	22	23	24	24	25	24	22	22	25	15	0	150	577	912	993	1081	1162
24	23	24	24	24	25	23	24	24	24	22	24	23	24	25	25	26	23	22	0	87	534	888	949	991	1119	1230	1132
24	25	23	23	24	25	24	23	24	24	24	23	25	24	23	24	24	26	0	218	817	957	913	986	1172	1293	1145	846
24	24	25	24	23	25	25	25	24	26	25	24	23	22	23	22	24	0	195	891	935	907	994	1107	1120	1023	937	945
22	24	24	25	25	24	24	24	25	22	24	24	23	24	23	20	9	57	796	940	907	1005	1222	1161	986	952	942	1001
23	23	24	25	24	24	24	23	23	25	24	25	24	22	22	27	0	486	963	901	986	1150	1230	1030	942	909	906	916
22	22	22	23	24	23	24	25	24	24	23	22	21	25	27	19	87	861	921	951	1048	1282	1150	979	897	914	905	911
22	22	22	22	25	25	24	24	24	23	22	23	28	28	32	0	413	967	920	1002	1045	1201	1033	915	907	912	907	907
22	23	24	22	23	24	25	23	23	23	25	25	27	29	21	59	811	929	946	1072	1049	974	907	910	909	905	907	907
23	21	22	23	22	21	22	23	25	26	25	26	26	29	0	397	960	904	989	1080	1073	925	906	910	911	904	896	921
21	23	22	22	21	21	22	24	24	25	26	27	28	24	32	763	930	929	1050	1056	957	912	913	914	929	910	965	1048
22	21	21	21	22	24	23	23	24	25	26	26	27	7	195	923	905	999	1079	988	910	910	906	933	961	989	833	567
21	21	22	23	23	22	24	25	25	25	25	26	27	0	408	953	929	1064	1026	919	908	913	906	909	968	1057	389	7
23	24	24	23	24	24	23	24	25	25	26	26	28	0	600	944	994	1063	937	912	905	917	773	876	1017	1051	412	5
22	23	23	25	25	25	25	24	25	27	27	28	27	16	727	954	1053	964	902	911	902	897	790	908	1032	1032	819	652
23	23	23	24	25	25	25	25	27	27	28	29	20	75	841	1008	996	899	910	910	904	901	909	957	1038	1033	1026	1043
24	24	24	25	24	25	26	26	26	27	27	29	1	280	973	992	904	904	910	909	908	906	908	999	1048	1036	1026	1029
21	23	23	24	24	25	25	26	27	27	27	29	0	630	998	916	903	908	909	911	911	904	938	1041	1050	1035	1032	1045
23	22	23	24	25	25	25	25	25	27	28	3	212	958	1008	906	906	911	907	913	916	914	1005	1045	1048	1035	1050	1019
23	22	22	23	22	23	24	24	26	26	25	1	599	1024	1022	901	907	905	910	932	929	948	1037	1040	1044	1050	1044	1004
0	0	5	22	26	24	23	24	24	24	23	23	23	24	23	24	24	24	22	25	23	23	22	22	21	23	23	22
0	6	23	22	24	24	24	24	23	24	24	24	23	24	24	23	25	26	22	24	24	22	24	22	24	22	21	21
5	22	24	24	21	23	24	24	24	23	23	24	23	23	24	24	24	24	25	23	24	23	25	23	25	24	23	22
22	25	23	24	24	22	23	23	24	24	23	23	24	25	23	24	23	24	22	24	22	23	24	28	25	25	25	22
23	24	22	22	24	23	23	24	23	22	23	23	24	22	24	24	23	24	25	21	24	23	25	28	27	26	27	22
24	23	23	22	23	24	23	23	23	25	23	23	24	23	24	24	23	22	23	22	19	23	25	26	28	26	0	14
23	24	23	25	24	24	24	23	23	24	24	23	24	24	24	24	25	25	23	21	21	22	26	28	2	6	254	678
24	23	24	23	24	22	23	24	22	23	24	23	24	24	25	24	24	24	24	22	22	28	13	0	199	655	940	982
22	24	23	24	24	24	23	25	24	24	24	25	22	24	24	24	25	23	23	25	18	0	128	562	921	1016	1078	1150
24	24	24	24	26	25	24	24	26	24	23	25	25	23	25	25	26	24	22	0	61	482	869	975	1045	1132	1207	1019
24	23	23	24	24	25	25	24	24	26	24	23	25	25	24	25	24	26	0	185	782	955	925	1045	1139	1152	1092	715
23	23	24	24	24	25	25	26	26	26	26	25	24	24	23	23	23	0	173	875	936	923	1051	1233	1121	1015	983	1038
24	24	25	24	26	24	23	24	24	24	24	24	24	25	25	22	12	46	777	942	930	1065	1277	1193	1006	933	918	966
24	24	23	24	24	24	24	23	24	24	24	24	24	21	20	25	0	473	969	932	1026	1142	1151	987	909	910	907	908
22	23	25	24	24	24	23	25	25	24	24	21	21	25	28	16	97	868	933	1031	1035	1120	1037	936	911	911	900	902
23	22	23	25	25	25	24	24	24	21	21	23	26	29	33	0	466	966	956	1093	1034	980	918	905	933	918	897	902
23	22	23	22	23	24	24	24	23	24	26	27	27	27	18	86	852	925	979	1083	1068	924	913	917	917	911	899	900
22	24	23	22	22	23	23	23	25	26	27	28	28	31	0	458	964	914	994	1052	997	912	920	916	875	898	899	927
22	23	24	24	23	22	25	26	26	27	27	28	29	23	60	811	928	966	1075	1040	924	911	914	920	918	920	959	1026
23	23	21	21	23	24	24	25	26	27	28	27	28	2	270	947	921	1031	1076	963	907	914	922	911	947	944	1000	854
20	21	23	24	24	25	24	24	26	25	26	28	30	0	520	953	955	1077	1005	912	907	915	841	924	930	1014	852	517
23	25	25	23	25	24	23	25	24	26	27	26	25	21	729	943	1033	1039	920	911	916	845	184	712	960	1044	870	321
23	22	22	23	23	26	25	25	26	27	26	26	18	86	849	977	1063	938	905	908	914	861	247	709	981	1049	988	800
23	23	23	24	25	23	25	25	26	27	27	28	4	221	938	1027	977	901	910	904	902	917	934	949	994	1038	1040	1047
24	24	24	25	24	24	25	26	26	26	27	29	0	483	1001	994	902	909	907	905	913	930	941	945	1017	1041	1044	1045
21	23	23	24	25	24	25	25	26	27	27	21	39	788	978	919	906	907	908	907	925	940	911	988	1039	1047	1051	1052
22	22	23	24	25	24	25	25	27	27	29	0	324	986	952	900	909	908	907	908	917	924	961	1030	1044	1043	1061	1025
22	21	21	22	23	23	25	26	25	28	24	30	738	1040	968	903	911	910	908	909	907	929	1015	1021	1039	1050	1060	967
0	0	6	21	24	23	24	24	24	23	23	21	25	22	23	23	24	22	22	25	23	22	23	22	24	24	25	24
0	7	21	23	23	22	23	24	23	23	25	22	24	23	24	23	24	24	23	23	23	22	23	23	23	23	23	24
6	23	24	23	23	23	23	24	24	23	23	23	22	22	23	24	24	23	24	24	21	22	22	24	25	24	24	23
21	23	23	24	24	24	23	23	23	25	23	24	22	24	23	22	23	24	23	23	22	22	23	25	24	22	23	22
22	24	22	23	23	23	24	24	23	23	24	24	25	24	23	23	23	25	25	22	24	22	25	27	27	24	25	22
24	23	23	23	23	23	24	24	24	24	22	23	23	25	24	24	23	24	24	22	23	23	25	26	28	26	1	6
23	24	24	23	24	24	24	24	25	24	24	23	23	24	25	25	25	25	24	22	23	25	28	27	3	3	225	632
23	21	22	24	23	23	23	24	24	24	24	24	23	24	25	24	24	25	23	22	23	29	15	0	207	648	936	984
23	24	22	22	23	24	23	24	24	25	23	24	23	23	24	24	24	24	23	24	20	0	120	580	933	1014	1048	1083
23	23	23	24	24	23	24	23	23	24	25	24	24	24	25	24	26	24	23	3	30	428	865	1006	1064	1097	1116	963
23	23	24	23	23	24	24	23	23	24	25	24	24	24	25	25	24	24	0	127	720	957	969	1087	1138	1092	1032	928
24	23	23	24	24	25	24	24	25	24	24	24	23	25	23	25	25	0	123	826	950	958	1083	1172	1090	989	996	1041
24	24	24	24	25	24	24	24	23	25	25	24	24	23	24	22	16	18	720	956	977	1075	1192	1076	978	914	906	912
24	23	23	23	23	23	23	25	25	23	24	25	23	22	23	24	0	401	966	972	1085	1113	1124	957	911	906	900	903
22	22	24	24	24	24	23	23	24	24	23	22	22	24	26	18	67	832	946	1079	1098	1004	955	914	804	884	905	898
24	23	24	24	23	24	24	23	23	22	23	24	25	26	31	0	432	963	978	1114	1076	939	905	883	600	745	916	899
23	22	23	23	24	23	24	22	23	24	24	26	26	28	22	64	829	927	1016	1059	1024	907	919	896	843	886	916	916
22	24	23	22	22	23	23	24	23	25	26	28	27	30	0	423	963	925	1031	1039	948	906	947	593	503	942	902	930
22	21	23	23	23	23	23	25	27	27	27	26	28	23	53	807	926	981	1081	1031	909	910	926	809	659	926	914	930
24	24	22	22	24	24	25	26	26	27	27	27	29	1	288	950	917	1040	1076	953	901	910	914	967	1019	945	942	999
21	23	23	24	24	24	24	26	26	26	26	28	29	0	588	948	968	1080	990	903	905	899	875	930	997	943	1001	1030
22	23	24	24	24	24	24	26	25	27	26	27	22	59	819	942	1045	1021	909	912	917	838	404	958	1008	947	1018	987
23	23	22	23	25	25	25	25	26	26	26	26	8	183	925	1004	1056	925	907	912	928	874	247	827	972	949	1004	1024
23	22	23	24	24	25	25	26	27	26	27	29	0	378	978	1045	956	903	909	908	902	972	1013	1001	919	954	992	1002
24	24	23	24	23	24	25	26	27	26	27	27	1	654	1014	991	901	908	905	904	924	1025	1047	963	926	968	1001	984
21	23	23	24	24	25	25	25	26	26	28	12	120	889	975	910	911	909	905	903	968	1014	978	920	951	986	1007	974
22	22	23	23	24	24	25	25	26	26	28	0	412	989	919	901	909	906	906	930	1005	984	929	939	972	1008	1010	958
22	22	22	23	24	25	25	27	25	27	18	60	818	1030	926	907	908	906	910	925	974	936	940	998	1024	1040	1009	930
0	0	6	21	25	24	23	24	24	24	24	24	24	24	24	22	24	24	25	24	25	24	25	24	25	27	25	24
0	7	22	24	22	23	25	24	23	23	24	24	25	24	25	23	23	24	25	25	24	22	24	25	25	25	25	25
6	22	24	23	23	23	22	25	22	24	24	22	22	24	24	25	24	23	24	25	23	22	22	24	26	26	26	26
22	24	23	24	24	25	23	22	24	24	23	24	22	23	23	23	23	24	23	22	22	23	22	24	26	24	25	24
24	24	24	23	23	24	25	24	24	23	24	24	24	24	24	24	23	24	25	23	22	22	23	24	25	23	24	23
23	24	24	25	23	23	25	24	24	24	24	24	25	24	25	24	25	25	26	23	23	23	26	26	26	25	2	6
23	24	24	25	25	24	24	24	24	25	24	24	25	25	25	26	26	27	26	25	24	27	28	30	4	9	233	640
23	23	23	23	24	25	24	25	24	24	25	24	24	26	25	25	25	27	25	24	25	31	14	1	241	672	935	992
23	24	22	23	24	24	25	24	25	24	24	24	24	25	26	25	25	27	24	26	24	0	134	620	946	1010	1046	1069
24	24	24	23	23	24	24	25	24	24	24	24	26	25	24	26	25	25	24	11	8	394	876	1016	1048	1049	1034	1015
23	23	24	23	23	24	24	23	23	24	25	23	24	25	25	24	26	26	2	67	651	971	1006	1088	1146	1030	1045	1063
23	23	24	25	23	23	24	23	23	23	23	23	24	24	24	26	25	7	58	748	974	1012	1088	1139	1083	957	965	970
22	23	23	24	24	24	24	23	24	24	25	25	24	24	22	23	24	0	609	980	1026	1116	1144	1055	961	905	908	899
23	23	22	22	23	23	23	24	23	23	24	23	22	22	25	25	0	277	957	993	1133	1106	1032	932	889	924	923	905
21	22	22	22	24	23	23	24	23	23	22	23	24	25	24	24	20	750	957	1071	1098	953	924	779	276	517	899	907
23	23	23	23	22	22	23	22	23	22	23	24	25	25	28	0	328	961	966	1083	1022	912	950	585	0	94	780	931
22	23	22	23	24	23	23	22	23	23	23	25	25	27	26	30	766	933	1015	1059	987	909	920	864	529	517	895	926
22	23	23	22	22	22	23	23	24	24	24	26	26	28	0	337	961	925	1054	1051	951	904	941	693	664	1008	957	917
22	21	23	21	22	23	24	24	23	25	26	25	26	25	27	747	932	976	1082	1039	911	906	927	770	752	1049	916	907
22	21	22	22	23	22	22	24	24	25	25	25	27	1	258	941	915	1040	1075	952	899	906	914	1017	1062	1028	912	913
21	22	22	23	23	23	24	24	24	25	24	25	27	0	588	947	966	1078	979	902	905	918	800	498	1017	1004	916	919
22	22	22	22	23	23	23	23	24	24	25	26	18	84	841	935	1048	1014	906	903	902	908	876	927	1076	934	912	929
22	23	23	24	23	23	23	24	24	24	24	26	0	289	946	1003	1048	917	910	904	911	896	528	1053	1040	933	928	928
22	23	24	24	22	24	24	24	25	26	27	27	0	529	987	1056	941	902	906	902	907	928	996	1058	957	919	923	937
23	22	21	23	23	23	24	26	25	25	26	21	43	785	1024	975	900	906	903	909	865	732	1039	1029	933	908	920	921
21	22	23	24	24	24	23	24	25	26	27	2	233	950	979	902	906	904	904	926	889	688	1051	946	914	927	934	914
21	22	22	23	23	23	23	24	25	25	26	0	526	978	907	904	906	902	905	976	1078	1083	993	916	917	938	922	915
23	22	22	22	24	25	24	25	24	27	14	98	865	997	902	905	905	912	870	948	1058	1013	937	940	946	949	914	906
0	0	6	20	23	25	24	23	24	23	25	22	23	25	23	22	24	24	25	24	25	24	22	24	23	24	24	23
0	7	23	25	22	23	25	24	22	24	24	24	23	25	24	23	22	24	24	25	23	24	22	24	24	24	25	24
6	22	23	23	23	22	23	24	23	23	24	24	22	23	25	25	24	24	24	25	25	23	23	24	25	25	23	26
21	23	23	22	24	22	23	22	23	23	21	23	22	22	22	22	24	23	23	24	22	23	21	23	25	25	25	25
23	23	23	23	23	24	23	23	22	23	24	23	23	23	23	23	24	23	23	24	21	22	21	25	24	23	25	21
25	23	23	24	23	24	24	23	23	23	24	24	23	23	24	23	24	25	24	23	22	20	21	25	26	19	0	33
22	24	24	23	24	24	25	23	22	24	23	25	24	24	21	25	24	27	25	25	22	23	27	25	0	36	326	727
23	23	24	24	24	24	23	25	24	23	24	25	25	27	25	24	25	26	27	25	24	28	7	21	325	753	963	1000
23	23	23	24	24	25	24	24	25	25	24	24	26	25	27	25	26	26	25	26	22	0	181	694	971	1018	1053	1068
23	24	24	24	23	24	24	24	24	24	25	23	25	25	25	26	25	26	24	15	0	388	906	1038	1053	1052	1057	1059
22	23	24	23	23	23	24	23	23	24	25	24	24	24	25	25	25	26	12	15	556	980	1042	1159	1163	1040	1058	1054
23	23	24	24	23	23	23	25	23	23	24	23	25	23	23	24	24	21	5	573	984	1050	1137	1126	1053	975	953	929
22	22	23	22	23	24	24	23	24	23	23	24	24	24	21	24	27	0	376	976	1025	1139	1102	1015	979	937	918	912
23	24	22	24	23	22	24	24	24	24	24	23	22	22	24	25	11	94	857	978	1091	1075	968	958	865	843	857	921
22	22	23	22	24	24	24	24	24	23	22	22	23	24	25	29	0	512	969	1016	1056	991	973	730	118	294	791	908
22	22	22	23	22	22	22	22	23	25	23	24	24	24	27	9	151	898	942	1055	1047	975	981	615	0	61	784	928
23	22	21	22	22	23	23	23	22	23	24	24	25	25	28	1	588	963	975	1073	1042	938	927	914	562	212	833	926
22	24	24	21	21	22	23	23	24	24	24	25	26	27	7	175	909	919	1030	1073	1001	898	896	972	1032	1040	1059	930
22	22	22	23	24	24	24	24	23	24	25	25	26	27	2	569	953	947	1071	1059	933	901	911	835	1032	1081	963	912
22	22	22	22	23	23	22	24	24	24	25	26	26	14	142	870	922	1019	1078	968	901	903	928	944	981	1030	925	902
21	22	22	22	22	24	24	23	24	25	24	23	27	0	459	954	951	1073	1001	905	903	916	796	843	1049	1017	948	916
24	23	22	24	24	23	24	24	24	24	25	26	20	63	782	943	1032	1029	919	908	900	911	887	842	1083	969	915	919
22	22	23	23	23	23	23	25	24	25	24	26	0	308	937	992	1047	930	904	904	900	912	953	1084	1060	941	912	931
22	22	23	24	23	24	23	22	25	25	26	27	1	601	989	1054	947	905	907	900	919	790	936	1072	977	914	910	947
23	22	22	22	23	24	25	25	26	25	25	15	96	836	1037	975	905	906	910	923	813	162	693	1048	936	905	906	910
20	22	23	24	24	24	24	25	26	27	28	0	329	976	983	900	907	906	904	926	846	432	946	954	919	914	907	913
22	22	23	23	23	25	24	23	25	26	26	1	619	967	905	905	907	905	902	962	1065	1085	1037	917	923	914	907	909
21	22	24	23	23	24	25	24	25	27	10	140	887	952	898	908	907	910	911	1014	1028	1059	951	913	915	909	912	927
0	0	5	22	25	24	24	24	22	24	24	23	24	24	23	24	24	22	26	25	26	25	24	24	23	22	22	23
0	6	22	23	23	24	24	23	25	23	23	25	24	26	24	23	24	24	24	25	25	24	24	24	23	23	25	23
5	21	23	23	22	23	24	24	22	24	23	22	24	25	25	24	24	23	24	25	26	25	24	23	24	24	26	25
21	24	22	22	23	23	23	23	23	21	22	23	22	23	24	23	23	24	23	23	24	24	24	22	23	25	24	26
22	23	23	22	22	24	23	24	24	24	23	22	25	24	23	24	23	23	24	24	24	21	23	22	26	25	26	13
23	21	22	24	23	22	23	23	23	25	24	23	23	24	23	25	25	24	24	24	23	22	20	24	27	13	0	109
23	24	22	22	23	24	24	23	22	23	24	24	23	23	22	24	24	24	25	25	24	21	24	17	0	117	495	843
23	23	24	23	23	23	22	24	24	23	24	24	25	25	25	25	26	27	26	26	25	24	0	72	476	868	996	1017
24	23	23	23	23	24	24	24	24	24	23	24	25	25	25	25	25	25	27	26	21	0	256	807	1018	1040	1054	1062
23	24	24	23	24	23	24	25	24	24	24	23	23	24	26	25	27	25	25	22	0	388	961	1085	1057	1037	1050	1042
22	22	23	24	23	24	23	24	23	24	25	24	24	22	23	24	25	25	22	0	406	984	1092	1187	1107	1040	1038	979
23	23	22	23	23	23	24	23	24	23	25	24	24	25	24	23	24	26	0	295	950	1037	1152	1151	987	938	972	936
23	23	24	23	24	23	23	23	24	24	23	24	23	23	23	24	26	10	101	841	1005	1090	1071	956	912	913	930	946
23	23	23	24	23	23	24	24	24	24	24	23	22	25	26	25	26	0	528	977	1021	1054	991	937	879	349	427	883
22	23	22	23	23	22	23	23	24	22	23	25	24	25	27	28	7	171	896	957	1048	1047	970	896	579	488	435	892
23	22	23	23	23	23	23	22	23	25	24	25	25	25	26	26	13	639	958	989	1068	1022	924	883	482	767	1084	946
22	23	22	21	22	22	23	24	23	23	24	26	26	27	29	1	286	944	931	1047	1068	985	925	941	589	644	1013	921
22	22	23	22	22	23	23	23	24	25	24	25	27	25	23	36	720	944	969	1072	1038	920	902	921	1012	1050	1027	934
22	23	22	23	23	23	23	24	24	24	24	25	26	29	1	300	939	921	1037	1074	959	902	934	667	844	1022	944	915
23	22	22	22	23	24	24	24	25	25	25	25	26	24	33	685	947	973	1080	990	903	904	928	815	878	948	918	906
22	22	23	22	23	23	22	23	23	24	25	25	28	4	263	930	930	1047	1031	912	902	905	913	1000	968	901	937	909
24	23	23	24	24	24	25	25	24	24	24	26	24	19	640	957	994	1051	934	903	904	906	911	957	967	933	904	917
22	22	23	23	23	23	24	26	26	25	26	27	7	224	905	964	1049	949	906	905	902	904	929	971	971	912	908	929
22	22	23	24	24	23	23	23	24	25	26	26	4	571	974	1030	962	907	909	906	911	880	918	970	934	912	907	922
22	23	22	23	23	25	25	25	27	27	27	16	107	840	1026	981	905	909	910	911	917	623	737	953	914	908	910	910
21	22	23	23	23	23	25	27	26	26	29	0	369	985	993	904	908	907	906	904	915	784	908	928	914	908	910	940
23	23	22	23	24	23	24	23	26	28	27	8	673	977	913	904	906	908	918	920	994	1037	971	910	908	909	939	999
21	22	24	24	23	24	26	27	27	27	7	172	905	938	901	908	904	917	955	992	1040	1006	918	907	911	916	1014	1050
0	0	6	22	24	22	24	25	23	23	25	24	25	24	24	24	23	23	25	24	25	25	23	24	25	21	19	24
0	6	22	23	23	25	23	23	23	23	23	25	24	25	24	24	24	24	25	24	24	24	24	22	24	19	22	23
6	22	23	23	23	23	24	25	24	23	24	24	24	25	24	24	25	23	25	25	25	24	25	24	20	20	25	24
21	25	23	23	23	24	23	23	23	23	22	23	23	25	25	23	24	23	24	25	25	25	25	23	18	22	24	26
23	22	23	23	23	22	24	23	24	24	23	23	24	23	25	23	23	24	24	25	24	24	25	20	20	24	23	4
23	22	23	23	23	23	24	22	23	24	24	24	24	23	24	25	25	25	25	27	24	24	25	19	25	1	6	217
25	24	23	24	22	23	24	24	24	23	23	23	23	24	23	24	24	25	25	26	25	24	22	3	5	239	661	917
23	24	24	23	24	23	22	23	24	24	24	23	24	24	24	24	25	25	27	25	27	24	0	144	636	953	1009	1043
22	22	23	23	24	24	24	24	23	24	24	24	24	25	24	25	25	25	27	26	23	0	319	899	1052	1047	1036	1051
24	23	23	24	24	23	24	25	24	23	23	24	24	25	25	23	24	25	26	25	0	362	984	1107	1098	1023	1051	1017
23	24	24	23	23	23	22	23	24	23	24	24	24	23	25	26	26	25	27	1	239	944	1078	1162	1105	1025	1029	934
23	22	23	24	24	24	24	23	23	24	24	24	25	25	26	26	26	28	16	69	805	1005	1075	1085	952	889	692	684
23	23	23	23	23	23	23	25	24	23	24	24	24	24	24	27	27	28	0	492	990	1054	1055	943	913	853	317	343
24	24	23	24	23	24	24	25	25	25	24	23	23	26	26	26	28	13	127	871	971	1033	1011	903	883	577	680	496
22	22	23	23	23	22	23	23	24	23	24	25	24	26	26	27	29	0	519	971	978	1057	962	903	933	632	785	1056
23	23	24	24	24	24	23	23	23	24	24	25	26	24	26	29	8	193	898	940	1023	1054	937	912	926	1031	1072	1002
22	23	23	23	23	23	24	24	24	24	24	26	26	26	28	23	32	666	961	958	1061	1041	940	917	718	866	1035	927
23	22	22	22	23	23	24	24	25	26	25	26	26	27	29	0	334	956	925	1023	1066	982	950	901	915	942	925	915
23	23	23	24	23	24	24	24	25	24	24	24	25	27	22	51	758	947	966	1073	998	960	930	875	880	921	916	911
23	23	23	23	24	23	24	25	25	26	26	25	26	28	0	364	959	921	1040	1043	913	935	925	893	897	912	906	908
22	22	23	23	24	23	24	24	24	25	25	26	27	20	66	790	933	973	1059	945	900	925	935	908	910	913	910	907
23	23	23	23	24	25	25	25	25	24	24	26	29	0	402	958	930	1033	967	907	903	911	941	915	903	907	912	907
24	23	23	23	23	24	24	24	25	25	24	27	17	87	817	935	1009	970	906	906	903	899	915	922	903	908	911	910
21	22	23	23	23	23	24	25	25	25	26	27	0	441	955	972	970	904	906	904	904	906	910	911	908	909	909	911
23	23	22	23	23	24	25	24	26	25	26	20	63	797	987	973	903	910	907	907	905	929	937	913	908	907	907	939
23	22	24	24	24	24	24	25	25	25	29	0	340	978	1003	908	905	907	907	904	913	939	918	914	908	907	927	1037
22	22	22	24	24	23	24	25	26	26	26	6	689	983	924	902	901	905	942	930	916	921	910	911	911	907	993	1077
22	22	24	22	24	25	25	26	28	26	6	188	922	935	904	906	905	918	939	936	941	918	904	910	914	927	1051	1072
0	0	5	21	25	23	24	24	24	24	23	23	25	24	23	24	24	25	25	24	26	25	26	24	26	24	21	21
0	6	24	24	22	23	24	24	23	24	25	24	25	25	24	24	23	23	25	23	25	25	27	24	25	21	20	23
6	23	23	23	24	24	24	24	23	23	24	24	24	25	24	26	25	24	25	25	23	25	24	26	23	20	21	24
21	24	24	24	23	23	23	23	24	24	22	24	24	24	24	23	25	24	24	25	25	26	26	25	20	18	24	25
24	23	23	23	25	23	23	24	23	23	23	22	24	23	24	23	24	24	24	24	25	25	26	25	17	22	22	0
22	23	23	23	23	23	24	23	24	24	24	24	23	23	23	24	24	25	26	25	25	26	26	21	17	0	34	287
24	23	23	24	23	24	24	23	23	23	24	23	24	23	22	23	24	24	26	25	27	26	27	0	24	340	750	949
23	24	24	23	23	23	23	23	23	23	24	24	23	24	25	24	25	25	25	26	26	28	0	195	730	991	1027	1077
23	23	23	23	24	23	23	24	23	23	23	24	24	23	24	24	24	25	25	26	26	0	329	932	1074	1104	1052	1103
23	23	23	23	24	24	23	24	24	23	23	23	24	24	24	23	23	24	26	26	0	292	956	1103	1151	1098	1059	1023
23	23	24	23	23	24	24	23	22	23	23	24	24	24	25	25	24	26	26	13	113	857	1023	1121	1087	1004	999	869
22	23	23	24	23	23	23	24	24	23	24	23	24	23	24	25	27	27	28	0	558	1007	1070	1024	919	862	386	129
22	22	23	23	23	22	22	22	23	24	24	24	23	24	24	27	27	27	13	141	885	991	1076	958	911	812	148	0
23	22	22	23	23	24	23	23	23	23	24	24	23	24	26	25	28	28	0	460	975	958	1018	921	902	973	825	337
22	23	23	22	23	23	23	23	23	23	24	24	25	25	26	26	28	15	88	806	948	988	1018	906	908	932	1064	1036
23	23	23	23	23	23	23	23	23	24	24	24	24	24	25	27	27	0	458	964	936	1027	1008	904	908	928	998	996
23	21	22	23	24	23	24	23	24	23	23	24	25	25	26	28	5	182	867	932	974	1052	963	900	902	906	929	913
23	23	23	22	21	23	23	24	23	24	25	25	24	25	26	21	36	661	957	935	1033	1011	923	900	905	904	906	907
22	22	23	23	24	23	23	23	24	24	23	23	25	25	27	0	356	941	919	998	1034	937	905	912	905	907	912	910
21	22	23	21	23	23	23	24	24	24	24	24	25	26	13	100	810	931	945	1054	962	921	916	912	910	904	909	910
22	22	22	22	23	23	24	24	24	24	24	24	26	25	0	518	951	912	1011	999	904	932	932	909	911	906	907	907
22	22	22	22	23	22	22	23	24	22	23	23	25	5	185	882	911	963	990	915	901	914	935	917	904	906	907	909
22	22	22	23	22	23	23	22	23	23	25	25	22	11	634	937	940	958	909	905	905	900	930	930	904	907	909	908
23	23	22	23	22	23	22	23	24	24	24	26	1	269	913	928	955	903	905	903	904	902	941	924	909	908	907	940
21	22	22	23	22	24	25	23	23	24	25	22	23	693	950	943	904	904	909	905	898	900	950	920	909	906	905	1021
22	22	23	23	23	22	23	24	25	25	26	0	267	937	985	915	901	903	903	903	910	920	932	908	910	904	939	1062
22	22	23	23	23	23	23	23	24	25	25	8	663	979	933	899	901	906	906	925	943	909	913	913	906	901	953	1044
22	22	22	23	23	24	25	25	25	26	3	215	925	934	902	904	904	907	915	943	991	980	938	915	917	933	955	998
0	0	6	23	25	24	25	24	23	24	23	23	22	23	23	23	24	25	23	24	25	24	26	24	24	25	24	22
0	7	22	24	23	24	24	24	24	24	26	24	23	24	23	23	24	24	24	25	24	24	25	25	25	25	23	21
6	23	25	23	24	22	24	23	24	23	24	24	23	22	23	25	24	24	25	24	25	23	25	25	25	22	21	24
21	23	23	23	22	24	23	23	23	24	21	24	24	23	22	23	24	23	23	24	25	23	24	24	23	20	19	25
23	23	23	24	23	22	22	24	22	22	23	22	24	25	22	21	21	23	23	23	25	24	23	23	20	21	17	0
23	23	23	23	23	24	24	22	22	23	24	24	22	24	24	24	23	22	23	23	23	26	23	23	13	0	42	293
23	23	23	23	24	23	23	23	22	23	22	22	23	23	22	23	24	22	24	23	23	25	26	0	29	377	778	963
23	23	22	23	23	24	22	23	23	23	24	23	22	22	23	24	24	23	23	24	23	26	0	188	748	1003	1043	1075
23	23	22	23	24	23	23	24	23	24	23	24	24	23	23	22	25	24	24	23	25	0	261	909	1074	1130	1126	1136
22	23	23	23	22	23	24	23	24	23	23	22	24	23	24	23	23	24	25	23	4	169	885	1058	1141	1140	1094	1051
24	23	23	23	23	23	23	22	22	23	23	24	24	23	23	24	23	24	25	24	23	700	1017	1065	1008	960	949	883
24	24	24	22	23	22	23	24	24	24	23	22	23	23	24	25	25	25	26	3	267	956	1070	1062	914	901	780	375
22	23	23	24	24	23	23	22	23	24	25	23	24	23	22	24	26	25	28	0	548	969	1008	998	906	916	778	565
23	22	22	23	23	23	25	24	23	23	24	25	23	24	26	26	26	27	20	59	762	953	992	989	906	918	931	901
23	22	22	23	23	23	23	25	24	24	24	24	24	24	24	26	27	30	1	264	916	933	1013	984	904	906	957	1011
23	22	23	23	22	22	23	23	23	24	25	24	24	25	25	25	27	24	34	649	958	945	1038	960	903	906	917	936
23	22	23	23	24	24	24	24	23	23	23	25	24	25	25	26	30	0	355	929	926	979	1031	929	906	910	901	909
23	24	23	23	23	22	23	23	24	24	25	24	25	25	26	28	6	151	822	940	944	1010	957	902	906	910	904	910
21	23	23	23	24	24	23	24	23	23	24	25	24	25	26	20	38	645	951	918	992	961	904	906	903	910	908	908
22	22	22	23	23	23	23	24	24	24	24	23	23	24	26	1	437	941	911	962	1003	923	908	906	906	902	907	910
23	22	23	23	23	25	25	24	23	23	24	24	25	25	3	205	875	917	927	1001	937	901	912	914	912	904	908	907
23	22	22	23	23	22	22	23	25	24	23	24	24	20	33	669	937	911	964	941	902	901	903	911	912	910	909	905
22	22	22	22	22	23	23	23	23	24	24	24	25	0	375	929	907	946	941	906	905	904	906	907	908	907	906	907
23	23	22	23	23	24	24	24	24	24	24	25	12	108	812	920	935	923	906	906	905	904	933	925	919	906	915	1009
22	24	24	23	24	25	25	24	24	25	26	26	1	520	942	926	916	899	908	906	902	904	913	911	911	907	925	1057
22	21	22	22	23	23	22	24	24	24	26	6	173	879	950	923	898	902	902	904	912	935	922	927	914	903	922	976
23	24	23	23	23	24	24	25	26	26	26	1	583	963	940	899	901	900	899	904	921	918	975	1007	923	899	923	932
21	21	23	24	22	23	25	26	26	27	6	178	894	940	899	902	905	931	940	924	985	1015	1026	996	956	958	909	927
0	0	5	21	24	24	23	24	24	24	23	25	23	23	22	25	24	24	24	25	25	25	24	24	24	24	23	24
0	6	22	23	24	23	24	22	24	24	23	23	23	24	23	23	26	24	25	25	25	24	23	25	23	26	22	23
6	22	24	23	23	24	23	24	23	24	23	23	23	23	24	23	24	24	25	25	25	24	24	25	24	23	23	22
20	23	22	23	23	23	23	23	22	23	24	23	24	23	22	22	22	25	22	25	25	25	24	25	24	21	20	23
23	23	22	23	24	23	22	23	22	22	23	23	25	24	23	22	22	22	23	24	24	23	23	24	21	20	17	1
22	22	23	22	22	24	23	22	23	23	22	23	23	24	24	22	23	24	23	23	23	24	22	24	16	0	19	232
23	23	22	22	22	23	23	23	23	23	22	22	22	22	23	23	23	21	23	22	22	23	23	1	13	330	736	939
23	23	22	22	22	22	22	23	22	23	23	22	22	23	22	22	23	23	22	23	23	25	0	122	691	997	1041	1065
21	22	22	22	23	23	22	23	22	23	24	23	23	22	22	22	24	23	24	23	24	4	129	821	1061	1101	1131	1139
23	22	23	22	22	23	23	22	23	22	23	23	24	24	24	23	24	25	25	25	21	34	706	1026	1073	1104	1093	1066
23	23	22	23	22	24	23	21	22	23	23	22	23	23	24	24	24	25	26	26	0	366	999	1085	1030	941	927	909
22	23	22	22	22	23	24	24	23	23	23	23	24	23	24	25	25	26	26	25	36	687	1004	1068	1003	908	917	882
22	23	23	23	23	22	22	23	23	24	23	24	24	24	24	26	26	26	29	19	119	813	954	1010	975	900	929	938
23	22	23	24	23	22	23	23	23	23	24	24	25	25	25	26	26	27	30	7	223	882	948	1027	971	904	915	949
22	22	22	23	23	23	23	24	23	23	24	24	25	26	27	27	27	28	32	0	443	952	951	1037	960	904	903	965
24	22	23	23	23	23	23	23	24	23	24	25	24	25	27	27	28	33	10	119	788	952	971	1041	937	902	905	979
23	23	23	23	23	24	24	24	23	25	23	24	24	26	26	25	30	26	10	540	959	927	1009	1016	913	909	905	923
23	23	23	23	23	22	24	23	23	24	25	25	24	26	26	27	30	0	354	931	928	953	1025	942	905	910	903	913
20	22	23	22	24	24	23	23	24	24	24	25	25	24	27	29	0	219	876	933	927	971	948	902	906	912	909	910
22	21	22	23	23	24	24	24	24	24	25	24	24	26	27	10	111	788	941	909	954	956	920	907	905	909	910	909
23	23	23	23	23	23	23	23	24	24	23	24	24	25	21	27	634	953	902	946	957	913	912	916	909	907	908	911
22	22	22	23	22	23	23	23	25	25	25	24	25	27	0	394	943	901	951	987	920	902	908	914	915	911	911	911
22	22	23	23	23	23	24	24	23	24	24	25	26	5	155	859	914	950	1025	938	901	905	906	906	907	915	912	907
22	23	23	23	23	23	24	25	24	24	26	25	24	19	658	937	932	994	930	904	903	903	903	906	908	910	924	1020
21	23	23	23	22	23	24	25	24	24	26	27	0	346	939	921	964	910	901	905	905	910	905	911	912	905	969	1077
23	21	23	22	23	24	23	24	24	24	27	14	89	812	928	938	908	900	901	904	904	909	931	1022	989	905	936	975
23	23	24	24	23	23	26	26	26	27	28	0	491	958	934	908	899	898	909	907	904	905	976	1075	1031	971	964	914
22	22	23	23	25	23	25	26	26	27	13	132	866	938	916	901	904	939	932	912	918	930	954	1049	1058	1049	983	916
0	0	6	21	24	24	24	25	24	24	24	24	25	24	23	24	23	24	25	23	24	23	25	24	23	23	24	24
0	6	23	24	25	24	24	24	24	23	24	24	24	25	23	24	25	23	25	25	25	24	23	24	23	23	22	22
6	22	24	24	23	24	24	25	24	25	23	23	24	24	24	23	25	24	24	26	24	24	23	24	24	23	23	21
22	24	24	23	23	23	24	23	24	24	25	23	23	23	24	23	24	23	23	24	25	24	24	23	24	21	21	24
23	24	24	24	24	23	23	25	23	24	24	24	24	23	22	22	23	24	23	24	24	24	24	24	21	21	22	9
23	23	23	24	23	24	23	24	23	23	24	25	24	25	24	24	24	24	24	25	23	23	25	23	19	0	1	129
23	24	24	23	24	25	24	23	24	23	23	24	22	23	24	23	25	23	23	23	25	23	22	11	0	220	630	886
23	23	23	24	24	23	24	24	24	23	22	23	23	23	24	24	23	23	22	23	23	24	9	31	537	946	1009	1016
22	23	22	23	24	23	23	24	23	23	25	23	23	24	22	22	24	23	24	24	24	21	18	613	1025	1064	1113	1143
24	23	24	23	23	23	23	23	23	23	22	23	24	24	23	24	24	25	25	26	28	0	377	1005	1066	1107	1102	1079
23	23	23	23	24	24	23	22	23	23	23	23	25	24	24	24	26	26	27	27	23	52	761	1053	1100	1031	950	924
22	23	23	23	23	23	23	23	23	24	24	23	23	24	25	25	25	27	27	29	12	178	880	977	1036	970	903	908
23	23	23	22	23	23	24	23	24	23	24	25	25	24	26	27	26	26	27	32	7	249	891	952	1030	963	909	909
24	23	24	24	23	23	23	24	24	25	24	24	25	25	25	26	26	26	29	31	2	338	922	966	1049	963	902	922
23	23	23	24	24	23	23	24	23	23	23	24	25	27	26	25	26	28	30	25	16	596	963	973	1050	936	902	969
23	23	23	24	24	24	24	24	25	24	25	26	25	25	26	27	27	30	31	0	235	909	934	1019	1034	915	911	1028
23	23	23	23	24	24	24	24	25	25	26	26	25	24	26	27	29	31	9	82	772	948	951	1065	979	901	926	966
23	23	23	24	24	25	24	25	24	25	25	26	25	26	25	27	30	18	32	664	966	918	1035	1030	911	910	916	917
24	24	23	23	24	24	23	24	25	26	26	25	25	27	27	28	23	12	583	971	908	964	1034	927	903	908	915	915
23	23	24	23	24	25	25	25	25	25	27	27	28	28	28	29	0	484	970	906	928	1030	956	910	907	908	913	911
23	23	23	24	24	24	25	26	25	25	24	24	26	28	30	0	329	951	908	924	1010	985	910	918	908	906	908	911
22	22	23	23	23	24	24	25	26	27	26	27	27	29	6	162	885	921	927	1034	987	909	908	909	907	906	907	911
23	24	23	24	24	24	24	24	24	25	26	28	28	21	38	736	940	928	1054	1018	910	906	909	907	909	913	916	907
23	23	23	24	23	25	24	25	26	25	27	25	29	0	501	957	921	1044	1006	909	904	907	906	903	903	909	912	969
22	23	23	23	22	23	24	26	25	25	27	29	1	217	924	915	1012	975	902	903	905	912	910	916	927	913	967	1066
23	23	24	24	24	25	25	24	26	26	27	22	33	752	931	961	958	901	906	907	910	910	930	1040	1056	985	1037	1056
23	22	23	23	22	23	25	25	26	27	29	0	423	958	926	930	898	903	913	913	912	910	944	1054	1074	1060	1056	960
22	23	22	24	24	24	25	26	26	28	16	100	859	928	937	903	908	916	913	921	912	912	909	971	1046	1072	1043	927
0	0	6	22	23	24	24	25	23	25	24	24	25	25	24	24	23	23	25	24	24	24	24	25	24	23	23	22
0	6	24	26	24	24	24	24	24	23	25	24	25	25	23	24	25	23	24	25	23	24	24	24	23	24	22	22
6	23	24	24	25	24	25	24	25	24	25	24	24	25	24	25	25	23	24	25	24	24	24	24	24	23	23	22
22	24	24	24	23	23	24	23	24	24	24	24	25	25	24	24	24	23	23	24	24	23	25	22	24	23	21	25
24	24	24	24	24	23	24	25	24	24	23	24	24	24	24	24	24	25	24	23	25	24	24	25	22	22	24	21
24	23	23	24	24	24	24	24	23	24	25	24	24	25	24	24	25	24	26	25	24	24	23	23	23	10	0	42
24	23	24	25	23	24	24	24	24	23	23	23	23	24	24	24	24	24	24	25	25	25	24	21	0	91	456	776
23	23	22	23	25	24	23	24	25	25	25	24	24	23	24	25	25	25	24	24	23	24	22	0	302	841	981	980
23	23	22	23	24	23	24	24	23	23	24	24	23	25	23	23	24	24	22	23	24	25	0	303	946	1027	1075	1163
23	24	24	24	23	22	23	24	23	25	23	23	23	23	23	24	22	25	25	27	28	23	79	804	1041	1137	1196	1126
23	22	24	23	23	24	23	23	23	22	24	24	23	23	24	23	25	25	26	27	29	1	286	951	1045	1080	1007	939
23	23	23	23	24	23	22	22	23	23	22	23	23	23	24	25	26	25	25	26	31	0	369	939	972	1024	975	913
22	23	22	22	23	24	24	23	23	23	25	25	25	24	25	24	26	26	26	29	33	3	344	918	963	1054	987	904
23	22	23	23	23	23	23	24	23	23	23	25	25	25	25	26	25	25	28	29	30	0	417	936	978	1048	950	899
23	23	23	23	23	23	22	24	24	25	24	24	24	24	27	26	27	26	28	30	14	62	701	955	996	1035	932	976
22	22	22	23	24	23	25	24	24	25	25	25	25	24	25	26	26	28	29	27	0	442	945	941	1051	1016	935	918
23	23	24	24	23	23	23	24	25	24	25	25	26	25	26	26	27	30	29	0	324	925	918	1012	1061	968	974	974
22	22	22	23	23	24	24	23	24	24	24	25	26	26	26	26	28	30	0	305	924	922	963	1072	969	926	999	961
23	23	23	23	23	24	24	24	24	25	25	26	25	27	25	27	32	0	270	916	927	928	1055	1001	903	914	924	924
22	24	23	23	24	23	24	25	24	25	26	26	27	26	27	31	0	219	900	929	915	1036	1042	923	908	906	912	912
22	22	23	22	23	23	23	24	25	24	25	26	27	27	31	6	143	858	936	908	1023	1069	951	909	912	905	907	912
22	22	23	23	24	23	25	23	24	24	25	25	26	28	19	56	765	948	905	1015	1067	964	905	910	913	910	906	912
22	22	23	23	23	23	24	24	24	25	27	27	27	27	1	598	963	909	1020	1072	970	905	912	912	909	915	912	909
23	22	22	24	23	22	24	25	26	25	27	26	31	0	374	959	912	1019	1063	958	905	909	911	912	909	911	916	923
21	23	22	22	23	24	23	23	24	25	27	28	3	158	897	916	1002	1047	940	901	907	912	913	918	929	944	1012	1035
22	22	23	23	23	23	25	25	25	26	26	21	19	722	939	958	1021	921	904	908	910	912	908	972	1049	1053	1074	1072
22	23	22	22	23	23	24	25	25	25	27	0	401	965	908	970	913	900	909	913	910	911	916	963	1014	1047	1069	1005
22	23	23	22	22	23	24	25	26	27	15	78	844	921	939	916	912	917	907	914	920	913	907	910	937	993	997	931
0	0	6	23	23	24	25	24	24	24	25	25	25	25	23	23	24	24	24	23	23	25	23	25	25	24	23	23
0	6	23	26	24	24	24	24	24	24	24	24	25	24	24	22	24	24	23	25	23	24	25	22	24	24	24	23
6	22	25	24	24	24	24	25	26	24	25	24	24	24	25	25	23	24	23	24	26	23	25	25	23	24	23	24
22	24	23	24	23	23	24	23	24	24	25	24	24	25	24	24	24	24	23	23	24	24	23	23	24	24	23	24
23	24	24	24	24	23	24	24	24	23	23	24	25	24	25	25	23	25	25	23	23	24	23	24	21	23	23	25
24	23	24	24	24	24	24	23	23	25	24	24	24	24	24	25	25	24	24	24	25	23	23	23	23	21	1	1
23	24	22	24	24	24	25	24	24	23	23	24	24	23	24	23	24	24	24	23	25	26	23	23	8	6	246	625
23	24	24	23	23	23	24	24	24	24	24	24	23	23	24	24	23	24	24	24	23	24	23	4	73	611	935	975
24	22	23	24	24	24	23	23	24	24	25	24	25	24	23	24	25	24	23	23	24	22	17	48	693	1007	1031	1077
22	23	24	22	24	23	24	23	24	24	23	23	24	23	23	24	24	23	24	25	26	28	0	376	981	1054	1124	1127
23	23	23	24	22	23	24	23	22	23	24	24	22	23	24	22	23	24	26	27	27	26	6	581	983	1036	1050	1008
24	24	22	22	24	24	22	24	24	24	22	23	23	23	23	25	25	24	25	26	29	27	11	550	951	993	1052	1025
22	23	23	23	22	23	23	23	24	24	25	23	24	24	23	23	26	25	25	27	29	31	0	451	936	973	1042	998
24	22	23	24	24	23	23	24	23	23	24	24	25	25	26	25	24	26	26	29	29	26	2	520	948	977	1038	961
23	24	23	23	22	23	23	24	25	24	23	24	23	25	26	27	26	25	27	28	31	3	135	820	943	1002	1042	1007
22	22	24	23	24	24	24	24	24	25	24	26	26	24	25	25	26	27	28	29	12	37	656	952	963	1055	1025	916
23	23	24	24	23	25	24	24	24	25	25	24	25	25	25	25	25	29	30	12	33	613	958	934	1047	1070	1004	974
23	22	22	24	24	23	24	25	24	25	25	26	26	25	25	26	27	29	11	51	653	967	914	1026	1050	978	1067	998
23	23	23	23	23	24	24	24	24	26	26	26	25	27	26	27	31	12	58	698	962	905	991	1066	960	920	966	924
22	23	24	24	24	24	24	25	25	26	25	26	25	25	26	31	16	49	703	965	904	978	1070	996	910	908	913	921
22	22	22	23	23	23	23	24	24	25	25	26	27	27	28	22	32	671	969	903	979	1080	1030	916	908	912	915	915
23	23	23	23	25	24	25	25	23	24	25	26	26	29	28	7	593	971	902	967	1080	1049	930	905	912	914	909	917
23	22	23	22	23	24	24	24	26	25	26	26	26	29	0	456	968	902	965	1066	1044	934	906	914	911	917	910	906
23	23	23	25	23	23	24	25	26	26	27	27	30	0	264	941	909	962	1065	1024	927	905	914	920	913	916	947	936
21	22	22	23	24	24	25	25	26	26	27	28	11	95	841	925	954	1064	1019	915	904	931	922	911	967	1014	1061	1059
22	23	24	23	23	24	25	26	26	26	28	25	2	649	953	928	1054	999	912	909	914	913	912	912	1014	1070	1058	1068
22	22	24	24	24	24	25	26	27	27	28	0	344	965	897	996	982	904	909	939	920	909	923	906	925	958	980	1026
23	23	23	24	24	25	25	27	29	29	19	57	819	925	921	947	906	909	925	954	925	920	921	909	906	913	920	918
0	0	6	21	23	24	25	23	24	24	23	24	24	25	23	24	23	23	24	23	24	25	24	24	25	23	22	23
0	6	22	25	24	23	23	24	24	24	23	24	24	24	24	24	24	25	23	23	24	23	24	24	24	25	22	21
6	22	23	23	23	24	24	24	24	25	24	23	23	24	23	24	25	24	23	23	24	24	23	25	23	25	25	21
21	24	23	23	24	23	24	23	23	24	25	23	23	24	23	22	24	24	25	23	24	24	24	23	23	24	23	24
23	22	23	24	23	23	24	24	22	24	24	25	23	23	24	23	23	24	24	25	24	24	25	24	23	22	23	24
23	23	23	23	24	23	23	23	23	23	23	23	24	24	22	24	24	24	24	23	24	24	23	25	23	21	10	0
23	23	23	24	23	24	24	23	23	24	24	24	23	24	24	23	24	24	23	25	24	25	24	23	21	0	79	465
23	23	23	23	23	22	24	25	22	22	24	24	22	24	24	23	24	24	24	23	25	24	24	21	0	274	819	979
24	23	23	23	24	24	23	24	24	23	23	24	25	24	24	24	24	24	24	23	25	24	25	0	258	905	1026	1062
22	22	22	22	24	23	23	22	23	22	23	24	24	24	23	23	23	23	24	24	24	26	23	41	673	1003	1080	1120
22	23	23	23	23	23	23	23	23	22	22	23	24	23	24	23	23	24	26	27	26	27	13	109	795	978	1043	1040
24	22	23	23	23	24	22	23	24	25	23	23	24	23	24	24	24	24	25	25	27	29	19	75	745	946	1006	1022
22	24	23	23	23	23	23	23	24	24	24	22	24	23	24	25	26	26	26	27	26	28	24	29	637	945	954	1032
23	23	23	23	23	22	23	24	23	23	24	24	25	25	25	24	25	27	25	27	28	29	19	44	686	951	967	1044
23	23	23	23	23	22	23	24	25	24	22	23	24	26	25	25	25	26	27	27	28	28	0	281	899	934	997	1058
22	22	24	23	23	24	24	24	24	25	25	25	24	23	25	24	25	28	27	26	28	0	160	813	943	952	1049	1080
22	23	22	23	23	24	23	24	23	23	25	26	25	25	24	24	27	26	27	27	0	174	805	951	943	1043	1072	1066
22	23	23	23	24	24	24	24	25	24	24	25	25	26	24	25	27	27	27	0	248	857	942	933	1034	1048	1069	1019
23	23	22	23	23	24	24	24	24	24	24	24	24	25	26	27	28	28	0	344	908	933	916	1027	1041	957	1019	926
23	23	23	23	23	24	24	24	25	26	26	26	27	26	27	28	30	0	419	946	921	916	1019	1064	949	911	919	912
23	22	23	24	24	23	24	24	23	25	25	25	26	28	28	32	0	422	958	916	932	1020	1076	976	903	913	914	913
23	23	23	23	24	24	24	25	25	25	26	27	27	28	32	0	362	950	914	922	1021	1081	1001	907	905	910	910	916
23	23	23	23	24	24	24	25	25	26	26	27	28	30	0	275	928	918	917	1021	1078	1007	908	907	911	914	908	907
23	23	24	24	24	24	24	25	26	26	27	27	30	4	152	873	927	912	1020	1063	993	879	900	916	930	945	975	965
22	22	23	24	24	25	25	25	27	26	28	28	19	32	740	944	908	1009	1063	988	900	646	769	929	1028	1064	1068	1075
23	23	23	23	23	25	26	27	26	27	27	27	0	508	964	901	994	1064	972	875	899	862	887	918	1031	1072	1041	1064
23	22	24	23	23	23	25	26	27	27	27	1	224	934	902	943	1051	960	934	700	652	943	923	904	923	948	920	1003
22	23	24	25	26	25	26	26	28	28	23	15	711	948	893	964	946	901	981	1020	862	917	921	914	923	911	914	915
0	0	6	21	24	24	25	25	24	25	24	23	25	26	24	24	23	23	23	24	24	24	24	23	23	23	22	23
0	7	23	24	23	24	24	25	24	24	24	25	24	25	24	24	24	24	23	23	23	24	24	24	22	23	23	22
6	23	24	25	25	24	24	24	23	25	25	24	24	25	24	24	25	23	24	22	24	23	23	22	24	23	23	22
21	24	23	23	25	25	24	24	25	24	25	24	24	25	24	25	24	24	24	24	23	24	25	23	23	22	23	22
24	24	24	24	23	23	23	24	24	24	25	24	24	24	24	24	25	23	24	25	24	24	25	24	23	22	22	21
23	23	23	24	24	24	25	24	24	24	24	24	24	25	24	24	25	25	24	24	26	25	25	24	23	21	18	0
24	24	24	23	23	24	25	24	24	25	24	24	24	24	24	24	24	24	25	25	24	26	25	24	22	12	1	286
23	24	23	23	24	23	23	24	24	24	24	24	24	24	25	24	24	24	24	25	26	24	27	25	13	34	546	958
24	24	24	24	24	24	24	24	24	23	23	24	25	24	25	25	24	25	25	25	26	25	25	25	8	531	1011	1060
22	23	24	24	23	24	24	24	24	24	23	24	24	24	23	24	24	24	24	25	26	27	27	8	167	876	1035	1080
23	23	24	23	24	24	23	23	24	24	24	23	24	25	24	23	24	24	25	26	24	26	29	0	276	909	986	1045
22	23	23	24	24	24	23	23	23	24	23	24	23	23	25	26	25	25	24	25	26	27	31	5	209	863	941	1009
23	24	23	23	24	23	24	24	24	24	24	23	24	24	24	26	24	24	26	27	27	27	29	14	120	808	922	985
23	23	23	23	23	24	23	24	24	23	24	24	24	25	25	25	25	26	26	27	26	28	29	9	147	851	924	974
23	24	24	23	23	23	23	23	23	24	23	24	25	25	25	23	25	26	25	28	27	26	25	0	461	949	920	1005
23	22	23	23	23	23	24	24	24	24	25	24	24	24	23	23	25	26	26	26	28	23	0	300	903	924	958	1060
22	23	23	24	24	23	24	24	24	23	24	26	25	24	25	24	26	25	26	27	16	0	334	893	933	942	1045	1071
23	23	23	24	24	24	23	24	24	25	24	24	25	25	25	24	26	26	28	9	19	475	928	925	938	1045	1066	1051
23	23	23	23	24	24	24	25	24	25	25	24	25	26	25	26	26	29	4	72	627	961	916	945	1046	1029	1018	942
23	23	23	22	23	24	24	24	24	26	26	25	26	26	26	28	32	2	150	767	963	902	944	1056	1024	922	933	910
23	23	24	24	23	23	24	24	24	25	25	26	26	25	26	31	2	189	838	946	904	943	1051	1049	925	906	910	910
23	22	23	23	24	23	24	25	25	25	25	27	28	27	31	3	162	846	939	903	945	1051	1063	940	900	910	909	912
23	23	23	24	24	24	24	25	25	25	26	28	27	30	8	112	807	940	902	949	1057	1087	968	900	906	909	908	907
23	24	23	24	23	24	25	25	25	26	26	28	30	16	57	742	951	901	949	1053	1055	797	788	903	915	931	960	959
23	24	24	25	24	25	26	27	27	27	28	29	25	1	602	966	899	940	1045	1061	903	249	332	914	983	1052	1067	1073
22	22	23	23	24	24	24	25	25	27	27	27	0	346	959	900	916	1035	1050	899	799	736	852	925	973	1040	1025	1068
23	22	23	24	24	24	25	26	27	26	26	12	88	849	924	903	1009	1049	957	605	470	1012	929	909	913	927	919	998
22	23	23	24	24	25	25	27	27	26	25	0	499	968	898	929	1012	936	955	963	913	910	918	924	919	937	947	945
0	0	6	22	24	25	24	25	24	24	23	24	24	25	24	24	23	24	24	24	23	24	23	24	22	22	23	23
0	7	23	24	24	24	25	25	25	24	23	24	24	25	24	23	24	25	24	23	24	24	22	24	22	22	22	22
6	23	25	24	24	23	24	24	24	24	26	24	23	24	26	24	24	24	25	24	24	24	25	23	22	22	21	22
22	24	23	24	23	23	25	24	23	24	23	24	24	23	24	25	24	24	23	24	23	23	25	24	23	22	22	22
24	24	24	24	24	23	22	24	25	23	23	24	24	24	24	25	24	24	24	25	24	24	25	25	24	23	21	21
22	23	23	23	24	24	25	23	23	24	24	23	24	25	25	24	24	24	25	24	24	25	24	25	24	23	23	10
24	23	24	23	23	24	24	24	24	24	25	23	23	23	24	24	24	24	25	24	25	25	25	26	24	22	2	99
23	24	24	23	23	23	23	24	24	24	22	24	24	24	23	25	24	24	23	24	24	25	26	24	26	1	175	797
22	23	23	23	24	22	23	25	23	25	25	23	23	24	24	23	24	24	25	24	25	25	25	26	15	94	754	1018
23	23	23	24	23	25	23	23	24	25	24	25	22	24	24	25	24	23	23	25	25	26	26	27	1	359	947	1009
24	23	24	24	23	24	24	23	23	23	24	23	25	24	24	23	25	23	25	25	23	25	27	29	3	442	942	966
23	23	23	23	24	23	24	24	23	24	25	24	22	24	23	24	24	24	24	24	25	26	27	29	2	340	916	924
22	23	23	22	23	23	23	24	23	23	23	24	25	24	24	25	23	23	26	25	26	25	27	29	2	254	895	921
23	23	22	23	22	23	22	23	25	23	23	24	23	25	24	24	25	24	25	25	26	27	26	29	0	323	924	918
24	24	24	24	23	23	23	23	23	24	24	24	24	24	25	23	24	25	24	27	26	26	26	18	37	656	941	931
22	22	23	24	24	24	23	23	24	23	23	24	25	24	24	24	24	24	25	25	26	27	17	0	468	941	914	981
22	23	23	23	24	24	25	23	24	24	24	23	24	24	25	23	23	26	27	26	26	10	16	476	937	917	947	1041
23	22	23	23	23	23	23	24	24	24	25	25	24	25	25	24	24	26	27	26	0	80	604	951	916	958	1020	1045
22	24	24	23	24	24	24	24	24	24	24	24	25	24	24	25	27	27	23	0	221	778	956	912	967	1052	1032	979
22	23	23	22	24	24	24	24	23	24	25	24	25	25	23	26	30	19	7	407	908	942	901	969	1049	962	949	930
22	22	22	23	24	24	24	24	24	25	26	26	26	24	27	27	18	28	552	956	920	902	966	1057	978	906	913	910
22	23	23	23	23	23	24	24	25	25	25	26	27	26	27	18	33	632	962	911	905	970	1058	994	909	907	911	912
23	23	23	24	24	24	24	24	25	25	25	26	26	28	20	20	626	964	907	902	970	1078	1043	916	901	903	907	909
22	23	23	23	22	23	23	24	25	25	26	26	27	23	5	584	970	908	909	973	1077	966	607	828	913	932	945	945
22	23	24	24	25	25	25	24	25	26	26	27	26	0	450	974	908	906	971	1075	1043	743	221	730	965	1057	1068	1060
22	22	23	23	24	24	25	26	26	27	27	27	0	216	937	915	901	955	1066	987	692	708	952	921	932	1014	1012	1077
23	24	24	24	24	25	25	25	27	28	26	21	13	730	948	908	933	1054	1047	469	287	1001	928	913	910	916	925	974
22	23	23	23	24	23	25	26	25	26	24	0	285	962	908	904	988	1015	956	854	807	921	906	922	910	920	937	942
0	0	6	22	24	24	24	25	24	24	24	24	24	25	24	24	24	25	24	24	24	23	23	22	22	22	22	23
0	6	23	25	24	24	24	25	25	23	24	23	24	24	24	24	24	24	25	24	24	24	22	23	23	22	21	22
6	23	24	24	24	23	24	24	25	25	25	24	23	24	24	25	25	25	24	25	24	24	24	23	22	23	21	22
21	24	24	23	24	23	24	24	24	24	25	24	24	24	25	24	24	24	25	23	24	23	25	25	23	22	23	22
24	24	24	23	24	24	24	24	24	23	23	25	24	24	25	25	25	24	24	25	23	24	24	25	26	22	22	20
22	23	24	23	23	24	25	24	24	24	24	24	24	25	23	24	24	25	26	25	24	25	25	25	26	24	21	20
25	23	23	24	23	24	23	23	24	24	25	23	24	25	25	24	24	24	24	24	25	25	25	25	25	24	21	6
23	24	24	24	24	23	23	24	24	24	24	24	23	24	25	26	25	24	25	25	26	26	25	25	26	26	4	342
23	23	24	24	25	24	24	24	25	25	24	23	24	24	24	24	25	24	23	23	25	26	28	26	30	4	198	824
23	24	23	23	24	24	24	23	24	25	26	24	23	24	25	24	24	26	24	24	25	25	27	27	27	10	457	922
24	24	24	24	23	24	24	24	23	23	24	24	24	24	24	25	25	24	25	25	25	25	26	30	27	23	523	927
23	23	23	24	24	24	23	24	25	24	24	26	24	25	24	24	25	25	24	25	26	26	26	28	29	8	456	929
24	23	23	23	24	23	25	24	24	25	24	23	26	25	25	25	25	23	26	26	26	27	28	27	29	0	391	931
23	23	23	23	23	24	25	24	24	24	24	24	24	25	26	26	26	24	25	26	26	27	27	28	28	1	498	937
24	23	23	23	23	23	24	25	25	25	24	25	25	25	25	26	25	24	26	26	25	28	27	29	6	123	790	927
24	23	24	24	24	24	24	23	25	24	24	25	25	26	26	26	25	26	27	27	27	26	28	11	45	619	945	915
23	23	24	23	23	24	24	25	24	25	25	25	26	25	25	24	24	26	28	28	29	26	2	67	624	948	909	952
23	23	24	23	24	24	24	24	25	26	26	25	25	25	26	25	24	27	29	29	22	0	165	735	954	912	964	1041
23	24	23	23	24	24	24	23	24	25	26	25	26	26	25	26	26	28	30	11	14	386	873	945	911	978	1053	1028
22	23	23	23	24	24	25	25	25	25	26	25	27	24	25	26	29	29	0	116	657	961	926	908	970	1006	990	962
22	22	22	23	23	25	24	25	26	26	26	26	26	25	25	26	29	0	271	855	959	913	913	963	984	924	919	920
23	23	23	23	23	23	23	23	25	26	26	27	28	30	24	26	0	405	937	935	907	909	964	994	927	908	908	917
22	22	24	23	23	23	23	25	25	25	26	26	32	38	23	0	466	965	921	908	905	981	1057	944	903	903	909	916
22	22	22	24	24	24	24	24	26	27	26	26	43	36	0	451	970	915	908	912	989	1064	712	756	925	965	934	941
24	23	23	23	24	24	24	25	24	26	26	28	50	0	337	964	916	907	909	1003	1064	849	189	507	1012	1080	1069	1032
21	22	23	23	23	22	24	24	25	26	26	31	9	133	901	923	903	900	993	1095	815	563	920	922	956	1035	1055	1071
21	22	23	23	24	25	25	26	26	27	25	26	0	628	962	906	895	969	1088	742	569	941	927	914	906	914	943	956
22	22	23	23	23	21	24	25	25	24	20	2	160	935	914	906	922	1046	990	744	725	942	904	920	919	912	914	917
0	0	5	21	24	24	23	24	23	24	24	24	25	24	24	24	24	25	24	25	24	23	25	23	22	23	24	23
0	6	23	24	23	23	24	24	24	24	24	24	24	22	23	25	25	24	25	24	24	22	24	24	23	23	23	22
5	23	24	24	23	23	24	24	24	24	24	24	24	24	24	25	25	25	24	24	24	24	23	24	24	24	24	22
21	24	23	23	24	23	23	24	24	24	24	24	24	25	24	23	24	24	24	23	25	24	25	24	24	24	24	23
23	23	24	23	23	24	24	24	24	24	24	25	24	23	25	25	24	25	24	24	23	24	25	24	25	25	25	22
24	22	24	23	23	24	23	24	23	24	25	24	24	24	23	24	25	26	26	25	24	24	26	25	24	25	25	22
24	24	23	24	23	24	24	24	24	23	24	23	24	24	25	24	24	24	24	24	24	25	25	27	26	25	27	23
23	23	24	23	24	24	24	24	24	23	23	24	24	24	24	24	24	25	26	24	25	27	27	27	27	27	25	36
22	23	23	25	23	23	24	24	24	24	24	24	24	25	24	24	25	25	25	25	25	27	27	27	28	30	8	221
23	23	23	23	25	24	24	24	24	24	23	24	25	24	25	23	24	25	25	25	27	26	26	28	28	24	25	415
23	23	24	23	23	24	24	24	24	25	24	23	23	24	24	25	25	25	25	26	26	27	26	28	30	21	40	499
23	23	23	23	24	24	24	24	25	25	24	25	25	25	25	25	26	24	24	26	27	29	27	28	28	24	28	494
23	23	23	23	24	23	24	24	25	24	25	24	25	26	25	26	24	23	26	25	26	26	27	28	28	24	19	489
23	23	22	23	23	24	24	24	24	24	24	25	24	25	26	25	26	24	24	25	26	26	27	26	26	21	45	646
23	22	24	23	23	23	23	25	24	24	24	25	25	25	26	26	24	23	27	27	25	27	27	26	28	0	258	878
24	22	24	23	23	24	24	23	24	24	25	24	25	26	25	25	23	26	27	27	26	28	25	26	0	138	772	933
23	23	23	22	24	24	24	24	24	25	25	24	24	25	26	24	25	26	26	27	28	26	25	0	186	785	942	910
23	23	23	23	23	24	24	24	24	25	25	25	25	25	23	25	24	27	29	28	30	11	0	351	872	939	913	973
22	23	23	23	24	23	23	23	24	25	26	25	25	27	24	23	25	29	29	27	0	101	608	948	925	917	987	1007
22	22	23	23	24	24	24	24	24	25	24	24	26	35	29	22	28	30	12	7	354	854	961	913	910	967	1036	1025
22	23	22	23	23	23	24	25	25	25	24	24	23	64	49	23	31	0	107	653	964	930	907	913	950	953	941	937
22	22	23	22	23	23	23	23	25	26	25	25	29	89	70	34	0	260	851	958	908	904	907	950	976	915	908	914
22	22	23	23	22	22	22	24	24	24	24	24	40	98	73	4	361	941	930	905	904	909	969	962	920	905	910	928
21	21	22	24	23	24	24	24	25	24	25	23	57	101	19	366	957	918	907	902	910	995	980	894	905	917	907	924
22	22	22	22	22	22	23	24	24	24	24	25	83	52	274	945	919	906	898	920	1007	959	334	559	956	1036	1024	963
21	22	23	22	23	22	23	22	23	25	23	36	84	109	860	933	905	897	916	1043	969	748	791	888	928	1009	1058	1062
21	21	21	22	22	22	24	24	24	23	17	70	23	547	974	902	902	904	1025	1061	805	796	943	918	906	902	998	1000
21	22	21	22	22	22	23	24	24	20	31	44	86	887	921	905	899	984	1061	945	968	940	905	914	934	909	937	936
0	0	6	22	24	24	24	25	25	25	24	24	25	25	25	24	24	25	25	25	24	24	23	23	24	24	25	23
0	6	23	25	24	24	25	24	24	24	24	25	25	24	25	25	24	24	25	24	24	23	26	24	23	24	25	23
6	24	24	23	24	23	25	24	23	24	25	24	24	24	24	25	24	25	25	25	24	24	23	24	24	24	24	24
21	24	24	24	24	24	24	24	25	24	24	25	24	25	25	24	24	23	24	24	24	25	26	25	25	26	24	24
23	24	23	23	24	24	24	25	24	24	24	24	24	24	24	25	25	23	24	25	24	24	26	25	25	26	25	23
24	24	24	24	23	24	24	24	24	24	25	24	24	24	24	24	25	25	25	24	25	25	25	25	25	26	26	24
24	23	24	24	23	24	24	24	24	24	24	24	24	24	24	24	24	25	24	23	24	25	26	26	26	25	26	28
24	24	23	23	24	24	24	24	24	23	24	24	23	24	25	24	24	25	25	23	25	26	26	27	27	27	27	27
22	24	23	24	24	24	24	24	24	24	24	24	24	25	25	24	24	24	24	24	25	25	26	27	27	28	28	19
23	23	24	23	24	24	24	25	24	24	23	24	24	25	25	24	25	25	24	25	26	26	27	30	29	33	37	30
23	23	24	23	24	23	24	23	25	24	24	24	24	24	25	25	25	26	25	25	23	27	48	46	44	41	28	31
23	23	23	23	23	24	23	23	24	24	24	24	25	24	24	25	26	25	23	23	38	52	34	23	26	28	22	34
24	23	24	24	22	22	23	23	24	24	24	24	25	26	25	25	24	23	26	51	44	25	24	27	26	28	24	35
23	23	22	24	24	24	23	24	24	24	23	23	24	25	25	25	24	30	55	35	23	25	26	26	26	27	12	114
23	23	24	23	23	24	22	24	23	24	24	23	25	24	25	23	36	49	28	25	26	26	26	25	25	25	0	493
23	22	23	23	23	23	24	23	25	23	24	24	24	25	22	35	45	24	25	26	26	26	25	24	22	0	328	904
22	22	23	22	23	23	24	23	23	24	24	24	24	24	30	48	21	25	25	26	26	26	28	10	9	427	912	918
23	22	22	23	23	23	23	24	24	24	24	24	24	22	53	32	22	26	26	26	28	25	0	105	643	953	913	914
22	22	22	23	23	23	23	23	23	25	25	24	24	35	70	22	23	26	28	29	3	8	354	849	950	907	918	986
22	23	23	22	23	23	23	23	24	25	24	24	23	50	89	27	23	28	22	0	176	687	956	925	907	916	978	1049
22	23	23	23	24	23	23	24	24	24	24	24	22	45	88	55	37	6	30	478	917	946	906	908	920	975	947	973
22	22	22	22	23	23	23	23	24	24	24	25	25	33	55	55	8	167	750	969	913	906	908	925	1010	958	909	921
22	22	22	22	22	22	22	23	24	24	25	25	24	30	44	9	285	899	943	904	905	902	921	1006	978	902	909	933
22	22	22	24	23	24	23	24	24	24	24	26	24	36	9	304	934	926	906	904	901	924	976	967	907	909	902	915
22	22	21	23	22	23	23	24	24	25	25	25	24	12	220	921	923	905	901	901	925	978	590	574	957	1042	963	904
21	22	22	22	22	22	23	24	24	25	25	16	29	89	807	940	903	898	897	944	969	938	758	839	947	1040	1062	987
21	21	22	23	22	22	23	23	24	22	16	33	45	482	980	901	902	895	939	1037	866	882	948	923	898	927	1071	1067
22	22	21	21	23	23	24	24	21	19	24	97	74	825	927	904	900	917	1048	985	887	925	908	902	919	927	1027	1050
0	0	6	22	25	24	24	24	24	24	24	23	25	25	24	23	24	24	24	24	23	23	23	23	23	24	24	25
0	6	23	24	24	24	24	24	25	25	24	24	23	24	24	24	23	25	25	24	24	23	24	24	23	23	24	24
6	24	24	24	24	23	25	24	23	24	24	25	24	24	23	23	23	24	25	24	24	22	24	25	22	23	24	24
21	24	25	23	24	24	24	25	24	24	24	23	24	25	25	24	23	23	24	24	24	23	23	24	25	24	24	24
23	23	23	24	24	24	23	24	24	24	24	24	24	23	23	24	24	23	22	24	24	24	24	24	25	24	24	24
24	23	23	23	23	23	24	24	23	24	25	24	24	24	24	24	24	24	24	23	24	25	24	24	25	25	23	25
23	24	24	24	24	24	24	23	24	24	24	24	24	25	24	24	24	24	24	24	23	25	25	24	24	24	25	24
22	23	23	24	23	23	23	24	24	23	24	24	23	23	26	23	24	24	24	24	23	23	25	25	24	24	26	24
22	24	23	23	24	24	24	24	23	23	23	24	24	24	24	26	23	24	23	23	24	24	25	25	25	23	23	32
23	23	23	24	23	24	24	24	23	24	24	24	23	25	24	23	25	24	24	23	25	25	26	33	30	37	50	59
22	23	23	24	24	23	24	24	24	23	24	24	24	23	25	24	23	25	24	24	22	24	57	53	52	50	39	25
23	24	24	23	23	23	23	24	24	23	23	23	25	24	24	24	24	24	23	21	39	60	35	20	23	24	26	28
23	23	24	25	23	23	23	24	24	24	25	24	24	25	24	24	25	23	24	57	53	25	23	26	26	27	27	29
22	24	23	23	24	24	23	24	24	24	24	23	24	23	24	24	23	31	69	42	21	25	26	24	25	25	29	16
22	22	24	23	23	24	24	24	24	24	24	24	24	25	24	22	35	73	34	22	25	25	26	26	25	27	7	138
22	22	23	24	24	23	24	23	24	24	23	24	24	25	23	35	82	29	23	26	26	25	25	24	27	5	65	689
23	23	22	22	22	23	23	24	23	25	25	24	25	25	25	79	39	19	25	26	26	26	28	22	0	156	721	938
23	22	23	23	23	23	23	24	24	23	24	25	25	23	49	81	20	25	26	25	27	28	0	18	408	874	938	904
22	23	23	22	23	24	24	24	24	25	25	24	25	23	68	66	23	26	27	29	11	0	209	720	963	918	905	937
22	23	23	23	23	23	23	24	24	24	25	26	26	20	55	71	36	40	37	0	96	565	928	943	911	904	933	1018
22	22	23	23	22	23	23	23	25	25	24	25	26	21	28	48	45	30	13	367	863	958	911	910	905	961	975	1012
22	22	23	23	23	22	24	23	23	25	25	25	24	25	23	27	5	122	671	967	919	907	908	911	996	1028	930	922
22	21	21	23	23	23	23	24	25	26	25	26	25	26	25	0	233	855	958	906	909	905	913	1007	1050	931	907	937
22	22	23	23	23	23	24	23	24	25	26	27	27	28	0	254	917	935	902	903	910	912	969	1030	939	920	908	920
22	22	22	23	23	23	23	24	25	25	26	27	26	0	158	897	927	901	898	906	910	971	948	890	964	1068	988	902
22	23	23	22	23	24	24	25	25	26	26	22	13	22	740	951	902	900	902	906	945	1020	778	861	981	1076	1044	923
21	21	23	23	22	23	23	24	26	24	19	17	0	371	978	902	907	903	904	954	958	957	945	924	917	947	1047	1051
21	23	22	23	24	23	24	23	21	20	17	40	51	748	941	908	905	901	961	995	896	905	922	904	910	932	1039	1077
0	0	6	23	25	24	24	24	24	24	25	25	25	25	24	24	25	24	25	24	24	24	24	24	23	24	24	25
0	7	23	24	24	24	24	25	24	24	24	24	24	24	25	23	24	25	24	24	24	24	24	25	24	25	23	24
5	23	24	24	24	24	24	23	25	24	23	25	24	25	24	25	24	24	25	24	24	23	24	24	23	25	25	23
22	24	24	23	24	24	24	25	24	25	24	24	24	25	25	25	25	24	24	25	25	23	23	23	25	24	25	25
23	24	24	24	24	24	23	24	25	24	24	25	24	24	25	23	25	23	24	24	24	23	25	23	24	25	24	26
23	23	24	24	23	24	23	23	24	25	25	24	25	24	25	25	25	24	24	23	23	25	24	25	24	25	23	25
23	24	24	24	24	23	24	23	24	24	25	24	24	25	24	25	25	25	25	25	23	24	25	24	25	25	25	23
24	23	25	24	24	25	23	25	24	24	24	24	24	25	25	25	24	25	25	25	24	24	25	25	25	24	25	24
24	24	24	24	23	24	23	24	24	24	23	24	24	24	25	24	24	24	26	25	26	25	24	25	23	22	20	30
23	23	24	24	23	24	24	24	24	24	25	25	24	25	24	24	26	24	25	24	26	25	28	40	37	44	58	65
23	24	23	24	24	24	24	25	24	24	25	23	25	25	25	24	24	25	25	25	23	25	68	58	55	49	37	23
23	24	23	23	24	24	24	24	25	25	25	24	24	25	24	25	24	24	24	20	37	72	40	19	22	24	25	27
23	23	24	23	24	23	24	25	24	24	25	25	24	25	25	25	25	24	20	54	66	27	23	27	26	27	27	28
21	23	23	24	23	24	23	24	25	24	25	25	25	25	26	25	25	23	61	56	21	24	27	26	28	26	28	26
23	21	22	24	23	24	24	24	25	24	24	25	25	27	26	26	22	62	50	20	26	24	25	26	27	28	25	24
22	23	23	23	24	23	24	23	23	23	24	25	25	26	27	23	60	55	22	26	27	27	26	25	26	20	0	420
23	23	23	22	22	23	23	24	25	24	24	24	25	25	23	33	74	21	27	26	26	25	28	26	1	29	482	915
22	23	23	23	24	23	24	24	23	25	25	25	24	26	19	56	51	22	28	30	32	29	7	0	232	727	945	910
22	23	23	24	23	24	24	23	25	25	26	25	25	25	20	56	45	41	44	48	25	0	139	600	931	937	904	912
21	22	22	24	24	24	24	23	24	25	25	25	26	24	22	35	37	37	39	7	80	501	901	960	912	908	919	986
24	23	24	22	22	23	23	25	25	26	26	26	25	26	24	23	28	11	21	353	838	961	916	910	908	935	1011	1031
22	21	23	24	25	23	23	24	23	25	26	26	27	27	27	28	0	124	671	964	924	905	908	906	958	1053	975	928
22	22	22	22	23	24	23	24	25	25	25	26	28	28	28	0	249	862	957	907	909	907	905	968	1067	989	903	927
22	22	22	23	23	23	24	24	24	25	25	25	27	28	0	258	920	928	902	901	912	904	963	1063	1005	934	912	926
22	22	22	22	23	22	24	24	26	25	26	26	25	0	150	888	929	902	904	903	897	948	1055	989	978	1069	1016	912
21	22	23	23	23	24	24	24	24	24	25	21	18	21	702	958	910	900	901	902	930	1047	946	897	998	1084	1045	915
22	21	23	23	22	23	25	26	24	23	21	21	0	307	965	908	909	900	899	905	968	1039	938	924	921	963	967	1027
22	23	23	23	24	24	23	22	20	22	21	21	11	667	950	908	908	907	906	950	944	972	971	923	907	910	954	1047
0	0	6	22	24	24	23	24	25	24	25	24	24	26	24	24	23	24	24	24	24	24	24	24	24	24	24	24
0	7	22	24	23	24	25	24	24	24	24	26	24	24	25	24	24	24	24	24	24	24	24	25	24	25	23	24
6	22	24	23	24	23	24	24	24	24	24	25	25	24	25	25	25	24	24	23	24	23	24	24	25	25	25	23
21	24	24	24	24	24	24	24	24	24	25	25	25	25	24	24	25	25	24	25	24	25	24	24	25	25	25	24
23	24	23	24	24	23	24	24	25	23	23	25	25	25	25	24	25	25	24	24	24	23	26	24	25	26	24	25
22	23	24	24	23	23	24	24	24	25	24	24	24	24	25	25	24	24	25	24	23	25	25	25	24	25	24	24
23	24	23	23	24	23	23	25	24	24	25	25	24	24	25	25	26	24	25	25	24	24	25	25	25	25	26	23
24	23	24	23	24	24	23	24	24	24	23	23	25	25	25	25	25	25	25	24	24	25	25	25	26	25	25	24
23	24	23	23	23	24	23	24	23	25	24	24	24	24	25	24	25	25	26	25	26	25	25	24	23	21	20	31
23	22	24	24	23	24	24	24	23	23	24	25	24	25	24	24	25	25	25	25	27	26	30	45	44	51	65	67
22	24	23	24	24	24	24	24	25	23	24	24	24	24	25	24	25	25	26	26	23	24	69	55	50	45	35	23
23	23	23	23	23	24	24	24	25	25	25	24	25	24	24	25	25	25	23	20	34	72	41	19	23	23	25	27
23	23	23	23	23	24	23	24	24	24	25	25	23	25	25	26	24	24	21	42	64	30	23	28	26	27	26	27
23	23	23	23	23	23	23	24	25	24	24	25	25	25	25	25	26	21	44	55	23	25	26	26	28	28	28	26
23	23	23	23	23	23	23	24	24	24	24	24	25	27	26	25	23	42	53	22	25	25	27	26	27	28	28	12
22	23	23	23	23	23	24	23	25	24	24	24	25	24	25	24	32	56	23	24	25	26	25	26	26	25	0	213
22	22	22	22	23	23	23	23	23	24	25	25	25	25	25	22	46	38	24	28	34	33	30	26	7	0	298	836
22	22	23	23	23	24	24	23	24	24	24	24	24	26	24	24	41	43	45	47	48	45	11	0	155	587	910	919
23	22	22	23	23	23	23	23	24	24	25	24	24	25	25	23	29	38	36	35	35	3	133	539	889	941	905	906
21	22	22	23	23	23	23	22	25	24	24	24	25	24	25	24	25	26	19	2	121	518	884	958	915	905	912	961
23	22	23	22	23	24	24	24	23	25	24	25	26	26	25	25	28	4	39	427	852	955	918	907	904	921	1018	1058
22	22	22	24	24	24	23	24	24	24	25	25	27	26	26	26	0	179	722	963	919	903	906	899	930	1044	1028	961
22	22	22	23	23	24	24	24	24	24	25	26	27	28	25	0	311	886	941	903	905	907	900	939	1050	1034	925	910
22	22	22	22	22	23	23	24	25	25	25	25	27	25	0	306	927	924	902	900	904	900	941	1048	1043	954	913	919
21	22	22	23	22	23	24	24	24	25	25	23	23	0	194	893	931	904	900	900	895	928	1043	1037	993	1060	1007	906
22	21	23	23	24	23	24	24	23	22	22	22	17	38	721	948	903	901	900	899	912	1029	1052	930	980	1080	1025	913
22	22	22	23	23	24	23	23	22	22	23	21	0	311	954	902	899	897	898	898	979	1054	981	921	916	958	923	970
22	21	23	23	22	22	23	23	21	22	22	22	8	619	951	898	898	900	896	924	995	1027	922	840	907	900	905	936
0	0	6	22	24	24	24	25	24	25	25	23	24	26	25	25	24	24	25	24	23	25	24	23	26	24	25	24
0	7	23	25	24	23	24	25	24	24	25	26	25	24	24	25	25	24	24	25	24	24	25	24	23	25	24	25
6	23	23	24	25	24	23	25	24	24	25	24	25	24	24	25	25	25	24	24	24	23	24	24	23	24	24	26
21	24	24	24	24	24	24	24	25	24	24	25	25	25	25	24	25	24	24	24	24	24	25	25	25	24	24	24
23	24	22	23	24	23	23	25	24	23	24	24	25	25	24	24	25	25	24	25	25	24	26	25	25	25	24	26
23	23	23	23	23	24	24	23	23	24	24	24	23	25	24	25	23	24	24	25	23	24	25	24	24	25	24	24
23	23	23	23	23	23	24	24	24	24	24	24	24	24	25	24	25	24	24	25	24	25	24	26	25	24	26	24
23	23	23	24	23	24	23	23	24	23	24	24	24	24	25	24	24	24	24	24	24	24	25	24	26	26	24	24
22	23	23	24	23	24	23	23	24	24	24	23	24	24	24	25	23	24	25	24	25	26	25	24	24	23	22	29
23	22	23	23	23	22	24	24	23	24	24	24	23	25	24	24	25	24	25	25	25	24	28	38	38	45	52	54
22	23	23	23	23	23	23	24	24	22	25	24	23	24	24	24	24	25	24	25	24	25	47	38	38	36	30	24
23	22	23	24	23	23	22	24	24	24	22	24	25	23	24	25	24	24	24	23	31	48	32	22	25	25	25	28
23	23	23	23	23	23	23	22	23	23	24	23	23	24	24	25	25	24	23	32	45	27	23	25	25	25	27	27
22	22	22	23	23	22	22	22	24	24	24	24	25	24	25	24	23	23	31	43	24	25	25	24	25	26	27	26
22	22	23	23	24	23	22	24	22	23	23	23	24	24	24	24	25	27	44	25	24	24	25	26	24	25	26	19
22	22	22	22	22	23	23	22	24	23	23	23	24	24	24	24	23	39	37	22	28	36	40	34	24	25	2	108
22	22	22	23	22	23	23	22	23	23	24	23	24	24	24	23	23	41	44	43	45	43	48	33	9	0	187	711
22	22	22	22	22	24	23	23	23	23	23	24	24	24	24	23	23	33	36	34	27	40	24	0	128	501	859	925
22	22	22	21	22	22	23	24	22	24	24	23	23	25	24	25	23	23	24	24	10	16	155	523	857	942	912	911
22	22	22	22	22	21	21	22	23	23	23	24	25	24	25	26	24	27	14	2	191	581	882	951	916	906	910	936
22	22	23	23	23	23	22	21	23	23	21	23	24	24	25	25	26	0	101	542	893	946	915	905	901	912	993	1044
22	22	21	22	23	24	24	23	23	24	24	24	24	25	26	21	2	287	811	952	908	902	906	898	919	1023	1047	1001
22	21	22	22	22	22	23	23	23	23	24	24	24	25	18	5	424	921	923	902	902	904	899	926	1035	1055	955	909
22	22	22	22	22	23	23	23	24	25	24	24	23	19	2	422	946	913	902	899	902	896	928	1034	1055	963	909	915
22	23	22	23	22	22	23	23	23	23	22	21	22	0	292	927	919	902	900	900	896	918	1029	1052	996	1030	965	904
21	22	22	23	23	23	23	23	22	22	21	20	11	78	782	929	899	898	898	901	904	1012	1053	956	948	1057	992	904
21	22	23	22	23	23	21	21	21	22	22	20	0	361	949	898	898	900	896	895	975	1059	987	936	925	928	914	912
22	21	22	22	20	20	21	22	21	22	20	22	16	603	944	900	897	896	895	932	1035	998	857	563	829	914	910	908
0	0	6	21	24	24	24	23	23	23	24	23	24	24	24	24	25	22	24	24	23	25	23	22	25	24	25	25
0	6	22	25	24	23	24	24	23	24	23	24	24	24	24	23	24	24	23	25	24	24	25	23	23	24	23	25
6	23	23	24	24	24	23	23	24	24	23	23	24	24	24	25	24	23	23	24	23	24	24	24	22	23	23	24
21	24	24	23	23	24	24	24	23	24	23	23	24	24	24	24	24	23	24	24	24	23	24	25	24	22	24	23
23	23	22	23	23	22	23	24	23	23	24	24	24	24	23	23	25	23	23	24	24	24	24	23	26	23	24	25
23	22	23	23	23	23	23	24	23	23	23	24	23	24	24	24	24	24	22	24	23	24	24	23	24	24	23	23
23	23	23	23	23	23	24	23	24	24	23	22	24	24	24	24	23	24	24	23	24	24	24	25	24	24	25	23
22	23	23	23	23	23	22	23	24	22	24	24	22	24	24	24	24	24	23	25	24	23	23	24	24	24	23	25
22	22	23	23	23	23	22	23	23	24	22	23	23	23	23	24	23	24	24	23	24	25	23	23	23	23	24	27
23	22	23	23	22	22	23	22	22	24	24	22	24	23	23	24	25	23	25	24	23	24	29	40	38	41	42	41
23	22	22	23	22	23	23	23	23	22	24	24	23	23	24	23	24	23	23	24	23	26	47	34	31	27	25	24
23	23	22	22	23	22	23	23	23	23	23	23	24	24	23	24	23	24	24	23	31	50	28	22	23	24	23	25
22	23	23	23	24	23	22	23	23	23	23	22	23	23	23	23	25	23	23	33	49	27	23	24	24	23	23	23
22	22	22	22	23	22	22	22	23	24	23	23	23	24	24	24	24	23	27	51	25	23	25	26	27	26	24	23
22	21	22	23	22	23	23	23	22	22	23	23	23	24	24	24	25	23	42	37	22	31	40	45	41	25	23	17
22	22	21	22	21	22	22	23	23	24	22	23	23	24	24	24	23	23	45	45	44	43	37	42	39	23	6	57
22	22	23	23	22	23	23	22	22	23	23	23	24	22	25	23	23	24	34	36	30	24	30	45	11	0	143	609
23	22	23	22	23	22	23	24	22	22	23	23	24	24	24	23	24	24	26	24	25	24	20	5	130	470	823	929
22	22	23	23	23	22	22	23	24	23	23	24	23	24	22	25	25	24	25	23	0	33	210	545	849	938	915	907
22	23	23	23	22	23	22	22	23	23	23	23	24	24	25	26	27	27	6	22	280	655	892	947	917	901	905	922
21	21	21	23	23	23	23	23	23	24	23	23	24	23	26	27	22	0	192	656	919	934	908	906	900	909	972	1025
22	22	23	23	23	23	23	23	23	24	23	24	25	26	27	16	20	410	877	940	900	903	905	897	914	1007	1050	1032
22	21	22	22	23	23	23	23	24	24	25	26	25	26	13	35	557	945	914	900	901	900	898	920	1021	1056	967	919
23	23	23	22	22	23	23	24	24	25	23	23	23	15	19	555	954	904	900	898	902	899	921	1022	1057	959	908	924
23	23	23	23	23	23	24	24	23	23	22	21	20	0	406	947	906	897	897	903	901	913	1012	1061	973	983	969	909
20	22	23	23	23	23	23	23	23	22	21	21	6	134	845	918	896	895	899	899	902	995	1061	979	913	1019	1028	917
22	22	23	24	23	22	22	21	21	22	22	23	0	419	945	898	898	902	895	891	967	1060	993	938	933	918	931	910
21	22	22	22	21	21	21	22	22	22	21	22	13	599	942	899	899	899	895	924	1043	1025	993	688	487	849	921	909
