997	1009	1036	1041	982	1025	963	1024	1062	1062	1004	974	979	981	981	1202	1737	1780	1349	1002	1038	1006	956	936	959	1009	1034	1051
1170	1210	1138	1071	1048	1050	976	1008	1034	1011	1007	1016	993	981	997	983	1300	1803	1740	1267	968	961	985	969	935	965	979	1017
1281	1279	1278	1155	1056	1068	1006	1026	1028	1031	1045	1050	999	929	957	963	954	1446	1897	1703	1216	963	974	985	991	1007	966	1003
1314	1286	1337	1294	1038	1062	1011	1015	1031	1089	1104	1097	997	913	910	913	953	993	1602	1909	1659	1213	962	962	975	952	987	1036
1203	1193	1271	1213	1033	1042	1066	1081	1163	1223	1238	1163	996	947	905	896	958	990	1033	1703	1853	1679	1255	953	957	953	1008	1040
1054	1053	1083	1222	1373	1142	1130	1238	1236	1223	1132	1028	1036	1006	930	899	929	986	1003	1088	1680	1847	1646	1311	1154	996	992	1030
977	979	997	1589	1528	1261	1198	1326	1211	1106	955	1010	1048	1014	938	914	923	962	1008	1035	1058	1449	1661	1484	1283	1129	1053	1036
1090	1024	1295	1554	1481	1247	1147	1216	1129	1004	988	987	1010	1003	990	945	929	957	990	1032	1011	989	1151	1401	1317	1162	1112	1080
1416	1435	1372	1159	1116	1066	1048	1052	1068	1052	1024	1044	1054	1006	996	966	953	956	995	982	979	1008	990	1004	1162	1157	1124	1112
1328	1384	1143	1070	1065	1055	1064	1051	1050	1053	1056	1092	1109	1042	943	988	952	964	963	977	987	1000	999	992	1003	1024	1038	1044
1229	1233	1064	1080	1076	1053	1061	1058	1042	1040	1062	1084	1082	1066	955	969	970	989	955	967	986	1007	1019	1011	998	988	945	940
1255	1191	1051	1067	1069	1044	1058	1023	1033	1046	1068	1078	1080	1084	998	957	989	995	1012	1003	1012	1011	1017	1016	998	994	975	929
1305	1180	1021	1055	1058	1053	1038	982	1007	999	1035	1072	1076	1078	1046	1002	1023	1023	1026	1034	1035	1035	1029	1035	1030	1017	986	1022
1330	1197	997	1014	1030	1053	1046	1051	1028	973	981	1036	1067	1069	1063	1048	1053	1054	1049	1047	1054	1053	1047	1047	1042	1031	988	1112
1209	1132	954	963	972	993	1028	1061	1065	1033	1018	1045	1070	1072	1063	1059	1056	1056	1054	1048	1047	1049	1044	1036	1011	990	950	960
963	955	947	940	940	953	975	1019	1050	1063	1068	1074	1072	1065	1060	1061	1058	1058	1059	1060	1061	1052	1040	995	958	942	933	941
942	938	939	944	944	948	941	961	998	1031	1049	1061	1063	1063	1066	1064	1056	1049	1041	1032	1020	1013	999	964	940	932	927	932
934	934	938	934	933	936	930	934	942	960	985	1007	1018	1023	1017	1019	1014	1007	992	982	973	956	943	933	931	934	936	931
931	929	932	927	932	934	934	933	929	924	935	942	958	967	966	956	951	947	942	942	936	937	935	932	929	930	933	934
929	930	929	930	931	928	931	932	931	933	931	932	932	935	937	931	928	931	932	931	932	934	933	931	933	930	926	926
927	934	928	926	926	930	928	939	932	937	934	933	934	934	934	934	931	930	929	929	933	935	938	928	931	931	930	928
921	927	929	932	931	929	926	928	929	930	936	932	929	929	933	934	931	926	926	929	931	930	930	934	926	923	923	922
924	924	928	930	931	930	929	929	930	927	929	929	929	932	931	931	931	927	930	928	928	926	925	925	923	921	920	946
931	928	928	924	926	932	930	929	931	929	930	931	934	935	936	933	926	925	924	925	924	919	916	913	914	935	981	975
931	926	927	931	930	931	930	928	928	932	937	936	935	931	929	931	926	924	922	928	930	924	932	947	982	1007	865	539
919	922	922	926	930	928	929	929	932	930	930	927	927	926	928	920	917	920	920	935	959	1001	989	920	810	643	437	277
923	923	926	922	925	929	926	927	927	923	925	929	922	914	915	921	937	972	1008	1020	948	719	442	347	363	265	140	78
921	918	925	930	926	927	930	925	925	925	927	922	936	953	986	1006	991	916	723	456	349	360	318	222	113	77	87	87
691	410	774	1026	978	1047	994	940	1043	1086	1067	1125	1170	1134	1069	1056	1023	1025	1025	1023	962	931	940	977	969	1060	1065	1067
1000	1042	1052	1035	970	1036	981	965	1010	997	940	1188	1297	1207	1046	1009	1006	1030	1010	1004	992	927	941	953	1134	1324	1087	993
1168	1214	1159	1082	1047	1027	944	950	904	823	936	1372	1338	1138	940	958	984	1003	1121	988	944	920	894	992	1406	1375	1007	1024
1239	1229	1251	1192	1095	1050	985	907	813	849	1140	1233	1140	911	939	992	1013	1016	1074	1121	961	905	892	1195	1511	1121	1015	1058
1289	1291	1261	1286	1144	1160	1159	1054	963	1020	1006	994	822	846	958	1022	1084	1111	1030	1096	1180	1016	985	1353	1349	1109	1048	1060
1228	1205	1301	1409	1078	1057	1144	1030	959	937	890	796	774	841	977	1072	1206	1149	1011	961	1142	1213	1152	1305	1190	1195	1155	1119
1057	1054	1142	1396	1218	1078	1058	1018	902	851	846	803	791	854	1003	1237	1234	1118	1000	969	940	964	1045	1148	1087	1111	1212	1269
1032	1024	1090	1552	1481	1096	1089	1071	941	913	911	845	839	984	1210	1257	1165	1012	1013	962	923	927	936	907	920	1003	1168	1254
1110	1116	1455	1590	1377	1002	1094	1157	1203	1159	1075	1040	1115	1213	1240	1158	1016	979	1012	967	891	897	913	923	916	929	1022	1112
1386	1446	1382	1135	1077	1077	1172	1185	1261	1259	1254	1253	1273	1238	1131	1043	998	976	966	959	921	912	905	915	935	963	1010	1072
1375	1369	1035	1036	1066	1083	1159	1078	1071	1130	1177	1193	1171	1090	1011	1033	1006	960	937	913	910	917	923	937	944	974	1012	1054
1239	1185	1048	1075	1077	1056	1080	1070	1058	1026	1051	1083	1077	1064	1014	999	1001	962	944	919	912	919	937	951	951	968	997	978
1203	1116	1052	1057	1068	1054	1060	1014	1037	1031	1059	1078	1082	1074	1027	988	977	951	928	940	960	968	958	956	975	991	966	1178
1153	1068	1026	1060	1066	1050	1001	973	1024	1047	1040	1065	1067	1070	1053	1009	975	959	950	965	995	1020	994	974	985	992	1073	1643
1117	1083	1013	1032	1057	1049	1049	1037	1049	1043	975	1022	1075	1073	1067	1036	982	996	985	996	1015	1040	1030	1016	1023	1010	1234	1411
951	969	966	974	1001	1023	1048	1064	1062	1052	1010	997	1040	1053	1070	1031	993	1020	1014	1024	1034	1033	1033	1035	1033	1001	993	972
933	933	936	943	948	985	1018	1051	1067	1063	1047	1025	1022	1047	1048	1032	1031	1041	1040	1039	1046	1056	1060	1061	1011	945	928	934
937	940	936	933	941	959	958	993	1029	1054	1063	1063	1062	1055	1046	1050	1056	1064	1062	1060	1058	1047	1033	992	938	925	928	929
936	931	934	932	937	945	934	937	957	980	1011	1038	1052	1056	1058	1049	1043	1032	1024	1023	1006	981	950	932	930	930	935	928
940	935	929	931	936	939	944	939	931	943	945	961	982	995	999	1000	987	969	955	955	949	942	932	931	929	931	926	927
929	936	932	931	929	930	935	944	938	933	933	929	929	942	947	945	944	945	940	937	933	941	932	928	929	932	931	929
934	930	929	933	937	931	931	931	929	927	928	933	925	928	934	937	940	934	937	936	935	933	928	926	923	921	917	921
930	931	932	930	933	936	931	935	933	927	931	932	931	929	932	933	934	934	936	934	931	929	924	923	923	920	918	909
930	925	929	932	932	931	933	934	934	936	927	930	932	932	931	933	935	935	929	921	921	921	921	916	913	910	908	968
930	928	929	934	939	938	935	937	934	938	944	942	939	940	940	938	935	924	922	921	919	912	908	909	916	946	1021	992
929	928	931	927	927	930	931	939	941	942	938	940	935	930	929	926	925	924	919	914	914	936	999	1014	1002	967	743	399
926	926	924	922	923	926	926	929	930	923	922	929	932	927	920	915	914	914	925	981	1038	984	785	531	476	342	139	72
924	924	921	923	926	922	922	927	925	926	928	915	921	930	945	959	973	1013	1032	893	561	457	349	239	118	74	90	90
173	39	532	1017	987	972	1051	1078	875	581	499	807	1018	1005	891	952	1053	1140	1121	1026	986	1010	1002	992	963	1004	1004	986
722	593	998	1015	949	983	1062	967	600	388	319	564	706	745	694	793	1003	1204	1200	1098	990	969	978	939	1015	1077	987	998
991	1097	1080	1016	984	985	762	518	298	236	243	391	439	476	560	647	931	1266	1248	1121	992	934	932	972	1156	1089	1003	1062
1215	1224	1145	1082	1039	887	531	313	236	199	199	241	274	321	461	588	874	1274	1280	1096	1005	944	915	1127	1350	1063	1050	1079
1296	1280	1300	1198	1068	882	550	300	230	213	207	205	236	223	359	554	916	1209	1244	1057	1001	940	1013	1348	1408	1185	1066	1072
1317	1303	1320	1278	1094	952	607	342	273	221	222	209	207	220	308	562	957	1160	1155	1050	1015	950	1195	1425	1354	1413	1228	1418
1261	1270	1311	1173	1148	1235	775	378	266	247	230	197	194	220	339	628	911	1099	1062	1062	1025	956	1212	1498	1351	1345	1323	1392
1096	1103	1225	1364	1122	1238	1132	570	295	286	279	226	203	243	434	632	911	1009	1060	1063	1013	944	1029	1240	1308	1350	1340	1305
1016	987	1356	1569	1283	1067	1140	835	601	503	386	311	306	381	561	774	928	1025	1108	1058	998	932	938	978	1043	1082	1150	1239
1072	1179	1634	1506	1280	1135	1132	983	805	638	531	514	528	612	825	892	981	1102	1099	1044	977	928	970	1010	1036	1027	1037	1053
1484	1541	1310	1113	1084	1076	1110	983	865	812	776	738	728	901	987	965	1081	1125	1027	1009	961	985	1040	1059	1072	1075	1120	1206
1415	1307	1066	1030	1028	1008	1030	1043	1003	955	906	874	937	1037	1034	1092	1143	1056	980	968	1001	1030	1046	1052	1053	1054	1096	1503
1261	1119	1040	1047	1025	1010	1021	1010	1036	1012	1015	1032	1047	1088	1140	1120	1056	1013	981	1020	1036	1048	1050	1047	1050	1043	1118	1675
1168	1040	1037	1029	1032	1021	1008	982	984	993	1085	1125	1126	1120	1101	1059	1028	992	1022	1044	1055	1058	1051	1051	1065	1040	1429	1758
1162	1001	1010	1040	1032	995	970	956	977	1023	1047	1068	1078	1071	1071	1058	1037	1011	1052	1065	1071	1069	1066	1060	1052	1194	1668	1410
1118	986	981	1013	1015	1014	1033	1036	1042	1045	1015	977	1059	1077	1076	1061	1008	1035	1063	1073	1069	1064	1059	1055	1044	1279	1327	1013
948	947	942	958	1004	1040	1043	1033	1038	1039	1035	987	997	1054	1055	1046	989	1008	1042	1052	1062	1055	1032	1052	1051	1007	941	946
927	938	929	952	1004	1020	1045	1047	1039	1029	1010	1001	984	978	997	1010	1008	1006	1016	1035	1054	1059	1065	1052	973	934	941	940
926	926	945	964	975	972	985	1019	1047	1061	1064	1056	1035	1025	1025	1034	1050	1057	1058	1068	1078	1075	1037	958	934	937	938	932
930	922	927	934	934	936	933	946	973	1008	1032	1054	1069	1067	1066	1073	1074	1071	1055	1044	1020	978	941	926	929	930	928	929
924	923	925	933	931	932	930	927	933	943	959	977	996	1016	1024	1020	1014	1002	980	957	941	934	927	923	927	929	929	929
929	929	924	923	925	929	934	933	931	928	930	939	941	942	942	943	945	944	941	940	936	932	927	928	930	929	924	922
926	928	928	925	922	923	928	929	936	935	934	932	933	938	940	944	942	944	942	939	932	925	925	921	920	921	919	913
926	926	925	927	925	925	930	925	924	929	936	931	930	934	932	934	939	941	935	925	920	919	920	921	917	917	912	929
933	928	930	933	935	937	935	933	929	926	931	940	931	933	940	936	933	926	923	922	921	915	910	909	922	942	1002	1023
930	929	930	926	926	933	934	933	937	940	936	941	935	933	932	930	930	931	926	920	914	933	987	1025	994	970	819	479
925	922	922	922	921	920	923	925	927	925	924	925	926	924	922	917	915	915	917	939	1001	999	834	631	491	364	162	75
921	924	917	920	925	924	927	926	924	924	921	925	924	927	937	943	958	979	1005	1048	911	581	348	245	130	71	80	83
80	51	565	1023	983	1026	1046	558	238	189	206	177	177	178	245	340	555	805	1027	1104	1052	984	966	991	987	959	949	958
205	196	876	983	980	1152	1048	386	183	203	193	211	171	156	184	211	352	619	857	1076	1067	1006	951	958	931	926	937	1030
882	940	1097	1003	923	703	378	198	224	246	185	191	155	175	222	197	259	474	720	993	1099	1074	956	941	924	934	996	1090
1067	1136	1081	977	647	282	189	232	217	238	174	172	237	197	204	212	209	362	630	925	1119	1123	979	950	932	966	1076	1086
1237	1237	1169	1019	610	286	205	207	206	192	200	189	257	222	187	212	175	306	601	880	1168	1149	982	981	980	991	1101	1081
1245	1223	1246	1193	892	366	191	192	201	188	244	208	213	237	206	155	164	330	622	858	1220	1153	1028	1100	1072	1070	1083	1185
1330	1308	1255	1239	1093	603	193	182	233	234	268	299	211	203	187	138	175	341	624	961	1280	1109	1036	1194	1188	1211	1249	1446
1253	1300	1387	1235	1008	817	275	184	200	198	238	193	198	217	190	169	226	354	653	1193	1242	1042	989	1181	1403	1430	1497	1445
1101	1132	1313	1199	1027	923	443	187	189	172	233	182	191	186	189	201	287	408	947	1330	1116	1004	979	995	1289	1637	1648	1443
1086	1048	1348	1578	1101	931	607	265	181	173	178	194	163	177	244	244	335	681	1273	1219	1046	972	1074	1085	1245	1443	1738	1605
1139	1319	1779	1535	1052	1035	817	398	260	213	213	203	185	337	370	328	587	1127	1234	1042	998	1095	1282	1236	1251	1295	1697	1952
1392	1477	1286	1054	1077	1091	1183	887	479	333	272	238	368	656	497	682	1095	1189	1012	997	1106	1204	1133	1120	1140	1176	1561	2101
1355	1160	988	1023	1043	1082	1132	1342	1218	845	566	547	833	900	943	1141	1138	968	978	1084	1149	1055	1061	1061	1060	1173	1568	1619
1230	1050	1024	1019	995	1028	991	994	1167	1286	1211	1154	1162	1144	1149	1070	982	1002	1091	1116	1045	1052	1057	1052	1057	1234	1445	1195
1255	1022	999	1022	1009	1005	940	956	948	1001	1128	1159	1125	1071	1026	1018	1033	1108	1107	1054	1065	1069	1072	1074	1106	1372	1266	1063
1344	988	981	1009	970	972	944	953	968	1010	1023	1013	1018	1024	1043	1053	1119	1088	1056	1062	1069	1070	1068	1059	1323	1553	1180	971
1158	962	984	972	988	1006	1025	1033	1033	1050	1051	1004	988	1062	1060	1094	1107	1051	1081	1076	1080	1082	1064	1079	1245	1225	961	930
916	958	986	1009	1038	1049	1051	1038	1015	999	1019	1033	1001	1025	1060	1072	1034	1009	1054	1066	1072	1044	1040	1043	969	929	947	942
941	912	954	998	1028	1043	1054	1055	1030	1005	1007	987	987	982	1002	1023	1015	988	1021	1049	1046	1044	1057	978	927	936	936	931
914	911	919	937	962	991	1012	1037	1053	1061	1056	1053	1049	1048	1051	1058	1067	1066	1058	1060	1050	1018	951	921	926	926	930	930
927	917	917	927	935	936	949	969	1002	1027	1047	1057	1064	1066	1066	1052	1017	982	976	967	941	931	923	924	927	931	932	926
924	920	918	918	927	936	927	924	931	943	962	980	991	984	962	942	930	927	926	926	930	926	922	925	927	924	922	926
927	919	917	917	916	924	929	923	926	925	925	929	931	931	930	937	933	928	930	927	927	920	918	918	920	921	918	914
920	926	926	921	919	917	919	920	921	922	922	921	926	930	931	930	935	934	927	918	917	916	917	917	916	913	911	936
925	924	929	925	926	927	926	923	923	924	927	921	925	929	931	927	926	919	919	917	918	911	907	909	924	956	1001	1033
928	928	927	925	926	929	929	929	923	925	924	930	928	924	924	925	922	920	916	914	909	917	958	1023	1025	956	851	513
920	920	918	920	921	918	918	918	918	922	919	919	917	917	916	916	912	909	912	915	949	1031	991	757	544	363	175	70
923	919	919	920	922	921	923	922	922	923	914	917	914	912	918	927	943	967	983	1013	1020	814	509	268	137	75	74	85
112	232	825	947	1014	1064	728	156	186	266	195	240	225	178	216	161	180	157	237	484	865	1171	1008	924	944	953	968	957
41	52	766	957	1104	1197	569	146	242	280	197	271	207	171	186	251	212	166	197	340	695	1149	1035	930	951	943	938	1009
369	599	1010	951	888	575	262	246	247	242	174	172	179	177	212	266	174	147	146	262	579	1102	1056	929	947	932	1002	1094
973	1062	1070	892	322	185	221	259	173	179	179	172	188	196	194	188	224	161	165	227	517	1070	1061	931	940	990	1076	1078
1074	1132	1019	613	165	220	232	304	243	179	184	185	356	237	221	242	221	191	147	197	509	1089	1049	945	931	1030	1098	1087
1258	1277	1157	655	218	204	213	199	197	193	223	228	195	196	187	160	193	196	141	189	584	1103	1030	958	955	1048	1098	1069
1242	1252	1283	1015	409	183	218	250	235	315	296	362	220	207	181	170	178	165	154	224	751	1092	1009	974	1040	1084	1071	1132
1286	1290	1296	1202	704	250	195	217	220	213	215	167	269	253	214	245	200	196	179	346	937	1054	998	1017	1064	1092	1146	1584
1258	1289	1300	1222	904	360	180	218	247	205	215	194	176	199	249	236	180	176	203	603	1039	1041	1005	1052	1078	1132	1444	1750
1094	1152	1378	1228	1172	586	169	210	193	198	227	204	170	195	203	185	209	178	380	911	1049	1031	1020	1076	1110	1222	1745	1800
1047	1093	1584	1337	1198	1143	306	152	227	236	186	189	174	182	197	198	170	284	797	1049	1033	1021	1072	1125	1190	1402	1895	1538
1043	1450	1632	1332	1224	1372	1133	361	146	164	162	224	211	203	154	185	327	745	1032	1032	1036	1069	1113	1135	1269	1673	1748	1262
1464	1447	1126	1143	1208	1299	1279	1133	573	232	168	182	303	245	267	510	833	1013	1014	1051	1096	1101	1114	1165	1400	1453	1191	1059
1343	1139	1050	1047	1055	1124	1034	1071	1015	718	473	566	665	644	814	975	1007	1000	1082	1120	1102	1082	1100	1246	1225	1146	1058	1071
1135	1036	1046	1051	1034	1012	1010	991	1002	981	958	990	998	1005	1007	996	980	1054	1170	1084	1075	1090	1124	1128	1116	1088	1059	1074
1034	1026	1004	1017	1031	1012	984	979	964	952	998	1025	1018	989	988	1028	1051	1185	1106	1063	1063	1054	1092	1246	1340	1126	1039	1043
1035	986	983	967	1003	989	967	981	982	1000	1012	1014	976	975	1025	1062	1192	1188	1046	1045	1048	1037	1149	1446	1452	1099	930	930
989	994	967	950	996	1019	1037	1048	1050	1053	1046	1044	1028	1034	1064	1074	1239	1107	1067	1070	1077	1054	1096	1192	1068	929	926	916
934	981	1034	1022	1019	1050	1054	1051	1028	1002	987	990	1030	1050	1061	1070	1066	1045	1074	1075	1046	1012	1012	950	925	935	933	927
937	933	972	1020	1043	1049	1056	1058	1048	1022	1004	1000	994	1024	1048	1051	1041	1026	1039	1032	1007	992	938	923	924	925	921	925
925	922	925	950	972	999	1027	1046	1061	1063	1066	1062	1067	1073	1081	1072	1025	967	947	948	936	928	929	925	925	930	931	925
930	933	925	926	929	930	933	945	964	986	1003	1014	1017	1008	998	970	937	924	923	925	927	929	926	927	926	923	920	917
931	930	926	921	926	925	921	916	921	919	927	928	930	932	928	928	926	925	926	926	927	925	921	919	922	920	920	918
923	922	929	922	922	921	919	921	923	921	925	934	931	929	927	925	929	934	926	920	918	915	916	916	918	908	909	927
923	926	931	926	923	922	921	921	925	927	929	928	928	926	929	929	928	922	922	918	916	916	909	906	921	966	1013	1034
935	931	928	928	927	928	927	931	929	931	930	927	928	924	922	921	921	917	914	912	910	912	929	1001	1038	957	810	555
922	923	921	922	926	927	925	921	921	925	923	926	924	920	920	919	915	906	907	908	931	1008	1044	899	598	402	179	72
925	921	924	925	922	926	925	928	928	924	926	914	912	912	915	914	920	956	965	994	1026	832	623	332	145	75	75	85
496	768	983	1038	1129	1074	737	192	189	387	300	229	343	169	216	205	210	189	199	181	198	553	1046	925	916	912	917	921
34	212	949	1068	1169	1108	606	187	237	326	245	183	197	168	216	303	188	194	211	172	169	416	1016	934	914	927	933	971
30	368	968	976	1016	845	369	206	250	218	204	188	167	184	194	243	174	186	196	168	157	367	999	947	920	947	1031	1087
666	973	1018	923	775	523	295	226	201	193	188	178	160	196	208	245	237	198	202	187	156	377	1004	933	932	1020	1078	1072
1098	1100	1044	709	430	346	221	226	307	253	194	185	403	242	190	171	182	172	155	193	134	463	1033	934	956	1055	1080	1081
1176	1173	1002	419	267	259	213	233	255	223	262	421	342	191	176	150	157	166	161	190	161	644	1081	950	976	1059	1084	1088
1223	1219	1116	542	175	183	193	193	182	203	287	440	243	191	299	239	187	178	210	207	229	874	1113	997	1056	1073	1083	1061
1274	1248	1207	855	185	183	194	179	273	262	197	214	194	171	255	255	192	212	215	181	389	1074	1097	1045	1085	1091	1075	1269
1330	1301	1252	1048	431	150	209	227	251	184	245	222	187	168	200	174	218	225	198	177	657	1195	1053	1047	1077	1068	1012	1797
1213	1334	1312	1048	837	204	187	212	170	233	224	228	223	195	175	166	220	203	181	326	1023	1188	1014	1057	1074	1040	1178	1604
1079	1137	1222	1005	1002	535	173	203	176	221	160	249	206	253	210	179	210	202	239	731	1305	1113	1015	1069	1064	1043	1360	1145
1071	1141	1509	1299	999	898	382	159	189	205	192	233	197	195	192	190	197	232	541	1221	1235	1018	1042	1074	1059	1241	1410	1026
1295	1693	1695	1288	1023	1031	803	306	164	190	208	231	207	193	201	205	275	493	1123	1309	1057	1041	1082	1085	1158	1285	1137	1080
1583	1518	1168	1039	1028	1061	1100	774	315	186	197	232	241	259	373	479	637	1104	1336	1087	1045	1085	1113	1305	1171	1044	1073	1083
1442	1054	1029	1040	1047	1020	1104	1195	942	592	473	612	676	776	854	956	1232	1256	1074	1037	1065	1132	1395	1204	1048	1066	1069	1062
1274	992	1006	1011	1009	1003	993	1070	1182	1199	1123	1102	1108	1145	1222	1295	1191	1035	1047	1062	1102	1320	1355	1106	1042	1053	1059	1059
1175	972	988	992	1017	1022	982	958	992	1074	1195	1235	1252	1226	1160	1072	1001	1266	1204	1126	1184	1316	1386	1276	1121	1001	1000	981
1101	969	927	954	1008	1007	981	996	1007	1034	1053	1075	1072	1049	1030	1031	1186	1360	1142	1093	1094	1231	1395	1333	1040	904	907	893
984	1038	980	952	969	1026	1053	1060	1058	1063	1062	1055	1046	1056	1070	1065	1154	1160	1072	1084	1067	1045	994	946	934	926	915	909
935	996	1033	1029	1021	1044	1049	1051	1038	1024	1025	1008	974	984	1038	1063	1042	1035	1049	1027	982	945	923	926	929	927	919	917
920	935	968	1017	1041	1049	1052	1058	1061	1059	1055	1046	1046	1049	1055	1056	1015	965	953	947	931	931	931	929	930	930	928	921
921	933	926	936	949	961	976	984	1003	1021	1033	1041	1044	1040	1021	987	934	922	925	923	926	925	928	932	934	933	927	918
922	927	925	922	925	924	923	920	925	932	937	938	939	936	934	927	932	932	929	926	926	926	921	921	922	922	921	913
924	921	924	925	922	917	922	924	932	928	924	928	929	927	924	926	926	929	926	922	917	911	916	916	920	914	910	925
924	924	925	926	927	922	923	922	919	923	927	929	929	930	926	930	928	922	923	921	917	916	913	908	909	957	1017	1028
934	931	929	930	924	927	917	916	918	925	927	925	927	928	926	919	920	918	916	916	913	911	915	970	1019	979	686	564
925	924	925	921	920	925	923	920	918	918	919	921	919	917	916	917	913	909	910	908	925	989	1028	959	637	447	209	81
927	923	921	926	922	918	925	931	926	921	925	917	915	915	917	913	917	945	971	996	1030	860	655	367	163	75	74	84
927	1108	1154	1168	1170	1124	975	488	197	232	452	476	454	177	202	295	304	233	194	193	193	197	859	1046	927	929	931	932
253	814	1150	1167	1168	1139	1013	433	206	249	332	294	283	209	395	248	193	190	185	228	217	195	825	1095	943	932	934	943
13	490	1108	1144	1145	1140	968	371	207	269	214	181	176	411	359	179	221	276	216	219	222	194	832	1149	954	944	1018	1074
245	847	1032	1098	1138	1122	841	322	240	233	223	177	197	201	224	255	230	210	187	186	214	210	911	1178	955	1005	1092	1096
1053	1088	1034	1061	1097	1051	677	262	253	305	336	162	410	473	133	157	154	155	178	207	199	236	1025	1169	980	1077	1089	1090
1085	1079	1012	972	989	858	449	244	240	215	262	246	238	269	268	158	166	176	174	184	200	308	1152	1126	1011	1094	1093	1098
1267	1176	950	884	815	535	265	232	199	240	540	306	160	167	250	170	168	202	200	198	190	460	1264	1067	1045	1092	1094	1099
1275	1285	1136	877	490	269	219	237	247	314	275	281	233	165	197	224	243	252	219	221	182	707	1294	1054	1088	1095	1103	1131
1274	1264	1286	917	273	170	201	220	239	230	269	243	261	183	201	211	298	213	187	206	239	1014	1198	1063	1094	1092	1041	1608
1301	1298	1284	1129	408	158	180	189	228	196	211	210	271	256	199	186	176	191	225	180	520	1217	1074	1060	1077	1073	1032	1547
1189	1267	1243	1279	709	189	177	196	200	200	272	199	187	221	174	195	184	182	207	246	991	1178	1047	1077	1079	1082	1106	1186
1073	1172	1362	1235	1119	355	161	178	199	208	226	174	193	189	215	176	216	211	185	692	1203	1054	1056	1082	1094	1076	1216	1114
1007	1370	1682	1247	1254	1004	256	154	192	192	193	201	209	203	219	231	209	176	507	1138	1076	1035	1079	1081	1071	1270	1236	1073
1171	1718	1575	1242	1169	1377	1060	319	161	204	204	204	191	204	196	194	179	479	1087	1100	1027	1069	1068	1082	1172	1193	1084	1094
1406	1246	1087	1188	1191	1305	1396	1281	614	268	253	256	261	293	279	311	660	1095	1094	1013	1043	1064	1183	1149	1101	1070	1082	1077
1165	1010	1015	1017	1102	1191	1021	1250	1339	1056	842	772	773	794	783	942	1110	1004	960	1003	1041	1285	1179	1047	1058	1069	1069	1066
1073	1014	1018	1027	1030	1028	994	960	1043	1155	1222	1194	1162	1133	1098	1034	942	927	1042	1129	1353	1244	1053	1052	1056	1066	1059	1024
1040	994	1003	1002	1042	1049	1000	978	1001	975	1006	1048	1057	1035	998	975	983	1213	1274	1323	1406	1280	1126	1034	1012	995	955	927
1026	962	925	978	1023	1017	981	1011	1029	1029	1044	1055	1050	1039	1046	1051	1089	1337	1138	1124	1168	1088	998	967	940	915	910	910
995	1034	992	962	966	1016	1038	1053	1056	1056	1056	1057	1048	1014	998	1040	1054	1094	1056	1022	965	936	927	925	926	930	930	918
934	1007	1046	1039	1023	1029	1049	1059	1046	1048	1050	1041	1038	1025	989	992	992	982	968	945	938	941	936	934	935	935	937	934
925	926	959	982	999	1009	1020	1031	1044	1055	1061	1066	1071	1067	1046	994	931	925	922	929	933	937	938	936	935	935	930	926
924	924	920	922	925	930	934	935	945	954	961	966	966	958	938	920	925	926	930	928	926	930	931	931	930	925	922	921
919	922	922	923	925	927	929	939	930	927	929	928	930	932	935	932	935	933	929	925	922	919	918	920	919	915	913	918
923	922	925	930	927	923	925	925	928	927	929	931	930	927	927	930	933	931	923	922	921	924	921	917	912	945	1001	1010
934	929	929	929	929	930	927	925	923	922	926	930	930	925	926	926	920	919	919	921	919	911	913	954	1007	989	711	567
925	926	925	921	922	921	921	922	920	922	924	925	925	921	915	913	917	916	911	914	918	976	1017	979	707	465	233	84
923	922	924	923	921	916	924	925	926	925	929	917	916	914	919	916	913	929	973	990	1029	900	687	394	175	81	76	80
1084	1167	1162	1164	1164	1151	981	857	326	193	545	339	284	196	182	177	172	184	255	240	209	191	495	1181	1045	940	938	931
796	1118	1168	1167	1162	1167	1069	818	272	241	139	513	550	199	230	193	193	203	175	231	214	204	418	1130	1053	944	929	931
159	874	1175	1172	1166	1168	1122	756	209	278	227	514	664	390	233	198	214	205	182	196	228	183	362	1060	1052	945	954	1003
70	819	1137	1175	1166	1169	1145	637	184	215	336	288	284	446	265	254	204	210	228	223	208	195	354	1013	1030	962	1070	1094
739	1035	1088	1174	1169	1175	1139	444	208	252	320	301	299	577	157	154	190	212	212	196	201	220	370	1009	1002	1037	1086	1091
1093	1077	1084	1164	1171	1187	1023	297	218	221	469	371	296	193	195	208	187	155	181	216	238	173	433	1024	1000	1077	1085	1099
1255	1092	1005	1127	1168	1160	746	238	265	227	388	368	377	197	224	186	244	228	220	200	217	179	599	1016	1018	1087	1089	1094
1296	1234	1027	1045	1107	906	394	237	215	202	281	366	351	257	371	242	243	241	242	245	218	212	837	991	1054	1087	1100	1081
1248	1254	1142	985	765	391	190	192	175	202	228	257	310	309	195	212	199	248	176	226	199	393	989	1002	1079	1087	1076	1422
1303	1239	1208	978	272	136	135	139	155	167	233	288	215	288	276	177	168	235	215	217	189	729	1017	1037	1068	1071	1041	1717
1296	1290	1235	1050	277	165	155	142	147	138	235	211	198	241	261	238	208	211	196	171	416	1003	1024	1066	1074	1071	1119	1228
1125	1338	1256	1040	635	132	184	156	156	154	190	187	195	205	243	219	211	220	202	278	897	1059	1044	1069	1072	1073	1189	1102
1070	1168	1208	999	948	321	175	199	184	177	185	188	170	194	229	243	217	222	228	756	1068	1036	1060	1081	1066	1154	1260	1039
1127	1357	1489	1176	1019	808	290	160	212	194	176	185	190	188	207	226	208	231	689	1066	1049	1053	1068	1067	1191	1268	1085	1078
1553	1624	1366	1159	1059	1069	813	349	194	228	187	213	210	187	197	185	311	742	1059	1068	1043	1058	1102	1238	1247	1079	1078	1080
1557	1286	1034	1032	1022	1045	997	844	521	333	291	285	271	263	313	553	891	1063	1062	1030	1040	1113	1131	1089	1061	1070	1077	1077
1257	1030	1044	1044	1028	1002	1014	999	955	859	763	695	684	770	899	1026	1073	1033	1008	1015	1108	1071	1048	1055	1068	1070	1066	1020
1064	1040	1040	1027	1028	1023	1002	977	1017	1022	999	1016	1029	1053	1079	1092	1042	1002	1104	1223	1121	1031	1049	1060	1062	1053	984	925
994	962	994	1016	1041	1040	991	959	1006	980	1008	1052	1078	1076	1061	1042	1010	1169	1283	1356	1117	1036	1042	1037	1009	951	910	913
1044	979	930	984	1007	995	967	975	1027	1047	1051	1056	1061	1064	1052	1028	1039	1154	1123	1080	980	968	958	935	919	918	923	920
983	1054	1038	998	977	954	970	1006	1040	1054	1056	1051	1042	1021	997	976	977	968	961	938	938	932	923	925	930	932	929	933
919	950	1001	1023	1034	1032	1033	1040	1049	1066	1073	1078	1075	1060	1036	998	939	932	931	933	934	928	927	927	928	928	928	923
931	922	923	939	947	954	954	964	984	1004	1016	1015	1007	992	959	928	921	922	923	927	925	927	928	927	929	924	921	924
922	922	921	925	925	924	921	922	923	928	929	928	930	930	930	923	926	924	926	928	928	922	918	916	918	914	912	924
918	923	925	932	929	929	928	923	927	925	924	929	931	930	929	928	931	929	925	922	921	920	918	913	909	938	992	995
926	927	925	928	933	928	933	931	926	928	933	935	933	931	933	927	921	918	919	919	918	912	909	942	1002	994	717	522
925	926	924	920	920	923	920	928	923	921	924	925	924	923	920	921	917	912	913	913	916	965	1015	980	744	469	232	90
916	920	921	922	921	922	923	926	928	922	921	918	924	916	916	916	913	923	962	997	1032	918	698	403	181	79	75	87
1036	1088	1113	1123	1137	1049	934	942	759	288	558	237	166	192	188	169	218	201	208	179	167	180	165	498	1007	969	914	914
968	993	1067	1101	1137	1125	971	932	697	263	148	396	340	222	239	178	188	218	176	165	184	204	178	433	991	971	916	916
697	964	1026	1085	1139	1156	1000	922	619	260	308	1002	803	279	165	173	182	195	190	187	207	211	174	442	1000	974	915	931
58	617	1046	1084	1125	1146	1031	906	492	261	512	594	726	614	173	147	197	244	241	230	233	209	151	533	1013	968	990	1062
224	715	1046	1119	1145	1149	1089	716	309	312	448	495	545	336	297	378	306	290	213	204	186	207	172	693	1018	1007	1066	1083
1019	1047	1069	1151	1152	1154	1108	455	255	215	438	476	427	185	180	353	283	253	285	222	186	186	203	900	1022	1053	1078	1080
1057	1044	1082	1161	1155	1174	1054	285	213	161	146	325	434	294	220	187	380	217	252	178	209	184	363	1091	1033	1075	1083	1088
1154	1012	1044	1159	1160	1199	859	201	156	148	173	348	497	445	212	179	256	240	214	223	203	184	684	1174	1037	1083	1095	1095
1271	1223	1011	1096	1141	1033	453	153	138	158	140	280	193	286	217	186	206	275	185	210	213	243	1062	1147	1057	1088	1090	1149
1264	1251	1126	991	791	450	173	166	168	147	139	155	154	197	269	188	182	265	235	222	190	547	1313	1068	1076	1082	1034	1641
1304	1270	1223	934	286	181	195	197	181	145	153	157	166	165	234	220	178	253	212	222	213	1060	1281	1043	1070	1058	1097	1351
1271	1320	1278	1076	289	173	236	178	175	193	170	166	169	179	190	272	198	221	215	181	596	1409	1130	1069	1071	1068	1168	1066
1101	1173	1148	1188	620	155	207	203	238	241	180	177	183	187	193	202	237	231	219	359	1243	1300	1035	1073	1074	1091	1224	1018
1042	1281	1332	1185	1022	323	151	218	198	191	242	210	199	196	205	201	220	212	279	1054	1402	1072	1048	1072	1102	1262	1117	1054
1264	1708	1482	1098	1237	943	265	154	182	238	251	272	225	213	225	222	205	293	966	1413	1122	1034	1073	1193	1325	1132	1060	1067
1775	1638	1155	1144	1160	1260	1066	416	172	196	231	267	237	260	228	242	458	1045	1400	1145	1015	1092	1173	1200	1076	1063	1072	1076
1245	1105	1048	1110	1170	1186	1378	1355	944	529	353	283	310	420	564	872	1232	1336	1105	982	1115	1120	1052	1048	1058	1057	1066	1052
1046	1001	1016	1006	1084	1060	1141	1239	1410	1396	1220	1053	1062	1157	1254	1323	1269	1041	982	1098	1074	1034	1037	1044	1047	1054	1026	950
1026	1006	1034	1030	1031	1031	1028	981	1059	1158	1295	1348	1353	1317	1253	1132	998	983	1220	1303	1017	1043	1051	1051	1043	1007	930	907
1001	950	955	1024	1031	1057	1028	988	1013	992	1018	1077	1109	1098	1071	1062	1048	1045	1137	1139	1004	1003	990	965	945	919	918	917
1027	1044	986	974	972	981	960	936	961	1019	1059	1063	1074	1061	1043	1043	1023	987	945	938	938	934	928	926	926	927	922	921
932	1002	1053	1056	1033	1023	1017	1019	1027	1040	1065	1074	1072	1058	1038	1012	961	947	942	940	936	931	923	918	923	926	929	928
927	930	956	984	972	992	1023	1038	1053	1067	1072	1064	1049	1024	994	952	932	923	928	931	928	930	928	928	930	924	919	919
921	923	927	940	929	927	928	938	947	953	951	941	934	926	921	930	924	919	926	930	932	924	921	921	916	913	910	921
921	926	928	930	930	940	937	930	931	932	931	931	925	926	923	925	928	929	929	924	923	921	917	919	907	929	991	976
927	932	929	930	933	934	939	936	936	934	934	938	937	936	940	926	926	921	918	916	913	913	909	937	995	1009	746	485
932	932	932	932	934	934	933	929	930	928	930	931	933	927	927	920	915	909	911	915	918	959	1014	990	785	528	239	109
928	927	928	935	932	925	923	925	924	931	923	924	924	917	913	915	909	923	945	996	1039	933	723	423	195	81	79	97
968	970	1014	1114	1155	1142	1082	951	938	785	774	573	377	302	217	177	227	194	182	181	162	159	166	332	1056	1022	919	914
916	939	961	1069	1142	1139	1102	988	938	803	777	983	732	224	219	186	176	169	198	161	169	173	181	382	1132	1026	931	921
943	974	964	1014	1123	1141	1109	1059	985	821	841	1086	923	290	157	184	161	179	183	184	189	212	188	474	1221	1029	934	913
540	429	873	988	1098	1150	1114	1111	1072	971	1089	1005	760	491	306	317	256	217	196	206	244	211	167	626	1282	1025	950	988
228	83	647	984	1083	1143	1121	1114	1042	1000	979	692	274	373	365	292	343	285	252	229	187	228	177	811	1276	1021	1043	1079
935	797	886	1063	1105	1120	1113	1026	934	854	869	768	277	214	187	199	182	215	176	205	190	193	199	988	1202	1036	1081	1075
983	1064	1078	1144	1147	1140	1034	751	691	567	409	673	454	179	232	226	188	190	186	196	224	207	278	1142	1126	1060	1086	1086
1088	1000	1113	1158	1148	1165	955	223	332	271	180	277	320	173	221	206	205	176	178	178	202	202	461	1241	1047	1067	1089	1093
1329	1155	1105	1154	1150	1195	816	146	164	209	139	134	177	157	217	175	192	199	174	185	189	195	745	1201	1029	1082	1090	1079
1231	1247	1128	1140	1169	1039	439	189	226	251	138	130	176	164	164	211	176	250	246	212	201	262	1039	1083	1051	1084	1058	1313
1252	1234	1122	1047	837	483	226	244	220	186	185	181	173	172	164	205	182	198	207	219	187	533	1152	1008	1067	1072	1073	1511
1306	1260	1204	1012	302	165	233	281	191	315	213	198	192	181	175	196	183	197	210	190	226	937	1068	1036	1084	1074	1164	1137
1202	1351	1217	1184	389	157	217	218	173	220	291	238	209	201	183	191	188	194	228	183	652	1137	1001	1073	1078	1073	1205	1046
1054	1366	1163	1123	959	175	188	200	168	187	371	200	220	268	227	191	209	210	182	477	1107	1025	1007	1070	1059	1214	1164	1059
1062	1421	1323	1089	1216	769	164	186	241	203	268	227	331	211	249	208	229	189	441	1052	1052	980	1026	1082	1272	1229	1061	1078
1551	1630	1437	1219	1147	1265	822	273	235	218	228	259	261	245	213	213	197	461	1037	1062	972	1023	1123	1262	1159	1061	1063	1077
1465	1201	1098	1164	1206	1306	1269	1051	550	257	218	219	228	226	244	320	648	1044	1038	963	1059	1197	1181	1085	1058	1076	1074	1070
1052	1031	1051	1048	1137	1124	1135	1180	1115	882	650	539	573	629	758	927	1053	995	976	1093	1263	1116	1043	1046	1055	1061	1051	977
1046	1052	1058	1054	1057	1051	1036	976	1009	1057	1057	1047	1058	1053	1041	1012	972	982	1032	1382	1135	1036	1052	1050	1052	1017	948	917
1004	984	1020	1027	1039	1072	1066	1012	1017	981	966	981	1013	1026	1022	1024	1042	1039	1033	1055	997	1016	1004	982	959	925	920	921
1058	1020	956	963	986	1024	1012	974	976	942	951	1009	1056	1067	1060	1058	1052	1035	978	925	930	925	925	923	922	923	922	921
972	1052	1051	1019	999	999	984	977	989	1005	1020	1043	1059	1045	1038	1037	997	953	934	936	932	924	919	912	915	920	925	924
936	948	986	994	1026	1053	1060	1055	1067	1077	1079	1077	1068	1066	1044	992	944	923	919	923	922	923	923	923	925	921	916	914
934	931	933	934	938	949	967	978	985	985	988	980	970	945	927	925	926	917	917	920	922	922	916	915	915	911	910	920
927	930	933	931	929	928	928	930	926	925	925	925	922	923	923	919	921	920	920	920	916	917	916	913	908	919	990	951
927	937	934	931	929	929	930	932	933	929	930	931	930	929	925	924	922	916	913	912	909	907	907	927	979	1014	753	465
936	933	940	934	933	932	931	931	934	936	935	933	934	929	924	918	912	909	909	905	914	954	1003	985	797	560	243	109
925	927	931	927	930	926	928	925	920	925	922	925	922	920	919	912	904	909	929	985	1034	945	722	430	201	79	78	92
1074	1098	1134	1159	1157	1156	1161	1034	929	1039	1134	732	777	773	350	185	160	162	170	187	169	166	179	325	1139	1086	984	912
1071	1078	1085	1146	1158	1158	1165	1076	996	1149	1137	1015	948	436	177	164	158	141	205	164	155	171	179	302	1057	1070	988	925
1022	1015	990	1090	1160	1150	1158	1158	1097	1083	1063	1054	774	274	181	216	194	252	263	241	219	203	203	317	989	1045	990	930
962	836	829	1027	1155	1152	1157	1150	1155	1148	1085	891	345	451	371	241	153	188	183	203	221	203	217	295	924	1025	987	943
879	514	205	556	1052	1155	1157	1155	1164	1188	1120	693	195	213	243	233	231	235	215	224	233	239	222	316	917	1006	998	1032
1041	864	497	527	881	1124	1190	1181	1182	1178	1167	784	250	319	429	373	322	303	277	228	198	192	200	357	942	1001	1040	1078
671	963	1071	1033	1055	1036	1062	1190	1195	1163	1056	678	361	277	293	364	160	179	219	216	227	215	186	458	980	1020	1069	1075
939	1006	1073	1141	1144	1151	754	601	1034	1060	856	519	167	149	155	221	286	173	267	249	230	230	184	660	995	1042	1085	1087
1135	998	1123	1146	1141	1166	929	186	270	686	704	403	168	159	164	152	242	306	241	210	175	202	290	880	989	1042	1079	1084
1265	1140	1100	1157	1146	1179	901	204	222	400	572	372	164	169	166	164	176	237	231	269	208	173	571	993	1006	1058	1073	1093
1268	1230	1047	1124	1164	1078	476	196	320	270	432	255	182	186	181	185	193	186	180	222	211	263	864	981	1021	1067	1047	1436
1299	1262	1096	974	793	421	192	221	201	243	524	251	199	213	182	186	186	181	189	203	179	550	983	988	1061	1060	1143	1226
1301	1302	1211	1023	359	162	207	197	204	197	444	334	264	244	196	209	192	187	194	194	334	905	1003	1024	1073	1060	1174	1085
1109	1252	1295	1146	544	157	196	217	286	216	254	263	370	252	259	241	232	223	198	260	790	1045	972	1050	1051	1128	1168	1053
1058	1066	1162	1138	881	321	171	189	251	228	216	251	433	201	203	222	218	227	240	663	1039	1019	997	1051	1120	1236	1080	1065
1189	1578	1542	1138	1014	779	317	178	243	257	226	255	258	245	215	242	215	240	622	1006	1074	998	1032	1134	1170	1069	1063	1073
1627	1475	1165	1039	1108	1048	820	428	219	220	239	235	231	246	238	204	276	618	1001	1098	1021	1179	1285	1113	1056	1065	1060	1070
1213	1033	1045	1067	1013	1071	1082	937	597	312	246	234	233	249	326	518	813	1031	1096	1071	1352	1301	1086	1052	1065	1067	1048	991
1029	1034	1055	1051	1040	1031	1092	1116	1048	870	674	600	598	713	894	1017	1083	1096	1025	1126	1223	1049	1060	1056	1043	994	937	922
1013	1015	1034	1015	1048	1065	1055	1028	1081	1121	1099	1047	1036	1075	1098	1110	1081	1045	1049	1032	960	981	989	970	946	926	924	920
1039	1003	961	946	1022	1032	1045	983	995	1003	1014	1023	1046	1076	1090	1060	1045	1049	1043	983	930	924	922	922	920	921	921	916
1008	1050	1014	972	962	988	980	959	966	974	987	1011	1018	1027	1050	1060	1032	981	952	931	931	925	922	921	916	917	919	923
928	956	988	1034	1052	1044	1037	1048	1061	1068	1075	1076	1083	1085	1075	1037	958	925	924	927	924	920	922	921	922	921	915	914
923	932	930	936	961	986	1004	1012	1020	1026	1036	1031	1015	991	966	933	929	925	921	921	924	921	922	915	914	911	907	919
928	936	924	922	921	919	921	924	924	927	931	924	919	922	927	922	922	921	919	921	919	916	916	911	905	913	980	927
928	932	928	928	929	927	924	928	927	924	923	924	925	924	925	930	928	921	916	914	916	909	904	921	968	1020	786	468
933	927	929	930	935	936	936	935	937	938	932	932	933	932	924	921	919	917	912	908	918	955	996	986	806	573	259	104
921	924	924	927	926	932	927	927	926	923	924	920	918	917	918	912	907	919	944	970	1009	935	738	442	208	79	73	85
1157	1161	1167	1162	1165	1159	1135	1031	932	724	817	510	375	265	176	171	140	140	155	172	158	162	182	172	375	954	1013	970
1162	1162	1168	1163	1150	1133	1107	1075	1083	1057	995	578	394	321	229	225	197	155	144	161	186	223	197	165	333	957	1009	968
1158	1141	1086	1048	1081	1116	1151	1161	1168	1162	1111	847	528	351	321	357	345	295	262	237	226	214	219	184	363	965	1000	968
1064	996	978	1016	1100	1163	1173	1164	1139	980	739	672	344	214	198	188	193	207	207	246	214	200	222	164	451	978	996	967
941	964	907	736	770	953	1025	1014	936	767	736	595	183	289	241	212	211	204	218	246	270	241	239	174	605	988	1000	974
1041	998	891	543	282	419	664	821	942	1075	1175	954	256	229	297	271	212	222	286	253	212	198	238	214	800	988	1005	1029
749	966	1038	957	855	763	799	1019	1139	1157	1156	1188	585	202	190	221	296	356	227	219	262	229	211	326	988	997	1025	1062
881	1003	1030	1109	1142	1102	491	626	1106	1163	1179	1126	425	155	180	177	154	270	244	205	220	231	196	561	1104	1019	1040	1076
1143	978	1097	1154	1141	1167	838	164	658	1038	1147	811	239	192	192	184	188	226	218	184	194	237	214	889	1126	1027	1055	1079
1376	1134	1103	1152	1142	1157	1007	188	255	509	832	616	216	195	192	179	214	199	210	236	239	222	398	1186	1103	1026	1076	1065
1251	1292	1124	1148	1156	1185	725	192	248	321	592	600	272	230	221	203	193	193	196	229	230	203	800	1281	1050	1038	1048	1210
1241	1262	1097	1033	1073	751	273	229	260	270	478	339	267	293	212	208	194	192	191	209	218	332	1219	1201	1025	1049	1127	1279
1302	1243	1219	1044	494	189	204	220	276	268	402	475	435	276	280	287	269	219	189	205	201	836	1403	1078	1051	1055	1225	1084
1234	1306	1353	1226	317	205	230	195	253	245	278	352	426	268	323	246	260	263	233	213	476	1397	1238	1008	1062	1090	1152	1056
1073	1383	1250	1357	691	174	214	207	204	273	257	258	339	213	235	310	248	267	227	293	1168	1422	998	1047	1084	1203	1086	1064
1094	1515	1299	1169	1298	486	176	217	217	292	272	230	292	299	230	233	241	244	258	1005	1505	1106	1001	1121	1173	1099	1063	1066
1668	1621	1295	1115	1319	1328	506	164	289	269	262	233	251	254	263	246	209	278	983	1506	1208	1155	1299	1149	1055	1053	1065	1068
1297	1123	1229	1252	1192	1449	1354	767	300	207	250	228	241	229	224	243	504	1136	1438	1204	1142	1361	1112	1054	1061	1063	1055	1005
1015	1017	1026	1097	1222	1251	1467	1539	1201	688	421	313	320	465	710	1017	1369	1436	1173	1009	1069	1014	1027	1031	1011	973	943	925
1011	1012	1027	1016	1064	1051	1154	1297	1475	1541	1370	1240	1192	1291	1375	1421	1325	1084	1013	1048	1013	938	920	917	914	914	918	912
1040	1015	994	988	1068	1063	1059	1003	1040	1157	1265	1343	1352	1313	1262	1136	1011	1026	1043	1028	972	923	915	912	911	912	912	914
1025	1020	975	943	984	1010	1019	966	972	963	966	979	998	993	979	987	990	988	958	925	916	914	917	919	920	917	917	919
949	980	1038	1045	1026	1033	1036	1047	1051	1053	1064	1073	1086	1084	1058	975	928	921	925	924	922	920	920	923	919	920	920	915
942	935	943	986	1007	1034	1048	1052	1059	1065	1062	1062	1048	1013	963	931	923	922	920	918	923	924	923	919	915	912	903	917
928	936	922	922	927	934	934	941	952	953	955	941	922	915	917	920	918	918	918	920	915	917	917	911	903	909	972	935
925	928	934	928	925	928	933	929	932	930	926	920	921	922	923	924	925	918	912	913	915	908	905	920	965	1016	824	475
935	930	929	934	934	933	932	938	940	932	929	927	929	929	923	918	915	912	914	912	912	954	997	989	821	572	268	101
928	925	926	928	930	937	935	939	930	928	925	918	917	911	912	908	905	914	939	963	1014	954	743	446	206	75	69	82
1129	1140	1143	1136	1135	1107	1067	1096	990	374	142	238	260	166	167	165	149	146	160	152	155	168	189	190	318	965	1019	1048
1145	1134	1122	1104	1086	1049	1060	1105	841	310	301	281	164	190	263	193	169	164	175	162	168	197	213	197	391	1030	1009	1048
1122	1088	1025	1000	1053	1095	1123	1129	909	556	444	331	186	400	438	249	199	193	210	209	200	218	220	195	526	1107	1007	1046
1038	1015	1032	1092	1141	1160	1163	1140	996	622	506	521	605	525	308	244	212	197	177	232	244	208	223	213	715	1183	1013	1040
989	1064	1134	1168	1131	1073	958	762	468	306	595	974	727	431	282	204	210	198	195	195	245	269	232	201	911	1216	1018	1028
987	1023	1078	1110	983	710	422	266	439	797	1023	1095	468	194	337	335	230	194	195	192	213	211	224	229	1129	1209	1022	1027
1000	1023	1001	980	964	841	665	466	708	1086	1138	1052	378	182	187	289	303	317	265	226	200	221	214	353	1317	1150	1027	1039
997	1055	1016	1066	1119	1002	403	559	861	1069	1166	1179	476	179	188	198	176	245	254	268	261	237	213	586	1390	1082	1029	1050
1027	961	1078	1167	1161	1172	745	318	748	807	1014	796	276	189	192	220	200	206	218	204	264	246	202	882	1335	1035	1029	1069
1204	1019	1125	1160	1155	1174	998	477	538	748	400	238	232	209	198	194	189	199	201	218	220	246	291	1154	1212	1027	1049	1074
1226	1178	1086	1167	1165	1160	751	331	312	603	494	446	349	217	200	194	189	179	186	217	217	216	557	1281	1092	1026	1054	1096
1227	1227	1004	1065	1072	780	306	289	281	254	558	541	320	299	230	191	196	207	228	208	230	235	946	1209	1019	1005	1062	1205
1261	1216	1064	914	535	216	206	317	244	217	317	515	319	228	315	300	229	215	229	229	209	499	1208	1067	1005	1039	1200	1095
1271	1266	1128	956	309	193	256	281	209	272	242	287	373	192	205	267	232	208	239	233	279	972	1159	978	1032	1167	1277	1046
1104	1326	1099	1013	527	216	259	246	240	306	220	235	364	229	205	215	261	207	235	226	735	1191	976	997	1101	1303	1112	1071
1037	1165	1102	1005	884	316	228	249	278	302	224	220	289	241	204	202	244	247	221	625	1161	1039	1012	1175	1215	1113	1069	1081
1377	1612	1460	1104	972	852	379	248	255	263	250	217	250	269	220	220	235	245	597	1130	1081	1036	1385	1233	1073	1069	1075	1071
1601	1356	1240	1202	1092	1121	990	546	263	225	278	222	244	285	242	208	311	737	1123	1095	999	1087	1043	1039	1064	1064	1040	1019
1100	1045	1043	1075	1156	1158	1100	1092	828	484	326	272	270	301	388	607	952	1158	1054	1010	1052	1013	953	952	960	953	937	941
1052	1041	1049	1044	1079	1059	1061	1074	1091	1087	961	870	849	910	1014	1118	1105	1015	1013	1051	1057	1031	953	915	918	918	924	920
1036	1040	1027	1029	1066	1056	1051	1045	1001	1038	1028	1046	1076	1077	1051	994	943	984	1020	1014	992	944	922	922	920	916	919	920
1021	1021	961	956	1014	1028	1036	971	970	979	956	939	935	940	924	918	930	937	925	919	909	911	916	916	918	919	924	915
956	1022	1038	1004	1009	1028	1023	1013	1022	1024	1029	1034	1029	998	943	920	924	922	918	915	912	911	918	917	919	919	916	909
922	927	980	1023	1042	1051	1068	1069	1070	1078	1071	1068	1047	973	922	919	918	917	914	914	916	918	918	915	915	913	906	923
935	925	918	924	941	950	954	963	972	969	964	953	927	917	919	919	915	912	913	916	909	909	910	907	901	903	967	955
929	928	924	926	927	929	930	919	923	927	923	921	923	922	920	925	921	914	910	909	907	904	903	913	958	1010	856	483
932	926	928	929	930	935	934	934	932	933	932	930	927	923	923	917	913	905	904	906	904	938	991	990	831	580	288	108
930	923	928	926	927	927	931	935	927	930	924	926	917	916	912	904	901	906	934	951	1004	992	777	464	218	89	71	83
1049	1035	1030	1001	1006	992	1016	1066	1072	943	544	287	108	153	304	209	242	273	179	184	187	192	185	175	563	1342	1076	1059
1082	1053	1038	1055	1117	1092	1090	1096	1022	650	309	152	125	244	323	369	428	218	187	165	170	188	210	176	552	1362	1090	1064
1088	1053	1006	1071	1143	1133	1124	1091	895	520	343	380	421	506	601	553	474	396	225	168	198	226	218	175	575	1326	1077	1070
1116	1134	1099	1080	1137	1131	1088	1036	931	728	602	551	621	492	308	234	208	238	299	310	246	199	188	164	595	1261	1050	1073
1147	1164	1166	1110	1052	1085	1097	985	520	351	284	510	679	265	164	173	181	189	215	233	271	217	208	172	617	1172	1016	1064
1130	1159	1168	1102	1005	1019	1027	800	314	250	297	393	288	156	154	176	181	186	192	195	221	208	188	197	643	1092	990	1058
1101	1098	1054	996	963	958	989	873	490	610	673	636	301	292	224	207	174	194	201	204	196	247	214	210	665	1025	984	1045
1071	1072	1034	1056	1086	967	728	796	570	754	1138	1187	572	221	302	303	302	257	207	215	201	206	241	233	759	989	999	1042
1047	970	1066	1159	1158	1140	773	353	904	939	1087	1095	470	167	166	197	231	250	255	194	204	200	213	325	930	963	1026	1043
1285	1090	1119	1153	1146	1169	958	259	582	568	399	456	215	196	180	181	192	174	257	253	206	216	192	544	985	981	1026	1054
1294	1251	1111	1156	1151	1161	806	361	238	280	184	154	217	216	180	169	194	236	183	219	224	219	249	802	976	1010	1013	1107
1248	1278	1069	1060	1097	812	337	299	233	179	203	185	165	219	213	181	182	287	250	184	233	193	488	958	969	1006	1014	1239
1264	1273	1128	936	609	257	225	313	219	176	184	177	179	196	195	190	192	188	248	217	210	262	825	960	979	998	1075	1128
1298	1269	1234	957	268	211	250	367	209	183	173	216	238	196	183	196	198	187	207	226	212	628	988	945	994	1101	1245	1061
1132	1223	1305	1097	345	217	231	330	217	185	199	224	291	219	201	235	229	199	219	215	483	966	970	948	1086	1338	1131	1058
1037	1251	1207	1179	666	195	229	281	249	192	190	223	258	284	195	218	238	239	207	381	901	1006	1009	1243	1282	1104	1073	1074
1307	1683	1379	1153	1083	538	232	249	294	218	203	229	221	264	223	195	217	211	344	817	1017	1001	1127	1175	1053	1073	1080	1070
1518	1304	1122	1059	1179	1063	680	315	265	238	228	231	217	234	239	211	240	443	814	1026	1027	1040	1022	976	987	1003	994	979
1126	1038	1049	1045	1003	1120	1141	814	456	275	240	230	209	212	228	389	682	932	1026	1018	1036	1066	1041	986	932	926	935	964
1043	1048	1049	1053	1042	1029	1128	1163	1032	777	542	405	394	470	738	966	1026	1038	1007	1004	1026	1024	1006	966	948	951	949	928
1046	1029	1039	1045	1051	1049	1040	1082	1113	1148	1071	978	955	1007	1061	1056	1013	939	930	943	949	949	941	933	923	913	910	916
1055	1015	996	992	1036	1036	1045	1025	968	1041	1071	1086	1073	1062	1005	954	917	917	919	925	924	917	912	912	914	914	916	915
980	1039	998	978	1014	1030	1013	996	991	990	973	966	954	939	929	927	927	927	923	916	911	910	912	912	915	915	915	908
916	962	1015	1044	1048	1058	1063	1064	1071	1070	1068	1046	971	925	923	924	925	922	917	917	918	917	912	913	912	906	901	923
933	928	929	940	955	969	982	985	989	985	970	946	921	916	914	917	920	920	918	917	910	913	914	910	906	899	964	954
927	930	931	931	930	927	926	925	927	922	921	927	922	918	922	927	920	918	916	912	913	907	900	911	955	999	876	486
934	930	934	930	931	937	934	930	933	933	929	931	931	925	922	917	911	907	907	905	906	931	985	991	839	583	290	109
925	927	928	923	930	931	934	936	931	929	926	923	916	919	922	912	908	912	931	952	989	995	799	481	230	91	76	89
1165	1123	1088	1074	1033	993	1055	1067	1100	1108	1094	1033	754	342	169	228	366	398	269	255	259	248	185	184	259	922	1026	1025
1167	1157	1157	1172	1168	1076	1044	1059	1090	1090	1031	861	573	516	511	390	298	282	292	298	251	192	202	195	212	791	1016	1023
1178	1172	1167	1185	1188	1128	1086	1062	1066	1036	912	718	616	473	337	208	228	298	291	224	192	162	182	192	185	705	1011	1029
1177	1185	1157	1154	1184	1136	1106	1046	1006	828	535	312	271	414	386	171	160	166	188	167	177	170	157	173	165	677	1003	1035
1174	1175	1165	1085	1063	1101	1088	996	763	437	206	147	261	335	151	136	154	170	183	182	176	179	201	206	160	705	978	1045
1178	1175	1171	1136	1051	1050	1063	941	396	180	176	189	203	152	155	184	193	173	198	210	245	226	203	207	186	777	971	1049
1152	1151	1146	1145	1152	1136	1088	1028	746	459	425	429	533	511	350	231	197	185	223	242	222	217	201	192	250	888	973	1041
1100	1099	1071	1095	1129	1124	1130	1134	992	445	748	1066	762	298	333	300	266	274	273	225	209	186	188	171	415	988	974	1028
1009	982	1066	1168	1171	1162	940	700	709	715	1004	1199	771	192	218	284	325	203	187	177	198	216	206	185	698	1028	989	1039
1219	1012	1115	1170	1157	1180	912	151	447	777	1014	942	544	313	306	225	260	335	215	210	188	192	209	276	979	1032	1022	1027
1266	1196	1099	1165	1158	1185	757	198	354	513	562	259	222	228	260	311	192	365	232	253	259	231	187	539	1153	1034	1025	1108
1222	1259	1057	1066	1115	761	353	279	311	508	431	216	228	234	208	301	260	215	189	191	196	218	234	935	1171	1018	989	1283
1251	1252	1100	946	648	272	293	259	343	446	359	227	222	251	205	235	324	256	206	194	212	189	516	1260	1082	997	1026	1168
1278	1270	1174	946	299	275	296	284	271	337	313	213	217	239	300	195	231	236	254	231	228	269	1051	1260	989	1026	1139	1073
1222	1372	1276	1156	372	242	273	280	246	287	333	221	209	211	301	290	247	217	239	220	222	729	1382	1077	1164	1252	1096	1065
1062	1445	1148	1252	794	208	269	291	221	266	310	248	210	220	205	236	244	248	233	214	502	1377	1220	1055	1223	1077	1067	1066
1311	1588	1247	1086	1272	617	224	282	270	302	226	281	239	249	212	215	217	230	217	389	1248	1341	994	1044	1019	1008	1013	994
1697	1478	1334	1176	1293	1349	657	259	278	281	249	220	227	252	242	242	229	188	395	1211	1397	1025	1041	1055	1018	950	937	974
1093	1052	1169	1231	1277	1452	1393	825	354	259	271	245	247	246	228	240	281	637	1303	1381	1006	978	1008	1008	986	971	987	961
1019	1039	1042	1076	1153	1111	1453	1560	1270	714	386	284	266	366	608	807	1144	1451	1305	947	911	945	952	972	976	955	925	911
1035	1031	1040	1056	1050	1039	1053	1198	1463	1557	1347	1132	1070	1179	1327	1440	1415	1125	889	898	924	953	957	932	908	908	913	912
1062	1027	1026	1010	1048	1058	1059	1063	1027	1135	1291	1385	1395	1388	1308	1143	946	898	937	949	944	922	902	906	910	909	909	908
1026	1049	999	972	1013	1041	1034	1031	972	960	960	961	972	989	957	939	946	946	928	915	908	910	912	912	912	914	914	910
937	995	1042	1059	1060	1065	1072	1070	1061	1056	1025	962	944	944	934	927	922	919	921	926	922	920	918	916	911	910	901	919
933	930	939	953	972	987	997	1002	999	992	961	937	926	918	910	913	921	925	924	917	915	916	914	911	905	906	965	955
929	940	938	932	930	928	926	929	933	929	930	928	924	919	926	927	919	915	918	923	919	906	902	914	954	996	891	498
940	933	935	935	938	938	936	936	937	938	935	936	929	924	929	918	912	911	911	913	915	933	981	990	846	580	290	102
928	931	930	932	932	933	939	936	942	932	932	922	920	921	923	922	917	920	933	960	996	999	804	483	226	84	66	85
1158	1154	1148	1146	1139	1118	1136	1152	1145	1142	1142	1143	1152	1104	782	428	507	488	271	175	203	278	188	172	170	481	999	1009
1159	1156	1160	1167	1165	1125	1109	1134	1138	1136	1132	1134	1111	856	466	439	430	251	187	232	300	277	234	221	179	447	1000	1021
1159	1161	1164	1166	1167	1129	1087	1082	1106	1104	1105	1073	814	379	388	493	265	187	197	207	208	179	213	216	178	454	1037	1026
1158	1166	1165	1165	1170	1124	1102	1053	1075	1055	1033	788	348	234	370	237	195	180	197	173	172	178	174	201	194	502	1082	1027
1162	1165	1154	1146	1161	1117	1108	1032	1053	977	711	342	220	250	214	172	182	199	204	184	177	183	220	215	174	604	1149	1037
1163	1159	1147	1118	1094	1088	1035	975	934	596	261	208	207	247	246	227	289	327	271	231	231	244	248	218	189	799	1207	1045
1138	1147	1147	1137	1124	1125	1112	1091	1050	819	604	498	586	521	352	367	338	245	260	260	194	176	183	193	219	1035	1212	1028
1084	1084	1057	1091	1114	1109	1105	1147	1106	1060	919	941	916	584	526	379	286	319	299	244	221	203	193	202	328	1259	1163	1020
1007	960	1056	1155	1159	1166	793	454	395	719	831	806	868	395	262	341	368	173	141	187	211	232	232	190	593	1377	1094	1025
1163	1016	1111	1154	1150	1176	823	151	455	629	1118	1054	1064	537	435	324	369	344	198	200	187	184	204	197	976	1320	1050	1027
1245	1159	1095	1160	1157	1172	641	245	435	446	907	597	469	241	338	345	205	286	298	250	225	231	220	365	1312	1190	1036	1096
1218	1244	1067	1064	1111	760	287	270	231	338	477	246	383	313	204	266	238	224	309	207	211	220	207	779	1361	1056	1048	1306
1274	1248	1093	950	594	240	227	228	272	373	510	254	233	407	246	225	257	218	287	242	218	225	347	1218	1197	1011	1211	1274
1289	1249	1117	911	282	226	221	263	326	393	393	387	240	293	360	205	254	205	232	275	235	219	871	1317	1014	1227	1331	1067
1212	1281	1188	996	409	222	258	296	254	358	257	304	268	219	335	251	244	207	226	236	221	562	1272	1091	1057	1217	1075	1011
1045	1091	1062	980	724	221	251	253	225	313	280	248	243	205	259	277	239	246	232	239	422	1134	1170	946	1026	1005	979	973
1130	1415	1274	989	948	621	244	247	210	276	262	268	238	214	242	234	214	259	220	385	1031	1190	944	974	1013	992	940	988
1599	1610	1387	1143	994	995	733	329	218	219	259	230	277	216	220	246	231	223	399	1015	1218	960	927	955	970	963	998	1000
1241	1064	1087	1142	1132	1086	1021	856	463	233	240	247	252	223	229	216	277	585	1086	1199	951	899	912	924	963	1000	966	915
1043	1037	1066	1074	1111	1045	1054	1063	1008	766	500	378	353	418	484	645	946	1209	1151	925	894	910	944	980	974	926	909	914
1053	1037	1051	1072	1059	1045	1047	1049	1053	1063	1025	986	984	1019	1073	1150	1156	1026	903	919	953	980	965	927	911	911	915	918
1017	1035	1010	995	1040	1053	1048	1062	1058	1027	1033	1061	1072	1100	1074	1003	933	934	965	963	947	917	907	913	916	916	915	913
1049	1057	995	963	995	1024	1023	1036	1001	956	985	985	976	961	949	964	965	945	920	912	909	911	912	914	911	914	913	910
942	1008	1045	1056	1054	1064	1058	1040	1027	993	960	960	959	954	945	930	922	921	918	919	917	920	916	916	911	910	906	928
925	918	930	953	977	988	1006	1011	1004	967	930	928	923	919	926	916	918	927	920	912	914	912	908	909	903	906	965	956
924	929	926	920	918	918	919	922	922	923	927	925	924	924	934	925	920	915	918	922	916	906	905	921	959	1004	897	505
924	930	933	933	931	927	927	924	927	929	935	934	930	923	919	916	912	910	906	909	907	929	988	991	838	571	283	96
930	927	926	934	930	930	934	929	930	934	927	920	921	919	918	911	911	918	940	965	1005	1003	795	466	216	83	62	79
1144	1149	1157	1156	1158	1160	1158	1164	1167	1158	1147	1144	1134	1140	1073	655	356	463	369	220	201	244	223	210	205	281	1078	1148
1150	1152	1153	1157	1154	1151	1160	1158	1155	1148	1140	1131	1138	1075	714	333	430	306	194	194	183	179	194	208	233	269	1133	1184
1153	1153	1155	1155	1150	1142	1147	1161	1153	1137	1117	1120	1078	783	375	298	252	194	180	198	180	195	197	231	210	279	1207	1201
1143	1150	1155	1155	1150	1143	1126	1103	1114	1094	1079	1045	772	376	262	209	197	200	212	203	221	201	175	191	207	341	1281	1176
1153	1151	1152	1161	1150	1141	1124	1065	1045	1035	948	633	299	200	271	242	217	217	220	295	257	196	199	197	199	432	1312	1128
1147	1136	1111	1100	1131	1121	1051	1007	924	804	463	276	319	435	468	296	239	272	331	307	258	270	220	207	196	530	1287	1074
1097	1089	1035	1003	997	1014	1003	966	845	478	395	404	651	528	252	216	265	236	191	195	187	204	258	222	192	686	1215	1030
1038	1033	992	1065	1090	1021	722	897	1144	626	556	762	847	699	374	245	235	214	169	191	209	212	212	243	211	889	1126	1022
959	919	1046	1139	1139	1149	680	363	625	546	416	528	848	778	383	256	226	226	231	200	191	233	233	216	323	1049	1042	1009
1285	988	1079	1132	1128	1155	836	211	308	425	604	626	1029	985	637	291	235	210	222	222	202	199	237	194	589	1069	1002	1017
1278	1194	1052	1137	1141	1131	629	230	432	412	911	628	677	634	447	392	225	193	250	256	260	224	242	287	893	1010	1003	1067
1224	1267	1084	980	1051	791	246	308	240	231	645	338	349	226	206	292	326	182	212	201	253	239	220	575	1009	965	1034	1222
1267	1271	1113	909	632	248	169	248	197	242	474	235	238	279	220	221	344	223	210	227	226	254	329	901	967	977	1175	1198
1306	1314	1171	942	278	154	208	208	198	220	319	279	217	227	215	199	226	278	213	261	232	259	707	991	929	1019	1124	981
1249	1304	1412	1125	294	213	231	217	203	288	285	298	260	204	217	209	215	239	269	240	225	531	976	940	922	946	936	927
1056	1332	1289	1208	567	182	200	210	245	341	269	227	361	243	212	270	228	213	251	248	425	926	973	928	925	931	917	973
1210	1579	1326	1234	1112	380	158	215	259	260	284	223	285	327	210	240	264	232	237	368	868	1005	931	911	913	918	954	1021
1622	1448	1223	1093	1315	1046	421	225	219	218	270	236	206	268	245	203	228	230	419	877	1032	954	908	909	912	959	1002	937
1233	1053	1078	1054	1119	1289	1181	636	276	235	241	264	217	224	238	217	246	531	944	1048	962	908	908	929	980	980	918	905
1045	1034	1053	1074	1021	1105	1301	1309	976	614	410	261	230	253	305	517	825	1034	1040	941	908	933	969	985	946	903	904	909
1060	1051	1044	1071	1055	1041	1075	1174	1285	1239	1064	791	743	810	929	1040	1065	996	935	945	979	977	940	909	902	912	909	918
1031	1040	1014	988	1045	1064	1056	1059	1069	1123	1161	1176	1135	1094	1031	982	953	959	971	953	925	910	911	912	913	914	912	912
1050	1058	1013	964	989	1015	1031	1053	1055	1031	1013	1038	1040	999	977	974	958	933	910	909	911	914	914	910	910	914	913	903
950	1000	1041	1057	1059	1055	1040	1042	1020	971	990	988	990	974	967	945	927	919	917	914	916	915	912	916	914	910	906	926
931	925	930	957	973	995	1015	1014	969	940	946	941	930	921	927	919	920	920	917	914	912	911	907	910	902	900	953	969
922	928	931	931	925	923	922	922	924	926	928	927	927	927	922	918	921	916	915	915	913	908	904	924	967	1002	921	519
929	936	937	936	932	927	932	922	928	930	935	932	931	926	917	917	913	912	910	908	908	939	992	998	836	573	291	101
931	934	937	933	932	934	934	932	934	930	927	923	924	922	918	916	912	931	947	966	1007	1007	800	465	220	92	70	88
1146	1145	1150	1151	1157	1154	1146	1139	1153	1144	1141	1132	1125	1114	1123	1022	445	308	283	183	191	319	280	231	208	179	625	1236
1149	1149	1153	1151	1149	1148	1153	1146	1139	1131	1130	1120	1114	1124	1071	625	255	203	190	196	180	169	183	233	220	201	579	1165
1152	1148	1152	1146	1147	1146	1149	1136	1126	1122	1117	1107	1110	1057	618	257	200	172	191	183	182	208	169	183	194	174	565	1087
1147	1153	1154	1147	1145	1138	1121	1138	1103	1092	1092	1088	998	574	271	201	202	262	238	185	224	278	245	214	200	176	594	1032
1128	1146	1157	1158	1156	1142	1086	1060	1041	994	977	772	428	261	259	313	411	330	203	196	196	191	203	206	214	182	654	1003
1082	1038	1035	1067	1100	1084	1078	1004	938	806	519	273	394	316	261	269	229	184	222	218	224	240	229	224	216	207	787	985
1054	1050	978	990	996	961	901	827	553	395	222	243	265	263	317	479	346	205	161	161	177	175	184	224	203	315	916	983
996	990	1033	1124	1133	1072	565	336	606	506	184	234	299	413	555	439	236	166	156	138	135	158	155	213	207	534	981	1000
956	938	1104	1134	1128	1158	780	154	678	939	279	329	716	568	392	316	394	382	227	182	190	167	163	185	228	789	969	1007
1082	946	1103	1132	1134	1174	768	278	355	660	437	212	433	627	889	652	451	382	300	257	230	175	182	181	386	952	967	1035
1220	1071	987	1133	1150	1089	453	239	318	497	629	205	591	527	412	281	256	153	197	229	204	224	201	201	647	1017	1000	1035
1188	1223	971	967	1010	687	208	258	226	350	635	258	431	327	172	189	213	184	161	209	214	219	237	322	899	1040	1006	1016
1241	1203	1065	936	574	240	220	312	243	404	418	209	269	351	212	203	223	180	173	189	210	217	224	572	1094	1004	996	1027
1239	1240	1112	976	330	208	272	236	249	356	391	194	231	380	228	221	222	244	202	210	225	236	325	968	1142	929	957	997
1262	1336	1191	1065	464	209	251	260	246	205	249	186	186	306	221	213	226	289	243	244	248	255	728	1257	1001	916	926	919
1085	1325	1141	1168	826	240	204	220	226	213	248	201	204	250	232	200	227	249	235	250	240	578	1315	1130	909	918	909	977
1158	1489	1200	1056	1157	623	248	223	229	239	241	255	234	272	222	216	224	244	263	213	487	1286	1252	921	916	915	977	1019
1764	1618	1386	1163	1179	1172	677	349	230	270	217	277	246	257	257	224	233	251	220	552	1327	1311	927	907	927	983	992	916
1203	1112	1298	1278	1351	1347	1232	832	410	262	248	256	267	246	258	245	210	290	816	1428	1291	918	914	960	979	946	908	906
1043	1039	1037	1160	1292	1208	1370	1432	1141	704	444	266	223	243	248	375	702	1222	1455	1174	910	952	979	955	915	902	909	913
1045	1049	1037	1055	1048	1041	1100	1269	1446	1490	1310	972	821	824	1021	1303	1458	1303	1012	930	971	943	911	900	901	910	907	912
1061	1033	1019	993	1044	1078	1065	1054	1076	1186	1341	1463	1508	1458	1409	1251	1061	949	949	935	906	906	913	912	914	913	910	907
1043	1053	1034	984	985	1006	1053	1071	1065	1059	1025	1064	1108	1067	1014	977	951	925	908	903	906	909	912	910	910	915	914	909
948	1002	1050	1065	1057	1028	1037	1049	1030	999	971	973	987	987	960	934	919	921	920	920	917	916	915	916	911	908	904	937
930	933	943	964	988	1019	1018	980	950	969	975	967	947	927	928	927	926	931	923	915	915	917	913	912	907	905	961	986
932	930	932	929	930	933	933	928	930	929	935	929	932	934	924	921	921	921	924	921	918	913	911	924	971	1007	925	526
937	937	927	931	937	931	935	933	935	936	936	936	934	930	919	923	921	920	919	920	916	943	1003	1005	831	573	289	102
930	932	931	930	934	934	936	942	944	942	932	925	933	925	921	923	923	931	952	969	1016	1014	812	465	226	101	78	97
1138	1148	1151	1151	1159	1156	1150	1146	1154	1151	1144	1138	1133	1109	1110	1076	450	222	267	179	191	206	179	185	190	173	147	786
1139	1146	1150	1142	1151	1154	1159	1149	1146	1136	1141	1127	1116	1121	1095	626	250	236	207	180	181	185	178	191	200	208	205	810
1119	1141	1144	1135	1136	1151	1155	1140	1125	1123	1117	1121	1134	1008	538	259	240	192	196	178	197	197	176	158	205	233	250	829
1057	1107	1132	1135	1112	1104	1128	1108	1090	1108	1119	1080	791	370	204	198	202	310	404	348	255	174	180	215	228	222	257	857
1002	1005	1039	1076	1079	1076	1060	1045	998	986	869	494	329	283	182	186	228	275	254	229	190	161	183	205	243	198	302	898
1048	997	940	935	940	960	989	955	884	736	332	249	287	261	165	187	227	188	196	169	183	180	183	185	215	201	440	972
1035	1010	991	1044	1013	911	602	462	352	422	243	218	172	187	204	338	572	528	354	243	231	212	194	173	173	179	656	1037
938	983	1096	1123	1120	1047	466	180	207	269	254	257	318	233	212	249	251	203	171	165	159	150	153	161	172	226	899	1074
993	968	1128	1117	1114	1140	650	180	518	636	233	385	752	227	166	176	222	317	251	199	194	168	173	196	173	373	1134	1088
1176	1018	1096	1127	1129	1136	541	339	259	456	622	423	230	216	376	267	226	390	420	256	194	185	210	194	164	685	1285	1059
1268	1176	981	1060	1093	932	234	234	274	439	501	501	276	463	576	279	344	183	182	220	173	182	178	189	235	1122	1232	1038
1216	1255	1040	899	907	461	177	239	244	628	649	152	278	484	334	272	268	390	244	227	243	203	193	158	554	1356	1059	1033
1247	1246	1107	918	463	170	244	202	257	607	313	164	165	411	401	229	222	255	332	233	246	226	220	231	1100	1242	953	1024
1286	1256	1065	938	407	197	212	199	279	574	369	192	167	214	329	286	214	221	265	228	205	254	202	686	1344	1004	939	950
1221	1250	1174	972	595	169	191	219	283	367	345	203	163	270	224	238	235	216	209	239	228	207	439	1261	1128	915	929	934
1036	1216	1223	1058	863	291	208	237	202	239	246	231	173	239	325	226	224	214	207	240	225	371	1150	1217	914	923	925	987
1219	1715	1535	1114	994	795	342	177	198	229	198	188	182	231	293	274	245	205	229	227	405	1080	1239	925	913	949	1012	1004
1639	1675	1430	1075	1022	991	896	477	197	222	193	195	200	219	234	232	272	255	247	521	1110	1199	919	922	986	1012	967	916
1313	1083	1092	1116	1068	1055	1001	957	605	308	226	197	212	238	265	267	303	412	774	1195	1132	915	951	983	956	920	913	916
1051	1039	1062	1076	1105	1054	1037	1005	992	831	648	484	410	446	515	636	826	1093	1226	1045	929	967	948	913	906	913	914	910
1055	1034	1034	1054	1047	1046	1044	1035	998	1016	1025	1011	982	970	1034	1151	1225	1137	972	943	947	913	901	905	911	915	915	916
1053	1020	1034	1010	1040	1054	1053	1059	1043	1006	1014	1037	1079	1125	1120	1069	996	958	941	915	902	904	909	913	917	922	914	918
1021	1064	1039	996	965	981	1041	1055	1050	1056	1013	1025	1029	1009	986	976	953	920	905	910	911	912	917	915	916	916	914	916
935	995	1055	1072	1043	1012	1022	1037	1030	984	941	965	994	981	948	924	914	914	920	916	916	915	914	918	913	914	906	955
929	928	936	960	993	1009	982	973	988	982	969	956	933	915	923	923	917	920	918	911	914	915	912	915	908	909	978	944
937	926	924	923	921	930	939	929	929	931	929	924	924	930	927	918	914	914	917	918	917	914	910	929	980	1015	922	496
935	946	938	935	930	927	927	929	927	929	936	938	935	925	919	917	917	916	910	918	915	944	1003	1004	830	584	277	101
932	933	931	930	931	930	932	933	935	928	930	927	925	927	924	921	917	923	945	968	1020	1008	802	462	218	88	69	90
1027	1116	1100	1143	1166	1153	1150	1157	1153	1149	1141	1133	1131	1114	1118	946	409	196	180	154	165	179	208	232	222	229	205	466
1028	1106	1102	1105	1150	1154	1145	1144	1137	1133	1132	1126	1132	1133	936	434	184	202	176	203	161	227	201	169	171	204	222	511
981	1056	1091	1083	1130	1131	1106	1114	1129	1132	1135	1146	1088	749	346	208	199	220	191	160	241	244	222	215	209	231	243	547
968	981	1040	1032	1071	1123	1077	1043	1086	1117	1115	869	538	268	227	206	219	175	169	278	321	285	257	199	230	253	270	677
1054	990	943	957	947	1035	1066	1016	994	974	709	353	323	305	220	209	204	170	227	257	197	173	169	172	237	257	223	877
1082	1043	971	980	953	923	882	797	641	537	391	306	249	221	197	210	210	265	323	184	202	181	198	224	196	211	246	1126
962	993	1103	1134	1095	851	344	275	233	236	255	246	200	191	196	191	201	295	440	396	291	237	251	200	192	225	417	1373
952	1044	1150	1136	1137	971	293	229	241	221	245	330	272	279	273	233	195	194	226	320	289	193	199	214	205	169	649	1385
980	1037	1152	1135	1140	1069	375	225	520	408	194	312	455	306	266	213	184	166	197	190	190	184	201	192	191	172	915	1221
1183	1002	1102	1146	1141	953	285	275	341	284	210	300	228	167	184	178	169	181	319	421	413	280	188	182	172	282	1130	1073
1263	1181	989	1001	1013	659	141	199	162	169	237	510	595	298	322	200	169	180	185	228	329	269	206	210	181	548	1160	977
1227	1264	1054	928	730	256	203	202	207	468	477	187	417	396	381	525	253	215	205	193	218	213	182	191	216	865	1030	962
1240	1267	1088	942	385	180	210	196	224	639	380	133	139	221	250	274	260	225	260	283	236	206	209	183	485	1017	927	943
1278	1330	1064	975	475	182	185	180	250	252	240	184	138	145	418	343	240	223	219	246	243	239	213	316	908	983	925	923
1322	1387	1265	1096	591	160	175	188	197	321	274	218	156	146	225	277	340	283	244	239	221	222	342	829	1000	922	913	959
1135	1471	1199	1298	1005	224	189	213	217	268	240	285	189	171	189	196	259	226	231	248	238	388	867	998	922	916	963	1035
1364	1665	1447	1116	1368	809	200	187	175	244	181	270	267	232	247	214	262	254	221	224	526	953	980	913	932	996	1014	974
1727	1501	1325	1061	1269	1397	895	336	190	274	190	207	205	229	251	229	244	240	317	701	1007	957	913	973	1008	962	919	914
1159	1064	1114	1132	1106	1240	1461	1317	642	259	247	220	214	207	262	247	286	509	892	1013	933	944	997	961	914	902	909	909
1058	1024	1066	1090	1054	1022	1159	1405	1448	1082	710	492	450	492	520	646	856	1001	982	932	972	968	915	897	901	906	908	912
1058	1029	1040	1062	1049	1058	1047	1045	1124	1259	1270	1179	1103	1057	1041	1040	1008	964	961	967	921	898	896	899	903	907	904	907
1047	1025	1049	1035	1046	1059	1070	1071	1057	1032	1051	1096	1097	1096	1015	978	976	973	940	911	906	906	909	914	912	909	913	917
1008	1071	1048	982	966	1005	1049	1058	1065	1064	1018	1028	1037	1026	993	975	946	921	914	916	914	915	912	912	912	913	911	905
940	997	1053	1068	1044	996	1039	1049	1035	982	963	997	1008	968	928	917	919	925	923	920	915	914	917	915	913	908	904	954
932	930	940	973	988	970	973	998	988	993	986	965	927	914	918	919	916	918	919	916	917	914	913	912	908	909	988	926
942	927	926	928	925	925	931	933	940	940	935	928	930	932	929	923	916	915	913	919	914	912	912	934	982	1028	908	465
942	938	937	939	935	932	929	926	927	928	937	935	934	928	924	920	919	915	907	906	912	949	1014	1005	823	592	273	96
932	935	935	937	942	941	935	935	930	937	929	929	919	919	925	920	913	917	935	967	1016	1005	793	459	212	79	72	95
949	990	1022	1059	1103	1112	1141	1138	1135	1134	1123	1115	1107	1092	948	610	441	490	516	532	432	340	243	199	185	178	184	227
949	968	989	1033	1083	1095	1116	1143	1145	1140	1126	1113	1071	917	574	402	472	539	575	550	419	311	212	148	204	193	219	232
997	947	935	997	1104	1095	1085	1114	1128	1114	1064	935	744	493	339	436	506	552	531	466	368	256	193	216	248	230	208	239
1045	1000	927	924	1009	1050	1027	1005	1000	965	792	549	370	269	268	383	432	439	425	396	307	229	232	173	188	182	189	317
1088	1061	955	912	938	939	810	700	666	612	400	265	220	222	212	245	310	317	322	316	224	177	175	157	178	196	184	457
1010	1026	1054	1033	947	738	479	363	328	327	254	229	226	232	184	183	222	248	248	210	163	142	135	182	194	198	194	558
928	1090	1149	1140	1111	605	295	233	234	254	362	243	199	205	165	179	158	166	202	191	221	253	258	249	207	198	198	640
964	1127	1137	1136	1165	709	237	274	197	213	326	286	193	190	197	258	209	215	165	189	306	379	244	187	210	199	247	744
989	1066	1151	1145	1162	725	208	322	332	267	222	219	189	225	249	245	261	186	191	173	201	220	335	283	253	235	262	830
1198	1028	1062	1086	1041	550	252	249	622	376	222	219	215	174	210	183	213	184	170	186	286	424	350	256	216	188	363	945
1234	1231	1025	967	842	284	183	177	311	235	204	183	260	242	174	186	200	183	189	217	283	308	232	230	239	191	673	994
1209	1246	1080	972	462	169	192	206	177	295	275	178	289	624	526	375	349	240	213	198	219	253	191	229	219	388	960	947
1242	1221	1055	943	404	174	191	172	293	604	505	161	188	317	382	452	457	236	200	201	202	216	242	236	264	839	995	923
1236	1244	1014	980	589	161	197	209	209	213	263	160	163	168	223	218	294	233	206	217	256	219	250	242	689	1027	936	918
1270	1260	994	981	801	193	199	224	180	244	242	188	171	147	317	277	267	272	268	241	235	240	257	671	1045	939	916	963
1056	1295	1049	960	982	507	193	202	209	312	236	228	205	184	241	287	225	261	290	262	257	285	741	1096	958	949	1014	1032
1437	1699	1266	985	973	950	441	232	207	238	219	225	287	219	215	242	231	271	260	257	365	915	1167	964	986	1026	999	948
1788	1479	1381	1221	1205	1152	1021	611	293	239	213	177	232	232	213	221	232	268	249	523	1114	1213	985	1000	992	935	909	909
1125	1074	1201	1285	1308	1184	1198	1201	899	441	244	216	208	205	241	206	227	469	921	1303	1221	1001	1000	952	908	904	911	911
1042	1048	1039	1129	1183	1022	1081	1228	1342	1282	984	723	597	543	557	707	995	1309	1347	1123	991	963	914	901	904	907	906	911
1024	1028	1026	1051	1032	1048	1037	1021	1060	1247	1401	1432	1414	1378	1401	1400	1327	1158	1013	966	931	901	908	910	911	907	909	910
1016	1027	1023	1027	1039	1056	1070	1061	1052	1034	1036	1157	1251	1285	1192	1076	1009	981	945	916	913	917	919	916	915	918	915	912
966	1071	1033	979	978	1026	1050	1050	1055	1036	1033	1035	1026	1015	989	982	961	933	928	926	923	925	914	922	915	917	914	903
933	988	1052	1065	997	1007	1045	1052	1032	968	1016	1005	1007	966	935	915	920	929	932	933	927	925	924	925	923	915	913	948
930	922	932	953	951	975	1012	1022	1005	998	988	966	934	922	927	926	919	922	923	927	923	921	918	918	914	912	992	917
930	924	923	920	920	924	923	934	932	932	924	926	927	932	929	925	927	918	919	922	917	917	914	938	974	1026	923	479
939	932	934	933	927	931	925	920	925	927	928	930	933	936	925	924	918	919	914	914	917	956	1011	1009	838	625	286	116
937	926	932	930	938	936	935	936	933	930	924	925	919	920	927	919	919	920	937	968	1024	1023	799	471	227	101	90	112
960	948	932	965	1022	1020	1027	1015	1047	1089	1085	1075	1081	1077	1041	1054	1094	1114	1119	1121	1104	1056	911	672	482	296	154	195
1033	1002	936	945	924	927	943	939	932	955	970	969	959	961	978	1065	1116	1125	1120	1118	1094	1020	862	621	432	272	207	194
1016	1025	963	936	823	795	791	773	749	652	654	735	820	881	973	1055	1097	1116	1126	1117	1076	975	770	543	359	233	176	210
1000	1073	992	917	724	576	541	484	419	358	360	524	713	855	934	1033	1076	1087	1086	1071	1021	882	665	443	270	173	163	219
1038	1047	978	914	706	355	272	290	254	178	225	408	591	775	844	917	1011	1033	1027	1006	931	767	548	354	218	145	212	204
955	1087	1117	1079	835	341	191	181	192	205	215	340	489	642	716	784	891	947	951	905	782	609	425	282	228	261	245	181
994	1140	1127	1133	997	365	283	179	198	196	209	235	339	478	563	622	686	791	806	731	582	435	305	237	188	178	175	182
1003	1126	1127	1129	1084	338	315	266	209	257	223	154	243	348	400	428	458	543	564	501	374	251	160	124	159	162	177	196
1102	1054	1113	1111	999	307	241	376	181	186	185	151	195	249	257	269	294	308	352	303	210	143	173	184	191	187	182	427
1261	1149	991	969	803	222	201	213	290	269	214	217	160	168	181	191	219	209	187	161	123	141	264	296	287	209	201	806
1209	1330	1153	942	543	169	212	146	572	315	202	168	140	140	159	162	163	186	186	143	167	206	242	262	200	180	536	1006
1215	1248	1239	946	317	167	160	151	344	187	157	202	159	133	252	294	223	220	183	174	175	179	163	207	224	385	1017	958
1228	1264	1174	941	425	133	151	145	388	254	425	271	183	225	215	534	576	491	230	172	174	188	194	211	291	1040	1080	908
1322	1298	1151	965	583	130	143	153	222	148	424	255	169	316	150	163	230	282	201	184	183	192	235	243	977	1264	913	906
1201	1272	1181	1014	741	156	162	203	133	164	215	199	166	195	197	217	204	212	179	182	202	225	240	935	1425	976	913	973
1134	1600	1314	1133	936	411	156	212	209	247	210	157	156	147	233	342	241	203	203	207	227	246	992	1541	1053	941	1011	1022
1578	1854	1429	1112	1067	868	418	205	232	240	200	184	184	182	248	220	215	240	210	231	330	1111	1570	1109	988	1025	973	919
1641	1319	1126	1010	1082	1060	924	613	273	209	267	188	240	200	219	222	220	229	227	552	1301	1510	1101	997	986	922	906	906
1111	1043	1064	1043	1018	1068	1067	997	794	537	366	264	252	234	236	272	354	578	1027	1452	1352	1039	996	952	906	907	910	913
1031	1044	1035	1029	1052	1034	1038	1024	998	981	917	838	751	716	751	889	1111	1311	1323	1113	991	976	919	906	905	907	905	904
1025	1023	1027	1046	1043	1044	1040	1047	1017	988	990	1023	1059	1105	1199	1225	1170	1057	986	984	941	912	914	913	914	908	903	905
1005	1009	1019	1015	1033	1043	1051	1048	1049	1036	1010	1014	1030	1063	1006	968	979	989	957	917	910	915	922	924	913	915	910	902
931	1010	1002	995	983	1040	1047	1043	1046	1018	1052	1033	1011	1011	990	984	946	918	912	914	918	919	913	914	910	913	907	902
906	953	1018	985	963	1030	1041	1034	981	955	1028	997	993	966	928	912	913	917	917	921	924	916	918	920	914	910	903	949
915	911	912	922	960	1001	1025	1012	982	974	969	949	920	911	914	917	915	917	915	918	916	913	915	914	907	904	983	901
918	920	912	912	913	911	918	928	924	921	913	914	911	916	918	917	919	911	914	917	914	911	904	923	964	1012	908	450
929	926	923	920	921	918	920	916	920	925	919	920	926	923	917	919	916	917	914	911	917	949	1004	996	849	638	278	107
926	925	917	923	925	922	925	923	925	923	919	921	913	921	919	915	904	916	922	963	1017	1006	785	466	211	93	78	102
920	882	998	851	455	375	475	637	862	984	986	984	975	986	1028	1056	1080	1089	1084	1074	1045	1016	983	954	954	901	667	330
898	698	1038	736	243	288	376	499	675	883	1024	1075	1079	1058	1011	992	1017	1042	1042	1036	1017	982	969	979	956	890	626	288
911	912	1071	739	197	180	291	392	578	818	1035	1113	1132	1133	1118	1075	1008	976	988	990	985	968	975	999	942	826	568	313
1052	1080	1012	758	187	156	214	318	492	761	1001	1116	1130	1124	1122	1119	1107	1054	1018	1021	1046	1046	1015	997	907	747	454	202
985	1083	1060	958	335	153	212	268	416	681	944	1095	1137	1129	1126	1124	1116	1106	1111	1119	1115	1097	1042	956	852	626	343	177
1066	1147	1150	1135	544	222	184	185	308	559	868	1053	1123	1137	1133	1128	1126	1110	1107	1116	1119	1080	1026	909	728	446	250	219
1111	1144	1141	1170	699	233	213	183	237	433	707	954	1074	1116	1130	1131	1125	1119	1110	1109	1092	1040	947	772	503	242	143	189
1086	1140	1153	1149	792	206	297	186	236	309	523	784	972	1064	1096	1102	1105	1104	1100	1088	1040	931	772	550	278	140	220	240
1098	1078	1061	1022	667	189	254	224	168	198	343	565	789	941	986	999	1022	1030	1030	997	904	725	519	285	167	234	233	637
1255	1075	936	945	501	196	219	200	158	215	200	342	532	701	794	810	842	859	829	764	627	436	250	205	282	218	331	1209
1213	1262	1010	919	322	181	196	268	262	184	166	198	269	381	454	496	526	541	520	451	342	229	147	247	258	187	950	1373
1223	1245	1085	923	286	180	193	224	496	228	205	177	172	179	215	243	257	259	227	226	205	171	164	204	197	547	1530	1082
1236	1242	1085	985	464	160	176	225	564	259	240	216	179	167	146	252	300	465	381	295	253	221	223	239	325	1326	1330	899
1309	1322	1282	1097	642	145	182	223	315	180	231	347	207	214	155	295	294	439	466	404	313	262	282	255	1000	1453	944	921
1240	1461	1305	1183	798	183	186	164	151	147	294	436	176	339	199	223	222	229	225	247	272	261	265	762	1379	995	923	985
1105	1599	1200	1233	1149	417	167	184	186	200	253	287	188	291	248	241	213	215	218	268	249	297	770	1283	1023	945	1034	1033
1795	1748	1290	1085	1294	1065	371	215	315	246	194	223	234	255	201	256	237	255	219	202	407	876	1188	1007	975	1035	993	937
1449	1204	1281	1149	1175	1365	1192	508	225	217	220	222	238	244	215	245	230	256	364	651	1019	1100	973	1002	1004	947	915	908
1067	1072	1118	1167	1026	1193	1469	1390	877	545	421	347	325	348	325	378	460	702	944	1062	1008	965	1017	981	923	912	918	922
1053	1068	1039	1039	1049	1029	1087	1290	1435	1354	1158	994	916	896	893	912	963	1002	986	949	979	993	927	916	905	908	911	902
1132	1035	1039	1049	1055	1057	1039	1037	1094	1194	1243	1220	1163	1116	1060	1032	988	959	980	1003	950	908	908	911	915	911	907	905
1046	1027	1052	1035	1049	1062	1061	1072	1073	1046	1045	1062	1071	1054	968	969	994	1008	970	918	908	916	921	924	917	917	920	914
946	969	1008	1008	1011	1052	1060	1065	1060	1053	1069	1041	1009	1001	995	988	948	919	910	913	916	920	922	918	916	919	917	913
929	934	958	966	1000	1065	1062	1027	980	1023	1029	1014	1001	966	932	914	912	916	912	912	919	917	923	919	918	914	910	963
930	926	927	947	995	1019	1030	1006	1002	1004	993	960	921	914	911	915	917	917	913	910	912	914	915	914	907	909	993	880
929	935	925	924	926	934	940	950	952	934	925	922	916	922	920	924	915	911	914	914	911	906	901	925	954	1022	883	426
939	945	939	929	926	928	929	930	937	937	937	940	933	936	927	923	919	911	911	909	913	948	1007	997	880	642	269	105
932	933	934	938	935	932	940	934	937	929	928	933	922	925	929	918	909	924	940	973	1019	992	780	468	213	86	76	87
682	644	1064	904	738	797	917	1024	1059	1083	1079	1078	1069	1036	999	964	932	937	939	933	927	918	939	1031	1059	1012	972	932
712	585	1064	814	540	762	880	965	1037	1081	1103	1093	1053	1008	956	925	919	923	925	923	913	919	1037	1103	1076	1014	964	895
1008	958	1031	764	400	656	859	928	1056	1130	1112	1094	1083	1047	987	958	940	917	913	915	917	976	1089	1106	1092	1015	966	864
1011	1055	974	838	417	580	799	918	1078	1145	1126	1117	1110	1099	1085	1081	1056	1002	966	960	1068	1104	1108	1106	1084	1002	953	744
1095	1134	1129	876	323	442	701	874	1059	1136	1131	1123	1113	1107	1115	1121	1118	1106	1093	1088	1110	1113	1115	1091	1059	994	929	607
1148	1146	1168	967	210	272	499	751	1009	1130	1136	1115	1105	1112	1112	1114	1107	1108	1111	1109	1108	1108	1111	1081	1026	973	817	440
1145	1141	1155	1067	328	196	324	591	904	1103	1147	1128	1115	1111	1111	1112	1112	1105	1109	1110	1109	1114	1104	1079	1024	874	556	253
1062	1140	1116	1020	423	200	251	426	752	1022	1127	1139	1127	1116	1113	1109	1117	1111	1108	1106	1104	1110	1095	1047	911	623	320	328
1064	1052	1002	921	373	230	192	270	522	834	1050	1132	1137	1126	1122	1119	1121	1111	1115	1116	1120	1104	1044	929	661	351	195	864
1287	1187	1002	875	277	235	258	178	277	548	867	1059	1125	1133	1135	1133	1130	1130	1134	1128	1124	1077	916	651	354	217	336	1263
1231	1280	1109	822	216	189	224	201	197	274	514	817	1010	1083	1103	1114	1116	1115	1113	1098	1047	891	592	324	239	206	673	1294
1240	1247	1173	880	253	200	248	239	161	180	240	410	632	800	892	917	924	902	887	841	708	477	277	174	255	304	995	1027
1279	1261	1134	963	478	190	184	360	442	241	200	175	245	354	433	498	498	445	417	416	355	242	213	201	224	593	1034	906
1321	1284	1069	973	685	170	173	197	415	409	171	211	198	203	197	243	241	253	292	304	293	298	317	298	397	932	937	921
1144	1160	1001	984	796	199	191	188	270	306	178	321	327	196	189	271	303	311	334	327	266	288	292	415	870	968	918	953
1065	1328	1152	940	959	612	193	206	192	219	344	305	268	269	291	231	252	236	253	240	230	306	555	918	989	939	1005	1028
1647	1777	1466	1022	926	972	594	237	252	245	279	241	274	225	269	236	225	226	238	224	339	709	1001	987	964	1025	1009	947
1426	1213	1279	1289	1029	971	991	621	330	250	239	229	258	245	227	261	282	228	289	554	939	1047	982	983	1015	972	922	916
1071	1083	1095	1253	1146	1020	1052	1098	933	660	529	469	352	308	279	335	410	609	925	1114	1046	977	1011	999	936	909	919	929
1072	1068	1051	1050	1058	1040	1042	1068	1169	1253	1274	1173	1054	980	971	1048	1183	1270	1162	1015	996	1007	950	905	900	907	917	913
1064	1046	1040	1044	1047	1049	1043	1018	1034	1101	1237	1363	1446	1465	1450	1367	1223	1061	999	1011	983	924	906	911	915	916	914	908
992	1027	1047	1041	1053	1063	1054	1060	1066	1041	1035	1082	1149	1147	1070	1013	1012	1013	980	939	920	916	920	926	924	918	921	922
942	982	1034	994	1013	1061	1062	1059	1052	1065	1070	1051	1026	1020	1016	1008	966	934	927	928	922	925	924	925	923	924	929	923
932	934	962	952	997	1063	1049	996	1017	1023	1027	1018	1000	972	943	926	923	926	922	921	923	924	923	923	923	918	913	969
923	929	936	966	1004	1023	1011	998	1024	1008	988	956	940	926	930	927	931	930	925	923	918	922	919	919	913	920	1015	877
922	934	932	928	933	944	950	953	952	936	932	923	936	941	930	931	925	923	923	922	917	913	908	928	962	1038	820	419
932	942	943	935	933	938	937	933	938	936	940	936	936	938	942	936	930	920	915	914	915	956	1016	998	910	634	266	125
936	936	939	940	939	951	945	937	944	940	936	933	929	930	933	931	921	938	955	990	1032	1001	776	465	220	96	95	104
988	1056	1058	1077	1064	1060	1091	1108	1098	1106	1122	1120	1129	1127	1106	1080	1014	937	934	931	925	908	949	1094	1107	1112	1071	981
1000	1072	1035	1059	1023	1016	1064	1083	1104	1088	1086	1109	1108	1101	1091	1026	963	936	937	922	913	937	1078	1116	1109	1113	1059	966
974	995	950	983	948	1014	1026	1045	1080	1086	1088	1092	1079	1058	1010	952	938	935	925	935	1012	1083	1120	1110	1106	1110	1051	963
1078	1078	966	978	976	1024	1031	1061	1100	1091	1090	1093	1073	1029	984	966	939	924	913	994	1106	1108	1101	1110	1112	1108	1025	973
1143	1138	1119	762	809	1024	1007	1080	1127	1110	1116	1117	1108	1108	1102	1073	1037	988	955	1051	1119	1110	1106	1102	1114	1092	1005	962
1137	1136	1163	605	375	887	982	1088	1118	1114	1112	1110	1106	1110	1117	1107	1093	1065	1066	1097	1110	1113	1107	1107	1110	1080	1014	931
1144	1144	1125	748	233	627	938	1080	1122	1109	1115	1108	1109	1108	1112	1111	1100	1106	1108	1107	1101	1107	1112	1112	1108	1058	988	784
1024	1051	997	779	206	399	806	1050	1135	1121	1110	1107	1109	1105	1102	1101	1110	1104	1107	1106	1105	1108	1110	1109	1081	1027	888	550
1172	1000	999	749	202	260	582	943	1118	1133	1112	1105	1104	1110	1106	1103	1113	1107	1106	1111	1104	1105	1105	1080	1048	959	665	414
1241	1253	1033	710	206	240	323	638	973	1120	1129	1111	1102	1106	1103	1106	1106	1104	1103	1098	1108	1108	1104	1074	975	740	384	542
1203	1241	1187	707	186	205	244	315	608	962	1120	1136	1112	1106	1101	1101	1095	1112	1112	1111	1113	1126	1098	979	718	396	255	770
1209	1214	1220	842	234	205	241	201	246	534	898	1084	1136	1134	1123	1125	1119	1119	1127	1133	1128	1077	933	614	319	231	398	967
1260	1283	1236	1048	420	184	195	306	185	196	402	698	927	1045	1083	1092	1098	1075	1058	1018	930	719	458	243	207	291	781	972
1309	1331	1261	1138	584	162	224	341	220	226	167	218	371	522	631	682	676	643	575	519	424	299	227	292	266	648	993	905
1081	1344	1147	1190	740	174	194	210	260	418	189	228	228	176	207	235	265	222	263	256	313	255	273	313	737	1020	910	913
1271	1739	1274	1113	1073	506	203	217	204	269	348	201	313	278	206	226	317	237	358	209	279	278	402	875	1048	936	968	1004
1594	1658	1233	1007	1124	976	454	221	205	226	367	257	209	269	258	210	266	245	242	209	279	660	1125	1071	962	1003	1001	941
1450	1112	1062	1045	1059	1088	897	528	341	241	230	245	242	255	249	232	226	238	294	626	1175	1385	1069	981	1027	968	915	913
1069	1083	1062	1048	1043	1066	1053	975	789	573	432	363	311	298	306	387	479	705	1185	1510	1325	986	984	992	936	910	910	920
1065	1061	1056	1055	1052	1045	1040	1023	1014	997	973	933	879	876	956	1083	1279	1456	1341	1076	964	991	961	911	903	908	915	918
1045	1051	1051	1055	1049	1042	1043	1025	1034	1019	1007	1001	1075	1152	1238	1199	1129	1050	1007	1006	981	931	912	917	916	915	916	914
964	1031	1034	1039	1058	1051	1046	1045	1049	1008	1016	1026	1039	1015	1001	1010	1020	1013	973	929	915	909	923	923	919	919	912	923
927	991	1020	976	1051	1058	1045	1027	1044	1049	1054	1050	1055	1048	1032	993	950	922	913	921	921	921	917	917	909	919	917	915
921	934	951	936	1020	1049	1014	972	999	1008	1026	1019	988	960	932	923	919	924	921	913	922	920	917	919	918	909	911	955
911	920	936	962	992	1003	1004	1014	988	969	951	935	929	921	921	926	927	929	923	925	923	920	917	918	909	930	1011	896
917	926	920	922	925	936	946	936	931	924	926	927	936	926	923	925	928	927	924	915	921	916	910	921	977	1023	721	429
923	935	932	929	928	936	937	921	928	929	940	931	931	928	925	924	921	913	912	913	911	955	1017	1001	922	599	264	151
924	933	932	930	936	933	926	931	936	926	927	928	928	921	918	922	917	928	943	979	1022	988	766	468	233	106	113	110
1007	1078	1088	1050	1075	1098	1106	1117	1102	1109	1126	1137	1113	1131	1112	1116	1105	1038	958	960	927	910	1025	1114	1106	1109	1108	1100
958	1025	1068	1007	1018	1094	1099	1092	1098	1107	1091	1101	1098	1103	1092	1092	1043	947	936	928	912	997	1109	1105	1105	1110	1112	1094
996	981	1008	958	982	1095	1071	1086	1102	1097	1102	1099	1114	1119	1111	1022	944	931	915	948	1047	1104	1112	1104	1103	1107	1117	1078
1138	1118	1028	1008	968	1098	1098	1082	1075	1077	1070	1055	1035	1013	978	945	933	920	948	1088	1120	1104	1109	1114	1117	1111	1120	1058
1131	1132	1078	1004	1015	1037	1047	1055	1059	1078	1090	1085	1059	1071	1051	993	943	918	1035	1119	1106	1109	1116	1105	1109	1107	1103	1032
1132	1132	1085	783	964	978	954	1071	1104	1116	1124	1119	1117	1119	1123	1107	1047	996	1092	1110	1107	1109	1112	1110	1101	1115	1107	996
1135	1105	1008	597	776	987	947	1079	1109	1117	1119	1120	1116	1113	1110	1109	1105	1101	1106	1112	1107	1110	1112	1111	1117	1118	1069	989
968	956	964	514	528	950	938	1041	1120	1114	1112	1110	1111	1114	1111	1115	1111	1108	1102	1103	1113	1116	1103	1102	1109	1109	1035	987
1116	964	1005	483	289	785	956	1010	1122	1108	1111	1112	1113	1111	1110	1106	1116	1110	1112	1102	1105	1107	1110	1110	1110	1081	1036	764
1217	1189	1007	533	224	527	891	1000	1130	1110	1105	1114	1118	1118	1112	1115	1105	1110	1109	1106	1111	1103	1107	1109	1096	1052	921	469
1180	1228	1116	660	181	260	651	914	1091	1128	1112	1111	1115	1105	1110	1118	1104	1109	1109	1108	1108	1104	1113	1107	1080	959	471	698
1194	1213	1139	856	265	188	317	624	867	1114	1137	1113	1110	1103	1105	1107	1104	1102	1106	1102	1105	1106	1126	1107	934	462	435	971
1242	1230	1269	1068	418	192	226	244	436	747	1050	1131	1132	1122	1112	1108	1110	1106	1113	1122	1121	1117	1049	832	402	371	910	962
1307	1402	1329	1205	563	195	319	221	183	233	467	784	1018	1098	1121	1131	1131	1118	1095	1070	1012	860	586	324	370	981	1015	901
1104	1469	1209	1261	879	204	264	201	205	237	169	235	374	545	667	734	732	678	626	576	476	341	264	447	1185	1123	902	911
1230	1521	1161	1085	1284	524	176	278	243	266	254	234	189	237	223	213	222	229	286	337	324	298	632	1379	1194	894	956	992
1671	1411	1294	1182	1287	1271	440	204	233	194	358	288	204	365	269	205	332	243	253	314	409	895	1500	1179	915	997	991	925
1170	1045	1154	1173	1125	1440	1339	572	257	214	259	248	215	238	238	187	208	285	432	734	1183	1368	1053	956	1012	951	905	904
1077	1089	1055	1052	1034	1123	1430	1371	804	400	270	254	260	304	314	373	558	784	1040	1182	1093	972	1003	991	923	899	910	912
1053	1075	1054	1059	1067	1056	1054	1186	1231	1076	896	823	825	853	911	977	1022	1046	1009	964	992	999	943	900	906	905	906	914
1036	1051	1054	1063	1064	1053	1046	1011	1044	1061	1055	1021	1011	998	980	975	982	992	1003	996	952	915	917	911	915	918	909	911
982	1034	1036	1049	1065	1052	1047	1054	1045	1013	1025	1042	1039	987	955	1012	1030	1011	953	919	910	909	913	917	909	909	907	908
946	977	959	997	1067	1060	1038	1038	1053	1059	1058	1048	1032	1011	1024	989	947	918	913	916	919	918	911	911	909	916	911	910
931	931	953	973	1040	1037	981	1017	1033	1039	1031	1006	978	952	930	917	923	917	918	920	919	912	912	914	916	912	904	942
916	926	939	974	999	992	991	983	956	942	926	917	916	910	917	924	927	920	919	919	914	916	915	913	900	936	1010	934
927	932	924	921	923	930	933	929	928	921	921	924	923	927	920	918	921	921	913	915	914	908	904	917	974	982	680	456
932	934	927	925	924	932	925	922	925	925	927	922	923	922	916	915	916	913	909	906	913	954	1008	991	910	536	250	132
924	934	931	930	928	927	927	922	922	928	921	916	913	914	916	913	905	913	936	968	1022	978	763	461	225	104	93	99
979	1059	1039	978	1062	1107	1115	1130	1124	1128	1128	1127	1123	1121	1127	1117	1121	1058	945	966	955	965	1105	1104	1112	1104	1112	1111
978	1059	1055	926	994	1093	1090	1105	1105	1106	1100	1107	1105	1106	1098	1079	992	917	920	922	915	1036	1118	1106	1112	1114	1108	1104
1081	1049	1041	933	953	1072	1097	1092	1095	1096	1105	1098	1097	1075	1036	955	916	914	921	928	1043	1110	1105	1106	1113	1107	1108	1111
1133	1130	1066	960	922	1032	1053	1048	1044	1046	1010	991	975	955	926	913	933	920	960	1072	1113	1109	1109	1109	1112	1107	1110	1112
1124	1134	1074	1016	913	970	1004	956	951	1012	973	963	968	991	982	964	931	919	1068	1120	1106	1104	1113	1106	1111	1110	1106	1104
1139	1127	999	1041	940	924	957	974	1019	1064	1083	1104	1108	1102	1107	1103	1078	1029	1108	1108	1105	1103	1107	1111	1110	1115	1115	1097
1069	1003	923	969	967	914	918	939	1016	1100	1112	1110	1107	1106	1109	1107	1110	1106	1106	1106	1109	1109	1109	1105	1116	1109	1116	1064
1080	990	971	777	945	915	910	928	1053	1116	1108	1103	1104	1104	1112	1107	1110	1104	1101	1104	1110	1115	1104	1103	1105	1113	1106	1037
1263	1216	1021	469	836	956	904	929	1064	1113	1108	1104	1107	1109	1110	1113	1110	1108	1105	1106	1107	1105	1107	1108	1109	1107	1088	1047
1198	1271	1176	460	557	985	930	923	1043	1109	1108	1106	1105	1110	1110	1108	1105	1114	1104	1111	1114	1101	1104	1101	1105	1102	1085	885
1203	1218	1273	736	259	816	983	909	980	1087	1113	1105	1104	1107	1103	1109	1114	1107	1101	1105	1107	1103	1103	1101	1101	1113	905	1085
1233	1207	1327	1030	253	407	856	974	936	1038	1098	1106	1112	1104	1104	1105	1102	1102	1102	1102	1097	1104	1107	1106	1135	882	996	1198
1280	1241	1257	973	371	231	403	770	939	970	1050	1092	1097	1101	1101	1098	1097	1096	1102	1100	1096	1101	1106	1125	839	783	1361	948
1261	1312	1106	975	466	222	208	282	609	808	921	1103	1123	1099	1098	1097	1099	1097	1102	1109	1114	1132	1076	747	615	1398	1030	900
1029	1151	1067	982	718	234	233	176	194	309	449	661	933	1062	1103	1116	1128	1117	1108	1088	1015	845	594	604	1291	1089	896	929
1249	1613	1341	925	941	500	185	272	238	268	163	186	252	378	506	595	617	606	583	574	491	464	703	1167	1047	900	946	970
1695	1558	1433	1159	1026	989	572	287	234	219	268	320	218	257	282	218	261	228	276	339	525	894	1081	965	927	978	977	921
1196	1064	1090	1148	1078	1057	1155	830	333	203	260	250	245	268	274	241	281	324	446	787	1022	997	922	952	994	963	920	908
1069	1085	1055	1052	1050	1054	1121	1307	1184	702	366	258	238	221	259	246	408	759	1010	1025	962	946	998	983	929	910	917	917
1055	1066	1047	1057	1052	1061	1051	1117	1363	1526	1356	1070	842	745	780	817	965	1031	1000	971	986	993	948	907	907	908	913	909
1035	1048	1057	1067	1064	1062	1055	1022	1048	1131	1228	1325	1299	1181	1072	1010	996	986	996	996	951	913	909	917	915	913	912	900
992	997	1037	1060	1062	1056	1059	1065	1051	1034	1043	1059	1075	1034	977	998	1004	982	951	918	918	921	922	921	917	917	922	923
949	948	945	1035	1071	1056	1043	1057	1062	1065	1069	1067	1039	1016	1022	995	956	927	912	915	918	911	910	910	910	911	913	918
931	937	974	1007	1049	1042	1027	1054	1050	1038	1030	1018	1003	977	949	924	919	921	920	920	918	913	912	911	909	912	908	940
923	930	937	955	966	968	964	954	949	943	932	926	922	921	920	925	922	918	914	920	920	919	914	910	906	953	1019	954
934	937	933	937	930	933	929	930	933	929	927	923	924	928	928	919	919	916	916	916	916	910	908	928	1004	959	695	475
940	940	934	931	932	933	925	923	920	920	923	922	925	924	921	921	923	916	915	911	921	968	1015	1010	881	464	250	123
936	935	932	928	927	922	928	919	915	924	922	922	919	918	919	922	909	929	950	983	1031	937	752	454	206	97	84	90
1061	1093	1008	926	942	1005	1057	1085	1091	1103	1116	1115	1108	1106	1109	1059	1023	940	915	1000	1012	931	998	1102	1104	1116	1118	1113
1078	1054	1033	930	924	981	1025	1033	1044	1052	1057	1056	1052	1040	1014	959	946	972	992	998	940	947	1030	1105	1107	1110	1113	1113
1129	1095	1031	943	917	940	979	1011	998	980	980	979	968	951	927	918	926	1019	971	924	949	1033	1086	1114	1111	1107	1110	1104
1142	1146	1076	972	911	928	961	988	943	960	939	928	922	925	958	958	956	986	939	957	1060	1111	1106	1107	1111	1118	1115	1109
1138	1141	1074	1002	916	933	969	925	925	979	972	958	936	929	932	931	981	969	953	1060	1100	1110	1113	1112	1111	1112	1121	1112
1131	1067	994	1021	902	917	925	928	933	942	943	994	1033	1007	974	1004	1005	986	1049	1105	1110	1107	1105	1111	1112	1107	1113	1111
975	935	954	1001	903	913	919	923	928	975	1032	1095	1114	1115	1049	1078	1096	1056	1091	1110	1111	1110	1105	1110	1108	1110	1106	1108
1160	1064	995	1031	904	907	916	920	937	1013	1071	1106	1113	1113	1098	1102	1104	1103	1119	1105	1105	1115	1111	1110	1110	1115	1107	1101
1280	1299	1094	935	958	906	926	913	931	1004	1077	1116	1103	1112	1109	1111	1110	1122	1127	1110	1108	1107	1113	1104	1113	1102	1111	1112
1180	1238	1238	701	978	936	923	924	921	983	1049	1100	1108	1107	1111	1112	1111	1117	1108	1115	1113	1114	1114	1111	1112	1108	1078	1317
1200	1192	1290	760	784	1005	912	916	913	947	1011	1063	1086	1094	1108	1110	1107	1111	1109	1109	1109	1114	1106	1105	1104	1106	1142	1433
1240	1211	1316	926	453	936	955	902	909	917	971	1014	1054	1112	1107	1109	1111	1106	1112	1109	1107	1115	1111	1104	1119	1070	1236	1113
1302	1294	1226	908	275	499	925	954	911	909	916	971	1058	1102	1105	1107	1108	1104	1105	1110	1111	1108	1103	1119	1079	940	1119	917
1189	1227	1012	943	366	226	437	859	995	951	908	953	1052	1098	1105	1104	1110	1102	1110	1113	1108	1117	1133	1071	786	959	939	916
1022	1390	1132	968	668	235	200	273	571	856	957	963	1053	1120	1121	1112	1114	1114	1115	1122	1133	1123	935	746	927	949	919	919
1460	1926	1417	950	984	524	197	278	206	261	370	505	620	805	962	1039	1060	1073	1066	1021	846	605	589	937	979	937	940	967
1667	1592	1138	1002	1035	1006	595	283	246	253	257	214	208	204	259	324	372	430	433	395	486	786	1032	974	921	946	970	960
1305	1087	1041	1021	1033	1059	1039	831	437	257	280	256	326	295	278	297	288	316	434	800	1048	1031	938	927	971	970	925	906
1070	1068	1053	1054	1076	1061	1048	1047	1021	819	572	370	280	257	218	196	243	546	987	1053	985	955	957	976	969	925	923	924
1073	1072	1063	1065	1052	1060	1057	1026	978	1042	1135	1144	1072	1043	1054	1041	1103	1104	998	934	945	986	953	920	911	920	916	917
1035	1040	1054	1060	1055	1065	1063	1038	1029	1015	1019	1180	1360	1487	1447	1301	1103	963	950	973	963	925	925	929	915	916	914	913
958	1002	1030	1060	1068	1061	1061	1066	1042	1069	1068	1066	1079	1072	992	969	986	1007	984	935	919	917	929	931	927	920	922	925
935	950	962	1048	1061	1055	1054	1064	1065	1068	1070	1073	1060	1045	1013	992	973	942	919	918	922	924	917	919	924	929	919	921
934	927	949	1017	1043	1037	1042	1048	1051	1050	1048	1027	1015	984	945	926	927	926	922	929	920	921	922	922	923	921	929	971
930	925	929	938	952	959	954	959	952	948	947	933	928	926	920	928	930	927	924	919	920	922	921	922	925	992	1045	975
943	930	929	935	928	932	931	934	931	934	935	929	939	931	934	929	920	921	922	915	920	917	919	949	1041	927	676	464
943	936	934	931	932	935	933	925	922	925	922	924	937	930	922	924	924	917	918	919	931	996	1033	1024	789	412	263	128
928	929	933	923	932	942	930	924	931	924	918	931	927	926	917	918	914	923	948	983	1038	880	727	458	206	105	94	104
