234	265	270	268	266	269	263	252	261	262	263	230	221	219	226	226	233	240	244	278	362	442	513	591	668	725	800	919
225	265	267	262	269	267	265	255	260	262	261	237	225	213	207	212	223	218	240	288	372	456	519	606	679	730	835	954
224	258	268	265	269	266	259	247	260	250	245	237	236	214	207	200	193	220	271	321	373	446	528	600	659	753	841	990
231	244	267	268	265	266	252	231	238	243	254	242	227	215	209	197	199	245	274	320	373	431	486	565	659	740	813	896
244	229	262	266	265	268	244	231	189	191	237	228	235	254	255	237	208	234	260	302	362	412	458	541	627	706	804	861
256	233	250	269	268	261	233	229	233	231	228	253	290	284	269	261	243	200	238	284	340	394	455	536	628	735	836	909
260	236	228	259	264	238	226	224	225	225	245	295	275	255	239	250	257	241	229	273	336	375	448	546	663	780	863	937
258	244	222	233	236	227	223	225	226	225	280	282	259	251	225	232	228	228	233	254	295	371	465	555	683	790	862	932
259	250	225	227	223	227	228	229	226	248	299	279	272	264	237	228	224	226	224	237	296	380	458	558	675	769	837	900
254	259	234	224	226	226	226	228	229	266	294	272	262	249	237	249	259	244	206	226	297	365	448	587	672	727	804	880
240	263	254	228	226	229	226	226	226	272	292	268	256	257	254	246	262	246	197	224	290	349	429	585	679	729	812	893
231	240	258	252	226	228	227	226	228	255	298	291	274	276	275	272	259	212	198	219	281	338	399	528	643	725	808	867
229	226	246	264	249	232	229	236	241	230	255	282	288	283	270	247	210	195	196	217	269	324	388	471	552	640	732	802
236	227	226	249	254	244	242	239	235	229	229	233	234	234	226	216	209	203	203	225	260	303	376	447	517	626	707	780
141	242	223	226	240	257	254	250	268	288	229	231	229	227	227	233	235	236	234	234	246	290	360	430	498	720	844	771
42	201	233	226	227	228	243	251	254	260	239	232	233	232	245	255	247	238	225	222	246	282	340	410	489	723	828	894
21	69	227	231	227	225	225	224	229	244	253	249	241	243	247	257	250	237	230	226	242	266	319	383	468	527	622	817
70	56	104	227	235	227	227	226	225	224	228	244	246	230	244	257	250	243	234	228	234	255	295	358	429	500	575	705
32	48	63	115	209	239	227	226	225	225	225	223	232	242	244	257	253	242	234	227	230	244	278	335	402	473	545	669
33	30	29	37	83	168	231	233	227	225	225	227	224	225	234	245	253	248	237	228	226	238	265	310	371	437	507	620
33	33	33	34	31	47	109	187	232	241	234	226	231	228	228	231	237	243	242	228	224	233	249	288	337	392	471	620
30	30	33	36	35	29	29	54	105	164	208	238	241	235	229	230	233	225	233	229	217	214	241	269	308	352	412	471
106	52	31	28	32	30	36	30	31	37	72	125	183	220	234	243	239	233	223	209	203	196	210	237	272	321	311	264
128	154	116	60	29	28	32	33	35	33	30	31	40	66	101	142	181	204	218	219	212	205	212	219	211	149	116	157
31	53	118	162	141	78	33	25	30	33	34	36	31	31	28	31	43	52	67	83	95	104	105	88	64	75	117	153
36	33	30	42	97	153	165	120	63	30	24	28	32	35	35	34	35	32	28	20	11	3	3	12	27	46	74	110
33	35	37	33	31	30	59	116	165	168	125	72	36	23	23	28	34	32	28	26	19	8	0	0	1	10	29	50
32	33	33	35	35	35	32	30	33	62	111	161	183	168	112	60	35	34	34	30	23	14	6	1	0	5	12	29
0	0	0	0	0	0	0	0	0	0	0	5	66	150	251	374	495	611	718	803	864	898	938	960	981	984	1003	990
0	0	0	0	0	0	0	0	0	0	0	0	52	133	240	361	487	619	725	814	881	915	962	990	1006	1019	1020	1010
0	0	0	0	0	0	0	0	0	0	0	0	31	114	215	340	484	614	723	815	883	927	973	1007	1026	1040	1038	1034
0	0	0	0	0	0	0	0	0	0	0	0	14	82	182	305	444	571	686	788	866	923	971	1003	1024	1037	1046	1052
0	0	0	0	0	0	0	0	0	0	0	0	0	56	146	272	412	543	667	775	858	924	975	1007	1025	1040	1042	1056
0	0	0	0	0	0	0	0	0	0	0	0	0	40	129	249	388	530	655	767	862	928	978	1008	1029	1035	1045	1045
0	0	0	0	0	0	0	0	0	0	0	0	0	30	112	224	362	507	634	752	848	920	976	1003	1022	1035	1042	1041
0	0	0	0	0	0	0	0	0	0	0	0	0	18	96	202	339	475	614	739	838	906	961	993	1011	1023	1033	1035
0	0	0	0	0	0	0	0	0	0	0	0	0	9	83	179	312	450	593	721	825	895	947	981	1002	1017	1027	1034
0	0	0	0	0	0	0	0	0	0	0	0	0	0	71	161	284	427	570	691	794	881	931	963	991	1011	1025	1026
0	0	0	0	0	0	0	0	0	0	0	0	0	0	60	149	261	397	542	662	769	860	916	947	975	1000	1012	1016
0	0	0	0	0	0	1	0	0	0	0	0	0	0	44	130	242	379	520	636	748	846	899	944	962	991	1007	1011
0	0	0	0	0	1	0	0	0	0	0	0	0	0	30	118	224	357	495	618	722	821	883	932	966	985	1003	1010
0	0	0	0	0	0	0	0	0	0	0	0	0	0	20	95	189	316	452	574	690	793	871	913	956	979	990	999
8	0	0	0	0	0	0	0	0	0	0	0	0	0	4	63	148	264	404	534	655	757	851	900	933	943	951	975
21	0	0	0	0	0	0	0	0	0	0	0	0	0	0	38	116	224	353	493	622	732	821	882	911	921	933	934
23	16	0	0	0	0	0	0	0	0	0	0	0	0	0	17	87	188	317	453	579	696	789	859	903	922	929	922
17	15	11	0	0	0	0	0	0	0	0	0	0	0	0	0	63	155	277	412	546	659	758	832	889	914	924	929
20	17	16	8	0	0	0	0	0	0	0	0	0	0	0	0	44	126	240	376	511	626	727	814	869	907	933	932
20	21	20	20	15	5	0	0	0	0	0	0	0	0	0	0	20	98	200	329	469	592	694	787	846	884	912	925
23	21	22	24	25	21	14	4	0	0	0	0	0	0	0	0	7	67	160	280	417	547	653	748	817	862	887	896
24	21	20	23	22	24	23	22	14	7	3	0	0	0	0	0	0	45	126	232	369	503	608	706	779	837	868	893
13	19	23	21	23	23	25	23	21	21	20	6	0	0	0	0	0	19	94	198	326	464	576	672	748	808	855	898
10	6	10	20	24	24	23	23	23	24	23	21	21	4	0	0	0	4	70	169	284	416	539	638	718	795	850	886
21	20	11	7	10	17	25	24	23	24	24	22	23	16	7	0	0	13	65	153	253	375	497	600	688	761	817	866
20	21	22	18	14	7	5	9	19	23	23	22	20	16	10	0	0	0	39	110	203	312	429	531	623	697	757	812
18	17	17	19	19	18	14	7	1	2	4	12	18	16	12	0	0	0	10	69	148	250	354	461	558	644	703	763
17	15	18	17	18	19	17	18	18	15	6	1	0	2	4	1	0	0	0	35	98	188	287	393	490	580	650	711
24	22	24	13	0	0	40	139	294	457	603	738	841	918	976	1010	1026	1011	1021	1020	997	1001	986	984	980	962	940	932
26	26	25	9	0	0	31	119	268	419	568	711	832	911	982	1021	1040	1041	1049	1033	1013	1024	1012	993	993	989	986	921
22	24	23	11	0	0	22	105	234	381	528	669	803	900	970	1020	1051	1062	1066	1047	1031	1042	1026	999	1003	997	919	800
22	24	22	12	0	0	13	84	198	334	476	625	765	875	961	1018	1044	1066	1064	1058	1049	1044	1026	1003	1003	1007	945	805
22	22	19	10	0	0	10	68	176	309	454	602	739	856	948	1007	1047	1066	1071	1069	1061	1050	1047	1022	1017	1018	1015	912
23	24	22	11	0	0	6	64	161	289	431	582	718	839	937	1000	1040	1060	1074	1071	1065	1052	1047	1034	1021	1023	1019	1015
21	21	20	12	0	0	0	52	144	270	410	548	687	819	924	993	1036	1061	1071	1074	1065	1052	1045	1044	1022	1016	1011	1010
20	21	20	11	0	0	0	40	126	249	385	523	662	798	906	987	1036	1062	1073	1075	1065	1052	1045	1049	1028	1010	1003	1003
22	26	20	16	0	0	0	32	108	225	361	497	639	779	890	978	1031	1060	1076	1073	1072	1060	1042	1045	1042	1016	1003	992
24	26	23	20	2	0	0	26	92	194	331	475	623	759	877	966	1025	1053	1073	1081	1068	1065	1049	1040	1036	1030	1015	1011
24	25	24	21	8	0	0	21	81	174	302	451	594	737	862	954	1017	1048	1072	1081	1069	1066	1054	1043	1032	1021	1014	1008
22	23	26	20	10	0	0	13	67	152	272	424	570	713	842	941	1004	1043	1075	1077	1075	1073	1064	1050	1044	1032	1023	1016
24	27	23	22	9	0	0	5	47	126	239	382	545	698	823	923	999	1042	1062	1078	1077	1072	1060	1059	1049	1042	1032	1020
23	24	23	23	14	0	0	0	31	96	196	339	495	651	793	901	975	1030	1053	1070	1073	1069	1067	1063	1062	1052	1039	1028
25	24	24	23	15	4	0	0	16	70	159	289	439	589	743	858	949	1009	1041	1063	1067	1069	1064	1063	1059	1055	1039	1030
23	22	22	22	17	8	0	0	4	49	128	251	393	542	693	823	924	988	1028	1047	1063	1060	1058	1060	1057	1052	1040	1035
23	21	24	23	20	10	0	0	0	29	96	209	348	500	649	787	891	963	1016	1034	1044	1047	1049	1051	1046	1041	1025	1020
22	21	21	23	21	12	0	0	0	9	70	163	300	446	596	747	857	935	990	1015	1026	1033	1025	1025	1020	1018	1001	995
21	22	21	24	21	16	6	0	0	0	43	123	252	402	552	707	837	921	981	1010	1019	1014	1012	992	989	985	982	993
22	23	21	22	22	20	11	0	0	0	24	87	197	341	503	658	794	885	942	979	991	986	990	988	995	977	1002	1016
24	26	24	22	23	26	17	7	0	0	7	56	150	288	443	597	740	844	912	959	977	981	991	991	979	986	1008	1011
24	24	23	24	22	26	23	15	0	0	0	35	111	236	387	539	686	809	896	941	975	994	996	991	979	996	1014	1007
23	26	25	24	28	23	24	19	4	0	0	15	70	179	328	479	635	771	861	927	960	979	978	992	1000	1004	1018	1020
24	25	26	24	26	26	28	21	12	0	0	0	45	133	269	425	583	728	838	916	953	967	973	984	997	1005	1010	1012
24	23	25	25	25	26	28	24	17	8	0	0	25	90	206	355	518	675	804	893	937	961	968	979	991	996	1003	1006
24	24	23	21	24	24	24	22	20	11	0	0	1	47	140	279	444	599	749	852	911	950	966	972	982	986	990	993
21	21	20	20	21	20	21	20	20	12	1	0	0	19	90	214	374	530	688	810	881	935	956	961	970	979	978	980
18	20	20	22	18	21	22	22	20	18	8	0	0	0	49	145	288	455	616	754	843	905	941	957	966	972	972	975
11	0	5	124	329	562	766	890	962	988	1012	1017	1024	1018	1002	985	955	932	936	1027	1042	1019	962	955	950	915	887	838
9	0	7	118	317	547	746	874	954	988	1009	1025	1023	1020	1004	987	965	936	956	1003	1019	1024	968	995	977	1008	988	733
5	0	6	112	302	532	721	856	937	983	1009	1019	1016	1013	998	980	958	942	960	962	1017	1011	989	1022	1030	1030	736	521
6	0	3	101	282	506	694	834	928	980	1005	1018	1017	1013	988	975	962	968	955	944	982	1036	1052	1017	997	1029	796	511
5	0	3	99	273	480	681	825	928	976	1011	1025	1023	1014	991	991	1003	981	950	941	939	1028	1093	1010	994	1015	991	679
6	0	3	91	261	470	669	817	920	974	1007	1021	1018	1011	992	1013	990	964	948	941	946	968	1093	1018	1020	1021	1000	973
3	0	0	84	248	448	650	801	908	970	1001	1010	1011	1005	993	996	1000	967	944	940	937	949	1068	1047	1020	1018	977	987
3	0	0	79	236	428	631	781	894	967	995	1011	1002	1000	994	985	987	997	963	940	932	964	1013	1030	1017	1027	1039	1021
7	0	0	73	218	406	606	768	881	960	1002	1013	1010	1012	1009	1005	989	973	988	951	932	932	1001	1013	1034	989	1013	1030
8	0	0	59	201	377	572	749	860	943	998	1011	1006	1012	1009	1011	1010	971	991	967	941	928	956	1022	1045	1045	1057	1080
13	0	0	49	171	346	535	721	842	926	983	1004	996	1002	1001	998	1005	985	994	1000	949	940	929	959	1006	1027	1031	1044
15	0	0	42	152	323	507	682	822	910	975	998	1002	994	994	995	984	980	954	960	967	953	936	926	947	953	942	954
17	0	0	30	131	293	470	646	789	894	962	996	991	991	1000	996	998	979	941	941	962	959	935	938	938	949	958	960
20	3	0	16	108	256	420	593	746	864	940	981	982	991	1011	1031	1027	1016	991	978	957	951	940	935	933	933	939	944
22	6	0	4	72	209	367	539	703	828	913	962	979	994	1032	1018	1002	1003	1005	984	968	956	949	946	930	946	945	942
21	9	0	0	43	158	312	481	659	795	895	952	979	993	1033	1013	1004	1012	1003	969	969	961	955	954	935	944	962	933
22	12	0	0	22	117	257	418	594	756	876	937	972	988	1026	1024	1007	1014	1000	976	974	969	952	953	942	934	948	923
22	15	0	0	4	73	200	357	538	701	836	926	967	994	1007	1015	1013	1000	997	981	974	974	954	950	943	930	939	935
23	19	7	0	0	39	149	296	466	640	784	893	952	1001	998	988	1000	1008	997	986	977	965	952	936	943	935	940	945
23	22	13	0	0	13	96	229	388	563	729	853	931	980	989	987	995	1000	999	988	965	955	962	944	949	943	952	948
23	25	21	6	0	0	52	164	312	487	669	807	898	956	981	999	1008	1009	982	972	953	954	976	966	945	957	975	960
24	27	22	12	0	0	20	107	240	416	592	748	861	935	976	1007	1014	1018	1006	987	980	993	998	985	954	987	988	987
26	25	25	18	2	0	1	61	175	341	514	691	819	907	967	1005	1027	1026	1023	1014	1017	1020	1006	1022	1013	1015	1012	1003
25	24	29	24	12	0	0	30	124	272	446	629	769	876	952	999	1025	1033	1033	1029	1025	1035	1028	1038	1054	1039	1035	1023
26	26	25	26	18	6	0	9	72	200	354	536	709	831	921	983	1016	1034	1041	1034	1030	1052	1051	1054	1069	1058	1052	1043
23	24	25	24	20	9	0	0	25	118	258	437	627	776	884	959	1004	1020	1033	1034	1036	1054	1059	1071	1071	1076	1068	1058
22	20	22	22	21	13	0	0	1	61	181	347	536	707	835	928	984	1010	1021	1025	1032	1048	1057	1072	1071	1075	1078	1067
19	20	20	22	23	17	6	0	0	22	110	258	435	618	778	887	957	993	1011	1021	1022	1033	1041	1058	1069	1072	1075	1075
118	384	678	885	983	1026	1047	1041	1036	1015	990	965	941	937	919	940	980	983	1012	1068	1043	1028	1023	1036	1045	1046	1051	1050
123	385	675	884	982	1029	1041	1040	1026	1011	985	957	938	941	919	939	957	1026	1100	1059	1029	1028	1032	1043	1041	1021	1042	1050
130	388	670	877	984	1030	1046	1035	1022	1003	980	957	938	931	932	926	953	1054	1060	1042	1035	970	975	1045	1039	1049	1064	1067
137	379	663	870	983	1029	1045	1037	1021	996	973	951	931	923	915	914	938	1029	1028	1034	1036	1039	1063	1042	1029	1037	1043	1058
142	384	663	877	993	1031	1049	1040	1020	990	971	951	928	926	921	920	918	971	1032	1054	1040	1055	1067	1045	1032	1028	1014	1039
148	392	665	869	994	1046	1054	1038	1017	981	963	948	927	922	922	930	918	939	974	1043	1092	1062	1051	1040	1040	1033	1012	1003
145	387	660	862	993	1046	1051	1037	1011	977	955	940	919	919	927	927	931	923	931	996	1092	1097	1090	1059	1055	1032	1030	1021
138	377	650	851	985	1044	1057	1046	1013	980	964	949	943	945	903	912	921	917	914	928	1021	1080	1067	1104	1100	1065	1041	1032
131	363	631	845	980	1045	1069	1057	1028	989	969	989	979	900	806	784	813	917	929	923	935	1023	1051	1070	1103	1066	1057	1051
120	344	614	828	970	1044	1066	1057	1021	990	959	974	976	851	818	710	670	911	848	889	936	930	994	1058	1099	1100	1066	1066
107	316	581	803	953	1035	1062	1049	1017	992	962	954	980	881	862	793	721	809	550	476	768	933	924	993	1080	1112	1118	1128
91	290	546	782	941	1029	1062	1048	1022	992	961	967	984	937	942	900	902	633	441	326	335	761	952	947	990	1030	1041	1088
70	258	520	754	916	1012	1055	1055	1024	983	958	947	946	954	939	938	957	730	407	382	249	640	861	915	977	983	970	1013
46	213	462	713	888	990	1041	1052	1023	982	950	929	923	949	933	935	949	898	638	439	389	912	867	823	924	980	982	1015
26	168	394	644	843	967	1031	1051	1029	985	946	927	918	933	953	930	921	922	970	836	761	1007	967	907	965	992	975	960
9	131	341	589	794	941	1020	1045	1032	994	956	934	921	933	975	930	919	819	836	970	971	994	971	956	998	991	988	782
0	90	279	521	741	908	1000	1037	1037	1007	969	942	923	934	963	951	903	827	905	948	941	981	1014	1003	984	1004	1018	875
0	51	214	444	678	853	966	1021	1038	1019	984	946	922	931	935	940	936	909	954	941	931	951	974	975	972	1007	975	934
0	19	153	363	600	792	936	1009	1039	1035	1001	958	935	949	939	925	936	961	929	911	914	909	952	958	944	970	986	955
0	0	89	270	501	720	888	986	1028	1041	1022	981	948	972	947	929	928	941	955	944	931	918	937	939	931	950	972	971
0	0	42	188	399	627	818	946	1013	1035	1022	990	963	959	959	935	934	927	928	939	953	948	927	915	926	941	971	978
7	0	13	114	302	529	734	887	978	1024	1021	990	976	966	970	952	939	936	936	935	944	940	950	939	929	929	938	951
15	0	0	60	213	427	645	822	943	1005	1020	998	973	974	961	960	951	945	933	934	945	922	925	944	942	933	923	929
23	7	0	26	140	330	556	751	893	976	1008	989	976	959	955	965	968	958	949	941	963	932	925	925	921	927	929	926
26	16	0	4	73	227	438	654	820	937	984	984	979	967	968	981	985	977	963	965	978	948	934	936	936	923	920	927
25	18	0	0	22	136	321	543	733	875	960	992	992	965	972	999	1004	1003	999	994	976	972	959	951	945	949	934	928
23	20	7	0	0	69	221	429	640	802	920	984	999	980	972	999	1015	1022	1026	1009	998	989	977	968	961	955	952	938
21	20	14	0	0	21	131	309	526	714	864	957	990	988	976	997	1024	1033	1038	1024	1015	1007	995	981	978	969	961	958
879	1008	1041	1053	1059	1047	1004	960	934	930	924	932	938	940	999	1095	1100	1041	1030	1013	1039	1036	1026	1047	1058	1054	1043	1045
886	1014	1049	1060	1058	1038	993	958	936	932	925	931	935	933	1028	1084	1079	1094	1043	1015	1038	1039	1033	1041	1050	1043	1047	1052
887	1014	1055	1059	1051	1030	987	949	932	928	933	933	937	925	1001	1047	1027	1091	1055	1037	1035	1038	1036	1037	1042	1049	1047	1051
894	1016	1058	1062	1042	1017	979	943	927	920	922	951	935	921	954	1041	1054	1089	1066	1033	1030	1031	1036	1034	1038	1041	1038	1044
907	1019	1062	1071	1052	1012	973	940	924	927	922	938	922	925	927	989	1038	1055	1074	1065	1041	1033	1038	1038	1035	1038	1038	1049
914	1027	1070	1078	1062	1018	972	935	921	945	948	927	920	925	926	948	1003	1071	1064	1067	1064	1042	1036	1038	1032	1037	1040	1042
911	1029	1071	1080	1062	1018	966	933	917	920	954	937	946	958	970	955	929	1004	1082	1062	1083	1057	1043	1033	1036	1035	1039	1042
907	1033	1073	1079	1063	1019	970	934	918	919	943	925	705	460	414	721	956	939	1006	1089	1120	1080	1053	1047	1028	1022	1036	1043
905	1032	1076	1086	1070	1031	985	943	927	927	942	895	512	278	250	259	509	969	939	973	1070	1124	1103	1077	1049	1035	1041	1039
894	1028	1078	1084	1067	1038	988	947	928	929	930	971	685	497	608	508	219	737	964	949	984	1055	1090	1110	1106	1077	1044	1043
871	1016	1076	1086	1068	1036	988	949	923	924	914	915	974	803	755	734	493	870	965	828	941	970	1001	1059	1104	1101	1096	1087
849	1008	1072	1088	1070	1045	995	948	918	926	922	812	907	1020	953	909	936	1002	1013	938	801	907	952	963	1015	1099	1119	1111
830	994	1063	1084	1073	1044	997	947	919	917	931	889	967	1049	1019	1031	1049	1017	996	981	785	914	957	987	984	1002	1016	1055
774	963	1050	1079	1075	1046	999	953	922	913	933	921	1028	1016	960	1023	1065	1045	936	937	907	1082	1025	1032	1019	983	995	1029
727	933	1035	1074	1078	1051	1007	958	923	908	928	941	1031	907	868	1038	1053	1008	953	994	984	1091	1041	994	1058	1007	1007	1029
676	899	1021	1072	1081	1059	1018	966	925	912	913	926	1004	874	858	989	1026	846	808	997	1048	1059	1004	986	1063	1092	1062	992
614	861	1000	1068	1083	1066	1025	979	931	913	916	922	932	925	931	989	958	662	918	980	1038	1034	1030	1000	1044	1070	1060	995
536	806	968	1055	1085	1069	1026	978	937	914	909	914	918	947	963	963	854	804	945	975	1049	1042	998	1022	1070	1068	1029	1007
445	728	928	1031	1082	1082	1041	984	947	926	915	912	920	921	925	919	958	998	881	894	1004	954	1019	1011	1066	1090	1022	1023
347	638	875	1002	1066	1086	1050	1001	964	940	927	922	919	923	931	932	928	947	913	942	896	942	1029	986	991	1062	1034	998
247	535	796	965	1044	1076	1064	1014	975	952	934	922	935	934	928	924	925	922	927	927	920	812	988	1005	936	1024	1048	985
164	424	697	906	1021	1063	1068	1039	999	963	936	919	949	967	942	922	915	920	932	930	925	918	951	941	928	958	1017	1001
93	314	593	836	986	1051	1066	1051	1016	966	964	960	922	939	949	924	911	918	926	939	945	922	930	929	943	944	967	960
41	211	477	737	928	1036	1063	1052	1021	984	955	937	932	949	940	918	912	911	917	957	989	948	929	932	938	947	950	934
7	119	343	608	841	992	1047	1048	1027	1002	962	934	934	937	929	912	914	912	937	975	973	964	917	924	930	935	931	927
0	48	225	481	736	928	1020	1052	1038	1016	983	951	941	921	921	922	913	915	952	990	981	957	919	922	932	929	921	921
0	5	126	356	617	841	980	1036	1038	1024	999	968	946	935	924	923	923	916	954	926	882	949	944	926	934	940	932	922
1	0	47	227	481	732	913	1002	1034	1037	1023	997	961	941	929	936	929	932	963	946	854	905	1011	978	945	942	939	931
1049	1070	1070	1025	972	934	922	919	941	1032	935	929	955	1045	1097	1107	1076	1038	1036	1029	1034	1041	1036	1045	1061	1052	1043	1039
1060	1075	1070	1012	956	927	914	923	944	977	933	927	937	964	1108	1085	1041	1034	1041	1040	1043	1035	1015	1034	1050	1045	1039	1047
1063	1076	1062	1003	955	927	919	924	935	946	924	920	924	936	1096	1073	1032	1032	1033	1037	1039	1041	1030	1043	1045	1047	1050	1048
1066	1072	1044	991	947	925	918	923	922	937	943	942	927	922	1051	1095	1035	1034	1034	1021	1040	1043	1046	1040	1032	1060	1064	1053
1072	1075	1039	983	943	919	917	934	956	957	937	937	922	926	969	1090	1071	1034	1019	1037	1053	1055	1049	1046	1045	1082	1073	1056
1080	1077	1039	975	940	922	922	930	956	957	937	926	951	974	936	1005	1120	1077	1027	1047	1065	1059	1056	1050	1048	1064	1072	1064
1077	1072	1031	973	935	921	917	924	923	924	921	944	988	955	968	949	1007	1120	1111	1057	1055	1046	1048	1048	1055	1026	1027	1050
1073	1069	1032	975	934	918	918	923	922	920	928	901	725	678	805	930	946	987	1124	1106	1053	1036	1046	1044	1051	1051	1041	1038
1080	1072	1035	978	937	922	921	922	921	919	946	808	607	869	821	849	941	972	986	1096	1114	1065	1050	1054	1048	1046	1039	1047
1080	1073	1036	980	937	920	919	920	923	922	937	915	864	939	1044	1029	974	990	975	979	1059	1122	1090	1061	1046	1050	1054	1053
1076	1076	1036	986	937	920	919	923	926	926	941	710	726	949	1057	1024	977	1049	1019	1011	958	984	1082	1121	1101	1083	1071	1064
1077	1077	1039	987	942	921	920	926	927	932	993	813	836	1015	1017	1018	992	1057	1062	871	1011	1018	965	986	1052	1108	1124	1113
1074	1072	1041	987	943	924	922	924	930	965	854	803	910	996	1004	1030	1022	1064	1088	802	983	1040	1010	974	999	1046	1035	1060
1061	1069	1046	996	948	924	911	922	940	998	868	746	980	1033	1052	1046	1061	1097	1051	926	1027	1056	1065	1047	1038	992	966	955
1055	1071	1052	1008	961	923	906	921	939	995	1037	988	1015	1008	1018	1040	1092	1062	1040	1039	1034	1072	1062	962	1027	1002	975	984
1056	1069	1059	1017	965	933	910	919	940	983	998	1018	1050	1045	1044	1044	1053	1029	1039	1009	1044	1057	1035	981	1026	1038	1003	1037
1059	1070	1068	1027	976	941	917	913	939	965	987	993	1010	1034	1017	1034	1003	1016	1044	1014	1067	1047	1034	1011	1047	1036	1017	906
1050	1075	1074	1043	986	940	924	913	931	948	959	955	942	955	975	959	970	1026	1023	1044	1080	1055	1010	1038	1052	1022	1028	997
1040	1077	1081	1059	1006	950	924	910	921	934	938	934	920	920	922	923	958	1020	1051	1035	1041	1042	1027	1005	1021	1015	1020	1048
1022	1075	1085	1070	1026	963	930	913	918	922	918	923	920	923	924	926	982	1035	992	1024	1019	968	975	1019	995	980	1006	1011
980	1063	1086	1079	1043	979	935	915	913	915	919	920	928	931	922	932	999	1049	968	1029	1034	1009	999	1030	992	988	994	976
929	1043	1077	1085	1053	997	939	923	921	915	917	926	940	947	928	933	991	1047	1065	1048	1032	997	967	984	990	997	1021	1004
858	1012	1065	1085	1061	1007	965	933	937	924	914	945	946	966	937	920	969	1059	1097	1092	1060	971	952	978	1038	1037	1041	1039
757	965	1054	1082	1068	1030	981	948	934	939	937	938	940	963	941	942	954	1052	1104	1132	1128	1046	957	998	1065	1078	1059	1040
622	882	1024	1070	1082	1054	1008	964	925	923	932	928	941	948	956	929	923	1018	1142	1158	1166	1148	1031	1041	1079	1089	1069	1032
493	785	976	1055	1081	1074	1043	990	945	918	917	917	930	942	949	939	921	1008	1139	1140	1142	1159	1081	1108	1126	1090	1049	1026
348	664	902	1024	1072	1081	1063	1023	968	929	909	911	924	949	979	988	930	969	1115	993	955	1118	1111	1081	1125	1097	1062	1040
197	510	795	973	1054	1077	1079	1055	1013	954	918	910	925	962	1003	1027	965	965	1120	1011	767	935	1126	1109	1095	1085	1078	1077
1069	1042	963	937	929	921	922	926	1035	1068	959	979	1000	1027	1079	1109	1101	1104	1098	1085	1063	1058	1053	1051	1044	1047	1046	1061
1070	1019	950	925	915	927	924	918	1024	1095	937	958	973	967	1085	1105	1103	1094	1089	1090	1062	1062	1043	1029	1039	1047	1051	1058
1058	998	934	912	917	927	925	923	952	992	935	922	926	937	1051	1070	1070	1057	1066	1071	1047	1045	1034	1020	1035	1045	1051	1045
1046	975	921	914	919	927	940	929	931	929	941	937	915	921	1007	1082	1061	1040	1041	1042	1041	1044	1042	1041	1013	1060	1059	1040
1038	966	922	921	928	926	976	966	932	924	950	985	951	945	963	1077	1092	1048	1032	1035	1048	1055	1051	1043	1056	1069	1060	1055
1032	963	924	935	931	928	937	948	932	920	934	949	980	985	973	984	1076	1106	1043	1041	1054	1060	1056	1035	1056	1060	1056	1049
1025	957	918	925	921	927	927	917	918	926	949	955	947	941	964	953	973	1078	1103	1063	1044	1058	1068	1050	1051	1043	1047	1059
1018	950	914	918	919	922	924	918	926	965	973	963	961	971	965	970	946	977	1080	1095	1069	1056	1058	1058	1055	1061	1051	1059
1010	949	920	917	917	925	926	924	925	928	958	969	983	991	960	967	944	969	998	1049	1095	1093	1078	1071	1060	1055	1053	1055
1004	942	919	927	924	923	924	923	927	965	971	947	977	980	967	1001	968	972	975	981	1014	1074	1091	1094	1078	1068	1062	1058
1005	944	918	920	930	934	942	929	953	957	960	994	994	1036	1045	993	923	1026	965	958	932	948	1006	1060	1088	1100	1095	1086
1016	952	919	917	942	944	947	945	985	980	974	1026	1014	1015	1054	983	923	970	997	902	954	961	965	1002	984	1033	1065	1070
1024	957	922	918	944	905	910	972	1000	1005	989	997	1014	1001	1059	1035	986	987	1016	837	953	979	969	1000	995	986	1000	972
1027	965	925	930	916	884	955	945	889	1019	1011	1031	1014	1005	1034	1075	991	1036	1024	930	969	961	981	953	969	970	982	944
1038	975	928	921	926	943	980	950	949	1057	1021	1014	1024	992	983	1055	990	956	984	997	986	985	982	929	953	941	932	928
1051	989	937	913	921	949	959	1041	1052	1001	1008	997	1006	1022	1078	1025	940	962	1066	1087	1049	1012	1008	990	982	941	916	942
1066	1010	949	923	912	932	957	1035	1066	976	989	1023	1045	1065	1008	953	945	1051	1075	1107	1095	1079	1004	985	1015	997	950	919
1071	1031	962	923	910	923	951	1024	1059	1032	997	1025	1030	953	925	918	998	1063	1054	1062	1082	1099	999	965	1007	1016	1036	1006
1076	1048	981	928	908	928	937	987	1055	1035	1000	1012	962	947	933	920	1042	1095	1064	1049	1060	1102	1014	1008	1050	1067	1042	1040
1080	1061	1002	942	915	923	939	947	1000	1009	1012	987	980	991	996	943	1075	1078	1048	1054	1068	1103	1046	1081	1065	1063	1055	1036
1077	1069	1023	955	921	919	933	937	930	953	942	999	893	806	1006	996	1097	1053	1047	1052	1087	1099	1038	1096	1079	1051	1051	1050
1073	1078	1049	974	922	910	917	927	928	915	948	1047	1076	1052	985	1003	1090	1091	1072	1058	1088	1091	1030	1077	1073	1073	1074	1065
1070	1082	1062	992	928	907	920	929	927	921	1001	1071	1098	1104	988	937	1070	1126	1090	1101	1131	1032	956	1085	1104	1080	1082	1090
1063	1076	1069	1014	944	911	919	939	934	920	992	1068	1101	1107	984	944	994	1102	1127	1119	1088	971	929	1019	1128	1088	1061	1071
1052	1070	1078	1051	979	937	925	930	920	920	963	1064	1106	1116	1046	946	948	1013	1112	1096	1064	1030	1042	1017	1101	1126	1103	1080
1033	1070	1079	1075	1027	962	934	917	917	939	962	1054	1100	1114	1059	949	931	991	1080	1086	1079	1059	1067	1122	1108	1107	1090	1062
998	1061	1073	1078	1067	1003	936	915	916	947	973	1036	1102	1117	1096	997	932	990	1052	1088	1121	1107	1098	1120	1138	1118	1087	1060
928	1040	1071	1080	1083	1049	977	926	922	949	979	1015	1076	1112	1099	1041	944	992	1042	1081	1158	1129	1118	1131	1150	1131	1116	1090
1002	939	971	1040	1057	971	932	934	1003	987	930	953	965	954	1045	1105	1115	1088	1085	1081	1096	1097	1086	1082	1070	1050	1045	1051
970	937	992	1038	1006	936	922	923	1034	1077	945	944	954	959	1009	1074	1105	1105	1094	1092	1096	1086	1075	1070	1053	1054	1060	1050
946	941	998	1001	961	926	924	926	979	1113	1038	1009	955	946	966	1022	1071	1089	1100	1099	1087	1096	1081	1049	1040	1057	1058	1052
934	945	979	958	926	925	971	940	953	970	960	997	1032	939	939	980	1037	1066	1080	1090	1068	1062	1056	1042	1047	1052	1036	1052
928	936	946	941	935	952	987	935	930	934	935	944	1054	961	935	944	1005	1043	1063	1065	1058	1050	1046	1040	1045	1056	1056	1057
916	918	925	946	938	937	925	924	921	922	919	994	1024	947	937	937	946	1005	1048	1060	1055	1057	1057	1049	1062	1056	1057	1062
912	912	923	937	923	923	923	915	914	915	932	985	971	953	920	930	928	935	999	1053	1051	1065	1070	1053	1069	1069	1057	1062
912	912	925	931	918	921	926	937	944	973	967	956	986	982	925	921	934	939	948	996	1043	1066	1086	1089	1082	1079	1071	1074
911	915	933	926	922	931	943	965	952	978	984	949	966	991	949	920	917	931	961	950	978	1012	1042	1076	1074	1065	1074	1081
917	924	924	920	931	941	949	958	950	977	985	950	960	973	965	929	923	923	937	958	975	978	999	1016	1029	1042	1050	1058
921	919	921	925	880	738	748	893	986	957	985	955	950	961	972	953	934	929	924	932	954	935	977	997	999	1024	1024	998
917	918	925	926	780	728	756	851	996	990	970	974	957	949	957	968	943	930	931	927	922	916	978	963	948	1017	1021	949
914	912	931	901	812	748	738	759	941	1024	1012	1003	989	954	939	945	934	934	929	926	933	938	940	941	935	943	998	987
917	912	920	929	908	860	990	897	949	1045	1056	1076	1025	1000	957	938	928	934	923	943	986	997	966	938	925	923	937	945
922	913	915	956	1005	1043	1023	1023	1043	1073	1052	1047	1065	1028	995	964	919	920	947	1035	1066	1062	1007	939	920	934	931	922
931	912	920	961	1035	1053	1007	998	1030	1018	1036	1049	1049	1055	964	960	925	965	1066	1117	1117	1108	1045	972	977	994	990	960
944	916	920	931	1016	1059	1026	990	1034	997	1022	1047	1021	1031	965	936	953	1064	1094	1080	1090	1137	1047	1036	1072	1083	1068	1042
960	918	918	923	988	1040	1034	1034	983	1010	1049	1079	1051	1003	1006	971	996	1065	1076	1091	1101	1121	1077	1092	1112	1087	1084	1112
980	924	915	920	988	1042	1033	1004	1008	1064	1073	1032	1017	1062	1041	1008	993	1051	1055	1069	1098	1110	1070	1096	1114	1062	1056	1106
1012	938	913	919	996	1013	1028	997	1025	1052	993	978	1077	1083	1089	1039	977	1047	1065	1049	1065	1069	1052	1085	1086	1058	1061	1078
1037	953	914	921	939	964	993	970	974	943	945	1063	1092	1057	1091	1008	965	1029	1043	1039	1025	988	1056	1072	1090	1068	1054	1072
1056	983	923	911	923	972	984	989	951	959	1015	1096	1097	1111	1044	948	980	1011	1030	1035	1013	960	1031	1066	1076	1076	1067	1081
1069	1015	941	917	918	925	938	924	957	1032	1102	1100	1056	1012	939	927	978	999	1016	1009	993	943	976	1082	1075	1085	1080	1069
1073	1049	964	918	912	910	918	920	977	1050	1109	1087	1019	981	934	919	938	983	991	982	935	923	925	997	1051	1042	1019	1016
1072	1069	1006	945	925	931	933	942	1040	1082	1097	1069	1000	989	959	932	923	938	976	999	934	919	932	930	974	1017	1019	1035
1068	1076	1049	977	923	937	948	966	1063	1104	1127	1108	1007	977	964	944	919	942	959	957	962	921	943	969	948	959	985	970
1066	1069	1063	1012	941	926	934	965	1054	1109	1137	1111	1021	1004	958	930	923	963	962	938	984	998	980	959	974	969	936	928
1058	1070	1069	1050	981	946	963	973	1039	1119	1122	1106	1021	988	970	958	972	961	952	976	1069	1095	1085	1035	986	967	974	967
988	1057	1104	1106	1102	1070	992	961	940	941	947	949	968	1050	1071	1068	1064	1068	1059	1048	1051	1088	1092	1068	1083	1060	1045	1050
1008	1080	1107	1102	1095	1052	973	941	936	941	933	939	981	1055	1060	1065	1069	1070	1055	1062	1068	1089	1077	1081	1090	1058	1045	1058
1033	1094	1105	1100	1089	1027	957	925	929	996	975	978	995	1038	1055	1058	1057	1070	1064	1070	1068	1085	1084	1088	1067	1050	1048	1062
1045	1091	1101	1091	1051	983	937	926	924	988	1046	984	1004	1012	1033	1051	1056	1067	1073	1072	1074	1084	1090	1071	1051	1045	1042	1055
1040	1076	1080	1049	987	952	952	948	931	929	1023	1015	977	975	1017	1043	1046	1055	1061	1062	1069	1085	1082	1070	1055	1057	1064	1046
1025	1041	1024	980	948	965	947	948	940	939	960	1074	984	922	957	995	1024	1029	1027	1033	1047	1052	1043	1030	1042	1036	1046	1065
996	984	967	958	955	946	926	926	936	924	971	1091	929	917	924	942	969	984	982	989	984	986	984	998	1025	1014	1019	1038
945	941	957	945	933	942	916	898	966	964	941	919	911	925	920	923	924	930	929	929	931	940	960	981	984	982	975	976
936	944	939	925	953	969	812	734	910	991	975	965	939	932	931	923	925	928	920	922	924	936	948	939	945	939	941	948
935	929	927	928	959	857	692	779	966	959	957	971	982	966	942	932	932	923	924	921	924	964	947	925	922	923	927	928
923	925	925	945	814	544	638	866	1010	972	959	959	983	994	997	955	929	920	926	929	945	954	927	947	961	942	926	926
921	922	930	960	697	700	682	628	930	968	962	962	970	938	972	1026	1008	966	933	935	947	947	989	995	982	985	957	929
920	919	955	904	789	949	957	845	943	993	959	964	962	945	922	935	969	997	973	938	1004	1095	1106	1077	1029	985	1001	974
923	922	963	934	849	951	1026	1039	1021	1033	1003	967	957	962	922	915	916	921	922	994	1148	1159	1134	1114	1056	991	934	963
922	927	968	916	766	785	960	1053	999	1045	1081	1006	954	969	924	921	920	919	918	1064	1155	1151	1146	1112	1055	1015	978	954
923	926	908	852	833	875	1002	1059	1038	962	971	1020	994	956	938	933	920	926	942	1064	1128	1139	1142	1101	1109	1121	1117	1093
920	927	906	916	987	1018	1069	1068	1071	951	794	1002	1008	1008	1043	1037	975	956	980	1045	1079	1092	1099	1119	1112	1095	1083	1109
916	930	957	984	1068	1071	1042	1049	1034	1016	926	1013	1030	1079	1075	1082	1025	975	998	1027	1008	1004	1044	1112	1114	1101	1058	1084
918	919	939	947	1027	1072	1065	1039	999	1048	1070	1019	1076	1085	1060	1088	1005	956	993	1015	973	990	1031	1079	1108	1100	1088	1101
919	917	920	921	976	979	1037	1036	1024	1008	951	989	1110	1096	1078	1086	974	938	967	996	955	966	1032	1034	1087	1100	1120	1121
923	916	918	924	923	851	997	1018	996	983	1023	1063	1102	1105	1104	1047	961	952	968	971	921	939	1008	1000	1029	1063	1066	1054
940	916	917	922	917	955	999	987	1012	1100	1123	1119	1096	1076	1061	979	952	926	953	992	916	930	968	979	972	979	973	951
966	917	911	921	927	956	957	961	1096	1139	1129	1121	1046	1013	995	976	956	921	952	1026	944	914	946	976	987	1008	1007	969
1015	934	911	910	952	1016	1021	1030	1103	1121	1123	1090	1012	1010	998	988	946	932	927	945	992	929	923	943	964	973	957	987
1058	977	921	922	988	1050	1056	1060	1098	1113	1125	1077	990	996	985	976	928	923	921	927	974	1001	917	921	930	932	924	942
1068	1027	938	914	1008	1083	1086	1080	1099	1101	1109	1077	964	965	968	965	917	919	921	934	975	1029	973	921	920	919	923	953
1066	1048	969	925	1006	1082	1067	1097	1112	1086	1079	1041	942	929	954	994	968	933	931	925	934	960	984	958	917	918	970	1018
1066	1045	1010	960	996	1080	1101	1116	1113	1075	1040	997	941	937	941	956	1000	982	937	943	940	959	957	966	981	1003	1020	1022
1102	1100	1100	1107	1108	1104	1095	1081	1042	983	940	928	995	1087	1051	1052	1049	1049	1055	1050	1054	1053	1068	1070	1068	1064	1009	940
1103	1100	1102	1102	1097	1098	1093	1067	1010	960	939	930	1014	1081	1047	1052	1045	1044	1053	1061	1047	1048	1059	1062	1072	1053	1004	944
1105	1102	1105	1097	1096	1096	1086	1042	979	936	926	928	997	1079	1045	1042	1042	1052	1047	1058	1052	1048	1054	1056	1063	1038	995	945
1102	1101	1099	1097	1098	1098	1062	1002	945	919	926	928	965	1080	1058	1043	1046	1050	1049	1050	1049	1052	1059	1055	1055	1034	974	940
1098	1097	1096	1094	1091	1067	1011	971	940	931	952	963	936	1029	1077	1051	1047	1052	1051	1045	1045	1048	1050	1045	1047	1014	958	929
1102	1099	1100	1096	1066	1010	955	948	873	832	916	1047	1014	961	1058	1071	1060	1063	1051	1042	1050	1054	1048	1035	1031	993	960	967
1099	1099	1095	1067	1002	961	962	940	759	659	782	1126	1103	1008	970	1034	1071	1062	1061	1059	1058	1048	1036	1016	997	977	966	981
1086	1078	1060	996	988	1006	934	902	869	759	724	921	978	1001	987	950	982	1022	1034	1039	1027	1001	995	998	984	965	936	931
1056	1033	979	943	1010	1002	951	754	700	943	915	955	923	930	949	945	931	931	940	945	939	952	997	985	949	934	933	921
1002	959	921	948	916	914	912	859	926	961	1001	989	980	994	956	923	934	931	932	923	942	994	977	923	916	928	926	927
936	926	922	963	906	972	1019	1031	992	954	1015	957	982	967	991	951	932	927	926	944	995	982	923	935	949	939	932	927
917	922	944	1009	1025	1065	1055	1020	1029	1017	902	922	985	939	949	978	986	976	985	1007	976	944	1021	1104	1111	1058	1010	979
922	920	977	1082	1056	1027	1048	1043	1016	1035	858	800	979	925	929	932	958	1002	1010	970	937	1041	1122	1145	1146	1126	1091	1060
932	926	977	988	989	1002	1033	1066	1021	1055	904	866	948	924	925	922	916	919	922	919	983	1085	1131	1127	1127	1124	1092	1070
926	954	944	414	689	846	1008	1063	957	995	1000	978	923	928	912	909	917	920	918	955	1010	1075	1118	1125	1129	1115	1096	1083
926	986	877	529	641	669	957	1055	989	970	1023	1006	946	957	977	977	949	951	934	962	972	1018	1064	1105	1101	1093	1095	1126
944	983	642	507	688	790	890	1004	1001	969	960	1016	986	1065	1115	1107	1024	955	932	969	956	977	1089	1118	1076	1050	1049	1082
944	1017	790	422	768	806	841	1084	1009	982	989	980	1009	1099	1088	1085	1048	959	940	962	962	1055	1090	1064	1053	1054	1043	1053
933	995	982	786	890	1053	1058	1026	1030	1037	1018	1014	1063	1101	1088	1100	1006	922	932	988	1024	1089	1057	1043	1039	1046	1048	1053
927	947	991	1013	989	983	971	958	952	954	1010	1101	1126	1122	1117	1099	971	917	932	991	1040	1086	1066	1052	1046	1043	1064	1080
918	919	928	939	984	1008	1002	966	927	990	1089	1120	1118	1119	1120	1098	1031	917	936	969	1011	1080	1091	1074	1065	1073	1086	1068
917	918	933	1018	991	926	1026	972	982	1044	1067	1094	1084	1086	1103	1092	1070	954	949	949	977	1038	1059	1078	1063	1050	993	929
918	919	984	1057	1036	1054	1044	1016	1045	1045	1042	1061	1088	1096	1095	1083	1053	952	969	955	946	983	1009	1021	1016	960	925	937
923	929	983	1035	1087	1106	1092	1122	1116	1103	1089	1091	1093	1074	1066	1058	1037	938	952	957	934	932	958	977	959	930	924	922
959	929	963	1006	1090	1102	1097	1113	1117	1125	1122	1092	1078	1059	1067	1056	987	929	932	962	947	946	930	913	927	945	929	922
1010	931	931	993	1076	1077	1059	1088	1108	1112	1112	1097	1084	1065	1044	992	936	934	937	935	942	1002	968	934	937	954	943	965
1039	960	917	1026	1068	1053	1044	1059	1089	1071	1069	1078	1044	1003	945	952	930	922	929	917	948	965	947	958	930	929	963	986
1053	1006	933	1037	1082	1067	1054	1054	1044	969	953	965	961	944	932	944	925	926	918	918	923	923	941	946	933	956	951	935
1098	1099	1098	1102	1096	1097	1096	1102	1098	1102	1068	1017	964	1038	1066	1053	1050	1052	1055	1050	1055	1058	1058	1052	1057	1058	1075	1046
1095	1099	1097	1098	1100	1096	1097	1099	1095	1087	1047	972	963	1063	1052	1058	1050	1049	1046	1054	1055	1055	1051	1051	1062	1055	1081	1009
1093	1092	1094	1096	1097	1094	1099	1099	1092	1067	991	926	956	1070	1058	1051	1052	1060	1049	1049	1051	1051	1057	1056	1054	1054	1072	990
1086	1086	1092	1096	1092	1094	1095	1095	1072	1015	950	926	947	1065	1057	1048	1049	1049	1052	1051	1052	1051	1055	1051	1052	1059	1067	957
1092	1091	1090	1095	1090	1096	1086	1068	1004	848	863	929	927	1028	1066	1043	1046	1052	1054	1051	1051	1054	1050	1047	1044	1061	1060	1053
1088	1090	1090	1095	1093	1094	1070	925	446	141	264	731	931	959	1073	1060	1048	1052	1055	1057	1050	1055	1054	1049	1054	1061	1008	1084
1091	1102	1103	1097	1094	1074	1039	758	380	178	64	392	961	947	1003	1067	1060	1046	1053	1059	1054	1050	1051	1067	1065	992	933	957
1096	1103	1100	1096	1061	1009	1019	1026	945	716	213	304	983	996	1000	1020	1041	1066	1063	1062	1063	1065	1066	1036	972	929	929	948
1097	1098	1095	1050	1004	1010	1049	1049	1011	986	504	547	962	1019	1033	1046	1044	1031	1029	1037	1031	1009	982	973	966	942	940	956
1092	1086	1043	964	1012	1047	1036	1038	1023	1035	801	902	977	948	978	1004	1021	1045	1075	1068	1056	1059	1063	1053	985	925	958	1018
1056	1014	950	947	942	1021	1021	1004	1026	1035	963	998	1006	972	953	983	951	938	949	942	941	969	964	946	936	955	981	963
964	927	927	989	832	1006	992	1010	1048	1048	979	977	991	964	966	932	918	926	914	922	939	937	938	966	1056	1107	1111	1076
919	922	958	995	965	1005	1006	982	1003	1027	934	924	980	933	930	924	923	923	915	940	993	1014	1060	1095	1160	1142	1126	1122
922	925	977	1044	1021	1004	989	999	1026	1019	917	942	961	917	919	950	962	975	977	962	1003	1052	1118	1135	1144	1108	1084	1095
926	933	989	998	1073	1071	1059	1077	1048	988	904	970	934	942	939	988	1018	1025	1032	985	988	1039	1048	1105	1136	1125	1093	1082
930	986	1031	1053	1092	1103	1093	1048	969	981	980	937	951	1034	1061	1048	1038	1023	995	946	956	984	955	1039	1125	1131	1121	1092
945	1011	968	960	904	969	972	1000	962	969	939	955	1058	1103	1110	1107	1032	993	936	938	957	994	1043	1066	1113	1115	1106	1113
946	994	837	689	853	852	893	987	953	949	950	972	1089	1091	1093	1121	1039	925	925	946	985	1109	1112	1084	1092	1101	1100	1098
931	988	982	968	1018	1008	966	935	947	949	932	950	1046	1090	1096	1096	971	909	941	972	1107	1118	1061	1067	1067	1084	1092	1072
931	945	996	1015	1015	1030	1042	1023	956	942	956	995	1012	1037	1056	1031	952	929	959	1019	1142	1090	1065	1064	1070	1089	1095	1047
924	923	929	946	1043	1088	1068	1081	969	932	958	984	999	1010	1012	993	975	973	954	1028	1142	1124	1106	1097	1099	1118	1086	1004
924	923	930	999	1088	1092	1082	1010	927	927	943	956	955	988	994	968	957	986	935	1001	1124	1136	1131	1133	1135	1079	978	928
920	944	1036	1075	1087	1082	1002	952	955	949	945	943	941	974	977	964	920	929	956	938	1007	1062	1083	1079	1002	932	933	959
935	1029	1101	1098	1085	1033	980	992	999	993	982	980	968	963	946	950	948	929	939	952	935	952	949	959	917	919	953	941
976	1070	1108	1116	1069	998	985	1024	1025	1017	997	975	969	968	948	928	932	945	927	957	928	920	943	928	927	924	924	920
946	1006	1078	1101	1078	1050	1010	1013	1023	1019	1007	988	965	961	958	942	941	934	945	941	923	928	950	938	921	921	921	921
984	932	1000	1082	1061	1069	1051	1004	990	1003	1004	979	946	935	946	957	983	946	961	951	953	950	935	944	925	920	916	923
1039	937	982	1068	1043	1059	1059	1018	955	928	944	939	921	922	921	931	947	965	948	979	985	996	990	938	920	925	940	944
1094	1096	1091	1107	1107	1099	1099	1097	1096	1104	1104	1105	1048	950	1021	1064	1046	1050	1051	1053	1052	1059	1057	1058	1050	1057	1077	1086
1094	1089	1089	1100	1106	1103	1097	1099	1100	1099	1103	1081	952	964	1064	1056	1048	1048	1048	1051	1063	1059	1058	1058	1057	1056	1079	1080
1093	1086	1094	1097	1097	1096	1092	1092	1097	1102	1090	998	916	988	1072	1054	1053	1053	1050	1047	1059	1053	1054	1056	1059	1050	1060	1063
1093	1091	1096	1095	1094	1094	1067	1054	1094	1093	1027	946	922	987	1069	1050	1051	1057	1064	1056	1054	1060	1055	1062	1063	1050	1069	1028
1091	1095	1090	1099	1102	1087	1043	1038	1076	984	931	949	925	968	1074	1060	1055	1056	1060	1059	1055	1059	1055	1057	1059	1058	1098	1082
1089	1093	1092	1100	1099	1082	1072	1051	903	617	592	846	944	934	1034	1080	1056	1052	1055	1055	1058	1055	1054	1058	1054	1072	1074	1099
1097	1098	1099	1099	1098	1099	1080	1029	938	822	733	582	909	934	964	1062	1074	1052	1051	1051	1050	1048	1050	1058	1084	1058	1027	982
1095	1093	1094	1098	1101	1066	1030	1030	932	904	797	587	912	971	931	973	1041	1068	1062	1054	1051	1055	1067	1069	1033	1030	1000	964
1097	1096	1099	1096	1068	1015	1062	1021	912	904	774	573	958	979	942	927	951	992	1033	1055	1058	1050	1024	995	1059	1073	1011	1035
1094	1099	1104	1053	997	1042	969	1006	993	1007	876	900	1022	982	944	933	938	943	970	1007	1034	1039	1035	1072	1106	1022	1019	991
1097	1106	1059	965	1018	1062	1016	997	1007	1018	1009	1020	1022	1000	947	984	991	958	937	930	971	1038	973	943	945	1011	1046	981
1085	1032	946	992	1023	1014	1035	1047	1037	1053	1010	952	948	978	964	950	968	975	966	953	953	964	948	916	957	1027	1027	982
978	932	961	1001	1007	1027	1049	1071	1082	1066	1054	1008	951	966	956	935	957	994	969	1013	1088	1066	1046	1041	1056	1070	1069	1063
926	930	998	979	948	972	1019	1015	1017	1023	1036	985	957	929	929	1033	1083	1104	1083	1063	1108	1119	1111	1116	1120	1097	1059	1064
926	931	921	941	949	989	1016	957	768	893	955	952	935	982	1033	1095	1067	1074	1103	1047	1072	1122	1117	1116	1128	1092	1046	1040
927	925	936	987	1026	1022	972	910	651	778	876	959	1016	1111	1103	1091	1075	1072	1091	1007	963	1079	1089	1103	1123	1069	1048	1038
922	935	957	958	968	938	919	928	950	970	1011	1051	1088	1093	1087	1094	1081	1064	1038	951	934	952	1011	1064	1118	1073	1054	1052
923	929	952	958	944	932	930	983	1052	1056	1047	1072	1079	1074	1074	1040	979	940	927	933	955	999	1026	1042	1105	1103	1071	1052
933	926	941	947	924	933	1005	1064	1077	1042	1001	990	985	996	983	962	936	929	944	973	996	1046	1042	1058	1098	1093	1077	1064
927	927	925	917	941	1057	1098	1103	1090	1034	940	930	933	953	934	957	960	960	963	1005	1109	1107	1078	1083	1107	1084	1070	1059
925	924	925	912	983	1103	1098	1108	1054	967	929	938	941	926	938	956	950	964	955	1106	1149	1121	1112	1112	1115	1101	1086	1056
928	930	926	911	971	1088	1071	1019	950	930	939	937	937	918	929	941	932	919	962	1136	1125	1122	1121	1111	1104	1080	1063	1065
926	959	984	977	955	970	952	935	938	936	935	946	940	920	924	923	927	916	946	1108	1126	1123	1097	1031	1053	1065	1068	1048
982	1087	1094	1081	989	934	937	934	929	930	927	934	954	928	919	920	927	929	920	1019	1110	1091	1027	968	995	1047	1052	994
1049	1117	1106	1100	1005	953	935	929	935	940	940	935	944	945	924	923	925	925	926	935	969	970	946	929	953	1004	968	932
964	1100	1113	1095	1058	986	940	920	920	929	934	935	944	957	949	925	923	922	920	915	915	916	914	914	927	928	918	920
950	971	1061	1101	1104	1072	975	924	911	915	914	915	921	931	953	934	925	925	920	916	916	921	918	917	919	918	920	926
1034	931	991	1094	1089	1078	983	932	932	946	938	926	927	934	936	943	935	933	931	929	927	929	926	927	922	922	931	940
1093	1090	1082	1094	1101	1098	1102	1120	1112	1103	1100	1101	1080	1003	943	1008	1077	1062	1058	1059	1055	1055	1052	1056	1058	1070	1087	1068
1095	1092	1093	1096	1097	1116	1121	1117	1102	1097	1096	1082	982	920	976	1058	1063	1057	1055	1062	1056	1056	1057	1057	1057	1065	1080	1091
1096	1095	1099	1096	1110	1125	1102	1101	1098	1098	1090	984	923	923	999	1070	1056	1058	1061	1064	1054	1062	1068	1072	1060	1058	1068	1060
1092	1095	1098	1108	1127	1102	1083	1088	1092	1099	1025	937	927	920	1002	1071	1059	1057	1057	1053	1051	1060	1065	1064	1056	1057	1070	1020
1099	1101	1106	1109	1110	1086	1083	1088	1095	1057	943	945	932	923	979	1065	1064	1053	1055	1052	1053	1060	1061	1055	1052	1074	1057	996
1103	1102	1095	1099	1095	1085	1088	1094	1070	1001	994	955	928	922	942	1035	1069	1056	1054	1064	1060	1056	1066	1066	1071	1093	1002	976
1100	1097	1093	1104	1098	1092	1097	1076	1041	1068	1078	1019	959	929	919	965	1049	1067	1054	1061	1065	1058	1063	1060	1083	1041	975	959
1097	1095	1096	1096	1096	1095	1056	1040	1038	1028	1058	1104	998	944	923	938	987	1044	1067	1071	1068	1074	1076	1064	1022	962	958	939
1094	1095	1098	1096	1097	1056	1004	1056	1068	1005	971	1074	1067	982	950	929	932	947	968	991	1009	1017	1007	980	961	935	921	949
1095	1096	1101	1096	1066	1019	1030	1053	1087	1061	955	1008	1056	1029	994	951	923	921	926	961	950	936	932	937	932	930	923	940
1094	1098	1101	1044	972	1008	1029	1014	1053	1081	1052	1047	1028	1015	999	991	962	939	936	953	1015	1011	936	977	965	970	957	930
1094	1094	1029	937	947	921	973	1029	1024	1054	1064	1016	1053	1001	972	965	979	977	970	960	970	976	1007	1036	1031	989	936	922
1067	1003	934	934	942	964	1022	1043	1010	1025	1025	1031	1036	1022	983	929	936	956	963	964	975	979	972	984	979	940	938	962
940	927	925	932	936	945	995	991	972	962	953	964	987	987	970	986	1000	985	957	936	958	956	1025	1101	1106	1049	1003	1017
920	923	925	944	975	947	919	921	915	931	928	921	942	984	1047	1103	1082	1033	998	949	941	1030	1123	1113	1114	1104	1044	1068
948	955	963	972	954	923	917	923	930	928	936	987	1045	1099	1117	1113	1105	1084	1054	1002	942	1073	1126	1114	1112	1090	1061	1083
963	945	945	933	928	947	999	1015	1016	1007	1028	1043	1070	1099	1108	1090	1076	1061	1060	1034	984	1021	1079	1118	1118	1083	1063	1079
928	928	923	919	943	1024	1061	1089	1107	1109	1102	1041	1007	1028	1001	973	989	991	990	986	973	959	1014	1074	1120	1091	1057	1061
925	928	930	924	1000	1058	1083	1104	1096	1092	1090	1042	992	966	919	927	938	964	969	979	963	983	1022	1067	1112	1076	1043	1041
921	927	927	956	1051	1082	1099	1095	1079	1076	1019	1003	1020	1004	956	925	935	955	965	969	988	1024	1036	1092	1112	1072	1049	1051
923	926	926	975	1054	1102	1109	1059	1029	1032	987	965	985	1006	970	923	927	944	963	1027	1069	1081	1076	1115	1114	1083	1060	1060
924	930	924	947	1016	1067	1080	1018	982	994	983	961	950	956	939	924	924	922	963	1090	1112	1110	1103	1127	1125	1084	1058	1078
929	972	1016	1010	991	995	982	975	981	996	969	940	939	933	928	921	927	926	944	1086	1130	1134	1118	1122	1137	1121	1089	1099
995	1089	1088	1093	1045	1003	969	966	976	961	942	924	931	939	925	921	929	928	923	1023	1141	1147	1119	1084	1141	1144	1129	1132
1020	1099	1077	1083	1089	1087	1057	997	969	952	935	936	929	936	932	925	928	929	925	934	1059	1129	1097	1064	1115	1151	1136	1055
965	1025	1071	1073	1075	1089	1088	1049	956	938	935	942	945	922	936	924	924	926	921	919	932	1003	1044	1058	1101	1077	1008	933
1011	955	973	1005	1036	1069	1082	1057	978	933	934	949	947	932	925	928	924	925	926	923	919	921	941	963	987	950	929	924
1031	1021	958	965	976	1009	1041	1025	983	956	928	952	960	950	953	937	931	938	967	941	931	920	924	924	928	948	952	923
1098	1101	1097	1094	1094	1093	1096	1104	1101	1101	1100	1103	1099	1032	940	925	985	1043	1054	1053	1056	1063	1064	1065	1070	1076	1086	1085
1094	1098	1105	1097	1096	1096	1103	1104	1096	1104	1100	1092	1003	921	919	951	1024	1049	1058	1064	1065	1070	1069	1068	1066	1066	1075	1075
1090	1092	1106	1100	1104	1098	1099	1100	1096	1101	1086	974	944	938	923	975	1038	1053	1054	1065	1069	1070	1064	1069	1061	1053	1055	1043
1091	1096	1103	1104	1099	1095	1098	1098	1096	1093	981	955	988	950	931	971	1032	1045	1051	1051	1061	1066	1063	1066	1052	1053	1028	1031
1091	1096	1098	1097	1095	1093	1092	1096	1088	1013	987	984	940	931	940	960	1007	1036	1054	1052	1052	1054	1068	1063	1056	1056	1005	1054
1086	1092	1091	1096	1094	1086	1090	1089	1026	961	887	967	944	931	950	935	977	1017	1044	1056	1048	1059	1075	1064	1056	1043	993	1073
1088	1093	1096	1099	1097	1093	1095	1054	1054	952	844	1019	999	933	959	929	937	980	1015	1036	1047	1059	1053	1037	1042	1041	1003	1054
1089	1094	1104	1096	1095	1095	1049	1022	1068	1069	1053	1033	1009	943	959	950	922	941	978	992	1013	1022	999	995	1015	1043	1013	1016
1090	1098	1103	1095	1097	1072	1014	1050	1068	1079	1065	1041	1052	1007	984	984	955	928	936	946	939	952	962	984	992	1010	1001	1032
1090	1100	1096	1100	1078	1022	1050	1037	952	1043	1010	1009	1003	1044	1005	978	995	993	964	946	925	927	941	954	971	1007	990	1030
1100	1100	1097	1088	990	1027	1032	997	1006	1049	1002	967	966	971	971	960	968	1008	1020	975	948	927	930	938	941	991	1022	1020
1102	1103	1069	976	967	1027	931	1005	1008	1003	999	923	987	950	975	961	950	975	997	1013	986	983	1008	974	926	961	1015	1032
1067	1035	944	916	979	987	782	952	1016	1042	1048	1031	1030	1025	1018	967	956	960	966	998	1015	1003	969	939	929	965	1052	1077
941	926	919	928	980	944	704	813	1000	1078	1075	1065	1067	1035	977	960	962	942	925	928	925	923	957	1001	995	1015	1054	1095
919	922	923	936	964	951	915	901	1001	1035	1031	1025	1033	1009	992	1023	1042	1033	991	938	916	957	1054	1071	1055	1078	1112	952
931	925	933	944	982	986	979	995	984	977	978	968	978	945	988	1052	1058	1065	1078	1030	948	990	1057	1069	1067	1107	1139	979
961	921	921	948	948	998	1004	1012	1040	1007	977	969	914	891	980	1020	1038	1075	1104	1091	1026	984	1021	1041	1048	1090	1115	1106
961	926	922	962	835	898	1000	991	1066	1091	1062	1032	998	970	950	942	998	1090	1104	1095	1049	1025	1054	1068	1055	1057	1083	1093
931	925	925	966	906	908	1010	999	1060	1059	1063	1059	1065	1069	969	909	1004	1104	1113	1097	1064	1096	1115	1103	1076	1050	1076	1076
931	928	922	966	1037	1020	1043	1019	937	887	1029	1057	1052	1104	1030	913	989	1099	1102	1084	1078	1098	1114	1110	1094	1061	1051	1068
924	925	926	985	1069	1063	1056	970	814	925	1081	1085	1097	1110	1005	913	925	983	1065	1064	1079	1082	1104	1114	1086	1063	1054	1027
921	922	951	1057	1085	1077	1065	1045	1031	1089	1095	1083	1080	1051	946	923	927	926	974	1043	1060	1046	1087	1100	1080	1073	1067	1036
929	982	1054	1105	1107	1098	1070	1090	1098	1077	1058	1024	1008	957	938	936	928	929	932	953	995	998	1017	1054	1100	1108	1079	1046
981	1055	1085	1101	1114	1098	1062	1084	1078	978	978	987	966	959	965	961	937	925	923	927	978	1010	1008	1041	1096	1105	1077	1017
995	1007	1030	1067	1088	1068	1066	1072	1079	1007	987	1015	991	967	959	952	942	929	918	916	964	1027	1050	1072	1087	1073	1037	957
1028	990	971	968	983	1011	1061	1079	1077	1033	941	924	970	986	959	932	929	930	922	918	928	973	1021	1036	1036	1015	954	919
1030	1025	995	958	931	984	1054	1096	1082	948	895	880	956	1012	997	892	921	937	917	920	919	922	931	942	938	931	923	933
1032	994	1010	969	919	951	1039	1084	1058	889	842	913	1020	1047	1052	1026	1006	981	966	926	920	920	929	918	926	982	1009	949
1095	1097	1097	1088	1099	1097	1095	1091	1092	1099	1091	1096	1034	948	926	922	917	928	964	997	1019	1032	1022	991	965	992	1103	1113
1095	1099	1099	1093	1097	1097	1098	1093	1095	1102	1096	1014	925	914	918	913	918	965	998	1028	1054	1063	1055	1007	977	1051	1123	1113
1095	1101	1097	1094	1096	1097	1099	1097	1099	1096	1016	923	931	934	915	907	922	975	1012	1047	1075	1070	1054	1013	989	1084	1131	1106
1098	1102	1096	1093	1094	1094	1096	1097	1095	1025	924	925	948	959	937	910	929	977	1014	1051	1077	1064	1037	999	1022	1099	1117	1103
1095	1100	1094	1091	1092	1093	1096	1100	1032	932	932	925	932	948	957	921	936	976	1019	1051	1068	1042	1000	991	1061	1107	1114	1118
1091	1096	1090	1082	1092	1094	1097	1045	945	921	947	984	933	923	955	926	940	968	1009	1028	1036	1005	969	1028	1106	1121	1134	1133
1093	1095	1091	1086	1095	1100	1068	962	986	912	919	1024	974	916	943	940	943	964	998	1001	992	965	975	1080	1116	1126	1127	1145
1090	1092	1088	1093	1094	1076	964	946	976	980	961	999	984	934	925	945	940	961	983	978	954	925	1019	1124	1122	1123	1140	1140
1092	1094	1092	1098	1086	993	937	1004	859	828	755	944	1030	986	942	972	973	967	965	957	935	914	1024	1136	1124	1132	1138	1144
1098	1102	1099	1093	1017	965	974	1068	991	944	931	952	1032	970	978	1006	1011	1006	963	937	929	918	990	1107	1126	1129	1125	1137
1105	1107	1098	1019	969	994	979	1021	1034	1001	1028	970	1042	995	985	973	965	989	980	938	924	918	929	1025	1119	1137	1122	1139
1079	1068	1012	952	959	963	792	1007	1089	1058	1046	971	984	1026	971	951	948	941	958	962	938	926	927	938	1005	1102	1141	1151
976	959	935	933	938	938	723	1004	1098	1074	1076	1014	1028	1015	950	984	949	918	929	937	939	925	928	930	954	1099	1156	1136
929	932	925	921	925	916	792	997	1078	1083	1085	1051	1045	996	964	958	926	923	929	924	918	922	925	925	1010	1141	1134	1135
919	922	921	922	936	982	1000	1056	1084	1086	1084	1065	1040	931	932	946	935	918	920	926	924	925	924	931	1020	1141	1137	1069
916	920	919	953	1032	1014	1031	1054	1044	1084	1088	1035	873	637	816	962	925	929	932	929	933	933	937	938	1000	1129	1120	1060
922	923	928	1019	978	932	941	966	996	1055	1086	1043	885	789	929	981	924	934	947	934	931	930	930	923	979	1112	1098	1073
923	925	937	1017	915	900	898	904	940	938	1060	1006	891	854	931	1026	937	943	956	949	937	940	939	925	960	1091	1083	1061
929	933	941	1052	926	865	924	942	933	640	795	846	598	559	850	956	949	955	968	976	963	963	971	952	930	1007	1069	1055
924	923	926	1014	974	944	948	932	602	409	803	716	645	470	680	913	946	967	985	991	977	965	980	977	940	929	992	1054
919	924	922	977	1059	983	1002	881	371	742	1059	1053	1017	892	939	955	925	926	953	972	968	962	972	970	936	921	925	962
934	920	932	962	1015	992	1023	1000	915	1039	1074	1077	1062	1027	969	930	924	928	928	934	939	946	952	946	936	933	927	940
972	937	957	997	993	989	969	998	1046	1037	1059	1079	1073	1035	1025	992	924	924	931	932	923	928	932	926	937	937	934	961
1019	983	981	987	980	962	969	1025	965	959	1045	1057	1063	1016	1055	1079	987	918	934	926	920	921	922	927	936	935	935	970
1032	1003	994	977	958	935	966	1025	941	954	1013	1028	1036	1022	1058	1074	1037	970	922	918	917	921	923	933	936	939	939	988
1048	1012	1001	1001	965	918	951	1014	1010	1036	1060	1026	958	993	1010	1012	1021	989	928	911	921	919	913	918	943	956	957	1008
1059	1026	976	982	947	922	935	961	1010	1021	1007	950	965	1028	964	852	956	993	944	916	928	928	920	929	971	981	977	1029
1072	1046	993	955	940	929	915	943	986	966	922	917	970	1022	1053	1046	1036	973	953	945	956	982	968	953	989	1007	1000	1038
1098	1094	1098	1095	1101	1113	1110	1097	1101	1101	1077	999	930	916	927	976	1025	1078	1114	1122	1145	1182	1122	1032	1079	1075	1010	990
1099	1098	1092	1093	1106	1117	1103	1101	1105	1077	993	920	915	912	939	1006	1075	1134	1150	1163	1171	1198	1179	1040	997	984	988	1071
1096	1099	1092	1096	1108	1104	1103	1104	1086	1001	919	920	928	920	969	1050	1125	1158	1160	1156	1154	1186	1219	1066	922	993	1063	1119
1093	1096	1094	1099	1104	1093	1099	1091	1018	931	920	932	925	935	1008	1098	1156	1180	1162	1138	1135	1171	1217	1041	954	1047	1101	1128
1092	1097	1100	1100	1095	1096	1095	1026	938	926	930	934	932	959	1040	1121	1149	1172	1171	1141	1144	1202	1140	966	1024	1081	1107	1114
1094	1102	1099	1094	1097	1096	1037	942	924	930	933	922	921	974	1061	1119	1146	1159	1186	1187	1190	1194	999	967	1062	1093	1094	1080
1096	1097	1094	1099	1104	1062	959	927	927	937	942	919	919	986	1083	1142	1179	1186	1207	1212	1209	1178	995	1006	1058	1071	1066	1068
1096	1098	1096	1098	1067	980	924	929	910	894	928	932	928	991	1084	1142	1169	1193	1184	1166	1177	1142	987	1007	1039	1040	1071	1088
1100	1101	1096	1063	979	932	930	931	828	796	786	879	939	1000	1082	1139	1158	1174	1175	1159	1166	1096	975	1010	1043	1054	1066	1086
1079	1081	1047	1001	942	929	926	966	972	943	932	906	932	993	1087	1147	1152	1156	1168	1183	1155	1074	997	1000	1045	1063	1072	1082
1017	1014	975	953	942	933	934	968	937	997	1005	987	954	993	1105	1140	1131	1144	1160	1154	1131	1075	1001	963	1017	1057	1066	1058
949	944	935	949	943	928	942	964	918	1009	1039	1001	955	972	1065	1120	1132	1138	1130	1125	1112	1070	1010	940	963	1005	1012	1011
923	930	944	942	928	926	951	961	1007	1006	1010	962	936	939	1013	1097	1115	1113	1118	1128	1106	1068	1002	942	940	988	1007	998
919	925	927	925	928	926	951	988	1032	1026	999	966	961	941	964	1054	1095	1103	1116	1112	1091	1057	990	933	943	1011	1033	1012
930	929	922	923	926	927	1006	1051	1031	1063	1053	1004	968	994	987	1027	1054	1069	1087	1083	1063	1027	965	926	938	994	1044	1036
938	939	938	922	937	984	1070	1042	1037	1031	1045	999	921	995	996	984	989	1022	1051	1048	1029	982	939	930	940	969	1041	1050
946	939	927	935	971	1020	1015	996	971	760	974	972	894	968	966	954	948	971	996	997	975	946	934	939	934	953	1038	1049
933	941	926	955	1000	1005	957	973	856	644	968	973	916	847	936	992	928	925	936	943	939	938	939	937	924	948	1022	1038
919	945	931	969	1011	1001	936	926	857	780	954	971	963	602	703	1002	933	919	917	922	928	928	926	926	919	941	986	1024
925	914	923	956	996	1009	983	951	886	944	1023	1006	1045	774	797	988	936	924	918	921	924	925	921	919	926	954	979	1025
971	926	919	940	986	1004	1021	1042	1060	1106	1093	1080	1040	952	982	963	938	926	921	919	921	925	924	920	946	977	995	1035
1025	982	947	930	946	965	968	1006	1076	1088	1090	1075	1043	1009	966	960	944	930	929	929	927	926	922	932	971	998	1014	1039
1051	1028	998	962	939	932	938	955	1005	1074	1083	1076	1060	1000	984	982	857	903	939	926	926	923	920	949	991	1013	1036	1056
1059	1036	1021	1004	981	939	934	954	980	1059	1067	1020	1025	1007	993	1002	837	869	939	920	922	922	921	972	1022	1040	1053	1068
1071	1040	1017	1012	1005	952	926	952	971	1010	1050	979	1000	1060	1032	1016	1013	949	926	928	937	943	952	1012	1053	1064	1066	1078
1078	1061	1015	985	973	952	927	933	966	1027	1069	1068	1059	1044	1046	1028	1007	971	935	921	932	921	971	1030	1063	1070	1071	1076
1069	1075	1045	977	947	1017	938	911	953	1020	1072	1095	1067	1031	1051	1035	973	964	993	934	917	931	1005	1050	1072	1071	1073	1077
1039	1060	1061	999	1048	1177	1024	927	917	980	1048	1082	1051	1043	1057	1019	971	935	956	988	957	981	1034	1063	1075	1073	1074	1072
1104	1098	1096	1096	1093	1098	1093	1089	1076	1013	951	932	919	979	1116	1193	1183	1145	1117	1113	1153	1162	1135	1094	1020	1053	1046	953
1105	1099	1097	1099	1104	1108	1105	1090	1027	950	923	924	927	1044	1176	1200	1171	1125	1102	1124	1149	1162	1185	1121	1025	988	1024	1092
1098	1093	1097	1098	1103	1105	1100	1040	953	916	925	929	962	1116	1212	1195	1131	1091	1073	1090	1120	1138	1113	987	951	992	1043	1107
1097	1097	1093	1095	1099	1098	1058	974	923	924	928	925	1010	1171	1219	1176	1106	1086	1069	1039	1015	1069	1106	1010	989	1067	1068	1007
1097	1100	1091	1094	1096	1062	983	923	921	926	922	926	1066	1198	1188	1123	1071	1087	1109	1123	1113	1124	1114	1062	1026	1042	1122	1069
1090	1102	1095	1094	1066	994	925	916	919	919	920	944	1115	1211	1188	1135	1132	1162	1196	1200	1175	1138	1079	1064	1020	1013	989	996
1074	1097	1096	1070	1004	935	923	924	922	920	918	978	1144	1225	1237	1234	1239	1227	1193	1168	1168	1122	1080	1088	1039	1043	987	928
1046	1074	1062	1004	945	923	919	923	923	925	916	984	1156	1213	1187	1167	1160	1129	1054	1054	1102	1129	1137	1079	1052	1063	1061	1042
1001	1027	991	940	925	923	924	924	933	937	931	997	1163	1207	1160	1110	1082	1082	1063	1105	1104	1194	1075	971	976	968	958	959
947	957	929	925	934	925	927	925	926	928	925	1000	1159	1196	1155	1126	1099	1102	1113	1093	1127	1184	1105	958	962	963	937	923
919	918	912	935	935	927	926	923	926	934	927	996	1151	1196	1171	1150	1155	1146	1063	1080	1110	1129	1221	1074	961	981	926	917
921	919	914	934	929	925	923	921	919	926	933	985	1123	1200	1208	1217	1198	1107	1065	1117	1093	1121	1210	1134	958	994	933	930
936	928	930	931	924	924	924	922	922	923	927	936	1060	1183	1230	1214	1143	1092	1100	1131	1118	1136	1214	1141	945	981	938	952
925	919	922	929	925	921	927	947	966	963	947	925	978	1119	1210	1199	1139	1116	1133	1112	1128	1170	1220	1098	923	940	947	965
938	922	923	926	928	923	976	974	899	993	983	960	944	1061	1167	1196	1171	1158	1145	1114	1138	1201	1217	1030	925	935	974	998
925	933	927	924	924	931	998	996	954	963	982	974	948	1003	1097	1175	1200	1192	1163	1146	1179	1217	1146	946	927	952	1010	1029
918	921	922	928	924	956	1007	929	875	820	893	972	986	975	998	1104	1179	1197	1181	1190	1208	1171	995	925	936	993	1036	1051
920	911	917	924	926	963	1025	944	907	928	917	989	1002	965	946	979	1071	1139	1168	1172	1117	996	926	928	955	1032	1057	1064
967	923	913	920	928	952	1010	965	977	1009	970	992	1007	976	940	923	939	978	1003	988	948	929	934	930	997	1055	1072	1074
1027	973	933	915	919	929	983	1034	1043	1063	999	927	1007	1001	969	931	923	923	925	926	928	930	925	953	1045	1082	1085	1089
1057	1024	982	942	916	914	956	1017	974	1019	1015	988	959	974	957	938	927	927	929	926	922	925	918	997	1071	1086	1090	1089
1068	1054	1029	1001	970	933	941	963	954	979	994	949	937	943	954	966	939	925	924	928	925	923	937	1044	1087	1089	1091	1087
1081	1071	1044	1009	1006	972	930	955	965	964	986	953	945	930	936	973	949	931	922	924	928	916	974	1080	1091	1088	1086	1087
1083	1082	1070	1033	983	950	942	940	948	967	1004	973	968	932	930	956	947	943	935	924	919	919	1020	1085	1084	1079	1083	1078
1071	1079	1069	1052	1019	954	933	926	931	942	983	997	966	950	943	948	950	929	940	945	919	941	1063	1086	1083	1081	1084	1083
1032	1059	1068	1053	1025	1039	984	909	908	937	980	1000	1015	1011	969	929	932	946	920	921	919	977	1085	1082	1073	1073	1078	1081
969	1004	1034	1055	1014	1229	1343	1007	911	896	948	1007	986	1015	984	939	926	932	938	918	913	1021	1091	1075	1071	1072	1076	1079
925	948	992	1026	1064	1447	1529	1307	1028	904	918	985	1004	1004	965	930	934	925	930	928	924	1051	1089	1078	1068	1070	1073	1075
1056	1095	1099	1098	1095	1103	1080	1026	959	929	928	917	1011	1220	1220	1168	1169	1193	1172	1108	1011	962	991	995	1052	1116	1153	1119
1055	1090	1101	1100	1102	1092	1045	971	924	927	924	928	1118	1246	1168	1130	1137	1151	1136	1046	1023	1032	1090	1005	1071	1169	1169	1028
1040	1081	1101	1103	1095	1053	977	918	918	928	923	977	1197	1240	1168	1166	1167	1180	1162	1032	1013	986	1003	965	1057	1164	1063	962
1008	1072	1094	1090	1054	989	927	913	922	924	922	1042	1237	1223	1168	1162	1149	1170	1163	1107	1042	1006	1024	1083	1157	1103	965	923
979	1049	1070	1054	995	937	925	926	926	921	918	1098	1247	1195	1131	1130	1158	1181	1162	1151	1116	1048	998	1094	1042	973	943	922
955	1010	1027	990	939	921	929	925	926	919	932	1159	1251	1206	1170	1187	1208	1204	1169	1146	1068	1039	1053	1060	984	934	924	927
939	971	972	936	924	932	925	925	925	920	966	1203	1244	1211	1223	1224	1200	1153	1131	1130	1081	1009	1055	1064	1002	987	934	944
921	938	930	916	925	931	922	923	925	932	1002	1221	1232	1169	1146	1160	1136	1061	999	1028	1037	1020	1074	1070	1021	1011	941	949
917	919	918	924	919	919	923	926	929	926	1023	1233	1231	1157	1110	1089	1044	975	1002	1043	1023	1098	1081	1033	1008	997	935	964
915	918	925	926	920	919	926	927	930	917	1020	1235	1224	1152	1106	1085	1042	1035	1018	952	1053	1130	1027	994	991	975	935	994
920	919	921	926	918	919	924	924	925	917	1024	1230	1223	1146	1115	1158	1162	1040	936	1007	1094	1172	1197	1036	953	941	942	1022
918	920	924	919	918	918	916	922	923	922	1007	1215	1228	1193	1199	1213	1128	1018	1044	1095	1105	1189	1242	1090	921	927	971	1051
914	917	916	919	920	915	919	919	925	926	976	1151	1246	1232	1196	1130	1092	1116	1107	1102	1141	1203	1221	1074	921	926	1019	1076
918	919	916	917	922	914	917	915	919	922	932	1033	1207	1229	1161	1107	1114	1137	1091	1124	1176	1222	1170	1021	921	952	1061	1078
921	910	913	915	921	915	913	919	925	921	916	963	1154	1234	1173	1143	1158	1129	1102	1145	1208	1198	1090	978	934	1010	1080	1081
947	913	909	911	917	917	925	930	932	932	920	911	1045	1225	1221	1208	1191	1143	1144	1182	1198	1132	1012	934	944	1066	1091	1085
994	944	915	913	917	927	942	909	883	943	934	912	925	1092	1237	1261	1233	1213	1207	1201	1139	1048	951	912	1000	1090	1087	1088
1033	990	950	924	911	922	955	943	926	942	943	924	907	916	1013	1148	1202	1212	1193	1133	1037	955	919	928	1056	1086	1080	1081
1062	1042	1001	949	920	915	932	947	956	945	949	929	920	927	917	932	971	1006	1004	971	935	936	929	979	1095	1083	1082	1082
1075	1071	1040	1005	961	929	929	922	929	946	940	932	924	927	924	923	920	920	922	927	930	933	928	1040	1095	1081	1085	1085
1079	1070	1060	1040	1012	970	948	923	894	932	932	927	929	933	923	922	926	924	926	932	924	925	952	1077	1084	1078	1084	1083
1073	1081	1069	1042	1024	998	957	936	905	922	925	923	922	927	934	927	927	932	926	926	924	922	1009	1093	1085	1084	1085	1089
1050	1073	1084	1066	1021	980	948	940	934	930	922	923	922	922	933	930	925	934	930	928	927	932	1050	1092	1084	1084	1086	1087
1008	1045	1070	1081	1054	990	950	936	922	934	927	919	921	923	926	933	930	931	930	923	921	954	1071	1086	1084	1080	1085	1082
953	993	1025	1055	1063	1026	957	927	916	922	915	919	921	926	920	918	923	926	926	924	920	973	1073	1086	1085	1085	1087	1081
916	932	959	999	1025	1023	977	934	930	922	908	902	909	918	916	916	917	911	912	914	918	975	1062	1080	1082	1084	1083	1082
911	911	915	943	976	979	1075	1287	1368	1223	1028	906	883	895	909	915	916	912	911	913	913	972	1052	1071	1079	1084	1084	1083
915	914	914	929	945	1010	1384	1642	1567	1359	1100	952	900	896	914	921	923	920	921	923	917	975	1039	1066	1081	1080	1081	1081
1160	1030	1037	1066	1054	1015	954	927	943	928	931	955	1187	1241	1164	1164	1186	1147	1008	989	1006	1041	1058	1122	1181	1199	1210	1066
1066	990	1014	1040	1018	963	933	941	928	922	924	1029	1252	1177	1126	1126	1129	1085	1005	1006	1001	974	999	1063	1194	1235	1187	982
1027	982	983	995	963	945	952	950	927	928	947	1147	1233	1135	1134	1149	1150	1127	1057	1010	989	958	1022	1069	1178	1240	1114	922
999	946	951	950	929	929	942	936	931	932	993	1210	1222	1204	1222	1214	1164	1119	1104	1126	1102	1038	1071	1167	1211	1204	991	924
953	910	924	922	916	923	932	923	926	925	1029	1241	1222	1219	1230	1243	1183	1127	1146	1185	1176	1143	1092	1203	1230	1083	915	940
923	898	908	908	919	929	921	921	933	927	1076	1251	1148	1124	1183	1238	1238	1218	1217	1223	1221	1196	1157	1219	1158	953	930	959
922	903	911	916	924	925	919	926	936	930	1116	1253	1147	1085	1123	1178	1181	1190	1209	1218	1226	1225	1230	1219	1035	944	941	997
924	904	915	917	915	922	915	921	928	940	1153	1254	1149	1093	1079	1078	1052	1074	1102	1113	1154	1195	1240	1152	950	932	930	1034
919	907	914	915	920	916	914	921	925	970	1170	1258	1183	1151	1103	1046	1045	1021	1047	1109	1153	1204	1233	1049	928	933	944	1063
918	909	914	919	922	919	916	920	926	952	1152	1254	1180	1125	1103	1084	1087	1104	1115	1113	1190	1223	1174	972	927	922	976	1084
919	908	912	917	924	920	915	915	927	942	1159	1250	1165	1105	1103	1136	1191	1139	1073	1103	1178	1223	1144	943	924	919	1010	1081
930	908	908	911	921	918	917	918	926	934	1112	1256	1197	1156	1164	1189	1160	1085	1090	1132	1193	1196	1077	925	924	930	1057	1080
958	930	912	910	919	921	918	921	924	918	1009	1219	1235	1220	1183	1157	1123	1106	1149	1200	1212	1139	990	916	921	971	1094	1081
997	943	913	905	914	922	923	930	921	922	931	1110	1244	1210	1144	1145	1164	1156	1203	1213	1158	1039	930	918	923	1026	1095	1080
1042	981	935	911	909	916	931	924	917	916	919	983	1185	1216	1158	1160	1199	1206	1196	1163	1062	954	911	918	948	1070	1084	1075
1072	1035	989	949	924	912	924	924	914	912	917	918	1051	1199	1191	1189	1206	1196	1145	1064	971	919	919	923	1003	1088	1081	1079
1078	1069	1035	1006	958	922	919	927	926	914	921	920	934	1057	1143	1151	1145	1111	1048	980	930	923	932	939	1053	1087	1083	1086
1078	1078	1075	1049	992	950	924	924	922	918	924	927	919	930	976	994	990	980	949	928	920	931	926	971	1070	1082	1082	1084
1069	1084	1084	1067	1036	989	939	920	918	920	926	932	925	923	926	932	924	925	915	924	926	930	928	1005	1066	1083	1088	1088
1052	1069	1074	1079	1071	1041	980	931	920	920	926	925	937	931	918	928	932	925	922	925	925	925	936	1018	1069	1085	1088	1088
1008	1040	1063	1073	1073	1055	1010	957	931	925	926	922	928	936	920	922	930	928	929	930	926	924	951	1018	1070	1083	1084	1085
964	995	1030	1055	1067	1058	1017	960	931	934	932	923	929	928	922	921	922	920	925	923	924	924	956	1017	1070	1080	1080	1087
927	950	985	1014	1045	1058	1032	979	942	930	927	927	948	935	932	922	914	918	919	921	921	925	959	1012	1055	1063	1074	1082
913	924	944	966	994	1019	1021	988	947	928	919	928	934	923	934	926	918	916	916	916	916	917	955	998	1031	1043	1061	1072
910	914	916	925	944	967	977	971	952	929	920	938	922	921	921	923	923	915	916	917	918	918	943	987	1008	1030	1053	1075
913	915	909	911	914	925	939	952	950	1028	1121	1073	999	951	918	910	922	914	913	918	918	913	929	968	983	1018	1055	1081
913	917	918	914	910	913	905	958	1187	1500	1568	1439	1275	1096	941	885	898	916	906	913	910	904	915	940	964	1020	1052	1068
911	917	916	922	920	915	919	1105	1352	1446	1412	1353	1243	1109	987	918	895	905	921	922	913	906	913	926	963	1013	1037	1050
1086	1050	995	960	925	917	919	919	946	947	926	992	1223	1218	1192	1171	1139	1118	1110	1130	1133	1117	1142	1182	1194	1130	986	911
1041	1040	997	944	916	915	925	927	949	934	935	1095	1239	1183	1165	1152	1130	1104	1127	1116	1106	1116	1159	1184	1183	1091	952	926
1059	1055	1011	949	915	916	930	935	946	926	951	1172	1213	1158	1165	1161	1144	1147	1160	1138	1132	1133	1196	1196	1155	1041	928	942
1075	1045	973	932	915	921	950	935	942	920	979	1201	1220	1210	1206	1164	1137	1155	1188	1195	1140	1142	1193	1188	1123	1006	922	958
1068	1011	946	918	911	911	940	933	934	914	1020	1200	1221	1236	1227	1203	1185	1187	1203	1204	1153	1157	1173	1152	1056	958	919	978
1051	995	935	909	906	903	943	967	932	915	1045	1194	1169	1189	1236	1250	1245	1242	1238	1231	1187	1166	1152	1104	991	924	911	996
1040	992	938	909	909	909	917	959	963	935	1055	1196	1181	1174	1189	1182	1184	1206	1234	1225	1219	1177	1125	1045	945	922	924	1028
1043	978	938	914	909	913	920	934	953	942	1054	1179	1192	1196	1170	1136	1135	1163	1173	1157	1170	1149	1081	984	925	921	942	1062
1040	975	929	920	915	914	919	929	941	926	1029	1154	1191	1200	1168	1145	1151	1174	1156	1158	1143	1097	1010	936	920	917	961	1082
1046	984	938	917	909	912	917	928	951	943	1008	1125	1174	1192	1189	1172	1178	1181	1172	1158	1113	1039	955	922	924	912	1004	1083
1048	988	950	921	910	911	922	938	935	936	987	1090	1138	1169	1186	1191	1189	1180	1145	1115	1062	986	923	918	917	926	1043	1076
1054	1018	975	939	919	914	923	920	935	927	943	1033	1102	1146	1168	1173	1163	1136	1103	1071	1017	950	919	926	920	968	1066	1069
1063	1051	1010	975	942	926	916	932	940	926	923	966	1050	1114	1146	1141	1122	1101	1073	1022	965	922	918	925	923	999	1058	1069
1059	1071	1037	995	960	932	922	928	923	923	923	930	989	1063	1102	1104	1087	1057	1014	963	927	916	918	926	938	1008	1031	1059
1040	1073	1066	1036	995	956	937	927	921	918	931	919	940	1003	1053	1049	1033	1003	963	931	920	921	921	920	949	992	1015	1053
1023	1057	1071	1067	1042	1008	963	940	915	912	925	920	922	948	984	981	967	951	935	922	925	921	919	922	945	970	1006	1063
1002	1024	1046	1077	1078	1045	999	953	918	914	921	922	926	926	939	936	933	926	928	934	931	928	923	927	943	966	1033	1075
973	1002	1032	1059	1074	1070	1034	970	927	917	920	922	923	930	936	941	930	932	931	936	925	917	915	923	934	976	1053	1048
949	981	999	1022	1042	1070	1066	1009	953	930	918	917	922	922	944	954	937	942	934	933	920	913	914	914	934	994	1024	1011
928	946	967	989	1013	1038	1057	1035	987	953	926	918	919	928	964	958	947	939	936	923	915	912	910	910	938	985	990	992
913	921	939	955	977	1003	1031	1028	998	977	957	936	923	960	980	965	952	943	933	919	910	918	917	910	943	969	967	979
910	914	923	926	943	970	995	1009	1002	991	986	962	939	983	984	983	965	948	931	918	910	918	915	911	936	948	955	980
913	912	913	913	921	933	949	978	997	987	972	984	978	1008	1008	995	983	969	946	926	919	920	917	914	925	929	946	972
919	911	906	908	909	911	918	936	968	972	958	957	990	1027	1023	1009	980	940	931	925	932	931	929	916	919	922	938	961
916	915	909	910	912	908	911	917	939	952	955	976	1007	1012	1003	984	936	926	919	922	922	917	919	913	915	919	927	965
916	925	915	913	918	917	916	920	927	949	1010	1072	1128	1116	1047	958	929	929	926	924	918	923	915	913	910	916	930	956
918	920	918	915	914	917	920	915	902	971	1143	1320	1436	1501	1438	1241	1046	935	918	919	915	916	908	911	905	907	917	932
911	912	910	912	912	917	919	902	907	1028	1203	1295	1357	1385	1378	1309	1194	1048	953	917	913	907	911	915	909	914	924	940
989	1044	1055	1041	1011	970	935	921	920	932	927	929	977	1037	1092	1109	1117	1128	1139	1130	1119	1096	1063	1011	964	927	947	994
992	1046	1069	1043	1002	956	934	914	919	926	924	938	1006	1058	1087	1097	1111	1120	1121	1117	1121	1108	1052	995	956	944	968	1017
995	1042	1074	1055	1010	969	927	916	922	918	924	949	1007	1065	1088	1102	1112	1120	1114	1103	1100	1080	1038	982	950	960	980	1042
996	1037	1073	1060	1024	979	940	923	924	919	925	951	1010	1052	1078	1101	1104	1107	1101	1089	1080	1052	1003	966	961	970	993	1046
1004	1037	1067	1050	1020	991	948	930	922	921	921	948	1001	1023	1061	1078	1081	1085	1079	1065	1048	1014	980	948	956	978	996	1048
1009	1043	1059	1036	1001	981	983	950	932	918	918	951	986	1015	1049	1064	1060	1059	1050	1034	1016	978	942	939	951	968	990	1045
1021	1045	1055	1023	1003	977	977	965	955	957	933	949	976	1014	1030	1041	1037	1036	1025	1003	979	954	936	936	957	963	995	1049
1022	1048	1041	1005	986	969	969	979	962	995	939	937	973	1004	1021	1023	1019	1014	996	980	954	937	930	940	961	968	1001	1060
1019	1049	1025	1009	996	984	973	964	980	981	924	925	959	986	1001	1006	1003	986	967	952	933	932	940	956	963	972	1017	1064
1024	1049	1038	1042	1024	993	965	951	957	945	923	923	948	962	979	983	975	962	947	935	930	942	958	965	968	978	1030	1053
1012	1050	1068	1061	1034	998	983	978	944	940	929	915	925	952	964	959	951	944	940	943	946	962	977	979	977	995	1037	1053
998	1053	1073	1070	1052	1021	1016	1002	957	952	932	914	918	938	950	944	941	946	953	964	977	991	994	990	983	996	1015	1030
967	1043	1070	1076	1072	1049	1020	987	965	951	935	919	913	920	932	932	939	958	973	990	1007	1013	1005	997	994	990	996	1021
933	1008	1053	1069	1078	1069	1046	1017	986	968	938	923	912	909	917	925	951	979	1003	1018	1023	1018	1007	1000	991	983	1003	1077
917	956	1017	1050	1069	1072	1066	1054	1027	992	940	924	915	906	912	931	977	1008	1028	1040	1034	1023	1006	994	985	979	1003	1079
909	924	964	1015	1048	1069	1077	1069	1035	988	954	933	922	913	912	959	1011	1031	1046	1045	1036	1018	999	977	973	973	989	1034
907	913	929	970	1014	1047	1069	1071	1045	1009	985	953	935	923	926	998	1034	1047	1056	1049	1033	1019	988	968	968	977	996	1023
908	911	915	929	960	1000	1035	1051	1039	1022	1001	976	954	934	942	1020	1042	1054	1055	1046	1027	1005	985	968	958	961	971	971
913	913	912	912	923	949	985	1016	1022	1023	1013	1005	973	947	970	1033	1055	1063	1062	1044	1026	1005	990	980	970	954	946	944
917	915	917	914	913	921	943	967	988	1003	1012	1018	996	969	991	1055	1070	1068	1060	1040	1019	999	988	986	976	969	944	941
919	922	925	917	910	909	918	934	958	974	989	1006	999	975	1022	1078	1078	1072	1054	1038	1013	998	991	987	980	979	963	963
920	921	913	910	909	907	908	914	930	952	964	985	982	976	1049	1081	1079	1076	1060	1039	1019	1013	1000	984	974	967	972	1005
922	920	916	916	914	913	911	913	921	935	945	966	960	1001	1062	1078	1082	1083	1066	1046	1033	1007	976	968	990	1005	1011	1035
920	918	918	913	911	912	914	914	913	919	934	944	953	1014	1049	1069	1072	1057	1038	1030	1009	990	998	1009	1013	1023	1032	1026
913	914	912	910	908	911	916	917	915	915	924	928	955	1001	1027	1045	1044	1036	1030	1020	1007	999	998	986	977	981	996	1010
918	919	919	918	917	920	919	922	920	920	917	921	944	977	1016	1033	1015	1013	997	983	980	986	981	978	978	987	995	1021
918	916	912	914	915	919	923	927	920	916	905	930	995	1083	1187	1277	1262	1121	998	947	949	962	965	989	996	999	1005	1017
914	912	908	909	911	914	917	922	915	905	900	933	1040	1236	1320	1345	1416	1452	1378	1157	987	952	934	944	961	975	967	993
957	943	987	1030	1036	1034	1024	1023	1006	987	969	961	976	959	949	959	962	964	943	953	964	981	987	1010	1033	1055	1068	1079
955	936	979	1026	1036	1027	1016	1005	986	977	970	975	981	975	986	983	973	942	937	949	979	994	1006	1029	1053	1065	1078	1081
957	941	973	1019	1042	1035	1021	1002	989	970	966	989	1001	1012	1008	988	947	938	943	953	968	999	1022	1044	1064	1069	1079	1068
954	937	968	1009	1040	1042	1032	1019	1003	980	970	1021	1049	1029	998	953	939	941	949	962	978	1015	1035	1056	1069	1069	1077	1065
953	930	963	1002	1033	1050	1032	1024	1012	988	992	1079	1072	1022	962	963	961	953	947	956	989	1022	1047	1056	1061	1066	1060	1047
931	927	960	1001	1022	1038	1035	1014	1003	989	1058	1118	1065	954	945	967	940	932	936	964	1003	1030	1052	1057	1058	1065	1052	1038
920	929	959	994	1023	1027	1033	1026	1009	1034	1168	1102	971	928	929	942	947	927	943	988	1027	1046	1057	1062	1064	1057	1056	1056
918	928	956	994	1022	1023	1024	1035	1022	1121	1174	1000	936	930	931	929	928	936	955	1007	1031	1053	1063	1065	1061	1057	1051	1058
913	929	958	995	1023	1036	1040	1048	1053	1138	1062	953	951	944	933	927	923	933	983	1027	1044	1061	1066	1063	1060	1063	1042	1043
915	930	959	1003	1031	1052	1058	1059	1043	1041	1008	968	963	958	928	913	920	958	1018	1046	1059	1069	1067	1065	1062	1059	1037	1036
910	927	951	994	1031	1047	1057	1057	1052	1032	997	982	993	952	919	917	927	996	1039	1056	1072	1078	1071	1066	1066	1055	1027	1045
908	922	945	982	1019	1040	1053	1064	1064	1062	1036	1038	1014	954	931	920	952	1026	1043	1057	1073	1083	1080	1069	1067	1056	1016	1034
911	913	933	961	1002	1028	1044	1055	1061	1062	1050	1036	996	969	947	931	981	1032	1038	1048	1066	1080	1080	1060	1064	1040	1016	1062
917	908	923	943	974	1007	1029	1042	1053	1052	1038	1022	1005	985	960	946	1002	1013	1024	1037	1052	1068	1076	1057	1044	1025	1065	1204
918	908	912	925	947	977	1001	1018	1032	1038	1028	1022	1013	994	968	970	1003	991	1015	1030	1043	1071	1074	1044	1034	1034	1055	1155
918	919	915	911	923	942	963	983	1005	1015	1019	1020	1018	1003	981	980	997	995	1018	1025	1053	1076	1061	1047	1058	1041	1024	1049
926	920	914	904	905	917	932	953	974	991	1007	1016	1016	1005	986	983	990	1005	1027	1041	1069	1073	1049	1064	1075	1049	1045	1050
927	914	906	908	905	909	913	921	939	961	976	993	998	986	976	978	983	1013	1029	1050	1058	1054	1060	1064	1060	1043	1039	1058
930	920	914	915	915	910	907	915	924	929	954	969	980	972	970	972	992	1018	1029	1041	1051	1059	1067	1061	1056	1048	1050	1064
930	924	922	922	922	918	916	915	922	924	943	956	958	954	954	972	995	1016	1025	1037	1047	1043	1055	1066	1054	1050	1060	1066
927	922	920	918	913	913	909	912	912	914	925	935	940	942	944	963	987	1010	1032	1047	1033	1036	1066	1067	1038	1058	1065	1071
931	920	919	918	915	909	907	909	906	914	920	922	926	930	938	955	984	1018	1045	1037	1023	1051	1072	1059	1057	1067	1071	1080
923	916	917	915	913	910	910	915	918	917	916	917	919	923	930	951	977	1015	1036	1035	1026	1063	1065	1068	1075	1078	1072	1078
926	912	913	912	912	912	918	918	910	909	912	915	915	916	924	935	967	1013	1031	1035	1018	1058	1066	1078	1082	1075	1069	1074
921	908	910	912	916	915	920	914	910	913	915	913	916	914	923	932	957	999	1029	1034	1017	1049	1065	1076	1075	1073	1075	1073
922	913	915	915	914	916	920	919	918	920	918	918	921	920	921	936	955	995	1029	1037	1031	1040	1067	1067	1069	1081	1085	1079
930	918	914	915	914	912	918	918	918	919	919	923	916	913	920	935	974	1011	1044	1037	1030	1034	1053	1068	1086	1086	1084	1085
938	921	913	916	915	911	913	913	916	915	917	917	906	901	933	1009	1082	1117	1166	1189	1151	1082	1033	1050	1060	1064	1066	1071
700	945	959	935	936	955	971	998	1025	1049	1047	1053	1069	1038	1112	1190	1198	1136	1039	1022	1057	1087	1066	1053	1065	1060	1074	1076
744	963	960	935	938	960	960	990	1015	1031	1048	1043	1063	1096	1172	1143	1101	1043	1029	1043	1078	1073	1069	1069	1067	1060	1074	1077
733	950	973	941	932	943	960	979	1004	1022	1043	1039	1079	1150	1133	1059	992	1023	1051	1070	1071	1079	1074	1069	1044	1056	1074	1073
695	921	984	959	937	937	951	966	995	1014	1029	1053	1086	1111	1092	1036	978	1012	1072	1080	1069	1081	1079	1068	1042	1056	1077	1080
750	945	973	947	933	936	939	950	971	998	1023	1063	1066	1052	1053	1051	1004	1029	1066	1070	1072	1080	1080	1065	1051	1059	1077	1076
891	971	947	925	918	924	937	946	958	983	1015	1049	1050	1003	1031	1048	1004	983	1030	1071	1067	1074	1074	1057	1047	1055	1068	1067
956	958	927	913	917	919	927	947	953	970	1006	1030	1036	1000	974	1005	1004	959	1028	1081	1071	1074	1072	1057	1049	1052	1062	1071
959	947	928	914	918	925	930	940	947	959	989	1012	1019	1007	980	969	978	969	1035	1081	1072	1077	1070	1060	1046	1058	1058	1079
962	946	926	914	916	921	929	938	942	953	980	998	1012	1033	1034	1004	978	954	1033	1074	1072	1073	1066	1053	1047	1055	1052	1071
958	936	920	909	911	919	928	933	946	965	981	997	1011	1043	1030	984	950	961	1003	1058	1069	1065	1060	1051	1049	1058	1051	1071
958	938	919	909	912	913	925	931	945	958	970	991	1015	1018	1004	990	963	956	968	1048	1066	1063	1060	1055	1057	1062	1056	1066
958	945	922	912	910	911	920	930	936	948	961	974	999	1001	1000	994	987	962	946	1029	1059	1068	1070	1061	1063	1067	1069	1074
942	959	930	910	909	908	917	923	930	938	948	962	974	991	995	992	983	961	940	1005	1055	1064	1071	1059	1060	1072	1072	1071
930	966	942	918	909	909	913	917	920	923	935	945	954	975	992	988	960	945	936	988	1049	1058	1068	1058	1058	1070	1075	1062
935	966	951	928	909	904	906	908	911	915	919	930	941	953	966	966	958	948	938	977	1051	1058	1066	1052	1057	1069	1074	1063
933	971	959	934	913	908	907	907	910	912	915	917	927	932	941	943	952	943	936	974	1054	1059	1060	1057	1062	1071	1068	1062
891	965	955	931	922	916	912	912	914	915	916	918	923	925	931	931	949	944	946	978	1065	1060	1063	1052	1061	1071	1071	1072
893	955	961	940	923	917	922	917	916	914	910	910	919	920	927	922	929	930	946	968	1053	1072	1057	1054	1054	1070	1072	1069
922	963	967	950	933	921	920	924	922	924	919	912	913	919	928	928	923	917	936	944	1041	1073	1060	1058	1068	1069	1066	1070
953	971	962	947	931	923	919	922	919	923	931	928	919	917	929	935	929	925	937	947	1017	1072	1064	1065	1070	1067	1067	1068
952	966	957	946	933	921	913	919	920	919	924	928	926	928	929	937	950	928	938	943	989	1069	1067	1066	1065	1064	1066	1066
906	963	957	940	926	918	917	913	914	914	919	924	922	921	923	927	937	947	938	934	968	1064	1072	1073	1066	1073	1075	1076
894	958	952	930	917	911	914	917	915	917	917	914	916	921	924	927	924	930	940	937	950	1049	1072	1073	1067	1075	1076	1080
902	967	950	927	917	913	917	918	920	920	919	922	920	919	921	917	920	922	925	931	930	1023	1063	1073	1070	1079	1075	1079
918	963	954	934	922	917	915	912	913	913	917	919	922	925	921	917	917	919	925	920	919	993	1052	1075	1077	1075	1075	1072
926	969	970	949	928	916	912	909	913	915	918	922	920	923	924	925	921	921	927	930	937	993	1050	1079	1080	1078	1077	1075
955	979	960	937	921	910	912	912	919	918	922	928	927	926	927	920	926	923	927	946	957	995	1039	1067	1080	1078	1081	1078
867	967	966	940	925	917	916	917	921	917	920	925	922	924	929	920	922	916	925	941	955	989	1031	1061	1075	1072	1069	1066
157	343	632	845	933	956	950	935	928	927	933	947	987	1019	1043	1042	1068	1077	1078	1072	1068	1065	1068	1070	1070	1075	1078	1078
173	390	689	892	964	965	938	923	918	921	930	942	978	1007	1023	1032	1050	1082	1080	1073	1070	1068	1070	1066	1063	1075	1079	1079
163	344	645	878	967	964	942	925	917	921	932	941	959	991	1011	1026	1034	1077	1083	1076	1069	1066	1071	1068	1064	1075	1078	1078
152	264	513	785	944	970	944	928	919	918	928	940	943	976	1006	1035	1045	1066	1084	1077	1074	1074	1072	1066	1068	1079	1082	1084
170	319	548	755	903	967	958	940	923	915	919	934	945	955	990	1033	1061	1059	1071	1077	1074	1069	1065	1071	1070	1077	1084	1085
283	528	748	883	938	958	949	933	921	908	911	922	938	951	977	1020	1055	1056	1066	1069	1065	1066	1062	1068	1069	1067	1077	1078
456	715	875	948	963	951	936	922	915	909	909	916	936	951	967	997	1026	1028	1047	1069	1069	1065	1065	1070	1071	1063	1075	1076
555	776	900	950	961	951	937	921	917	912	910	914	929	948	959	973	984	975	1010	1066	1071	1070	1064	1075	1074	1064	1076	1078
607	793	897	954	959	942	932	923	918	918	912	917	920	931	951	963	977	973	997	1055	1068	1072	1066	1067	1073	1059	1069	1072
629	811	910	960	959	940	924	913	906	915	914	912	914	919	941	957	964	959	988	1051	1063	1069	1068	1069	1069	1067	1067	1074
624	803	912	958	965	947	924	916	909	909	909	909	910	914	929	944	950	948	970	1037	1066	1072	1069	1069	1068	1063	1067	1073
561	784	922	964	961	947	935	920	911	907	907	907	910	912	923	929	940	948	949	1016	1065	1070	1073	1068	1071	1064	1068	1081
441	724	901	964	960	941	926	919	910	908	906	906	910	908	916	915	925	931	933	1002	1055	1066	1073	1065	1069	1066	1065	1081
377	616	821	945	974	950	926	919	916	912	906	908	912	909	913	915	915	920	933	994	1051	1067	1069	1062	1072	1066	1068	1079
384	570	745	891	961	958	936	923	915	919	919	910	911	911	911	911	917	917	922	979	1042	1063	1068	1064	1071	1068	1072	1076
397	598	745	867	948	967	948	935	915	912	924	919	912	911	908	913	918	918	916	964	1039	1055	1065	1060	1069	1067	1066	1068
343	538	752	880	950	974	955	941	926	917	918	927	926	919	918	917	924	921	923	958	1031	1055	1072	1063	1074	1073	1066	1075
354	486	668	831	933	974	974	956	936	928	914	916	933	936	921	916	922	918	920	944	1007	1057	1069	1063	1071	1074	1073	1080
390	516	650	782	901	959	971	960	954	945	923	922	918	932	933	926	921	918	918	928	974	1049	1068	1058	1067	1069	1080	1085
452	603	719	808	879	927	956	964	954	938	924	920	916	920	927	928	920	920	921	926	956	1031	1060	1061	1061	1068	1079	1084
454	640	729	792	863	925	958	958	944	927	924	921	917	917	922	920	918	924	923	924	938	1010	1043	1049	1057	1075	1079	1075
325	511	666	793	904	954	956	945	940	932	922	917	918	916	918	919	920	921	921	927	939	983	1033	1045	1065	1083	1082	1080
313	504	695	843	928	957	954	946	940	929	922	918	917	921	923	919	921	925	922	922	929	957	1017	1037	1066	1085	1084	1081
313	518	713	850	926	952	955	939	927	919	918	921	924	926	920	919	917	922	923	922	923	931	991	1027	1059	1078	1078	1078
324	511	694	830	922	954	955	949	928	918	910	911	915	916	916	917	915	917	921	923	925	921	957	1003	1043	1072	1078	1069
357	518	683	810	907	953	962	961	953	940	929	925	921	919	916	923	926	922	920	926	933	925	942	985	1027	1068	1078	1076
404	575	735	857	932	953	956	955	951	929	933	941	944	935	930	923	928	927	923	934	933	928	941	970	1018	1067	1076	1080
282	431	636	811	935	963	964	950	939	920	919	918	924	933	940	942	937	925	929	931	919	916	929	959	1015	1065	1073	1071
98	119	144	237	380	535	687	807	895	937	951	950	943	941	950	974	1012	1037	1058	1068	1078	1073	1077	1073	1072	1079	1075	1077
97	117	152	274	458	656	814	906	954	964	955	951	939	930	939	961	990	1023	1045	1061	1071	1074	1074	1075	1074	1079	1079	1081
98	118	148	261	455	678	841	925	962	964	960	948	938	928	931	950	970	1001	1035	1057	1067	1073	1073	1077	1076	1076	1078	1077
104	124	141	206	376	608	802	905	957	966	961	954	945	937	932	940	964	982	1019	1045	1059	1071	1075	1075	1083	1079	1082	1074
107	128	148	187	290	476	671	821	910	946	955	959	955	948	939	935	955	981	1006	1039	1054	1065	1073	1066	1081	1083	1082	1075
98	121	179	280	404	557	703	820	896	935	952	955	948	931	923	917	934	969	996	1024	1053	1058	1066	1065	1071	1078	1075	1069
81	124	223	389	563	735	852	919	960	961	956	945	937	922	915	917	934	956	983	1005	1027	1050	1061	1072	1062	1078	1071	1071
73	129	249	420	599	760	866	927	959	963	954	949	941	926	920	920	927	946	955	980	1009	1035	1049	1074	1069	1069	1073	1070
72	133	252	426	600	756	863	927	958	960	955	952	940	926	920	922	923	935	952	966	992	1029	1038	1063	1067	1059	1071	1068
72	142	263	434	610	765	871	933	962	955	951	947	936	927	919	916	921	929	939	951	975	1017	1036	1055	1068	1058	1066	1069
75	142	273	446	623	773	871	929	958	960	958	945	936	926	922	917	916	918	927	940	968	1007	1041	1055	1071	1060	1061	1070
83	142	281	455	625	782	887	939	966	976	956	943	936	930	921	920	918	918	915	928	961	998	1030	1051	1074	1058	1058	1074
89	132	264	452	633	783	887	950	975	974	952	943	936	929	924	921	919	921	919	925	952	983	1016	1040	1068	1056	1052	1071
97	124	215	383	594	777	891	950	980	977	952	943	931	932	922	919	918	918	921	927	952	986	1014	1039	1063	1051	1048	1059
96	127	187	306	483	687	850	944	979	981	972	947	940	930	912	914	912	915	915	916	938	980	1015	1036	1054	1055	1047	1056
104	138	198	286	422	597	763	882	957	979	977	962	948	940	920	917	917	913	913	915	928	971	1013	1034	1050	1050	1043	1058
111	148	215	312	438	585	731	845	921	966	981	976	962	952	931	922	919	915	917	916	920	960	1005	1032	1048	1065	1051	1061
114	151	208	285	407	559	709	815	882	922	953	966	961	959	949	936	927	923	918	918	920	940	998	1021	1037	1063	1060	1068
114	157	213	273	355	481	596	687	773	842	907	948	957	963	956	948	943	928	916	919	918	928	981	1012	1026	1051	1055	1061
104	148	218	291	356	412	474	579	740	861	930	957	962	959	960	949	937	925	921	915	918	923	962	1005	1012	1029	1049	1047
102	137	201	254	311	404	532	672	788	863	920	946	959	964	963	953	939	931	922	921	915	920	945	989	991	1009	1032	1027
113	140	184	237	342	475	592	695	780	843	892	923	939	957	959	950	942	932	923	923	920	919	932	970	978	1000	1023	1024
110	141	198	283	403	527	653	746	824	876	920	926	943	957	961	956	945	939	931	927	921	922	930	950	959	996	1019	1016
108	138	198	292	410	519	662	788	852	902	931	940	950	955	948	940	938	938	934	937	933	913	917	941	956	993	1013	1007
110	135	186	257	363	478	585	751	845	908	936	948	952	949	941	932	929	921	919	929	935	915	908	920	937	976	1001	998
112	143	191	247	326	434	521	685	827	899	937	953	958	953	943	945	939	929	921	920	926	924	920	915	927	968	994	999
118	155	222	299	407	511	594	704	814	880	931	952	959	954	952	946	943	939	934	928	925	923	919	923	931	962	998	1000
131	163	211	265	384	529	655	770	859	916	945	956	960	956	951	939	930	928	929	926	927	920	922	921	930	958	994	992
52	57	55	55	63	92	134	192	279	388	497	596	708	814	888	921	949	970	981	991	1001	1011	1029	1025	1035	1036	1037	1040
56	56	55	55	61	94	156	250	378	507	608	694	790	881	937	956	963	964	970	978	986	1003	1018	1017	1025	1030	1035	1037
54	57	57	59	62	90	160	268	399	523	624	723	824	894	935	957	964	963	961	969	979	993	1008	1021	1021	1029	1031	1032
56	61	64	65	71	87	146	246	378	494	587	669	756	846	894	925	948	955	966	977	986	994	1013	1022	1024	1026	1029	1035
60	61	63	70	78	94	125	188	293	406	480	536	620	747	846	891	920	942	967	972	982	998	1013	1016	1025	1033	1044	1050
61	63	60	61	71	98	136	202	288	398	480	570	705	838	922	948	959	971	971	972	966	981	992	991	1000	1020	1027	1031
63	63	52	48	57	103	166	275	394	524	618	723	833	896	944	959	968	964	963	960	958	959	978	983	997	1021	1031	1031
57	58	53	44	55	102	177	291	416	558	652	743	836	903	943	962	973	969	964	957	962	958	969	975	996	1018	1034	1028
57	57	50	43	57	105	184	289	418	557	648	742	833	905	947	966	971	966	962	954	956	987	963	972	988	1009	1027	1031
57	56	48	40	57	100	189	296	431	563	651	745	839	918	948	958	969	968	962	949	948	966	956	961	981	1003	1023	1027
57	56	48	43	60	105	189	298	435	570	667	763	849	907	941	960	963	965	956	950	947	944	953	969	989	1004	1015	1020
58	57	49	45	61	110	197	309	447	583	674	750	842	909	938	961	968	967	963	957	943	942	947	958	986	999	1012	1014
57	58	48	45	64	114	201	312	451	582	673	760	843	908	948	965	970	971	968	960	948	942	944	953	971	991	1007	1014
57	58	54	49	63	111	200	317	455	589	683	767	846	910	955	967	963	962	954	958	953	946	940	956	982	999	1012	1008
57	58	56	58	65	100	172	291	443	590	687	775	862	919	950	963	967	969	961	947	942	941	946	962	986	993	998	985
54	57	56	62	75	100	154	238	376	541	664	769	861	924	965	963	966	964	960	953	940	943	953	966	971	981	982	972
56	57	56	65	80	113	161	225	317	443	562	681	776	859	947	976	981	977	969	958	944	949	947	964	973	984	984	978
59	55	57	68	85	114	164	221	290	363	429	503	578	668	770	884	939	963	979	974	963	960	956	967	983	1001	998	992
59	57	57	70	90	124	162	206	246	299	349	413	500	582	661	786	863	906	948	946	956	960	964	970	982	985	985	978
56	60	55	67	92	137	178	203	249	315	392	486	589	654	740	831	900	938	955	963	966	970	963	972	979	976	975	967
57	58	57	71	94	132	176	212	267	323	384	442	517	587	687	777	854	906	936	954	962	969	964	971	982	973	964	955
60	60	58	70	89	119	155	199	263	312	348	397	450	527	657	763	832	882	918	944	955	967	973	971	980	971	964	958
55	59	59	68	84	118	153	196	253	319	379	435	467	535	640	738	819	867	897	933	948	956	971	974	975	976	969	964
56	58	59	64	83	118	161	213	280	352	402	456	528	628	709	770	827	871	894	921	945	952	962	969	969	971	970	964
55	55	58	63	84	116	154	201	274	358	442	522	609	682	749	805	866	896	911	929	951	957	962	961	964	967	968	963
57	58	61	73	92	117	147	185	249	330	417	509	606	690	758	812	863	889	914	930	947	969	977	968	958	965	972	966
58	58	60	71	94	131	166	203	259	325	405	493	583	665	738	806	863	892	918	937	951	963	980	979	965	959	964	968
55	52	60	73	96	135	169	214	279	349	419	501	576	651	723	788	845	877	911	935	948	962	976	967	971	967	963	961
114	68	63	63	60	58	55	58	59	62	73	92	126	173	251	327	411	510	608	696	775	831	875	900	923	946	964	967
115	69	65	66	65	62	58	55	47	54	70	93	132	204	300	388	475	563	643	719	788	841	867	893	925	949	964	972
116	68	65	66	64	60	57	50	43	50	65	94	142	213	300	385	473	555	641	722	795	842	870	898	927	953	964	966
115	69	66	69	63	63	61	54	46	51	66	92	128	186	251	320	396	465	547	633	716	771	811	842	879	909	929	947
116	69	68	70	66	64	65	58	57	58	72	88	110	151	209	270	337	406	477	550	612	663	689	709	742	780	817	855
115	70	66	67	64	65	61	60	58	63	73	92	129	184	282	378	467	558	635	719	782	826	850	867	901	930	948	959
113	67	65	68	66	64	56	50	45	54	63	101	148	223	310	398	484	568	644	726	797	841	872	898	930	954	973	969
107	68	65	66	65	60	54	45	42	47	67	103	148	224	310	395	480	566	649	725	799	842	871	898	935	956	970	970
107	66	65	64	63	61	52	43	44	44	66	100	149	229	314	394	480	563	646	731	803	854	871	901	934	957	965	969
104	64	62	59	60	59	50	42	37	47	63	98	151	229	314	396	487	569	657	731	804	848	872	900	930	959	972	970
101	61	61	65	62	56	52	46	39	51	67	102	157	230	320	406	488	568	648	735	808	851	871	899	928	956	973	974
107	66	64	66	64	61	56	48	41	48	73	108	157	232	324	405	489	577	653	739	808	851	871	896	928	956	972	976
105	67	63	65	65	59	53	47	41	48	69	105	158	232	325	405	492	575	657	737	806	848	867	888	909	924	932	931
103	66	64	66	63	59	50	44	41	47	66	100	156	229	324	411	495	577	656	736	801	842	855	861	870	875	880	900
104	64	63	63	61	60	52	45	42	44	64	97	152	226	317	406	494	579	655	734	797	832	823	807	820	846	899	943
105	66	63	64	63	59	56	53	48	49	66	95	151	226	324	414	500	582	668	744	794	806	789	791	837	908	956	972
103	67	66	65	65	61	55	55	55	60	71	96	134	191	284	390	492	590	670	753	781	769	771	804	850	905	940	962
99	66	66	65	62	61	59	56	60	69	83	102	137	171	196	266	357	455	551	638	694	728	723	719	753	793	839	891
101	66	67	62	62	58	61	55	62	79	94	114	150	175	178	217	271	328	401	469	535	573	593	651	720	783	831	872
95	66	66	65	61	58	57	58	63	77	89	115	149	172	176	229	286	355	419	495	550	581	609	640	677	723	772	820
89	65	65	62	58	56	56	58	61	74	90	116	144	161	176	213	251	314	391	456	520	565	576	604	637	682	730	789
92	62	64	66	60	58	53	58	63	79	101	128	147	157	187	213	251	306	365	431	494	536	567	588	620	666	716	767
92	64	61	63	63	61	59	62	65	79	100	130	150	169	197	223	265	313	359	422	476	511	535	564	601	635	677	730
90	64	63	62	63	60	56	57	64	74	90	113	139	171	200	228	266	312	354	399	435	469	502	530	566	603	643	686
89	63	65	60	59	58	54	58	61	67	80	100	126	163	191	225	274	318	371	413	452	481	489	504	509	534	607	651
89	65	67	65	62	57	59	61	66	76	88	105	131	166	201	236	278	326	384	438	479	509	525	558	572	570	598	647
88	64	65	65	61	59	58	61	70	80	94	116	146	177	208	242	284	328	382	445	485	507	522	573	634	651	670	700
86	62	67	63	60	56	56	56	67	75	91	113	147	179	203	238	276	324	379	444	496	520	554	585	627	640	672	728
