434	336	246	166	87	37	31	36	27	24	30	42	51	48	30	23	23	22	21	20	21	22	22	21	20	21	23	24
950	940	905	846	772	697	618	540	471	385	281	168	73	24	27	43	54	56	47	25	20	21	21	20	23	23	25	24
927	927	929	937	944	950	953	956	957	950	930	881	775	573	313	90	1	0	36	54	36	25	20	20	23	22	23	23
969	936	925	929	924	924	926	929	928	923	920	925	942	960	946	821	522	173	0	5	42	49	51	33	16	20	21	21
1059	1043	1011	997	996	987	1018	1036	1039	1032	1013	986	948	919	915	936	968	912	594	170	6	12	24	54	42	24	23	22
1037	1091	1099	1034	1042	1055	1062	1092	1116	1125	1098	1068	1043	1014	970	928	911	924	973	895	486	128	37	22	51	57	45	28
958	966	1000	971	975	1014	1050	1082	1105	1101	1070	1077	1111	1104	1076	1035	970	917	909	932	969	703	306	133	41	28	47	58
988	994	994	986	971	995	985	971	976	979	990	1032	1098	1143	1146	1121	1094	1024	928	904	912	969	774	433	263	113	37	42
1038	1048	1046	1046	1029	1014	999	967	952	945	956	951	951	1006	1078	1123	1134	1091	1037	967	913	916	963	758	498	371	221	87
1084	1095	1103	1114	1117	1110	1095	1076	1048	1006	990	1002	976	947	937	946	976	1002	928	1011	980	911	919	950	698	539	433	304
1106	1114	1121	1128	1131	1130	1128	1127	1119	1091	1059	1052	1042	1010	970	927	916	881	392	589	1050	956	907	935	894	646	559	460
1126	1135	1139	1142	1138	1137	1137	1136	1121	1097	1095	1092	1086	1059	1008	947	923	784	163	149	741	1050	922	911	954	780	633	555
1140	1141	1144	1147	1144	1147	1144	1135	1111	1109	1116	1118	1111	1087	1041	968	931	677	116	136	290	960	981	915	929	900	689	617
1143	1146	1147	1145	1143	1146	1138	1120	1115	1123	1130	1131	1125	1103	1055	985	943	542	97	154	140	584	1047	945	915	945	771	649
1145	1146	1143	1142	1141	1143	1127	1118	1124	1128	1136	1136	1129	1105	1058	989	925	394	128	175	163	234	932	1049	932	939	861	675
1153	1147	1144	1142	1141	1130	1121	1122	1127	1135	1137	1135	1127	1095	1045	974	913	507	200	178	143	129	569	1177	997	925	921	721
1153	1146	1143	1138	1136	1121	1112	1120	1128	1139	1136	1133	1120	1090	1020	913	808	675	221	142	131	143	254	1045	1130	926	937	780
1140	1132	1126	1124	1113	1106	1111	1120	1133	1134	1134	1131	1089	1027	900	742	610	526	229	111	125	155	162	639	1188	965	938	857
1111	1103	1102	1111	1106	1102	1110	1119	1130	1129	1128	1064	947	847	719	552	408	291	168	111	124	149	157	296	1011	1027	925	929
1053	1063	1085	1103	1093	1100	1111	1124	1127	1107	1038	922	818	700	529	350	215	146	118	115	162	154	153	147	742	1067	921	945
1024	1025	1061	1080	1084	1103	1114	1104	1061	997	912	816	712	551	345	186	163	148	139	149	209	141	150	138	554	1062	920	927
1051	1045	1031	1058	1078	1072	1034	996	945	887	816	729	610	401	205	139	172	139	169	184	156	124	145	138	505	1050	919	920
1050	1020	998	1029	1014	937	909	886	850	804	729	640	494	265	155	147	181	156	224	178	151	136	152	132	455	1029	924	919
996	984	973	980	878	799	800	785	750	695	625	529	347	182	170	146	163	188	214	183	142	160	156	152	378	985	937	916
1008	992	944	836	699	658	669	647	616	557	478	367	220	154	145	158	185	245	198	169	163	168	150	134	314	953	991	919
1030	1006	752	648	545	493	497	483	460	416	338	207	175	173	145	150	308	329	236	194	151	135	135	145	283	972	1103	951
855	858	466	492	405	356	339	314	304	265	217	167	183	192	147	266	310	206	159	150	136	150	174	179	320	988	1148	987
982	663	188	244	341	314	250	194	165	189	172	184	229	163	188	315	178	147	177	184	219	211	193	187	367	1016	1139	1001
810	731	639	517	389	279	218	162	109	69	43	31	23	18	19	26	27	24	25	24	22	20	21	24	24	25	24	23
946	957	970	975	971	951	919	872	825	760	672	557	415	261	114	36	34	48	35	22	22	19	20	24	24	24	25	24
942	930	920	920	921	925	928	929	935	942	953	965	972	942	827	584	269	63	33	41	27	17	15	21	22	24	23	22
1040	1016	993	980	954	928	920	924	924	926	926	920	916	917	939	971	931	697	313	64	37	56	41	21	22	20	20	21
978	1016	1033	1025	1040	1017	1001	1010	1016	1031	1031	1027	1004	978	946	918	918	951	912	608	182	11	42	53	26	23	24	24
918	936	977	974	1004	1045	1064	1060	1058	1067	1080	1102	1101	1089	1063	1018	953	917	922	943	779	309	18	37	60	37	25	24
999	990	1000	1003	1014	1049	1063	1059	1066	1072	1086	1095	1123	1134	1124	1103	1061	988	936	915	937	833	352	7	27	54	55	31
1101	1096	1100	1100	1097	1096	1094	1096	1092	1088	1080	1063	1053	1082	1117	1139	1150	1144	1005	954	915	940	828	292	0	18	37	56
1105	1108	1105	1104	1098	1096	1098	1096	1089	1079	1067	1044	1016	999	1031	1090	1110	1089	1040	1033	960	916	944	766	156	0	6	32
1108	1111	1114	1110	1103	1099	1092	1090	1084	1071	1063	1056	1034	1014	993	982	963	869	638	905	1039	957	918	950	572	12	0	0
1114	1114	1110	1111	1109	1103	1096	1098	1092	1076	1070	1080	1061	1039	1016	991	969	865	278	307	927	1039	953	934	894	237	0	0
1114	1115	1112	1112	1113	1110	1104	1104	1094	1080	1091	1094	1080	1059	1026	1003	984	865	347	159	385	1015	1030	952	966	587	0	0
1114	1111	1117	1118	1117	1116	1110	1105	1092	1104	1113	1113	1097	1077	1039	1002	991	846	472	268	106	655	1143	1028	952	861	120	0
1116	1121	1124	1119	1118	1114	1111	1102	1097	1115	1121	1118	1116	1091	1047	996	954	794	594	352	132	270	1100	1141	984	967	358	0
1119	1126	1120	1114	1114	1113	1111	1108	1112	1117	1135	1128	1111	1086	1046	953	935	861	668	410	207	122	666	1205	1049	965	645	0
1122	1122	1117	1112	1112	1115	1115	1115	1125	1131	1137	1127	1109	1072	1004	935	918	829	595	397	274	185	178	858	1116	956	875	102
1123	1111	1115	1115	1115	1115	1105	1113	1131	1136	1135	1124	1099	1060	998	883	753	635	527	423	350	238	114	326	1037	979	970	341
1109	1102	1101	1109	1109	1103	1104	1108	1120	1125	1119	1110	1077	1030	897	746	662	604	562	510	410	296	170	106	787	1027	964	680
1093	1092	1094	1102	1101	1101	1103	1104	1104	1111	1103	1044	956	881	777	703	666	645	614	541	456	328	197	97	529	1050	929	933
1070	1077	1087	1094	1096	1101	1106	1109	1108	1087	1004	901	826	786	760	731	717	697	651	566	490	344	240	155	371	1013	935	948
1048	1053	1061	1068	1081	1100	1103	1085	1024	962	889	814	757	754	771	772	747	698	643	585	513	375	297	206	268	926	970	924
1013	1013	1007	1024	1048	1025	970	948	905	875	839	793	753	752	768	756	731	686	636	590	524	418	334	191	185	800	1038	927
1016	1028	1022	1048	977	850	838	841	835	821	802	783	762	747	746	723	675	654	623	611	550	440	292	187	125	652	1123	944
958	1061	1042	1030	891	766	769	780	776	770	761	760	744	723	706	672	633	612	618	590	498	358	236	194	106	526	1161	973
989	1073	940	732	658	691	718	730	745	728	717	715	710	689	660	637	604	590	583	531	431	343	262	160	97	411	1113	989
1019	795	434	413	510	603	683	697	704	693	682	678	673	652	643	619	570	541	518	468	381	315	234	165	110	351	1070	1002
995	402	211	324	413	529	620	659	649	633	643	630	616	617	607	572	533	498	463	403	338	291	220	178	150	317	1012	995
1091	484	181	262	342	441	525	575	577	558	559	574	566	573	562	536	506	470	418	359	317	287	231	188	133	294	982	986
908	848	773	674	572	473	387	305	234	160	97	49	13	0	5	21	28	28	27	27	24	22	20	23	23	23	23	23
927	939	952	961	968	972	968	953	932	890	824	737	614	445	259	99	15	8	21	25	25	23	19	22	23	22	23	24
926	927	923	918	921	924	921	920	921	924	935	946	960	974	962	861	628	308	67	4	19	22	16	16	18	20	22	21
988	983	973	963	947	930	921	920	921	922	920	917	912	910	912	932	974	975	784	384	78	31	26	18	22	22	21	21
957	962	964	988	1011	999	983	981	981	988	997	991	989	984	972	948	919	914	954	980	721	233	41	30	24	23	23	23
911	913	911	916	942	994	1019	1022	1038	1048	1050	1049	1064	1071	1080	1067	1036	971	925	918	973	889	385	51	40	25	22	24
1022	1022	1018	1019	1020	1029	1053	1053	1056	1058	1053	1046	1054	1063	1083	1099	1116	1096	1028	965	916	947	943	423	39	57	33	23
1124	1125	1123	1122	1122	1120	1117	1122	1122	1123	1122	1119	1106	1094	1080	1060	1085	1119	1116	1074	994	922	942	926	312	18	60	34
1117	1118	1115	1114	1114	1114	1111	1112	1113	1113	1117	1119	1116	1059	979	959	1021	1059	1099	1120	1090	1000	924	961	806	121	24	58
1114	1116	1110	1111	1111	1114	1112	1114	1112	1114	1114	1063	986	848	793	809	933	995	987	1051	1119	1098	995	919	973	488	9	36
1115	1107	1106	1112	1108	1109	1110	1113	1108	1114	1065	857	827	716	687	729	929	1039	917	853	1016	1138	1097	961	940	816	103	19
1112	1110	1109	1113	1111	1113	1113	1109	1109	1096	959	760	786	641	635	713	899	1067	981	806	761	1052	1150	1047	926	951	299	5
1110	1112	1119	1126	1115	1111	1108	1107	1104	927	821	761	792	607	675	775	951	1036	980	932	735	663	1055	1097	959	965	520	0
1111	1118	1122	1112	1111	1108	1104	1103	1066	884	804	854	805	762	905	976	1010	950	900	986	818	516	715	1081	1012	948	726	26
1113	1119	1113	1110	1109	1108	1104	1097	963	912	783	871	951	995	1064	1032	967	771	797	907	861	690	516	906	1061	937	887	136
1118	1116	1111	1110	1111	1103	1099	1061	949	903	834	923	997	1075	1084	1008	941	769	833	835	836	842	589	531	1037	959	966	371
1116	1114	1111	1114	1108	1095	1108	1051	903	894	900	963	1072	1083	1060	994	990	982	983	959	969	917	726	409	852	1017	961	679
1114	1116	1117	1116	1095	1079	1108	1070	963	938	995	1069	1090	1083	1049	1025	1028	1011	1009	1020	1017	970	796	518	647	1035	949	910
1123	1117	1113	1106	1070	1059	1098	1081	1073	1070	1084	1099	1091	1071	1029	1031	1012	1035	1056	1070	1050	991	859	639	546	981	989	944
1113	1105	1099	1080	1031	1079	1097	1074	1066	1072	1091	1112	1088	1056	1042	1052	1016	1015	1029	1070	1041	1007	921	779	541	857	1075	934
1044	1038	1032	1029	1040	1069	1079	1067	1065	1073	1109	1114	1086	1066	1047	980	1025	959	942	1012	996	987	936	849	534	676	1179	960
1007	1015	999	1038	1033	1028	1092	1068	1051	1068	1114	1125	1093	1055	1038	998	999	969	1003	1050	1019	1002	963	859	516	526	1200	998
1035	1031	1033	1084	1096	1109	1089	1067	1061	1064	1101	1135	1095	1040	1021	983	979	972	983	1018	1001	989	983	819	586	467	1056	1038
1047	1039	1039	1076	1097	1103	1092	1074	1064	1072	1094	1134	1115	1056	1012	998	1005	1006	981	1000	980	959	916	790	658	432	847	1050
1084	1075	1021	1075	1112	1108	1100	1096	1089	1086	1096	1126	1124	1065	1008	977	1004	1000	1001	1001	1002	948	881	805	665	361	730	1051
1042	1001	979	1019	1095	1120	1117	1121	1120	1110	1112	1130	1125	1049	1004	1008	978	998	990	1006	974	924	881	817	620	287	688	1041
1056	847	905	963	1082	1115	1129	1136	1137	1133	1131	1128	1104	1027	974	989	1000	982	989	973	954	947	928	786	506	250	610	1047
1153	915	811	936	1047	1101	1113	1112	1113	1109	1108	1094	1052	1000	963	961	976	992	1037	1036	1014	996	915	721	466	251	558	1067
860	792	711	627	527	430	349	279	214	146	86	31	2	0	8	21	29	30	29	28	25	23	20	22	23	23	24	25
934	944	960	970	973	970	961	944	922	882	827	724	575	389	208	68	2	0	19	27	25	23	20	21	24	24	24	24
923	923	921	920	921	921	921	922	924	928	935	948	967	974	943	829	612	320	71	0	12	25	20	17	19	19	19	22
932	930	926	925	922	924	921	921	920	921	921	916	911	912	916	940	977	983	848	497	122	3	24	22	22	21	23	24
990	975	977	1000	1001	994	985	976	961	948	944	941	934	928	926	923	915	912	941	994	889	439	48	12	25	26	26	26
922	914	922	944	977	1014	1043	1043	1036	1026	1024	1034	1021	994	989	992	986	955	926	916	941	994	696	123	9	30	26	25
979	981	985	984	983	991	1014	1037	1044	1039	1037	1036	1028	997	987	1070	1082	1059	1029	976	931	913	980	786	133	21	29	26
1115	1115	1114	1114	1113	1114	1109	1102	1103	1104	1100	1093	1098	1093	1010	1031	1041	1031	1080	1092	1037	946	909	978	711	74	38	25
1115	1114	1114	1113	1108	1110	1107	1107	1111	1107	1106	1124	1037	677	361	481	852	992	990	1078	1130	1057	953	915	982	443	33	44
1114	1115	1112	1111	1110	1112	1109	1109	1107	1105	1126	838	288	34	0	0	265	919	996	1008	1099	1138	1054	947	935	852	112	52
1119	1113	1110	1112	1112	1113	1112	1109	1111	1133	820	120	12	20	19	22	111	712	1038	999	1029	1121	1134	1023	921	973	395	4
1112	1108	1111	1117	1112	1111	1111	1113	1126	872	192	8	30	10	13	21	113	687	1050	961	1005	1065	1109	1058	959	960	670	18
1113	1113	1112	1120	1116	1111	1112	1111	1115	522	8	29	32	6	17	34	199	831	977	938	1023	1055	1028	1041	1002	945	847	102
1112	1114	1112	1112	1109	1109	1088	1089	983	285	19	50	40	25	96	306	647	977	766	863	948	1010	970	1045	1022	955	941	272
1114	1112	1112	1112	1113	1084	1066	1080	684	236	58	79	97	244	642	1029	1038	758	545	682	819	979	971	1036	1037	980	971	536
1115	1113	1113	1122	1094	1017	1058	865	501	349	204	222	478	936	1112	1076	986	682	656	727	831	1002	1041	1024	1047	1017	969	809
1117	1113	1107	1080	1027	1011	1047	840	449	369	350	678	1041	1107	1052	1008	998	896	894	913	930	943	1022	1009	1018	1053	983	940
1115	1099	1064	1005	1017	1015	1047	1026	772	623	832	1066	1100	1063	983	947	980	985	948	934	934	952	918	890	1028	1112	1045	947
1090	1048	998	974	987	1028	1052	1080	1073	1062	1100	1103	1075	1006	963	897	1008	1013	1008	1001	974	1007	973	862	1045	1157	1116	952
1000	972	954	1006	999	1026	1076	1071	1060	1072	1090	1083	1048	987	983	1026	1049	1041	1050	1053	1036	1012	1006	1026	1057	1137	1157	994
970	980	948	988	992	1027	1068	1064	1063	1069	1082	1065	1012	988	938	789	768	838	893	953	1014	1034	1013	1009	1021	1000	1144	1022
1026	1053	968	955	982	1045	1058	1069	1068	1064	1078	1058	1010	987	930	745	763	648	453	545	784	796	944	998	971	915	1046	1044
1051	1044	984	1005	1045	1074	1045	1065	1073	1063	1073	1076	1028	974	898	841	907	921	747	579	616	682	801	990	981	945	994	1051
1050	1025	959	1001	1054	1035	1033	1046	1063	1072	1075	1078	1025	968	918	849	903	903	892	924	786	625	893	1012	994	993	1018	1068
1083	1022	948	1000	1066	1040	1038	1048	1052	1068	1073	1064	1015	985	992	902	878	887	905	914	919	910	1006	1012	1023	1031	984	1121
1116	1047	979	994	1066	1054	1053	1061	1058	1059	1067	1056	1024	982	988	988	910	906	931	946	971	1001	1019	1006	1063	983	847	1173
1142	1089	1020	983	1056	1062	1066	1064	1064	1066	1067	1047	1015	981	941	983	1008	967	992	1016	1033	1040	1059	1117	1117	973	764	1177
1147	1093	1026	996	1036	1061	1057	1059	1064	1060	1048	1009	972	958	936	932	985	1011	1041	1016	1041	1096	1144	1158	1127	979	748	1162
661	568	484	402	316	235	171	120	74	37	13	1	4	14	24	27	28	26	27	24	22	22	20	24	24	24	24	26
960	966	979	978	965	940	904	858	806	727	619	474	308	153	43	2	5	16	24	24	24	25	21	21	25	25	24	25
923	921	921	920	922	924	932	936	944	954	966	974	960	895	742	502	256	75	4	7	22	24	20	16	22	21	21	22
920	921	921	921	921	924	926	923	924	923	923	921	920	936	962	980	940	778	487	179	20	13	26	20	22	22	22	22
975	953	944	957	948	941	941	937	932	925	925	924	923	924	918	914	924	955	975	872	554	171	12	22	24	27	25	24
979	949	949	995	1021	1026	1033	1038	1034	1015	987	968	952	935	924	919	913	911	916	949	978	848	409	44	13	29	24	25
933	931	932	937	953	979	1012	1035	1052	1059	1042	1024	1012	1006	988	972	950	933	928	921	925	959	957	587	68	16	30	27
1086	1085	1085	1084	1080	1074	1075	1076	1076	1080	1065	1053	1049	1054	1050	1057	1028	980	977	969	944	921	931	979	624	55	25	27
1118	1118	1121	1119	1119	1117	1116	1117	1120	1120	1116	1117	1025	857	862	973	1055	1024	1029	1033	1019	982	936	921	981	484	27	28
1114	1113	1114	1113	1111	1112	1111	1127	1141	1127	1014	666	233	104	219	363	716	1036	1050	1070	1062	1067	1040	953	927	910	201	42
1112	1113	1111	1114	1114	1116	1128	1141	1101	855	337	40	8	9	0	1	132	775	1000	1007	1043	1100	1162	1060	945	962	588	30
1112	1115	1115	1120	1114	1127	1143	1106	780	243	22	37	40	36	30	8	0	646	1046	946	960	1031	1122	1119	1034	939	871	123
1117	1116	1115	1116	1123	1142	1122	883	373	107	31	33	27	26	24	2	132	859	953	921	926	968	1038	1112	1091	981	965	376
1114	1115	1113	1126	1141	1109	901	519	263	70	0	0	0	0	0	188	845	980	870	829	901	946	982	1076	1105	1039	970	685
1116	1117	1134	1138	1067	867	584	374	401	338	270	286	124	337	643	848	1026	1007	952	934	972	993	950	1039	1101	1078	975	920
1118	1127	1094	945	825	764	702	726	851	1009	1029	991	928	1029	1071	1013	1009	1018	993	997	1001	1022	985	979	1096	1094	1010	953
1086	1060	1008	944	906	919	965	1035	1074	1062	1051	1061	1063	1023	972	985	993	970	919	948	916	941	945	969	1088	1105	1046	943
1035	1013	1010	986	999	1010	992	1037	1068	1053	1013	1007	990	960	953	973	973	1019	973	942	949	956	857	950	1094	1110	1073	967
961	962	976	982	1024	1007	964	1018	1046	1017	961	945	946	954	912	936	970	997	1003	979	989	988	966	992	1054	1118	1089	1001
1014	1018	972	980	1029	1017	972	987	1041	1030	973	960	973	916	839	905	1006	993	1002	1021	1023	977	974	973	970	1051	1058	1027
1095	1078	998	1004	1060	1098	1013	956	978	985	963	947	920	887	854	884	923	959	966	964	966	972	957	934	937	977	1057	1051
1046	1034	1049	1029	1050	1116	1039	954	969	972	954	942	968	946	933	860	828	886	856	878	892	895	935	931	932	971	1090	1092
1024	988	1066	1080	1071	1108	1059	988	969	970	953	970	976	940	955	933	896	844	898	890	881	942	962	946	948	995	1113	1159
1028	1008	1020	1088	1085	1092	1061	1023	1004	967	947	999	961	922	945	949	909	863	900	898	913	959	967	979	961	988	1078	1223
1079	1037	1006	1076	1105	1089	1077	1063	1042	973	943	946	926	943	966	932	906	902	888	919	957	978	992	990	969	1014	1012	1208
1148	1044	1005	1056	1122	1105	1081	1082	1039	978	932	921	921	935	956	980	956	910	930	948	973	1000	1048	991	1017	1083	1051	1137
1157	1082	1006	1060	1078	1087	1101	1087	1066	1018	972	968	996	984	994	1035	1033	1001	990	962	880	1031	1054	1039	1082	1119	1119	1116
1152	1077	1036	1058	1034	1032	1063	1097	1102	1092	1077	1063	1043	1011	1007	990	987	1001	1047	1020	969	1054	1078	1102	1114	1137	1141	1107
286	218	160	108	68	38	21	10	7	8	13	20	24	26	27	25	25	25	24	25	23	22	23	23	25	27	24	24
922	896	866	802	730	656	567	474	382	284	182	90	29	5	6	18	25	26	25	25	23	24	22	23	25	23	24	25
928	934	941	946	952	959	962	956	943	918	865	761	604	406	206	63	5	4	17	25	24	24	20	21	25	24	25	24
923	925	925	925	924	926	927	928	925	927	934	947	959	946	868	687	421	185	43	6	18	25	21	20	23	23	21	23
923	925	925	923	922	926	927	925	923	924	924	922	918	921	935	956	937	803	542	255	64	11	24	23	23	23	24	24
982	953	955	973	970	964	962	958	950	943	932	925	922	921	918	914	923	951	949	824	539	220	35	15	26	27	26	25
949	932	933	964	1006	1025	1040	1044	1042	1033	1016	994	973	952	931	921	918	915	923	952	940	771	419	96	10	28	28	26
976	975	967	963	970	987	1007	1051	1074	1068	1060	1052	1040	1036	1018	988	955	928	919	916	929	958	903	589	154	17	30	27
1085	1088	1074	1065	1053	1051	1055	1071	1034	1028	1061	1074	1059	1065	1089	1082	1029	964	953	943	922	918	943	957	689	160	23	26
1119	1122	1119	1115	1106	1102	1095	926	638	464	403	521	701	813	931	1042	1061	1014	1005	999	980	948	928	933	971	642	91	30
1125	1123	1120	1122	1113	1094	971	683	325	81	0	0	77	213	356	593	900	1035	1008	1024	1033	1025	993	943	932	961	417	41
1125	1122	1120	1111	1103	980	706	337	58	0	9	7	0	10	95	280	644	1002	995	984	1026	1067	1067	1013	957	948	833	115
1118	1112	1107	1103	985	759	431	109	19	48	87	95	113	119	152	331	721	968	939	939	975	1047	1083	1091	1029	947	974	429
1110	1106	1109	990	779	567	300	191	189	240	327	360	361	350	379	625	943	907	758	807	930	991	1057	1098	1088	1008	948	795
1102	1075	905	712	523	358	371	450	472	580	637	587	618	693	798	949	1001	977	937	948	984	987	1006	1065	1101	1054	951	954
1030	825	482	272	294	414	554	680	832	986	908	766	727	810	933	953	1005	989	926	933	956	1000	989	1023	1092	1065	1001	923
1036	954	789	691	725	791	764	715	747	834	808	694	653	733	890	909	942	976	924	919	942	975	994	995	1079	1067	1036	939
1024	1083	1105	1098	1060	976	735	563	440	377	399	461	695	765	716	867	957	966	951	953	978	975	981	982	1046	1079	1046	977
1014	1080	1097	1100	1068	990	794	503	328	201	178	328	850	953	396	592	1004	981	981	983	983	980	976	970	982	1086	1056	1016
1066	1108	1126	1111	1116	1084	957	758	609	534	523	711	1001	501	183	394	950	1040	1060	1068	1036	985	974	943	939	1062	1085	1041
1033	1082	1157	1122	1113	1113	1023	954	1067	1214	1227	1218	839	242	182	439	1020	1112	1104	1073	985	938	934	924	934	1024	1130	1083
1032	1041	1116	1109	1106	1105	1060	944	946	979	971	923	794	481	520	958	1204	1195	1150	1087	986	934	938	938	930	989	1144	1154
1086	1030	1055	1089	1100	1102	1069	974	950	944	903	854	926	961	1058	1206	1268	1236	1158	1059	981	963	945	933	928	942	1041	1139
1117	1042	1031	1071	1061	1091	1063	1002	991	1003	989	970	951	1013	1141	1192	1262	1183	1056	963	941	932	917	915	946	939	949	1070
1145	1094	1040	1048	989	1038	1057	1032	1014	981	977	1000	964	937	1020	1125	1130	1026	946	924	986	981	959	940	937	932	922	1003
1154	1148	1068	1034	991	982	989	1000	1025	972	939	927	957	963	945	957	954	958	962	962	987	996	997	958	951	926	931	974
1153	1151	1088	1036	1041	987	974	1029	1066	1054	971	923	947	997	1004	973	931	968	988	988	901	755	900	944	971	956	975	990
1153	1118	1032	995	1006	1041	1019	1044	1072	1086	1069	1001	996	1004	983	968	933	972	989	949	877	784	897	914	974	1005	1014	1022
19	7	0	0	3	9	15	21	24	27	29	30	28	26	25	26	25	25	25	25	23	24	26	23	26	24	24	25
610	543	465	384	296	214	147	86	36	6	0	0	13	24	28	27	26	25	26	25	23	25	24	24	25	24	26	26
967	974	975	964	952	918	872	800	704	576	417	244	98	15	0	8	21	26	25	25	24	23	23	25	25	25	26	25
922	923	925	924	929	932	937	943	954	962	957	913	794	588	335	122	22	12	18	23	23	22	21	23	24	24	24	25
921	923	925	923	924	924	921	922	921	919	919	928	946	962	930	772	484	191	43	22	26	25	24	23	24	25	24	24
928	925	926	922	921	920	922	921	920	921	920	921	920	918	927	953	957	818	487	170	39	25	25	25	27	25	26	25
982	954	958	982	992	991	980	969	957	940	926	920	917	922	917	918	924	952	952	762	401	118	29	26	26	28	26	26
933	922	924	951	995	1022	1032	1044	1054	1043	1032	1009	977	953	934	923	919	922	930	961	919	658	271	57	32	29	27	26
935	943	927	918	919	931	977	989	965	1028	1062	1060	1055	1045	1023	992	954	930	921	918	937	965	839	447	94	38	31	27
983	1007	994	975	953	1001	867	351	274	495	716	976	1083	1082	1073	1067	1024	962	948	929	915	921	956	923	556	104	44	29
1008	1027	1013	990	1013	704	206	22	37	117	206	431	775	976	1051	1079	1050	998	994	980	947	922	915	943	950	541	62	56
1018	1007	981	1043	845	306	238	267	311	390	429	394	496	684	875	1012	1054	1037	1030	1027	1013	978	942	918	943	941	390	27
991	973	1034	973	609	552	606	672	720	730	765	827	859	848	894	965	965	978	996	1030	1052	1043	1014	968	924	956	860	161
1004	1047	1035	667	699	585	459	502	773	866	692	827	844	957	988	957	970	961	890	954	1029	1054	1058	1043	990	928	979	605
1080	1086	747	668	676	427	303	249	473	812	413	277	235	419	852	996	993	967	977	1011	1002	1004	1062	1066	1057	988	925	945
1065	966	861	958	685	314	159	98	237	653	203	65	68	108	610	882	991	959	898	952	1011	996	1030	1072	1074	1048	955	925
1075	1059	1080	1062	857	310	91	62	183	546	198	55	45	236	603	353	825	1043	982	1031	1043	996	972	1046	1081	1063	1020	925
1098	1113	1115	1106	1012	553	136	103	189	572	423	166	176	571	356	213	583	1029	1019	742	539	646	916	973	1050	1080	1048	980
1146	1137	1121	1113	1069	826	362	150	198	561	737	647	763	836	345	238	484	913	716	362	325	428	802	936	969	1072	1059	1030
1138	1141	1118	1099	1076	968	785	606	556	652	743	781	897	919	781	603	703	1077	1212	1140	1110	1083	1003	908	936	1010	1070	1034
1065	1081	1042	1064	1094	1060	958	968	854	584	407	301	344	642	873	932	1130	1304	1359	1386	1374	1272	1029	930	951	954	1056	1042
1080	1079	978	1006	1064	1096	1006	916	614	655	315	105	95	331	876	1064	1239	1304	1321	1297	1124	927	852	907	946	926	988	1057
1088	1098	1098	1082	1050	1096	1013	875	581	702	548	169	272	569	902	1166	1254	1328	1363	1215	932	768	785	914	936	919	931	1042
1118	1148	1150	1123	1083	1057	974	917	744	679	877	857	964	1080	1106	1211	1307	1404	1366	1242	1174	1125	1066	1002	937	929	924	998
1142	1152	1132	1108	1094	1059	980	959	1059	1118	1167	1191	1241	1315	1279	1249	1325	1310	1263	1228	1201	1144	1060	968	929	945	934	969
1153	1156	1146	1075	1077	1067	1017	973	1001	1142	1218	1168	1110	1229	1199	1098	1170	1196	1148	1135	1086	1008	973	941	923	938	941	967
1156	1156	1162	1077	1056	1073	1035	989	995	1091	1140	1077	1018	1174	1156	1014	1087	1181	1134	1017	923	800	919	947	947	926	928	953
1119	1115	1058	1015	1040	1085	1079	1036	988	967	993	956	964	1087	1099	993	1019	1148	1113	975	930	892	938	928	945	938	936	928
17	20	24	26	28	29	30	29	30	28	27	28	27	26	26	27	25	26	25	26	25	25	26	26	26	26	26	24
135	104	75	52	30	15	9	8	11	16	24	28	29	28	27	27	26	26	25	25	24	26	26	26	27	26	24	25
778	752	706	653	585	500	416	316	211	116	46	11	8	19	26	27	25	26	25	24	26	26	27	26	26	24	25	26
959	966	964	965	970	962	950	921	864	766	623	429	230	92	29	22	32	29	24	24	25	25	25	26	25	24	26	25
923	925	923	922	926	926	929	938	944	954	961	943	859	679	424	180	45	34	49	40	24	24	26	25	23	25	24	24
922	925	925	920	921	920	923	928	921	921	920	927	945	963	938	799	508	184	22	33	52	33	23	24	26	26	26	24
935	932	928	925	923	924	921	920	920	920	918	918	921	922	930	954	949	805	462	121	12	45	48	29	25	26	26	25
974	958	956	978	991	983	983	984	971	951	939	928	920	919	921	919	927	955	940	729	336	55	16	57	41	25	26	26
929	921	927	938	957	970	977	996	1018	1027	1028	1020	1004	967	937	922	922	919	932	958	883	570	175	4	49	46	25	27
920	915	917	916	933	965	950	887	931	992	1018	1019	1046	1047	1030	993	947	925	922	916	940	944	737	302	18	49	42	24
920	912	913	943	1002	952	857	834	867	941	978	1000	1022	1029	1039	1040	1003	947	939	927	914	924	951	818	374	30	52	52
911	908	945	973	787	670	779	931	871	679	746	937	1011	1012	1029	1044	1030	994	977	962	941	922	918	947	833	356	15	48
925	962	1018	689	273	275	361	640	417	234	203	627	854	904	960	951	999	1047	1038	1019	1004	971	931	915	946	808	273	6
973	1011	946	546	219	170	217	426	250	183	160	508	343	413	821	948	952	1006	1038	1045	1038	1033	1002	950	922	952	751	154
1063	955	792	666	369	292	372	544	307	238	427	349	78	90	313	954	976	921	957	1002	1045	1045	1028	1016	970	929	954	613
1078	941	726	565	464	470	603	696	707	699	676	234	97	74	202	838	945	841	868	956	929	1030	1050	1014	1015	980	933	923
1049	988	801	517	301	333	446	544	866	946	751	258	131	230	511	863	962	886	878	995	937	928	1003	1050	1013	1027	988	931
1080	1055	1003	811	453	289	266	255	625	971	893	657	534	651	627	628	933	1026	1001	855	475	211	459	938	1061	1034	1050	977
1138	1084	1051	1003	864	371	200	226	427	879	978	960	904	636	369	434	372	502	774	587	190	74	131	458	977	1071	1056	1050
1154	1079	1059	1016	944	775	468	638	704	756	946	923	950	781	572	446	81	230	763	973	559	327	183	235	678	1048	1064	1056
1077	1096	1008	1033	1038	1020	978	1005	978	824	743	680	777	908	935	748	385	475	898	1141	943	612	405	416	466	913	1066	1058
1053	1086	1026	1072	1101	1101	1006	707	769	769	862	686	652	821	977	961	925	933	961	939	891	957	708	308	338	845	1024	1065
1025	1051	1077	1097	1095	1098	1051	845	676	689	892	839	736	877	921	935	948	1009	1055	755	414	512	507	393	694	923	962	1064
1057	1128	1143	1045	1074	1086	1064	1022	865	814	995	1155	1017	1025	979	946	980	1118	1244	1251	1153	1130	1108	1099	972	903	937	1052
1143	1161	1162	1064	987	1018	1009	1031	1216	1268	1317	1331	1153	1060	1056	1008	1126	1139	1259	1409	1421	1415	1384	1160	931	918	931	1030
1144	1152	1162	1080	984	1019	1050	1021	1174	1323	1339	1289	1117	1152	1220	1187	1301	1320	1270	1305	1350	1310	1129	941	921	938	934	1013
1110	1140	1140	1010	986	1032	1077	1081	1046	1229	1296	1204	1145	1315	1349	1282	1353	1408	1378	1327	1297	1234	1038	908	922	937	932	995
1086	1064	1022	1007	1044	1049	1106	1113	1006	1014	1123	1093	1148	1348	1388	1304	1306	1410	1431	1378	1319	1218	976	914	915	922	933	961
29	28	28	27	29	26	26	25	25	26	26	24	24	26	24	26	26	24	26	25	26	24	25	24	25	25	25	25
13	12	14	17	20	21	23	25	25	28	26	26	26	26	24	26	25	24	25	26	26	24	24	26	25	24	24	25
158	146	127	103	79	56	38	21	12	11	18	24	26	24	24	26	24	25	25	25	26	24	26	25	24	25	25	26
726	725	702	657	588	527	466	376	273	169	87	39	29	38	43	37	29	24	24	26	26	25	25	24	25	25	25	24
949	949	949	951	945	942	929	899	846	744	593	402	214	82	28	32	53	56	41	24	24	26	23	24	25	25	24	25
923	924	924	926	925	925	925	930	934	943	938	900	791	599	354	133	14	9	48	60	36	22	24	25	25	24	25	24
922	924	927	923	921	921	920	921	923	922	922	925	942	931	866	694	410	138	6	16	57	56	36	25	25	25	24	24
938	943	936	933	939	946	944	937	927	921	918	917	922	926	931	941	898	702	366	88	0	25	55	58	29	24	25	25
970	970	966	984	1002	1011	1019	1019	1010	993	966	938	926	921	919	921	927	944	884	623	245	23	1	39	62	30	22	25
955	932	930	949	971	973	980	990	1001	1000	1012	1016	1004	970	936	922	918	918	931	943	806	425	85	0	34	61	28	24
956	948	953	969	1005	991	984	1006	999	999	985	981	991	1000	1005	987	944	922	917	917	938	903	582	153	0	33	64	37
989	1039	1040	832	590	444	396	610	751	735	869	947	979	999	1013	1015	985	948	926	917	915	929	949	693	216	0	27	58
1035	897	685	585	262	109	69	173	202	115	394	721	730	862	973	997	1024	1007	976	947	929	918	919	961	725	194	5	24
888	382	310	586	402	177	112	206	210	41	246	481	294	353	823	965	957	1016	1031	998	996	968	927	919	954	691	179	7
792	145	108	411	617	488	283	374	339	153	477	528	220	207	633	1012	1011	1009	1011	1027	1017	1021	995	946	920	965	700	128
890	246	107	171	395	726	840	902	770	676	839	666	347	461	736	987	998	1011	1023	1006	1020	1050	1052	1010	961	921	963	597
1009	729	265	188	282	534	882	937	950	953	967	825	683	730	793	950	985	928	980	999	972	1028	1073	1053	1016	976	928	928
1032	1011	835	518	462	698	859	868	928	959	987	970	952	724	352	361	836	1046	1013	1018	987	835	900	1063	1051	1020	984	934
1120	1033	981	923	941	993	904	869	944	971	978	976	971	473	105	102	399	845	988	1025	779	561	572	835	1060	1045	1029	977
1120	1022	967	936	1009	1085	1001	959	953	963	958	981	975	593	106	191	473	555	800	935	597	413	421	503	865	1079	1037	1027
1060	1126	1031	999	1004	1054	1006	980	991	1050	1037	1004	968	933	733	747	734	608	834	878	466	223	254	411	609	1025	1065	1027
1062	1095	1096	1089	1057	1065	1054	926	1112	1146	1134	1096	987	969	974	977	958	961	945	565	356	378	276	452	617	957	1067	1042
1091	1104	1123	1106	1094	1105	1099	1080	1156	1147	1134	1112	992	951	958	956	957	969	1026	723	530	600	681	763	855	945	1038	1064
1123	1142	1154	1094	1076	1113	1111	1116	1133	1138	1135	1085	956	931	945	955	956	1006	1230	1379	1348	1348	1321	1053	926	926	1003	1068
1195	1156	1158	1130	1003	1070	1103	1109	1097	1103	1117	1036	941	918	930	944	986	1071	1307	1412	1423	1431	1361	1008	922	924	966	1059
1132	1164	1166	1113	958	992	1053	1090	1105	1099	1107	1049	948	1039	1085	1024	1075	1160	1310	1392	1407	1435	1309	989	942	941	948	1052
1100	1172	1111	1009	980	982	974	1032	1114	1098	1092	1077	1123	1316	1377	1243	1215	1311	1295	1375	1414	1441	1256	1041	995	939	938	1047
1161	1137	1070	1022	1007	957	1048	1077	1075	1093	1085	1091	1249	1370	1404	1364	1291	1283	1273	1371	1411	1368	1157	1079	1037	954	936	1047
25	25	24	24	26	23	26	24	25	25	25	23	25	26	24	25	24	25	25	25	26	25	25	26	25	24	25	26
24	24	25	26	24	23	24	24	25	25	25	25	27	25	24	25	25	25	24	25	26	25	25	26	24	24	25	24
31	30	36	38	35	31	26	25	24	26	25	25	23	24	24	25	25	25	24	25	25	24	25	25	25	25	25	24
184	175	157	125	135	84	52	37	27	33	41	48	48	42	35	29	25	23	25	25	24	26	25	25	24	25	25	24
853	853	833	765	697	668	593	467	323	177	78	22	14	33	52	61	58	42	28	22	27	26	24	24	25	26	24	25
935	937	935	946	952	952	956	954	923	850	722	518	277	88	10	5	27	52	61	42	26	23	24	24	25	25	25	26
923	925	929	927	924	921	919	921	924	936	948	964	920	721	490	214	38	5	28	56	60	45	31	24	25	25	26	26
917	927	928	919	921	919	921	921	921	924	919	918	924	948	967	891	627	261	42	9	31	45	60	50	25	26	26	26
949	971	961	979	989	998	1000	981	968	946	928	919	922	921	919	929	964	916	626	227	22	15	28	52	53	24	25	26
950	947	949	988	1007	1010	1017	1030	1048	1036	1024	993	947	926	918	924	921	926	969	904	512	99	10	26	55	51	25	27
947	947	965	892	889	948	979	1004	1004	1016	1037	1055	1031	998	958	927	921	926	918	927	972	752	257	23	22	51	57	31
797	755	748	398	319	319	415	667	927	980	991	987	1003	1022	1026	996	948	924	920	922	912	958	901	423	99	19	43	62
777	614	535	564	293	91	106	149	435	830	931	957	978	969	980	1007	1003	961	933	921	921	914	934	946	497	64	23	34
777	370	291	580	551	164	172	175	200	475	747	747	837	807	902	983	986	1013	997	951	937	924	913	934	936	455	65	22
656	184	191	387	661	538	250	228	255	528	745	464	445	702	915	945	963	985	1019	1017	994	971	936	917	938	965	469	48
807	341	214	273	392	691	736	619	655	864	723	427	400	892	983	890	899	993	1003	999	1045	1046	1019	963	919	929	942	367
951	727	462	432	561	785	954	929	965	863	562	443	681	1010	954	908	897	947	1021	971	983	1052	1073	1048	991	923	940	862
974	979	912	846	979	1006	960	968	966	656	480	474	571	903	954	905	939	954	993	997	946	994	1065	1075	1055	1007	924	949
1110	1029	986	1008	1045	984	963	971	963	823	606	410	481	917	944	842	875	950	959	996	947	918	996	1078	1076	1048	1005	918
1109	1061	986	949	968	978	960	960	970	976	918	610	793	1033	898	833	846	914	976	989	1001	937	853	1039	1079	1064	1039	978
1106	1131	1049	1013	968	953	972	995	976	955	972	973	987	1005	974	945	951	972	978	944	794	742	713	981	1046	1083	1045	1030
1099	1086	1090	1079	1001	977	1080	1109	1082	1055	1043	1011	971	982	986	980	973	1040	1156	959	600	499	619	951	986	1051	1073	1037
1114	1166	1215	1091	1027	1054	1112	1117	1113	1113	1110	1098	999	958	968	956	1003	1300	1387	1136	775	630	793	978	938	987	1077	1049
1139	1192	1229	1246	1004	1067	1107	1110	1109	1110	1106	1112	1060	955	945	942	1122	1443	1434	1411	1266	1114	1110	1020	939	951	1046	1071
1146	1157	1152	1152	978	1005	1079	1102	1072	1089	1111	1103	1061	973	928	936	1200	1433	1425	1417	1285	1157	1115	1021	945	943	1008	1075
1145	1193	1167	1087	958	975	1042	1012	1035	1059	1101	1105	1025	990	976	948	1152	1330	1332	1282	1141	1171	1258	1283	1158	968	969	1062
1064	1167	1101	1038	1015	989	994	960	1038	1087	1102	1107	1063	1099	1208	1124	1053	1207	1178	1090	1211	1284	1353	1427	1382	1134	939	1052
1202	1205	1085	1035	1036	954	1011	1093	1063	1099	1101	1094	1140	1275	1397	1357	1168	1261	1220	1198	1274	1303	1349	1416	1378	1273	956	1042
25	26	25	25	26	24	25	26	24	25	24	24	24	24	25	25	24	24	24	24	25	25	25	25	26	25	24	23
23	23	24	25	24	26	26	26	25	26	24	24	24	24	24	25	23	25	24	25	25	25	25	26	25	24	23	24
49	51	51	40	25	23	25	24	25	24	23	22	23	24	25	24	24	26	23	25	25	25	25	26	25	24	25	25
64	49	47	58	89	56	38	43	48	49	47	45	37	34	31	25	23	26	24	25	25	26	27	24	24	25	24	24
677	649	579	484	482	441	341	240	145	77	37	26	32	46	58	59	45	29	24	25	26	26	25	24	25	25	23	24
949	955	955	950	947	950	940	905	833	731	588	397	219	84	15	10	41	62	50	28	23	24	24	25	24	24	25	26
920	917	925	926	925	921	921	924	931	945	964	960	901	758	533	263	70	9	37	59	53	41	26	24	23	24	26	24
918	922	931	926	926	919	917	920	921	918	915	912	922	942	964	912	708	397	121	15	34	49	60	35	23	27	23	24
929	945	931	934	941	946	942	935	926	920	921	921	922	915	915	926	955	942	775	424	113	12	33	63	34	23	24	24
958	969	967	1001	1026	1037	1032	1024	1008	981	954	930	919	920	921	921	917	917	947	944	727	312	49	35	65	37	22	26
940	936	945	964	966	974	991	1026	1045	1053	1057	1037	1000	946	919	918	922	923	917	919	953	888	508	105	31	67	44	25
585	565	829	937	893	860	863	915	976	997	1016	1046	1062	1052	1008	950	922	923	928	921	915	935	939	642	161	25	69	54
281	556	737	783	899	757	623	451	549	812	967	968	988	1027	1053	1047	999	938	922	923	925	917	926	951	698	175	28	61
285	824	642	561	810	721	312	103	95	274	789	933	893	738	776	976	1009	988	956	926	921	922	918	920	950	735	150	26
258	622	522	414	595	719	192	54	68	166	511	915	856	613	382	573	948	975	994	998	968	934	926	920	923	973	688	100
329	663	587	558	622	744	391	97	122	249	432	897	963	888	822	808	935	1003	971	1023	1076	1045	983	938	921	920	963	555
748	764	664	729	800	883	909	634	592	490	342	486	849	945	901	954	928	878	944	948	1019	1081	1069	1027	957	923	922	936
960	912	869	904	968	995	982	984	985	600	290	312	669	962	940	928	869	801	823	940	949	1023	1070	1070	1048	969	922	937
1121	1014	955	983	1007	981	966	952	954	693	438	499	725	981	1030	981	867	796	816	929	942	920	1002	1067	1065	1049	970	916
1140	1069	966	947	993	1008	975	956	951	963	921	763	882	1022	1042	1025	956	849	816	931	1039	1022	975	1025	1067	1063	1039	949
1067	1101	1016	973	974	983	971	984	985	965	980	976	971	1032	910	708	924	940	932	992	1139	1183	1136	1008	1035	1073	1052	1015
1033	1032	1032	1050	1061	1010	990	1034	1092	1058	1019	1006	970	995	992	915	880	915	1129	1169	1177	1169	1248	1167	996	1054	1063	1042
1109	1219	1156	1017	1039	1037	1038	1068	1115	1131	1101	1041	997	987	987	1008	1015	1203	1273	1239	1184	1185	1344	1342	1048	1004	1073	1047
1227	1198	1239	1204	948	1004	1042	1072	1097	1102	1121	1137	1151	1128	1016	948	1026	1222	1273	1233	1093	1085	1327	1340	1022	959	1066	1073
1183	1146	1185	1223	947	948	974	1030	1040	1088	1117	1135	1187	1259	1224	1031	971	1068	1186	1291	1231	1095	1156	1141	965	949	1032	1080
1193	1187	1134	1032	950	970	997	989	1003	1028	1081	1099	1181	1294	1323	1228	983	956	1068	1229	1297	1230	1015	943	974	948	987	1069
1106	1113	1060	1023	990	1002	1009	946	979	1010	1026	1053	1209	1301	1335	1323	1118	919	1012	1168	1204	1114	1086	1088	1124	1023	951	1052
1216	1202	1121	1054	1043	1017	951	1023	1070	1044	1064	1084	1184	1317	1370	1348	1232	1033	990	1017	1034	1096	1212	1329	1341	1175	947	1024
27	27	27	28	27	26	27	28	26	26	25	25	25	24	25	26	25	24	25	25	26	25	25	25	24	26	24	23
26	26	26	30	27	27	29	29	26	27	26	26	25	24	26	26	25	24	25	25	25	24	25	26	25	25	23	25
53	44	32	28	23	27	28	26	26	25	26	26	25	25	26	26	26	26	25	24	24	26	25	25	24	25	24	24
26	29	45	37	46	45	38	33	35	34	29	29	32	31	28	24	26	27	25	24	25	25	24	24	24	25	24	24
613	406	280	277	378	376	347	330	288	238	175	107	51	35	42	41	31	25	23	27	24	23	25	24	25	24	23	24
972	983	946	934	937	945	943	937	917	888	847	761	619	426	224	81	43	38	32	27	21	22	24	23	24	22	24	23
927	963	942	929	926	924	922	921	920	921	927	948	954	952	899	739	462	171	52	42	56	34	21	23	23	22	23	24
932	952	930	923	925	923	922	922	924	919	916	918	915	914	923	943	955	862	545	176	47	53	45	22	24	25	24	24
953	950	927	915	920	920	921	919	920	923	927	925	921	918	917	913	913	931	973	877	506	126	50	54	24	25	24	25
980	973	978	978	994	993	982	964	946	930	921	917	920	921	923	922	919	912	913	933	981	814	322	67	57	27	25	26
938	952	947	967	1007	1029	1031	1050	1043	1034	1005	969	936	915	915	920	924	922	917	916	909	952	950	517	98	65	40	23
966	983	971	959	979	981	981	993	1009	1026	1050	1069	1047	999	948	916	913	917	922	919	915	912	928	984	654	111	82	53
970	1036	1077	1018	995	990	924	835	871	934	989	1010	1046	1054	1045	1006	944	915	913	915	922	920	913	919	986	665	76	78
866	866	1019	1019	977	954	804	671	707	833	775	704	789	979	997	1017	1025	960	923	917	917	923	924	916	917	997	561	35
879	952	973	982	978	952	792	657	674	808	722	533	668	924	967	922	933	975	973	952	933	926	933	929	918	934	973	374
826	976	985	992	995	962	894	775	748	806	925	977	939	885	932	736	595	703	945	1003	1025	1008	960	933	927	920	941	887
901	965	998	982	967	972	958	935	901	920	973	950	899	886	868	630	296	186	551	953	1020	1076	1059	1009	942	928	914	953
931	945	1000	986	997	1023	977	970	982	1004	991	970	954	934	913	517	159	87	183	814	947	1013	1081	1065	1029	951	923	916
990	973	948	961	955	962	961	946	953	991	1009	1040	1047	1020	916	394	128	72	132	721	1016	955	1010	1079	1057	1030	949	916
1085	1060	969	949	960	991	1050	997	952	946	955	975	983	990	972	531	148	129	253	853	1126	1177	1045	1021	1069	1049	1025	941
1080	1048	1010	948	934	974	1048	966	977	999	1011	990	960	957	982	939	691	635	737	1025	1301	1445	1357	1080	1032	1070	1048	1014
982	997	1004	951	959	1008	995	934	880	725	667	797	953	961	978	1012	999	965	998	1074	1349	1418	1396	1225	992	1054	1068	1051
1087	1181	1037	969	989	1057	1040	958	939	783	625	731	1094	1045	959	974	968	949	934	993	1286	1394	1363	1230	978	1010	1070	1061
1300	1304	1384	1080	941	973	1014	1014	1051	1274	1342	1379	1425	1299	994	941	938	909	921	959	1146	1355	1365	1178	966	957	1052	1082
1178	1123	1309	1132	941	932	939	985	1023	1199	1356	1393	1425	1318	1075	970	957	954	1027	1182	1259	1251	1219	1160	1039	946	1014	1080
1173	1254	1136	970	968	961	1021	963	996	1053	1201	1302	1311	1192	1126	1080	1000	1005	1143	1272	1280	1199	1120	1035	1070	978	963	1057
1139	1203	1062	1015	999	980	985	939	982	1022	1009	1041	1124	1179	1147	1160	1082	1042	1173	1235	1149	1095	1142	992	1123	1094	940	1027
1136	1128	1174	1142	1055	1045	991	963	1095	1105	1021	1060	1111	1166	1118	1137	1175	1126	1169	1114	1180	1178	1212	1365	1384	1323	1065	988
25	26	26	25	26	26	27	25	26	26	25	24	26	24	25	25	25	24	24	24	26	24	24	25	25	24	24	25
27	28	27	26	27	27	27	25	27	28	25	25	25	24	26	24	25	25	24	24	24	24	24	25	24	24	25	24
35	26	24	24	25	25	25	26	25	26	26	26	25	26	25	25	25	25	25	23	23	25	24	25	24	25	24	24
54	48	47	34	44	40	28	28	23	9	4	6	18	25	24	25	26	25	25	24	23	23	25	24	23	25	24	25
231	106	82	202	415	484	558	589	564	497	402	276	145	59	14	12	21	25	24	25	24	24	24	23	24	24	25	24
799	553	748	900	954	959	958	959	962	968	964	945	872	711	475	220	56	10	23	26	24	21	23	22	22	24	24	25
989	890	1008	927	917	916	915	914	913	912	911	913	935	952	968	922	708	352	94	40	61	28	22	23	24	25	26	26
971	1011	943	918	919	917	919	919	921	920	919	914	917	914	909	915	953	965	767	355	86	46	26	23	27	26	27	27
948	958	931	917	916	919	920	917	918	919	921	921	920	918	916	915	912	910	945	961	719	273	51	21	26	29	26	26
973	986	961	928	940	940	932	923	916	915	915	917	918	918	919	920	918	914	912	912	951	930	551	115	25	28	27	27
974	1003	982	960	1005	1017	1015	1014	990	973	945	922	916	916	914	916	918	919	918	912	907	920	975	759	207	33	31	25
960	960	947	941	944	974	1025	1045	1044	1052	1046	1024	973	937	920	915	914	912	916	918	914	914	912	960	854	242	60	47
981	876	916	902	915	973	794	730	960	1012	1004	1019	1042	1028	986	949	921	914	914	914	920	918	917	914	954	852	189	48
693	381	711	921	912	1032	823	726	845	922	920	908	972	976	1000	1014	984	938	920	917	917	923	922	918	913	976	774	93
735	532	805	1005	1015	1074	1098	1053	973	922	940	912	952	949	972	960	962	998	952	933	929	926	929	927	916	932	977	568
1040	969	982	994	1024	1058	1094	1052	1008	943	926	966	978	970	835	456	575	757	939	968	964	963	937	927	928	915	915	944
971	984	1015	1003	985	1019	1019	1033	981	973	967	974	960	930	728	539	482	332	704	966	1005	1045	1034	971	923	922	912	919
954	973	962	979	982	1004	992	1004	999	984	996	994	964	955	808	687	406	242	617	950	941	1017	1064	1043	997	929	922	913
942	949	961	970	982	974	980	970	976	978	978	982	966	1015	903	605	423	508	891	1195	1179	1011	1027	1071	1047	1017	938	919
970	1008	1012	1009	1008	1025	1017	966	953	967	959	952	963	953	837	562	623	917	1218	1420	1444	1290	999	1030	1079	1052	1024	942
976	1018	1054	1005	967	986	1015	995	986	968	976	981	978	921	752	759	1018	1184	1301	1413	1432	1379	1100	927	1047	1080	1052	1021
952	997	1039	964	937	935	967	971	732	520	637	866	980	968	814	844	1046	1113	1159	1281	1319	1241	1040	928	960	1075	1071	1051
1055	1079	966	956	944	957	1062	1020	584	341	620	897	1034	971	919	914	1079	1169	1186	1245	1258	1143	992	932	925	1018	1080	1056
1245	1406	1105	962	961	993	1078	1056	1174	1266	1336	1288	1146	981	947	954	1054	1176	1243	1330	1392	1336	1199	1029	932	956	1056	1080
1156	1176	1204	992	953	949	959	963	1132	1329	1346	1348	1205	986	919	936	975	1069	1180	1301	1391	1370	1288	1191	1073	942	1004	1076
1255	1291	1092	955	964	990	1031	927	961	1121	1295	1351	1292	1022	933	978	1014	1007	1007	1054	1136	1207	1262	1366	1289	1001	949	1053
1188	1125	996	1000	952	933	943	961	1029	1019	1070	1218	1235	1137	977	1022	1072	1046	1006	947	917	1004	1303	1431	1368	1033	936	1018
1154	1140	1095	1026	976	1022	1033	1039	1102	1107	993	1050	1212	1272	1132	1003	1135	1170	1108	993	977	1022	1201	1309	1263	1059	960	991
25	25	26	24	25	25	26	25	26	26	26	26	26	25	24	26	26	24	23	26	26	24	24	24	25	25	25	25
27	26	27	25	25	25	26	26	26	27	25	26	25	25	26	26	26	24	24	25	24	25	24	23	26	25	24	24
26	24	25	23	25	25	24	24	26	28	27	28	27	27	26	26	26	24	25	24	24	26	22	26	26	25	24	25
58	48	41	40	40	21	19	20	9	2	0	7	16	25	27	26	26	25	27	24	24	24	24	26	25	25	24	25
150	49	41	146	343	476	586	618	585	507	396	268	138	41	3	14	23	27	27	26	22	24	24	25	25	24	25	24
766	331	594	875	950	964	955	953	958	961	958	939	861	701	440	174	29	12	28	24	24	23	22	24	24	24	24	23
947	901	998	932	914	911	914	913	913	911	912	912	927	948	962	890	630	276	69	61	50	24	22	25	25	26	26	24
931	962	925	918	918	916	915	916	916	914	916	921	922	912	910	922	960	934	696	289	74	23	24	27	27	26	26	26
925	931	925	921	918	918	915	917	920	919	916	920	915	914	913	914	912	913	949	937	657	224	20	18	28	27	28	26
931	924	931	925	917	917	916	916	914	917	918	916	917	918	919	917	916	913	909	914	955	892	466	60	15	29	29	27
954	972	978	940	957	971	958	949	942	930	919	912	914	915	914	915	918	920	916	913	909	925	970	663	135	27	29	24
964	962	953	935	965	1006	1029	1025	1031	1018	985	948	921	913	913	916	914	913	917	919	916	916	920	965	754	167	52	39
952	905	914	935	957	978	996	1012	1032	1036	1017	1017	1010	973	939	917	914	915	916	921	924	923	918	915	964	750	125	54
979	960	918	855	810	679	558	605	772	925	980	972	998	1041	1044	1005	952	922	925	932	928	927	925	922	930	980	679	61
988	1017	869	705	606	497	385	309	439	505	663	927	937	865	959	1023	1031	985	936	923	922	919	927	926	922	919	967	496
1034	1073	949	770	723	745	635	540	641	438	505	885	750	358	512	883	1024	986	967	976	948	933	921	923	928	915	915	929
1044	1060	1042	1006	985	1007	984	977	986	883	869	1002	884	646	669	721	784	928	960	963	991	1010	994	937	918	923	917	919
1012	992	979	987	998	978	963	954	955	966	963	984	1047	1058	1050	803	427	646	956	937	959	1030	1055	1035	971	922	923	915
998	982	950	942	958	946	988	964	958	954	957	956	965	1021	985	977	860	943	1056	1017	954	938	1041	1061	1046	1000	931	921
947	935	938	955	980	973	952	939	951	959	967	953	957	879	629	696	1059	1221	1231	1168	1056	936	935	1053	1069	1047	1013	937
932	999	1074	1046	1009	991	962	956	953	958	971	968	968	849	547	613	1106	1293	1324	1328	1231	1012	905	941	1057	1066	1041	1017
934	1017	1056	983	945	952	947	964	963	957	995	973	965	953	559	627	1124	1259	1278	1304	1282	1150	957	912	965	1070	1054	1034
977	982	977	971	952	893	918	1004	1019	932	997	987	953	993	756	713	1169	1319	1371	1379	1316	1231	1099	934	928	1021	1083	1042
1094	1035	1002	1024	862	692	736	839	982	1111	1108	977	941	974	1036	954	1155	1287	1343	1353	1344	1279	1218	998	928	965	1066	1078
1187	1099	1010	1028	996	963	960	951	1025	1125	1133	1049	951	947	997	1010	1000	1098	1211	1214	1188	1238	1294	1133	935	935	1024	1077
1370	1200	1007	1005	1008	1045	1055	1000	1017	1081	1113	1098	1013	959	973	965	952	937	973	1028	1037	1182	1310	1297	1049	923	975	1070
1190	1151	992	1000	959	1005	983	997	1064	1107	1075	1072	1010	983	965	951	954	986	962	947	981	1130	1357	1399	1246	969	945	1055
1151	1116	1008	990	946	949	1022	1068	1089	1098	1037	996	1049	1085	1007	981	1161	1273	1215	1066	956	1137	1363	1383	1310	1025	922	1035
25	25	26	26	26	26	26	26	26	26	27	24	26	24	25	25	25	25	25	26	26	26	25	22	25	23	26	24
28	27	27	26	26	27	26	26	26	25	28	24	26	25	28	25	25	25	24	26	26	25	25	23	25	25	24	25
26	27	26	26	27	26	27	27	26	29	28	26	27	27	27	24	27	25	24	26	25	25	24	25	25	25	23	25
24	39	42	40	29	17	10	4	4	5	10	19	25	28	27	27	27	25	26	25	25	24	25	25	25	24	22	25
387	185	86	101	191	280	363	392	368	300	206	109	36	5	10	24	26	26	26	24	25	24	25	25	24	24	23	24
963	892	809	793	864	925	948	957	954	946	911	835	680	444	199	43	9	28	31	24	23	24	24	24	24	24	23	23
919	949	944	941	929	916	914	915	914	912	917	929	950	961	901	700	371	111	58	57	27	25	25	26	25	24	25	24
922	919	922	921	920	919	919	917	918	916	916	922	911	913	919	951	958	801	431	132	27	23	26	27	25	25	26	25
923	921	922	920	919	919	918	917	918	918	917	924	918	916	917	911	912	937	961	810	396	68	15	27	28	27	27	26
921	924	925	922	917	917	915	916	915	917	915	925	925	917	918	914	912	911	910	939	957	675	193	11	25	28	27	26
976	940	967	946	948	948	930	920	917	925	932	933	919	915	914	917	917	917	911	912	916	958	849	343	36	32	25	24
949	939	952	956	1036	1036	1029	1007	996	976	949	925	912	912	913	916	915	919	920	915	913	910	937	929	447	62	52	31
957	933	931	946	994	1027	1052	1066	1069	1063	1058	1030	992	948	920	912	914	915	916	921	918	923	917	927	947	472	39	83
904	948	945	846	701	701	762	838	969	1014	1043	1065	1072	1064	1024	960	920	914	914	918	930	943	927	917	926	958	438	20
361	405	409	449	227	211	309	454	671	408	438	706	927	953	1032	1041	1006	942	917	910	916	922	925	919	915	923	934	332
367	497	698	648	372	282	396	582	439	18	0	153	529	344	617	975	989	990	984	961	928	917	919	925	922	911	926	887
933	987	1005	955	902	849	801	873	720	270	138	445	694	237	432	856	705	834	959	987	990	983	957	919	919	923	911	921
968	969	972	994	980	977	923	919	965	854	747	913	1029	858	936	798	334	509	923	934	980	1052	1057	1017	944	918	918	915
974	986	973	958	956	950	966	952	954	968	958	980	1040	1057	1089	973	765	829	932	906	927	992	1063	1055	1039	971	922	919
964	960	948	930	941	953	986	998	981	965	952	958	1002	1046	1082	1072	1056	1037	989	974	963	977	996	1064	1050	1045	996	928
942	1050	1073	958	934	959	983	994	981	971	964	947	961	1017	1113	1111	1069	1130	1272	1294	1192	1068	1000	995	1068	1048	1048	1000
978	1040	1031	943	965	952	912	1067	1051	978	975	971	953	958	1033	1075	1093	1312	1430	1402	1322	1242	1058	979	1003	1073	1047	1040
1013	1012	988	1028	886	388	290	687	915	966	1007	972	968	975	982	977	1079	1313	1399	1374	1345	1294	1016	946	954	1045	1080	1044
889	1086	1111	1067	337	0	22	175	313	525	993	995	981	997	1028	1009	1066	1252	1330	1350	1359	1219	964	883	955	997	1071	1074
848	1118	1124	1125	936	784	774	829	874	952	1063	1016	988	1005	1019	1015	1018	1225	1276	1278	1297	1162	955	892	943	953	1046	1076
1122	1269	1054	1063	1114	1139	1145	1144	1139	1131	1076	964	972	1012	1013	1009	994	1113	1245	1302	1318	1309	1218	1080	958	926	1013	1064
1100	1253	1138	991	985	1062	1017	1034	1051	1082	1077	1030	992	985	1021	1022	1006	1023	1139	1225	1338	1375	1359	1273	1012	914	994	1056
1077	1159	1142	983	979	993	980	1051	1069	1076	1085	1100	1041	963	1023	1064	1081	1223	1345	1300	1227	1332	1363	1346	1134	916	984	1042
28	27	25	27	25	26	27	26	27	27	27	25	26	26	25	26	24	27	25	24	26	26	24	24	25	24	25	24
28	26	26	27	26	26	27	26	28	27	26	26	27	25	25	26	25	27	25	26	26	24	27	24	25	24	24	25
27	28	28	27	25	27	27	28	28	27	27	27	26	26	26	27	26	26	25	25	26	27	26	24	25	23	24	25
23	30	30	27	24	23	18	17	19	22	25	27	27	28	28	26	27	25	26	25	27	26	25	24	25	23	24	24
263	153	76	49	76	84	108	123	110	76	37	11	7	17	25	27	26	26	26	25	26	25	26	25	24	24	23	24
904	834	707	560	624	722	795	822	809	759	657	504	305	128	27	9	27	32	24	24	24	26	26	24	23	24	22	23
921	937	951	965	955	945	939	940	933	941	954	960	932	823	603	313	101	58	59	28	26	26	25	24	24	24	22	23
918	921	920	918	917	917	916	915	911	913	913	912	915	934	958	934	751	415	139	31	19	29	27	26	24	23	25	23
921	923	924	919	919	918	918	918	920	917	914	916	916	915	915	920	945	955	807	444	105	11	24	28	24	25	26	23
916	920	920	918	918	918	922	918	917	915	915	921	920	915	920	915	914	911	937	959	752	290	34	20	25	27	25	24
954	939	948	927	923	925	919	916	916	915	915	923	920	918	917	914	917	913	910	915	952	905	491	84	30	29	22	24
980	939	965	992	1025	995	978	954	938	925	914	913	913	915	918	917	919	917	917	916	910	927	957	655	147	46	48	26
951	935	925	954	1042	1054	1058	1057	1062	1041	1003	968	940	921	917	914	916	917	919	918	913	916	935	961	760	185	59	72
776	873	919	927	912	995	1043	1036	1036	1063	1084	1084	1059	1018	963	923	916	915	915	917	917	915	923	910	955	819	202	42
9	86	399	564	371	380	642	972	896	681	688	851	1000	1061	1054	1021	961	923	916	917	921	923	913	909	908	950	832	193
15	165	620	652	398	206	195	740	637	158	71	168	597	970	941	962	975	980	970	933	916	917	922	920	910	906	946	806
758	910	983	912	865	814	469	732	774	240	156	261	761	907	820	917	943	944	956	996	994	946	923	916	918	916	906	933
972	960	952	971	966	1017	993	956	1043	942	890	949	1090	1004	953	965	979	990	956	991	1042	1062	1018	966	921	921	914	910
947	967	968	967	950	949	1004	1014	981	984	1006	1057	1087	1057	1026	969	971	1026	1066	1079	1034	1050	1077	1051	1014	943	915	908
958	966	983	965	942	934	953	987	981	1004	969	977	1033	1037	1014	983	995	1033	1035	1067	892	751	1024	1068	1034	1028	962	917
996	1049	1033	966	941	930	981	986	990	996	1006	1012	1017	1017	999	1000	1011	1008	1012	1090	987	908	1069	1030	1059	1030	1035	980
1007	984	950	939	948	934	1005	1036	1061	1048	1031	1044	1072	1051	1017	1000	986	1002	1070	1203	1281	1307	1255	1020	1032	1072	1036	1036
956	949	964	969	939	530	659	1031	1087	1103	1089	1056	1104	1121	1089	1028	974	1044	1140	1269	1279	1226	949	925	1005	1069	1082	1023
942	986	984	1032	922	475	512	992	1018	1033	1103	1076	1102	1120	1104	1089	1010	1083	1187	1286	1268	899	439	596	999	1059	1072	1070
829	1078	1047	1047	1057	983	959	1071	1096	1094	1121	1068	1083	1110	1111	1118	1031	1045	1211	1274	1238	661	210	381	947	1032	1050	1071
783	1101	1018	1003	1034	1043	1059	1081	1107	1121	1112	1036	1066	1101	1119	1124	981	881	1132	1255	1208	994	679	824	962	988	1053	1087
975	1035	1020	988	985	999	983	1000	1046	1065	1028	1077	1102	1074	1098	1110	996	823	1004	1191	1211	1318	1384	1279	952	975	1086	1142
1051	1039	1100	1090	1053	1021	999	985	1039	1072	1067	1097	1111	1015	1053	1077	1061	969	1029	1188	1273	1247	1246	1111	912	962	1119	1171
26	27	25	26	26	26	25	25	26	27	26	26	26	26	26	27	25	27	25	25	25	27	24	25	24	25	25	25
27	27	26	26	25	26	26	27	26	27	26	25	26	27	26	26	25	26	26	25	26	26	25	24	25	26	25	25
28	28	27	26	26	27	25	27	26	27	26	25	26	25	27	25	26	25	26	25	26	27	25	25	26	25	24	24
26	28	26	26	27	26	29	27	27	27	27	26	26	25	26	25	25	26	27	26	26	26	25	26	25	24	25	25
44	35	25	30	30	17	9	7	6	9	11	19	24	27	27	25	26	26	26	27	27	26	25	26	25	26	24	24
525	412	272	176	218	273	329	338	316	255	175	89	26	5	14	28	27	25	26	26	25	26	25	28	25	25	23	24
950	934	891	826	851	891	917	918	907	885	827	721	549	334	141	50	59	57	29	24	27	26	26	26	23	23	22	22
920	926	930	938	934	931	931	922	920	927	934	950	952	921	790	539	247	74	36	31	33	30	26	26	25	24	23	23
920	920	918	915	917	916	917	921	915	914	909	911	917	923	944	957	884	650	320	83	14	36	39	34	28	24	23	23
918	920	919	923	920	919	922	922	917	915	914	913	915	912	914	920	934	957	911	664	262	33	28	39	38	34	30	25
920	929	929	918	915	916	917	916	916	918	915	915	914	914	914	915	915	912	927	956	878	498	104	36	42	32	35	34
998	956	970	966	958	938	933	922	911	914	915	915	916	913	917	914	914	913	913	912	938	953	690	201	49	64	37	30
955	927	935	1000	1065	1038	1020	1000	986	962	937	919	912	911	915	913	916	918	918	917	912	924	965	812	315	61	63	31
907	939	951	957	1013	1056	1067	1041	1075	1069	1046	1025	982	941	920	912	913	916	916	918	913	933	926	946	897	425	60	46
555	723	731	462	609	794	941	974	1030	1029	1029	1067	1079	1062	1020	969	927	915	915	920	920	920	912	908	934	937	501	69
469	622	496	108	328	568	511	770	980	905	821	922	1002	981	983	976	981	977	938	918	919	923	918	912	906	923	946	525
896	987	818	365	699	707	493	465	842	943	841	931	974	940	931	926	911	881	957	991	960	919	912	919	918	911	921	944
1060	1024	1015	957	1034	988	966	946	969	1004	1009	1026	1001	969	936	952	840	517	550	1089	1068	1013	953	919	917	921	912	917
993	979	977	1003	1013	1048	1051	1024	994	970	975	1009	998	976	949	961	1162	1214	1241	1304	1161	1088	1058	995	939	921	920	913
956	963	979	973	974	959	979	983	1018	1040	1009	983	969	956	948	937	1140	1373	1358	1246	1288	1168	1064	1076	1020	967	930	921
986	964	1003	986	959	948	985	1063	1102	1109	1098	1075	915	823	891	932	975	1168	1176	1205	1332	1260	1050	1066	1077	1044	1001	951
1011	969	970	973	955	992	1033	1067	1105	1116	1122	1063	806	678	695	956	948	957	1009	1215	1330	1358	1159	1019	1078	1083	1057	996
981	970	950	939	981	1041	1043	1055	1110	1111	1088	1003	800	693	758	664	846	931	976	1274	1360	1386	1270	1005	1057	1078	1097	1057
966	951	943	950	1026	1054	1049	1009	1072	1055	996	964	890	881	826	441	589	961	957	1240	1369	1410	1279	988	1044	1094	1147	1168
1014	949	948	990	1040	1040	1040	1058	1085	1052	999	952	967	991	786	555	449	624	900	1162	1366	1370	1122	919	1017	1092	1237	1225
987	981	972	986	1032	1024	1043	1097	1105	1084	1072	1053	987	998	781	499	148	166	728	1015	1241	1286	1063	955	978	1111	1324	1277
988	968	969	938	979	1004	1031	1069	1067	1048	1092	1124	1054	969	918	740	293	326	799	966	1040	1185	1192	1041	952	1156	1332	1310
1060	1069	1067	1031	975	997	1040	972	986	1055	1084	1087	1065	968	973	984	664	523	630	987	1026	1097	1160	1019	970	1207	1332	1309
26	25	26	26	26	25	26	26	26	27	27	27	26	27	27	26	28	26	26	25	25	25	24	24	24	24	25	26
26	26	27	27	27	25	26	27	26	26	26	26	27	27	27	27	26	27	26	25	26	25	23	23	25	25	24	25
28	27	28	27	27	26	25	28	26	26	27	26	27	27	27	26	27	27	26	27	25	24	23	23	24	24	26	25
29	28	27	27	27	24	27	25	26	25	26	26	25	27	28	26	27	26	27	25	25	25	24	25	24	25	25	25
32	37	40	42	40	40	38	35	31	29	26	24	23	23	26	27	27	27	26	24	27	26	24	24	24	25	24	24
73	58	35	41	44	43	43	44	45	44	44	46	49	47	38	26	24	25	26	27	27	27	25	24	25	24	23	25
620	529	411	331	366	409	445	443	417	354	264	170	97	64	75	98	71	40	29	27	26	27	24	24	24	22	24	25
950	944	932	919	926	931	936	931	921	903	852	756	606	405	210	96	65	72	68	53	35	28	23	22	23	22	23	24
917	921	924	930	928	921	924	924	926	930	941	951	953	918	803	589	315	124	58	57	64	57	41	30	25	22	23	23
921	920	920	919	916	918	916	915	917	915	913	915	920	930	949	951	876	673	382	139	48	60	57	47	43	36	30	29
917	921	922	921	919	920	919	922	919	917	913	913	913	913	914	926	945	951	892	665	314	89	72	72	50	44	44	42
947	947	940	931	919	915	917	918	917	918	917	916	916	914	914	913	917	926	938	945	838	496	148	88	105	56	45	44
1006	963	963	994	1005	969	951	938	922	913	917	920	916	913	913	914	915	915	915	923	947	923	676	264	80	86	61	44
938	926	928	1017	1081	1067	1052	1049	1042	1011	982	953	925	915	915	915	915	914	913	913	912	956	964	821	402	93	74	66
971	968	930	973	1052	1081	1027	1007	1061	1085	1086	1075	1049	1002	952	926	917	918	919	916	914	914	919	950	894	511	116	65
973	1026	892	842	939	755	719	861	956	1011	1040	1032	1030	1027	1000	974	969	945	915	917	925	921	911	910	938	940	612	146
1049	947	698	551	509	360	628	803	924	952	959	952	987	1026	1000	948	919	921	993	969	927	916	917	916	911	928	958	723
1089	1014	934	914	916	896	947	960	956	950	953	1001	1065	1097	1072	953	470	221	853	1120	1029	958	922	919	921	916	918	941
1056	1043	1039	1057	1049	1022	983	956	964	955	967	1012	1032	1021	994	1045	1064	933	1200	1252	1101	1073	1018	954	921	922	921	913
1022	1026	1033	1032	997	961	961	969	992	966	956	956	973	947	945	1001	1231	1367	1338	1259	1220	1111	1081	1070	1015	951	924	921
995	1007	984	967	988	984	1044	1077	1049	1000	877	679	560	399	646	921	1031	1145	1226	1324	1358	1185	1055	1087	1091	1053	984	935
959	961	962	989	1009	1077	1126	1132	1107	1043	796	434	54	0	0	502	928	996	1246	1377	1381	1218	1027	1071	1076	1076	1143	1139
980	962	962	977	1066	1115	1136	1144	1105	1020	896	451	56	288	358	206	841	1070	1260	1362	1382	1201	982	1065	1045	1109	1241	1273
967	965	966	1011	1090	1108	1115	1050	997	949	964	839	293	689	897	421	626	1067	1213	1293	1344	1160	965	1002	1082	1173	1361	1282
969	953	942	1023	1098	1102	1090	1009	952	949	955	987	705	698	761	600	477	874	1160	1213	1271	1137	975	970	1059	1304	1439	1324
965	944	947	1001	1086	1108	1096	1058	976	982	995	958	940	816	637	473	501	911	1232	1229	1249	1124	947	987	1119	1454	1473	1328
951	972	1045	1024	1031	1074	1078	1042	997	1080	1092	1031	988	976	874	524	691	1109	1297	1272	1245	1057	922	983	1245	1501	1452	1241
1017	1168	1296	1258	1087	957	968	967	1015	1103	1080	1082	1078	995	936	957	975	1116	1250	1297	1235	1010	942	1054	1330	1475	1373	1159
26	26	25	24	25	24	27	26	25	27	26	27	27	26	26	27	27	27	26	24	24	25	25	25	25	25	26	26
26	25	26	24	25	24	26	26	26	27	26	26	27	26	27	25	27	27	26	26	24	23	24	25	23	26	25	25
26	26	25	27	26	24	24	27	25	27	27	25	26	27	26	26	27	26	27	26	24	21	25	25	24	25	26	25
27	26	25	26	25	24	24	25	24	26	26	26	24	28	27	27	27	26	28	25	24	23	24	24	25	25	27	26
54	49	46	42	36	32	27	25	23	22	23	21	24	27	27	27	28	27	28	26	25	25	22	24	25	26	26	26
50	53	59	62	63	62	60	55	54	53	48	41	31	25	23	26	29	27	28	27	26	24	24	22	25	26	26	28
121	98	77	78	85	80	77	74	72	72	80	91	105	103	85	50	24	24	26	27	27	25	25	23	25	26	27	27
641	591	517	489	475	463	470	445	397	314	216	121	54	50	88	112	102	55	25	21	24	24	25	25	24	25	26	26
951	955	950	945	929	922	915	900	878	837	767	656	505	328	157	45	40	96	92	48	22	21	24	26	23	24	24	25
925	927	925	924	926	926	930	933	937	942	945	935	898	814	675	458	223	69	48	91	93	47	24	25	24	24	24	28
921	922	916	916	916	913	913	914	914	913	919	928	940	947	939	883	742	511	241	62	41	97	84	38	25	24	23	26
919	925	921	919	919	917	915	914	912	911	909	911	916	919	931	943	945	898	744	469	174	42	82	105	57	27	24	25
987	979	968	956	933	921	915	915	912	909	913	915	913	912	915	917	925	943	946	879	680	357	93	41	74	66	32	23
970	954	956	1036	1035	1009	997	985	960	937	923	914	914	914	912	916	913	913	921	947	935	851	563	202	50	63	63	36
926	927	947	1051	1073	1073	1036	1069	1071	1062	1037	1003	966	934	920	916	914	913	910	912	923	965	928	713	305	66	41	54
946	963	965	997	998	1020	988	1003	1008	1043	1090	1081	1055	1009	966	950	929	911	914	916	915	919	938	948	821	447	103	28
981	898	799	837	870	960	970	960	953	959	1004	1008	1059	1111	1071	983	948	983	952	929	922	920	912	921	947	899	612	194
1093	992	913	917	943	962	970	985	996	995	1039	1113	1226	1267	1276	821	367	737	1070	1013	952	924	919	917	919	933	942	793
1176	1109	1061	1008	955	961	958	997	1034	1073	1131	1177	1237	1213	1169	1138	971	1083	1228	1101	1058	1019	966	934	923	917	916	934
1192	1104	1064	1007	946	947	950	986	997	1015	1078	1081	1103	1093	1018	1260	1424	1418	1392	1245	1046	1085	1085	1047	978	936	922	913
1195	1057	996	989	949	937	931	941	909	916	864	791	727	707	838	1109	1340	1393	1394	1276	1054	1069	1086	1085	1064	1001	967	929
1063	975	949	956	948	903	644	666	471	677	874	647	327	389	556	747	1114	1280	1333	1285	1137	1048	1073	1056	1063	1067	1089	1096
952	962	955	964	973	816	496	498	366	689	977	753	488	716	701	674	1059	1331	1395	1378	1244	991	1019	1075	1083	1084	1133	1169
967	988	978	964	972	853	555	663	585	743	1005	857	756	856	807	968	1271	1368	1420	1393	1259	969	962	1063	1087	1144	1279	1228
989	1057	1115	1085	993	954	789	842	914	920	991	998	917	887	868	1078	1347	1313	1354	1346	1159	964	1024	1071	1136	1433	1340	1182
961	1071	1225	1243	1112	984	982	956	985	966	935	936	932	898	921	1185	1364	1287	1212	1179	1014	957	1029	1123	1472	1516	1280	1079
982	1050	1292	1323	1242	992	943	955	963	989	969	946	987	989	952	1087	1328	1286	1193	1134	1059	1003	1059	1358	1571	1430	1177	1044
1025	1087	1305	1358	1350	1046	924	933	1007	1123	1074	1011	1075	1054	951	955	1181	1266	1208	1165	1093	1037	1169	1445	1467	1399	1084	1046
28	26	28	26	27	26	26	26	26	27	27	26	28	26	27	28	27	27	26	26	26	27	25	26	26	26	26	25
28	26	27	25	27	26	26	27	26	28	27	26	28	27	28	27	28	27	26	26	25	26	25	27	25	27	27	25
27	27	25	27	25	26	26	27	27	27	28	27	28	28	28	27	29	26	28	26	25	24	26	26	27	26	26	26
25	25	26	26	24	26	26	27	28	28	26	28	26	28	28	28	29	26	28	26	26	24	26	26	28	26	26	27
25	25	24	24	24	25	25	26	29	26	27	28	26	28	29	28	28	28	28	27	26	26	25	26	26	26	27	27
29	25	23	23	22	23	24	24	29	27	27	25	25	27	28	27	28	28	28	27	29	25	25	25	27	26	26	27
47	50	57	62	65	67	63	64	64	68	65	61	58	45	33	28	28	29	28	28	28	26	26	26	26	26	26	26
110	90	67	71	58	34	25	19	9	4	9	18	31	53	56	52	41	30	28	27	28	28	27	24	26	26	26	27
527	502	460	458	408	357	327	279	219	157	93	41	31	27	19	27	42	43	35	30	28	30	28	25	25	26	25	25
931	925	919	910	887	861	831	785	720	635	524	387	247	138	42	1	4	21	35	39	32	28	28	26	24	23	24	26
929	928	927	928	931	936	940	944	940	925	890	812	707	564	383	206	71	11	4	22	32	31	28	26	26	23	24	25
921	921	917	916	916	913	915	914	916	925	936	943	940	904	816	664	457	240	77	17	31	42	30	25	25	24	23	24
931	929	927	922	917	917	916	915	913	913	912	915	923	938	951	933	855	699	467	232	73	19	21	26	23	24	20	22
994	984	967	962	938	929	923	916	919	919	913	914	915	915	921	935	946	936	857	685	420	168	37	30	38	27	18	18
982	957	996	1057	1042	1031	1025	1011	989	962	940	926	923	920	917	916	917	927	942	932	839	628	320	80	31	36	22	19
957	935	998	1068	1076	1060	1058	1080	1080	1077	1058	1023	984	952	939	923	915	914	916	926	952	949	773	464	150	33	18	23
959	961	978	1001	1009	971	973	986	1006	1040	1066	1076	1047	1007	985	957	937	926	918	916	916	931	941	883	657	314	61	0
1070	1038	994	954	957	945	967	1036	1063	1081	1145	1178	1215	1191	1123	1019	969	999	960	927	914	909	911	924	932	856	597	248
1227	1302	1272	1142	978	952	1006	1150	1175	1240	1344	1357	1357	1344	1249	1177	1148	1149	1048	1002	966	933	920	912	909	923	937	855
1259	1319	1363	1322	1104	959	1046	1128	1149	1242	1311	1343	1324	1301	1278	1289	1315	1301	1158	1054	1056	1026	987	948	918	917	914	922
1281	1253	1304	1289	1094	1005	1050	1042	1076	1137	1229	1272	1224	1265	1324	1313	1343	1335	1216	1084	1068	1072	1046	1010	972	946	926	920
1216	1133	1174	1161	1046	953	724	777	823	863	1228	1252	1168	1272	1380	1355	1341	1295	1168	1027	1025	1041	1042	1061	1070	1053	1022	966
1041	973	996	1009	1016	741	463	500	649	905	1137	1243	1186	1249	1364	1368	1330	1298	1127	1006	955	985	1062	1089	1088	1070	1051	1031
1108	1132	1069	976	979	786	397	417	888	1039	1072	1174	1204	1216	1295	1363	1359	1257	1132	1054	984	1012	1073	1099	1085	1073	1033	1002
1261	1340	1333	1192	988	890	426	490	948	1034	1042	1056	1066	1101	1111	1186	1216	1160	1101	1042	1029	1074	1093	1084	1088	1092	1014	1009
1214	1326	1354	1354	1155	619	430	613	897	989	1029	965	942	951	955	1035	1095	1051	1007	999	1043	1097	1144	1133	1155	1073	1049	1058
1145	1248	1345	1353	1286	664	267	464	866	987	1002	983	1016	1018	984	1012	1028	1006	1001	1033	1070	1138	1394	1404	1158	1065	1050	1060
1178	1133	1279	1339	1291	950	688	789	999	1086	1099	1081	1072	1091	1050	1030	1033	1031	1038	1056	1079	1269	1459	1335	1191	1051	1053	1057
27	27	28	27	27	26	29	27	27	27	27	27	26	26	27	27	25	27	26	26	27	26	24	25	26	26	26	26
29	27	29	27	27	28	29	27	28	27	28	25	27	27	27	26	26	27	27	27	26	25	25	27	25	26	26	25
29	28	29	27	27	28	27	28	28	26	27	27	27	27	27	26	27	27	28	27	25	27	26	26	24	25	26	27
28	29	28	27	29	26	27	27	27	27	27	28	27	28	27	28	28	26	28	26	26	27	26	25	24	26	27	25
27	28	28	27	28	26	27	27	28	28	27	27	29	26	28	28	26	27	28	28	27	26	26	25	25	26	24	27
27	26	27	27	26	27	27	27	30	27	27	29	27	28	28	27	28	28	29	27	27	26	26	26	25	24	26	25
27	24	25	25	25	24	24	27	24	25	25	26	26	26	26	28	28	29	28	28	27	27	26	26	24	25	24	25
18	22	20	18	22	24	25	26	28	30	28	28	27	25	26	27	26	28	28	27	29	25	27	24	25	23	24	25
22	24	10	26	13	2	3	3	4	10	17	27	36	31	30	28	26	26	27	28	28	25	26	25	25	24	23	26
412	396	379	383	304	230	179	118	69	32	24	32	31	19	22	27	31	28	28	27	26	26	26	25	25	24	24	26
917	913	900	894	853	800	737	647	527	387	246	135	63	8	0	5	22	28	27	26	27	25	27	26	25	24	23	23
931	930	929	934	938	946	951	949	930	875	774	634	455	276	125	34	0	11	32	36	30	25	26	25	23	23	23	22
919	916	916	916	915	917	919	922	930	944	953	943	890	775	590	376	189	73	29	28	27	24	24	24	24	23	23	24
930	938	930	921	920	919	918	919	917	919	919	929	943	949	919	820	633	394	184	54	7	19	36	33	24	24	23	22
1005	1001	997	981	951	941	936	929	924	920	919	916	920	924	938	947	922	824	634	396	174	42	20	47	41	21	22	22
1040	990	1060	1082	1063	1052	1043	1025	1000	977	954	937	928	921	920	922	932	942	923	818	613	328	87	6	23	25	23	24
1007	962	1062	1083	1082	1068	1080	1080	1085	1081	1052	1008	961	941	934	924	919	918	926	934	940	825	583	286	67	0	7	22
973	953	987	1000	1001	975	977	1003	1047	1087	1061	1002	971	953	946	950	942	920	909	914	932	928	924	858	663	358	95	2
975	1028	1031	995	964	951	1009	1140	1138	1156	1161	1134	1083	1032	1000	1010	999	966	938	923	912	910	911	915	932	916	739	377
1092	1152	1184	1178	1114	1042	1181	1289	1244	1236	1211	1202	1180	1153	1168	1144	1090	1043	1019	1003	962	934	924	915	915	920	940	903
1260	1200	1281	1338	1239	1187	1298	1277	1258	1266	1325	1339	1324	1291	1265	1220	1146	1043	1017	1038	1012	981	965	956	951	943	924	920
1278	1205	1303	1346	1266	1251	1289	1248	1310	1365	1376	1383	1371	1338	1284	1230	1138	1027	991	1010	992	1008	1053	1065	1066	1060	1027	975
1250	1139	1168	1275	1275	1254	1254	1216	1271	1362	1372	1373	1359	1308	1257	1209	1109	1004	930	957	1016	1071	1092	1087	1080	1075	1081	1066
1179	1120	1107	1131	1174	1140	1121	1097	1262	1328	1337	1343	1281	1228	1210	1146	1052	988	974	1020	1072	1093	1093	1085	1081	1062	1053	1006
1250	1220	1288	1205	1075	1045	924	860	1135	1208	1166	1136	1107	1122	1093	1020	976	1003	1051	1088	1101	1090	1078	1084	1085	999	949	960
1263	1252	1303	1281	1131	999	762	756	834	958	1001	1002	1069	1039	975	981	1015	1051	1080	1101	1091	1231	1290	1054	993	972	1040	1042
1235	1276	1282	1271	1200	1034	851	844	890	965	999	1113	1247	1056	1007	1050	1074	1085	1096	1098	1119	1408	1460	1051	929	1059	1084	1073
1170	1222	1253	1284	1250	1119	1075	1110	1133	1023	1052	1162	1155	1079	1074	1059	1082	1089	1095	1119	1304	1360	1281	1046	987	1083	1078	1069
26	26	29	27	27	28	27	26	26	27	27	27	27	27	26	27	26	26	25	26	26	25	24	25	26	25	25	25
29	27	29	27	26	29	27	26	27	28	27	26	27	27	26	28	27	25	25	27	25	26	25	25	25	24	24	25
28	29	28	26	28	27	27	27	27	27	27	27	26	27	27	27	25	24	27	26	25	26	25	25	24	24	25	25
28	31	27	28	28	27	28	28	26	27	26	26	26	27	26	26	26	25	27	26	26	25	26	24	26	25	25	25
30	30	28	28	29	28	28	27	25	27	26	26	27	26	25	27	26	25	26	26	25	26	26	25	26	24	24	25
30	29	29	29	29	28	27	26	26	26	26	27	26	26	26	27	27	27	27	26	26	27	26	25	25	24	27	25
29	29	29	30	28	27	28	27	25	26	26	26	26	26	27	27	27	28	27	25	27	27	26	26	25	26	25	25
28	29	28	29	28	28	28	27	26	27	25	26	27	27	27	28	27	27	27	26	28	28	25	26	25	25	25	24
22	24	22	25	25	28	27	29	27	28	27	26	26	27	28	28	27	27	27	27	27	26	25	27	25	26	25	25
9	15	9	22	8	7	8	12	17	22	37	38	28	28	27	28	27	27	28	27	27	26	27	27	26	26	25	25
424	392	372	363	256	181	118	65	32	26	37	35	21	26	29	28	28	28	27	26	28	26	27	27	25	26	25	25
927	918	903	888	823	749	654	528	384	236	131	44	1	2	12	22	29	31	28	25	28	25	27	27	26	26	26	25
927	930	929	934	939	942	935	910	845	739	595	410	229	95	32	26	38	41	32	25	26	25	28	26	26	26	26	24
920	921	921	920	920	919	918	924	932	933	912	843	705	513	300	129	36	13	16	22	35	37	29	26	26	26	26	24
932	934	932	925	923	920	921	923	921	919	920	933	930	880	755	556	335	147	45	26	38	52	54	33	24	26	25	25
1013	1010	1003	994	973	952	941	933	929	923	918	918	918	927	939	912	814	623	368	134	6	0	29	36	27	27	26	26
1074	1045	1076	1074	1065	1047	1028	1007	982	958	939	925	923	920	916	920	932	932	874	718	464	218	62	1	2	21	27	26
1001	989	1053	1086	1087	1081	1069	1068	1061	1034	991	954	945	938	929	920	912	915	935	955	944	878	733	492	213	34	4	25
940	934	943	980	982	978	971	986	989	979	949	963	999	1013	1002	976	945	938	949	932	918	921	939	947	879	627	250	25
958	935	932	947	951	956	965	1018	1029	1001	940	933	985	1025	1027	1019	995	966	948	932	932	934	924	921	927	949	870	503
1084	1016	1046	1069	1035	1097	1083	1122	1148	1052	976	978	1007	987	991	990	984	986	978	953	943	953	978	993	978	946	936	922
1240	1250	1279	1239	1183	1208	1220	1169	1150	1054	1008	1017	1038	1011	960	931	935	953	954	956	997	1029	1048	1073	1082	1069	1025	970
1292	1328	1307	1311	1276	1244	1291	1247	1107	1010	1008	1004	1006	1007	1003	979	936	930	968	1047	1084	1087	1083	1077	1077	1083	1086	1053
1225	1257	1239	1275	1320	1302	1320	1355	1232	1032	985	981	986	1031	1086	1055	984	1000	1066	1089	1089	1085	1084	1084	1079	1042	1064	1003
1213	1215	1253	1237	1283	1289	1371	1406	1320	1063	943	1002	1064	1223	1140	1027	1041	1086	1094	1093	1088	1077	1082	1085	1070	977	949	933
1241	1265	1317	1297	1228	1246	1351	1394	1347	1086	951	1087	1134	1175	1067	1038	1089	1090	1092	1096	1086	1131	1099	1084	1020	938	971	1000
1201	1256	1272	1318	1270	1188	1297	1355	1324	1080	997	1108	1110	1079	1063	1083	1090	1090	1096	1077	1144	1320	1203	1056	999	988	1062	1051
1120	1193	1295	1329	1308	1183	1286	1324	1277	1040	1004	1083	1074	1068	1086	1120	1166	1157	1125	1247	1388	1357	1249	1032	994	1037	1078	1067
25	25	26	25	26	25	25	26	26	25	25	26	25	26	25	26	26	26	25	27	25	25	25	26	26	24	24	25
25	26	26	25	27	24	25	26	26	26	26	26	25	26	25	27	26	25	26	26	24	25	25	26	25	24	24	26
26	26	26	26	25	25	26	25	26	26	26	26	26	26	26	27	26	26	26	25	25	25	25	26	24	24	24	25
27	27	26	26	26	26	26	25	26	26	25	27	26	25	27	27	26	25	26	26	25	25	25	25	24	26	23	24
27	26	26	27	25	26	27	24	25	26	27	26	25	26	28	27	25	25	26	25	25	25	25	25	25	25	25	24
27	27	25	28	25	26	26	25	26	26	26	26	25	27	26	25	25	25	26	24	26	25	25	25	25	25	25	25
28	29	25	27	27	26	25	26	25	25	26	25	25	25	24	26	25	25	26	24	27	26	26	26	25	26	25	26
27	28	27	28	27	26	26	25	23	25	24	24	24	26	25	25	25	26	26	25	26	27	26	26	25	25	26	26
27	28	28	28	26	27	24	23	23	23	25	25	25	26	26	27	26	26	27	27	26	27	27	27	26	26	26	25
21	22	23	22	25	25	25	24	24	24	25	26	25	27	26	27	27	27	28	26	27	28	28	27	26	27	25	26
8	7	6	15	6	8	12	17	25	36	37	26	26	27	27	25	28	27	26	27	29	27	27	27	26	26	25	27
458	420	388	337	202	117	52	21	26	39	29	21	25	27	26	26	27	26	27	27	28	26	28	26	27	26	27	26
942	933	914	882	815	728	578	385	209	91	15	0	9	31	41	39	30	25	26	27	27	27	27	27	28	27	27	27
926	927	929	937	942	944	944	913	823	637	396	187	68	21	16	29	31	26	28	34	33	28	27	28	27	27	27	26
920	919	918	917	918	916	915	917	926	939	911	770	516	261	93	17	0	24	51	55	57	44	28	27	27	27	27	26
928	930	926	921	921	922	923	918	911	907	916	936	938	860	675	435	215	68	0	0	29	45	33	26	27	28	27	26
977	973	962	954	952	934	926	923	919	912	913	909	913	929	944	936	860	692	465	242	97	26	3	15	26	30	27	26
1042	1036	1034	1031	1016	990	968	962	948	928	924	918	915	914	913	916	930	954	958	910	791	588	338	121	17	14	29	29
977	990	1002	1016	1021	1030	1021	1000	976	959	953	958	955	943	932	939	956	952	933	926	940	949	916	766	464	147	15	19
934	933	924	926	927	937	942	931	926	926	937	964	984	984	967	957	967	988	977	937	924	920	922	936	921	744	358	51
1001	1003	990	941	925	925	914	907	906	915	922	934	960	971	964	957	974	988	971	937	937	970	1003	999	977	958	879	552
1047	1079	1094	1032	987	930	920	913	908	909	912	920	962	980	964	978	975	950	932	954	981	1029	1070	1084	1086	1065	1022	961
1065	1103	1104	1084	1055	1023	1015	960	914	907	906	922	966	1005	1049	1131	1056	977	1012	1063	1077	1077	1066	1056	1071	1089	1090	996
1049	1084	1073	1065	1082	1126	1119	1036	933	906	907	923	1028	1095	1154	1176	1052	1052	1092	1092	1093	1090	1091	1082	1030	1016	1031	952
1037	1051	1054	1046	1088	1146	1136	1060	950	909	904	956	1118	1145	1075	1048	1024	1093	1090	1090	1091	1087	1089	1092	1044	947	926	937
1043	1070	1086	1064	1074	1115	1103	1065	962	915	931	1015	1100	1091	1078	1072	1069	1082	1082	1086	1083	1078	1079	1082	1085	1000	950	1044
1041	1070	1087	1091	1073	1045	1053	1045	966	947	1002	1072	1107	1113	1144	1139	1089	1071	1084	1063	1035	1074	1064	1042	1066	1021	1007	1063
1027	1048	1081	1090	1076	1032	1031	1026	983	949	1052	1132	1155	1246	1308	1361	1361	1203	1115	1114	1089	1081	1065	1049	1032	997	1039	1048
25	27	26	26	25	25	25	25	26	24	26	27	26	26	25	26	26	26	26	25	26	25	26	25	25	25	24	26
26	26	26	27	25	25	25	26	25	25	26	27	26	27	25	27	26	25	26	25	25	26	26	24	25	25	25	25
27	25	26	26	25	24	25	25	26	26	26	26	26	27	25	26	26	26	26	26	25	26	26	24	25	26	24	25
26	26	26	26	25	24	26	25	26	27	25	27	27	25	26	27	26	25	26	26	25	26	26	24	25	25	23	25
25	25	26	26	25	25	26	25	26	26	25	27	26	27	26	27	27	25	26	25	26	25	25	23	25	24	24	24
25	26	25	25	26	26	25	25	26	26	27	26	27	26	26	27	25	25	26	24	26	24	25	24	25	24	25	25
28	27	25	25	26	26	25	26	26	26	27	26	26	26	25	24	25	24	24	24	26	25	25	25	25	26	25	26
27	26	25	25	26	26	26	27	26	26	26	26	25	24	23	25	24	25	25	26	26	27	25	26	26	25	26	26
26	25	26	26	26	26	25	24	25	25	25	24	22	24	25	26	25	25	27	27	26	27	26	26	27	26	25	26
27	26	27	25	25	23	23	21	24	25	25	25	25	25	26	26	27	26	27	28	27	28	26	27	26	27	26	26
17	18	18	18	22	24	24	24	24	26	24	27	27	27	27	27	27	26	28	27	28	27	27	27	26	27	26	26
20	15	13	11	2	6	12	24	37	34	27	27	26	27	28	27	27	26	27	27	28	27	27	26	26	26	27	26
527	463	405	317	226	161	88	48	32	13	20	29	33	29	27	27	27	26	27	28	27	27	26	27	27	28	28	26
944	912	866	827	823	788	689	533	325	131	33	24	40	40	32	28	27	27	30	29	26	26	26	28	28	28	26	26
937	950	947	943	943	942	944	941	910	789	538	239	57	5	11	20	26	50	60	48	33	25	27	29	29	27	29	27
924	927	928	923	921	918	916	914	920	936	947	879	672	384	150	31	13	35	25	49	42	28	27	28	28	29	27	27
934	932	928	924	930	931	922	916	913	911	914	933	951	924	805	601	382	181	70	40	20	16	25	28	30	29	27	28
949	950	933	928	932	936	937	930	925	917	915	912	916	928	946	948	913	814	655	471	274	113	31	15	24	30	28	28
1028	1020	1007	996	984	964	943	933	940	937	934	925	922	919	920	937	946	944	943	926	864	729	500	233	52	15	29	27
991	993	991	998	1007	1005	978	946	944	942	939	937	936	927	947	972	940	927	928	930	929	932	928	853	618	262	36	12
945	944	945	944	947	956	950	941	947	948	948	945	939	931	945	962	954	942	931	934	947	984	993	985	973	904	631	246
1000	997	994	997	979	949	945	945	947	951	945	947	948	947	962	986	964	960	924	943	1023	1075	1085	1088	1073	1046	1003	918
1031	1028	1036	1051	1048	1022	977	962	949	949	951	960	968	1013	1081	1138	1058	969	964	1002	1031	1034	1038	1054	1074	1088	1024	941
1031	1027	1041	1058	1069	1080	1065	1041	990	977	961	957	1023	1117	1148	1185	1099	1016	1063	1085	1081	1073	1047	992	972	989	964	924
1028	1022	1027	1035	1046	1073	1090	1136	1142	1042	1019	1013	1059	1139	1028	1017	994	1057	1098	1095	1091	1092	1091	1059	1041	1005	948	932
1015	1011	1014	1021	1030	1057	1105	1149	1263	1300	1143	1076	1060	1048	1030	1053	1041	1074	1085	1086	1085	1083	1087	1079	1080	1089	1014	1017
1014	1009	1010	1007	1012	1041	1117	1183	1257	1354	1438	1346	1227	1085	1054	1078	1079	1075	1073	1069	1052	1081	1090	1069	1031	1086	1051	1058
1022	1020	1013	1008	1004	1015	1075	1194	1279	1301	1305	1294	1299	1291	1248	1209	1137	1090	1106	1114	1087	1080	1080	1081	1064	1033	1001	1033
26	27	26	26	26	26	25	26	27	26	26	26	26	26	26	25	26	25	26	25	26	26	25	25	25	25	24	25
26	27	26	27	26	26	26	27	26	26	27	26	26	27	26	25	26	26	26	27	25	26	26	25	25	25	24	25
26	27	27	27	26	26	27	26	26	26	28	26	26	27	26	26	26	25	27	26	25	26	25	25	24	25	24	25
26	27	27	27	26	26	27	26	26	26	27	26	26	26	26	27	26	26	26	25	26	25	26	25	24	26	25	24
26	27	26	27	27	26	27	27	26	27	26	26	26	27	27	26	27	25	26	25	26	25	26	25	25	25	24	24
27	26	27	27	27	26	26	28	26	27	27	27	26	27	26	25	26	25	26	25	26	25	25	24	25	26	24	25
28	27	27	27	27	27	26	27	27	26	27	26	27	27	26	25	26	26	25	25	25	26	24	25	25	25	26	25
27	27	28	28	28	27	26	28	28	26	25	26	27	26	25	25	26	25	25	26	25	26	24	26	25	26	25	24
27	29	28	28	27	27	27	26	27	26	27	27	25	25	26	25	24	25	25	26	25	26	25	26	26	26	26	25
28	30	28	28	27	26	26	25	26	26	27	25	26	25	25	25	25	26	26	26	26	27	26	26	26	26	25	25
29	29	28	26	26	26	25	26	26	27	26	26	26	26	25	25	27	26	25	26	27	27	26	26	26	26	26	25
17	18	21	23	27	27	25	26	25	27	28	27	26	26	26	27	25	26	26	26	27	26	26	25	26	26	26	26
26	19	20	9	1	4	17	29	27	27	28	27	26	27	27	26	26	26	27	27	25	26	25	27	26	27	27	26
383	276	209	151	171	165	138	74	16	16	31	34	30	26	26	25	27	25	25	27	26	26	26	27	27	28	26	27
813	683	592	647	729	731	693	593	442	242	79	18	18	24	28	27	32	47	37	27	25	27	26	27	28	28	28	27
947	922	929	951	946	944	947	943	918	826	629	356	131	27	8	18	54	57	51	33	24	27	25	27	29	28	27	27
945	948	946	937	939	930	918	918	929	943	942	870	676	417	188	66	37	15	38	27	26	28	28	27	29	28	27	27
951	954	943	938	947	954	944	928	924	918	927	947	940	871	719	522	318	173	85	20	0	2	17	26	29	29	27	26
962	959	939	934	938	944	936	936	942	931	928	931	938	947	943	907	838	752	657	541	394	236	98	15	1	16	26	29
1016	1002	989	984	971	951	938	933	931	928	931	929	926	930	941	942	945	942	941	937	923	882	788	610	371	153	32	3
1034	1053	1095	1078	1040	988	971	967	953	944	940	932	933	928	953	939	934	920	923	924	940	955	960	956	936	845	643	362
1086	1174	1254	1218	1176	1113	1101	1027	962	939	935	946	952	946	954	952	941	930	941	1006	1059	1071	1069	1052	1022	981	960	937
1187	1267	1202	1163	1173	1165	1189	1120	1057	1000	935	941	949	977	1040	1029	957	951	962	1002	1033	1050	1062	1080	1076	995	924	933
1188	1261	1147	1129	1148	1171	1210	1215	1111	1091	1046	953	999	1092	1123	1109	1086	993	962	983	997	990	980	991	1011	965	923	923
1168	1192	1127	1139	1151	1177	1199	1249	1233	1107	1094	1073	1048	1128	1104	1047	1098	1011	1037	1062	1059	1067	1047	1020	1070	1072	1023	938
1143	1127	1108	1145	1196	1233	1241	1256	1265	1226	1106	1086	1087	1102	1070	1007	1004	1014	1078	1092	1087	1079	1078	1079	1084	1088	1085	994
1088	1073	1066	1117	1213	1291	1314	1281	1216	1200	1169	1102	1084	1074	997	1003	1025	1047	1089	1092	1089	1089	1084	1064	1053	1084	1086	1036
1031	1027	1034	1063	1134	1254	1342	1320	1220	1117	1085	1090	1065	1043	1001	989	1056	1079	1092	1088	1079	1092	1092	1081	1046	1031	1051	997
27	26	25	26	26	27	26	26	27	26	26	27	25	26	25	26	25	24	25	26	26	25	26	25	25	25	24	24
27	26	26	26	26	27	26	26	26	26	27	27	26	26	26	25	25	24	26	27	25	25	26	25	25	25	23	25
27	26	27	26	26	26	27	27	27	26	27	26	26	26	26	25	25	26	26	26	25	25	25	25	25	25	24	25
27	27	27	27	27	26	28	26	27	26	27	26	27	25	25	25	26	25	26	26	25	25	25	26	25	26	25	25
26	26	26	27	27	27	27	27	26	27	26	27	26	25	26	26	25	25	26	25	26	25	25	26	25	24	25	25
26	27	27	27	26	26	26	28	25	27	26	26	25	26	26	25	25	25	26	26	26	25	26	25	25	25	26	25
27	27	27	27	27	27	27	27	27	27	25	26	26	25	26	26	25	25	26	25	25	27	25	25	25	26	25	25
27	27	27	27	26	27	27	27	27	26	25	26	26	27	26	26	25	25	26	25	26	25	25	27	25	25	26	25
27	28	27	26	27	26	28	27	27	26	26	27	26	27	26	26	25	25	25	25	26	26	26	26	26	26	26	26
28	27	27	27	26	27	27	28	27	26	27	28	26	26	25	26	26	25	25	25	27	26	26	27	26	26	26	26
29	27	26	26	26	27	26	29	26	28	27	27	26	26	25	25	25	26	25	25	27	26	26	26	27	25	26	27
25	27	26	27	27	27	27	27	28	28	28	26	26	26	25	25	24	25	26	25	27	25	27	26	27	26	27	28
21	24	22	26	28	27	27	26	27	28	28	27	26	25	25	26	25	26	26	25	27	26	26	27	27	27	27	27
3	6	13	10	4	9	15	14	24	28	26	26	27	26	25	24	26	26	26	26	26	25	27	28	27	28	27	26
121	46	50	69	99	116	86	47	20	10	17	25	27	27	25	24	27	26	26	25	27	27	28	26	28	28	28	27
512	372	416	510	570	589	567	498	360	187	58	8	11	24	27	43	55	40	28	26	28	27	28	28	28	29	28	27
845	755	779	870	912	927	923	898	827	678	452	221	68	10	14	48	46	48	30	29	28	29	30	27	29	28	27	29
959	926	940	964	952	943	942	945	943	916	825	645	415	199	75	34	9	20	10	14	19	23	28	29	28	28	28	27
1003	1009	983	954	948	939	930	937	948	956	943	882	761	591	425	293	223	200	164	125	82	40	10	2	4	14	25	29
1024	1019	968	941	938	934	926	929	932	947	968	946	915	883	860	852	855	857	849	828	782	708	599	452	291	142	37	1
1040	1022	992	974	954	949	932	935	929	937	959	944	950	941	930	930	929	924	923	922	927	932	938	936	916	845	693	462
1054	1042	1084	1065	1014	967	945	946	946	930	933	952	972	958	928	928	930	921	945	984	1006	1008	991	973	944	933	945	945
1085	1102	1134	1100	1056	998	962	993	1008	973	934	949	966	972	938	939	932	957	1045	1078	1082	1078	1077	1065	967	911	922	928
1131	1245	1196	1108	1069	1060	1023	1036	1079	1075	1029	967	1044	1008	1017	1068	963	975	998	1017	1026	1028	1038	1027	992	961	929	919
1159	1347	1258	1134	1090	1086	1075	1058	1074	1087	1092	1073	1033	1020	1099	1137	1072	976	939	965	1017	1048	1019	1047	1087	1085	1063	973
1201	1352	1299	1202	1122	1091	1076	1069	1059	1068	1085	1088	1081	1082	1129	1099	1103	1038	979	1009	1050	1068	1082	1088	1086	1084	1087	1051
1229	1301	1270	1259	1178	1097	1063	1065	1065	1057	1071	1081	1083	1088	1099	1078	1056	1010	1031	1057	1053	1048	1049	1060	1082	1082	1079	1055
1204	1264	1231	1268	1195	1127	1069	1047	1059	1065	1061	1072	1086	1092	1074	1046	1027	982	1049	1087	1079	1068	1045	1021	1034	1067	1061	992
26	26	26	27	26	27	26	26	27	26	26	26	26	26	26	25	25	25	25	25	25	24	25	25	24	24	24	25
26	25	26	27	26	27	26	26	26	27	26	27	26	27	25	25	26	24	25	25	24	24	26	25	25	25	24	25
27	25	26	27	26	26	27	26	27	26	27	26	26	27	25	25	26	24	26	25	25	25	26	25	26	24	25	24
27	26	26	27	26	27	26	26	26	27	26	25	27	25	26	25	25	25	25	26	25	25	26	25	26	25	24	25
26	27	26	27	26	27	27	27	26	27	25	26	26	25	26	26	25	25	25	26	26	25	26	26	26	25	25	25
26	27	26	27	26	26	27	27	26	27	26	27	25	25	26	25	25	26	26	26	26	25	26	26	25	25	25	25
27	26	26	28	27	26	26	26	26	27	27	26	25	26	24	25	25	26	26	26	26	26	26	26	25	26	24	25
27	27	27	27	27	26	27	27	27	26	27	25	25	26	25	26	25	26	26	27	26	26	26	26	26	25	25	26
27	28	27	27	27	27	26	27	28	26	26	26	25	26	26	26	25	26	26	26	26	26	25	26	26	25	26	26
28	26	27	27	26	27	27	27	27	26	25	27	26	25	26	27	27	26	25	26	27	25	26	26	26	27	26	26
28	26	27	27	27	27	27	27	26	26	27	26	26	27	27	26	25	25	25	26	27	27	26	27	27	27	26	26
27	27	26	27	27	27	27	27	27	27	28	26	27	27	26	25	26	25	25	26	27	26	26	27	28	28	26	28
27	26	26	25	26	28	27	28	28	28	27	27	27	25	25	25	25	24	26	27	27	27	27	28	27	28	27	28
27	26	24	25	27	27	27	28	30	27	26	27	26	26	24	26	26	26	26	26	28	28	27	28	27	28	27	28
14	20	19	17	16	14	15	21	24	26	28	27	26	25	24	24	26	26	27	26	28	27	28	29	28	30	28	28
10	3	7	9	30	29	21	10	3	7	17	25	26	25	28	34	28	25	27	27	28	28	28	29	28	29	28	29
144	64	85	186	279	327	318	244	136	43	3	6	19	29	57	58	41	27	28	29	29	30	30	28	29	28	29	29
383	256	338	572	710	754	724	633	481	294	133	33	1	15	49	53	46	27	30	29	30	28	28	28	29	28	29	28
613	499	663	893	938	934	912	860	754	586	388	201	79	15	16	10	21	16	18	17	11	9	7	8	10	14	24	29
797	732	891	979	955	953	953	941	886	776	598	402	286	303	377	462	554	607	623	616	579	517	434	333	231	124	39	0
922	923	985	957	934	946	957	958	936	869	790	767	823	891	924	937	939	937	932	932	934	936	938	921	891	830	706	512
1001	1028	989	934	942	946	953	964	962	941	949	947	930	925	935	931	921	911	915	925	931	935	925	921	919	925	935	943
1066	1038	978	962	959	940	939	952	947	945	957	940	923	953	983	980	950	958	1010	1031	1044	1049	1027	945	910	923	922	919
1087	1027	983	999	991	983	990	984	977	967	953	980	970	939	937	956	968	1058	1085	1084	1073	1076	1028	969	962	950	926	922
1096	1048	1009	1025	1048	1056	1071	1080	1079	1065	1040	1044	975	921	974	1072	1024	1002	1034	1048	1059	1037	1010	1071	1083	1078	1060	989
1085	1073	1070	1048	1069	1083	1090	1085	1077	1089	1093	1087	1066	991	1029	1130	1052	981	976	1027	1074	1082	1084	1083	1084	1078	1081	1078
1085	1098	1123	1088	1059	1072	1084	1087	1086	1073	1081	1085	1087	1074	1087	1130	1096	1051	1019	1017	1062	1076	1082	1078	1084	1082	1076	1078
1100	1114	1142	1147	1058	1063	1074	1084	1088	1086	1071	1083	1084	1079	1087	1106	1119	1070	1043	1019	1035	1044	1051	1068	1084	1080	1069	1002
25	25	25	25	26	25	25	25	26	25	25	26	25	24	26	25	25	25	26	25	25	24	25	24	25	25	24	25
25	25	25	25	25	25	25	25	25	25	25	26	25	26	25	25	26	26	24	26	25	24	26	24	24	25	24	25
25	25	25	25	25	26	25	26	25	25	26	25	25	25	25	26	25	24	25	26	25	25	26	24	24	25	25	25
26	25	25	26	25	25	25	25	26	25	26	25	26	25	25	26	24	25	25	25	25	25	26	24	25	24	25	25
25	26	25	25	25	25	26	26	24	25	26	25	25	26	25	26	26	26	25	26	25	25	25	25	25	24	25	24
24	26	25	25	25	25	25	26	25	26	25	25	26	25	26	25	26	25	24	26	25	26	25	25	25	25	25	25
25	26	26	26	26	24	26	26	25	25	26	26	26	25	25	25	25	26	25	26	25	27	25	26	25	26	24	26
26	26	26	25	26	25	26	26	26	26	25	25	26	25	25	25	25	26	25	25	26	26	26	26	25	26	24	25
26	26	26	25	26	26	25	26	26	25	26	25	25	25	25	26	26	26	26	26	26	27	25	26	25	25	26	24
26	26	26	26	25	25	27	25	26	25	27	25	25	24	25	26	26	26	26	26	26	26	26	27	26	26	24	25
25	26	27	26	25	26	26	25	26	26	26	25	25	25	26	26	26	27	25	25	26	27	27	26	27	26	25	27
26	27	25	26	26	26	26	26	26	27	25	25	26	26	26	26	26	26	25	27	27	27	26	26	27	27	26	26
26	27	26	26	26	25	26	26	26	25	25	27	26	26	25	27	25	25	26	27	26	26	26	28	26	27	26	25
27	27	26	26	26	26	25	26	26	26	26	25	26	27	24	26	26	26	26	26	27	27	26	27	28	28	27	27
27	26	25	26	25	28	27	27	27	26	27	26	25	26	25	26	26	26	27	26	27	27	28	29	29	28	28	28
25	25	23	22	21	23	25	27	28	27	25	26	25	25	25	25	25	26	27	27	29	28	28	29	28	29	29	28
12	17	14	6	1	0	1	6	13	21	23	25	24	32	39	30	25	27	28	29	30	29	29	27	29	29	27	28
2	0	0	15	46	66	51	22	1	2	13	20	29	62	58	40	28	30	30	32	30	28	28	27	28	27	29	28
35	0	45	191	308	318	247	148	62	11	0	10	28	46	49	28	8	6	3	4	5	7	12	13	15	20	25	29
95	42	239	562	664	615	491	334	183	70	13	0	1	57	126	216	287	331	347	341	315	279	236	187	129	68	22	12
161	183	574	895	896	836	696	501	314	154	106	251	495	694	801	869	899	910	911	910	907	897	884	861	824	753	627	443
270	428	883	967	934	923	833	627	444	500	737	897	933	928	924	923	917	907	908	907	909	910	920	919	922	928	936	938
478	713	999	937	940	934	895	768	837	944	938	922	919	931	977	1005	951	925	935	950	967	964	929	915	920	927	916	913
732	938	971	924	936	928	940	950	947	921	919	927	953	1015	968	947	970	1030	1051	1067	1076	1031	941	942	947	933	920	918
923	1013	939	937	949	956	983	996	985	961	961	972	959	972	923	975	1069	1084	1087	1073	1059	1013	1009	1071	1071	1060	1028	963
1039	996	925	944	992	1021	1052	1071	1078	1073	1070	1025	968	928	946	1078	1054	1022	1040	1068	1074	1080	1084	1083	1081	1079	1083	1065
1056	975	918	956	1042	1067	1082	1087	1088	1086	1082	1083	1068	1002	987	1126	1074	965	996	1072	1085	1089	1086	1082	1083	1077	1082	1078
1058	967	919	964	1051	1079	1084	1085	1090	1091	1072	1066	1082	1075	1057	1120	1072	1032	1004	1039	1085	1086	1086	1085	1085	1084	1085	1017
