26	27	27	26	26	24	28	27	25	24	26	26	27	26	24	23	26	25	25	23	25	25	27	26	24	26	24	24
27	24	25	26	26	26	29	25	26	25	27	26	25	25	25	23	27	26	24	23	23	26	27	26	25	26	25	23
30	27	29	28	25	26	24	27	26	25	26	25	24	27	23	26	26	26	25	25	23	26	26	25	27	25	24	23
31	29	28	30	27	25	26	27	25	24	25	24	24	25	25	26	27	25	24	23	23	27	25	26	27	27	23	25
31	29	28	29	27	27	26	26	26	26	22	25	25	26	27	24	24	27	24	22	25	25	25	26	26	27	25	24
28	27	31	29	28	26	24	27	25	26	25	27	23	24	23	24	26	29	26	22	22	25	28	27	24	27	27	23
31	30	30	26	28	26	26	24	25	24	24	22	22	20	23	25	25	26	28	24	23	26	28	28	28	24	26	25
56	27	27	23	23	24	21	23	25	25	27	25	26	29	25	21	24	27	30	24	24	27	29	26	26	26	26	26
70	31	23	24	19	27	28	32	32	34	36	33	33	32	30	26	26	27	29	26	23	26	25	27	26	25	25	27
72	36	23	24	28	30	32	33	35	37	39	37	36	31	35	32	29	29	29	24	22	23	29	28	27	25	25	27
70	37	32	33	33	32	29	33	37	39	42	39	35	36	41	45	40	32	29	28	25	25	26	27	25	24	25	27
131	54	41	40	35	33	31	32	38	41	41	40	41	53	55	62	61	42	32	29	28	26	26	27	27	27	26	23
219	149	60	51	48	44	43	42	39	44	48	45	49	59	59	67	73	70	32	30	27	26	29	34	33	31	29	24
188	234	144	102	103	111	110	91	66	53	54	50	55	66	67	73	80	90	51	29	27	29	33	36	34	34	27	42
692	518	412	320	247	146	134	151	148	110	74	64	64	71	73	76	85	90	82	27	25	30	38	36	44	45	61	141
1041	1009	943	874	770	538	190	100	140	161	136	86	68	73	74	85	80	71	85	46	22	30	40	55	76	91	177	305
1022	1049	1074	1076	1059	1019	772	199	49	107	163	141	82	78	83	98	74	79	81	73	22	23	48	79	81	120	338	589
1048	1074	1080	1084	1084	1072	1028	722	115	24	92	153	98	84	101	97	74	93	90	89	25	36	57	77	56	145	572	847
1089	1084	1091	1088	1091	1086	1046	925	475	22	27	119	91	64	100	79	77	100	99	77	47	74	80	63	54	277	817	920
1095	1091	1091	1093	1091	1086	1071	974	787	255	19	105	93	56	88	64	80	97	107	71	72	121	121	73	93	481	945	929
1101	1103	1093	1088	1082	1077	1070	1026	950	697	194	141	154	95	98	63	86	102	117	90	100	180	172	114	167	646	963	922
1103	1111	1093	1092	1087	1084	1071	1066	1042	1002	775	446	380	253	168	105	134	133	128	123	135	237	217	173	223	629	907	911
1101	1100	1110	1074	1082	1089	1085	1083	1076	1058	1025	916	797	618	406	234	187	186	148	149	176	290	313	253	250	508	853	911
1114	1091	1107	1065	1090	1101	1086	1074	1079	1083	1071	1017	974	929	802	501	247	241	187	162	206	351	452	394	297	437	841	927
1133	1071	1057	1126	1151	1152	1114	1049	1050	1074	1084	1065	991	986	1006	837	378	281	302	199	218	387	573	553	416	480	871	958
1127	1084	1071	1158	1167	1163	1140	1043	1017	1033	1060	1071	1030	977	992	999	587	326	415	324	229	369	640	695	590	592	890	985
1142	1120	1097	1166	1188	1165	1138	1051	997	982	1011	1037	1040	1004	980	996	792	416	474	504	266	335	654	803	759	727	919	996
1098	1146	1059	1149	1180	1158	1114	1011	968	946	956	986	1018	1023	1001	977	907	567	514	660	402	336	624	872	858	841	939	980
27	27	28	31	28	26	28	26	28	25	26	27	25	23	25	25	28	25	26	26	24	24	26	24	26	24	23	27
26	29	28	28	27	27	27	31	29	24	28	25	26	25	25	24	27	25	23	24	23	27	27	26	27	26	23	26
31	29	30	29	27	25	29	30	25	28	28	24	26	24	22	24	27	25	23	26	27	25	26	27	28	24	24	27
29	29	30	25	26	29	26	24	25	29	27	28	26	22	23	24	27	26	24	24	25	26	26	27	27	25	26	27
30	26	23	25	28	25	25	30	29	29	25	25	22	23	21	23	27	26	21	23	27	27	26	24	27	25	28	29
26	22	24	28	27	26	28	29	28	26	20	21	25	31	27	24	27	24	24	25	24	26	24	28	29	27	27	27
23	28	24	26	29	32	30	28	27	26	31	39	47	42	43	31	25	28	27	24	24	26	26	26	27	26	26	27
28	34	33	36	42	48	47	51	58	65	66	63	57	52	51	46	33	28	28	22	26	27	25	23	27	23	23	23
58	40	42	43	40	48	60	67	68	71	71	69	63	64	71	73	51	27	26	23	24	28	25	23	25	19	22	23
95	50	47	50	58	65	64	60	57	60	61	63	65	65	83	96	71	27	26	23	25	28	21	26	32	27	26	26
164	86	70	72	78	82	79	68	61	63	59	60	56	58	71	92	97	44	27	22	22	20	28	44	40	36	38	37
204	138	89	85	82	79	84	94	89	68	64	57	57	64	67	77	99	71	28	21	24	26	42	46	46	40	39	35
125	135	85	104	110	109	102	105	111	106	71	69	74	67	68	85	91	95	35	29	34	40	52	57	70	66	63	157
310	383	326	180	93	112	121	114	114	121	106	79	91	69	86	107	97	88	50	38	35	43	65	85	93	101	192	439
899	932	946	839	449	79	50	71	82	98	110	85	97	90	102	110	106	78	51	32	16	46	71	81	76	108	376	772
1071	1073	1077	1069	999	553	77	14	23	42	84	93	85	96	101	82	95	74	35	28	43	125	103	66	48	165	663	944
1073	1084	1083	1076	1058	915	399	15	6	8	25	87	67	91	88	73	91	83	17	54	148	239	169	111	80	360	892	944
1072	1082	1076	1077	1058	1005	702	174	32	81	43	64	102	100	94	124	119	95	39	120	271	334	267	203	192	544	928	920
1075	1085	1079	1069	1050	1030	903	463	149	191	198	133	188	173	145	197	172	135	123	214	381	453	395	301	289	546	891	915
1098	1095	1076	1048	1033	1023	984	787	450	350	429	401	311	301	239	266	261	195	212	288	490	612	553	414	351	530	889	918
1096	1091	1082	1033	1002	1015	1017	980	883	787	750	779	624	502	416	339	385	290	276	349	591	765	718	570	481	613	930	932
1090	1088	1080	1054	1031	1058	1065	1063	1056	1028	980	970	955	818	697	497	555	442	344	403	665	892	869	750	672	764	974	960
1088	1103	1094	1071	1088	1070	1062	1074	1076	1078	1033	968	984	983	939	718	704	680	455	469	700	951	946	891	844	895	976	969
1117	1114	1111	1138	1159	1150	1079	1003	1026	1058	1068	1000	950	968	982	890	819	884	641	539	715	970	995	967	936	949	975	991
1160	1111	1124	1172	1163	1161	1112	944	943	988	1028	1024	971	961	955	963	913	951	841	616	740	972	1014	1000	985	984	997	1016
1147	1113	1122	1172	1170	1149	1099	956	937	937	960	973	986	986	954	959	955	955	956	778	776	959	1011	997	1004	1024	1026	1045
1136	1110	1108	1175	1184	1146	1055	952	934	925	932	933	939	966	965	962	974	978	1011	962	891	954	995	988	1011	1037	1046	1067
1112	1115	1071	1123	1126	1078	1004	937	919	924	931	929	929	932	960	960	968	997	1055	1046	997	1001	984	969	1010	1034	1054	1075
23	25	29	29	27	27	30	27	29	27	26	28	25	24	24	26	24	23	24	26	24	24	25	26	28	27	27	25
25	28	27	26	26	31	29	30	31	26	26	25	24	23	24	23	22	25	27	26	23	25	27	27	27	27	28	27
28	28	28	27	29	29	30	30	29	26	26	20	22	19	21	21	21	26	29	28	26	23	25	27	26	30	26	25
31	30	29	27	29	29	28	28	25	26	21	25	33	33	23	20	23	26	31	28	26	22	25	24	30	27	29	28
29	30	25	26	26	30	29	29	28	23	23	45	59	57	50	26	27	30	27	23	22	23	24	28	29	27	30	27
26	27	28	29	34	30	26	25	23	25	49	73	73	73	76	47	25	25	23	21	22	25	24	27	27	26	29	27
60	56	60	69	74	80	70	65	59	83	103	97	80	85	99	78	23	25	26	22	19	24	24	27	28	34	26	23
122	64	76	83	80	96	112	123	126	120	98	76	71	83	106	93	38	28	24	19	19	25	26	36	49	44	32	24
153	113	117	95	73	67	62	65	61	51	44	54	77	81	91	87	57	26	21	16	20	22	34	55	45	48	47	40
203	145	120	106	88	67	49	46	37	29	32	63	75	69	70	76	74	27	19	25	35	26	48	58	59	65	52	49
132	96	84	85	93	105	94	56	27	22	39	78	62	59	61	67	60	28	21	45	58	43	67	76	98	97	70	62
58	54	53	65	61	67	76	76	47	18	27	83	74	83	93	80	48	27	32	67	50	47	86	84	108	112	111	297
236	225	94	4	19	21	15	25	42	29	6	69	105	96	86	86	65	24	45	66	36	75	94	63	76	81	269	672
817	851	699	251	0	0	0	0	0	6	0	42	103	73	68	77	85	8	29	87	161	242	191	110	77	121	591	948
1085	1082	1063	909	290	0	16	57	25	15	34	86	124	128	176	169	150	30	41	215	367	419	354	238	162	321	865	949
1081	1084	1070	1046	849	224	60	198	193	127	146	177	206	227	302	296	233	144	162	397	526	567	505	384	314	483	888	912
1081	1082	1073	1027	1009	700	232	299	408	336	287	314	332	317	402	428	346	297	314	527	686	754	682	540	460	567	887	919
1076	1072	1046	1009	989	946	599	415	553	608	507	453	477	412	468	554	498	432	434	634	863	910	831	714	646	720	924	924
1044	1041	994	962	947	961	900	721	717	837	839	687	662	624	566	700	671	578	579	770	972	953	921	862	810	874	940	926
1061	1041	987	935	948	978	991	970	938	983	988	947	891	882	745	841	876	748	749	904	1025	1002	994	950	935	962	958	963
1078	1075	1053	987	978	1033	1044	1039	1043	1025	987	989	992	978	919	964	1008	896	898	996	1046	1026	1029	1022	1010	996	982	997
1071	1078	1089	1073	1015	1002	1041	1090	1062	1045	1009	963	964	980	1023	1061	1075	1016	995	1045	1060	1038	1042	1054	1057	1047	1044	1057
1085	1101	1099	1100	1094	1029	975	996	993	1033	1052	966	960	988	1072	1135	1143	1121	1074	1060	1065	1054	1064	1073	1080	1077	1077	1087
1105	1158	1111	1135	1165	1143	1012	941	947	971	995	952	971	1036	1117	1147	1154	1164	1189	1138	1072	1070	1082	1092	1095	1086	1089	1094
1111	1167	1137	1167	1156	1158	1036	927	940	951	967	938	935	1035	1143	1147	1134	1166	1218	1255	1148	1084	1096	1096	1092	1096	1097	1102
1117	1166	1128	1176	1174	1144	983	918	935	948	955	955	928	986	1124	1145	1120	1128	1165	1237	1271	1141	1094	1097	1097	1101	1102	1103
1123	1159	1070	1144	1160	1073	960	950	935	930	927	917	929	964	1118	1161	1112	1102	1138	1229	1371	1315	1076	1080	1090	1087	1090	1088
1142	1157	1043	1011	1003	979	958	961	946	921	925	920	919	931	1050	1254	1183	1128	1158	1274	1460	1503	1166	1018	1064	1079	1080	1071
26	24	27	27	28	24	26	27	30	30	26	22	18	22	24	29	28	26	28	28	26	25	26	26	30	26	25	25
26	24	27	26	26	26	31	32	29	24	19	24	33	28	27	29	25	26	30	29	28	26	26	31	25	25	28	28
25	23	26	28	28	28	31	30	28	20	31	63	72	64	34	25	26	29	31	32	26	25	27	26	28	32	27	24
27	28	26	25	27	31	30	28	21	24	68	93	86	85	66	24	29	30	33	31	25	23	23	23	32	29	26	27
29	28	24	20	27	30	25	19	19	60	98	84	89	107	104	33	29	30	29	27	24	22	25	30	33	37	35	29
95	75	76	73	65	42	28	28	61	104	101	86	105	112	101	52	24	31	29	26	27	26	29	36	55	59	52	37
126	59	69	85	94	106	106	115	122	109	87	103	98	87	76	59	30	31	27	29	27	26	32	58	80	61	69	58
116	64	74	71	69	80	94	100	82	58	75	94	77	68	67	50	33	35	34	51	53	40	35	95	82	88	88	74
119	103	94	70	54	49	38	32	30	28	88	93	70	70	61	43	34	34	56	84	87	73	56	107	97	124	110	72
91	80	71	65	54	35	21	20	22	20	88	112	83	76	60	38	37	41	77	102	85	84	90	91	89	120	107	88
120	68	33	29	21	15	10	7	8	9	75	148	104	99	101	81	45	38	88	95	58	89	109	81	84	104	125	383
435	351	180	53	20	50	55	67	57	86	152	202	134	119	107	129	71	21	78	144	220	286	259	152	99	125	358	813
833	786	579	263	141	194	218	205	182	230	292	325	286	331	324	307	202	84	163	369	507	545	496	361	270	340	712	946
1065	1039	960	670	354	347	446	409	385	423	481	516	491	561	568	546	462	317	382	586	688	730	701	592	509	572	850	917
1074	1062	1007	948	660	502	605	628	570	568	599	645	603	661	709	698	637	538	582	743	861	902	863	767	685	726	887	912
1090	1069	1004	995	912	698	676	791	762	704	737	753	733	769	851	864	780	700	727	876	951	943	927	885	846	872	917	913
1074	1032	983	957	966	906	840	903	957	905	900	920	907	904	994	1021	938	861	868	963	967	948	955	952	937	938	917	921
1049	993	958	935	946	990	995	973	1028	1052	1068	1092	1093	1065	1086	1062	1041	1012	1015	1001	967	968	987	1007	992	971	943	945
997	973	944	944	961	1005	1028	1009	1038	1091	1130	1168	1169	1165	1165	1116	1078	1073	1081	1055	1016	1005	1019	1034	1029	1023	1015	1016
989	976	963	940	992	1016	1043	1040	1053	1113	1135	1151	1164	1173	1185	1234	1138	1103	1106	1086	1075	1074	1065	1059	1050	1053	1061	1064
1066	1038	1002	955	966	968	1031	1094	1085	1133	1168	1141	1133	1146	1142	1205	1277	1130	1117	1105	1095	1101	1097	1088	1082	1081	1082	1080
1080	1085	1088	1058	969	924	976	1063	1063	1112	1180	1158	1128	1107	1101	1151	1297	1299	1133	1114	1107	1101	1096	1090	1092	1088	1081	1082
1094	1092	1093	1090	1074	988	930	938	956	1098	1200	1144	1126	1101	1089	1130	1254	1445	1365	1125	1102	1104	1094	1089	1084	1078	1079	1081
1137	1119	1062	1106	1131	1077	955	920	932	983	1180	1260	1172	1123	1121	1154	1234	1443	1558	1291	1082	1089	1083	1076	1075	1076	1076	1077
1146	1081	1076	1151	1153	1127	971	936	948	940	984	1221	1410	1282	1249	1258	1270	1408	1479	1389	1176	1042	1050	1044	1037	1050	1047	1050
1115	1029	1087	1169	1181	1116	948	946	975	956	955	967	1183	1521	1481	1355	1310	1361	1409	1337	1292	1077	1003	1009	1011	1004	1000	1009
1100	1017	1009	1120	1122	1012	960	981	990	967	968	964	944	1167	1554	1472	1374	1317	1293	1275	1294	1240	1023	1010	1020	1020	1000	1003
1123	1024	959	988	1000	973	975	1013	1010	989	1003	1008	982	961	1195	1498	1390	1289	1189	1207	1285	1333	1123	974	1010	1073	1074	1025
25	26	27	25	24	27	30	31	23	23	39	60	50	25	23	30	29	24	25	26	25	24	26	24	25	27	28	25
24	26	27	24	24	32	32	26	21	40	87	87	82	65	27	28	26	27	28	28	27	24	27	28	26	26	24	28
23	25	24	27	32	30	26	21	27	85	95	77	92	112	38	24	29	29	29	29	25	25	27	26	28	27	35	30
47	30	22	30	32	26	21	20	55	109	80	76	118	105	50	28	31	31	32	26	26	26	25	25	34	64	69	48
112	72	56	37	25	19	20	40	99	103	80	107	108	79	49	32	33	30	22	25	26	26	28	27	77	80	71	79
102	77	102	104	92	79	83	108	114	83	108	111	75	57	46	34	27	28	38	56	45	31	27	40	103	67	84	95
59	31	31	44	73	100	115	106	74	59	126	85	60	50	37	28	32	43	78	91	88	56	30	56	96	91	103	96
43	57	71	77	73	64	57	44	32	49	145	83	51	42	34	32	35	65	106	91	102	105	65	66	72	101	120	91
138	92	64	43	43	40	45	40	43	57	150	113	46	35	30	34	38	80	112	73	68	105	104	78	57	89	132	98
368	276	169	143	149	179	204	201	209	228	300	223	111	80	60	33	35	72	92	63	98	168	186	134	79	111	229	443
715	643	505	424	436	510	499	509	501	545	595	511	389	291	225	167	100	115	200	324	463	532	517	404	297	338	574	842
960	900	808	709	685	729	719	732	717	741	770	752	708	671	614	545	425	411	542	696	789	817	794	697	629	671	822	922
1062	1005	949	878	832	845	866	853	835	849	879	866	835	856	859	850	766	711	761	850	920	918	897	856	826	838	907	903
1065	989	982	994	949	954	1016	997	963	989	991	975	941	957	960	947	910	870	878	934	947	934	936	934	918	926	923	905
1065	996	1008	1012	1013	1036	1097	1103	1081	1091	1100	1054	1032	1015	976	984	987	985	973	972	944	943	938	950	941	939	919	920
1045	1006	1025	1008	1043	1081	1105	1123	1133	1130	1157	1210	1108	1058	1053	1023	1011	1031	1041	1022	993	979	953	946	937	938	928	935
1001	995	1022	1028	1061	1086	1088	1092	1097	1090	1104	1166	1307	1152	1070	1084	1071	1051	1055	1054	1047	1034	1022	1007	989	972	948	959
966	985	1026	1064	1101	1121	1101	1064	1054	1044	1051	1060	1186	1338	1171	1096	1111	1096	1078	1062	1057	1059	1060	1063	1057	1047	1035	1023
947	976	1029	1042	1105	1151	1112	1060	1055	1042	1047	1081	1097	1255	1402	1192	1111	1108	1100	1083	1071	1073	1078	1085	1080	1080	1082	1080
932	932	972	1028	1100	1140	1114	1079	1072	1056	1076	1108	1098	1168	1420	1390	1152	1096	1090	1081	1076	1079	1083	1082	1084	1081	1085	1083
1024	997	963	959	1022	1120	1221	1149	1073	1065	1064	1106	1156	1214	1346	1373	1255	1091	1067	1071	1075	1073	1082	1087	1089	1085	1085	1086
1081	1080	1071	1045	1016	1020	1144	1344	1311	1120	1083	1142	1243	1278	1295	1338	1256	1118	1028	1036	1054	1061	1060	1073	1081	1082	1079	1081
1051	1066	1064	1064	1072	1042	985	1060	1392	1539	1379	1291	1307	1283	1273	1297	1245	1130	1055	1005	1003	1012	1023	1032	1044	1053	1051	1047
1042	1004	991	1064	1081	1046	998	972	995	1199	1512	1505	1372	1299	1236	1213	1190	1142	1124	1048	976	970	973	985	988	999	998	1000
996	969	1067	1129	1124	1091	1026	1025	1030	1008	1046	1289	1431	1321	1234	1186	1150	1145	1132	1094	1028	959	952	953	950	967	977	997
970	1014	1125	1140	1139	1121	1069	1082	1091	1069	1040	1020	1148	1338	1290	1212	1165	1157	1154	1111	1081	1024	1011	1006	968	937	970	992
986	1036	1103	1125	1121	1095	1082	1107	1102	1104	1110	1088	1056	1126	1245	1227	1195	1164	1157	1135	1085	1067	1076	1081	1081	1032	975	1009
991	1014	1067	1091	1099	1073	1077	1093	1101	1104	1113	1109	1089	1077	1105	1145	1149	1145	1126	1103	1071	1060	1072	1075	1103	1125	1075	1025
28	28	27	28	31	36	32	26	38	91	93	87	102	34	24	26	27	23	25	26	25	22	25	27	25	23	23	24
38	34	30	28	36	36	29	21	70	109	67	85	104	57	24	28	25	26	27	26	23	23	26	28	25	29	42	43
98	56	44	37	35	30	22	28	103	99	48	91	106	51	27	26	24	26	24	24	22	25	27	28	24	71	90	74
137	87	78	42	24	22	26	62	122	72	79	116	79	35	29	26	28	28	31	30	28	25	24	24	47	110	61	80
80	70	95	81	61	54	74	115	102	60	124	95	42	33	28	31	36	50	71	71	50	29	29	26	72	98	67	100
50	41	45	70	89	96	108	99	49	64	144	55	31	29	31	38	52	92	100	102	105	68	34	30	58	94	110	81
77	70	61	71	71	81	65	39	19	56	146	46	29	29	35	44	81	104	78	75	97	109	66	31	38	75	126	61
226	211	166	128	102	96	81	86	71	75	157	91	27	21	29	43	81	87	43	28	50	102	111	80	49	64	147	88
596	504	466	337	370	352	412	424	411	392	419	249	113	66	52	61	80	69	41	64	126	198	242	217	162	186	308	429
883	842	832	755	801	816	846	838	827	833	833	685	488	350	300	328	288	233	280	433	575	645	662	613	522	560	715	855
962	954	934	920	930	958	961	960	955	961	959	933	890	822	753	720	681	700	763	859	907	913	910	894	851	865	914	921
1004	979	976	977	1013	1060	1078	1064	1035	990	981	986	987	967	949	924	903	924	937	942	938	933	933	936	933	930	926	921
1018	967	992	1049	1156	1193	1208	1174	1164	1100	989	991	1012	1017	992	966	951	952	955	937	932	925	930	937	935	931	932	918
1021	1008	1069	1181	1192	1195	1204	1167	1143	1277	1106	1006	1003	1030	1045	1038	1023	1010	977	939	933	930	928	929	929	930	930	931
1032	1055	1193	1201	1147	1142	1115	1099	1094	1242	1289	1042	1034	1041	1057	1074	1082	1073	1050	1020	985	955	934	929	934	942	947	967
1033	1129	1240	1156	1128	1088	1064	1026	1038	1122	1286	1213	1070	1063	1067	1068	1075	1084	1085	1083	1072	1048	1013	968	946	954	990	1032
1047	1231	1199	1133	1108	1056	1021	997	997	1062	1125	1245	1175	1061	1071	1077	1081	1084	1092	1093	1084	1084	1080	1069	1046	1023	1037	1062
1099	1265	1198	1118	1080	1032	1007	989	984	1020	1091	1216	1232	1106	1048	1068	1077	1078	1084	1085	1083	1082	1079	1085	1083	1081	1080	1078
1066	1246	1158	1093	1066	1019	985	984	992	1010	1091	1268	1244	1148	1027	1023	1061	1067	1071	1079	1079	1081	1084	1080	1083	1082	1084	1086
988	1090	1166	1131	1109	1026	978	978	995	1000	1150	1348	1263	1130	1005	969	988	1033	1051	1061	1081	1086	1086	1084	1083	1077	1079	1077
1040	1020	1080	1167	1264	1266	1143	1040	1064	1154	1298	1360	1276	1092	1006	977	965	969	994	1014	1028	1042	1060	1070	1072	1073	1069	1077
1083	1081	1070	1079	1152	1291	1441	1437	1369	1358	1307	1247	1169	1094	1079	1046	1008	982	965	954	963	970	986	1005	1021	1030	1028	1040
1010	1040	1057	1066	1074	1081	1095	1216	1377	1372	1217	1108	1075	1070	1097	1106	1065	1026	1003	949	925	929	934	948	956	965	974	973
941	943	995	1038	1055	1066	1080	1071	1054	1076	1109	1090	1064	1064	1062	1074	1075	1032	1023	1000	937	925	924	931	932	929	960	1006
938	987	1076	1098	1082	1054	1073	1058	1047	1035	1032	1051	1076	1110	1108	1111	1110	1068	1046	1041	1004	961	932	924	928	918	966	1069
1020	1120	1135	1131	1105	1059	1073	1028	1001	1020	1032	1038	1052	1109	1120	1122	1127	1109	1103	1091	1077	1056	1022	979	931	925	1014	1076
1086	1130	1133	1132	1092	1026	1009	903	813	878	945	993	1003	1078	1148	1150	1159	1170	1152	1121	1110	1104	1093	1077	1035	993	1056	1072
1100	1133	1135	1110	1051	923	828	695	576	614	721	831	898	992	1168	1226	1198	1219	1185	1145	1118	1098	1092	1094	1092	1085	1074	1045
85	53	37	35	30	33	29	47	119	75	63	108	79	24	24	25	27	26	24	26	29	28	28	24	25	22	49	70
147	82	59	32	34	33	27	69	123	53	68	116	63	20	25	28	24	29	30	26	26	29	27	24	21	40	109	75
124	76	93	56	33	28	35	102	103	51	112	94	31	24	27	28	37	41	49	47	33	25	23	28	23	83	87	53
43	42	83	96	66	62	89	121	65	65	133	46	24	24	30	43	61	85	95	89	69	41	27	26	30	81	85	87
81	70	75	100	119	116	108	75	21	72	132	33	27	32	47	74	110	104	89	95	100	71	34	31	30	63	118	83
256	228	193	173	175	164	130	77	44	69	129	43	27	38	63	107	97	54	40	48	67	94	72	39	30	50	128	61
551	511	412	382	345	347	294	250	210	199	214	130	64	66	86	84	40	19	22	33	78	129	165	137	115	130	198	151
863	860	776	767	702	709	679	654	592	549	512	338	235	206	194	132	100	116	142	191	266	352	389	397	361	396	479	553
976	979	982	979	969	968	976	971	947	935	921	771	626	558	512	446	398	449	543	634	732	799	806	794	762	789	859	900
1004	989	996	997	996	996	997	1005	1002	1004	999	991	951	913	905	901	871	869	902	921	933	933	927	923	922	923	922	910
1039	1033	1041	1031	1023	1017	1028	1054	1065	1071	1068	1042	1015	989	962	950	954	945	945	940	932	929	925	931	929	927	915	913
1057	1082	1085	1079	1059	1039	1040	1077	1098	1076	1075	1080	1080	1053	1013	969	940	936	942	934	931	929	934	926	928	924	925	926
1073	1130	1137	1123	1103	1103	1166	1223	1212	1139	1068	1078	1093	1090	1078	1054	1025	992	955	938	937	930	929	932	938	938	943	949
1118	1178	1166	1125	1116	1203	1283	1268	1220	1197	1080	1054	1083	1087	1089	1089	1089	1075	1041	991	946	937	945	952	960	970	989	1011
1150	1172	1138	1103	1188	1252	1232	1189	1168	1260	1098	1012	1067	1078	1086	1093	1092	1090	1090	1081	1046	994	956	964	999	1037	1059	1066
1156	1138	1097	1191	1239	1196	1193	1121	1173	1364	1160	971	1024	1074	1083	1092	1092	1091	1090	1090	1093	1084	1052	1021	1036	1068	1081	1081
1133	1117	1205	1301	1196	1170	1201	1167	1222	1398	1189	974	970	1041	1068	1072	1086	1087	1086	1082	1078	1083	1085	1080	1075	1072	1078	1081
1108	1226	1293	1207	1148	1176	1181	1146	1162	1293	1213	1002	958	979	1025	1042	1044	1058	1078	1084	1082	1073	1072	1076	1075	1075	1074	1073
1102	1377	1268	1174	1158	1094	1077	1067	1091	1247	1265	1039	981	988	989	995	997	1005	1024	1045	1061	1069	1064	1054	1048	1054	1057	1062
1070	1291	1322	1143	1090	1023	1055	1064	1131	1211	1242	1073	1033	1026	1012	1004	1012	991	966	970	997	1020	1034	1038	1027	1034	1034	1028
1079	1109	1254	1237	1171	1178	1192	1215	1256	1203	1120	1080	1097	1071	1058	1064	1076	1067	996	942	932	939	953	965	966	985	1013	1022
1081	1069	1082	1142	1219	1247	1244	1225	1185	1110	1066	1058	1107	1118	1124	1134	1112	1134	1098	973	918	912	921	928	928	954	1008	1027
1016	1041	1062	1081	1082	1074	1100	1091	1062	1044	1030	1028	1122	1149	1132	1109	1092	1161	1130	1017	960	930	929	934	926	936	1023	1065
1011	1030	1035	1024	1011	1007	1055	930	890	902	907	1002	1131	1137	1098	1112	1164	1152	1121	1030	998	957	931	942	942	930	989	1064
1088	1104	1084	1026	903	794	822	659	598	683	763	860	1062	1210	1138	1135	1161	1151	1143	1064	1019	985	955	959	959	948	945	1033
1123	1122	1089	983	768	472	424	311	293	407	527	613	798	1119	1115	1105	1128	1134	1162	1131	1064	993	963	956	958	965	953	1002
1118	1114	1063	877	530	274	233	207	184	219	293	362	460	720	980	1088	1112	1115	1129	1124	1103	1030	992	976	953	955	1002	1048
1121	1087	998	682	258	175	186	196	172	158	162	213	267	346	563	769	901	973	997	1000	1046	1045	1014	1009	991	981	996	1043
156	80	87	38	25	21	29	123	90	43	119	88	25	26	25	24	21	29	28	25	22	25	24	22	23	21	81	93
74	55	103	63	17	19	51	132	64	69	133	49	22	26	23	31	51	65	67	60	37	22	20	23	27	30	97	53
32	28	51	93	68	63	111	116	41	94	130	25	21	21	33	65	86	83	79	83	79	46	26	27	26	33	94	82
91	58	39	81	111	113	99	48	12	79	131	39	30	42	72	103	82	65	71	77	86	80	44	29	25	30	108	98
485	435	357	344	327	281	197	134	67	68	121	66	38	57	87	64	36	27	14	25	57	90	83	59	44	54	112	75
855	817	773	757	746	710	655	586	472	401	336	243	157	139	95	57	55	71	81	109	150	208	254	244	229	250	283	261
948	976	975	963	961	959	944	906	866	842	737	607	492	455	362	266	270	326	376	424	516	576	619	605	596	633	670	714
998	1015	1032	1038	1047	1045	1038	1022	993	976	948	893	833	818	782	693	690	755	796	838	888	900	906	908	909	914	919	933
1062	1058	1068	1080	1085	1086	1087	1083	1065	1049	1027	1008	986	969	960	957	948	942	946	935	927	926	926	930	937	926	922	919
1176	1166	1149	1127	1112	1098	1096	1099	1098	1091	1083	1064	1035	995	958	942	934	928	936	931	926	927	921	918	927	929	929	922
1242	1127	1191	1216	1213	1192	1130	1107	1103	1099	1099	1091	1084	1065	1030	977	931	930	930	934	933	929	927	931	931	932	927	926
1445	1121	1164	1220	1228	1208	1169	1148	1126	1118	1108	1087	1086	1090	1084	1065	1014	961	942	937	943	946	946	946	944	949	962	973
1503	1185	1221	1203	1188	1152	1119	1101	1097	1150	1153	1105	1086	1084	1087	1083	1080	1050	986	956	965	974	989	1001	1009	1021	1033	1043
1511	1220	1265	1190	1131	1120	1154	1173	1159	1149	1139	1138	1109	1097	1084	1083	1086	1090	1079	1041	1006	1008	1031	1054	1068	1074	1075	1079
1376	1263	1242	1172	1148	1179	1223	1249	1213	1151	1125	1131	1145	1100	1086	1086	1084	1082	1085	1093	1084	1063	1057	1078	1087	1084	1075	1077
1306	1291	1210	1168	1173	1215	1230	1258	1278	1236	1118	1079	1125	1066	1069	1055	1075	1084	1079	1074	1083	1087	1083	1077	1080	1086	1085	1080
1235	1138	1111	1124	1194	1211	1232	1343	1394	1259	1116	1076	1080	1098	1055	1022	1013	1062	1071	1058	1048	1047	1058	1064	1056	1045	1061	1067
1114	1106	1123	1172	1173	1201	1288	1319	1292	1175	1120	1073	1092	1121	1097	1093	1018	1002	1031	1035	1021	1005	1004	1011	1020	1026	1023	1019
1093	1084	1163	1200	1175	1161	1155	1190	1176	1130	1122	1112	1137	1160	1165	1179	1188	1047	1002	984	986	980	964	965	963	987	1010	999
1055	1083	1215	1212	1131	1095	1134	1145	1125	1085	1169	1201	1201	1200	1203	1224	1269	1183	1030	988	963	949	944	934	929	998	1034	1023
1065	1108	1214	1236	1179	1153	1171	1115	1090	1036	1081	1206	1235	1231	1216	1216	1230	1300	1141	1036	997	971	957	940	909	978	1064	1073
1072	1114	1134	1175	1191	1140	1134	1053	969	919	923	1016	1163	1165	1153	1154	1162	1228	1298	1148	1026	991	989	979	939	945	1030	1071
1089	1122	1091	1040	1008	990	1041	811	654	674	735	839	986	1065	1092	1114	1106	1084	1200	1228	1098	990	994	996	979	980	1001	1062
1077	1048	921	819	776	669	642	398	323	386	465	648	853	932	1003	1092	1075	1086	1181	1178	1142	983	950	970	984	1023	1033	1031
1057	939	762	627	418	254	219	182	171	208	246	347	595	836	948	1040	1064	1126	1121	1074	1096	986	888	906	937	1015	1109	1029
1040	892	692	383	180	155	201	187	173	163	169	203	267	514	809	959	1033	1049	1006	993	995	865	814	843	880	946	1122	1110
1025	866	596	221	175	191	190	192	207	148	179	202	147	215	366	595	738	760	734	790	826	765	767	791	828	862	1033	1184
950	735	390	182	172	189	172	224	238	173	158	167	156	207	216	213	272	261	286	392	522	651	697	732	763	787	914	1166
64	36	98	86	24	12	78	132	39	88	122	26	23	21	23	48	65	63	64	63	47	24	22	23	25	22	48	101
34	28	45	94	55	63	128	96	24	94	128	32	26	31	55	80	70	68	71	79	84	64	34	24	25	22	75	98
104	61	43	67	104	114	93	35	12	69	127	72	57	66	80	83	71	57	42	39	62	76	55	37	29	38	90	82
563	429	389	375	346	286	207	136	95	93	133	101	83	78	92	86	65	69	103	131	149	160	159	136	121	136	167	130
926	920	862	876	861	804	724	659	563	494	434	381	329	283	239	242	265	303	339	372	412	433	438	432	429	447	463	450
976	963	971	973	973	966	956	956	937	905	833	775	697	637	557	534	562	612	628	662	700	728	743	743	744	764	776	795
1020	1018	1017	1013	1005	999	992	979	970	967	968	962	944	932	890	858	876	897	903	916	931	940	942	937	938	937	937	950
1095	1095	1094	1092	1087	1089	1091	1081	1064	1039	1008	973	956	955	951	960	961	949	945	939	933	927	922	924	928	926	925	925
1123	1090	1089	1091	1091	1099	1106	1108	1114	1106	1093	1068	1022	964	932	935	933	923	928	923	925	926	925	924	925	926	925	928
1269	1236	1173	1120	1099	1089	1090	1100	1107	1103	1097	1095	1092	1066	1007	953	934	931	940	936	937	933	934	933	935	935	941	942
1180	1127	1201	1232	1253	1253	1170	1114	1102	1100	1101	1093	1082	1082	1072	1036	983	970	974	981	983	979	975	972	977	981	985	994
1442	1009	1019	1075	1144	1214	1287	1366	1266	1231	1215	1133	1081	1079	1083	1081	1057	1016	1007	1016	1027	1033	1034	1034	1032	1037	1047	1049
1568	1022	1006	1028	1066	1090	1143	1199	1202	1284	1336	1262	1169	1101	1079	1075	1070	1067	1047	1043	1062	1073	1079	1079	1076	1075	1080	1081
1575	1047	1045	1044	1049	1090	1193	1223	1247	1254	1245	1305	1356	1190	1063	1074	1067	1063	1068	1070	1078	1087	1089	1094	1084	1073	1081	1089
1433	1138	1137	1144	1110	1108	1216	1268	1241	1232	1241	1242	1339	1228	1082	1056	1065	1048	1033	1037	1048	1059	1061	1067	1072	1068	1052	1052
1269	1280	1304	1240	1159	1099	1284	1346	1220	1214	1203	1195	1258	1246	1244	1068	1054	1056	1036	1009	990	997	1016	1012	1026	1035	1023	1008
1150	1129	1118	1145	1192	1182	1287	1400	1218	1187	1183	1231	1256	1277	1424	1243	1001	1056	1054	1011	973	950	956	975	987	1009	1007	988
1095	1099	1091	1085	1107	1205	1303	1333	1210	1198	1215	1285	1262	1212	1293	1236	965	951	978	987	981	947	919	930	937	1005	1018	999
1079	1107	1098	1084	1116	1158	1185	1196	1144	1190	1155	1165	1074	1017	1000	959	935	813	839	866	907	952	944	934	953	1019	1057	1049
1044	1088	1067	1037	1054	1106	1081	1005	938	866	927	917	858	833	810	754	781	774	748	777	783	843	929	980	1036	1048	1076	1075
918	969	956	904	893	882	874	768	669	591	653	720	735	742	714	678	668	726	665	696	722	748	820	926	1090	1057	1076	1093
736	808	794	743	696	686	722	554	414	382	384	436	558	623	609	588	565	607	641	617	649	670	709	785	1016	1156	1084	1119
646	689	643	545	502	498	494	300	175	186	228	255	359	462	513	521	487	511	528	561	569	576	614	659	806	1110	1163	1120
570	557	422	313	298	260	200	164	142	139	181	162	220	309	377	436	460	487	485	507	499	458	499	555	633	877	1126	1175
527	396	258	190	207	220	184	161	195	192	170	161	185	245	275	362	433	443	451	428	422	391	368	423	495	637	949	1099
509	321	235	213	206	237	231	245	261	250	195	209	201	207	262	299	340	302	318	322	331	288	283	305	368	445	743	940
499	288	243	247	211	181	174	188	240	235	208	216	207	230	267	268	262	230	334	251	237	218	205	217	258	299	514	743
391	245	224	201	223	189	177	167	164	163	208	174	174	270	323	210	203	193	280	190	197	190	162	207	187	218	312	503
38	5	33	109	69	81	132	63	20	83	130	63	43	53	87	92	76	65	69	79	93	82	52	34	31	31	69	108
59	71	48	73	117	118	87	35	26	53	104	96	89	96	93	80	63	74	83	99	119	140	132	97	75	76	99	76
478	466	366	314	307	271	219	188	190	179	186	208	194	195	208	216	271	316	333	354	348	358	376	341	304	293	288	239
957	908	894	858	824	783	744	698	657	616	576	563	539	519	534	564	586	611	640	663	681	677	675	671	660	666	659	640
968	967	966	959	973	966	971	976	965	938	908	875	850	815	799	816	826	851	873	886	901	899	895	893	895	900	907	923
1018	994	980	972	969	964	958	944	944	955	964	972	974	975	980	983	965	965	961	956	952	949	948	948	954	952	947	948
1103	1087	1080	1075	1069	1059	1048	1018	989	960	937	935	941	942	953	961	951	940	933	933	934	933	929	927	925	923	923	926
1090	1090	1095	1093	1094	1098	1096	1092	1084	1065	1028	989	962	950	947	946	945	933	930	930	929	925	921	922	924	925	926	923
1155	1097	1091	1083	1081	1088	1087	1085	1088	1091	1083	1072	1046	1010	991	988	983	979	973	960	950	941	940	939	935	937	941	945
1259	1251	1226	1153	1097	1072	1076	1080	1088	1091	1084	1077	1081	1076	1057	1037	1027	1023	1026	1017	1007	998	993	999	998	999	1003	1011
1106	1121	1144	1178	1217	1176	1110	1076	1085	1094	1092	1079	1065	1065	1067	1066	1058	1050	1056	1063	1064	1060	1056	1052	1058	1058	1056	1064
1138	1061	1009	1010	1034	1116	1267	1213	1162	1211	1201	1123	1070	1049	1045	1047	1053	1059	1066	1074	1078	1076	1072	1066	1075	1077	1076	1068
1126	1094	1044	1010	997	1039	1194	1168	1149	1238	1301	1261	1156	1050	1031	1026	1026	1039	1050	1055	1052	1059	1068	1067	1066	1072	1074	1067
1075	1091	1077	1061	1050	1115	1196	1175	1157	1172	1285	1349	1330	1090	1008	1029	1021	1014	1019	1014	1017	1015	1023	1037	1028	1014	1022	1026
1090	1104	1087	1076	1091	1182	1226	1145	1138	1148	1227	1362	1335	1167	1034	1032	1028	1019	1003	993	979	987	987	979	994	984	968	961
1091	1108	1117	1116	1088	1088	1257	1140	1108	1115	1156	1317	1191	1101	982	896	883	920	973	985	963	967	998	979	998	1012	993	967
1008	1043	1103	1122	1119	1102	1156	1141	1064	1058	993	1076	936	790	792	671	574	625	723	850	958	1007	1034	1037	1023	1045	1049	1032
829	908	1019	996	1012	1115	1092	1065	957	812	714	769	685	542	559	489	362	378	434	502	691	956	1107	1102	1076	1074	1068	1072
613	704	784	783	812	919	885	811	648	535	472	499	448	374	346	291	248	236	280	324	384	572	979	1202	1087	1098	1107	1077
475	537	535	511	527	600	569	466	354	296	264	271	249	244	219	164	167	184	202	233	245	305	485	975	1248	1119	1127	1130
356	380	381	359	325	360	360	254	214	188	153	162	169	183	150	109	137	128	135	165	197	229	267	441	962	1159	1133	1152
278	251	245	246	212	212	213	170	186	179	156	143	130	162	128	111	131	121	115	124	173	184	196	249	499	892	1076	1183
155	214	199	212	215	170	164	204	186	166	182	211	159	165	143	120	111	134	132	102	164	187	147	174	262	503	761	1022
156	195	237	222	217	202	172	216	204	176	209	196	162	187	162	124	121	146	146	113	123	127	129	137	151	255	447	699
275	263	251	238	193	203	190	191	231	177	230	191	172	185	165	147	155	105	174	135	128	128	131	127	136	153	223	422
209	203	253	311	262	236	194	193	247	244	205	175	164	180	204	183	183	118	202	139	143	156	158	176	157	123	127	216
218	207	228	286	293	277	188	178	262	375	206	171	209	190	239	184	166	163	254	154	153	166	145	158	129	115	110	131
233	220	219	200	211	253	257	192	199	497	225	162	175	203	235	159	174	158	267	243	171	147	153	163	140	150	105	90
161	137	141	168	183	152	89	66	68	95	146	147	144	151	180	193	211	227	255	294	317	309	304	267	232	200	173	122
585	577	524	486	478	433	390	394	408	443	442	442	445	480	525	567	605	633	651	666	667	666	674	648	614	583	546	473
925	937	903	878	879	865	839	834	842	829	802	819	815	838	823	827	842	859	866	870	871	876	881	869	856	847	834	820
977	975	979	973	965	953	955	958	961	971	955	946	934	940	942	932	933	937	939	939	942	940	938	945	946	949	953	955
1019	1014	1019	1006	990	976	971	961	958	958	958	952	947	950	960	956	951	945	942	938	934	934	940	941	940	938	937	945
1091	1084	1079	1062	1061	1049	1035	1012	991	976	972	965	963	957	955	960	946	935	935	934	927	930	937	932	933	929	927	925
1134	1106	1089	1088	1092	1087	1085	1071	1061	1045	1027	1024	1021	1015	1009	995	976	959	945	936	934	932	929	926	922	925	931	930
1200	1111	1067	1090	1089	1093	1091	1084	1077	1071	1064	1060	1066	1066	1063	1053	1045	1038	1018	999	988	973	962	957	954	956	958	950
1247	1246	1159	1050	1075	1098	1105	1108	1099	1089	1078	1075	1074	1076	1075	1075	1070	1070	1069	1056	1049	1043	1041	1032	1022	1029	1036	1033
1208	1171	1299	1178	1058	1092	1126	1132	1129	1126	1115	1106	1108	1100	1090	1086	1080	1071	1073	1080	1076	1076	1076	1075	1073	1073	1073	1077
1186	1077	1080	1218	1192	1128	1130	1139	1141	1145	1137	1133	1127	1121	1119	1110	1103	1085	1069	1064	1070	1075	1077	1081	1080	1079	1076	1080
1173	1164	1125	1123	1163	1167	1165	1125	1136	1153	1154	1145	1136	1125	1119	1109	1108	1115	1112	1087	1077	1056	1037	1034	1040	1047	1037	1056
1101	1133	1198	1237	1167	1194	1175	1103	1075	1105	1118	1127	1121	1114	1115	1112	1111	1111	1114	1110	1092	1131	1036	972	973	976	976	992
1052	1059	1064	1166	1240	1220	1183	1094	1025	1025	1053	1034	1001	985	1025	1075	1089	1079	1081	1096	1108	1188	1115	983	975	973	961	958
950	954	970	1036	1132	1182	1074	1001	992	951	845	762	671	583	611	778	964	1070	1087	1106	1129	1165	1113	1048	1032	1031	1023	1005
693	674	734	865	977	1040	971	938	865	675	507	446	359	305	265	284	385	622	1001	1180	1154	1121	1068	1058	1095	1071	1071	1063
409	427	500	595	726	831	791	733	570	369	287	277	204	180	130	104	123	144	323	765	1086	1079	1016	1043	1075	1131	1081	1083
254	283	356	387	460	535	520	453	315	228	203	166	126	115	101	87	82	100	97	138	401	907	1098	1055	1066	1103	1135	1073
183	220	242	253	285	327	311	284	219	230	213	159	136	121	113	114	97	125	133	101	94	208	625	922	981	1070	1124	1140
184	172	160	190	224	201	204	197	182	195	191	171	151	166	148	137	155	168	125	123	124	110	103	365	595	814	1068	1166
209	156	155	214	197	193	201	269	237	198	177	176	186	206	154	203	214	152	140	178	158	121	76	104	238	415	750	1024
207	180	178	218	174	172	194	323	286	185	176	178	178	183	172	171	154	145	147	193	146	130	119	112	108	178	352	665
194	196	193	232	190	177	170	192	198	194	188	184	158	178	167	157	163	165	180	181	150	166	132	142	125	101	144	302
251	191	209	241	222	202	189	189	204	192	180	177	172	197	164	149	161	178	199	170	192	219	153	167	152	114	97	156
310	285	240	216	205	175	175	200	271	193	184	184	187	223	161	154	168	151	192	200	262	234	144	124	140	126	125	118
242	247	242	266	233	154	171	200	223	227	199	211	184	233	160	166	191	134	176	163	163	191	178	151	128	156	152	127
209	212	194	246	274	208	188	198	206	259	209	213	204	230	147	164	202	155	162	157	151	159	162	155	152	159	124	136
299	193	203	183	192	275	325	253	216	305	231	198	272	278	146	158	222	180	216	200	149	152	162	140	184	160	135	142
819	766	758	734	700	634	630	678	696	702	716	674	661	728	775	809	832	843	851	868	873	866	863	856	837	809	763	686
976	960	951	939	942	940	940	945	953	946	948	942	941	977	939	932	932	936	937	942	949	943	940	937	934	931	931	925
1022	1005	986	975	971	968	964	959	960	953	949	946	952	970	945	943	940	938	936	935	935	947	947	938	936	941	940	941
1070	1044	1036	1024	1001	986	970	962	961	961	957	945	938	934	936	935	932	930	929	930	931	932	942	944	949	941	930	931
1211	1076	1055	1059	1069	1056	1036	1019	1024	1021	1013	1002	985	966	954	945	934	929	928	929	930	934	933	930	927	925	923	926
1278	1086	1062	1072	1078	1067	1071	1072	1069	1077	1082	1070	1068	1054	1036	1017	990	966	957	945	937	936	937	935	934	929	928	927
1263	1106	1049	1096	1102	1095	1067	1059	1067	1079	1086	1086	1084	1088	1085	1077	1069	1054	1038	1022	1005	991	987	990	985	979	960	937
1193	1204	1063	1106	1123	1124	1109	1088	1076	1069	1058	1063	1075	1078	1082	1084	1083	1083	1082	1080	1074	1065	1060	1059	1057	1058	1053	1021
1140	1248	1206	1122	1137	1122	1116	1113	1113	1096	1094	1098	1101	1074	1059	1056	1056	1068	1074	1075	1078	1079	1079	1078	1075	1083	1083	1082
1251	1219	1276	1142	1127	1141	1144	1145	1143	1114	1095	1090	1090	1085	1082	1077	1057	1035	1028	1046	1057	1054	1058	1059	1064	1069	1080	1080
1201	1200	1250	1165	1134	1130	1115	1104	1096	1066	1049	1036	1024	1023	1035	1092	1127	1097	1051	1008	998	1007	997	999	1008	1007	1036	1060
1022	1099	1198	1111	1043	1042	1062	1051	1022	971	933	903	895	905	931	1014	1117	1097	1084	1074	1086	1020	977	966	973	972	968	990
878	896	933	957	914	958	1008	944	830	735	638	624	669	753	830	905	1043	1074	1050	1058	1095	1161	1049	996	1031	1036	1016	995
569	599	598	625	695	838	835	740	602	458	335	319	336	406	559	721	886	1006	1008	1018	1055	1118	1096	1047	1049	1084	1078	1050
270	293	304	372	463	619	597	533	390	249	175	164	155	124	187	330	565	823	958	1006	1011	1020	1005	1009	1011	1033	1079	1082
171	193	182	220	292	404	381	322	264	195	144	111	117	104	112	102	184	430	773	871	867	889	904	873	916	899	960	1050
137	151	147	179	212	253	286	237	210	188	137	111	111	179	156	105	155	159	309	470	578	641	706	764	785	803	748	868
183	147	166	180	218	217	235	268	198	185	173	148	128	203	176	125	178	138	132	193	237	348	410	492	657	711	632	616
198	214	182	157	209	283	201	260	216	196	223	203	156	165	194	216	184	145	168	174	172	159	201	224	353	563	547	469
211	213	163	162	183	183	169	221	239	203	189	335	232	189	229	258	148	180	180	158	175	137	140	139	131	261	400	366
230	241	192	168	186	177	210	271	189	200	200	315	290	191	185	296	215	185	185	152	181	148	165	164	109	122	203	262
308	308	296	262	210	188	183	366	271	215	195	217	178	164	163	349	257	163	181	156	177	176	164	137	111	124	131	164
218	221	249	304	252	211	195	328	274	212	204	190	190	193	177	301	172	163	190	167	190	185	142	178	128	125	124	120
187	175	234	310	230	250	231	393	314	190	206	184	182	213	207	243	153	155	199	177	192	232	171	221	151	137	174	142
167	226	288	222	200	198	269	525	374	196	207	188	185	198	273	262	164	169	185	222	210	177	170	180	137	145	169	148
187	197	194	175	242	184	240	465	348	201	211	195	194	191	231	212	204	180	207	247	166	157	208	205	150	159	171	180
277	170	170	183	276	284	205	398	513	325	252	209	198	210	313	272	203	241	292	183	195	222	198	155	145	148	153	176
551	261	141	167	265	262	234	299	608	535	394	272	227	226	357	294	275	324	236	219	226	227	187	158	159	151	165	168
945	942	934	952	955	940	939	952	962	957	970	970	959	962	948	942	949	949	940	932	929	928	928	930	932	931	933	938
1000	980	971	972	971	968	977	979	972	960	951	944	943	970	923	918	938	949	938	932	928	929	928	925	924	924	926	927
1081	1050	1037	1039	1042	1039	1028	1037	1025	982	958	949	944	933	919	925	929	925	923	925	926	925	928	928	925	924	921	920
1132	1076	1103	1090	1075	1055	1044	1052	1049	1043	1038	1016	996	972	959	954	941	934	939	937	935	931	930	923	926	925	924	925
1433	1047	1027	1045	1060	1056	1070	1087	1086	1086	1090	1080	1069	1049	1023	1003	990	980	969	964	962	956	945	941	932	929	927	925
1527	1244	986	1009	1030	1028	1051	1075	1082	1084	1083	1079	1082	1079	1079	1070	1059	1048	1039	1031	1025	1020	1015	999	982	957	932	922
1480	1468	1066	1058	1034	1033	1046	1047	1040	1047	1067	1074	1077	1080	1078	1078	1078	1076	1078	1079	1072	1073	1071	1067	1058	1048	1015	956
1519	1579	1096	1056	1013	1008	1016	1024	1018	992	1004	1029	1054	1060	1068	1070	1074	1070	1064	1056	1050	1050	1054	1059	1062	1070	1069	1050
1581	1520	1081	1088	1045	1017	1015	1034	1041	985	946	911	917	981	1030	1023	1007	1024	1035	1024	1015	1012	1017	1021	1034	1052	1069	1069
1691	1463	1079	1046	983	928	923	928	911	798	684	589	560	619	861	958	904	887	914	942	958	973	974	976	981	1009	1035	1063
1264	986	889	836	775	727	738	682	565	428	343	288	263	265	430	739	788	726	725	779	831	896	938	945	958	968	985	1011
647	672	635	577	514	477	500	388	282	225	183	183	172	189	208	442	708	553	480	515	574	675	792	892	975	1020	1025	1024
320	313	306	278	262	292	327	233	196	172	152	165	140	164	175	251	512	482	343	326	351	408	494	653	832	980	1077	1088
165	160	179	172	205	186	216	196	182	157	156	186	154	167	165	162	258	341	293	262	276	294	302	366	520	746	965	1109
163	170	167	175	207	172	182	186	189	161	180	184	174	178	172	151	165	216	234	217	231	242	236	230	273	411	650	939
154	178	177	162	165	205	177	186	201	185	219	190	218	226	178	179	177	204	183	156	195	207	213	218	201	217	325	554
191	203	183	129	132	200	184	207	238	246	241	187	182	271	233	220	208	199	148	148	149	164	190	206	193	182	181	256
257	282	301	226	248	360	320	245	244	219	219	184	200	255	246	190	183	171	159	175	138	160	174	186	198	166	139	153
201	266	243	224	233	340	351	315	301	241	170	169	205	200	248	208	198	178	159	175	154	170	187	167	182	155	148	157
218	252	208	200	164	210	248	185	198	267	246	253	197	170	230	198	182	168	174	186	163	156	210	144	205	200	177	159
215	239	266	255	183	201	253	198	188	213	415	445	230	190	235	203	191	171	192	169	157	162	190	193	232	179	155	170
236	232	291	359	215	187	266	213	246	205	284	237	178	197	216	269	198	186	210	145	144	147	163	234	171	158	169	191
258	210	222	402	315	220	313	282	269	228	259	195	166	186	199	337	255	222	179	187	177	152	163	230	150	150	222	198
337	273	219	276	340	353	341	404	296	230	234	179	164	175	207	463	310	180	140	167	176	148	151	253	112	149	229	149
411	324	266	240	213	260	383	555	397	239	215	160	160	172	264	469	210	178	152	154	151	150	152	265	164	235	193	112
582	385	274	235	218	201	213	393	469	316	234	129	162	185	345	395	144	189	156	154	180	183	302	373	275	243	208	204
830	534	342	255	199	177	132	202	422	334	204	142	169	223	441	333	153	183	161	137	232	295	257	208	179	171	213	197
1029	814	536	328	260	210	182	181	326	283	241	208	231	240	300	290	173	243	240	200	365	225	131	156	161	156	179	148
989	982	981	987	979	971	963	957	951	926	926	936	939	941	932	928	931	936	929	930	925	925	924	929	929	924	926	932
1075	1067	1062	1064	1055	1057	1045	1021	1007	988	972	967	954	935	929	927	928	935	928	923	920	923	924	924	926	925	927	929
1109	1100	1099	1104	1095	1096	1093	1085	1074	1057	1039	1019	996	982	979	969	959	953	944	934	928	927	924	925	925	924	921	927
1158	1064	1090	1099	1090	1085	1083	1085	1084	1083	1078	1075	1063	1047	1041	1037	1024	1008	994	992	988	968	952	936	926	923	921	921
1547	1052	1024	1035	1044	1062	1070	1064	1063	1065	1069	1070	1072	1070	1066	1066	1074	1068	1058	1051	1051	1048	1031	1014	978	940	928	920
1677	1315	957	972	1002	1027	1047	1036	1029	1063	1071	1061	1052	1053	1051	1053	1059	1067	1071	1071	1071	1069	1071	1072	1064	1030	970	927
1649	1700	995	942	990	992	995	1006	1044	1033	1032	1041	1050	1051	1058	1059	1049	1034	1034	1043	1047	1050	1055	1060	1071	1078	1066	1011
1892	1879	997	922	937	916	975	1063	1059	946	908	940	977	1005	962	969	1004	1011	1013	1009	1002	1008	1041	1055	1058	1068	1080	1079
1943	1528	879	839	806	739	745	779	714	622	569	669	818	901	745	657	669	734	811	897	965	989	1009	1021	1043	1045	1054	1065
1049	943	564	521	417	316	282	272	222	206	147	187	387	539	590	514	368	310	385	486	606	790	977	1023	1021	1065	1034	1029
591	454	282	204	139	119	113	115	103	123	131	141	171	193	342	388	182	109	149	183	248	351	593	927	1069	1056	1089	1061
192	208	174	127	106	125	125	104	128	146	156	159	182	165	192	245	158	114	127	143	138	162	218	402	845	1112	1105	1156
151	155	156	153	144	125	149	122	143	142	155	184	189	193	167	151	149	106	133	158	134	142	143	150	256	700	1138	1162
157	200	146	154	188	135	158	166	148	140	156	195	219	204	172	155	141	110	156	154	147	172	157	143	121	171	572	1126
140	191	166	150	203	182	166	171	149	133	183	203	205	190	159	159	162	157	174	145	146	190	172	165	148	138	125	472
153	170	169	107	176	177	162	192	148	137	189	179	176	224	157	164	197	171	150	132	136	198	188	150	173	159	135	133
158	145	150	95	124	178	182	221	188	170	205	179	182	266	197	183	182	139	146	139	151	186	203	187	182	174	160	145
237	187	173	123	98	198	216	201	181	168	184	193	167	264	270	227	187	151	145	170	185	216	218	174	176	177	164	176
300	295	285	219	169	264	331	195	232	228	190	161	192	228	275	251	186	156	157	193	216	232	176	194	206	166	178	191
416	419	397	309	241	273	331	192	189	264	366	211	264	233	275	194	165	156	174	208	207	178	166	186	287	195	177	198
527	515	484	370	326	269	281	182	155	189	534	395	248	255	311	182	149	158	179	224	202	180	160	172	355	199	164	197
654	616	538	415	353	271	312	199	199	162	480	555	227	205	242	178	189	181	213	280	174	175	174	195	268	191	172	187
797	724	618	485	362	230	315	290	250	192	371	582	273	182	202	160	184	163	266	240	166	189	181	193	256	238	201	250
973	842	698	577	416	259	240	194	225	237	305	470	354	164	188	146	156	198	308	187	173	170	177	207	312	221	149	214
1106	968	809	674	482	289	213	151	198	261	209	336	440	243	200	187	159	211	308	157	159	169	175	289	338	177	135	159
1211	1091	935	760	573	369	220	151	163	252	161	264	476	294	187	187	172	212	321	184	175	169	168	254	254	210	133	151
1236	1204	1051	829	647	459	258	178	208	221	146	207	464	348	190	176	181	250	347	144	172	183	149	222	188	256	185	179
1224	1225	1172	954	742	559	329	208	209	174	170	181	523	551	200	112	140	279	353	163	186	215	152	175	165	203	225	212
1057	1066	1072	1075	1058	1058	1046	1035	1028	1011	998	990	977	958	950	946	936	930	923	918	918	923	927	930	933	929	925	928
1071	1092	1124	1132	1122	1113	1092	1081	1071	1064	1055	1045	1038	1033	1023	1007	992	983	964	950	934	926	924	917	919	922	924	921
1077	1126	1201	1169	1148	1138	1102	1093	1095	1097	1093	1086	1081	1078	1075	1059	1054	1044	1036	1026	1009	984	951	929	922	921	924	924
1193	1067	1084	1094	1101	1100	1091	1091	1094	1094	1094	1094	1094	1097	1092	1088	1083	1077	1076	1073	1072	1061	1042	1002	951	930	923	924
1257	1067	1073	1096	1099	1100	1107	1092	1084	1076	1074	1075	1072	1076	1075	1079	1094	1095	1095	1095	1085	1083	1084	1081	1045	983	934	922
1164	1067	1087	1091	1085	1096	1093	1075	1062	1078	1074	1059	1053	1051	1040	1042	1061	1079	1085	1090	1094	1087	1075	1074	1078	1066	1021	946
1139	1064	1097	1097	1088	1074	1067	1057	1073	1070	1030	1023	1048	1050	1057	1058	1049	1045	1045	1063	1082	1084	1073	1112	1082	1072	1082	1047
1310	1029	1070	1034	971	902	974	1068	964	969	970	992	923	755	669	704	818	953	1038	1066	1070	1082	1110	1157	1110	1066	1079	1080
1044	684	636	536	429	355	332	364	339	369	598	866	837	550	257	144	177	308	519	825	1031	1106	1132	1142	1148	1100	1048	1054
282	218	188	166	151	123	107	114	144	165	183	385	549	442	221	119	106	105	96	176	444	864	1128	1138	1099	1118	1111	1029
123	138	135	136	156	168	163	151	162	169	160	176	238	221	193	150	155	122	126	117	101	190	540	1009	1107	1037	1103	1139
171	163	179	152	150	146	170	196	173	167	165	179	203	177	189	188	156	149	141	178	131	126	105	288	845	1144	1061	1077
183	212	207	170	175	145	146	177	188	166	166	243	191	171	173	157	152	152	151	208	178	154	144	121	174	573	1022	1093
155	218	228	176	211	151	136	159	172	186	216	226	192	175	182	170	151	160	189	223	190	184	145	153	152	116	328	816
276	252	223	201	228	122	128	141	139	232	212	178	198	180	184	176	185	253	217	177	180	211	161	158	172	170	149	202
426	439	399	268	282	170	116	132	137	357	205	151	153	180	159	178	262	259	162	166	162	190	174	162	191	183	175	143
583	583	637	559	420	339	217	149	138	438	219	115	177	168	160	196	242	149	155	164	168	187	180	170	207	198	174	167
751	718	717	707	631	547	358	199	154	388	247	125	164	181	207	199	173	158	154	150	184	177	210	185	179	224	212	159
932	870	850	792	731	711	551	306	192	309	272	128	181	224	198	191	178	168	158	156	175	191	213	195	204	212	215	152
1053	1009	958	906	836	733	618	484	305	306	298	185	247	204	178	175	226	201	152	167	198	206	187	190	244	185	215	145
1148	1119	1049	981	927	778	585	438	254	221	281	311	214	169	175	172	215	195	175	178	206	184	165	162	210	193	224	161
1217	1186	1128	1028	947	828	642	450	270	180	237	433	252	184	185	170	198	168	185	242	200	186	174	166	221	207	257	239
1236	1216	1191	1102	981	851	682	491	295	208	195	492	319	184	179	177	189	206	251	214	227	238	202	174	228	227	332	219
1225	1225	1220	1170	1039	886	706	479	309	199	185	437	343	160	176	194	196	372	344	210	275	329	220	203	313	254	364	178
1210	1222	1222	1212	1107	922	719	469	325	173	130	323	389	223	177	181	165	262	342	207	250	387	274	265	316	250	405	211
1194	1210	1216	1230	1170	952	741	478	326	175	122	254	399	309	165	169	205	219	307	232	221	365	497	374	255	268	423	225
1197	1205	1212	1233	1203	995	766	524	334	212	145	189	354	349	181	161	222	253	369	197	211	296	542	317	178	260	389	215
1202	1205	1212	1228	1168	997	841	604	369	235	161	201	360	390	207	147	204	203	296	218	194	282	509	294	188	242	380	220
1054	1055	1059	1063	1069	1081	1088	1086	1087	1085	1073	1064	1054	1041	1029	1013	991	970	944	931	928	925	922	924	924	922	922	928
1145	1055	1072	1088	1086	1091	1087	1081	1082	1081	1077	1077	1076	1082	1083	1082	1081	1068	1053	1033	994	956	931	921	918	920	919	921
1305	1103	1111	1127	1120	1113	1102	1102	1100	1102	1097	1097	1090	1081	1087	1082	1085	1086	1086	1091	1086	1070	1025	968	932	922	923	917
1319	1185	1081	1095	1120	1135	1131	1123	1128	1134	1137	1140	1140	1137	1134	1126	1120	1097	1079	1071	1080	1097	1095	1071	1017	958	928	924
1249	1181	1182	1170	1146	1134	1138	1143	1137	1134	1131	1120	1120	1135	1141	1158	1158	1148	1142	1117	1087	1065	1076	1089	1088	1053	976	930
1252	1345	1222	1164	1143	1133	1116	1117	1124	1128	1127	1121	1119	1124	1130	1137	1141	1145	1147	1152	1144	1124	1074	1056	1073	1087	1060	997
1652	1203	1097	1093	1062	1054	1056	1118	1103	1110	1046	1012	1033	1020	1024	1053	1083	1118	1136	1141	1148	1154	1141	1125	1071	1057	1067	1066
1297	785	739	630	531	492	561	707	750	916	816	576	511	472	491	555	685	884	1041	1100	1136	1145	1151	1174	1179	1101	1030	1054
378	304	227	196	168	164	171	211	205	318	484	411	288	166	168	159	181	300	552	839	1023	1102	1134	1153	1198	1184	1071	1014
158	145	143	162	178	155	156	164	208	184	221	284	220	158	209	182	176	165	173	308	579	838	1011	1100	1131	1113	1120	1070
212	192	172	176	171	161	169	165	201	199	201	190	179	170	203	184	181	225	163	166	191	285	449	727	863	935	1013	1107
256	202	170	196	150	141	203	208	192	179	200	212	195	182	203	208	171	257	162	211	192	176	133	256	506	670	834	926
390	327	261	184	148	134	144	227	220	189	219	216	209	197	191	218	152	251	246	218	215	200	156	146	241	303	499	700
604	558	530	385	292	185	137	182	339	395	260	202	158	190	185	263	170	252	212	184	213	226	179	183	229	176	200	365
793	778	774	698	604	415	291	165	258	509	220	176	173	198	243	302	222	246	202	184	213	224	170	207	241	198	186	195
974	978	972	899	833	721	561	362	270	477	285	183	205	190	243	319	265	248	187	219	224	211	182	258	273	231	205	209
1117	1141	1155	1137	1050	950	804	639	442	427	300	210	179	179	191	292	299	209	184	275	249	241	270	225	199	211	217	183
1190	1201	1201	1226	1215	1113	986	832	641	486	299	189	171	168	176	198	282	229	213	298	311	323	297	200	185	216	234	183
1235	1232	1229	1232	1231	1198	1124	987	778	607	388	224	181	173	207	215	327	399	268	258	374	312	231	212	187	281	260	190
1237	1233	1237	1247	1241	1220	1194	1111	895	710	473	282	215	178	213	216	275	393	341	281	381	234	192	179	156	281	359	244
1224	1234	1234	1243	1246	1230	1208	1130	940	740	530	328	232	198	190	183	240	276	451	413	366	207	181	183	168	224	440	211
1217	1226	1231	1238	1245	1249	1219	1141	958	757	577	408	310	214	185	181	248	251	298	513	479	211	171	182	175	216	459	192
1219	1217	1224	1226	1236	1258	1229	1134	948	782	617	410	303	235	183	170	215	280	198	475	552	295	199	212	162	163	388	183
1219	1221	1218	1214	1221	1251	1228	1111	904	789	626	434	279	207	176	163	231	327	212	296	469	384	162	154	153	169	332	180
1222	1224	1218	1216	1220	1236	1212	1060	879	798	637	451	289	216	197	180	256	233	205	252	354	433	225	135	175	212	287	191
1228	1225	1229	1228	1231	1224	1193	1027	861	807	658	466	282	233	193	194	202	201	192	247	282	393	402	238	184	196	312	223
1233	1233	1234	1234	1234	1215	1156	982	861	821	701	502	287	211	201	190	210	211	194	212	245	303	451	303	204	193	311	219
1231	1231	1232	1236	1192	1121	1085	1011	916	845	735	537	317	224	216	179	197	203	211	215	218	236	404	311	231	289	313	206
1197	1092	1104	1074	1068	1064	1067	1069	1068	1066	1066	1067	1072	1077	1076	1074	1068	1061	1054	1038	1012	971	945	925	921	918	919	923
1802	1082	994	1004	1018	1026	1051	1069	1054	1038	1036	1038	1037	1039	1049	1059	1073	1077	1085	1091	1082	1065	1034	989	949	920	918	919
1908	1472	888	937	973	1020	1042	1044	1043	1052	1064	1063	1044	1048	1048	1040	1040	1052	1057	1067	1072	1081	1085	1072	1034	967	931	921
1837	1940	889	909	988	1020	1015	1008	1020	1023	1026	1032	1044	1057	1072	1070	1062	1059	1038	1026	1029	1042	1055	1077	1082	1051	998	975
2195	1979	917	963	981	1017	1004	1013	1061	1000	959	973	946	896	835	814	833	854	893	930	957	983	1008	1029	1054	1073	1067	1050
2159	1492	1074	988	998	1017	985	1091	1069	948	848	727	559	456	415	433	467	528	600	669	729	810	900	956	1004	1029	1048	1062
1187	1090	912	712	572	532	590	739	712	535	387	334	282	275	273	291	302	351	399	443	446	499	591	683	829	937	988	1026
609	365	331	251	176	169	198	226	265	260	216	181	165	208	194	213	233	253	299	361	362	367	384	438	549	664	752	874
303	253	236	247	203	192	209	186	181	198	212	179	150	167	164	188	219	217	242	286	287	351	346	366	406	455	470	554
427	333	276	281	264	260	228	193	223	215	230	212	158	181	233	192	184	199	219	248	243	263	262	308	322	343	367	373
519	370	354	297	341	334	242	188	218	251	297	257	199	210	198	158	170	190	230	269	190	196	206	236	250	255	282	309
772	574	458	418	349	300	318	225	210	208	339	394	296	175	162	152	168	188	228	303	199	174	184	219	213	185	223	258
987	855	721	633	539	412	358	359	245	320	481	199	273	227	154	148	156	224	221	310	195	184	174	208	218	173	194	209
1125	1081	999	908	797	673	530	468	400	433	321	163	190	280	192	156	164	258	178	286	209	193	172	226	276	198	182	167
1168	1164	1138	1090	1012	916	799	659	512	444	307	250	191	254	296	178	150	246	198	275	202	185	169	197	336	208	164	163
1215	1214	1205	1174	1122	1055	963	894	775	567	368	272	232	221	239	261	156	253	314	264	207	178	178	194	346	250	177	192
1235	1242	1235	1218	1205	1144	1088	985	913	808	587	362	248	230	185	234	210	257	274	200	199	185	183	168	247	268	172	193
1226	1229	1235	1231	1227	1207	1173	1086	958	873	810	590	364	230	176	192	225	258	228	198	206	217	193	182	238	274	155	183
1221	1218	1223	1228	1230	1217	1207	1151	1037	908	878	784	582	335	209	213	272	322	263	191	203	192	169	224	238	250	201	202
1221	1221	1216	1215	1215	1214	1215	1204	1085	948	887	874	775	501	264	215	233	308	236	196	196	162	162	171	153	169	222	208
1218	1226	1221	1212	1202	1213	1213	1230	1128	975	883	874	897	619	362	233	216	216	236	244	229	174	172	170	162	175	195	192
1219	1226	1225	1219	1206	1202	1204	1223	1151	984	888	874	985	735	454	267	239	226	200	264	283	182	166	161	164	193	238	248
1221	1227	1226	1227	1220	1197	1189	1211	1136	963	897	886	1018	774	516	307	228	247	195	273	232	174	176	172	191	174	237	376
1216	1231	1232	1223	1221	1201	1175	1184	1065	936	900	951	986	785	580	356	257	218	184	200	207	190	151	151	198	183	368	371
1211	1227	1230	1225	1216	1207	1161	1115	990	914	960	1018	928	806	625	434	336	248	201	209	211	209	147	160	179	243	581	337
1191	1219	1226	1211	1209	1191	1110	1049	1003	968	1086	1005	891	802	646	507	319	229	255	240	204	225	151	177	188	296	573	274
1171	1201	1212	1200	1192	1162	1079	1023	1050	1091	1081	947	896	797	675	513	334	225	214	202	228	242	166	174	171	366	457	223
1153	1164	1184	1188	1162	1094	1030	1021	1069	1130	1062	974	906	832	686	521	360	230	198	194	199	205	148	147	171	329	315	193
1187	1171	1071	1038	1076	1060	1039	1036	1034	1040	1058	1056	1062	1053	1056	1063	1068	1070	1076	1075	1071	1055	1026	986	952	935	929	916
1231	1183	1034	1010	999	991	993	1024	1042	1036	1037	1042	1047	1037	1045	1058	1071	1082	1090	1092	1100	1091	1079	1065	1017	972	965	943
1157	1178	1015	973	990	1001	1012	1042	1040	1036	1038	1025	1021	1035	1048	1060	1064	1052	1043	1047	1060	1064	1082	1098	1074	1033	1015	996
1151	1187	1022	993	1007	1007	1011	1020	1045	1040	980	935	935	923	850	760	662	632	652	700	800	879	951	1013	1060	1075	1057	1044
1386	1245	1005	969	968	991	997	1030	1110	1017	922	839	689	459	294	228	205	216	213	253	349	470	627	775	855	948	1032	1047
1341	1052	976	935	923	925	934	944	871	741	545	378	232	129	139	148	164	164	132	144	170	193	276	391	538	661	820	942
1036	987	933	768	540	424	447	392	333	302	282	274	275	171	138	169	162	171	147	143	139	124	129	152	221	310	467	675
957	869	736	507	392	320	279	242	237	309	354	322	365	275	200	219	160	145	137	173	137	135	123	134	136	144	179	276
975	818	744	550	481	453	354	351	283	291	420	402	440	334	254	267	173	140	144	217	122	136	154	165	143	133	136	140
997	951	871	697	631	560	459	419	362	323	427	569	453	288	230	241	232	161	182	267	134	150	167	192	132	140	154	133
990	970	930	904	872	768	660	560	495	452	432	519	344	297	256	279	283	163	181	232	160	166	159	245	157	154	189	146
991	983	968	950	980	953	867	766	682	582	516	453	380	378	287	276	299	208	178	196	181	168	156	251	182	134	177	154
1058	1052	1035	1018	988	997	997	933	852	772	701	558	485	450	418	370	314	281	199	201	169	168	192	255	163	133	175	162
1143	1140	1126	1117	1089	1035	1020	1022	970	913	823	721	662	569	525	444	368	326	258	232	190	171	162	224	171	151	167	169
1195	1206	1203	1184	1158	1119	1071	1042	1026	978	926	834	779	710	635	505	427	364	277	250	194	180	161	164	162	146	188	178
1238	1237	1235	1233	1224	1181	1135	1088	1060	1020	969	931	884	849	767	617	505	413	331	319	234	199	172	155	147	141	220	248
1252	1243	1240	1242	1247	1224	1172	1141	1086	1054	998	985	981	946	839	702	614	498	382	335	266	212	205	188	178	169	210	338
1240	1240	1242	1241	1243	1239	1213	1163	1121	1064	1029	1040	1056	1064	914	786	694	583	449	341	297	274	238	209	212	222	226	375
1244	1237	1240	1244	1245	1248	1236	1183	1145	1078	1039	1024	1083	1197	947	841	784	660	530	415	348	310	297	238	193	180	197	349
1240	1233	1238	1239	1245	1246	1249	1212	1156	1101	1043	1021	1119	1281	1046	920	830	691	550	449	372	320	283	247	213	192	202	337
1224	1222	1226	1232	1241	1248	1251	1208	1145	1095	1034	1039	1178	1209	1048	965	827	728	606	510	412	357	328	273	238	228	203	371
1201	1207	1218	1224	1226	1231	1224	1175	1124	1078	1029	1054	1207	1130	1051	989	870	772	657	546	449	382	361	316	277	250	214	414
1201	1207	1209	1214	1208	1206	1180	1132	1101	1064	1042	1076	1166	1112	1055	1021	920	799	682	590	457	388	376	359	310	251	279	381
1193	1197	1194	1193	1192	1184	1140	1121	1101	1055	1044	1087	1114	1085	1046	1055	987	829	717	597	474	417	386	357	319	271	342	305
1165	1176	1178	1177	1172	1151	1119	1127	1106	1054	1056	1082	1083	1081	1062	1082	1047	862	729	599	488	402	357	366	311	332	383	251
1141	1151	1152	1145	1144	1128	1106	1125	1110	1077	1098	1087	1077	1066	1070	1103	1082	875	715	607	485	385	373	371	341	324	279	226
1140	1135	1130	1134	1134	1119	1102	1104	1108	1088	1090	1081	1085	1074	1099	1123	1098	878	706	636	497	391	394	375	343	320	280	252
1173	1121	1109	1111	1111	1105	1096	1103	1118	1102	1091	1083	1090	1095	1111	1141	1100	902	708	624	494	402	399	386	334	286	267	218
1226	1392	1623	1398	1107	1092	1095	1093	1092	1107	1103	1089	1084	1069	1068	1076	1093	1101	1113	1122	1126	1133	1127	1112	1098	1081	1056	1018
1121	1274	1592	1361	1138	1102	1103	1096	1094	1097	1091	1071	1064	1050	1041	1026	1002	961	939	948	964	1014	1065	1091	1115	1119	1118	1095
1167	1462	1506	1337	1157	1135	1110	1096	1087	1091	1087	1066	1002	924	833	770	705	629	609	616	640	692	793	881	1000	1098	1130	1137
1278	1450	1369	1222	1161	1144	1121	1076	1070	1099	1037	997	850	654	465	313	216	159	163	173	209	254	382	534	692	891	1048	1121
1476	1404	1140	1109	1119	1093	1070	1021	1081	1066	1003	954	765	341	195	152	147	153	162	185	144	138	141	156	194	368	684	977
1164	1020	1004	1022	1026	966	898	813	817	931	953	930	751	349	233	178	163	161	163	218	179	157	144	128	107	78	165	458
994	976	972	964	918	853	763	672	665	890	952	933	859	519	306	229	179	161	182	209	166	155	156	148	142	123	100	108
978	993	993	984	958	880	793	714	728	922	973	933	920	715	460	367	269	175	181	242	147	166	161	148	157	161	136	153
1018	1035	1037	1046	1046	974	884	846	841	888	970	946	930	836	631	476	327	251	201	214	132	176	177	146	149	183	173	161
1059	1082	1102	1120	1126	1095	1012	950	911	900	954	963	917	834	629	505	422	358	275	257	211	173	202	146	150	195	196	178
1092	1114	1115	1137	1161	1148	1077	1032	999	960	950	949	942	878	737	663	545	473	385	301	245	195	207	178	169	188	227	208
1142	1148	1155	1161	1163	1166	1120	1057	1036	1003	985	984	998	962	883	837	716	621	528	421	327	255	206	170	168	173	232	198
1184	1182	1191	1196	1196	1185	1161	1093	1067	1034	1006	995	1030	1046	987	980	860	786	691	591	409	314	269	216	195	203	237	179
1200	1193	1196	1202	1203	1206	1191	1144	1121	1067	1035	1005	1049	1055	1055	1019	930	894	841	755	546	411	366	302	264	260	242	189
1207	1208	1204	1206	1207	1213	1201	1168	1170	1107	1067	1040	1059	1050	1078	1007	998	964	915	843	723	590	493	397	314	294	256	214
1210	1211	1211	1217	1211	1217	1211	1178	1179	1159	1100	1044	1061	1035	1067	1024	1037	1032	973	898	837	761	660	565	470	364	294	263
1207	1209	1212	1215	1217	1219	1212	1179	1170	1180	1145	1042	1037	1042	1055	1055	1072	1094	1055	964	900	857	797	733	619	476	356	339
1207	1209	1213	1214	1220	1219	1214	1181	1173	1169	1152	1065	1023	1062	1088	1090	1085	1106	1104	1033	971	934	857	802	709	568	433	396
1191	1199	1203	1210	1211	1209	1206	1183	1167	1159	1144	1099	1056	1065	1100	1124	1106	1120	1132	1102	1031	979	907	842	745	587	432	386
1159	1185	1199	1203	1206	1203	1193	1172	1154	1142	1142	1114	1075	1078	1096	1127	1126	1133	1139	1125	1088	1033	969	889	799	620	437	383
1142	1162	1181	1186	1191	1190	1166	1140	1139	1134	1138	1127	1092	1090	1096	1125	1130	1137	1138	1137	1125	1084	1020	943	834	667	471	350
1112	1123	1134	1149	1139	1147	1128	1121	1127	1128	1126	1120	1106	1099	1114	1132	1140	1134	1138	1141	1136	1109	1060	976	848	688	504	335
1123	1115	1116	1118	1116	1116	1110	1107	1112	1125	1117	1109	1111	1123	1129	1142	1147	1134	1136	1142	1139	1122	1086	1011	862	679	507	308
1173	1133	1121	1116	1111	1107	1103	1102	1108	1118	1114	1107	1113	1133	1135	1143	1140	1137	1137	1136	1135	1123	1106	1039	865	644	470	313
1210	1168	1138	1125	1114	1100	1099	1105	1109	1111	1116	1110	1126	1143	1145	1150	1136	1135	1140	1136	1131	1127	1106	1048	852	621	436	289
1221	1203	1178	1146	1126	1108	1105	1110	1105	1114	1113	1118	1142	1145	1153	1152	1146	1138	1135	1130	1126	1128	1107	1048	838	602	400	249
1226	1220	1201	1181	1144	1116	1111	1111	1108	1109	1112	1128	1139	1142	1146	1145	1142	1144	1141	1134	1123	1120	1111	1044	830	565	374	222
1220	1223	1214	1202	1170	1129	1116	1117	1114	1115	1116	1130	1138	1136	1138	1145	1136	1142	1141	1131	1129	1122	1112	1035	800	549	365	215
1267	1258	1662	1487	1040	1016	1028	1049	1059	1056	1082	1096	1056	1055	1067	1051	950	834	759	740	781	868	907	973	1082	1142	1161	1175
1219	1251	1815	1472	1109	1039	1047	1052	1050	1051	1086	1038	990	937	800	627	476	381	335	347	391	512	610	684	826	967	1029	1051
1538	1670	1685	1355	1078	1065	1038	1020	1015	1015	1006	956	790	579	354	201	144	119	122	122	110	148	189	252	468	710	847	901
1389	1443	1376	1139	1038	1017	996	954	972	994	974	966	719	476	278	184	138	138	218	196	135	142	134	97	115	317	588	736
1254	1170	1019	996	988	974	947	903	933	952	946	958	872	567	310	226	160	170	250	250	149	145	153	136	135	131	218	469
1077	888	912	958	951	939	914	889	927	942	943	930	913	623	356	290	172	154	185	231	147	157	146	138	186	159	130	178
1000	975	964	970	961	961	959	967	989	983	980	968	963	865	680	505	240	148	132	158	136	174	136	127	196	195	142	128
1031	1041	1049	1045	1039	1017	993	992	994	995	987	986	967	966	909	739	510	327	207	144	147	202	135	116	169	188	158	153
1075	1088	1102	1110	1106	1072	1036	1006	995	1005	1001	1006	996	988	942	896	803	619	416	306	253	195	129	118	136	177	176	145
1136	1143	1156	1163	1156	1138	1105	1052	992	973	982	985	991	1008	1022	1024	958	834	679	527	395	218	143	126	145	145	172	148
1169	1172	1186	1196	1208	1204	1176	1135	1069	1005	982	966	972	987	1047	1084	1048	975	915	750	504	320	200	143	146	144	161	160
1191	1194	1201	1218	1231	1224	1220	1194	1157	1108	1050	993	991	999	1093	1116	1065	1033	1024	899	679	462	318	188	146	168	167	174
1201	1209	1223	1228	1235	1232	1240	1211	1200	1169	1120	1054	1038	1045	1048	1074	1104	1064	1050	1004	872	682	491	324	200	182	180	189
1214	1222	1225	1226	1239	1239	1242	1216	1214	1210	1170	1111	1087	1054	993	995	1043	1083	1088	1088	1034	913	741	544	369	252	201	232
1219	1224	1225	1227	1237	1239	1236	1209	1211	1205	1198	1161	1128	1096	1036	1027	1045	1085	1100	1107	1112	1062	967	815	612	416	238	248
1220	1220	1224	1231	1232	1237	1234	1211	1208	1197	1201	1163	1112	1105	1091	1084	1086	1104	1108	1114	1122	1117	1070	997	843	588	330	271
1222	1223	1227	1231	1229	1232	1231	1207	1195	1189	1187	1147	1113	1113	1124	1132	1128	1135	1124	1123	1127	1123	1107	1068	967	741	480	347
1225	1228	1223	1225	1223	1216	1217	1188	1171	1165	1159	1142	1136	1133	1142	1152	1153	1147	1142	1144	1140	1129	1115	1090	1032	858	616	456
1213	1212	1215	1208	1198	1185	1183	1162	1158	1143	1136	1138	1148	1150	1158	1163	1162	1154	1163	1160	1153	1143	1135	1103	1056	913	704	502
1188	1180	1168	1158	1152	1150	1151	1137	1144	1135	1132	1138	1155	1157	1169	1174	1168	1170	1178	1167	1162	1156	1148	1129	1079	961	786	555
1159	1146	1142	1133	1135	1135	1136	1127	1138	1131	1130	1141	1162	1168	1175	1183	1184	1184	1178	1166	1167	1155	1153	1148	1103	993	840	583
1140	1138	1136	1130	1123	1124	1129	1132	1129	1131	1136	1147	1169	1177	1185	1195	1188	1182	1176	1173	1167	1156	1158	1150	1100	992	861	608
1136	1129	1129	1121	1118	1123	1130	1130	1131	1130	1140	1153	1163	1179	1189	1197	1188	1185	1182	1174	1162	1159	1165	1143	1090	981	841	609
1165	1144	1142	1132	1127	1124	1126	1129	1127	1135	1151	1153	1163	1183	1196	1199	1190	1192	1178	1169	1162	1162	1154	1141	1078	942	815	592
1201	1182	1177	1172	1152	1137	1134	1133	1132	1143	1152	1160	1172	1188	1205	1200	1192	1180	1169	1170	1166	1162	1153	1138	1051	912	790	560
1209	1205	1194	1183	1179	1170	1162	1150	1143	1153	1163	1176	1176	1188	1195	1192	1175	1164	1163	1162	1166	1165	1153	1121	1014	894	760	512
1204	1211	1209	1202	1193	1183	1180	1173	1164	1163	1175	1176	1171	1176	1180	1173	1161	1161	1159	1165	1168	1166	1151	1094	982	874	722	467
1205	1211	1217	1207	1199	1195	1191	1187	1178	1174	1169	1168	1165	1152	1155	1164	1161	1166	1159	1167	1170	1166	1139	1060	947	848	678	423
1222	1204	1372	1525	1111	1061	1097	1093	1076	1037	1043	1059	985	955	909	716	471	262	168	156	186	233	291	332	394	431	438	465
1576	1666	1488	1136	1018	1025	1048	1036	991	974	967	925	873	783	472	182	115	118	137	121	118	125	133	155	214	296	332	354
1508	1126	979	949	955	958	955	931	924	912	896	874	792	617	333	170	158	217	183	140	139	132	119	124	111	116	191	243
1057	935	909	939	936	926	927	930	925	918	922	929	860	674	429	181	124	157	196	163	136	132	140	176	125	93	91	113
957	952	942	927	928	928	927	932	927	923	927	935	916	726	495	222	130	141	167	130	125	129	141	162	146	145	118	79
1024	1036	1023	983	975	968	961	952	941	940	944	946	927	820	696	540	408	280	178	153	135	123	121	140	162	157	127	118
1081	1086	1095	1067	1042	1024	1000	987	990	996	1001	998	1002	980	921	781	609	461	339	285	250	170	122	119	137	172	133	131
1139	1150	1155	1147	1110	1082	1043	992	979	981	985	991	994	1024	1021	927	855	743	608	501	337	194	129	127	111	178	143	110
1183	1197	1201	1221	1189	1149	1125	1068	1008	981	970	968	995	1032	1066	978	989	916	818	685	491	265	137	129	114	178	138	108
1207	1227	1237	1235	1223	1213	1192	1155	1105	1048	1016	973	1001	1027	1053	1004	1041	992	951	836	632	412	219	150	142	194	155	109
1222	1223	1239	1240	1235	1233	1222	1191	1179	1156	1116	1055	1026	1033	1067	1016	1050	1001	1021	973	792	568	362	198	147	174	182	109
1222	1228	1232	1234	1233	1227	1220	1196	1186	1199	1186	1139	1088	1062	1081	1085	1074	1037	1052	1045	970	756	532	329	205	185	192	111
1216	1222	1226	1227	1230	1225	1210	1181	1189	1199	1199	1179	1137	1107	1107	1135	1128	1072	1066	1073	1075	975	744	532	341	200	205	127
1219	1220	1223	1227	1223	1207	1192	1179	1186	1191	1184	1169	1158	1121	1101	1089	1112	1120	1104	1096	1101	1090	972	754	529	295	201	162
1218	1220	1219	1215	1208	1195	1182	1185	1183	1177	1171	1166	1167	1155	1131	1112	1114	1132	1122	1117	1114	1119	1095	978	742	471	261	178
1214	1216	1209	1193	1200	1200	1189	1175	1183	1174	1161	1161	1158	1164	1161	1149	1147	1150	1142	1133	1130	1114	1104	1080	929	654	418	200
1203	1190	1181	1180	1189	1186	1184	1169	1170	1162	1153	1152	1150	1169	1174	1178	1176	1169	1158	1152	1146	1131	1114	1094	1050	839	597	290
1170	1172	1178	1174	1179	1178	1167	1162	1149	1146	1143	1145	1157	1176	1187	1199	1187	1174	1166	1169	1156	1141	1129	1109	1092	995	731	418
1171	1178	1185	1174	1168	1158	1157	1148	1139	1131	1134	1152	1172	1191	1207	1210	1194	1181	1178	1176	1159	1143	1140	1121	1094	1056	826	500
1180	1168	1164	1158	1152	1142	1150	1142	1139	1134	1143	1165	1189	1204	1214	1205	1199	1195	1188	1173	1160	1154	1144	1142	1119	1082	872	535
1156	1146	1145	1140	1136	1137	1139	1133	1136	1138	1157	1174	1205	1207	1207	1203	1195	1191	1186	1168	1165	1157	1146	1146	1140	1104	889	539
1155	1154	1156	1152	1145	1143	1141	1139	1152	1155	1170	1180	1209	1215	1213	1202	1195	1186	1179	1176	1163	1153	1147	1147	1138	1105	890	539
1173	1170	1171	1171	1167	1157	1162	1159	1163	1167	1171	1200	1221	1209	1190	1187	1184	1180	1182	1170	1159	1159	1153	1135	1137	1086	857	530
1190	1182	1183	1176	1176	1171	1169	1173	1168	1176	1187	1202	1197	1186	1181	1180	1181	1186	1180	1165	1161	1152	1143	1131	1130	1070	810	493
1220	1222	1221	1217	1215	1211	1200	1192	1188	1197	1197	1192	1188	1181	1187	1184	1182	1183	1175	1171	1164	1143	1137	1126	1122	1041	762	477
1220	1212	1214	1218	1219	1222	1217	1208	1206	1208	1201	1196	1187	1184	1184	1182	1177	1174	1167	1168	1159	1145	1137	1124	1110	999	735	418
1216	1222	1221	1222	1213	1213	1210	1213	1211	1205	1204	1194	1183	1178	1174	1165	1154	1156	1159	1162	1149	1145	1139	1123	1089	947	639	323
1232	1236	1233	1231	1228	1223	1221	1221	1215	1201	1192	1175	1162	1153	1153	1151	1148	1156	1157	1160	1156	1149	1132	1111	1061	872	546	293
1159	1193	1353	1369	1071	1079	1078	1094	1104	1093	1080	1079	1060	991	962	825	608	333	138	129	140	118	121	115	92	81	75	74
1142	1205	1142	974	932	960	1007	1019	1010	1000	984	961	943	827	487	231	140	125	160	142	138	118	133	170	119	87	89	85
1070	1000	953	933	922	912	923	928	939	944	945	952	950	824	297	176	187	199	176	128	132	113	122	196	149	122	115	109
983	955	930	918	917	909	911	927	931	928	938	957	964	946	537	292	333	302	328	249	158	146	124	156	159	114	174	141
1051	1019	984	961	954	941	948	956	956	957	964	964	961	972	834	639	608	546	547	483	355	205	128	114	177	120	146	176
1084	1083	1071	1037	1019	983	963	974	976	972	983	996	1002	1009	973	908	898	827	740	635	600	415	293	195	219	146	112	133
1119	1120	1126	1103	1083	1064	1015	980	970	951	959	970	991	1009	1019	1034	982	922	912	849	798	637	471	305	248	162	115	112
1154	1139	1156	1147	1125	1131	1109	1076	1051	1011	989	979	982	1004	1030	1054	1016	1012	992	947	879	754	586	411	310	223	125	110
1168	1174	1179	1183	1165	1175	1165	1148	1131	1120	1090	1065	1042	1045	1060	1022	1035	1041	1031	992	935	869	731	558	383	233	158	142
1181	1195	1195	1187	1176	1190	1200	1177	1175	1171	1158	1133	1123	1108	1089	1072	1087	1070	1073	1058	1013	958	881	710	530	330	181	136
1185	1187	1189	1181	1178	1189	1196	1178	1182	1177	1169	1159	1145	1125	1118	1108	1116	1118	1111	1111	1091	1050	995	884	699	473	238	113
1187	1183	1188	1182	1182	1181	1177	1176	1178	1162	1160	1154	1127	1115	1118	1124	1129	1139	1132	1126	1127	1102	1053	995	890	650	366	152
1181	1187	1190	1180	1178	1167	1172	1168	1155	1144	1133	1138	1122	1131	1131	1141	1163	1163	1145	1149	1151	1143	1108	1050	998	836	594	352
1186	1187	1184	1181	1179	1178	1163	1145	1128	1123	1122	1137	1142	1154	1159	1169	1182	1176	1167	1173	1162	1164	1141	1092	1046	954	785	512
1184	1179	1185	1185	1184	1172	1142	1124	1111	1116	1126	1154	1169	1173	1180	1179	1183	1191	1190	1190	1180	1172	1156	1124	1073	1014	910	608
1183	1184	1180	1169	1165	1139	1116	1112	1109	1118	1139	1166	1183	1182	1187	1195	1196	1200	1197	1192	1186	1181	1170	1140	1104	1045	994	755
1179	1164	1149	1135	1121	1108	1111	1109	1111	1127	1162	1182	1195	1195	1192	1195	1198	1207	1202	1198	1191	1188	1179	1148	1124	1079	1020	855
1147	1126	1110	1107	1099	1105	1105	1111	1121	1158	1179	1188	1192	1193	1189	1195	1200	1203	1206	1202	1194	1188	1174	1152	1132	1103	1031	914
1109	1098	1101	1100	1106	1104	1107	1123	1147	1176	1182	1186	1182	1184	1197	1204	1206	1207	1205	1202	1197	1187	1182	1162	1133	1110	1049	933
1098	1092	1097	1105	1110	1113	1126	1145	1167	1175	1175	1182	1190	1201	1208	1201	1205	1204	1201	1202	1196	1190	1175	1159	1140	1117	1054	937
1118	1120	1123	1131	1143	1151	1169	1176	1192	1193	1201	1203	1206	1209	1205	1205	1202	1200	1201	1196	1191	1185	1164	1163	1149	1113	1047	948
1166	1175	1177	1182	1189	1200	1206	1212	1217	1215	1212	1210	1217	1214	1211	1205	1202	1199	1196	1193	1191	1180	1167	1161	1144	1102	1038	943
1189	1192	1196	1196	1198	1202	1208	1215	1214	1213	1211	1221	1219	1214	1202	1199	1194	1193	1194	1198	1199	1179	1153	1162	1147	1099	1022	935
1187	1184	1188	1196	1195	1197	1207	1213	1212	1215	1215	1217	1209	1204	1191	1192	1192	1193	1196	1197	1188	1163	1164	1177	1154	1101	1011	922
1190	1185	1193	1202	1212	1210	1208	1213	1215	1214	1215	1212	1204	1196	1192	1194	1200	1197	1194	1189	1182	1178	1184	1187	1148	1082	989	907
1180	1177	1191	1199	1207	1206	1202	1209	1211	1218	1211	1209	1203	1199	1201	1204	1208	1201	1192	1186	1184	1189	1187	1168	1123	1060	968	840
1179	1177	1191	1201	1200	1203	1204	1202	1208	1211	1208	1204	1206	1203	1205	1204	1200	1202	1193	1188	1172	1165	1166	1145	1117	1048	937	722
1184	1182	1194	1203	1203	1205	1203	1202	1204	1203	1198	1199	1201	1197	1201	1198	1203	1209	1200	1189	1163	1164	1167	1148	1100	1022	891	605
1255	1209	1238	1170	1139	1143	1127	1093	1082	1053	1011	999	1025	1006	987	973	949	843	514	305	247	201	200	188	171	162	164	201
1020	973	990	1009	1015	1033	1020	992	989	975	965	956	958	946	910	863	841	736	448	289	254	216	210	226	165	138	137	133
951	959	961	985	978	974	968	956	960	947	941	942	951	951	885	830	837	833	651	482	454	361	242	228	217	188	164	132
1028	1001	980	952	947	945	933	935	935	932	936	930	934	955	939	894	910	922	862	743	711	628	453	322	283	231	188	143
1036	1023	1025	1018	1007	1012	1012	1009	998	996	996	982	969	967	1020	986	973	961	943	910	874	803	682	528	401	267	209	185
1093	1094	1094	1084	1051	1019	1007	994	988	990	1001	1000	982	989	1068	1037	1018	1011	997	972	946	925	854	745	599	375	261	218
1154	1168	1179	1167	1163	1140	1100	1049	1028	1005	996	987	975	994	1015	1027	1018	1005	1013	1004	988	975	946	895	785	541	331	223
1193	1199	1204	1212	1207	1206	1197	1192	1183	1164	1145	1128	1106	1087	1080	1087	1094	1092	1086	1071	1063	1047	1002	950	909	754	511	254
1216	1217	1209	1201	1190	1188	1200	1205	1189	1199	1197	1194	1182	1173	1154	1145	1138	1137	1136	1132	1130	1124	1088	1047	996	895	640	317
1207	1211	1208	1193	1165	1164	1203	1195	1185	1190	1184	1171	1168	1168	1162	1150	1156	1148	1139	1140	1150	1142	1128	1109	1073	1011	802	451
1205	1205	1191	1183	1149	1170	1200	1187	1176	1165	1166	1163	1161	1158	1167	1165	1183	1183	1176	1172	1175	1165	1155	1147	1109	1059	956	644
1192	1182	1187	1190	1189	1200	1192	1168	1156	1153	1150	1153	1144	1158	1181	1193	1209	1210	1206	1212	1210	1196	1192	1179	1146	1090	1040	844
1180	1188	1199	1203	1206	1181	1155	1157	1156	1153	1144	1158	1160	1181	1200	1209	1227	1229	1233	1230	1213	1207	1222	1207	1172	1143	1097	1006
1186	1197	1200	1200	1179	1154	1152	1150	1139	1137	1136	1171	1187	1205	1228	1235	1243	1238	1240	1229	1222	1234	1235	1214	1187	1168	1146	1084
1201	1195	1195	1176	1150	1147	1146	1139	1132	1131	1136	1175	1219	1244	1253	1246	1247	1241	1239	1233	1232	1234	1229	1217	1195	1179	1161	1119
1193	1179	1164	1152	1147	1142	1139	1135	1135	1149	1169	1221	1250	1247	1246	1245	1235	1231	1219	1217	1223	1233	1235	1213	1189	1167	1158	1140
1163	1158	1151	1144	1139	1141	1137	1142	1149	1181	1219	1244	1246	1242	1235	1229	1217	1225	1230	1237	1238	1239	1226	1202	1191	1167	1158	1147
1151	1143	1142	1139	1130	1138	1140	1156	1179	1218	1232	1242	1241	1234	1229	1224	1228	1235	1236	1230	1236	1231	1217	1197	1191	1166	1154	1148
1136	1140	1141	1139	1138	1145	1154	1182	1211	1223	1228	1237	1229	1225	1226	1230	1231	1232	1230	1228	1225	1222	1214	1189	1182	1162	1153	1148
1135	1154	1146	1154	1159	1162	1167	1195	1221	1229	1234	1233	1231	1232	1228	1227	1228	1228	1230	1233	1232	1219	1201	1185	1180	1156	1152	1147
1157	1164	1164	1168	1169	1179	1188	1210	1232	1232	1232	1225	1229	1232	1229	1228	1229	1235	1231	1228	1234	1224	1188	1181	1173	1146	1150	1155
1174	1177	1184	1184	1192	1206	1215	1228	1229	1229	1223	1227	1230	1228	1228	1230	1232	1229	1230	1229	1232	1207	1184	1186	1163	1149	1155	1160
1184	1192	1198	1205	1212	1217	1220	1224	1223	1225	1222	1228	1228	1225	1222	1223	1226	1229	1224	1227	1226	1194	1188	1177	1156	1151	1158	1154
1207	1213	1208	1213	1218	1222	1225	1224	1225	1223	1225	1225	1220	1219	1222	1226	1227	1226	1228	1232	1219	1197	1193	1173	1152	1154	1156	1134
1221	1212	1214	1214	1219	1228	1225	1224	1220	1222	1221	1216	1218	1223	1223	1226	1232	1226	1228	1230	1202	1194	1189	1166	1155	1149	1151	1127
1216	1216	1225	1222	1224	1231	1222	1208	1212	1218	1217	1223	1224	1229	1227	1226	1222	1222	1222	1213	1193	1191	1175	1155	1150	1151	1146	1092
1217	1221	1225	1228	1227	1221	1214	1215	1214	1221	1229	1229	1227	1223	1225	1225	1228	1229	1222	1203	1191	1177	1166	1146	1145	1149	1120	1054
1221	1230	1226	1225	1228	1226	1222	1225	1227	1230	1232	1233	1230	1225	1229	1227	1229	1228	1212	1193	1183	1171	1151	1143	1136	1138	1083	1002
1581	1470	1138	1096	1025	1014	1051	1088	1105	1105	1079	1031	996	987	973	957	948	946	934	921	886	809	755	722	721	744	769	837
1342	1015	996	967	956	960	970	977	980	971	967	959	948	933	931	944	939	928	909	906	906	865	787	730	682	644	593	530
887	906	942	942	936	939	948	942	947	942	935	926	924	925	934	935	931	920	913	929	932	948	909	854	759	680	566	459
942	938	950	944	942	943	943	944	944	939	922	918	924	929	932	941	936	940	945	948	946	960	947	951	914	791	664	518
1001	996	998	991	988	995	1001	1005	1010	995	976	966	966	963	968	973	974	977	988	963	953	967	948	957	961	915	797	665
1023	1031	1017	998	994	989	995	1016	1023	1019	1005	981	974	976	979	976	984	1000	1032	1005	990	1003	999	978	963	955	902	763
1092	1101	1099	1078	1059	1050	1036	1027	1029	1017	1006	981	964	955	963	969	988	1008	1021	1013	1015	1026	1035	1030	1006	958	944	849
1133	1145	1146	1151	1143	1138	1125	1133	1124	1123	1129	1124	1127	1114	1105	1098	1095	1071	1072	1077	1069	1070	1065	1050	1040	1022	984	925
1162	1170	1175	1180	1170	1164	1169	1175	1171	1181	1188	1188	1190	1182	1174	1162	1138	1121	1139	1141	1128	1123	1126	1114	1094	1066	1043	991
1171	1185	1188	1192	1182	1171	1178	1169	1172	1176	1181	1179	1173	1159	1152	1149	1146	1137	1155	1158	1147	1149	1140	1143	1144	1128	1090	1045
1181	1191	1189	1188	1177	1181	1175	1164	1161	1166	1169	1167	1156	1147	1143	1153	1170	1179	1187	1197	1196	1181	1168	1166	1158	1145	1128	1092
1179	1182	1181	1185	1187	1191	1178	1175	1174	1164	1160	1149	1135	1134	1155	1176	1200	1205	1213	1220	1222	1218	1220	1205	1193	1177	1151	1130
1170	1179	1186	1195	1192	1189	1177	1172	1170	1156	1143	1141	1136	1166	1187	1194	1203	1208	1213	1221	1223	1225	1227	1222	1214	1204	1175	1159
1173	1187	1190	1190	1188	1183	1173	1164	1146	1137	1141	1148	1170	1189	1196	1196	1199	1204	1208	1218	1224	1220	1224	1221	1219	1216	1195	1160
1181	1181	1190	1191	1185	1168	1162	1143	1138	1130	1143	1166	1190	1201	1200	1198	1204	1204	1209	1216	1214	1217	1217	1210	1215	1219	1209	1172
1176	1179	1184	1188	1170	1147	1137	1127	1120	1135	1177	1191	1194	1199	1199	1200	1204	1205	1210	1215	1214	1219	1215	1207	1217	1222	1214	1184
1173	1181	1179	1169	1143	1134	1118	1123	1130	1166	1185	1186	1195	1204	1204	1202	1206	1210	1209	1214	1220	1222	1213	1206	1219	1219	1213	1180
1173	1174	1165	1133	1129	1124	1125	1122	1151	1177	1190	1188	1195	1201	1204	1207	1210	1214	1213	1215	1223	1219	1212	1205	1218	1219	1211	1176
1162	1169	1143	1123	1122	1116	1118	1136	1174	1178	1184	1188	1194	1196	1204	1212	1209	1213	1223	1223	1219	1212	1213	1213	1216	1220	1200	1179
1160	1140	1129	1126	1115	1112	1120	1159	1182	1187	1196	1192	1198	1206	1203	1210	1215	1214	1219	1220	1212	1210	1218	1220	1212	1207	1198	1179
1133	1126	1127	1121	1113	1121	1146	1178	1182	1185	1182	1186	1201	1207	1207	1209	1215	1215	1212	1206	1211	1214	1213	1209	1206	1204	1188	1169
1132	1140	1141	1133	1133	1151	1184	1184	1181	1185	1184	1193	1200	1208	1208	1215	1219	1215	1206	1202	1208	1208	1203	1205	1204	1195	1183	1171
1140	1141	1145	1147	1150	1165	1181	1196	1190	1189	1191	1194	1202	1213	1214	1213	1209	1207	1205	1204	1206	1202	1201	1201	1202	1189	1173	1158
1141	1150	1149	1168	1181	1196	1195	1197	1191	1188	1190	1193	1199	1207	1205	1203	1206	1204	1206	1204	1209	1206	1202	1202	1194	1183	1164	1145
1160	1167	1177	1194	1200	1204	1197	1187	1187	1187	1184	1190	1194	1191	1195	1198	1195	1197	1198	1204	1202	1201	1192	1194	1187	1171	1157	1122
1169	1180	1194	1203	1199	1198	1192	1185	1183	1180	1179	1177	1177	1180	1181	1182	1180	1187	1190	1192	1193	1189	1177	1177	1170	1162	1141	1097
1173	1180	1192	1204	1202	1194	1190	1180	1173	1169	1165	1157	1162	1165	1167	1173	1183	1193	1196	1193	1198	1192	1178	1173	1166	1159	1122	1091
1187	1197	1203	1205	1202	1193	1180	1182	1160	1148	1146	1151	1161	1179	1185	1182	1190	1196	1199	1200	1201	1199	1178	1169	1162	1147	1101	1084
1155	1123	1103	1110	1095	1058	1047	1032	1045	1056	1056	1074	1087	1076	1065	1019	966	950	944	936	935	942	944	946	942	940	957	992
1177	1175	1029	991	993	994	986	980	976	971	964	970	965	965	948	931	930	937	941	940	940	943	946	948	946	945	945	950
1005	985	941	929	929	932	930	923	913	921	932	931	931	933	932	930	927	933	949	948	939	941	942	940	945	949	953	958
967	943	944	947	941	943	936	930	919	928	933	931	937	940	942	944	937	945	947	952	943	942	942	949	940	943	953	957
996	980	976	977	979	981	971	966	962	958	965	958	962	957	955	956	954	959	958	958	943	947	946	945	938	941	946	944
1006	1007	1005	1004	1002	998	986	989	978	984	993	994	995	997	992	975	975	974	972	976	969	980	976	959	937	944	941	940
1022	1022	1027	1023	1016	1013	1003	1002	996	997	1005	1013	1008	1012	1020	1020	1033	1023	1009	988	987	992	1001	982	964	945	935	935
1044	1044	1053	1046	1045	1046	1048	1050	1034	1044	1048	1044	1058	1055	1038	1025	1022	1025	1023	1012	1002	990	1004	991	972	951	940	925
1078	1078	1071	1078	1083	1086	1088	1085	1071	1064	1070	1080	1090	1095	1080	1072	1067	1054	1042	1031	1020	1010	1008	1019	996	963	958	957
1095	1101	1095	1099	1096	1096	1085	1082	1071	1064	1066	1084	1092	1106	1112	1111	1096	1093	1079	1077	1061	1046	1024	1028	1013	989	980	962
1117	1119	1113	1114	1109	1105	1099	1094	1080	1080	1083	1092	1103	1114	1121	1124	1121	1120	1113	1111	1113	1087	1058	1063	1050	1009	995	963
1128	1127	1128	1128	1125	1127	1122	1121	1110	1114	1118	1122	1133	1136	1131	1137	1150	1136	1136	1131	1125	1093	1071	1088	1087	1053	1021	987
1130	1139	1138	1131	1129	1135	1139	1135	1131	1132	1143	1143	1138	1144	1147	1150	1156	1148	1146	1137	1116	1090	1086	1085	1083	1071	1043	1008
1136	1144	1139	1136	1135	1143	1148	1148	1148	1151	1158	1150	1150	1157	1157	1159	1160	1160	1154	1141	1117	1104	1096	1084	1087	1079	1062	1022
1139	1141	1144	1147	1147	1151	1154	1156	1156	1149	1143	1145	1142	1153	1158	1151	1160	1158	1154	1134	1121	1106	1094	1089	1080	1078	1066	1044
1141	1142	1148	1150	1150	1151	1148	1147	1145	1145	1139	1131	1130	1143	1146	1146	1144	1139	1133	1134	1125	1102	1106	1094	1084	1077	1062	1040
1142	1139	1144	1148	1146	1147	1144	1144	1147	1145	1129	1111	1119	1138	1137	1128	1124	1128	1121	1129	1116	1111	1108	1097	1087	1077	1065	1041
1137	1139	1138	1143	1142	1143	1144	1146	1134	1122	1116	1089	1101	1126	1122	1119	1118	1122	1119	1125	1125	1119	1109	1103	1095	1085	1072	1055
1138	1140	1146	1142	1145	1143	1138	1137	1121	1111	1108	1089	1097	1119	1123	1126	1121	1118	1123	1125	1125	1124	1106	1105	1096	1086	1073	1054
1140	1141	1145	1148	1141	1133	1126	1119	1110	1109	1106	1097	1112	1130	1130	1129	1127	1127	1123	1115	1116	1116	1111	1113	1100	1083	1063	1043
1142	1139	1134	1124	1119	1124	1118	1106	1105	1112	1107	1107	1106	1113	1113	1115	1133	1136	1125	1120	1122	1118	1114	1109	1098	1083	1060	1038
1137	1130	1125	1118	1115	1107	1112	1110	1107	1110	1103	1092	1101	1109	1114	1122	1132	1130	1136	1128	1127	1127	1114	1099	1087	1072	1051	1048
1121	1122	1114	1115	1115	1110	1116	1110	1095	1097	1095	1091	1107	1110	1121	1134	1143	1136	1138	1130	1130	1127	1121	1104	1089	1062	1051	1049
1127	1121	1114	1126	1125	1120	1110	1101	1091	1096	1095	1094	1106	1118	1133	1137	1134	1136	1139	1127	1128	1128	1117	1095	1071	1057	1056	1055
1129	1142	1142	1137	1119	1111	1112	1105	1113	1108	1098	1101	1113	1119	1134	1139	1130	1133	1123	1118	1118	1113	1111	1087	1072	1061	1053	1046
1143	1137	1121	1116	1110	1109	1108	1101	1106	1106	1103	1104	1118	1118	1133	1139	1134	1125	1119	1111	1102	1094	1096	1080	1065	1045	1043	1023
1118	1113	1117	1122	1120	1114	1115	1109	1109	1113	1117	1115	1124	1129	1136	1140	1133	1120	1122	1112	1094	1104	1089	1085	1043	1022	1021	1020
1134	1128	1120	1123	1123	1124	1123	1117	1117	1118	1118	1126	1130	1136	1123	1131	1125	1118	1113	1105	1092	1098	1101	1089	1042	1018	1010	1004
1053	984	996	1050	1117	1144	1138	1112	1091	1049	1003	1000	1060	1079	1085	1067	1063	1050	1030	1005	988	977	957	950	938	941	966	998
1231	1136	1009	996	1004	1031	1044	1031	1002	989	965	956	969	990	979	958	954	952	945	941	934	934	931	929	926	920	923	929
1252	1242	1023	956	960	951	939	935	926	924	921	918	928	931	932	929	929	932	942	939	934	931	936	931	927	923	930	926
1056	1051	994	971	964	956	941	941	931	937	937	933	937	933	927	925	927	932	941	946	940	931	940	935	928	927	934	928
993	988	994	998	993	986	984	986	984	982	992	992	994	989	973	956	944	934	937	947	931	935	940	936	930	939	931	926
1013	1011	1019	1028	1036	1040	1042	1033	1030	1027	1036	1043	1045	1047	1042	1025	1017	1006	983	957	932	925	931	931	929	938	927	931
1025	1017	1021	1030	1029	1031	1039	1033	1021	1018	1017	1014	1018	1032	1035	1041	1042	1043	1036	1021	997	949	936	921	932	934	931	924
1053	1049	1049	1037	1040	1041	1042	1045	1032	1020	1011	1011	1010	1003	1002	1014	1014	1012	1012	1012	1018	998	961	950	944	934	924	922
1075	1073	1064	1053	1051	1044	1043	1038	1030	1015	1019	1029	1028	1006	999	1009	1011	1008	999	997	995	986	966	971	957	944	933	929
1094	1084	1078	1075	1072	1058	1044	1040	1028	1017	1020	1037	1055	1038	1021	1031	1030	1022	1000	993	986	974	958	974	967	949	951	942
1098	1093	1085	1084	1082	1072	1069	1066	1051	1049	1052	1074	1084	1084	1059	1063	1055	1045	1021	1004	1003	987	954	973	974	948	950	942
1111	1107	1102	1099	1090	1094	1096	1087	1084	1077	1089	1109	1123	1127	1106	1079	1064	1063	1040	1027	1014	983	948	960	971	945	957	939
1119	1112	1110	1103	1105	1104	1108	1104	1096	1105	1124	1126	1139	1148	1120	1058	1051	1082	1073	1043	1028	983	963	960	960	952	954	937
1120	1119	1113	1109	1109	1107	1110	1107	1108	1126	1126	1126	1134	1129	1093	1056	1062	1090	1098	1071	1036	1005	975	946	954	950	951	950
1124	1121	1116	1116	1109	1112	1111	1110	1114	1124	1129	1137	1128	1100	1082	1066	1074	1104	1107	1074	1047	1016	969	944	947	950	967	978
1124	1122	1118	1115	1117	1120	1114	1112	1113	1118	1130	1124	1117	1110	1098	1081	1081	1105	1095	1076	1066	1017	981	964	963	962	966	960
1127	1125	1122	1125	1125	1117	1118	1117	1110	1113	1111	1110	1126	1130	1096	1092	1073	1063	1068	1070	1052	1021	1000	995	980	961	951	940
1120	1125	1124	1123	1122	1115	1118	1112	1111	1113	1113	1123	1127	1104	1094	1094	1057	1068	1066	1048	1044	1037	1021	997	961	945	943	940
1126	1121	1126	1124	1121	1121	1115	1122	1116	1107	1110	1113	1108	1115	1108	1100	1079	1082	1046	1036	1043	1041	1014	978	949	945	947	943
1124	1121	1122	1121	1117	1117	1112	1118	1114	1107	1101	1110	1109	1126	1130	1113	1073	1022	1032	1045	1051	1041	1001	987	974	946	931	937
1125	1119	1119	1111	1110	1118	1116	1112	1112	1107	1109	1119	1113	1111	1113	1078	1035	1021	1051	1028	1027	996	984	1020	993	946	932	932
1130	1123	1116	1111	1109	1105	1113	1113	1121	1121	1112	1100	1115	1107	1079	1040	982	1018	1037	1015	1025	990	1010	1026	989	949	935	943
1119	1116	1112	1120	1118	1119	1121	1116	1116	1100	1098	1090	1089	1091	1059	1016	970	996	969	1027	1020	1020	1024	1021	1006	959	950	960
1124	1120	1123	1132	1131	1132	1117	1105	1106	1107	1094	1091	1077	1074	1009	983	971	973	966	1006	1002	984	993	1012	1001	972	966	960
1120	1126	1135	1131	1126	1119	1116	1109	1123	1108	1095	1094	1080	1078	990	989	1001	970	990	1035	1007	970	975	994	1005	992	982	968
1133	1129	1117	1115	1122	1120	1116	1111	1101	1092	1087	1079	1072	1071	989	940	990	1002	1003	1031	1009	955	949	961	996	1028	999	971
1120	1104	1108	1120	1122	1115	1115	1105	1102	1104	1102	1093	1066	1032	991	917	956	1025	1017	1006	1010	975	960	980	993	1016	1006	991
1121	1115	1118	1118	1118	1114	1103	1095	1101	1103	1104	1094	1055	1037	1043	983	990	1013	1042	1038	1022	967	973	998	1004	1005	1019	1015
983	958	963	962	1000	1095	1141	1148	1142	1129	1103	1073	1062	1033	1019	1030	1058	1094	1119	1124	1115	1112	1097	1088	1084	1079	1087	1094
1106	970	966	965	960	989	1037	1064	1069	1067	1053	1042	1038	1032	1037	1037	1026	1021	1014	1005	999	989	983	988	987	991	1001	1015
1383	1297	1062	941	957	979	980	974	973	959	955	954	947	950	954	946	945	951	950	945	945	938	930	933	932	927	930	942
1252	1307	1187	1006	989	996	996	984	976	963	964	962	962	977	980	976	974	961	950	950	940	938	935	935	931	930	931	930
1004	1039	1037	995	956	960	969	975	980	988	980	982	1005	1025	1042	1042	1034	1015	1003	977	951	942	932	928	933	949	927	925
1028	1013	1015	1021	1025	1028	1028	1031	1034	1052	1037	991	998	1027	1059	1073	1070	1063	1049	1020	997	970	943	932	928	932	932	930
1103	1097	1089	1086	1094	1089	1086	1086	1088	1097	1091	1054	994	1006	1014	1052	1076	1065	1052	1047	1033	1003	980	951	931	930	935	928
1122	1120	1115	1109	1107	1110	1104	1100	1105	1104	1095	1051	932	902	918	949	1034	1072	1067	1058	1042	1025	1004	976	952	937	923	924
1131	1133	1125	1118	1117	1107	1106	1104	1111	1099	1082	1001	849	736	753	801	877	979	1043	1048	1047	1014	1000	992	971	948	926	927
1136	1132	1128	1126	1125	1115	1106	1106	1109	1091	1025	933	804	645	619	629	682	796	969	1015	1026	1014	999	997	992	968	936	930
1133	1134	1130	1127	1125	1125	1116	1111	1113	1075	926	763	723	657	609	528	588	708	921	988	1011	1008	1007	1005	1009	982	949	936
1137	1137	1134	1132	1132	1128	1120	1112	1120	1026	851	658	583	565	492	437	537	580	840	988	1003	1000	1006	1030	1025	987	960	946
1145	1135	1142	1138	1138	1132	1131	1125	1102	955	813	670	552	520	457	424	440	454	693	972	1015	1006	1011	1034	1024	1002	981	982
1146	1141	1140	1140	1141	1142	1135	1145	1089	925	819	645	539	472	396	373	430	504	618	916	1020	1019	1012	1026	1026	1008	1011	1029
1150	1140	1142	1141	1141	1143	1144	1161	1133	967	859	703	626	509	419	461	483	450	537	888	1032	1031	1020	1020	1037	1028	1036	1008
1142	1142	1141	1143	1149	1153	1160	1175	1160	1026	820	738	661	600	675	759	631	483	511	819	1048	1034	1030	1022	1031	1026	993	944
1142	1148	1145	1149	1152	1157	1173	1186	1185	1069	971	772	590	696	960	857	808	700	689	817	1042	1047	1048	1054	1025	974	937	927
1144	1148	1146	1149	1155	1147	1154	1155	1172	1151	1132	898	773	977	1066	865	937	928	862	958	1011	1039	1032	1058	1020	974	945	934
1141	1144	1149	1146	1147	1137	1131	1135	1149	1141	1152	1060	1056	1104	1114	909	934	929	886	1015	1024	1051	992	1025	1065	1015	976	948
1136	1145	1145	1146	1150	1140	1128	1142	1132	1133	1131	1066	1073	1030	1011	905	829	825	866	904	981	1075	971	849	997	1021	969	950
1146	1142	1145	1150	1150	1139	1143	1143	1106	1141	1138	1032	923	835	827	896	856	903	903	807	792	798	922	837	918	1000	974	952
1147	1141	1146	1148	1144	1130	1140	1145	1066	1107	1101	1049	909	766	794	860	894	854	835	850	816	760	923	913	924	1015	989	958
1146	1146	1150	1146	1140	1117	1124	1142	1049	1111	1082	1042	956	872	872	811	852	839	817	872	828	803	781	816	824	973	995	969
1146	1143	1155	1154	1135	1106	1118	1143	1060	1105	1085	1049	956	863	894	828	823	833	868	842	845	725	676	741	713	940	1006	974
1144	1145	1147	1146	1127	1098	1107	1126	1069	1094	1085	1054	965	933	928	906	934	840	848	885	892	779	745	757	753	944	1023	998
1150	1145	1149	1136	1116	1087	1073	1110	1033	1069	1035	1015	940	957	839	748	908	846	911	926	867	824	802	790	806	937	1027	1007
1144	1146	1137	1114	1106	1066	1062	1100	1045	1062	1000	1000	951	961	831	680	844	821	881	942	833	840	873	822	839	951	1040	1039
1144	1134	1118	1089	1079	1049	1073	1078	1050	1032	995	974	969	939	889	829	944	905	988	875	841	880	894	884	875	949	1014	1053
1035	994	993	979	968	987	1035	1109	1147	1151	1144	1140	1129	1106	1054	1020	998	995	1044	1110	1127	1139	1147	1149	1153	1152	1150	1148
1082	994	975	971	963	967	975	1013	1088	1117	1101	1094	1094	1074	1057	1046	1036	1029	1030	1043	1060	1053	1055	1073	1090	1103	1127	1140
1245	1186	1050	941	960	991	1011	1034	1061	1065	1060	1044	1021	1009	1007	1010	1005	1003	986	980	971	961	951	950	947	959	992	1036
1274	1228	1208	1057	1010	1021	1037	1054	1047	1037	1036	1035	1025	1023	1026	1021	1027	1016	999	987	973	953	930	919	918	934	928	933
1127	1107	1096	1053	1021	1033	1049	1052	1068	1053	954	873	850	864	941	995	1011	1003	993	992	1001	1002	985	960	936	953	948	922
1100	1095	1099	1108	1118	1117	1120	1113	1092	953	703	479	403	395	482	628	711	853	995	984	965	981	996	996	973	945	952	929
1144	1146	1148	1146	1146	1143	1136	1119	1023	754	487	323	279	276	269	334	405	539	800	918	963	958	964	978	983	971	952	948
1137	1142	1143	1140	1135	1121	1123	1050	830	579	339	241	197	176	178	192	254	343	446	604	862	992	963	953	970	993	975	943
1137	1136	1142	1141	1134	1115	1098	983	657	412	326	214	149	105	101	114	136	182	247	323	578	932	993	954	974	999	1013	963
1135	1138	1138	1129	1131	1113	1100	963	603	362	320	228	156	92	70	68	80	123	165	205	355	685	1001	982	977	1013	1041	996
1130	1136	1131	1138	1124	1103	1102	914	471	334	253	192	179	139	81	74	97	112	150	156	258	594	968	1037	989	1023	1061	1028
1133	1131	1138	1132	1105	1089	1092	868	421	326	220	163	137	190	155	85	203	247	261	204	203	557	1003	1069	1005	1034	1073	1052
1134	1134	1135	1114	1080	1086	1108	789	414	299	187	153	149	171	163	143	213	238	315	347	339	593	1008	1060	1014	1040	1079	1085
1132	1137	1125	1087	1064	1102	1079	693	480	295	219	167	181	135	139	136	191	229	291	348	463	648	994	1075	1023	1029	1062	1072
1137	1138	1109	1070	1068	1127	1019	794	596	339	285	230	196	166	117	134	192	206	271	337	403	490	875	1072	1040	1009	1007	991
1136	1127	1096	1074	1077	1104	832	675	556	374	280	261	229	203	220	293	298	265	289	442	384	474	808	1029	1064	1006	957	954
1134	1119	1094	1053	1038	931	649	583	607	436	456	410	342	358	612	706	665	462	485	643	435	469	709	976	1075	1026	964	965
1144	1122	1100	1053	1034	931	807	881	966	825	850	649	481	687	896	810	646	640	706	702	593	564	628	941	1084	1062	1007	962
1126	1115	1095	1049	1035	1050	1119	1121	1025	1072	981	716	666	918	908	721	440	591	762	723	766	721	750	910	1017	1079	1062	984
1126	1101	1079	1032	1017	1085	1065	916	906	1085	915	745	869	887	839	768	747	789	791	841	924	875	836	734	713	1015	1108	1004
1119	1087	1057	1021	1012	1056	909	709	811	1085	906	779	901	826	687	858	909	702	715	815	966	1011	945	808	769	985	1096	1026
1110	1076	1050	1026	1011	1053	980	762	792	1088	977	908	914	856	754	763	732	499	572	801	908	933	838	807	841	1025	1083	1031
1098	1072	1039	1002	1009	1044	1079	950	813	1063	1010	969	971	874	815	711	700	645	678	836	887	823	667	666	792	1030	1086	1037
1089	1056	1026	987	977	1029	1083	1055	888	1038	1080	1014	888	812	912	813	889	886	873	879	841	776	651	629	731	980	1108	1061
1073	1044	1005	975	983	998	1061	1087	956	1047	1075	1005	901	910	984	888	950	986	954	907	833	841	801	791	764	901	1106	1079
1049	1012	996	1023	1023	966	1038	1101	979	1043	1023	1019	1013	1009	1001	861	833	1015	981	963	882	865	796	816	743	891	1073	1074
1008	1007	1017	1011	990	960	1022	1105	1018	1043	1040	1030	1013	973	970	805	860	998	905	1001	829	837	884	815	822	942	1074	1075
999	1007	997	994	985	955	1016	1098	1057	1043	1020	1021	1050	969	945	870	890	951	785	878	772	749	771	858	896	971	1052	1085
