202	253	367	534	569	596	628	639	644	664	680	700	714	703	704	698	700	696	684	686	646	636	648	565	538	518	468	422
279	378	444	530	623	700	699	655	627	637	652	650	660	663	657	669	666	680	668	641	623	612	586	528	513	488	422	410
295	306	310	370	463	496	521	564	578	615	618	618	618	640	657	669	670	663	644	628	626	591	536	521	555	464	382	359
214	230	295	375	435	453	497	547	563	592	599	593	581	614	642	644	628	617	603	599	596	537	498	498	448	380	334	288
200	232	293	338	411	563	644	692	655	596	587	585	612	588	580	593	602	597	602	603	519	507	486	452	394	331	292	265
201	268	310	385	548	690	639	598	563	543	558	649	633	554	563	573	583	564	563	533	485	466	436	408	358	315	280	241
171	229	331	460	459	437	463	508	510	570	676	615	547	539	562	562	547	523	533	493	458	425	393	367	334	289	253	235
187	250	312	311	314	362	407	467	528	583	583	530	531	571	579	540	536	494	484	465	427	391	366	330	300	303	282	256
179	222	193	235	292	342	402	481	510	484	475	509	623	658	529	502	497	484	430	401	386	385	436	295	287	289	367	420
180	176	178	203	259	330	411	428	417	419	496	604	637	557	485	466	411	405	470	417	363	342	360	265	238	218	421	357
163	166	172	191	248	295	308	331	343	458	610	540	440	483	454	413	411	502	561	379	332	362	326	233	200	289	403	264
155	172	156	171	206	234	269	309	433	581	485	383	379	412	417	491	549	497	354	273	311	412	334	238	260	299	169	219
155	175	148	156	171	187	239	383	504	392	334	334	344	431	535	550	426	312	278	266	374	474	295	217	281	193	128	206
180	175	158	149	160	184	275	390	308	267	287	289	412	534	497	350	278	287	258	263	434	495	245	193	216	161	158	227
201	186	176	150	174	241	328	228	207	211	224	393	513	400	290	319	394	311	237	251	488	501	244	206	177	148	142	214
236	212	218	207	218	263	243	150	196	242	367	535	355	219	223	425	462	263	217	256	552	467	287	184	137	133	140	219
229	229	215	185	174	216	180	194	191	223	365	282	165	169	236	483	330	199	173	355	566	383	271	227	134	143	155	244
235	262	219	169	176	220	154	173	181	298	274	145	152	141	321	377	181	162	173	504	389	325	252	249	238	187	179	284
301	240	268	251	244	260	168	191	281	289	146	149	147	235	415	251	141	135	305	401	231	331	330	152	224	249	188	285
527	247	250	245	264	243	214	263	257	214	116	132	149	348	378	179	136	187	365	236	216	336	324	169	137	212	186	260
769	350	226	238	261	220	223	236	152	200	153	142	241	376	227	144	159	268	306	145	207	351	242	216	144	171	197	218
936	601	283	237	270	236	227	211	157	197	177	219	257	256	165	142	210	258	234	118	232	392	200	215	182	145	193	198
1055	819	467	259	247	225	205	211	186	227	223	204	173	222	171	166	252	203	195	163	265	379	206	202	252	172	168	216
1126	964	688	370	219	217	227	239	201	220	180	143	164	223	171	210	229	167	171	226	219	330	227	188	254	185	173	209
1124	1071	900	592	293	208	222	239	214	165	153	155	202	243	180	232	186	180	209	218	169	264	237	161	245	204	175	186
1077	1100	1015	850	527	249	198	233	216	174	179	200	247	217	150	229	169	153	192	191	155	195	243	166	191	221	166	189
1051	1117	1120	998	829	528	245	212	226	217	205	215	224	196	165	244	169	153	198	183	154	155	216	173	145	220	196	167
1028	1082	1179	1176	989	835	546	261	217	229	204	186	203	208	217	237	165	164	213	179	164	162	204	198	149	175	241	166
959	1004	1034	1059	1075	1082	1090	1098	1099	1100	1109	1106	1101	1102	1103	1102	1099	1100	1110	1107	1106	1110	1105	1095	1092	1092	1097	1086
980	1028	1052	1065	1071	1072	1083	1090	1103	1107	1100	1101	1104	1107	1105	1103	1108	1106	1106	1105	1103	1097	1098	1106	1102	1095	1091	1072
990	1009	1036	1065	1079	1081	1094	1105	1106	1100	1102	1104	1105	1109	1108	1103	1099	1099	1102	1105	1095	1098	1098	1095	1083	1087	1071	1047
947	996	1032	1058	1077	1092	1095	1099	1102	1103	1099	1101	1102	1101	1104	1102	1103	1105	1101	1101	1103	1099	1099	1093	1079	1074	1051	1026
896	978	1025	1055	1083	1089	1087	1081	1089	1096	1101	1103	1100	1102	1096	1098	1098	1095	1101	1102	1094	1095	1095	1082	1067	1053	1033	1015
843	948	1004	1050	1087	1092	1087	1088	1094	1092	1093	1091	1089	1099	1103	1096	1097	1103	1097	1093	1091	1086	1077	1069	1055	1038	1015	986
813	937	1030	1067	1074	1073	1088	1094	1094	1093	1092	1086	1094	1101	1100	1102	1101	1094	1095	1089	1077	1070	1065	1057	1045	1022	992	961
849	931	983	1015	1036	1059	1075	1083	1089	1092	1087	1089	1089	1083	1087	1099	1100	1091	1083	1081	1079	1070	1053	1030	1017	1001	963	926
747	821	885	954	1009	1041	1066	1082	1080	1081	1080	1086	1078	1072	1082	1083	1082	1080	1079	1068	1059	1050	1027	1016	1006	968	924	855
645	746	840	907	977	1032	1063	1073	1073	1079	1081	1071	1063	1073	1079	1083	1075	1064	1054	1051	1046	1030	1017	1002	974	925	886	848
532	666	777	879	962	1015	1042	1054	1066	1077	1076	1071	1075	1078	1071	1063	1059	1051	1041	1037	1019	1002	992	970	928	892	868	817
453	564	717	819	885	941	998	1037	1066	1068	1068	1067	1068	1067	1060	1049	1032	1035	1029	1017	993	968	964	941	886	847	779	710
405	515	622	708	801	869	956	1030	1047	1043	1050	1050	1054	1053	1037	1025	1034	1037	1019	997	971	937	913	882	861	782	720	649
359	443	521	624	730	833	929	975	991	996	1012	1026	1029	1019	1022	1026	1019	1009	984	975	939	900	874	857	828	726	647	590
291	367	449	554	708	814	826	857	926	941	960	989	986	992	996	994	975	971	961	946	906	855	852	859	749	644	581	542
278	305	397	532	634	668	713	783	844	873	902	951	942	938	951	939	930	935	924	900	860	838	815	792	675	592	512	506
282	352	434	444	478	583	644	708	765	813	866	859	870	880	881	873	889	889	885	858	838	812	722	718	624	520	453	438
266	307	355	351	392	487	560	607	704	779	794	789	821	832	837	829	829	823	807	782	752	734	682	653	548	469	415	352
225	231	290	341	371	428	491	581	688	700	690	720	755	801	820	786	770	762	768	760	660	651	688	586	470	435	360	316
176	247	280	279	333	413	542	614	595	591	617	651	680	764	784	738	700	693	770	708	597	552	646	541	416	374	292	312
167	207	221	264	327	391	486	475	442	491	540	583	716	768	679	647	625	657	750	603	534	508	553	565	376	325	247	289
231	201	210	260	253	253	312	379	377	406	455	591	674	615	579	582	562	641	673	515	498	471	441	532	379	272	227	277
380	210	202	222	212	215	252	341	322	354	466	583	498	504	482	468	477	640	582	447	437	432	373	423	426	266	238	240
602	322	209	206	202	201	244	318	295	370	454	386	396	455	417	396	403	589	479	369	367	420	326	319	398	284	204	211
999	532	308	199	211	239	253	317	264	330	315	257	318	387	345	326	387	559	383	301	325	391	281	252	318	374	206	181
1247	910	498	287	204	230	226	259	211	277	262	250	311	337	281	268	361	464	300	256	287	336	227	218	245	352	222	222
1227	1193	882	476	263	210	212	248	250	295	265	209	254	317	252	243	370	372	233	228	284	317	197	203	211	339	207	193
1205	1194	1167	866	468	275	224	250	252	249	213	179	215	279	214	237	307	297	186	182	297	302	177	205	186	311	239	168
1084	1075	1081	1084	1072	1074	1076	1082	1082	1080	1082	1082	1085	1078	1079	1075	1074	1071	1082	1088	1071	1076	1085	1080	1084	1084	1084	1084
1084	1080	1079	1082	1082	1085	1080	1077	1076	1077	1070	1073	1074	1079	1081	1081	1085	1087	1083	1075	1083	1082	1082	1088	1081	1072	1076	1080
1082	1080	1080	1076	1075	1073	1074	1081	1076	1071	1075	1085	1075	1077	1079	1082	1081	1081	1079	1085	1085	1081	1076	1077	1078	1080	1082	1086
1096	1085	1072	1073	1075	1072	1075	1073	1080	1087	1083	1075	1073	1071	1075	1080	1086	1080	1084	1082	1082	1079	1087	1082	1074	1079	1072	1072
1098	1088	1086	1075	1073	1068	1070	1071	1071	1075	1075	1075	1077	1079	1075	1075	1071	1081	1080	1075	1071	1078	1079	1081	1079	1077	1071	1076
1100	1091	1080	1078	1076	1074	1074	1069	1066	1066	1069	1067	1070	1080	1082	1077	1080	1081	1077	1082	1069	1073	1078	1078	1079	1079	1084	1083
1110	1093	1083	1081	1077	1076	1072	1073	1077	1075	1073	1078	1075	1069	1074	1083	1083	1075	1075	1069	1071	1076	1072	1074	1082	1082	1082	1090
1097	1092	1094	1088	1084	1080	1083	1082	1070	1068	1061	1062	1069	1074	1074	1070	1073	1071	1066	1066	1075	1075	1078	1079	1078	1083	1085	1094
1107	1099	1095	1087	1086	1083	1088	1083	1080	1072	1068	1071	1061	1062	1065	1073	1075	1068	1068	1076	1075	1078	1079	1083	1081	1083	1095	1105
1105	1111	1108	1100	1083	1082	1073	1078	1079	1081	1072	1071	1069	1066	1069	1076	1064	1067	1073	1081	1081	1083	1085	1083	1091	1095	1097	1096
1095	1101	1100	1091	1096	1091	1085	1078	1076	1081	1083	1088	1086	1074	1074	1076	1071	1074	1073	1067	1072	1076	1078	1087	1092	1095	1089	1093
1082	1094	1097	1096	1089	1084	1090	1089	1087	1083	1081	1082	1077	1074	1087	1085	1075	1071	1071	1084	1085	1080	1081	1083	1089	1102	1111	1114
1067	1087	1092	1092	1094	1090	1085	1077	1078	1087	1087	1083	1080	1086	1088	1087	1089	1088	1082	1079	1071	1077	1084	1087	1088	1095	1099	1100
1032	1070	1084	1095	1095	1087	1083	1085	1079	1076	1080	1086	1090	1096	1092	1091	1087	1085	1084	1088	1090	1090	1091	1093	1094	1101	1095	1089
980	1045	1081	1097	1092	1082	1081	1080	1080	1078	1093	1086	1078	1084	1087	1093	1094	1097	1097	1095	1098	1104	1105	1101	1104	1106	1100	1083
940	1000	1044	1065	1088	1097	1098	1100	1088	1088	1082	1067	1074	1086	1080	1094	1095	1096	1101	1102	1109	1108	1108	1110	1122	1112	1099	1077
876	958	1019	1059	1088	1099	1106	1104	1097	1091	1086	1082	1081	1077	1080	1077	1075	1083	1086	1098	1098	1113	1114	1110	1115	1108	1105	1076
804	905	975	1018	1054	1082	1097	1094	1093	1095	1092	1097	1088	1091	1083	1083	1087	1084	1086	1086	1091	1100	1100	1100	1103	1096	1087	1050
729	828	908	973	1023	1060	1076	1086	1099	1097	1105	1107	1105	1106	1101	1101	1095	1092	1089	1088	1082	1082	1093	1091	1082	1071	1047	997
594	720	827	910	973	1017	1045	1063	1078	1088	1105	1103	1102	1090	1087	1101	1104	1105	1094	1094	1100	1089	1078	1073	1063	1034	993	929
488	608	729	843	929	975	1008	1037	1071	1084	1086	1087	1083	1081	1103	1102	1100	1106	1091	1097	1096	1097	1084	1071	1049	1005	951	889
427	534	635	757	831	913	978	1021	1046	1059	1077	1080	1080	1087	1091	1089	1095	1089	1076	1085	1089	1085	1072	1045	998	959	909	837
338	432	559	646	716	813	910	964	1001	1030	1052	1059	1065	1071	1082	1080	1083	1072	1067	1074	1068	1046	1039	1011	955	920	874	802
247	328	449	538	603	706	806	893	954	999	1027	1036	1050	1061	1056	1062	1064	1062	1054	1051	1040	1016	1003	977	909	854	797	730
201	259	364	445	515	621	706	798	867	947	975	984	1008	1021	1033	1038	1045	1044	1027	1022	1010	982	972	930	859	811	740	658
252	212	306	393	439	515	592	682	755	858	901	930	952	977	996	998	1018	1034	1006	994	969	949	912	872	831	784	692	606
388	234	220	272	320	405	495	568	648	749	816	841	882	913	946	962	1023	1007	959	952	931	893	858	818	759	730	629	544
671	337	203	210	258	327	396	481	568	617	688	730	787	824	864	939	987	945	897	886	862	824	790	769	701	663	587	481
1075	1072	1075	1078	1074	1082	1082	1076	1084	1077	1081	1086	1082	1078	1081	1077	1085	1082	1089	1089	1087	1083	1090	1093	1089	1093	1103	1098
1078	1076	1069	1070	1080	1080	1069	1073	1080	1082	1077	1084	1084	1082	1082	1085	1090	1091	1086	1092	1088	1094	1094	1090	1094	1093	1096	1096
1068	1067	1070	1070	1070	1069	1077	1078	1077	1074	1079	1078	1079	1087	1086	1084	1086	1081	1089	1088	1086	1091	1095	1091	1083	1084	1090	1092
1069	1067	1072	1074	1071	1072	1080	1080	1076	1077	1075	1076	1080	1076	1078	1084	1084	1083	1080	1088	1088	1086	1081	1080	1084	1084	1086	1091
1085	1083	1081	1073	1075	1075	1072	1073	1074	1076	1077	1080	1072	1078	1086	1077	1085	1093	1090	1083	1084	1086	1087	1091	1083	1084	1083	1085
1073	1073	1070	1073	1075	1072	1070	1071	1070	1074	1078	1075	1080	1084	1072	1087	1082	1083	1093	1086	1083	1082	1085	1086	1086	1090	1088	1086
1076	1080	1075	1083	1079	1078	1073	1076	1078	1077	1069	1078	1077	1075	1083	1089	1085	1085	1079	1084	1080	1087	1079	1080	1085	1083	1082	1091
1077	1077	1078	1077	1079	1081	1078	1083	1083	1094	1083	1065	1063	1069	1070	1071	1079	1074	1085	1080	1079	1083	1093	1094	1096	1088	1090	1092
1082	1079	1076	1079	1075	1077	1079	1082	1094	1087	1072	1075	1076	1073	1070	1065	1067	1068	1070	1077	1081	1075	1077	1082	1078	1085	1089	1089
1074	1083	1083	1081	1079	1080	1072	1079	1084	1080	1084	1082	1078	1072	1070	1067	1071	1077	1078	1083	1082	1079	1084	1084	1079	1090	1090	1084
1067	1067	1072	1077	1077	1080	1077	1078	1078	1078	1073	1067	1074	1074	1074	1078	1077	1076	1075	1066	1070	1072	1081	1086	1090	1088	1090	1088
1064	1073	1072	1073	1070	1075	1084	1083	1078	1082	1084	1084	1077	1078	1079	1081	1082	1075	1073	1076	1077	1074	1063	1066	1077	1091	1085	1085
1077	1071	1063	1060	1070	1072	1074	1069	1074	1075	1076	1080	1078	1090	1085	1079	1082	1083	1086	1082	1072	1069	1072	1073	1070	1064	1080	1078
1078	1071	1070	1073	1068	1060	1056	1063	1071	1073	1068	1073	1077	1081	1084	1082	1087	1078	1074	1071	1075	1080	1082	1078	1071	1069	1064	1068
1090	1087	1084	1075	1072	1071	1072	1073	1061	1061	1060	1062	1060	1061	1066	1069	1075	1075	1085	1083	1083	1083	1084	1077	1078	1083	1077	1073
1088	1080	1073	1073	1076	1078	1076	1070	1071	1071	1063	1061	1068	1061	1063	1067	1074	1079	1073	1079	1081	1085	1084	1083	1080	1076	1076	1076
1099	1085	1080	1077	1073	1068	1071	1072	1077	1071	1070	1067	1065	1068	1066	1064	1064	1062	1069	1072	1067	1071	1077	1082	1081	1079	1083	1079
1103	1093	1089	1084	1081	1077	1079	1073	1069	1073	1070	1071	1067	1070	1065	1064	1057	1052	1058	1060	1061	1063	1073	1081	1085	1088	1089	1090
1092	1092	1085	1081	1075	1072	1073	1075	1079	1076	1075	1077	1077	1074	1075	1077	1074	1069	1065	1069	1056	1052	1058	1060	1060	1064	1075	1086
1099	1094	1085	1078	1072	1076	1071	1073	1067	1064	1073	1074	1076	1075	1078	1077	1071	1074	1068	1063	1064	1068	1061	1055	1053	1057	1062	1067
1080	1090	1091	1084	1080	1076	1067	1073	1070	1067	1063	1060	1061	1067	1065	1062	1064	1064	1067	1074	1073	1075	1075	1071	1073	1067	1067	1076
1061	1084	1094	1087	1085	1075	1072	1068	1064	1062	1059	1056	1060	1057	1060	1058	1060	1059	1069	1061	1069	1073	1074	1076	1081	1082	1088	1084
1020	1058	1080	1088	1098	1095	1084	1066	1063	1062	1061	1059	1062	1060	1060	1053	1058	1061	1065	1064	1070	1064	1067	1068	1074	1084	1093	1098
972	1030	1063	1080	1085	1083	1071	1067	1067	1064	1065	1063	1063	1063	1062	1063	1063	1056	1048	1052	1051	1057	1063	1069	1076	1086	1082	1089
862	967	1017	1051	1072	1080	1082	1078	1072	1069	1070	1066	1062	1059	1061	1055	1055	1055	1056	1064	1074	1073	1066	1069	1073	1074	1075	1077
760	884	970	1021	1051	1070	1075	1075	1075	1081	1072	1074	1067	1064	1058	1059	1054	1056	1062	1060	1060	1054	1063	1072	1069	1069	1076	1077
614	787	886	965	1005	1039	1065	1079	1086	1079	1073	1081	1077	1073	1065	1062	1056	1058	1062	1054	1054	1060	1057	1060	1063	1058	1060	1048
539	643	782	894	965	1017	1044	1065	1066	1076	1081	1076	1073	1068	1060	1055	1054	1057	1062	1064	1065	1067	1064	1060	1059	1049	1043	1035
1075	1079	1084	1086	1084	1092	1095	1089	1086	1093	1092	1097	1087	1078	1078	1086	1083	1089	1090	1085	1084	1081	1087	1104	1096	1098	1105	1110
1077	1084	1079	1080	1083	1073	1078	1086	1086	1091	1088	1080	1079	1081	1084	1083	1085	1096	1093	1088	1086	1093	1087	1097	1104	1110	1112	1112
1082	1073	1073	1075	1079	1084	1087	1085	1090	1091	1091	1085	1088	1087	1089	1085	1090	1086	1084	1091	1083	1091	1102	1108	1102	1108	1109	1095
1080	1083	1092	1081	1073	1079	1083	1081	1084	1089	1085	1081	1088	1089	1087	1091	1080	1081	1080	1079	1089	1095	1088	1089	1092	1095	1091	1093
1091	1087	1078	1078	1085	1088	1080	1082	1083	1091	1088	1082	1082	1079	1080	1081	1090	1094	1101	1092	1094	1093	1089	1092	1090	1090	1092	1100
1087	1088	1084	1085	1079	1080	1084	1078	1084	1083	1081	1079	1080	1084	1078	1084	1087	1092	1098	1095	1089	1084	1096	1096	1086	1093	1090	1103
1070	1079	1082	1087	1087	1089	1088	1084	1087	1085	1086	1085	1088	1086	1087	1093	1090	1088	1091	1093	1088	1092	1091	1085	1088	1087	1093	1093
1089	1093	1089	1091	1092	1092	1083	1086	1095	1095	1091	1080	1078	1090	1086	1083	1082	1085	1082	1080	1080	1083	1082	1084	1094	1085	1096	1103
1089	1092	1080	1075	1079	1081	1090	1095	1095	1091	1096	1094	1089	1084	1079	1084	1085	1085	1078	1081	1082	1079	1084	1088	1080	1089	1093	1088
1073	1078	1077	1084	1086	1080	1082	1083	1084	1082	1081	1085	1080	1085	1084	1085	1079	1081	1081	1084	1080	1085	1082	1080	1082	1101	1101	1094
1075	1074	1079	1077	1082	1091	1095	1085	1092	1083	1082	1073	1079	1082	1084	1087	1084	1085	1085	1081	1084	1085	1082	1093	1096	1094	1092	1090
1071	1072	1072	1071	1079	1082	1075	1082	1077	1079	1085	1089	1086	1087	1082	1075	1079	1084	1086	1082	1083	1087	1083	1081	1084	1093	1077	1080
1076	1076	1064	1074	1072	1067	1069	1075	1075	1081	1072	1079	1078	1087	1083	1094	1090	1087	1083	1087	1090	1086	1089	1085	1090	1083	1087	1086
1070	1071	1076	1084	1068	1070	1078	1072	1078	1069	1069	1068	1077	1077	1083	1085	1091	1095	1090	1089	1085	1091	1084	1094	1100	1084	1081	1084
1085	1082	1080	1079	1081	1083	1081	1079	1068	1063	1062	1062	1071	1074	1077	1073	1075	1073	1075	1084	1087	1088	1092	1101	1092	1084	1096	1097
1076	1077	1078	1078	1075	1075	1077	1068	1069	1073	1071	1064	1069	1064	1062	1060	1064	1076	1080	1077	1076	1082	1086	1086	1087	1089	1087	1088
1067	1071	1071	1070	1077	1076	1077	1078	1078	1075	1080	1078	1082	1074	1064	1073	1070	1066	1061	1072	1077	1077	1076	1082	1085	1083	1093	1088
1070	1076	1078	1075	1071	1075	1076	1075	1070	1070	1074	1072	1073	1076	1085	1086	1075	1063	1069	1068	1068	1062	1070	1076	1076	1090	1092	1089
1066	1059	1055	1061	1064	1066	1069	1072	1071	1075	1074	1067	1073	1073	1074	1077	1076	1078	1076	1070	1068	1074	1070	1066	1072	1062	1066	1072
1070	1070	1074	1064	1058	1061	1063	1069	1065	1068	1069	1072	1072	1071	1066	1066	1068	1072	1070	1071	1078	1072	1076	1065	1066	1063	1055	1061
1063	1057	1055	1050	1050	1062	1064	1061	1059	1054	1061	1065	1071	1072	1075	1067	1063	1066	1072	1064	1071	1075	1073	1076	1080	1070	1067	1065
1056	1060	1052	1055	1063	1055	1051	1047	1052	1054	1053	1058	1051	1054	1055	1052	1060	1067	1067	1068	1073	1070	1066	1065	1070	1067	1075	1075
1064	1061	1054	1051	1057	1059	1064	1060	1064	1063	1051	1053	1058	1060	1060	1057	1058	1047	1056	1059	1066	1059	1061	1070	1067	1061	1064	1066
1077	1074	1068	1064	1067	1065	1065	1056	1060	1059	1064	1070	1067	1063	1061	1052	1053	1051	1049	1050	1055	1054	1055	1051	1052	1060	1058	1054
1089	1081	1069	1068	1062	1061	1058	1060	1058	1059	1060	1058	1048	1047	1051	1050	1052	1061	1053	1060	1059	1062	1057	1047	1050	1054	1045	1045
1091	1087	1070	1068	1072	1063	1055	1057	1058	1069	1063	1052	1050	1058	1058	1059	1052	1055	1054	1048	1057	1047	1048	1050	1050	1051	1042	1045
1089	1098	1094	1080	1066	1060	1067	1063	1062	1060	1058	1062	1067	1067	1064	1059	1055	1048	1053	1056	1058	1051	1049	1047	1047	1041	1036	1040
1057	1094	1098	1087	1082	1074	1066	1070	1062	1064	1064	1060	1058	1056	1053	1054	1055	1064	1066	1059	1060	1052	1048	1058	1044	1046	1051	1041
1078	1081	1079	1077	1074	1082	1089	1090	1094	1084	1088	1089	1088	1096	1103	1102	1094	1097	1095	1087	1087	1086	1094	1110	1115	1110	1103	1095
1083	1083	1082	1083	1078	1077	1082	1086	1084	1089	1094	1098	1099	1103	1096	1088	1087	1091	1093	1087	1096	1108	1114	1108	1104	1105	1099	1099
1078	1080	1077	1082	1077	1085	1087	1084	1086	1084	1089	1096	1103	1092	1088	1089	1083	1088	1092	1094	1101	1106	1112	1116	1115	1114	1101	1100
1086	1079	1082	1076	1078	1080	1078	1079	1081	1084	1079	1073	1084	1088	1090	1087	1087	1094	1092	1093	1106	1107	1112	1108	1100	1093	1087	1086
1085	1083	1087	1081	1086	1078	1081	1084	1082	1080	1081	1085	1085	1082	1080	1077	1083	1091	1094	1096	1095	1100	1110	1106	1100	1101	1103	1108
1086	1087	1085	1081	1082	1083	1083	1077	1079	1071	1077	1087	1089	1078	1076	1082	1087	1082	1085	1086	1092	1103	1104	1097	1094	1094	1099	1097
1078	1082	1087	1088	1088	1084	1079	1089	1088	1080	1079	1086	1087	1087	1086	1081	1089	1086	1091	1092	1099	1099	1092	1090	1094	1097	1096	1098
1080	1086	1083	1079	1079	1083	1088	1083	1086	1079	1085	1082	1085	1085	1084	1079	1088	1084	1083	1086	1086	1089	1091	1091	1095	1093	1094	1103
1081	1076	1080	1083	1081	1082	1080	1081	1085	1088	1094	1089	1090	1088	1087	1085	1082	1076	1080	1085	1078	1086	1089	1089	1090	1091	1088	1101
1075	1073	1076	1076	1078	1082	1082	1083	1086	1087	1088	1084	1088	1086	1087	1085	1088	1087	1093	1092	1090	1090	1082	1084	1085	1087	1098	1100
1075	1077	1076	1066	1073	1076	1078	1084	1084	1086	1085	1079	1087	1083	1083	1082	1090	1084	1081	1076	1076	1076	1079	1091	1091	1088	1090	1097
1085	1081	1079	1082	1072	1077	1075	1079	1068	1074	1084	1086	1082	1082	1077	1076	1080	1084	1094	1092	1090	1093	1094	1087	1087	1085	1083	1086
1084	1080	1079	1083	1084	1075	1077	1078	1071	1073	1069	1068	1074	1085	1089	1092	1095	1094	1092	1087	1091	1092	1090	1086	1088	1088	1085	1091
1086	1076	1079	1083	1078	1074	1072	1064	1071	1071	1066	1065	1071	1068	1070	1086	1085	1087	1086	1083	1081	1081	1093	1098	1097	1093	1083	1083
1076	1078	1080	1078	1082	1080	1082	1083	1078	1075	1076	1071	1072	1076	1071	1071	1067	1071	1075	1081	1093	1092	1094	1095	1086	1083	1091	1094
1080	1083	1077	1081	1081	1076	1071	1069	1069	1072	1081	1073	1072	1065	1070	1077	1076	1081	1080	1080	1078	1078	1084	1074	1082	1087	1089	1095
1083	1084	1081	1081	1075	1077	1081	1088	1086	1086	1084	1078	1079	1082	1080	1080	1079	1080	1067	1067	1071	1071	1068	1076	1079	1083	1083	1078
1083	1081	1084	1079	1083	1083	1081	1079	1081	1087	1087	1084	1086	1088	1089	1088	1080	1065	1068	1080	1074	1076	1074	1070	1070	1073	1083	1085
1071	1067	1066	1073	1080	1079	1073	1078	1081	1081	1080	1083	1089	1086	1085	1084	1088	1091	1085	1077	1073	1078	1071	1061	1067	1068	1059	1067
1080	1080	1077	1075	1066	1067	1076	1074	1072	1077	1076	1081	1073	1078	1084	1081	1071	1081	1083	1084	1084	1081	1084	1077	1069	1062	1062	1073
1076	1072	1073	1071	1077	1076	1071	1071	1064	1070	1068	1073	1073	1072	1073	1074	1071	1077	1072	1069	1079	1081	1081	1080	1082	1094	1097	1082
1070	1067	1067	1061	1066	1066	1059	1062	1066	1057	1060	1065	1058	1062	1062	1064	1060	1066	1069	1078	1079	1078	1073	1077	1087	1086	1078	1083
1070	1068	1066	1067	1063	1061	1066	1062	1061	1068	1069	1059	1061	1066	1065	1063	1069	1067	1061	1059	1061	1065	1064	1077	1080	1074	1077	1077
1068	1070	1065	1068	1070	1067	1067	1061	1064	1063	1062	1068	1068	1067	1065	1062	1057	1053	1058	1070	1067	1059	1061	1060	1058	1063	1059	1062
1070	1066	1065	1062	1064	1064	1060	1056	1057	1062	1057	1059	1051	1052	1053	1058	1059	1058	1058	1055	1054	1056	1057	1049	1046	1054	1051	1052
1066	1066	1064	1059	1067	1062	1059	1061	1061	1062	1060	1055	1056	1062	1058	1061	1057	1058	1048	1050	1054	1052	1051	1048	1045	1049	1049	1053
1054	1066	1071	1072	1070	1061	1064	1069	1060	1062	1068	1060	1056	1050	1058	1052	1054	1049	1056	1058	1052	1051	1050	1049	1050	1052	1048	1039
1074	1062	1074	1061	1060	1063	1061	1059	1058	1060	1051	1050	1059	1061	1058	1053	1055	1061	1053	1042	1053	1054	1048	1050	1053	1048	1042	1041
1092	1089	1079	1070	1079	1076	1075	1081	1088	1082	1088	1086	1081	1084	1093	1087	1094	1094	1093	1088	1093	1102	1098	1091	1092	1096	1097	1088
1080	1080	1086	1079	1077	1071	1074	1072	1074	1077	1082	1084	1083	1076	1081	1085	1089	1088	1092	1096	1103	1106	1103	1104	1097	1090	1091	1100
1082	1075	1077	1086	1076	1085	1083	1084	1085	1080	1077	1074	1082	1086	1092	1087	1096	1104	1109	1109	1105	1109	1096	1094	1096	1099	1103	1103
1090	1097	1089	1086	1092	1085	1087	1089	1079	1077	1078	1077	1081	1082	1094	1093	1102	1105	1107	1105	1116	1111	1107	1096	1091	1090	1089	1092
1085	1084	1085	1086	1083	1085	1086	1081	1080	1082	1080	1076	1077	1083	1083	1084	1088	1092	1092	1104	1105	1113	1102	1096	1103	1095	1100	1102
1089	1081	1081	1081	1090	1091	1090	1088	1091	1088	1083	1090	1090	1078	1083	1080	1072	1079	1088	1087	1096	1101	1100	1095	1094	1092	1099	1111
1086	1086	1088	1089	1085	1082	1088	1093	1089	1089	1097	1090	1086	1088	1084	1070	1078	1082	1081	1086	1092	1088	1088	1091	1099	1107	1100	1102
1085	1083	1083	1088	1084	1088	1084	1076	1082	1093	1095	1086	1083	1079	1074	1084	1090	1085	1077	1088	1091	1092	1085	1088	1092	1091	1099	1114
1077	1087	1088	1083	1084	1081	1084	1087	1093	1087	1083	1087	1093	1090	1097	1100	1093	1091	1101	1096	1080	1078	1082	1078	1082	1086	1084	1101
1070	1072	1073	1081	1082	1090	1089	1088	1081	1082	1089	1084	1091	1096	1096	1087	1088	1089	1085	1088	1091	1093	1086	1083	1084	1084	1088	1098
1079	1077	1078	1082	1082	1075	1079	1076	1081	1082	1080	1080	1092	1085	1080	1087	1087	1092	1099	1100	1093	1089	1094	1095	1095	1087	1084	1095
1084	1083	1090	1081	1074	1074	1072	1070	1075	1072	1078	1082	1082	1082	1087	1092	1088	1092	1094	1084	1087	1088	1093	1089	1090	1094	1096	1093
1084	1078	1073	1074	1076	1075	1074	1073	1074	1070	1069	1070	1076	1085	1086	1083	1094	1094	1088	1085	1092	1093	1086	1093	1097	1092	1094	1093
1078	1081	1086	1086	1082	1080	1081	1084	1080	1075	1073	1074	1070	1072	1071	1082	1091	1089	1094	1098	1091	1095	1098	1095	1090	1097	1091	1088
1077	1079	1077	1076	1075	1077	1077	1077	1075	1078	1079	1079	1076	1076	1070	1074	1077	1074	1069	1082	1091	1086	1089	1094	1095	1086	1082	1092
1079	1079	1075	1069	1075	1077	1081	1080	1085	1086	1076	1073	1077	1073	1072	1079	1067	1063	1071	1073	1065	1069	1077	1075	1077	1088	1095	1100
1081	1076	1082	1086	1081	1085	1078	1086	1080	1080	1083	1083	1087	1083	1083	1082	1080	1083	1073	1068	1068	1073	1078	1076	1079	1081	1083	1084
1078	1069	1084	1076	1084	1093	1090	1080	1084	1082	1080	1071	1069	1075	1078	1082	1084	1080	1072	1076	1076	1078	1074	1067	1067	1069	1075	1077
1075	1073	1074	1080	1083	1077	1070	1074	1079	1082	1080	1083	1090	1090	1089	1080	1081	1082	1082	1085	1081	1081	1074	1070	1075	1074	1059	1059
1071	1075	1074	1075	1068	1071	1074	1075	1077	1075	1077	1081	1079	1083	1084	1088	1084	1079	1077	1076	1077	1079	1084	1092	1078	1067	1074	1076
1068	1072	1070	1071	1068	1067	1056	1059	1066	1070	1063	1074	1073	1074	1070	1078	1076	1085	1081	1077	1080	1080	1080	1072	1084	1087	1093	1088
1074	1064	1067	1062	1059	1059	1061	1071	1068	1062	1066	1064	1052	1061	1066	1069	1060	1061	1063	1076	1076	1076	1073	1079	1083	1082	1082	1089
1069	1069	1071	1072	1065	1069	1070	1066	1060	1062	1063	1068	1073	1070	1067	1061	1068	1065	1061	1060	1058	1060	1067	1072	1071	1071	1074	1065
1073	1077	1076	1073	1069	1072	1066	1069	1071	1066	1070	1070	1062	1063	1061	1060	1058	1056	1057	1056	1059	1056	1063	1056	1056	1059	1053	1060
1068	1068	1067	1061	1064	1064	1059	1067	1065	1063	1059	1055	1055	1061	1062	1059	1064	1062	1062	1059	1058	1064	1059	1060	1064	1056	1060	1060
1065	1066	1074	1067	1074	1071	1068	1060	1063	1058	1059	1054	1063	1072	1061	1055	1051	1055	1056	1053	1059	1063	1055	1055	1051	1055	1053	1047
1062	1065	1067	1064	1067	1070	1070	1074	1066	1066	1066	1069	1067	1058	1048	1061	1065	1065	1065	1058	1060	1063	1057	1054	1051	1056	1052	1054
1076	1067	1061	1064	1063	1065	1063	1068	1068	1072	1070	1063	1064	1071	1070	1072	1068	1071	1061	1061	1061	1065	1061	1062	1065	1055	1052	1060
1087	1088	1079	1072	1075	1071	1074	1081	1086	1081	1081	1083	1080	1086	1088	1095	1096	1094	1095	1094	1097	1102	1095	1090	1087	1100	1091	1091
1089	1088	1089	1084	1082	1083	1076	1080	1078	1084	1090	1087	1091	1082	1088	1094	1086	1084	1084	1087	1086	1088	1086	1088	1089	1088	1094	1099
1085	1077	1079	1081	1084	1084	1078	1081	1076	1076	1074	1081	1089	1097	1103	1101	1103	1103	1100	1091	1094	1095	1089	1088	1090	1094	1093	1096
1091	1086	1081	1076	1079	1077	1082	1080	1078	1089	1082	1078	1090	1093	1093	1095	1101	1101	1095	1099	1108	1104	1100	1095	1094	1097	1097	1102
1087	1081	1082	1084	1089	1086	1081	1087	1093	1093	1086	1088	1077	1082	1094	1094	1091	1083	1083	1089	1105	1116	1110	1091	1090	1089	1088	1092
1088	1082	1080	1082	1087	1092	1087	1086	1086	1082	1081	1084	1089	1092	1089	1081	1073	1078	1076	1079	1091	1098	1092	1090	1097	1094	1093	1100
1091	1093	1091	1088	1087	1083	1080	1089	1087	1091	1085	1091	1098	1104	1091	1083	1075	1078	1082	1082	1080	1081	1087	1094	1096	1101	1102	1102
1084	1084	1086	1082	1086	1088	1087	1084	1084	1084	1093	1102	1087	1081	1078	1083	1085	1089	1079	1084	1088	1091	1087	1088	1088	1089	1097	1104
1079	1083	1081	1080	1086	1081	1079	1084	1076	1083	1093	1094	1091	1085	1086	1090	1097	1103	1105	1099	1090	1080	1079	1077	1076	1089	1092	1107
1074	1075	1076	1075	1076	1080	1087	1089	1088	1090	1093	1087	1084	1090	1098	1095	1092	1096	1085	1085	1090	1090	1088	1083	1090	1089	1093	1092
1082	1083	1084	1081	1079	1077	1076	1077	1083	1086	1086	1082	1087	1089	1087	1091	1090	1086	1081	1086	1095	1096	1103	1108	1103	1095	1091	1085
1082	1082	1084	1081	1082	1088	1080	1077	1081	1077	1084	1089	1090	1092	1088	1088	1092	1094	1094	1095	1091	1094	1091	1091	1099	1092	1095	1095
1084	1082	1079	1082	1079	1080	1079	1087	1085	1084	1081	1079	1080	1089	1092	1092	1089	1089	1089	1087	1091	1089	1095	1096	1089	1093	1097	1096
1083	1088	1089	1088	1086	1084	1090	1087	1086	1081	1079	1075	1078	1076	1077	1083	1087	1087	1088	1089	1091	1095	1095	1091	1098	1095	1096	1097
1076	1078	1079	1085	1084	1087	1081	1084	1084	1082	1085	1083	1086	1090	1086	1083	1078	1080	1084	1086	1091	1097	1096	1093	1093	1096	1098	1091
1079	1078	1081	1082	1079	1079	1076	1077	1079	1083	1083	1079	1082	1080	1073	1076	1080	1083	1081	1085	1088	1084	1085	1089	1092	1089	1089	1095
1083	1085	1087	1079	1081	1084	1085	1086	1085	1081	1083	1089	1088	1092	1084	1080	1081	1083	1083	1083	1083	1079	1088	1085	1082	1092	1096	1093
1070	1064	1068	1075	1077	1083	1087	1083	1086	1087	1088	1080	1083	1087	1085	1085	1090	1086	1085	1085	1084	1088	1078	1076	1082	1080	1086	1087
1065	1065	1074	1079	1080	1072	1070	1073	1076	1077	1073	1080	1079	1084	1083	1080	1085	1086	1080	1081	1087	1090	1085	1079	1081	1084	1081	1083
1051	1062	1069	1072	1067	1070	1073	1075	1071	1069	1080	1076	1076	1077	1076	1077	1086	1075	1076	1076	1082	1079	1078	1087	1089	1085	1082	1081
1056	1064	1061	1067	1068	1070	1069	1061	1070	1072	1065	1069	1063	1063	1063	1069	1071	1070	1072	1072	1076	1077	1077	1080	1076	1085	1089	1086
1059	1055	1056	1069	1073	1069	1071	1066	1069	1071	1067	1063	1063	1069	1077	1072	1070	1069	1069	1066	1064	1074	1078	1068	1072	1067	1070	1070
1053	1060	1060	1059	1070	1071	1076	1068	1064	1061	1060	1062	1067	1067	1064	1054	1053	1063	1061	1059	1057	1061	1058	1058	1059	1059	1061	1059
1071	1064	1061	1050	1063	1074	1069	1065	1069	1060	1059	1061	1048	1052	1051	1049	1051	1049	1053	1049	1042	1041	1044	1051	1055	1054	1051	1059
1064	1073	1067	1065	1058	1058	1064	1069	1062	1060	1059	1058	1056	1054	1051	1053	1050	1058	1053	1046	1048	1051	1051	1044	1040	1045	1046	1042
1063	1078	1080	1081	1076	1072	1073	1064	1071	1065	1061	1054	1055	1054	1059	1056	1056	1052	1040	1045	1047	1038	1035	1037	1038	1031	1031	1025
1048	1066	1093	1084	1098	1070	1049	1057	1058	1061	1060	1067	1070	1068	1058	1052	1044	1046	1052	1046	1040	1042	1046	1046	1035	1037	1031	1028
1014	1034	1097	1116	1118	1103	1062	1057	1056	1057	1056	1050	1045	1044	1045	1047	1047	1049	1047	1047	1044	1042	1037	1038	1038	1033	1030	1032
1093	1087	1077	1080	1083	1083	1080	1091	1091	1088	1089	1096	1102	1103	1092	1095	1098	1094	1096	1111	1102	1106	1092	1088	1092	1094	1091	1091
1093	1095	1093	1091	1089	1094	1092	1087	1088	1089	1092	1104	1101	1093	1096	1104	1090	1093	1091	1093	1096	1088	1096	1100	1099	1099	1096	1098
1079	1082	1086	1095	1099	1094	1082	1094	1091	1096	1097	1092	1094	1096	1093	1089	1098	1092	1092	1095	1096	1103	1104	1099	1106	1101	1089	1089
1095	1090	1088	1079	1081	1090	1098	1094	1093	1091	1088	1092	1091	1088	1086	1086	1090	1094	1091	1088	1091	1101	1108	1105	1089	1093	1101	1105
1088	1087	1085	1086	1086	1086	1090	1087	1089	1091	1089	1087	1081	1086	1087	1089	1095	1087	1090	1097	1097	1100	1100	1090	1090	1097	1099	1089
1092	1091	1088	1092	1094	1092	1092	1082	1091	1099	1096	1092	1095	1097	1100	1099	1089	1094	1087	1089	1093	1110	1111	1095	1101	1098	1095	1102
1093	1091	1085	1088	1091	1092	1087	1097	1094	1089	1089	1093	1097	1094	1093	1089	1086	1088	1091	1087	1089	1103	1105	1099	1087	1090	1094	1095
1091	1088	1091	1086	1090	1091	1092	1086	1092	1096	1093	1094	1093	1094	1092	1096	1093	1096	1091	1095	1097	1100	1100	1098	1102	1096	1103	1100
1090	1099	1093	1091	1092	1094	1089	1090	1091	1090	1094	1091	1092	1089	1087	1089	1087	1096	1096	1097	1100	1105	1098	1097	1094	1095	1085	1103
1088	1093	1094	1089	1082	1088	1094	1092	1093	1089	1091	1089	1091	1094	1093	1098	1094	1099	1089	1085	1093	1094	1097	1087	1089	1099	1108	1112
1087	1095	1089	1093	1091	1087	1086	1081	1083	1084	1087	1086	1089	1085	1090	1097	1099	1093	1093	1098	1103	1099	1095	1094	1098	1100	1104	1106
1085	1091	1095	1089	1092	1092	1088	1084	1088	1095	1093	1092	1085	1090	1089	1087	1088	1091	1094	1088	1099	1103	1104	1096	1103	1095	1097	1103
1091	1094	1099	1103	1097	1088	1098	1104	1094	1089	1094	1091	1097	1103	1100	1101	1101	1094	1098	1105	1102	1092	1097	1102	1100	1100	1096	1093
1096	1094	1098	1091	1086	1088	1089	1091	1091	1091	1095	1094	1090	1083	1084	1091	1093	1096	1099	1091	1086	1096	1095	1099	1103	1102	1103	1104
1104	1089	1086	1086	1096	1096	1092	1090	1091	1085	1092	1091	1088	1096	1091	1086	1085	1086	1086	1089	1098	1104	1103	1099	1106	1106	1101	1102
1112	1091	1088	1095	1093	1090	1086	1089	1089	1091	1089	1088	1091	1090	1088	1096	1101	1095	1089	1093	1098	1091	1088	1084	1092	1091	1099	1106
1114	1099	1084	1094	1091	1087	1089	1086	1085	1086	1090	1096	1091	1093	1093	1094	1088	1089	1089	1091	1092	1090	1088	1085	1083	1095	1091	1094
1118	1113	1077	1079	1090	1092	1089	1086	1085	1090	1093	1088	1088	1092	1093	1084	1091	1095	1089	1093	1097	1098	1098	1101	1097	1103	1100	1095
1126	1120	1070	1067	1084	1090	1090	1090	1091	1083	1084	1085	1084	1083	1078	1081	1087	1086	1086	1089	1095	1088	1097	1099	1091	1085	1091	1093
1132	1134	1087	1054	1065	1072	1079	1081	1077	1080	1077	1075	1075	1077	1083	1088	1088	1085	1085	1077	1079	1087	1092	1092	1097	1095	1103	1099
1164	1159	1127	1053	1053	1071	1079	1076	1074	1069	1065	1078	1081	1083	1085	1084	1079	1074	1082	1075	1083	1083	1079	1084	1079	1088	1092	1095
1183	1159	1163	1075	1044	1050	1059	1070	1077	1076	1076	1073	1068	1068	1072	1069	1069	1079	1086	1090	1084	1087	1082	1076	1076	1080	1083	1080
1162	1186	1183	1133	1016	1025	1046	1055	1063	1072	1083	1073	1079	1076	1070	1075	1069	1075	1070	1069	1071	1069	1071	1075	1071	1070	1078	1084
1091	1214	1187	1198	1047	1001	1018	1034	1034	1042	1045	1048	1050	1050	1042	1051	1054	1052	1050	1057	1057	1055	1058	1060	1073	1075	1072	1077
1001	1183	1200	1232	1143	1001	1013	1025	1022	1029	1038	1046	1046	1046	1054	1052	1046	1047	1051	1050	1052	1056	1057	1062	1054	1055	1053	1056
954	1110	1246	1220	1238	1069	1004	998	1008	1003	1004	1010	1021	1039	1046	1045	1045	1049	1040	1032	1036	1025	1027	1026	1022	1025	1030	1028
926	973	1177	1202	1235	1145	986	993	1003	1004	1010	1002	991	1004	1028	1035	1042	1044	1037	1033	1023	1021	1023	1025	1018	1020	1020	1015
904	902	1037	1183	1187	1214	1056	1001	1012	1021	1011	995	982	975	990	996	1016	1026	1030	1037	1034	1033	1028	1023	1017	1012	1006	998
1089	1093	1087	1091	1093	1095	1096	1092	1099	1099	1096	1090	1096	1099	1091	1093	1096	1092	1099	1097	1096	1102	1096	1093	1097	1098	1103	1103
1094	1089	1096	1100	1090	1092	1089	1096	1102	1092	1095	1101	1092	1093	1093	1091	1093	1095	1096	1096	1098	1091	1096	1105	1104	1100	1095	1099
1094	1094	1088	1087	1089	1090	1089	1091	1093	1093	1096	1089	1089	1093	1090	1097	1100	1091	1093	1101	1095	1096	1101	1101	1092	1095	1100	1098
1098	1097	1093	1092	1092	1094	1096	1099	1094	1089	1087	1096	1097	1100	1092	1090	1097	1099	1095	1095	1099	1097	1092	1093	1098	1100	1104	1102
1083	1096	1093	1095	1098	1095	1092	1094	1092	1087	1092	1088	1088	1099	1100	1103	1101	1100	1103	1093	1094	1093	1097	1099	1100	1099	1096	1095
1073	1095	1095	1097	1094	1095	1094	1090	1089	1094	1099	1103	1103	1098	1093	1100	1095	1094	1091	1096	1099	1105	1114	1110	1100	1101	1105	1101
1068	1084	1092	1085	1090	1095	1093	1098	1099	1103	1104	1101	1097	1091	1096	1089	1090	1099	1099	1090	1087	1102	1119	1113	1099	1096	1093	1099
1081	1079	1096	1099	1093	1092	1095	1099	1101	1100	1098	1095	1094	1093	1091	1093	1095	1087	1088	1098	1099	1095	1103	1095	1095	1104	1108	1096
1076	1067	1090	1088	1094	1097	1099	1092	1095	1095	1099	1092	1088	1093	1100	1097	1085	1094	1092	1092	1100	1108	1109	1099	1101	1092	1093	1104
1114	1066	1090	1086	1082	1079	1085	1090	1090	1086	1089	1090	1101	1096	1090	1095	1092	1095	1089	1092	1094	1097	1100	1091	1089	1096	1103	1107
1155	1057	1072	1089	1088	1091	1095	1091	1091	1086	1090	1093	1097	1092	1095	1098	1098	1094	1099	1106	1097	1088	1088	1098	1102	1101	1096	1095
1160	1064	1069	1095	1091	1084	1089	1093	1087	1090	1092	1094	1089	1088	1095	1104	1100	1095	1091	1087	1092	1094	1100	1096	1096	1094	1095	1096
1188	1077	1052	1089	1091	1082	1083	1077	1081	1089	1088	1089	1093	1098	1091	1092	1093	1101	1099	1111	1103	1099	1100	1093	1098	1097	1087	1091
1191	1091	1039	1083	1104	1094	1096	1100	1094	1086	1087	1085	1078	1078	1079	1086	1085	1089	1098	1095	1097	1098	1091	1096	1096	1099	1102	1098
1201	1099	1029	1044	1082	1096	1093	1090	1093	1089	1086	1084	1082	1093	1092	1085	1091	1087	1085	1080	1088	1091	1095	1099	1105	1100	1102	1102
1209	1127	1038	1037	1071	1086	1087	1087	1083	1086	1087	1087	1090	1087	1089	1090	1090	1088	1096	1095	1094	1089	1090	1093	1096	1097	1105	1100
1165	1144	1047	1033	1032	1066	1079	1082	1084	1083	1088	1086	1094	1092	1090	1093	1088	1085	1090	1085	1084	1091	1092	1092	1096	1092	1092	1098
1145	1150	1059	1039	1036	1048	1072	1086	1085	1086	1085	1088	1086	1083	1085	1095	1096	1088	1092	1087	1089	1087	1086	1079	1082	1090	1088	1084
1160	1163	1091	1032	1033	1026	1045	1067	1082	1086	1091	1083	1075	1079	1084	1084	1083	1083	1081	1084	1089	1080	1079	1087	1085	1083	1085	1083
1156	1165	1131	1033	1023	1023	1025	1037	1067	1081	1084	1086	1098	1096	1089	1089	1083	1081	1085	1084	1082	1092	1099	1094	1094	1096	1092	1085
1118	1121	1146	1053	1028	1028	1015	1003	1018	1036	1058	1076	1088	1086	1088	1091	1093	1093	1096	1086	1090	1091	1083	1094	1093	1089	1087	1091
1080	1083	1121	1061	1012	1022	1016	1012	1000	1008	1036	1058	1074	1081	1077	1078	1078	1076	1083	1089	1089	1094	1099	1095	1088	1091	1096	1095
1057	1089	1092	1073	1000	1018	1031	1019	994	988	1007	1024	1047	1059	1072	1075	1082	1084	1081	1081	1081	1087	1078	1082	1089	1089	1088	1096
1021	1068	1053	1059	1019	1010	1016	1013	1017	997	988	1001	1014	1033	1054	1073	1076	1076	1074	1072	1072	1065	1066	1072	1069	1073	1073	1072
964	1003	1048	1060	1033	994	985	1011	1028	1016	1007	1022	1039	1037	1032	1049	1056	1063	1065	1069	1070	1074	1075	1072	1072	1074	1077	1083
942	954	996	1013	1006	988	966	974	994	1009	1010	1046	1052	1055	1042	1007	1015	1034	1048	1051	1054	1054	1053	1059	1055	1058	1061	1053
934	933	936	956	965	959	950	954	959	980	997	1040	1123	1088	1098	1057	983	993	1012	1019	1017	1029	1043	1040	1038	1039	1037	1042
944	927	912	918	933	924	928	931	937	953	970	981	1096	1170	1126	1169	1036	932	962	965	975	985	986	994	1010	1004	1015	1019
1082	1095	1095	1101	1098	1096	1092	1087	1089	1094	1096	1089	1090	1095	1096	1087	1096	1101	1105	1099	1103	1104	1098	1092	1098	1095	1097	1097
1071	1095	1093	1090	1092	1100	1092	1087	1095	1097	1090	1093	1098	1093	1092	1096	1096	1094	1104	1101	1088	1089	1092	1096	1102	1094	1095	1096
1060	1078	1085	1091	1092	1086	1088	1089	1087	1088	1093	1092	1090	1095	1093	1094	1097	1103	1108	1100	1095	1095	1096	1098	1092	1095	1106	1104
1055	1083	1097	1088	1091	1092	1093	1091	1092	1087	1091	1088	1095	1094	1092	1097	1100	1104	1100	1093	1094	1095	1094	1093	1098	1096	1095	1088
1027	1064	1097	1092	1093	1084	1087	1096	1097	1089	1089	1084	1085	1086	1090	1086	1091	1091	1093	1093	1093	1091	1093	1098	1100	1099	1094	1094
1015	1033	1077	1095	1089	1093	1095	1089	1081	1090	1090	1092	1102	1095	1093	1094	1092	1095	1093	1094	1101	1097	1105	1105	1096	1092	1097	1099
1006	1002	1075	1083	1085	1086	1082	1086	1088	1088	1090	1092	1091	1091	1094	1096	1094	1086	1086	1094	1095	1105	1099	1099	1097	1100	1102	1101
1008	990	1061	1087	1085	1081	1082	1085	1082	1086	1081	1080	1080	1081	1087	1088	1091	1096	1094	1100	1101	1103	1104	1097	1100	1103	1097	1093
1016	980	1042	1089	1091	1096	1094	1096	1090	1089	1086	1089	1093	1094	1083	1084	1085	1081	1088	1086	1090	1088	1089	1093	1094	1095	1099	1103
1024	980	1003	1067	1084	1088	1092	1086	1087	1088	1085	1095	1091	1092	1085	1094	1089	1091	1085	1083	1087	1086	1092	1089	1083	1088	1093	1093
1039	983	978	1057	1088	1090	1089	1091	1092	1091	1089	1093	1089	1087	1088	1087	1090	1090	1091	1091	1092	1094	1094	1094	1099	1098	1093	1104
1025	996	959	1016	1068	1088	1097	1092	1089	1092	1087	1088	1091	1086	1085	1081	1085	1089	1095	1095	1092	1089	1088	1093	1098	1100	1096	1092
1043	1020	961	990	1050	1071	1081	1084	1084	1090	1097	1095	1094	1086	1087	1097	1096	1093	1093	1097	1091	1091	1098	1093	1091	1086	1088	1097
1040	1040	995	963	1013	1062	1087	1090	1091	1091	1084	1078	1075	1082	1090	1095	1093	1096	1093	1085	1086	1083	1085	1089	1104	1100	1093	1089
1015	1025	1018	971	981	1018	1055	1079	1082	1086	1090	1090	1086	1084	1089	1087	1093	1088	1091	1091	1092	1096	1097	1096	1096	1088	1093	1096
1012	1021	1051	1011	971	995	1031	1048	1071	1086	1089	1095	1099	1093	1095	1093	1092	1090	1093	1091	1098	1100	1095	1093	1095	1097	1090	1092
997	1013	1058	1052	1004	993	1000	1026	1040	1060	1078	1081	1090	1098	1095	1090	1084	1083	1091	1092	1087	1093	1095	1105	1108	1099	1095	1097
1015	1021	1056	1077	1049	1002	999	1003	1011	1025	1041	1061	1076	1085	1091	1094	1098	1103	1102	1087	1087	1092	1094	1085	1092	1104	1109	1100
1010	1008	1041	1055	1058	1030	996	996	995	1002	1027	1040	1051	1068	1081	1084	1084	1085	1085	1095	1089	1088	1092	1093	1095	1098	1094	1092
979	992	1021	1047	1059	1050	1031	1020	1004	993	1000	1013	1034	1056	1072	1081	1085	1088	1089	1087	1098	1095	1100	1099	1095	1092	1092	1091
996	990	1023	1045	1047	1039	1048	1078	1051	997	966	969	993	1021	1042	1065	1076	1085	1086	1090	1092	1092	1089	1084	1087	1090	1082	1082
1000	1010	1013	1010	1011	1017	1021	1066	1118	1092	1029	957	955	988	1020	1036	1050	1062	1063	1067	1074	1082	1077	1082	1076	1080	1083	1091
979	992	1003	1007	1002	1003	998	985	1080	1140	1151	1071	962	963	973	996	1015	1027	1034	1041	1054	1059	1063	1066	1061	1067	1072	1069
963	973	991	1007	1016	1024	986	949	985	1108	1195	1181	1090	968	965	966	972	991	1006	1013	1010	1023	1039	1031	1033	1037	1039	1038
937	938	940	947	960	964	955	941	940	971	1116	1218	1209	1100	983	967	955	969	972	977	981	994	1004	1001	1007	1003	1008	1010
930	923	922	932	940	950	948	938	934	925	962	1111	1179	1174	1095	987	978	960	945	954	969	970	964	969	963	969	974	981
928	929	934	932	943	947	943	944	938	933	936	970	1101	1115	1124	1052	976	980	971	959	947	942	951	934	921	932	941	935
917	914	923	947	947	939	935	933	921	934	925	914	969	1054	1077	1080	991	989	1001	977	967	962	937	908	913	921	931	936
1051	1068	1080	1083	1088	1084	1083	1085	1085	1078	1084	1089	1077	1075	1081	1072	1076	1084	1084	1086	1081	1080	1067	1062	1061	1044	1028	1025
1049	1068	1077	1087	1087	1085	1084	1077	1087	1096	1091	1093	1095	1092	1085	1090	1092	1083	1077	1081	1082	1076	1083	1075	1057	1045	1035	1043
1030	1057	1067	1066	1071	1080	1083	1081	1086	1088	1089	1086	1090	1095	1097	1099	1092	1090	1086	1088	1093	1087	1080	1079	1067	1046	1033	1033
1026	1058	1076	1073	1076	1073	1079	1086	1093	1091	1092	1091	1092	1088	1092	1096	1091	1093	1090	1092	1090	1087	1084	1086	1076	1062	1049	1044
1007	1037	1067	1073	1078	1079	1084	1083	1084	1092	1091	1088	1088	1084	1089	1086	1083	1083	1084	1080	1085	1084	1074	1070	1063	1052	1036	1024
975	1001	1041	1065	1077	1084	1088	1092	1092	1095	1090	1093	1092	1093	1094	1091	1086	1089	1090	1080	1082	1080	1077	1073	1072	1061	1046	1035
974	967	1012	1049	1073	1087	1092	1090	1092	1091	1091	1088	1086	1086	1083	1083	1090	1088	1086	1086	1091	1093	1083	1082	1072	1066	1059	1054
978	955	980	1030	1073	1082	1080	1084	1086	1089	1089	1095	1097	1094	1100	1099	1087	1093	1093	1096	1089	1092	1087	1082	1079	1062	1053	1050
1007	968	971	1004	1051	1076	1085	1090	1090	1094	1098	1099	1086	1094	1093	1089	1091	1085	1086	1093	1092	1077	1075	1074	1068	1069	1064	1055
1025	987	962	986	1028	1057	1083	1088	1093	1097	1091	1089	1091	1097	1089	1087	1090	1092	1090	1087	1087	1086	1081	1080	1076	1062	1050	1042
1021	1002	974	977	1007	1037	1061	1079	1086	1085	1088	1094	1086	1081	1090	1094	1094	1091	1084	1082	1081	1084	1083	1077	1073	1066	1061	1056
1016	1016	1004	981	986	1016	1044	1063	1072	1081	1091	1091	1096	1097	1091	1090	1089	1097	1101	1106	1106	1095	1083	1072	1077	1075	1072	1056
1025	1018	1012	990	985	994	1024	1041	1053	1063	1076	1088	1093	1094	1101	1100	1095	1089	1086	1089	1083	1077	1080	1085	1070	1061	1052	1053
1004	1010	1021	1019	1000	992	1003	1017	1028	1040	1048	1061	1075	1087	1092	1089	1091	1094	1099	1101	1092	1083	1083	1068	1059	1056	1056	1053
997	1020	1034	1035	1017	997	988	998	1012	1014	1022	1042	1056	1063	1066	1077	1085	1089	1089	1082	1088	1078	1073	1064	1055	1054	1067	1058
998	1021	1031	1041	1035	1020	1016	1009	1001	1000	1009	1015	1027	1043	1056	1062	1066	1075	1085	1089	1077	1079	1070	1067	1070	1075	1069	1080
984	1010	1022	1039	1048	1044	1027	1013	1013	1008	994	993	1003	1021	1028	1040	1048	1056	1057	1059	1067	1064	1066	1062	1057	1056	1051	1051
962	988	1008	1020	1033	1037	1035	1034	1024	1012	995	998	1000	1004	1007	1014	1022	1038	1030	1033	1037	1038	1045	1047	1051	1056	1046	1046
938	958	992	1022	1037	1037	1039	1046	1039	1027	1017	999	992	992	1000	1002	1009	1008	1011	1021	1025	1027	1023	1017	1015	1021	1029	1030
936	955	967	989	1015	1034	1056	1066	1054	1044	1029	1016	1005	989	985	978	986	994	998	990	995	995	995	1000	1001	997	1001	999
937	949	952	964	982	995	1019	1068	1088	1061	1034	1027	1009	990	974	977	986	981	982	983	979	978	982	973	969	978	976	986
931	939	939	934	937	944	961	1004	1079	1095	1061	1027	1014	972	949	949	954	963	961	966	968	970	963	958	960	967	965	964
927	927	925	927	932	929	928	942	995	1044	1051	1025	985	957	940	933	933	945	946	949	951	950	945	954	940	944	952	953
923	915	919	923	922	920	936	941	944	967	993	991	959	937	941	935	933	939	948	949	942	938	939	927	927	933	937	938
924	925	923	918	921	920	922	921	921	922	922	942	940	930	938	945	948	946	946	958	961	953	942	931	918	917	914	918
918	914	910	910	918	922	915	917	923	924	927	911	912	919	918	934	943	945	945	954	964	966	956	938	935	918	926	924
913	914	916	919	928	925	919	916	921	917	919	913	912	906	909	913	925	938	956	960	958	960	944	936	938	932	930	922
920	916	916	918	917	921	927	923	923	929	923	923	919	920	919	912	915	927	945	959	959	954	946	928	912	919	913	917
1023	1004	1038	1048	1053	1049	1059	1058	1061	1069	1079	1062	1030	1037	1043	1038	1040	1041	1026	1009	1020	1006	981	986	995	990	967	967
1028	1014	1021	1041	1047	1043	1058	1054	1061	1071	1076	1058	1042	1038	1038	1043	1043	1046	1038	1024	1026	1012	998	1000	1002	991	968	977
1026	1031	1036	1046	1049	1043	1040	1049	1060	1062	1060	1055	1051	1047	1038	1052	1054	1044	1049	1037	1027	1007	1004	965	963	969	979	982
1021	1034	1046	1049	1049	1051	1053	1048	1060	1053	1051	1047	1052	1045	1049	1053	1047	1052	1059	1042	1017	986	999	955	979	1011	1006	1008
1010	1014	1025	1030	1038	1055	1058	1051	1054	1059	1057	1053	1044	1049	1058	1054	1058	1054	1059	1057	1021	997	1018	1033	1039	1026	1014	1005
1009	984	973	970	1007	1059	1051	1049	1053	1054	1056	1056	1055	1052	1054	1058	1057	1061	1067	1047	1009	1001	1017	1025	1040	1019	1015	1028
1026	989	965	946	1002	1056	1054	1037	1051	1057	1051	1053	1059	1059	1065	1069	1065	1060	1053	1032	1012	1017	1025	1027	1029	1007	1014	1022
1049	1029	984	960	986	1021	1037	1047	1057	1062	1060	1057	1057	1064	1073	1067	1055	1053	1058	1044	1028	1023	1017	1011	1019	1017	1011	1033
1063	1056	1028	991	981	989	1008	1032	1048	1049	1058	1062	1056	1061	1058	1057	1061	1060	1055	1048	1043	1035	1030	1029	1034	1023	1012	1030
1049	1048	1052	1026	1002	983	990	1003	1014	1031	1050	1057	1062	1060	1066	1063	1055	1048	1044	1037	1028	1034	1029	1023	1033	1024	1026	1030
1023	1041	1051	1043	1033	1010	1002	986	985	991	1001	1015	1029	1046	1051	1051	1042	1038	1034	1034	1035	1035	1034	1018	1019	1023	1024	1027
1032	1030	1034	1056	1053	1039	1022	1010	1005	989	984	984	986	995	1017	1031	1038	1047	1047	1033	1030	1039	1039	1021	1022	1025	1025	1032
1022	1020	1026	1045	1055	1044	1039	1034	1021	1004	1000	995	990	986	990	1006	1028	1038	1033	1033	1027	1032	1044	1039	1027	1022	1027	1033
997	1013	1031	1045	1047	1046	1057	1046	1037	1027	1014	1005	1004	997	994	995	991	998	1017	1024	1018	1012	1016	1019	1016	1025	1031	1039
955	988	1017	1022	1031	1040	1047	1053	1057	1053	1033	1014	1003	1003	997	986	983	990	986	995	994	984	986	989	990	1007	1026	1021
939	963	984	1001	1019	1028	1040	1056	1051	1051	1038	1027	1020	1006	994	989	976	974	970	974	978	973	968	969	972	980	985	986
936	941	958	979	997	1006	1015	1036	1039	1044	1029	1026	1027	1022	1011	1000	991	981	977	971	961	958	956	951	953	952	947	951
928	931	941	959	973	984	996	1013	1034	1045	1037	1036	1037	1035	1025	1009	1004	996	987	979	970	961	960	955	946	941	947	948
930	929	934	942	954	960	972	996	1023	1028	1032	1038	1036	1030	1031	1016	993	968	963	965	964	960	958	953	955	952	952	954
939	942	939	934	944	959	969	979	997	1015	1026	1024	1029	1031	1017	987	969	960	961	954	955	950	949	948	946	949	941	943
936	945	938	938	932	938	946	948	959	985	982	988	993	983	968	952	949	956	951	952	944	942	945	943	937	941	949	954
927	922	931	931	928	933	937	932	929	941	946	956	962	946	923	928	934	937	941	942	943	940	934	929	938	937	932	934
936	930	927	923	931	926	928	930	930	927	921	927	940	935	926	927	928	932	933	938	925	927	927	932	931	923	921	921
934	932	939	942	931	926	929	932	927	919	917	924	926	925	923	926	933	934	936	936	935	937	928	927	921	913	915	916
939	937	934	930	929	929	922	919	920	922	922	925	930	927	928	930	933	931	932	931	929	926	927	922	925	923	925	930
912	913	920	929	933	931	927	925	929	939	931	934	933	928	919	917	915	917	923	923	924	935	934	931	936	930	928	922
923	924	921	922	923	924	920	924	929	930	923	923	932	930	922	927	930	925	915	913	919	923	920	926	925	929	927	928
923	924	921	919	925	925	933	927	929	926	923	926	926	937	928	916	914	911	914	923	923	914	920	922	920	922	924	924
1026	996	988	1014	1029	1026	1016	988	972	1023	1040	1022	1021	1030	1034	1039	1028	984	948	937	951	951	943	939	941	946	940	932
1024	1000	987	1004	1016	1032	1061	1058	1049	1038	1035	1033	1034	1030	1035	1039	1042	1041	1005	972	971	971	964	958	954	954	942	927
1029	1009	998	997	1008	1017	1046	1050	1029	1035	1045	1037	1037	1043	1042	1031	1035	1044	1037	982	985	983	972	967	963	963	956	950
1047	1024	1007	989	983	1000	1006	1002	1005	1018	1028	1032	1037	1032	1034	1040	1040	1047	1052	995	984	976	977	969	973	980	988	989
1047	1034	1011	987	977	987	1008	1017	1027	1032	1031	1030	1036	1037	1034	1047	1054	1050	1038	1025	1012	1000	997	999	999	1000	996	987
1041	1048	1032	1004	982	1002	1026	1037	1031	1026	1031	1035	1035	1039	1045	1049	1045	1036	1029	1033	1029	1021	1024	1024	1022	1009	1007	1007
1036	1048	1053	1033	1016	1020	1024	1021	1023	1033	1032	1035	1037	1035	1054	1051	1039	1034	1033	1025	1027	1028	1034	1025	1020	1018	997	995
1017	1042	1051	1048	1034	1020	1016	1020	1025	1027	1022	1029	1034	1031	1042	1051	1048	1047	1045	1033	1020	1031	1035	1011	1013	1013	1005	1017
1014	1050	1047	1055	1042	1034	1034	1019	1010	1005	1011	1022	1025	1028	1034	1043	1037	1041	1044	1045	1040	1025	1018	1006	1022	1019	1003	1019
1007	1016	1044	1035	1049	1050	1047	1042	1026	1012	1003	999	1019	1024	1029	1036	1021	1020	1036	1039	1039	1030	1017	1014	1019	1018	1014	1020
990	1016	1022	1027	1050	1056	1062	1057	1048	1034	1024	1011	996	1009	1016	1006	1008	1015	1022	1034	1046	1054	1041	1010	1015	1013	1010	1009
964	985	1003	1014	1023	1043	1053	1062	1058	1058	1051	1031	1016	998	996	992	993	999	1000	1004	1010	1024	1035	1014	1016	1020	1020	1018
955	974	984	999	1014	1028	1046	1046	1050	1063	1062	1065	1049	1027	1012	1004	1001	987	985	992	995	1003	1025	1025	1014	1014	1012	1011
937	938	963	980	986	997	1014	1019	1050	1063	1071	1065	1062	1065	1058	1042	1025	1010	993	985	976	977	991	1001	999	994	995	993
920	924	937	951	968	979	992	1002	1018	1031	1048	1049	1057	1061	1059	1055	1045	1030	1022	1011	997	982	971	970	966	962	957	949
924	922	921	930	950	969	977	982	987	1003	1018	1036	1045	1055	1059	1050	1047	1050	1040	1027	1010	1001	988	973	966	967	962	947
929	923	923	932	936	939	945	949	968	982	1002	1012	1017	1027	1037	1037	1045	1048	1028	1013	1008	1000	993	986	968	966	955	951
926	922	924	926	927	929	935	938	945	963	970	973	985	1002	1008	1009	1012	992	976	984	989	1003	999	989	979	967	974	969
923	920	924	931	928	925	924	924	934	941	947	956	960	960	954	961	950	936	943	949	954	955	961	960	952	959	974	966
930	924	923	928	921	922	925	922	918	919	932	934	938	939	935	929	922	929	934	931	935	935	940	938	940	942	935	940
927	931	928	924	920	922	924	927	930	924	920	920	927	919	916	921	917	922	918	916	926	934	937	934	934	937	939	934
928	924	925	934	930	925	925	923	920	918	926	925	923	925	923	925	924	924	930	930	932	927	923	929	927	922	919	926
929	928	921	930	930	921	921	917	923	924	915	921	923	917	914	915	920	926	922	928	925	932	932	927	927	925	923	923
924	925	927	936	925	926	927	926	924	920	924	926	918	923	922	924	935	929	929	932	932	934	938	938	925	923	922	919
925	928	927	932	927	923	928	929	924	919	916	919	919	923	928	928	929	929	928	923	922	923	923	928	924	921	920	928
929	924	922	926	930	924	918	918	918	929	928	932	930	923	921	918	923	922	926	924	928	927	927	925	927	924	920	922
923	921	924	929	915	917	921	928	924	926	923	923	932	927	921	925	924	921	916	921	925	919	925	917	910	914	916	920
940	928	925	920	916	921	922	918	921	924	931	926	922	924	930	927	929	921	918	922	930	923	923	922	927	931	934	928
1048	1050	1037	1022	1009	994	992	985	965	959	939	936	934	935	966	988	941	935	970	968	930	927	937	954	975	992	1039	1039
1049	1052	1046	1034	1018	1000	995	990	973	953	942	949	958	958	964	972	956	935	928	933	929	942	956	964	974	993	1012	1031
1046	1053	1050	1038	1030	1023	1009	993	975	966	966	967	970	969	978	968	959	953	936	931	959	983	985	982	975	963	954	957
1040	1041	1044	1054	1049	1031	1016	1002	997	992	985	986	985	983	985	986	979	963	940	936	990	1015	988	955	941	937	939	941
1026	1037	1048	1048	1054	1054	1039	1025	1021	1014	1006	1004	1007	1005	998	996	987	973	943	943	1013	1040	977	931	934	943	935	938
1017	1023	1031	1040	1058	1057	1057	1055	1041	1035	1030	1021	1016	1016	1009	998	985	971	964	959	1019	1050	1020	965	942	952	961	965
990	987	1007	1025	1043	1056	1059	1055	1051	1052	1049	1042	1034	1025	1019	1002	990	978	976	967	1005	1053	1057	1027	1000	1012	1015	1002
956	974	996	1016	1038	1032	1039	1050	1061	1065	1057	1050	1053	1049	1043	1018	1009	1001	990	978	972	1021	1052	1044	1038	1037	1024	1000
948	978	985	1001	1006	1019	1042	1049	1057	1051	1049	1048	1049	1048	1048	1035	1027	1025	1012	995	978	972	999	1020	1022	1001	971	943
942	950	963	976	994	1006	1017	1041	1044	1044	1045	1048	1055	1054	1042	1023	1015	1011	1013	1009	1008	984	972	977	969	959	936	928
924	922	936	954	969	977	992	1010	1023	1031	1040	1065	1069	1059	1039	1024	1019	1013	1019	1018	1020	1007	988	983	981	977	963	938
918	926	934	935	939	954	970	998	1012	1023	1039	1052	1052	1042	1038	1031	1024	1030	1031	1029	1021	1016	1006	988	980	977	978	956
920	918	921	925	936	948	956	973	986	1002	1012	1024	1025	1027	1034	1044	1058	1056	1035	1015	1020	1021	1002	984	974	980	985	978
929	924	921	921	925	932	938	949	955	967	979	992	996	1012	1030	1045	1050	1042	1033	1036	1019	1010	993	970	977	978	983	981
926	922	931	928	923	927	926	928	938	942	948	954	974	996	997	1007	1006	1010	1021	1016	999	977	973	969	957	972	978	977
920	927	937	932	929	929	925	926	930	923	933	947	959	961	965	973	974	984	984	975	968	959	960	951	958	959	972	971
927	934	926	928	930	925	918	922	927	925	929	928	934	933	941	945	945	945	944	938	937	946	949	955	952	961	961	953
937	926	925	925	925	926	925	924	922	922	924	926	926	931	927	928	933	932	926	926	932	937	937	935	940	941	940	944
932	928	927	928	923	925	923	923	922	922	929	924	924	923	920	930	932	925	926	920	927	924	922	921	926	925	930	931
923	919	918	925	922	925	923	921	924	923	924	921	923	925	929	932	929	923	926	923	926	929	929	930	930	929	925	920
918	924	923	924	923	924	923	927	925	921	926	928	925	917	926	927	923	922	923	926	930	925	924	924	930	928	927	930
925	925	924	922	926	927	923	925	921	915	920	926	918	921	924	925	925	925	930	926	929	932	924	928	922	923	925	934
927	923	921	919	917	924	925	926	926	917	920	922	920	924	927	921	914	923	926	924	925	932	935	925	921	924	929	932
919	919	917	916	919	921	920	919	926	924	919	924	920	925	923	931	927	924	919	923	925	917	934	944	919	919	922	922
916	915	915	918	921	922	920	923	925	929	924	918	916	918	918	925	924	924	919	918	920	921	932	927	918	922	922	924
917	916	922	920	921	920	921	924	920	925	926	927	922	919	924	923	919	921	928	926	929	935	939	935	933	927	927	924
913	914	913	912	916	912	916	915	920	924	925	932	931	931	929	930	928	930	923	922	917	927	933	926	927	925	917	924
925	920	912	916	918	921	926	927	924	928	928	924	918	922	923	923	924	921	926	924	924	939	936	922	923	921	923	920
1006	1029	1039	1044	1054	1046	1038	1033	1032	1028	1017	1012	1005	998	1005	1014	1005	999	1001	997	982	969	976	1007	1033	1060	1058	1052
1000	1014	1029	1040	1041	1039	1040	1040	1038	1034	1034	1031	1025	1024	1018	1017	1017	1018	1014	1014	1004	980	967	959	976	1020	1055	1073
986	1003	1010	1017	1030	1043	1045	1048	1047	1041	1033	1034	1037	1034	1036	1033	1029	1028	1030	1025	1018	1003	978	972	963	960	1007	1038
967	974	989	1005	1017	1021	1033	1036	1043	1054	1051	1052	1054	1053	1047	1046	1046	1045	1041	1034	1028	1023	1000	984	985	971	971	977
948	966	976	984	994	998	1004	1023	1044	1058	1068	1067	1064	1070	1065	1054	1051	1057	1051	1046	1030	1018	1009	1006	1004	999	984	979
941	946	941	945	954	975	993	1016	1031	1037	1045	1053	1064	1068	1060	1057	1055	1049	1042	1031	1021	1017	1012	1021	1025	1032	1022	1003
929	933	931	937	947	967	986	999	1003	1014	1028	1038	1050	1044	1047	1052	1053	1039	1030	1016	1016	1015	1011	1006	1059	1075	1088	1046
928	924	929	932	943	953	959	966	987	1004	1010	1014	1023	1037	1048	1050	1040	1023	1011	1013	1014	1014	1011	1010	1048	1127	1128	1108
924	919	923	932	935	936	942	950	959	968	982	992	1006	1026	1038	1035	1014	1006	1015	1018	1014	1006	994	992	993	1085	1167	1142
928	925	926	923	925	926	930	936	944	955	962	979	1000	1017	1018	1008	1004	1005	1007	1015	1021	1006	997	991	979	987	1145	1198
918	924	923	926	927	922	926	931	942	948	956	968	977	994	1003	1001	998	1007	1010	1008	1000	997	992	989	975	964	1023	1224
923	921	923	926	928	927	927	930	933	939	945	950	948	963	966	966	969	979	992	994	993	992	975	960	953	957	962	1067
927	926	927	929	930	928	929	927	928	929	927	936	941	942	941	945	956	958	953	954	956	958	956	947	941	950	955	980
927	926	929	928	926	929	928	927	924	924	929	934	926	926	932	936	939	939	936	937	938	941	930	928	931	939	955	960
930	930	921	922	923	924	920	920	923	925	927	924	920	919	925	926	926	929	934	932	935	930	930	930	936	936	936	940
922	927	933	930	927	923	923	920	924	929	931	927	926	930	931	926	929	927	921	919	922	920	927	926	932	936	933	942
925	930	929	926	929	925	920	926	927	927	928	926	923	922	918	922	922	927	923	923	924	921	922	928	932	932	934	934
919	921	922	920	920	922	923	922	924	931	931	924	917	918	921	921	925	925	928	929	929	930	936	932	932	932	932	930
920	922	922	920	921	923	925	922	921	921	929	923	925	921	926	927	924	923	925	923	926	928	923	923	928	930	932	941
917	919	917	920	924	928	924	921	918	921	922	921	922	927	931	934	934	925	925	931	931	930	925	928	929	934	937	931
919	917	920	918	915	923	923	919	918	921	923	926	928	928	925	923	921	923	925	922	923	927	929	929	931	932	927	929
916	917	917	917	921	920	918	922	915	920	923	924	923	922	921	921	924	921	929	925	922	927	928	926	928	930	932	933
909	911	912	917	909	913	916	917	917	918	925	927	925	929	928	923	921	921	920	924	925	919	924	928	926	928	932	935
911	912	912	909	911	916	918	918	919	917	919	920	922	920	921	926	916	913	919	926	930	927	925	925	928	926	928	931
916	914	915	915	923	921	921	924	920	922	912	914	921	922	920	921	922	923	927	928	923	921	926	923	928	931	931	937
919	924	922	925	925	927	925	926	920	922	922	918	920	923	922	923	926	930	930	926	928	929	932	925	934	931	931	931
928	928	925	924	929	931	929	924	925	925	919	925	924	926	928	926	921	916	917	923	926	925	931	929	933	927	925	930
933	932	928	930	927	929	930	928	930	932	930	924	924	926	922	923	923	922	927	925	929	922	923	933	932	924	927	925
925	932	948	966	987	1000	1011	1024	1034	1036	1035	1035	1023	1014	1018	1032	1038	1038	1058	1061	1098	1180	1152	1150	1134	1032	1036	1056
925	925	939	953	965	971	984	994	1006	1017	1017	1009	1011	1031	1044	1039	1023	1021	1036	1040	1059	1204	1224	1176	1180	1086	1014	1050
922	926	936	941	943	953	962	970	979	985	992	1002	1020	1031	1037	1020	1003	1007	1014	1019	1015	1125	1300	1228	1208	1171	1030	1030
928	931	928	932	938	941	946	948	952	956	976	995	1012	1013	1015	998	980	993	999	1006	1010	1018	1218	1335	1230	1224	1100	1002
929	929	927	930	934	937	937	939	944	952	966	976	981	991	987	975	978	987	990	992	979	973	1023	1322	1303	1232	1195	1005
926	925	929	927	920	927	928	936	943	945	950	950	958	966	972	975	975	970	965	962	960	966	957	1127	1372	1283	1265	1051
927	927	929	930	931	928	926	928	927	932	938	943	950	956	955	953	954	951	955	946	958	968	950	984	1246	1354	1295	1175
927	922	931	933	930	929	925	926	923	925	932	937	941	944	944	941	940	941	944	951	957	959	967	974	1063	1304	1327	1281
929	933	931	926	925	928	932	931	930	930	929	929	933	935	936	936	935	940	951	956	966	976	965	950	939	1102	1337	1317
932	931	929	927	926	929	931	931	927	928	927	929	933	934	938	939	952	953	959	962	957	948	939	937	936	949	1147	1340
927	930	927	927	929	932	929	929	923	925	929	929	936	942	947	952	948	943	940	941	940	938	932	935	945	934	964	1173
923	926	927	928	927	925	927	928	929	932	929	936	938	937	931	927	928	933	939	939	938	937	932	942	943	943	937	985
921	925	926	922	927	925	929	929	929	937	939	936	926	922	927	925	927	933	927	928	929	937	944	939	943	946	947	935
922	921	923	923	918	923	930	932	934	928	926	932	927	927	925	926	932	934	936	930	937	934	939	939	936	934	938	941
926	928	928	925	927	928	933	926	925	924	931	930	926	923	922	926	932	928	932	937	946	938	938	939	939	939	939	939
919	920	922	923	924	924	926	922	922	933	933	931	925	924	934	935	932	935	928	936	937	932	933	936	938	938	933	940
917	918	918	919	924	930	925	926	926	928	925	928	927	931	934	931	930	931	930	935	935	927	928	929	930	937	938	939
919	914	917	918	923	920	921	927	920	926	927	924	922	926	923	924	928	936	938	933	934	935	936	930	934	937	930	934
919	918	921	918	919	918	918	915	920	925	922	927	925	924	927	931	933	931	929	931	936	931	933	931	927	929	930	933
920	923	921	921	921	924	927	917	921	925	927	923	926	930	927	932	932	934	936	933	932	935	936	929	929	931	931	930
921	918	920	922	920	925	922	927	929	927	926	927	929	927	925	924	930	927	928	924	927	929	935	946	938	935	934	930
925	923	926	924	928	927	922	924	923	932	928	926	925	929	927	925	930	930	930	929	928	929	929	930	938	933	922	920
926	928	928	931	931	926	926	925	932	932	925	926	928	929	929	925	923	930	926	930	933	934	933	931	933	936	939	929
927	924	927	929	931	931	927	926	928	927	924	927	927	934	931	929	928	937	939	932	933	936	935	935	935	930	936	940
927	930	935	933	932	931	929	931	931	928	931	925	930	926	921	929	938	934	935	936	932	928	932	929	932	935	931	925
925	923	925	930	928	926	930	931	926	930	929	928	929	922	926	932	934	931	932	927	929	934	931	927	931	936	932	931
931	927	925	924	926	927	930	930	925	925	927	932	934	927	932	925	926	928	930	931	931	926	929	930	928	930	931	935
921	922	928	926	929	928	928	925	925	927	926	932	934	925	929	931	929	931	934	944	933	929	932	936	933	931	922	928
943	939	941	943	940	934	931	934	942	947	951	951	951	946	945	944	952	955	967	965	1021	1333	1408	1252	1296	1297	1070	995
939	943	933	931	926	927	925	924	925	932	933	934	936	937	941	941	942	952	954	948	973	1168	1386	1351	1249	1325	1146	1004
948	939	930	932	926	925	926	927	929	930	928	929	931	936	940	944	951	951	948	948	957	996	1216	1418	1253	1305	1230	1012
951	938	924	928	932	937	936	932	931	929	929	927	929	932	939	941	946	948	945	944	954	963	1020	1309	1351	1242	1304	1023
951	937	919	924	927	930	924	929	929	927	923	924	928	928	931	933	942	946	946	947	945	957	968	1058	1366	1244	1317	1104
949	932	919	924	924	923	925	928	927	925	926	928	927	927	936	945	946	943	943	942	940	942	958	946	1149	1364	1277	1239
945	928	924	924	925	925	925	922	924	928	928	931	935	933	932	941	946	939	934	931	935	947	948	965	956	1263	1313	1304
936	917	926	927	930	930	926	929	925	928	929	925	931	937	938	941	941	931	932	931	935	934	936	950	963	1005	1333	1313
927	919	922	924	922	922	929	933	929	927	924	930	933	933	934	934	934	933	939	936	932	935	943	948	961	953	1104	1345
926	922	923	919	919	921	924	924	927	924	927	926	930	935	937	939	946	941	933	931	932	940	945	948	947	959	946	1233
928	927	923	922	926	926	922	922	918	919	929	930	933	936	940	940	939	940	938	936	933	932	938	941	946	949	954	981
930	923	920	923	920	922	929	930	926	926	927	932	932	937	932	926	932	926	930	930	936	939	936	938	942	947	953	952
921	916	920	920	922	926	928	926	928	938	937	933	936	934	942	934	932	929	927	930	933	943	939	941	945	941	946	952
923	918	919	916	918	925	933	931	932	924	924	929	929	927	937	932	930	934	937	932	937	936	932	941	936	936	937	938
927	920	922	920	927	933	941	930	923	923	923	931	935	934	926	933	935	928	934	929	932	931	931	936	934	936	935	938
931	918	923	925	929	943	932	922	924	925	929	932	931	937	944	942	937	929	927	936	934	930	938	933	931	932	935	942
929	919	925	935	951	938	923	928	927	928	929	934	942	941	939	933	929	928	930	936	938	939	939	932	935	939	940	935
929	926	932	941	941	929	927	927	924	927	930	932	940	949	942	936	931	936	936	933	929	928	933	933	936	936	938	934
934	941	945	938	934	926	927	928	926	932	932	940	941	951	953	953	952	942	935	936	935	930	930	933	930	929	934	940
944	941	931	930	927	928	929	925	929	934	935	935	935	939	939	942	949	948	942	939	936	929	925	923	924	928	935	933
936	930	934	929	928	928	924	926	928	923	928	936	935	935	932	933	931	924	925	938	939	938	940	933	926	924	928	935
925	931	932	925	926	923	926	924	919	929	938	932	929	934	932	930	927	935	936	933	933	937	934	939	933	922	920	921
930	930	927	925	924	921	927	922	922	930	930	923	935	937	932	929	927	928	930	932	930	939	926	928	934	941	931	924
935	930	925	927	926	924	925	922	928	930	927	927	934	940	932	928	928	932	930	927	929	928	931	930	935	939	944	933
929	927	927	928	925	920	920	924	928	924	924	921	928	933	929	932	931	922	929	930	933	931	936	939	930	930	933	936
929	927	931	925	921	919	928	924	925	929	924	927	932	935	937	936	932	930	930	928	929	932	933	935	938	934	936	934
931	936	937	931	929	929	929	927	929	931	928	931	934	936	941	936	933	928	928	930	937	939	936	935	932	934	941	942
930	930	929	928	931	930	926	928	931	933	936	932	930	929	929	937	935	938	941	941	930	932	933	935	935	936	937	935
922	934	950	958	955	958	964	965	943	929	931	934	942	941	942	944	946	938	939	944	958	949	1322	1591	1415	1424	1498	1490
875	905	922	941	936	934	937	935	926	928	930	931	933	942	944	946	946	946	945	951	957	923	1005	1506	1487	1412	1537	1534
817	857	907	938	931	932	932	927	930	934	939	938	937	945	946	947	948	944	943	948	959	953	911	1283	1603	1383	1483	1485
750	810	922	937	928	928	929	935	932	932	930	933	937	947	950	952	946	944	950	950	951	957	937	1007	1624	1412	1351	1428
696	812	951	931	923	928	931	936	934	933	931	932	943	947	945	941	938	941	944	951	951	956	955	907	1379	1593	1250	1467
651	849	954	931	927	930	927	926	927	926	933	946	946	938	941	941	935	941	947	946	952	960	958	935	1066	1690	1261	1433
638	921	947	927	927	925	925	918	927	930	931	938	943	938	935	941	938	937	940	946	945	943	953	957	933	1505	1481	1278
717	974	930	927	928	931	931	929	935	940	938	940	944	941	936	941	945	940	936	941	945	951	955	958	940	1137	1655	1240
842	980	932	930	933	929	929	927	934	933	936	939	940	940	941	939	944	939	940	939	941	944	948	960	962	953	1426	1425
954	949	927	929	929	930	935	928	933	933	937	940	946	940	940	942	942	938	936	936	931	944	945	946	953	945	1062	1518
984	935	933	931	931	933	928	934	939	939	946	939	932	936	941	936	939	948	943	941	935	936	943	945	939	947	950	1223
971	933	935	936	936	933	931	933	941	948	946	938	934	944	944	943	947	949	945	944	944	936	941	944	938	949	953	1008
948	939	936	935	940	936	935	941	941	943	941	941	945	941	936	938	943	939	947	958	952	948	948	950	937	943	949	950
933	933	931	936	937	928	929	936	939	940	939	936	939	937	934	935	926	933	948	945	942	952	956	954	954	945	949	941
933	932	931	931	926	929	931	940	940	936	942	946	943	934	930	931	932	942	935	924	928	933	936	951	955	959	952	942
929	927	927	932	932	932	932	936	946	947	945	951	939	936	930	935	944	940	930	932	930	936	939	939	945	954	957	950
927	932	934	932	928	933	932	937	945	941	939	946	944	936	930	939	932	929	929	936	944	948	942	940	941	948	957	950
926	930	926	927	928	932	933	934	939	940	941	934	937	938	939	929	929	931	939	950	952	952	940	941	942	942	951	955
926	932	932	929	931	927	925	930	930	932	933	931	931	930	936	937	936	945	950	945	939	935	936	939	941	944	941	943
941	939	933	928	925	923	926	937	941	939	931	933	935	931	930	926	932	939	936	930	929	931	932	935	941	942	945	945
933	929	925	932	927	930	932	932	931	934	937	939	938	935	934	935	934	930	930	935	934	934	933	934	931	934	941	943
933	931	925	929	926	923	920	927	933	938	936	933	929	934	933	933	938	940	936	936	930	927	925	930	934	933	938	942
931	932	942	935	927	922	920	928	927	932	937	936	932	932	927	928	927	926	931	935	937	939	930	934	932	932	932	928
930	938	934	928	927	924	924	925	931	937	936	932	929	932	929	929	932	934	935	936	936	932	938	937	945	941	938	932
932	929	932	923	921	925	929	925	931	933	935	935	934	931	928	930	930	931	931	929	936	936	936	941	940	933	933	942
938	936	927	926	926	926	925	927	928	928	933	936	936	936	932	932	932	933	935	939	934	937	935	934	935	939	942	943
924	935	926	921	925	929	927	924	924	926	932	936	939	935	932	928	919	924	927	928	933	934	935	936	932	933	934	940
936	939	926	922	926	922	916	919	915	919	933	937	941	937	934	929	929	935	929	928	927	927	930	933	932	935	941	935
331	372	471	807	994	933	939	954	948	940	939	948	968	1004	1004	1027	1041	1059	1081	1107	1094	1151	1376	1665	1597	1584	1507	1585
323	402	587	955	968	950	955	946	937	937	944	954	964	973	975	980	996	1029	1052	1058	1013	986	993	1265	1623	1654	1511	1576
354	477	773	1006	952	952	944	935	934	938	947	955	963	973	983	991	997	1003	1000	991	988	991	982	1032	1491	1833	1632	1537
442	597	931	977	939	938	932	938	936	942	947	953	965	978	989	1005	1020	1020	1016	1001	994	990	997	979	1244	1610	1566	1390
542	739	990	950	936	940	936	940	945	950	956	973	985	988	1005	1029	1038	1046	1035	1025	1005	990	997	975	1157	1477	1517	1310
638	868	975	938	944	936	931	945	948	951	964	979	983	1002	1026	1043	1061	1072	1063	1049	1031	1015	997	990	1078	1418	1511	1249
764	947	954	939	933	933	937	938	952	963	972	974	986	1017	1045	1072	1090	1087	1073	1062	1046	1029	1012	1002	1010	1337	1573	1287
870	960	943	943	937	933	944	956	962	970	969	976	1001	1023	1045	1080	1097	1105	1087	1072	1060	1038	1023	1009	996	1206	1661	1390
932	950	941	939	939	938	945	956	960	961	964	981	1007	1020	1053	1076	1083	1112	1109	1086	1085	1047	1022	1018	1007	1054	1675	1516
950	940	942	938	938	943	951	958	959	955	962	983	1006	1036	1054	1055	1075	1097	1119	1121	1093	1049	1027	1013	1020	1041	1529	1700
936	931	934	933	933	939	955	971	963	960	971	993	1014	1034	1049	1045	1057	1091	1107	1113	1093	1060	1027	1016	1058	1061	1301	1760
936	935	935	925	930	938	946	952	954	960	973	995	1011	1032	1044	1070	1056	1076	1089	1102	1106	1079	1048	1026	1077	1069	1094	1615
931	931	929	930	938	945	946	956	962	965	963	986	1009	1026	1032	1063	1051	1058	1075	1085	1092	1064	1035	1011	1056	1059	1037	1401
931	932	929	937	938	933	935	939	955	962	967	984	1001	1011	1028	1027	1029	1046	1057	1071	1081	1060	1023	1008	1053	1050	1009	1190
931	930	930	931	928	925	930	937	942	952	969	977	995	1005	1017	1024	1027	1042	1048	1052	1061	1044	1007	995	1010	1001	979	1065
933	927	924	929	935	931	928	931	942	953	966	967	977	995	1010	1019	1024	1042	1046	1047	1041	1013	997	981	981	961	967	1001
927	926	929	935	935	934	938	941	946	946	949	959	971	983	1001	1015	1018	1022	1026	1026	1008	987	982	979	971	958	958	982
926	926	925	925	932	938	941	939	940	944	948	944	954	967	973	978	993	1005	1000	997	989	981	973	967	962	959	956	962
925	926	925	928	936	934	931	929	934	942	940	933	942	947	950	967	986	995	990	982	972	960	958	957	948	958	966	971
929	929	927	927	931	931	937	934	936	936	933	933	935	936	943	955	960	968	967	958	954	954	964	961	957	952	952	958
926	928	926	930	932	936	938	935	931	931	936	941	937	937	941	940	939	939	951	952	955	959	963	960	957	956	956	941
923	922	924	920	926	932	935	939	932	928	929	934	934	935	940	937	934	929	930	936	936	937	943	947	946	945	947	946
926	925	930	927	925	931	940	936	929	924	927	926	928	931	931	934	934	934	935	937	937	934	936	936	940	940	944	940
925	927	928	922	924	931	936	939	936	932	931	924	929	930	934	931	932	937	938	935	933	930	931	931	932	933	939	937
914	919	925	919	918	927	930	935	938	933	926	924	921	921	925	932	933	932	925	927	926	929	933	934	937	933	926	928
920	923	914	919	917	916	921	931	931	926	923	922	924	932	930	927	924	923	923	927	932	934	930	928	930	931	938	940
923	924	921	922	920	922	925	932	938	941	938	929	926	929	925	924	932	937	936	933	934	930	933	931	936	932	931	936
919	918	918	917	919	916	921	927	934	938	944	941	930	927	926	925	930	931	927	927	930	929	930	931	936	933	936	929
799	835	885	941	962	958	956	954	953	959	990	1071	1238	1479	1513	1583	1619	1559	1505	1455	1300	1082	1050	1103	1130	1175	1111	1005
870	908	942	960	956	949	953	954	948	964	992	1024	1078	1166	1243	1286	1317	1306	1294	1240	1128	1021	1018	1014	1099	1312	1347	1120
930	953	963	952	949	953	945	941	953	976	997	1020	1053	1088	1108	1115	1119	1147	1169	1125	1088	1072	1048	1026	1208	1556	1692	1519
979	984	962	947	942	937	939	950	963	977	1007	1043	1073	1103	1137	1182	1201	1199	1211	1204	1163	1122	1083	1123	1233	1381	1707	1652
977	964	933	937	937	936	941	959	975	1005	1038	1070	1116	1163	1179	1201	1231	1212	1185	1209	1218	1195	1134	1128	1186	1234	1597	1509
961	944	930	931	935	945	958	974	995	1028	1061	1104	1152	1158	1160	1162	1193	1188	1167	1155	1180	1187	1181	1140	1104	1217	1628	1464
946	925	923	935	945	950	972	988	1018	1060	1088	1129	1159	1149	1125	1135	1162	1163	1146	1140	1132	1143	1151	1163	1099	1169	1636	1499
938	927	931	940	959	967	992	1013	1045	1076	1114	1143	1135	1106	1114	1140	1136	1149	1138	1142	1135	1131	1128	1163	1159	1090	1487	1601
929	930	931	941	958	974	992	1030	1059	1069	1131	1132	1106	1090	1115	1131	1119	1132	1134	1126	1137	1122	1128	1180	1186	1101	1448	1739
926	926	935	950	973	981	1013	1058	1062	1097	1131	1122	1091	1103	1122	1108	1111	1130	1135	1119	1140	1128	1135	1188	1223	1243	1516	1705
921	921	936	969	985	1021	1061	1051	1044	1110	1133	1094	1085	1113	1120	1101	1097	1120	1124	1128	1149	1164	1156	1192	1292	1270	1506	1579
927	928	940	985	1013	1095	1123	1041	1040	1090	1125	1106	1105	1107	1113	1149	1115	1124	1125	1138	1167	1191	1199	1208	1273	1266	1435	1493
917	921	957	998	1043	1109	1161	1074	1039	1067	1112	1102	1098	1094	1099	1126	1101	1108	1132	1141	1177	1198	1207	1215	1265	1294	1479	1453
916	928	974	998	1041	1083	1147	1116	1048	1050	1101	1101	1086	1077	1090	1068	1064	1098	1124	1137	1183	1226	1225	1209	1272	1330	1426	1411
915	941	968	987	1031	1068	1123	1123	1059	1041	1066	1107	1072	1063	1074	1071	1073	1081	1121	1143	1193	1239	1234	1160	1188	1386	1369	1373
925	943	956	985	1007	1049	1120	1095	1053	1031	1036	1077	1089	1057	1055	1061	1076	1078	1116	1161	1218	1234	1197	1106	1091	1303	1313	1319
919	933	957	987	1006	1045	1074	1061	1048	1021	1014	1039	1100	1097	1062	1048	1062	1083	1108	1156	1214	1196	1131	1073	1092	1180	1215	1285
915	922	955	984	989	1007	1034	1062	1040	1011	1003	1012	1048	1081	1101	1100	1098	1090	1112	1149	1162	1114	1080	1060	1110	1142	1155	1252
908	915	939	955	965	994	1014	1030	1008	997	996	990	1010	1035	1056	1083	1103	1108	1114	1107	1091	1066	1049	1032	1072	1138	1218	1260
911	915	931	943	952	973	983	982	977	976	978	982	987	998	1017	1036	1048	1061	1061	1057	1052	1039	1013	998	985	1023	1137	1223
912	911	930	937	934	947	954	954	962	978	977	975	971	977	990	996	1005	1018	1032	1026	1017	1005	994	984	968	950	966	1075
908	914	930	942	938	934	924	930	951	972	974	962	961	971	968	965	966	976	981	972	970	968	965	961	955	946	942	956
911	911	912	932	943	932	919	908	924	953	957	945	945	947	952	950	947	942	933	936	938	942	939	946	946	945	943	937
909	907	909	925	945	939	928	924	918	921	926	925	929	931	933	929	934	932	931	929	924	926	926	926	931	936	942	941
916	914	918	922	945	955	937	931	932	929	928	922	921	918	922	923	927	926	925	925	926	927	925	923	930	932	936	943
916	918	915	911	926	946	943	932	926	927	930	926	928	933	931	928	932	929	929	928	929	933	934	928	926	933	934	936
914	913	914	916	920	925	942	946	937	931	928	924	926	933	933	937	934	938	940	940	937	933	928	926	927	931	931	935
908	907	910	918	917	922	926	930	936	932	930	935	936	941	952	946	935	935	927	926	920	922	924	934	935	935	936	928
973	968	965	959	958	962	965	977	1004	1107	1290	1516	1541	1427	1385	1428	1463	1356	1205	1133	1036	1019	1005	985	979	964	974	1014
967	962	960	958	959	961	964	977	1011	1054	1164	1283	1343	1369	1338	1320	1278	1130	1080	1065	1030	1023	1028	1035	1078	1100	1097	1143
963	962	964	962	973	973	972	982	995	1032	1065	1094	1114	1138	1123	1122	1135	1153	1172	1142	1082	1073	1085	1085	1122	1198	1304	1303
958	946	947	950	963	978	968	971	986	1013	1072	1094	1091	1122	1169	1204	1217	1215	1246	1286	1256	1146	1088	1105	1117	1175	1426	1421
945	946	945	946	971	971	956	986	1009	1065	1102	1103	1142	1199	1206	1189	1176	1156	1145	1138	1184	1275	1191	1097	1083	1120	1375	1334
941	950	960	960	972	970	992	1036	1084	1110	1108	1129	1173	1190	1178	1144	1132	1114	1111	1111	1106	1132	1253	1234	1064	1123	1391	1334
945	967	965	968	967	994	1052	1094	1109	1110	1099	1133	1168	1181	1187	1149	1136	1097	1075	1082	1100	1097	1160	1314	1163	1079	1281	1423
979	965	958	966	990	1050	1105	1162	1175	1105	1096	1190	1264	1226	1186	1140	1134	1100	1071	1080	1079	1092	1113	1201	1293	1087	1119	1390
978	956	955	979	1041	1132	1222	1256	1217	1210	1320	1307	1175	1126	1127	1146	1143	1131	1088	1093	1087	1091	1097	1141	1295	1153	1077	1384
962	963	979	1036	1130	1239	1220	1175	1172	1349	1323	1126	1095	1104	1106	1146	1170	1153	1101	1084	1076	1080	1075	1100	1245	1171	1110	1446
948	963	1002	1070	1167	1333	1247	1164	1191	1234	1104	1048	1080	1121	1134	1145	1171	1170	1129	1090	1083	1090	1078	1086	1213	1159	1181	1460
939	970	1033	1075	1178	1435	1285	1174	1156	1180	1093	1053	1067	1104	1142	1145	1154	1162	1138	1113	1096	1114	1081	1093	1204	1155	1271	1403
949	1001	1059	1057	1220	1430	1228	1202	1145	1175	1138	1087	1093	1103	1122	1131	1136	1137	1134	1101	1090	1105	1082	1113	1231	1163	1415	1314
958	1019	1069	1049	1270	1455	1164	1214	1175	1178	1211	1138	1145	1139	1125	1111	1114	1116	1097	1103	1113	1104	1113	1159	1249	1156	1578	1338
964	1040	1060	1042	1235	1503	1150	1179	1250	1182	1235	1328	1212	1136	1085	1081	1117	1094	1085	1105	1084	1076	1130	1244	1253	1246	1547	1314
969	1043	1056	1048	1153	1453	1227	1165	1244	1224	1234	1335	1247	1146	1112	1104	1109	1056	1045	1041	1055	1089	1142	1287	1225	1481	1425	1214
944	1033	1058	1053	1125	1337	1264	1145	1189	1201	1231	1181	1088	1127	1144	1114	1076	1032	1012	1038	1064	1106	1201	1210	1330	1493	1318	1224
934	1024	1053	1053	1218	1284	1224	1149	1146	1147	1221	1172	1055	1099	1126	1120	1102	1067	1064	1079	1125	1179	1154	1206	1373	1279	1244	1226
920	997	1046	1058	1231	1215	1160	1133	1135	1176	1220	1204	1088	1086	1099	1104	1112	1117	1122	1139	1140	1109	1124	1253	1241	1204	1222	1218
915	954	1038	1053	1206	1155	1118	1105	1112	1151	1197	1169	1135	1177	1163	1114	1074	1081	1093	1086	1071	1075	1133	1175	1159	1182	1219	1230
915	922	1012	1024	1158	1187	1163	1136	1129	1138	1152	1134	1137	1216	1250	1130	1066	1073	1081	1071	1065	1069	1083	1097	1111	1134	1170	1246
915	915	979	986	1017	1072	1150	1216	1202	1145	1139	1117	1143	1189	1200	1098	1064	1067	1069	1061	1047	1043	1039	1019	1007	1035	1088	1198
911	913	954	963	952	955	997	1144	1191	1149	1111	1115	1160	1157	1109	1113	1071	1046	1028	1018	1012	1007	999	989	984	970	981	1041
912	917	939	954	951	950	949	969	1021	1076	1081	1115	1154	1094	1084	1093	1015	968	958	953	955	950	964	979	983	979	976	986
923	923	932	957	959	945	939	940	948	967	997	1037	1059	1046	1045	998	949	942	944	937	939	940	944	948	954	983	998	987
926	924	923	936	948	944	948	944	943	944	951	955	963	982	975	951	952	949	946	941	941	948	956	955	954	966	988	994
925	924	926	929	952	949	943	943	943	941	940	942	941	943	943	941	940	938	940	945	948	950	956	968	967	974	988	985
920	920	924	926	944	958	938	938	939	946	947	946	939	940	937	934	935	937	937	937	936	937	934	935	938	940	957	968
939	947	950	954	956	964	1005	1071	1074	1070	1098	1053	1020	1027	1111	1119	1086	1079	1027	1022	1172	1096	990	983	1010	1041	1132	1334
944	952	960	966	960	994	1034	1033	1027	1019	1054	1032	984	968	999	1013	1028	1031	995	1063	1284	1177	1045	1027	1043	1054	1348	1656
945	950	956	965	1012	1045	1027	984	998	1019	1026	1032	1011	991	988	989	1000	1019	1009	1126	1316	1253	1121	1064	1058	1065	1375	1705
952	949	959	992	1021	1019	975	967	990	1020	1038	1042	1026	1007	990	996	1040	1083	1097	1184	1304	1268	1141	1077	1072	1054	1148	1524
937	952	1008	1029	1003	964	954	967	988	1001	1030	1042	1031	1019	1022	1054	1106	1146	1140	1190	1278	1258	1135	1060	1068	1066	1123	1376
947	980	1010	982	954	947	972	983	986	1020	1044	1042	1042	1045	1058	1098	1146	1181	1144	1173	1231	1256	1164	1062	1065	1060	1099	1264
961	979	961	945	948	977	1002	986	993	1048	1121	1151	1079	1064	1104	1118	1152	1149	1117	1133	1167	1211	1150	1110	1070	1049	1059	1112
974	950	934	935	971	1016	1010	1014	1094	1268	1450	1635	1492	1295	1187	1112	1118	1093	1091	1115	1120	1149	1112	1118	1106	1051	1029	1017
970	934	924	947	1012	1053	1074	1185	1448	1616	1750	1763	1602	1464	1290	1147	1098	1074	1078	1107	1113	1106	1087	1115	1121	1054	1013	974
960	928	921	987	1076	1118	1175	1407	1524	1594	1516	1246	1126	1252	1355	1215	1126	1083	1071	1081	1084	1079	1073	1100	1126	1054	1005	967
958	936	950	1040	1097	1100	1354	1481	1359	1280	1185	1128	1092	1098	1267	1277	1182	1115	1091	1080	1078	1073	1076	1096	1133	1047	990	971
952	953	995	1132	1098	1186	1500	1320	1126	1130	1160	1156	1128	1107	1196	1270	1224	1165	1103	1088	1079	1079	1076	1102	1116	1042	988	983
977	983	1026	1185	1136	1324	1438	1132	1086	1096	1142	1158	1166	1154	1192	1248	1228	1170	1108	1096	1085	1077	1067	1095	1099	1039	1012	997
984	1012	1050	1130	1176	1518	1362	1055	1080	1080	1124	1134	1163	1173	1229	1280	1212	1158	1115	1095	1093	1072	1074	1088	1079	1113	1236	1038
993	1032	1056	1108	1141	1568	1309	1054	1077	1055	1110	1235	1254	1186	1239	1283	1186	1135	1139	1114	1067	1057	1078	1112	1191	1409	1391	1220
1008	1046	1065	1128	1127	1381	1277	1047	1058	1053	1156	1535	1435	1294	1329	1262	1182	1148	1118	1065	1055	1062	1084	1239	1401	1310	1196	1181
983	1049	1067	1164	1170	1226	1187	1028	1025	1043	1227	1457	1153	1215	1216	1201	1165	1119	1081	1069	1068	1110	1174	1373	1389	1216	1180	1117
948	1055	1066	1203	1283	1270	1118	999	988	995	1146	1370	1083	1045	1077	1082	1093	1083	1079	1067	1079	1190	1269	1366	1214	1155	1144	1122
930	1041	1106	1234	1326	1182	1052	1001	973	985	1043	1228	1314	1159	1089	1069	1059	1063	1070	1058	1091	1225	1306	1234	1141	1122	1116	1121
924	1022	1094	1222	1319	1089	990	974	968	984	1033	1104	1260	1321	1121	1092	1049	1053	1067	1063	1075	1201	1248	1283	1179	1109	1101	1121
923	989	1056	1105	1282	1264	1071	976	963	973	1013	1053	1129	1337	1171	1081	1034	1058	1073	1067	1065	1097	1101	1147	1265	1235	1115	1091
914	958	1001	1030	1069	1174	1304	1151	995	980	997	1031	1079	1160	1220	1155	1045	1059	1060	1056	1061	1064	1059	1052	1079	1228	1290	1175
914	941	973	962	979	998	1124	1302	1195	1062	1010	1045	1111	1125	1118	1182	1120	1013	1000	982	1005	1014	1018	998	993	1014	1130	1264
911	919	959	941	931	949	968	1053	1195	1256	1187	1162	1176	1148	1127	1171	1096	934	928	934	948	946	950	971	973	978	1020	1056
919	919	950	950	926	931	934	936	966	1060	1140	1195	1213	1193	1171	1131	994	931	929	929	932	928	931	944	970	1002	1017	996
925	922	933	956	933	930	936	941	941	944	959	981	1028	1073	1066	1015	947	935	929	930	925	924	925	933	950	968	990	1000
926	919	923	955	940	931	934	937	942	942	942	942	939	941	939	938	937	932	930	928	930	931	936	944	952	966	977	980
919	914	920	944	960	943	941	941	941	943	945	946	945	943	934	933	929	924	926	933	941	932	939	946	954	966	984	1000
947	953	952	954	952	965	991	1036	1026	974	976	982	1135	1522	1627	1584	1319	1233	1146	1101	1420	1372	1106	1089	1087	1063	1050	1052
950	949	948	941	936	951	961	974	1001	995	1021	1060	1166	1337	1309	1274	1250	1323	1254	1299	1768	1607	1233	1078	1075	1058	1055	1077
943	942	936	932	934	941	944	966	1015	1023	1075	1107	1166	1253	1274	1278	1347	1472	1443	1680	1927	1703	1411	1076	1048	1050	1069	1109
942	944	944	936	934	925	920	954	1040	1070	1102	1137	1178	1272	1312	1408	1593	1632	1578	1796	1863	1746	1537	1118	1037	1049	1052	1105
949	955	948	932	925	905	899	966	1076	1141	1178	1226	1260	1328	1502	1513	1650	1754	1694	1771	1753	1711	1562	1132	1034	1041	1026	1065
951	940	924	911	905	897	898	1014	1167	1248	1254	1248	1308	1335	1475	1487	1686	1751	1629	1581	1613	1690	1567	1135	1029	1041	1028	1046
936	915	913	906	900	899	934	1086	1371	1557	1434	1171	1149	1240	1360	1535	1694	1643	1467	1433	1494	1640	1539	1144	1033	1037	1028	1028
921	909	903	889	886	910	987	1190	1648	1975	1818	1387	1127	1176	1294	1480	1526	1523	1461	1390	1408	1593	1549	1160	1017	1031	1035	1030
915	906	894	887	894	936	1061	1483	1866	1743	1717	1700	1522	1491	1377	1374	1302	1330	1410	1379	1415	1556	1515	1139	1033	1046	1053	1042
916	903	880	878	906	982	1369	1863	1589	1252	1173	1326	1546	1803	1721	1354	1244	1081	1186	1262	1366	1413	1264	1083	1069	1064	1068	1053
915	912	896	892	971	1175	1757	1665	1220	1117	1115	1118	1181	1485	1894	1414	1139	1041	1049	1079	1158	1168	1104	1094	1083	1077	1066	1055
918	919	904	982	1123	1431	1803	1218	1021	1097	1124	1133	1126	1322	1871	1361	1037	1030	1021	1061	1089	1095	1094	1095	1090	1082	1067	1048
945	942	957	1118	1441	1621	1507	1036	1019	1050	1080	1101	1169	1394	1796	1223	1036	1039	1055	1075	1094	1092	1091	1095	1101	1108	1063	1036
932	944	988	1250	1711	1614	1237	1014	1018	1026	1062	1104	1177	1431	1648	1162	1040	1048	1071	1078	1075	1078	1080	1133	1184	1139	1036	1012
981	993	987	1360	1544	1319	1118	1023	1006	1010	1058	1129	1196	1450	1620	1122	1026	1047	1056	1046	1059	1065	1148	1267	1317	1262	1100	1046
1046	1035	1019	1372	1415	1180	1069	1037	1002	1012	1067	1184	1271	1511	1654	1073	1035	1055	1043	1040	1050	1080	1277	1421	1332	1186	1107	1111
1035	1056	1087	1353	1375	1150	1050	1052	1029	1013	1096	1219	1238	1322	1339	1123	1045	1040	1037	1057	1039	1181	1400	1358	1171	1119	1124	1050
1005	1045	1135	1381	1304	1137	1058	1062	1057	1058	1093	1171	1128	1135	1193	1151	1047	1032	1038	1051	1059	1224	1333	1323	1192	1111	1082	1030
989	1034	1101	1315	1246	1124	1080	1056	1051	1058	1049	1075	1134	1146	1166	1140	1040	1022	1036	1030	1070	1178	1230	1270	1294	1129	1066	1030
976	1008	1017	1170	1245	1130	1081	1048	1031	1026	1033	1059	1119	1150	1167	1095	1010	1026	1023	1028	1069	1157	1179	1211	1266	1239	1114	1046
958	973	998	1030	1122	1186	1138	1066	1043	1034	1043	1061	1089	1128	1177	1051	977	1033	1016	1022	1048	1113	1154	1114	1148	1275	1297	1121
948	955	960	987	975	1047	1157	1135	1081	1061	1057	1061	1065	1104	1142	1068	983	1020	1017	1033	1044	1063	1081	1097	1089	1124	1259	1285
935	953	938	954	956	957	1016	1110	1133	1109	1077	1074	1083	1088	1059	1040	997	984	973	988	1019	1037	1040	1035	1048	1042	1075	1208
925	961	941	944	949	950	951	979	1042	1073	1069	1083	1071	1041	1020	988	976	949	947	956	974	996	1009	1016	998	1001	1015	1049
922	953	957	935	944	944	945	950	962	981	989	987	989	981	981	987	988	969	952	949	950	973	984	1009	1026	1007	990	991
926	938	972	947	941	946	946	946	948	953	954	954	950	952	958	966	986	996	987	969	952	950	988	997	992	997	988	981
930	931	956	972	938	947	944	947	947	948	957	954	939	939	941	943	952	965	975	977	968	957	1019	1029	999	977	973	976
932	937	941	963	950	938	948	947	942	943	957	949	936	931	930	934	939	934	935	961	995	983	992	1013	1036	1043	1026	1010
933	929	926	929	932	925	946	1051	1124	1187	1246	1412	1604	1589	1512	1564	1290	1247	1205	1113	1061	1064	1057	1024	1005	990	983	980
922	921	921	924	923	928	1006	1149	1195	1219	1272	1382	1469	1375	1366	1526	1545	1481	1369	1212	1080	1045	1029	1001	983	981	975	972
921	921	925	945	959	989	1093	1230	1249	1199	1257	1299	1365	1443	1427	1407	1412	1417	1401	1395	1236	1057	1021	1004	983	986	996	997
921	922	945	979	1035	1118	1226	1336	1315	1202	1199	1336	1362	1520	1555	1437	1404	1375	1303	1347	1274	1116	1046	1019	1004	982	976	960
923	923	959	1027	1107	1278	1455	1512	1412	1254	1223	1374	1386	1434	1529	1406	1399	1403	1345	1306	1227	1126	1070	1048	1016	966	960	962
916	927	968	1067	1156	1358	1582	1751	1595	1376	1293	1346	1389	1376	1460	1383	1431	1397	1358	1271	1248	1152	1114	1073	1014	976	965	953
915	940	1006	1122	1226	1379	1567	1695	1693	1528	1423	1400	1418	1387	1388	1425	1537	1461	1414	1261	1237	1196	1135	1063	996	945	933	938
935	964	1042	1184	1312	1407	1504	1445	1407	1443	1386	1352	1364	1364	1350	1519	1661	1621	1473	1258	1184	1178	1166	1038	942	915	932	954
926	1004	1117	1252	1331	1358	1411	1293	1092	1124	1327	1336	1279	1272	1334	1584	1709	1478	1337	1197	1155	1188	1148	988	939	949	969	978
922	994	1207	1372	1402	1348	1338	1134	1003	1112	1220	1313	1305	1260	1356	1597	1455	1061	1057	1076	1113	1127	1043	968	974	987	995	998
916	969	1230	1566	1535	1357	1139	1027	1119	1153	1239	1322	1342	1305	1406	1462	1222	1019	1015	1027	1019	1020	1006	1011	1008	1003	1025	1051
905	933	1197	1694	1636	1244	993	989	1107	1209	1291	1395	1406	1329	1432	1264	1000	958	1010	1002	959	992	1004	1010	1011	1036	1107	1113
910	905	1058	1741	1709	1120	987	1040	1084	1184	1323	1446	1434	1380	1296	999	933	954	996	966	975	990	997	1006	1031	1113	1144	1120
934	922	909	1580	1845	1167	1063	1092	1130	1199	1278	1399	1392	1359	1109	902	930	943	957	962	985	981	990	1031	1123	1162	1117	1086
1036	987	908	1338	1823	1343	1200	1159	1167	1214	1253	1281	1290	1299	1074	914	932	944	958	982	979	969	993	1061	1161	1152	1109	1089
1017	1039	986	1135	1489	1320	1251	1214	1197	1214	1212	1216	1192	1164	1108	967	945	947	965	976	966	956	1010	1073	1159	1225	1127	1109
972	1002	1062	1064	1271	1223	1203	1189	1177	1175	1146	1143	1152	1103	1083	1003	957	959	970	974	970	978	1022	1108	1295	1250	1130	1085
965	975	1041	1085	1135	1133	1138	1138	1123	1126	1104	1084	1108	1090	1055	1009	981	973	966	972	994	996	1002	1145	1377	1192	1109	1038
953	968	1000	1048	1075	1083	1095	1089	1080	1077	1060	1045	1049	1062	1054	1021	1011	999	972	950	973	1005	1002	1104	1276	1246	1110	1041
954	957	958	960	1007	1043	1050	1052	1052	1037	1026	1016	1008	1014	1033	1019	1010	1025	987	938	982	1037	1054	1082	1166	1317	1181	1063
973	940	947	953	952	971	984	1005	1010	998	991	989	984	980	985	992	1005	1013	996	973	987	1047	1133	1152	1160	1286	1314	1141
980	936	932	943	947	946	938	951	968	967	969	965	961	960	953	954	960	977	1004	1002	988	999	1069	1120	1246	1322	1252	1236
964	951	932	933	943	949	949	937	940	950	950	946	957	957	943	936	944	948	969	995	1004	993	1014	1062	1125	1247	1318	1335
952	966	941	934	934	941	945	941	931	926	929	937	945	937	935	932	928	933	941	956	980	995	982	1036	1081	1081	1081	1137
938	952	954	934	934	937	942	940	935	935	935	941	952	946	950	952	956	949	941	940	943	970	972	967	1022	1074	1028	999
933	940	949	938	930	928	930	937	938	937	940	964	968	972	971	969	971	959	949	945	949	960	991	1006	986	978	1005	1015
932	941	935	941	936	934	934	931	935	934	946	954	966	976	962	957	935	932	932	939	946	953	970	989	990	966	973	986
934	936	935	937	942	937	933	929	929	936	955	942	947	967	953	931	932	931	933	939	941	942	939	963	982	967	957	956
1068	1123	1165	1207	1248	1234	1468	1419	1275	1210	1318	1568	1475	1316	1200	1082	1061	1025	997	986	973	968	962	960	959	960	960	959
1127	1208	1276	1315	1385	1435	1576	1426	1275	1214	1187	1268	1326	1282	1346	1265	1158	1057	987	958	948	948	950	953	957	954	949	945
1164	1298	1365	1373	1421	1571	1561	1420	1320	1266	1200	1185	1180	1171	1237	1215	1165	1098	1033	947	924	933	936	946	966	964	956	954
1202	1349	1454	1422	1448	1552	1516	1413	1351	1322	1263	1210	1218	1216	1203	1176	1152	1089	1027	963	932	937	942	945	948	948	949	948
1227	1348	1482	1431	1378	1387	1404	1414	1422	1433	1379	1254	1209	1217	1213	1177	1162	1070	989	959	947	939	940	947	951	949	936	928
1233	1398	1507	1416	1239	1224	1228	1309	1416	1538	1575	1344	1201	1170	1189	1227	1169	1037	978	962	935	926	956	970	960	945	930	935
1217	1393	1566	1387	1166	1144	1148	1230	1358	1520	1647	1552	1246	1161	1148	1233	1138	999	949	928	921	932	967	979	954	939	939	938
1214	1374	1507	1396	1173	1136	1146	1224	1394	1472	1525	1568	1269	1152	1132	1166	1056	957	930	930	934	954	967	980	942	930	928	929
1221	1402	1532	1403	1234	1181	1194	1282	1452	1517	1482	1480	1263	1105	1102	1064	951	921	924	940	953	976	972	959	930	929	929	927
1219	1368	1617	1494	1309	1248	1264	1364	1517	1533	1443	1385	1204	1086	1041	966	912	932	937	954	965	970	963	931	925	929	930	935
1243	1353	1620	1624	1327	1295	1433	1557	1554	1397	1342	1274	1110	1037	981	921	920	943	956	959	966	975	949	927	933	934	938	948
1273	1407	1541	1669	1390	1404	1446	1402	1381	1299	1267	1189	1048	962	926	917	938	950	959	966	986	971	947	941	940	945	953	960
1187	1371	1547	1681	1572	1437	1304	1277	1234	1235	1223	1134	1011	931	904	928	932	938	934	941	944	949	964	950	945	950	963	977
1247	1257	1276	1356	1418	1376	1247	1198	1175	1168	1110	1044	990	940	928	933	926	923	922	930	942	954	967	968	959	963	975	987
1113	1074	1017	1035	1181	1240	1158	1109	1073	1045	1026	1012	988	961	947	943	930	930	935	947	951	953	949	952	958	963	1005	1045
976	1011	1011	971	966	1016	1034	1021	1001	980	976	991	980	970	956	960	949	935	945	966	978	990	1034	990	1001	1159	1162	1191
956	965	995	981	935	949	964	968	958	947	941	954	964	956	955	962	955	950	949	962	984	1025	1119	1158	1250	1250	1178	1176
940	949	953	959	955	945	936	939	940	937	935	934	943	943	939	938	940	934	933	939	976	1052	1162	1202	1211	1164	1143	1117
932	931	939	938	952	942	931	929	930	927	935	938	946	968	970	940	932	928	927	917	945	1099	1198	1171	1143	1131	1132	1102
941	929	933	930	945	929	930	929	924	921	920	916	926	952	952	946	934	950	940	920	932	1110	1207	1181	1145	1120	1129	1123
957	941	935	936	938	924	919	926	926	925	922	918	925	933	930	936	940	941	932	922	921	1050	1240	1164	1133	1113	1106	1141
941	947	925	932	937	938	931	926	929	931	932	929	923	918	916	917	918	928	929	922	922	973	1217	1188	1134	1131	1131	1191
934	952	936	930	932	937	936	920	921	927	926	928	931	925	921	916	916	919	929	926	920	933	1078	1204	1177	1184	1239	1201
929	933	941	927	927	929	941	934	925	921	922	920	921	918	923	924	920	920	931	937	921	926	948	1051	1153	1208	1152	1042
937	927	937	936	927	925	929	936	929	926	929	928	918	919	921	923	922	921	925	934	929	926	939	952	1012	1077	1018	984
933	928	928	940	936	924	923	927	931	937	939	945	929	923	920	917	917	918	928	931	949	943	945	959	963	964	966	963
941	935	929	937	946	941	929	928	928	929	926	928	947	944	925	926	925	928	936	928	941	947	946	946	950	955	961	948
938	937	924	929	940	943	948	937	930	927	922	923	932	947	943	934	934	928	935	929	932	940	945	946	944	936	942	945
1341	1350	1338	1458	1783	1764	1778	1524	1311	1193	1152	1080	972	929	915	937	953	959	955	955	962	967	973	971	973	971	970	966
1398	1334	1240	1306	1578	1573	1582	1495	1391	1204	1082	1059	1020	974	933	925	931	957	958	949	947	949	949	948	947	945	946	951
1440	1350	1234	1228	1394	1442	1457	1393	1336	1232	1125	1074	1006	965	945	932	923	925	933	945	946	945	948	952	956	949	948	954
1417	1325	1230	1211	1309	1418	1464	1432	1325	1232	1107	1046	1024	984	946	927	916	916	920	928	935	939	944	942	946	949	950	950
1372	1310	1230	1226	1353	1540	1496	1514	1343	1221	1099	1024	1008	980	952	928	915	918	928	932	930	937	940	940	940	937	936	937
1317	1280	1284	1290	1424	1609	1556	1532	1451	1237	1105	1000	969	957	943	929	918	924	930	934	934	936	940	943	934	926	926	927
1280	1308	1317	1349	1440	1590	1585	1490	1414	1294	1139	989	928	935	935	920	920	935	938	938	941	948	959	956	943	939	945	945
1214	1315	1439	1380	1412	1541	1526	1445	1337	1179	1050	971	927	922	925	914	921	932	940	947	953	953	950	952	950	945	945	946
1185	1303	1479	1375	1457	1491	1415	1334	1225	1064	937	919	919	914	919	924	937	939	938	937	941	945	947	952	951	951	950	948
1248	1421	1536	1361	1350	1436	1354	1219	1094	956	912	905	900	906	917	930	941	951	949	941	935	938	948	947	946	946	944	943
1417	1469	1501	1317	1264	1312	1301	1154	988	938	936	925	919	912	911	924	929	931	941	945	951	945	939	936	935	936	940	940
1508	1416	1332	1260	1224	1212	1109	979	946	955	959	944	927	943	966	954	949	942	936	948	956	964	964	959	963	941	936	939
1400	1350	1235	1166	1109	1031	939	923	944	967	976	977	961	947	971	987	980	958	937	932	927	943	980	961	970	949	937	950
1242	1118	1062	991	945	921	919	917	917	936	962	976	976	956	952	956	954	970	951	923	918	958	995	963	954	965	976	987
1002	978	960	945	930	921	917	919	923	929	943	954	963	967	970	958	931	947	982	972	943	960	983	947	937	984	1028	1041
958	954	948	942	936	931	928	924	925	929	933	936	935	939	949	958	953	942	958	985	991	975	978	957	949	1028	1133	1208
941	941	946	945	934	930	933	932	926	925	927	928	924	927	935	938	944	949	950	953	956	945	981	1029	1048	1121	1213	1240
936	937	934	942	945	944	939	936	940	940	942	928	926	927	926	926	924	925	923	926	928	925	995	1051	1043	1092	1157	1176
950	933	934	930	949	938	930	930	931	937	942	941	932	924	923	924	924	925	924	916	914	930	994	1011	1047	1092	1134	1138
957	937	926	927	940	940	931	928	927	925	921	921	925	928	920	917	918	920	920	919	915	929	981	991	1038	1095	1104	1109
944	945	929	927	935	942	928	925	921	925	925	917	922	930	917	917	916	912	914	919	920	930	970	998	1044	1067	1065	1080
936	944	932	929	931	935	926	926	924	922	919	920	925	926	915	918	915	915	913	916	918	922	958	1004	1023	1033	1030	1029
929	935	936	926	923	928	929	923	919	919	919	925	932	931	916	914	912	911	918	920	925	931	945	974	987	994	987	988
925	932	938	937	921	919	928	923	924	923	919	915	920	923	918	916	919	920	925	928	931	936	940	950	960	961	960	986
930	926	930	947	939	926	925	927	921	922	929	915	909	915	921	925	919	926	931	938	938	933	938	957	958	942	958	979
929	927	937	951	942	932	931	930	927	922	922	915	912	922	924	925	929	929	932	933	944	943	942	957	958	948	971	976
931	931	931	934	944	945	941	932	927	925	931	928	919	921	926	924	925	924	929	928	935	953	962	964	947	951	981	967
934	929	932	932	942	935	941	942	942	940	937	936	933	928	930	928	933	931	938	935	934	940	952	957	954	954	971	957
1139	1170	1330	1670	1760	1341	1185	1055	976	945	928	925	925	929	939	946	952	956	950	952	955	950	945	938	934	930	933	965
1159	1233	1429	1697	1693	1326	1121	978	932	923	926	927	934	938	939	940	946	944	929	926	928	934	938	938	940	942	940	944
1267	1334	1455	1636	1546	1251	1091	961	918	913	916	915	921	930	936	937	942	940	936	935	936	941	944	947	944	946	945	945
1398	1364	1496	1491	1382	1218	1133	977	923	915	916	917	916	923	931	940	935	929	931	929	931	934	940	939	941	941	941	940
1344	1433	1473	1423	1293	1191	1106	1009	924	912	921	925	924	922	923	931	931	930	931	926	926	926	931	933	938	942	943	946
1214	1422	1551	1342	1232	1138	1045	961	920	905	921	934	934	929	928	925	921	920	922	924	926	928	930	933	936	938	941	945
1257	1374	1456	1317	1171	1090	1028	935	904	902	926	956	968	953	941	932	923	921	930	938	937	933	937	936	935	934	935	938
1346	1463	1396	1244	1046	993	980	938	897	897	907	928	956	966	967	955	944	938	938	936	936	931	932	933	932	933	934	941
1472	1468	1404	1153	1017	970	943	935	910	910	919	914	921	939	949	955	953	945	937	943	944	936	934	935	935	934	938	939
1315	1406	1344	1067	1013	968	941	947	946	937	931	928	924	924	927	933	941	950	945	942	940	938	930	930	934	939	942	943
1152	1220	1186	972	959	956	941	950	969	962	947	941	950	942	926	924	929	937	944	944	946	946	934	933	931	937	945	950
1125	1055	973	922	923	925	947	983	982	959	943	931	954	999	978	938	923	922	927	931	939	945	937	940	943	935	938	946
1009	945	909	907	911	925	940	955	965	956	944	940	961	968	974	969	943	925	923	923	928	936	936	937	947	939	935	944
934	928	926	926	926	931	936	942	945	945	938	947	958	938	942	953	949	938	927	923	923	931	952	939	936	936	937	954
929	931	930	926	922	925	936	941	944	947	946	945	936	929	944	943	931	935	938	931	920	918	938	940	918	933	960	999
939	935	931	930	927	926	930	933	934	935	936	935	930	933	938	934	928	937	936	923	919	917	924	936	917	924	963	1021
936	931	931	927	926	937	927	924	926	928	927	927	924	926	930	929	924	927	929	922	918	915	912	913	914	929	966	1023
934	930	928	934	945	946	940	933	933	931	931	925	926	930	931	932	927	927	926	926	922	919	911	907	908	929	976	1007
932	929	924	927	935	929	928	924	927	926	925	925	926	928	929	924	925	925	923	921	916	913	909	918	930	938	957	967
941	924	929	930	925	928	925	921	920	925	925	927	929	923	924	923	920	921	919	919	919	920	921	921	931	944	935	933
939	930	923	923	928	928	924	925	922	920	919	919	917	920	921	919	918	922	925	928	929	926	925	922	936	941	933	931
932	935	933	924	924	926	928	923	919	918	917	922	924	920	919	922	925	927	933	933	929	927	923	925	933	928	934	937
929	937	945	934	925	916	921	929	928	925	924	922	923	923	926	928	926	926	929	928	926	930	930	933	935	929	930	942
929	931	935	934	933	929	929	928	925	925	926	924	927	931	930	931	930	932	923	925	934	936	931	933	937	939	937	942
925	926	931	939	940	938	933	930	926	923	929	927	923	926	927	933	931	938	942	939	940	936	932	935	939	931	935	936
931	933	937	938	934	933	933	932	932	930	929	929	928	928	923	928	933	932	939	936	938	934	931	937	948	937	939	938
940	936	934	927	934	936	929	927	927	929	932	931	930	930	931	931	931	930	937	935	931	933	933	934	937	944	949	947
938	935	930	931	937	933	930	931	933	931	934	934	934	927	926	927	930	929	930	929	928	930	935	935	935	939	939	936
