1068	1054	1072	1087	1094	1093	1085	1071	1068	1046	988	974	928	1321	2128	2215	2177	2252	1917	1238	928	953	962	963	940	943	959	966
1057	1062	1079	1083	1084	1079	1077	1076	1064	1039	987	953	952	898	1415	2276	2265	2162	2116	1763	1141	939	949	948	969	980	981	980
1041	1049	1070	1098	1089	1075	1078	1047	1018	980	938	909	914	937	921	1562	2281	2151	2026	1963	1631	1113	952	970	980	969	982	985
1033	1065	1088	1078	1058	1062	1060	972	912	912	907	917	912	926	963	1007	1692	2180	2006	1926	1831	1495	1067	959	993	969	976	996
1057	1071	1069	1049	1043	1045	1012	958	915	896	920	925	905	901	932	955	1087	1738	2035	1809	1815	1694	1343	1015	1005	999	968	968
1071	1110	1104	1087	1079	1039	972	929	909	909	925	902	893	899	923	948	970	1159	1713	1890	1743	1801	1539	1158	983	982	968	958
1285	1361	1261	1205	1188	1072	988	911	899	929	935	916	913	921	941	954	948	991	1191	1704	1805	1761	1744	1385	1079	968	981	994
1560	1516	1417	1399	1328	1120	993	935	916	947	947	933	922	925	955	1003	991	992	1035	1212	1668	1771	1791	1702	1370	1055	975	989
1485	1516	1543	1508	1312	1028	976	952	916	975	966	967	974	960	982	1023	1026	988	1001	1032	1166	1609	1793	1751	1667	1295	1014	972
1234	1358	1546	1409	1063	989	999	999	944	967	968	996	997	984	984	1026	1060	1046	987	994	1025	1151	1641	1792	1670	1563	1228	1028
1183	1261	1318	1076	1041	1065	1052	1035	988	983	983	1013	1017	1010	1008	1022	1065	1078	1039	966	978	1003	1129	1672	1742	1574	1405	1177
1184	1200	1091	1075	1088	1090	1083	1040	998	989	1011	1032	1030	1019	1011	999	992	1045	1052	982	936	980	978	1129	1687	1742	1547	1376
1086	1074	1078	1076	1070	1070	1064	1018	998	1013	1048	1063	1051	1028	1010	1009	1001	1022	1059	1034	970	969	1014	1002	1060	1406	1592	1466
1029	1031	1059	1065	1050	1023	1022	1022	1001	1005	1036	1059	1059	1050	1036	1027	1017	1004	1043	1041	1000	976	991	1013	1005	994	1059	1073
1181	1142	1119	1105	1093	1075	1079	1069	1073	1062	1048	1046	1054	1050	1045	1037	1024	996	1016	1016	976	957	957	969	962	970	963	927
1323	1323	1315	1292	1260	1265	1256	1219	1213	1103	996	1001	1026	1038	1036	1037	1021	986	980	981	948	944	943	944	952	954	995	995
1335	1329	1320	1321	1279	1301	1309	1313	1258	1084	998	1019	1021	1042	1032	1030	1026	980	962	969	954	952	961	975	1001	1044	1056	1051
1357	1392	1416	1379	1346	1343	1349	1318	1161	1050	1042	1054	1038	1031	1031	1014	998	962	946	964	966	977	1000	1029	1055	1064	1073	1062
1215	1305	1399	1357	1314	1285	1227	1145	1075	1074	1058	1061	1046	1017	1016	1013	997	963	953	969	978	1008	1050	1075	1074	1076	1073	1066
1088	1108	1152	1155	1144	1115	1090	1082	1081	1084	1082	1079	1076	1043	1037	1033	1011	989	986	1002	1035	1062	1073	1075	1073	1072	1070	1065
1095	1100	1095	1086	1085	1080	1085	1091	1088	1085	1087	1083	1076	1047	1040	1031	1000	998	1015	1050	1071	1078	1072	1074	1075	1072	1071	1070
1100	1094	1094	1088	1087	1090	1091	1088	1084	1078	1075	1075	1076	1053	1036	1029	1010	1027	1060	1073	1065	1067	1064	1066	1064	1063	1059	1062
1090	1092	1089	1070	1069	1097	1098	1094	1093	1095	1094	1092	1079	1059	1038	1034	1029	1059	1081	1083	1087	1089	1090	1091	1090	1087	1085	1077
1086	1075	1049	1014	1008	1073	1085	1088	1085	1084	1080	1071	1075	1077	1054	1051	1061	1082	1091	1090	1091	1086	1085	1089	1093	1095	1092	1094
1091	1053	988	960	957	1019	1053	1070	1077	1082	1081	1083	1087	1088	1069	1072	1091	1084	1084	1085	1085	1089	1093	1093	1090	1089	1090	1096
1096	1068	990	957	962	995	1047	1081	1088	1090	1091	1091	1086	1085	1079	1086	1095	1096	1099	1095	1094	1094	1095	1095	1096	1096	1098	1092
1085	1076	1043	1009	1011	1023	1047	1083	1089	1089	1097	1098	1094	1091	1085	1089	1093	1094	1092	1097	1097	1094	1088	1090	1086	1084	1077	1071
1060	1063	1065	1061	1059	1068	1077	1089	1093	1098	1099	1094	1099	1097	1092	1096	1100	1091	1088	1082	1079	1071	1068	1057	1051	1050	1032	1022
1066	1051	1070	1087	1095	1091	1084	1073	1070	1049	997	983	939	1306	2089	2183	2132	2188	1860	1218	926	953	966	967	945	947	961	968
1052	1053	1071	1079	1082	1078	1072	1070	1059	1038	992	964	966	917	1389	2204	2211	2106	2051	1707	1121	935	949	952	973	978	980	982
1039	1049	1074	1099	1089	1075	1077	1050	1026	990	949	919	928	954	940	1517	2212	2112	1988	1918	1598	1103	945	962	977	972	982	988
1033	1063	1088	1079	1059	1063	1063	982	923	921	916	930	928	937	977	1010	1634	2130	1985	1901	1810	1489	1071	952	989	969	975	996
1058	1075	1078	1058	1048	1051	1025	971	921	902	928	932	915	916	948	971	1078	1686	1997	1789	1783	1673	1345	1020	992	992	964	965
1071	1121	1135	1114	1104	1062	977	933	914	912	933	912	902	907	929	948	965	1129	1662	1862	1716	1761	1526	1176	993	979	969	965
1269	1362	1288	1235	1216	1109	1008	916	904	933	940	920	915	923	946	965	962	993	1166	1659	1781	1716	1706	1387	1104	982	978	992
1548	1506	1413	1416	1354	1151	1011	941	919	952	954	939	932	934	965	1009	1002	1001	1035	1190	1626	1738	1733	1660	1368	1077	986	984
1458	1482	1511	1504	1324	1033	981	962	926	984	974	978	984	971	990	1028	1032	995	998	1022	1144	1565	1758	1706	1637	1311	1052	994
1230	1348	1514	1406	1077	999	1015	1015	959	978	978	1000	1004	989	987	1027	1061	1052	994	993	1018	1130	1592	1761	1628	1533	1241	1057
1169	1254	1324	1076	1035	1064	1053	1041	996	988	983	1014	1022	1015	1014	1024	1060	1074	1042	969	975	999	1109	1626	1725	1538	1378	1191
1169	1180	1085	1063	1078	1084	1078	1041	1000	993	1012	1033	1034	1022	1016	1011	1005	1052	1062	996	941	980	979	1108	1641	1723	1512	1347
1077	1070	1069	1071	1067	1070	1067	1027	1003	1012	1043	1060	1050	1032	1015	1012	1003	1017	1055	1033	971	968	1013	1002	1043	1361	1554	1426
1015	1018	1053	1062	1051	1032	1035	1034	1012	1016	1047	1066	1061	1052	1038	1030	1021	1007	1044	1040	999	971	982	1007	1004	990	1042	1062
1178	1128	1106	1100	1091	1085	1095	1090	1091	1081	1067	1051	1049	1045	1043	1037	1028	1000	1020	1023	987	963	962	973	967	973	969	936
1348	1346	1325	1301	1273	1279	1264	1225	1221	1128	1023	1018	1032	1039	1037	1038	1026	993	983	986	952	944	944	947	956	961	1002	1003
1362	1354	1352	1362	1317	1321	1321	1317	1273	1115	1008	1031	1030	1046	1036	1032	1027	985	963	972	955	950	956	971	993	1033	1045	1042
1381	1404	1432	1402	1365	1356	1361	1339	1198	1055	1035	1053	1042	1031	1031	1017	1001	966	946	961	964	973	996	1027	1051	1063	1072	1061
1240	1338	1415	1363	1324	1299	1255	1175	1081	1067	1059	1063	1050	1024	1022	1014	1001	965	952	966	978	1010	1051	1075	1077	1076	1073	1066
1087	1116	1168	1163	1153	1129	1105	1088	1085	1089	1088	1083	1076	1048	1040	1032	1010	984	980	997	1032	1061	1073	1072	1071	1070	1067	1060
1089	1094	1086	1081	1083	1079	1083	1091	1091	1090	1092	1088	1080	1053	1043	1032	1001	996	1015	1051	1071	1076	1070	1071	1070	1068	1067	1068
1098	1094	1092	1084	1081	1087	1090	1087	1083	1081	1077	1079	1079	1056	1037	1030	1011	1024	1060	1075	1068	1071	1069	1066	1066	1062	1058	1059
1088	1090	1084	1067	1062	1092	1094	1091	1091	1094	1094	1091	1079	1061	1039	1032	1023	1058	1078	1080	1083	1084	1086	1088	1085	1083	1082	1075
1086	1077	1054	1020	1005	1064	1080	1085	1085	1085	1082	1075	1079	1076	1055	1049	1059	1082	1089	1089	1091	1086	1085	1088	1091	1090	1087	1090
1091	1055	993	965	959	1021	1057	1074	1079	1084	1084	1083	1087	1091	1072	1071	1090	1085	1085	1086	1085	1088	1091	1091	1089	1089	1088	1093
1091	1067	991	955	959	993	1043	1077	1086	1089	1090	1092	1088	1085	1077	1081	1093	1093	1096	1093	1091	1092	1091	1093	1092	1091	1092	1088
1081	1071	1042	1006	1007	1017	1044	1079	1087	1089	1096	1098	1095	1092	1086	1088	1094	1092	1089	1090	1091	1090	1086	1087	1083	1081	1074	1071
1058	1057	1062	1057	1054	1063	1072	1087	1094	1099	1100	1096	1098	1095	1092	1093	1094	1087	1083	1080	1077	1070	1066	1053	1050	1049	1034	1024
1061	1045	1066	1087	1096	1088	1082	1076	1074	1054	1012	997	959	1281	2023	2129	2055	2080	1764	1183	921	953	972	974	954	955	965	973
1043	1039	1057	1072	1078	1077	1064	1061	1050	1037	1001	983	989	948	1344	2080	2120	2012	1941	1613	1086	928	949	960	979	975	979	985
1035	1048	1082	1100	1088	1075	1076	1054	1039	1006	967	937	952	982	972	1441	2095	2046	1924	1841	1541	1085	933	948	971	978	982	994
1033	1058	1087	1081	1062	1065	1067	998	943	936	930	952	955	957	1001	1015	1536	2046	1950	1859	1773	1479	1079	940	981	970	973	997
1061	1081	1093	1072	1057	1060	1047	994	932	912	940	944	933	941	975	997	1063	1596	1933	1756	1727	1636	1348	1029	970	980	958	959
1070	1141	1188	1160	1146	1102	986	940	922	917	945	928	916	921	940	948	957	1077	1576	1815	1669	1693	1503	1206	1011	973	970	976
1242	1365	1333	1287	1262	1173	1043	924	913	939	948	926	918	927	954	983	985	997	1123	1583	1739	1640	1641	1390	1147	1005	972	989
1526	1490	1405	1444	1399	1205	1041	950	925	961	965	950	949	950	982	1020	1022	1015	1035	1152	1554	1681	1634	1589	1364	1114	1005	976
1412	1423	1457	1496	1345	1041	990	979	944	999	988	996	1002	991	1004	1037	1042	1006	992	1006	1107	1491	1699	1630	1586	1338	1117	1032
1222	1332	1459	1401	1101	1015	1043	1043	984	997	994	1007	1015	998	993	1028	1062	1063	1006	992	1007	1094	1509	1708	1556	1481	1263	1105
1144	1243	1334	1076	1026	1063	1054	1051	1008	997	984	1015	1030	1023	1024	1027	1051	1068	1047	974	969	992	1076	1547	1695	1478	1333	1216
1143	1146	1076	1042	1060	1073	1069	1043	1003	1001	1014	1034	1040	1026	1025	1031	1027	1063	1079	1021	949	979	980	1072	1562	1691	1453	1296
1061	1063	1055	1063	1061	1069	1071	1043	1011	1009	1034	1055	1048	1039	1023	1018	1007	1009	1047	1031	973	965	1011	1002	1014	1285	1489	1359
991	996	1043	1057	1052	1048	1057	1055	1030	1036	1066	1077	1064	1056	1042	1034	1028	1013	1047	1038	997	963	968	996	1002	983	1012	1044
1173	1105	1084	1092	1088	1103	1122	1127	1122	1113	1100	1060	1041	1036	1040	1036	1034	1007	1026	1034	1005	972	971	979	976	977	978	952
1391	1385	1343	1315	1296	1303	1276	1234	1233	1170	1070	1047	1041	1041	1040	1039	1035	1004	989	995	960	945	946	953	962	973	1014	1017
1407	1396	1407	1432	1381	1356	1342	1325	1299	1167	1026	1051	1044	1053	1042	1035	1029	993	964	977	957	946	947	963	979	1014	1025	1027
1423	1425	1459	1440	1397	1377	1382	1374	1261	1064	1024	1052	1048	1030	1032	1021	1007	974	947	956	959	965	990	1024	1043	1060	1069	1060
1283	1394	1442	1374	1342	1324	1303	1225	1090	1056	1062	1066	1058	1036	1031	1017	1008	968	950	960	979	1013	1053	1076	1081	1077	1073	1066
1085	1129	1194	1177	1169	1154	1131	1098	1091	1098	1097	1091	1076	1056	1045	1031	1009	976	970	989	1027	1060	1072	1066	1067	1066	1062	1052
1079	1083	1071	1073	1080	1077	1079	1090	1096	1099	1100	1097	1088	1062	1047	1035	1004	993	1014	1054	1072	1073	1066	1066	1062	1061	1059	1065
1095	1095	1089	1077	1072	1081	1089	1084	1081	1086	1080	1085	1083	1060	1038	1031	1012	1019	1059	1079	1073	1079	1078	1066	1069	1061	1056	1055
1083	1086	1076	1062	1051	1084	1087	1086	1087	1091	1094	1090	1079	1064	1040	1028	1014	1057	1073	1075	1076	1076	1079	1082	1076	1075	1077	1072
1086	1080	1063	1030	999	1049	1071	1079	1086	1088	1085	1082	1087	1073	1057	1044	1054	1083	1085	1088	1090	1087	1085	1086	1086	1082	1079	1083
1092	1058	1002	974	962	1025	1063	1080	1083	1088	1089	1082	1086	1095	1077	1070	1087	1088	1087	1087	1085	1086	1088	1086	1087	1089	1083	1087
1082	1064	992	950	954	989	1037	1071	1082	1086	1089	1093	1091	1084	1073	1073	1088	1087	1090	1089	1085	1087	1085	1088	1084	1083	1083	1081
1074	1062	1039	1001	1000	1006	1039	1071	1084	1088	1094	1098	1096	1094	1087	1086	1095	1087	1084	1078	1081	1084	1083	1081	1078	1075	1069	1070
1054	1047	1056	1049	1046	1054	1063	1082	1095	1100	1101	1100	1096	1091	1091	1087	1085	1080	1075	1077	1072	1068	1061	1047	1048	1048	1038	1027
1048	1102	1083	1095	1089	1092	1104	1075	1074	1097	1062	1046	1045	1205	1571	1608	1523	1484	1347	1084	937	948	957	968	976	987	986	994
1014	1067	1107	1122	1099	1102	1088	1066	1054	1064	1052	1051	1076	1053	1182	1491	1528	1472	1421	1278	1015	930	943	957	977	984	984	981
972	1041	1099	1182	1244	1195	1184	1142	1077	1059	1030	1032	1049	1044	1002	1178	1465	1454	1397	1357	1200	983	919	928	944	956	964	970
956	1028	1017	1314	1476	1362	1307	1210	1072	1003	999	1009	1014	1010	1013	996	1192	1406	1375	1342	1305	1154	985	922	940	944	950	967
922	971	1030	1455	1531	1438	1409	1308	996	976	999	1004	1017	1028	1020	1000	1010	1226	1364	1286	1269	1216	1091	966	926	933	933	936
821	933	1176	1394	1380	1338	1389	1163	990	999	1017	1026	1026	1026	1002	970	963	1005	1210	1303	1222	1219	1140	1035	955	926	929	935
825	1016	1144	1189	1203	1276	1219	982	998	1010	1019	1034	1035	1038	1005	994	988	987	1044	1236	1288	1209	1196	1099	1027	949	936	943
938	988	1033	1063	1119	1136	979	916	962	1017	1059	1079	1089	1072	1030	1014	1014	1002	1018	1064	1213	1252	1193	1172	1101	1004	938	964
922	920	929	980	988	909	857	885	925	1001	1050	1089	1110	1084	1046	1052	1046	1019	1020	1022	1034	1175	1251	1193	1178	1101	994	1139
800	845	878	903	807	786	810	844	884	992	1055	1075	1111	1124	1112	1095	1076	1059	1052	1021	988	994	1148	1230	1162	1133	1091	1289
732	788	821	727	731	785	779	831	878	992	1043	1095	1226	1252	1194	1113	1070	1070	1064	1009	981	957	970	1161	1244	1159	1127	1331
702	715	685	690	748	761	784	814	868	982	1045	1239	1361	1286	1204	1102	1049	1078	1078	1039	980	963	933	969	1191	1285	1217	1376
642	657	655	717	729	713	736	798	906	1000	1245	1450	1409	1312	1232	1067	1040	1048	1054	1039	986	940	943	943	956	1093	1245	1378
613	609	663	704	690	694	738	831	1009	1281	1497	1494	1361	1303	1188	1054	1060	1055	1064	1056	1022	954	930	943	967	1003	1031	1089
742	677	678	723	707	757	861	1055	1295	1419	1422	1377	1339	1226	1073	1053	1056	1044	1047	1052	1046	975	933	935	936	974	986	1000
958	946	920	926	932	1009	1155	1297	1366	1334	1368	1389	1266	1057	1005	1043	1056	1050	1045	1043	1026	966	921	925	954	1005	1045	1053
1034	1033	1053	1095	1118	1213	1333	1357	1373	1420	1377	1258	1053	1000	1030	1042	1047	1038	1026	1032	1017	951	922	981	1037	1057	1054	1054
1150	1160	1194	1221	1262	1333	1369	1368	1403	1378	1186	1024	1001	1016	1025	1025	1025	1018	1003	1011	988	953	1007	1057	1061	1063	1070	1067
1194	1319	1342	1331	1351	1335	1335	1304	1268	1129	1018	1019	1033	1028	1034	1028	1031	1020	1005	1002	1001	1039	1068	1074	1072	1062	1075	1073
1083	1169	1218	1216	1203	1168	1154	1135	1095	1066	1047	1053	1054	1039	1036	1036	1034	1013	986	1004	1045	1070	1071	1058	1054	1055	1060	1054
1073	1112	1100	1086	1101	1112	1112	1107	1098	1090	1074	1075	1058	1048	1045	1046	1034	1007	1012	1061	1076	1065	1055	1058	1061	1068	1061	1063
1096	1101	1096	1071	1092	1106	1104	1092	1081	1070	1059	1064	1061	1052	1057	1051	1031	1010	1059	1077	1057	1064	1075	1075	1074	1071	1067	1062
1083	1070	1056	1040	1051	1075	1074	1070	1065	1065	1070	1070	1070	1068	1059	1048	1018	1056	1075	1061	1063	1078	1080	1078	1077	1078	1076	1072
1082	1080	1064	1050	1038	1053	1063	1067	1071	1074	1073	1073	1081	1071	1060	1039	1038	1071	1067	1072	1087	1087	1087	1087	1086	1086	1078	1083
1082	1082	1051	1036	1013	1036	1062	1069	1071	1074	1078	1072	1073	1077	1064	1045	1066	1070	1075	1074	1079	1082	1084	1085	1086	1088	1080	1081
1080	1070	1019	986	967	1004	1067	1076	1082	1083	1085	1082	1082	1072	1054	1045	1072	1072	1076	1075	1079	1083	1080	1088	1086	1088	1089	1090
1083	1076	1034	978	967	1006	1070	1083	1090	1092	1094	1092	1089	1087	1068	1070	1085	1080	1075	1080	1086	1089	1087	1091	1086	1085	1084	1077
1074	1074	1075	1034	992	1005	1049	1079	1087	1086	1087	1091	1088	1088	1070	1068	1070	1061	1069	1080	1080	1080	1081	1072	1071	1070	1065	1064
920	993	1011	1124	1168	1195	1216	1182	1154	1119	1079	1073	1103	1133	1180	1158	1081	1007	1018	1007	964	955	955	969	993	1008	1000	1007
860	914	1003	1117	1170	1211	1215	1206	1153	1074	1071	1083	1122	1124	1066	1039	1047	1039	1014	1016	973	937	939	953	971	983	979	971
799	854	949	1133	1306	1285	1294	1258	1138	1070	1058	1078	1098	1081	1035	999	987	1000	996	985	949	921	915	917	924	939	951	952
771	828	810	1278	1560	1424	1383	1320	1112	1000	1005	1000	1016	1026	1019	1021	997	969	967	958	951	917	919	914	910	923	936	945
702	721	809	1440	1576	1457	1451	1369	963	947	957	969	1010	1045	1036	1066	1075	1030	980	950	939	914	905	920	901	901	915	918
551	624	944	1274	1274	1256	1413	1138	917	936	946	982	1011	1034	1046	1084	1086	1068	1007	940	916	893	885	905	912	896	906	920
453	600	798	900	932	1095	1103	856	900	910	922	970	1007	1036	1075	1113	1102	1096	1067	998	962	914	887	884	926	910	925	934
446	487	597	618	721	866	754	732	823	882	945	1003	1038	1059	1109	1126	1124	1115	1086	1023	974	942	890	873	901	925	913	974
493	440	428	466	579	665	612	658	743	822	916	973	1020	1070	1128	1153	1157	1143	1093	1041	997	955	925	879	872	918	919	1185
429	387	368	422	471	492	514	557	652	802	909	945	1032	1149	1202	1218	1200	1143	1084	1042	997	951	905	880	872	875	961	1367
394	353	342	375	410	460	464	542	626	794	891	971	1203	1315	1287	1250	1188	1104	1050	1032	1004	958	923	888	892	909	973	1410
344	318	313	347	413	421	464	519	617	777	871	1173	1408	1373	1320	1238	1140	1070	1057	1047	1008	968	926	912	914	952	1034	1471
302	290	292	364	380	374	397	508	666	813	1162	1468	1519	1436	1367	1190	1077	1055	1054	1044	1004	949	922	911	918	948	1050	1461
305	263	319	350	338	354	397	528	811	1185	1484	1525	1455	1439	1318	1106	1068	1073	1066	1059	1041	970	931	915	934	1003	1038	1192
377	309	322	362	338	398	537	794	1169	1356	1388	1421	1446	1361	1134	1068	1070	1069	1055	1056	1072	998	930	911	907	962	990	1046
552	478	471	500	523	631	850	1084	1237	1260	1378	1473	1367	1103	1008	1054	1069	1075	1075	1071	1074	1003	927	909	946	1014	1057	1072
649	596	628	663	734	900	1081	1152	1224	1397	1454	1316	1079	999	1039	1056	1061	1065	1068	1074	1067	983	923	981	1061	1074	1070	1073
815	770	812	856	950	1091	1157	1182	1315	1439	1233	1019	1000	1031	1035	1037	1044	1053	1049	1056	1025	968	1010	1064	1069	1066	1073	1072
974	1027	1045	1082	1162	1184	1195	1222	1277	1127	993	1012	1036	1039	1049	1051	1055	1060	1050	1041	1031	1058	1071	1075	1078	1079	1089	1080
959	1016	1056	1093	1104	1079	1079	1092	1055	1033	1028	1038	1050	1052	1056	1055	1052	1044	1015	1030	1063	1075	1089	1101	1100	1075	1065	1063
1011	1041	1035	1024	1044	1066	1072	1076	1083	1079	1059	1070	1064	1063	1060	1053	1054	1027	1020	1060	1072	1093	1110	1099	1073	1068	1063	1062
1123	1123	1093	1049	1078	1097	1096	1094	1091	1077	1075	1078	1071	1065	1064	1058	1045	1012	1053	1070	1099	1108	1085	1072	1067	1073	1075	1067
1138	1126	1104	1080	1104	1115	1110	1106	1095	1084	1091	1092	1086	1066	1061	1059	1029	1050	1073	1102	1096	1076	1070	1068	1072	1076	1074	1070
1111	1130	1118	1114	1127	1123	1120	1112	1111	1105	1103	1088	1072	1067	1066	1047	1038	1076	1093	1087	1079	1079	1079	1080	1079	1082	1075	1081
1072	1101	1099	1110	1110	1110	1113	1103	1097	1088	1078	1067	1065	1067	1059	1042	1080	1090	1075	1064	1074	1077	1076	1079	1080	1081	1076	1076
1071	1073	1044	1026	1004	1041	1097	1087	1086	1083	1084	1078	1081	1070	1057	1059	1079	1065	1068	1069	1078	1080	1076	1087	1087	1090	1093	1093
1080	1087	1038	977	962	1012	1090	1094	1096	1096	1096	1090	1088	1088	1073	1066	1074	1079	1076	1087	1092	1091	1089	1097	1092	1093	1095	1083
1083	1093	1088	1018	949	967	1044	1082	1086	1081	1081	1083	1084	1094	1059	1058	1067	1058	1073	1085	1087	1088	1094	1089	1087	1088	1086	1090
517	571	784	1200	1418	1480	1487	1494	1386	1093	1030	1053	1090	1102	1100	1075	1022	983	996	993	999	986	988	987	995	1001	996	997
406	435	609	1005	1330	1468	1522	1587	1423	1050	1022	1036	1077	1113	1102	1065	1016	1018	1003	1000	998	945	942	954	964	957	953	948
376	362	509	825	1140	1274	1366	1397	1241	1000	1015	1010	1037	1072	1087	1068	1036	1058	1047	1012	1001	970	927	922	932	946	952	950
337	349	407	663	867	938	1067	1165	957	857	882	873	914	975	1033	1143	1192	1176	1125	1049	1022	998	950	926	918	925	945	949
311	293	364	554	642	676	770	852	744	737	728	751	820	921	1006	1266	1375	1285	1176	1070	1040	1016	979	938	920	913	913	918
269	266	372	453	485	531	582	577	575	587	603	658	743	837	1045	1363	1415	1385	1234	1077	1062	1036	997	953	929	920	933	974
248	257	306	366	359	409	415	390	451	482	504	558	677	791	1170	1438	1431	1427	1286	1088	1065	1038	1009	957	943	938	981	1017
271	246	243	283	298	315	298	316	366	398	438	516	602	767	1241	1470	1469	1478	1317	1093	1051	1033	1001	956	945	979	999	1038
277	231	220	226	280	304	255	265	299	344	424	463	547	845	1281	1417	1476	1471	1229	1044	1038	1025	1013	965	925	966	985	1073
247	224	258	231	233	217	252	239	260	306	385	446	618	950	1197	1423	1521	1398	1078	1031	1055	1037	1010	970	925	923	960	1172
291	185	200	201	196	201	226	261	239	278	349	462	714	988	1183	1454	1479	1199	975	1019	1036	1035	1012	970	928	908	970	1388
249	187	176	194	195	190	229	236	242	267	330	537	825	1041	1255	1479	1366	1023	1011	1041	1016	1017	1008	963	947	936	1006	1581
210	201	196	178	175	253	232	279	258	323	463	634	1020	1179	1285	1432	1110	985	1033	1038	1020	1025	1017	952	925	938	998	1685
222	184	231	177	192	234	197	222	332	384	491	687	1058	1271	1363	1215	1023	1031	1033	1021	1029	1030	1009	948	922	953	1011	1425
235	256	254	201	193	205	259	269	461	517	595	846	1077	1309	1238	1072	1063	1056	1021	1029	1056	1056	1013	942	926	934	987	1085
284	209	212	226	242	275	302	373	601	721	772	961	1156	1207	1105	1081	1064	1038	1024	1041	1057	1054	996	929	942	973	1019	1046
299	244	301	289	317	389	430	530	673	806	894	1035	1153	1127	1101	1082	1057	1033	1036	1060	1071	1053	970	939	985	1015	1050	1066
378	318	388	376	426	546	628	718	802	914	1000	1081	1119	1110	1084	1057	1048	1044	1042	1051	1056	1033	976	1004	1046	1064	1080	1068
459	434	483	511	647	770	779	861	921	966	1042	1113	1112	1100	1087	1083	1062	1046	1041	1050	1061	1056	1046	1080	1117	1156	1130	1084
545	526	581	687	780	827	852	913	953	1031	1106	1100	1096	1126	1131	1089	1036	1038	1051	1061	1067	1062	1139	1235	1252	1151	1089	1085
812	784	793	830	851	869	896	966	1050	1089	1091	1114	1151	1139	1100	1037	1034	1049	1049	1040	1053	1185	1283	1227	1098	1044	1062	1062
1216	1180	1079	1010	1003	1028	1053	1095	1131	1147	1170	1166	1146	1113	1032	1023	1040	1039	1035	1054	1252	1265	1119	1040	1036	1049	1070	1066
1326	1315	1279	1240	1251	1251	1244	1244	1230	1194	1199	1197	1147	1043	1020	1042	1046	1034	1065	1245	1212	1060	1035	1041	1049	1061	1069	1065
1218	1261	1267	1247	1281	1292	1286	1261	1251	1218	1210	1146	1058	1055	1078	1078	1070	1115	1203	1165	1063	1056	1056	1057	1059	1062	1068	1075
1063	1097	1122	1174	1260	1288	1255	1224	1194	1154	1100	1070	1072	1081	1079	1091	1166	1183	1102	1061	1071	1071	1065	1067	1068	1064	1069	1072
1040	1069	1051	1052	1073	1102	1108	1100	1092	1089	1091	1095	1100	1090	1107	1154	1128	1072	1074	1083	1083	1081	1076	1082	1082	1079	1086	1085
1048	1080	1059	1024	1018	1022	1074	1094	1094	1100	1100	1099	1101	1105	1126	1083	1063	1090	1096	1091	1092	1083	1084	1088	1086	1092	1093	1083
1062	1078	1078	1006	948	964	1057	1094	1101	1098	1096	1087	1089	1114	1070	1063	1080	1091	1091	1090	1087	1083	1081	1076	1082	1084	1086	1083
297	310	488	819	1026	1129	1183	1210	1101	856	827	829	860	894	936	1118	1221	1239	1236	1127	1034	992	970	964	963	964	966	973
222	211	345	640	911	1042	1135	1196	1058	777	750	742	770	818	881	1054	1192	1248	1253	1168	1041	981	932	930	942	939	935	931
219	167	271	481	726	828	913	963	874	695	706	691	699	747	807	985	1140	1206	1266	1174	1030	1013	953	909	919	940	945	936
191	166	225	310	412	509	622	721	617	578	597	574	607	669	741	967	1123	1211	1291	1190	1050	1034	994	930	910	920	958	954
184	138	177	194	251	282	354	445	465	474	459	487	538	603	704	989	1161	1211	1276	1176	1071	1055	1018	961	911	908	934	935
176	131	160	146	189	215	213	278	349	334	343	379	455	537	716	1022	1142	1216	1248	1152	1093	1074	1030	982	921	926	959	1009
187	146	139	162	144	162	176	196	269	261	263	303	394	487	803	1058	1122	1207	1221	1123	1095	1069	1037	992	936	958	1016	1058
204	176	168	167	151	152	133	166	166	181	212	266	325	448	839	1046	1124	1217	1233	1122	1101	1063	1020	985	957	1022	1054	1076
194	190	196	146	181	184	128	128	136	153	200	225	282	515	860	983	1106	1207	1183	1095	1097	1052	1025	991	967	1033	1047	1061
177	215	215	172	158	130	181	154	133	138	184	212	337	579	769	968	1130	1182	1088	1092	1108	1060	1046	1008	987	1006	1014	1101
229	157	165	161	137	130	193	165	117	117	139	230	370	571	742	988	1107	1073	1025	1078	1090	1089	1063	1020	1000	980	1016	1272
200	156	148	150	140	164	162	128	124	102	122	261	443	629	809	1027	1073	996	1051	1087	1119	1091	1057	1020	1020	991	1033	1420
176	170	168	130	135	212	167	196	127	139	167	263	605	721	816	1029	959	1017	1069	1155	1170	1093	1060	1017	1006	1005	1025	1513
191	168	223	198	186	177	169	142	154	152	150	287	614	818	909	973	992	1067	1121	1227	1154	1072	1051	1012	990	1000	1031	1339
198	249	252	200	172	192	204	98	190	216	259	423	623	870	935	963	1081	1113	1253	1233	1140	1074	1061	1008	992	991	1018	1069
215	165	146	146	146	174	124	123	282	366	376	516	708	881	921	1039	1099	1237	1303	1202	1107	1081	1058	996	994	1008	1028	1035
212	186	195	161	167	181	163	232	339	406	453	602	795	885	962	1083	1222	1330	1252	1182	1094	1093	1032	982	993	1018	1050	1057
222	176	230	196	208	267	320	394	446	492	613	743	841	919	1032	1202	1335	1302	1232	1130	1085	1072	1009	1022	1053	1069	1088	1087
246	195	239	255	333	428	437	497	530	610	712	792	878	1000	1185	1306	1317	1263	1166	1069	1080	1069	1059	1089	1120	1171	1194	1200
323	278	312	383	448	494	514	565	613	673	765	819	966	1212	1310	1319	1287	1202	1088	1071	1079	1067	1134	1218	1283	1272	1220	1220
540	485	486	524	542	541	559	613	693	736	810	991	1234	1300	1298	1295	1221	1083	1041	1043	1058	1168	1261	1272	1247	1211	1184	1154
1097	916	767	695	674	684	706	747	820	938	1132	1270	1298	1291	1263	1202	1075	1025	1034	1056	1232	1261	1187	1185	1187	1169	1147	1120
1433	1386	1272	1169	1120	1072	1065	1107	1183	1251	1310	1305	1287	1265	1175	1067	1031	1031	1059	1243	1244	1116	1118	1125	1114	1111	1098	1079
1355	1427	1394	1349	1374	1373	1356	1339	1345	1311	1303	1288	1236	1172	1080	1061	1064	1104	1227	1240	1105	1078	1065	1054	1055	1060	1071	1073
1069	1184	1253	1301	1373	1401	1366	1336	1318	1276	1223	1179	1117	1072	1074	1094	1170	1266	1227	1120	1070	1055	1053	1060	1061	1065	1074	1077
1029	1056	1060	1083	1132	1189	1210	1180	1139	1115	1106	1093	1088	1089	1123	1206	1280	1249	1125	1072	1066	1070	1077	1080	1081	1081	1088	1087
1043	1066	1064	1053	1048	1038	1076	1090	1083	1084	1089	1096	1096	1128	1210	1258	1269	1144	1080	1074	1080	1079	1081	1082	1086	1089	1094	1086
1039	1065	1067	1021	986	999	1059	1082	1085	1087	1098	1089	1122	1236	1244	1263	1157	1077	1081	1086	1081	1081	1078	1079	1086	1086	1089	1082
177	190	205	242	323	448	561	591	530	504	533	497	512	576	695	1125	1412	1504	1506	1288	1058	988	935	929	920	917	922	942
186	179	203	198	233	288	395	408	371	385	380	344	351	389	512	940	1331	1457	1507	1355	1076	1030	931	908	922	927	922	918
208	190	193	181	246	209	238	271	294	298	290	276	254	285	365	763	1146	1265	1426	1310	1028	1046	992	902	906	927	932	914
201	191	204	179	183	191	186	190	232	268	263	230	232	262	310	604	839	1044	1313	1245	1025	1036	1043	947	912	915	974	961
200	168	174	205	237	197	171	177	200	224	217	240	246	228	290	455	639	880	1190	1159	1018	1042	1046	1011	917	904	967	962
186	152	193	191	228	208	177	186	227	184	182	178	205	234	260	365	536	738	1041	1085	1006	1031	1043	1030	930	930	985	1035
203	187	188	187	174	210	235	194	272	203	171	184	191	204	234	327	471	658	922	1033	1027	1033	1051	1045	950	976	1039	1074
197	213	275	198	188	236	169	204	160	161	190	196	192	172	203	258	421	598	904	1041	1068	1055	1041	1028	978	1052	1090	1099
182	247	278	169	210	218	166	171	164	162	173	185	185	183	187	233	388	603	957	1081	1091	1075	1055	1030	1018	1095	1105	1102
168	283	210	196	192	169	238	215	181	188	202	173	184	177	175	214	378	678	1015	1095	1093	1086	1093	1056	1057	1093	1098	1098
188	210	193	203	181	179	277	191	172	189	160	199	172	178	187	218	398	775	1044	1080	1113	1156	1132	1078	1082	1081	1089	1103
174	183	185	178	190	252	200	145	181	163	151	238	237	237	222	258	499	906	1043	1076	1236	1201	1126	1092	1098	1077	1090	1111
173	179	186	170	197	216	173	212	177	164	167	219	297	224	212	319	672	1012	1043	1245	1353	1186	1110	1089	1106	1101	1094	1125
189	191	256	314	253	189	250	199	177	279	252	205	219	273	244	531	895	1048	1172	1465	1336	1142	1090	1077	1086	1091	1075	1078
218	260	277	279	224	303	279	158	214	272	244	167	201	278	424	744	1016	1111	1495	1489	1279	1104	1083	1078	1071	1083	1067	1023
255	258	203	190	179	230	186	184	203	185	172	189	202	349	564	885	1061	1431	1636	1422	1208	1102	1098	1077	1069	1079	1064	1032
268	306	230	198	201	184	166	173	192	184	160	164	244	443	675	981	1350	1665	1526	1349	1139	1101	1087	1066	1048	1058	1062	1045
220	230	249	220	203	190	196	208	241	202	206	229	363	564	855	1279	1625	1607	1468	1244	1106	1084	1074	1081	1074	1077	1095	1117
199	201	228	228	194	191	201	194	195	206	219	275	475	762	1189	1489	1596	1531	1331	1098	1084	1086	1088	1097	1100	1142	1269	1377
205	212	212	199	176	176	176	178	195	176	239	374	702	1181	1406	1543	1591	1406	1126	1068	1090	1081	1094	1113	1224	1363	1411	1417
230	216	198	210	220	195	189	180	209	231	380	735	1191	1372	1474	1602	1455	1120	1020	1059	1076	1089	1124	1242	1404	1420	1372	1297
862	485	326	269	253	241	241	254	348	563	941	1253	1370	1444	1548	1431	1124	1000	1044	1068	1113	1155	1244	1374	1384	1323	1270	1206
1496	1270	1070	905	793	694	683	773	958	1166	1299	1319	1393	1532	1379	1105	1006	1036	1057	1149	1206	1191	1235	1239	1208	1181	1147	1104
1508	1488	1388	1320	1320	1292	1262	1267	1307	1305	1319	1405	1448	1313	1075	1023	1039	1066	1183	1277	1162	1117	1092	1069	1070	1079	1081	1074
1084	1269	1370	1384	1384	1396	1378	1367	1386	1370	1348	1301	1163	1051	1053	1067	1117	1300	1353	1190	1071	1044	1054	1067	1070	1084	1085	1086
1029	1041	1066	1104	1162	1251	1317	1261	1187	1138	1114	1076	1058	1070	1109	1207	1423	1450	1184	1058	1048	1062	1085	1089	1091	1095	1096	1095
1051	1051	1059	1064	1058	1053	1081	1078	1067	1060	1071	1082	1076	1140	1274	1451	1516	1208	1062	1058	1072	1084	1086	1086	1094	1090	1095	1090
1015	1052	1056	1048	1040	1047	1053	1054	1053	1061	1085	1082	1150	1363	1441	1498	1253	1060	1072	1086	1079	1084	1084	1091	1096	1093	1094	1085
184	174	174	180	196	234	271	294	249	261	294	293	284	296	352	570	773	972	1159	1171	1085	1059	989	936	892	890	922	940
184	187	183	165	158	161	207	207	180	205	246	223	217	207	249	468	642	803	1002	1102	1079	1099	1020	953	906	889	924	929
264	246	193	171	213	142	158	163	195	200	195	186	165	169	196	367	543	640	814	953	1014	1101	1067	962	911	897	924	926
227	202	194	202	187	150	138	130	193	215	184	198	157	163	181	318	392	491	670	785	949	1083	1113	1045	982	900	947	968
199	158	167	193	190	261	168	157	165	174	193	200	177	168	190	224	302	412	563	648	847	1044	1183	1189	1060	928	962	992
178	159	179	167	209	285	163	178	180	183	193	166	161	216	227	190	293	371	490	579	777	1015	1278	1260	1090	968	995	1043
191	188	178	178	166	196	210	190	267	214	184	171	173	174	175	189	240	318	436	552	767	1042	1383	1341	1126	1008	1024	1075
190	200	340	200	168	199	183	250	216	168	185	172	180	134	144	202	225	290	424	587	760	1145	1450	1371	1139	1060	1081	1098
181	226	271	156	177	183	206	204	159	158	163	163	166	140	136	205	218	288	466	627	761	1307	1503	1373	1156	1089	1102	1103
194	223	169	178	202	182	276	207	180	184	177	163	157	142	112	129	189	310	492	612	818	1426	1501	1360	1150	1096	1097	1097
188	188	163	201	201	173	242	179	188	183	169	188	142	142	132	136	205	365	508	597	971	1456	1489	1295	1106	1089	1088	1096
167	161	180	189	206	208	181	183	216	142	191	207	150	146	143	181	238	455	540	653	1174	1496	1454	1235	1076	1086	1092	1096
179	180	197	174	207	165	179	214	159	158	205	162	169	143	165	206	328	499	558	851	1350	1514	1402	1127	1071	1087	1084	1103
181	191	225	255	215	314	261	152	155	228	292	146	144	167	141	258	439	536	686	1128	1426	1469	1254	1043	1066	1084	1077	1086
202	200	218	213	214	419	224	130	160	218	207	146	153	164	220	365	479	633	979	1334	1435	1361	1105	1057	1070	1079	1071	1063
213	261	201	180	209	190	156	175	180	177	134	150	137	206	278	413	552	882	1241	1388	1400	1200	1066	1075	1068	1078	1066	1062
223	308	191	195	220	173	154	151	186	131	118	138	147	221	323	478	798	1181	1365	1363	1263	1069	1067	1064	1054	1070	1064	1061
201	191	224	206	186	165	181	179	185	143	140	143	203	291	415	666	1086	1351	1369	1296	1116	1055	1069	1076	1062	1069	1080	1091
181	183	252	227	193	179	188	147	186	169	140	162	252	386	577	915	1277	1384	1314	1174	1065	1073	1077	1083	1088	1108	1157	1191
191	191	202	203	175	149	149	109	143	137	154	229	353	570	811	1174	1371	1312	1195	1076	1074	1059	1066	1080	1130	1188	1207	1212
227	175	157	171	172	146	145	119	139	148	218	383	583	788	1110	1349	1298	1162	1059	1061	1060	1057	1074	1139	1213	1227	1206	1170
475	275	205	176	183	178	157	164	218	287	448	636	860	1124	1315	1268	1131	1051	1056	1060	1068	1096	1149	1214	1225	1194	1177	1145
865	670	540	473	419	374	348	388	479	592	737	930	1153	1296	1233	1098	1037	1036	1045	1075	1112	1122	1144	1153	1152	1145	1129	1125
1069	993	863	809	798	762	730	736	827	948	1075	1202	1263	1200	1078	1039	1033	1040	1083	1134	1103	1091	1097	1100	1128	1153	1142	1147
1035	1119	1128	1105	1097	1102	1079	1100	1169	1212	1217	1191	1125	1060	1040	1034	1048	1130	1159	1114	1079	1093	1118	1125	1146	1141	1124	1152
1049	1051	1087	1112	1133	1171	1205	1182	1152	1123	1098	1075	1047	1027	1034	1084	1188	1218	1138	1104	1102	1114	1136	1144	1148	1138	1132	1162
1058	1005	1015	1039	1054	1053	1069	1067	1072	1071	1068	1045	1019	1056	1134	1228	1277	1185	1160	1129	1119	1123	1129	1128	1125	1117	1099	1105
1036	1001	1016	1015	1016	1004	1013	1001	1014	1021	1019	1010	1051	1168	1224	1293	1254	1191	1178	1144	1120	1106	1092	1092	1093	1088	1089	1094
192	197	182	194	190	168	146	173	121	141	160	177	158	133	132	177	248	444	693	852	904	967	1066	1081	1057	970	933	944
184	204	182	197	193	160	165	158	124	135	185	180	169	134	121	148	139	271	491	702	861	957	1071	1118	1100	996	937	939
276	274	195	194	235	169	188	169	190	180	175	171	156	143	132	113	113	177	296	540	795	928	1065	1126	1114	1017	940	939
231	239	202	231	218	186	217	177	215	211	166	198	149	141	134	154	113	115	179	365	709	900	1064	1167	1184	1030	947	969
192	158	218	224	162	315	202	179	177	170	199	193	161	168	187	159	128	120	126	241	583	846	1120	1283	1279	1056	962	993
192	167	189	210	197	312	166	187	167	191	211	178	158	216	256	165	185	165	121	207	509	807	1222	1337	1297	1066	992	1031
196	185	174	222	168	189	190	186	246	225	196	176	179	181	196	169	150	137	126	208	477	836	1340	1415	1309	1069	1008	1064
191	184	336	202	154	164	203	260	237	186	186	163	183	149	172	233	166	140	139	255	450	951	1414	1446	1288	1072	1061	1083
181	206	238	145	156	176	284	214	156	160	167	156	176	157	193	267	192	152	147	262	433	1141	1471	1457	1264	1070	1086	1089
204	169	147	161	204	188	269	192	170	171	160	168	172	179	184	178	161	134	129	239	510	1288	1465	1454	1206	1074	1088	1090
182	161	143	190	205	174	207	170	186	169	167	180	155	176	172	167	150	135	145	232	688	1298	1454	1370	1115	1076	1084	1087
165	150	174	194	207	175	165	198	217	138	224	185	131	152	167	237	157	141	174	299	874	1352	1469	1295	1062	1077	1091	1084
183	178	191	181	204	135	179	203	144	156	287	146	129	152	197	211	130	144	202	454	1033	1410	1448	1149	1046	1060	1078	1085
174	186	190	195	177	388	355	120	146	184	288	131	151	161	150	124	128	168	288	687	1179	1434	1289	1043	1047	1056	1078	1088
186	162	172	164	199	432	230	138	145	184	194	174	176	158	138	124	115	256	470	926	1230	1367	1112	1057	1055	1052	1072	1086
185	296	207	173	223	161	157	179	187	197	146	167	161	172	131	107	185	394	724	1048	1275	1195	1055	1075	1051	1053	1067	1079
206	290	192	198	230	177	169	170	194	143	152	177	156	144	131	135	325	637	954	1110	1204	1050	1064	1064	1048	1058	1064	1070
188	165	217	195	176	165	193	189	176	162	177	159	159	160	140	201	533	887	1027	1146	1080	1051	1075	1071	1047	1055	1069	1075
182	182	265	234	207	201	206	167	219	206	156	165	154	155	150	403	793	1004	1093	1127	1055	1084	1084	1072	1072	1080	1081	1071
193	191	216	237	211	179	179	130	178	187	159	185	147	147	321	702	953	1058	1133	1064	1080	1082	1067	1069	1069	1051	1074	1078
221	199	183	197	183	167	167	149	171	163	166	174	156	313	662	917	1013	1117	1080	1081	1105	1080	1056	1066	1060	1060	1095	1087
224	186	179	187	195	199	186	166	194	149	139	208	414	701	901	981	1073	1097	1087	1111	1106	1072	1064	1077	1083	1079	1109	1101
405	229	188	209	209	203	174	168	190	186	295	531	777	897	965	1034	1075	1075	1109	1104	1077	1055	1065	1079	1096	1101	1108	1128
666	516	417	383	373	346	315	322	411	565	728	846	913	965	1028	1067	1079	1123	1110	1078	1052	1066	1097	1116	1148	1170	1157	1169
892	811	764	728	722	729	698	732	816	894	929	948	976	1014	1055	1091	1109	1093	1081	1064	1081	1121	1146	1149	1173	1154	1132	1169
1153	1051	973	940	924	921	927	939	962	974	978	995	1008	1050	1098	1115	1088	1095	1101	1116	1127	1135	1153	1160	1161	1139	1131	1178
1158	1149	1139	1099	1053	1008	994	990	1017	1042	1065	1069	1097	1118	1112	1115	1114	1141	1186	1155	1137	1136	1143	1141	1131	1119	1107	1195
1167	1119	1113	1140	1149	1123	1129	1118	1130	1140	1115	1084	1089	1106	1117	1133	1191	1230	1211	1161	1136	1116	1099	1098	1102	1129	1189	1270
199	229	159	161	189	181	167	219	135	170	167	154	145	134	127	204	162	188	262	339	428	618	1146	1405	1489	1194	963	960
188	203	159	190	201	158	176	158	119	159	158	161	155	145	161	170	177	204	225	242	342	510	1039	1428	1590	1316	970	946
206	237	164	165	192	159	192	159	175	178	163	161	149	140	138	128	140	181	173	214	294	425	939	1414	1586	1357	1003	954
192	302	220	200	193	232	346	225	211	191	153	143	143	135	111	152	143	134	136	181	256	382	838	1297	1550	1367	994	959
176	169	337	295	141	280	213	169	178	164	174	162	148	150	223	247	144	145	154	157	235	366	738	1211	1556	1321	971	941
249	166	231	343	192	216	162	178	169	155	174	154	142	146	241	217	176	172	139	183	242	321	680	1134	1513	1238	967	983
235	175	181	337	178	190	181	168	192	198	159	159	151	155	175	144	147	138	147	196	218	315	658	1090	1444	1165	993	1028
208	170	231	203	153	154	225	201	170	197	173	148	155	160	149	172	159	137	201	229	233	325	618	1039	1367	1099	1021	1042
180	205	190	143	159	220	401	181	153	161	169	150	191	161	217	239	213	202	173	174	224	341	618	1069	1298	1054	1047	1051
186	160	160	152	194	183	195	175	151	147	152	170	192	200	285	218	203	207	151	190	250	365	677	1159	1199	1042	1066	1072
166	145	150	174	186	191	201	169	158	148	137	155	161	187	189	154	148	208	213	201	262	413	768	1189	1122	1060	1076	1075
174	166	172	191	190	190	164	165	166	168	225	159	156	194	181	275	251	150	172	188	295	521	952	1208	1094	1065	1083	1076
183	167	159	196	192	152	163	168	144	157	395	169	147	153	164	209	169	187	188	216	333	613	1063	1161	1080	1050	1081	1078
173	181	167	187	167	349	578	133	154	182	210	149	166	159	144	148	147	173	197	287	483	795	1099	1124	1068	1027	1077	1079
170	178	169	181	192	287	355	207	190	187	199	178	174	160	143	142	160	187	223	291	505	937	1097	1115	1050	1023	1071	1077
187	392	234	179	204	166	213	202	200	184	161	159	170	180	172	151	185	243	276	355	667	1017	1100	1103	1036	1016	1064	1072
240	268	260	211	216	190	209	213	161	177	199	172	181	215	200	161	193	279	334	526	854	1065	1110	1092	1039	1020	1060	1069
186	172	236	184	162	170	194	192	173	205	246	193	191	213	197	185	239	317	450	726	982	1096	1115	1085	1035	1037	1068	1075
221	194	231	226	183	190	183	192	199	229	179	215	188	186	197	235	274	427	644	886	1066	1137	1128	1074	1053	1063	1073	1072
225	191	220	243	205	190	185	176	219	218	162	197	184	195	220	282	429	676	874	1023	1127	1178	1109	1071	1074	1061	1072	1077
211	234	217	224	186	191	176	188	219	185	194	211	188	221	277	416	675	945	1054	1128	1245	1171	1063	1068	1079	1060	1082	1083
223	210	189	246	212	219	257	178	221	188	205	259	259	292	401	645	934	1110	1141	1254	1246	1094	1049	1087	1082	1074	1087	1088
262	192	212	255	263	243	227	218	268	194	220	262	329	436	641	905	1103	1166	1284	1279	1151	1040	1070	1085	1086	1078	1084	1099
327	262	268	251	253	256	225	239	242	271	329	381	460	640	899	1096	1192	1357	1339	1210	1049	1062	1096	1101	1099	1087	1089	1096
578	361	346	338	330	353	313	330	373	436	505	594	697	880	1106	1282	1362	1318	1276	1099	1072	1098	1103	1109	1105	1089	1080	1097
1410	1028	664	519	481	482	487	517	581	645	719	799	925	1176	1380	1409	1306	1267	1112	1060	1087	1090	1106	1104	1094	1071	1058	1101
1432	1569	1515	1294	1062	906	834	820	867	943	1057	1188	1375	1417	1329	1294	1219	1097	1072	1091	1094	1100	1103	1101	1091	1077	1120	1424
1501	1486	1413	1507	1528	1498	1476	1485	1467	1488	1458	1390	1361	1337	1303	1181	1066	1090	1105	1101	1104	1103	1103	1115	1133	1238	1480	1753
201	208	150	145	182	160	162	201	151	182	166	152	160	161	156	224	140	118	124	156	217	353	745	1024	1298	1286	1002	970
174	197	165	183	190	206	199	161	129	164	151	162	158	202	176	173	167	158	152	122	155	269	637	981	1301	1337	1011	963
184	204	154	173	181	292	239	144	170	170	154	168	152	182	167	141	151	189	146	119	135	215	559	927	1237	1335	1037	982
181	264	188	203	186	232	316	209	189	174	147	136	148	164	149	146	157	148	123	118	112	172	503	814	1144	1320	1037	991
264	241	300	270	157	220	190	182	184	164	161	151	159	138	275	271	138	153	163	144	129	171	394	711	1099	1267	1022	976
334	184	228	331	201	179	172	191	165	161	165	150	151	151	210	205	163	180	162	173	148	144	324	640	1047	1179	1016	1008
213	170	176	412	269	183	200	193	175	180	188	165	171	177	171	145	157	154	151	174	136	134	290	600	1000	1123	1030	1041
202	173	193	229	193	263	238	174	159	193	189	157	169	170	150	156	171	156	192	188	154	122	246	560	978	1078	1042	1070
190	194	197	161	155	256	341	161	156	170	170	149	204	180	205	201	196	187	178	164	159	106	254	591	962	1044	1082	1112
191	179	185	166	197	169	179	167	156	145	150	215	268	226	261	203	221	219	186	185	165	93	293	676	935	1037	1142	1140
176	185	190	179	182	186	194	182	177	168	223	204	172	185	184	186	240	224	214	167	125	131	361	742	920	1095	1220	1147
215	216	182	191	182	187	170	177	159	198	293	138	171	185	177	258	249	145	182	187	128	212	523	805	933	1203	1248	1135
198	169	176	187	189	179	216	169	158	161	317	164	162	178	176	184	171	189	171	160	126	262	615	826	996	1295	1249	1130
175	174	163	185	176	294	719	182	158	195	216	164	176	177	169	199	187	186	166	152	211	390	672	829	1139	1338	1226	1104
174	199	289	197	172	194	317	207	200	215	236	172	182	174	161	164	182	167	161	117	215	515	720	896	1313	1326	1178	1085
178	354	312	205	186	161	192	199	208	207	231	161	181	220	174	152	160	172	130	134	334	613	765	1098	1381	1266	1117	1079
217	221	245	258	201	167	189	206	162	198	233	178	196	247	193	181	185	172	136	245	462	675	869	1336	1360	1195	1080	1079
182	201	279	222	157	167	174	182	177	205	236	196	194	206	190	212	172	140	210	394	587	718	1112	1435	1304	1112	1072	1079
239	249	232	209	170	180	169	188	190	209	186	212	190	182	195	184	129	210	366	529	669	918	1383	1401	1211	1066	1077	1080
220	184	207	228	202	191	182	186	201	227	185	191	187	181	172	167	226	385	515	633	802	1274	1444	1322	1109	1070	1078	1080
203	228	211	217	204	202	193	249	222	211	212	203	197	171	149	218	406	582	667	769	1187	1440	1384	1178	1064	1072	1081	1081
202	201	190	235	196	202	269	234	197	176	199	237	236	166	196	376	583	713	790	1137	1439	1421	1256	1077	1073	1081	1080	1084
210	183	223	261	228	220	217	194	237	192	201	189	195	240	369	562	734	837	1155	1429	1425	1333	1107	1065	1078	1081	1082	1087
207	178	233	193	190	209	194	182	177	196	223	218	255	378	556	729	913	1247	1463	1429	1359	1141	1062	1080	1081	1072	1077	1081
372	201	209	193	184	217	187	171	223	246	293	342	415	548	757	1052	1332	1447	1440	1375	1167	1058	1080	1086	1083	1074	1073	1078
1171	752	405	290	274	269	264	290	356	387	442	492	584	856	1230	1425	1416	1422	1352	1151	1053	1074	1084	1078	1079	1069	1061	1082
1340	1424	1256	985	745	601	532	519	546	608	706	845	1095	1343	1391	1361	1362	1304	1110	1051	1076	1082	1084	1080	1081	1075	1107	1316
1418	1459	1387	1417	1376	1297	1234	1224	1202	1238	1260	1300	1365	1384	1372	1322	1189	1049	1038	1069	1079	1081	1090	1098	1117	1193	1383	1682
207	192	179	170	172	133	152	161	169	183	167	163	181	194	195	233	160	155	153	164	169	177	201	371	776	1196	1039	983
155	184	178	195	215	276	222	170	145	161	161	176	168	256	180	173	151	141	185	182	167	182	150	266	648	1113	1047	994
182	178	175	195	185	430	278	128	169	161	152	180	160	227	195	157	166	204	180	160	168	184	143	183	533	1050	1049	1027
182	215	167	215	184	203	211	164	162	158	147	153	159	195	212	159	171	167	142	135	145	148	185	154	430	1005	1063	1052
384	326	194	202	184	158	158	196	189	165	158	153	177	143	355	269	133	159	167	170	159	149	142	123	371	976	1073	1061
417	201	198	243	210	178	184	205	161	186	187	168	172	190	179	165	155	187	186	178	157	149	130	120	340	929	1077	1080
170	167	168	417	365	181	219	225	181	172	233	179	203	209	174	160	171	175	154	158	153	147	139	136	357	928	1073	1092
187	185	191	260	309	397	231	168	179	184	208	171	196	182	165	163	188	179	159	154	158	160	144	149	419	939	1075	1145
208	185	221	195	162	274	208	152	163	181	168	152	213	199	196	181	167	153	174	189	182	180	180	166	482	936	1133	1224
207	204	214	191	198	156	189	167	168	155	156	258	332	238	188	187	226	200	215	202	183	172	168	201	555	945	1243	1253
196	242	233	190	182	171	189	198	226	218	322	261	182	178	170	222	335	207	187	145	154	182	167	254	603	1038	1405	1261
264	261	193	189	179	177	173	204	185	248	359	131	184	162	166	213	200	141	194	231	187	199	214	319	650	1255	1461	1231
218	178	209	170	188	203	320	195	171	179	186	157	187	211	199	154	158	175	159	197	185	182	221	373	787	1472	1466	1216
180	171	196	198	190	250	767	231	161	213	252	171	177	195	199	240	221	200	171	169	186	170	217	394	1095	1618	1426	1152
184	214	428	209	157	158	203	175	191	239	268	163	197	191	181	182	192	176	199	187	179	178	243	542	1476	1630	1328	1103
165	250	369	227	181	158	143	181	204	229	294	167	200	277	176	152	145	165	161	174	189	190	309	962	1656	1549	1198	1089
173	171	189	296	190	134	154	177	175	201	242	184	197	246	162	208	236	202	171	159	132	178	500	1451	1651	1419	1112	1092
177	227	304	264	158	161	154	167	182	183	187	182	180	175	165	252	224	186	177	170	140	217	975	1692	1582	1226	1078	1084
246	302	239	188	163	173	165	170	190	173	182	183	179	174	181	202	187	205	219	187	168	564	1505	1690	1398	1087	1083	1090
202	182	189	199	196	184	173	181	198	217	207	181	180	166	172	224	210	195	182	167	350	1205	1687	1572	1158	1076	1087	1086
197	206	190	193	218	204	204	293	220	230	217	179	204	171	169	203	222	207	196	286	943	1576	1683	1303	1044	1088	1084	1080
176	187	186	195	183	177	242	283	156	156	170	192	275	202	174	195	207	208	311	833	1457	1703	1479	1067	1063	1091	1079	1085
195	200	224	248	169	177	184	155	167	193	216	220	230	211	184	203	254	360	822	1381	1612	1631	1148	1040	1074	1093	1088	1084
180	203	252	186	174	198	206	170	186	234	266	223	211	204	192	254	477	903	1365	1530	1661	1222	1027	1059	1082	1091	1087	1088
220	211	228	195	185	224	208	164	246	217	220	192	194	197	289	621	1061	1364	1458	1626	1263	1024	1069	1075	1086	1085	1083	1081
732	390	221	195	216	205	190	203	250	217	217	200	201	378	828	1187	1341	1450	1575	1264	1030	1070	1075	1072	1090	1095	1092	1087
1086	951	694	472	327	259	225	221	217	235	268	343	568	1009	1256	1289	1435	1520	1191	1031	1068	1075	1078	1072	1085	1090	1084	1082
1168	1177	1109	1028	916	794	707	674	666	706	786	959	1149	1260	1320	1429	1359	1059	1006	1053	1061	1062	1071	1071	1084	1086	1136	1387
286	316	336	298	160	143	163	169	183	168	175	163	153	180	178	175	161	160	147	155	143	145	144	199	347	717	1001	1107
158	151	137	231	420	325	220	185	148	162	183	188	156	186	185	176	165	147	164	152	184	222	126	160	287	622	952	1174
188	170	259	176	174	293	183	120	151	157	156	173	160	193	161	159	192	200	195	181	170	188	128	126	244	562	902	1246
175	358	313	187	150	158	168	144	141	142	155	159	161	156	242	243	197	184	174	162	163	147	150	125	212	516	867	1311
324	345	163	177	159	150	168	166	174	155	168	166	167	201	531	311	159	169	163	157	155	146	146	116	202	490	836	1363
288	170	158	173	179	187	174	174	163	188	271	233	158	182	176	149	164	173	176	176	160	152	136	120	184	464	826	1402
168	158	165	244	317	218	180	194	192	194	204	161	155	172	158	162	159	168	161	153	134	143	123	119	210	464	842	1452
178	186	175	258	637	367	168	175	197	195	179	154	183	187	178	153	167	158	155	137	147	185	148	133	225	459	872	1499
292	193	190	251	209	227	184	158	172	175	154	162	215	189	284	260	160	166	157	144	201	203	144	126	241	448	953	1516
232	195	239	219	166	156	172	168	158	163	181	204	233	193	198	297	234	173	168	169	186	172	141	157	279	465	1067	1499
185	241	223	171	164	172	184	177	282	301	219	187	175	189	174	170	228	168	168	141	158	179	170	177	301	533	1209	1487
222	216	179	167	168	170	140	168	242	391	282	165	202	193	164	177	169	147	162	183	181	157	159	196	313	681	1310	1459
202	192	193	154	170	193	475	227	143	242	262	208	261	227	165	150	151	151	145	167	164	151	160	210	360	877	1369	1449
186	182	338	251	175	297	680	207	171	223	224	143	147	163	183	175	167	173	155	147	152	142	158	223	500	1100	1413	1367
178	186	379	214	190	227	148	171	178	191	212	151	205	192	172	154	171	163	174	158	149	130	151	272	701	1286	1414	1201
172	185	237	192	227	182	152	165	167	175	211	162	256	331	245	214	188	183	170	156	149	170	192	392	931	1400	1339	1073
182	160	150	240	199	136	184	177	161	162	186	168	170	187	181	250	206	159	142	134	110	126	251	618	1179	1424	1177	1050
169	190	210	221	155	154	189	161	159	163	158	168	160	163	180	215	190	185	171	146	117	150	415	903	1351	1317	1061	1060
213	252	203	175	159	167	178	153	179	166	169	167	172	192	195	187	172	190	177	143	132	271	677	1185	1360	1135	1054	1068
227	223	193	166	167	171	152	191	392	191	175	187	198	249	207	244	181	162	145	146	207	511	994	1335	1209	1056	1071	1077
192	223	191	181	190	188	161	231	293	214	191	171	217	226	155	186	174	177	175	196	416	854	1282	1281	1065	1068	1078	1076
181	214	176	191	252	206	192	210	147	201	178	181	233	204	179	168	170	157	206	377	715	1211	1321	1094	1041	1071	1073	1079
184	217	183	234	193	175	182	180	152	190	203	186	197	200	187	221	191	213	360	649	1079	1330	1142	1032	1064	1078	1082	1083
183	233	195	173	168	192	219	240	216	192	205	186	214	200	201	211	277	403	659	1034	1314	1154	1034	1047	1080	1090	1083	1083
191	218	208	191	179	229	192	175	258	188	190	181	194	188	216	326	485	696	1025	1308	1160	1031	1043	1066	1096	1093	1083	1080
388	239	200	180	192	196	188	201	242	207	205	188	194	252	401	594	809	1079	1294	1161	1018	1027	1053	1076	1093	1084	1081	1083
657	461	348	267	203	195	190	201	209	215	228	220	301	495	725	962	1198	1268	1114	1004	1009	1048	1070	1079	1081	1083	1083	1075
1014	803	591	497	433	383	369	386	396	396	428	523	692	914	1103	1232	1192	1038	983	994	1027	1065	1069	1077	1082	1077	1095	1191
294	328	362	435	172	160	175	178	190	161	180	165	140	162	160	143	180	172	153	158	154	152	151	146	131	349	808	1132
164	141	176	474	508	290	200	191	152	164	189	190	156	143	177	174	190	150	146	150	238	243	156	157	133	282	730	1152
191	171	325	249	192	173	132	143	156	156	165	167	162	169	143	174	193	187	195	184	172	197	177	170	135	240	663	1184
176	378	343	159	171	145	156	161	177	144	170	166	162	136	237	261	194	196	193	175	172	147	165	180	156	208	612	1221
274	296	161	173	171	155	175	150	167	157	171	167	152	250	535	293	179	167	155	155	152	150	168	161	164	193	567	1257
221	169	160	144	183	191	173	153	167	187	282	257	247	257	174	144	165	160	167	168	156	158	159	182	162	178	552	1287
170	170	170	143	267	242	165	163	190	195	175	193	264	184	149	175	155	161	167	185	153	151	145	163	182	175	571	1332
182	227	183	238	751	348	130	176	199	195	153	148	178	224	197	148	157	147	166	172	175	196	176	178	162	166	606	1364
356	240	176	256	289	231	173	167	187	173	157	168	192	177	306	271	157	174	147	128	198	198	147	160	148	143	674	1362
230	178	232	214	132	157	187	212	165	181	184	164	163	159	196	312	218	160	145	156	182	168	144	172	146	165	762	1347
178	222	199	151	150	167	193	246	323	317	144	142	166	189	176	143	157	149	160	147	160	173	186	175	140	200	858	1359
191	179	157	166	166	169	173	254	247	390	210	184	200	199	166	166	153	152	149	145	185	176	163	155	134	260	957	1380
192	192	207	229	176	183	550	300	132	245	280	219	267	214	151	158	151	145	147	147	159	160	170	151	118	376	1054	1418
191	184	376	268	170	292	496	180	176	203	198	184	164	159	174	138	135	153	146	144	147	149	164	158	126	564	1173	1380
182	174	289	194	200	259	133	171	170	155	172	190	271	195	162	140	158	157	155	139	142	171	157	146	176	786	1280	1212
189	162	169	158	234	207	162	163	146	142	160	166	267	316	261	235	215	189	170	146	143	188	167	75	351	1017	1303	1065
181	173	161	185	193	162	201	175	147	143	157	158	155	158	192	248	181	145	134	141	157	155	138	96	656	1201	1175	1043
169	195	161	180	162	161	201	160	167	157	157	164	174	175	187	178	163	183	171	157	159	168	95	302	931	1243	1059	1059
195	223	177	169	162	167	181	212	273	158	167	165	193	250	194	182	167	201	184	163	169	140	140	648	1131	1140	1055	1061
237	238	186	153	155	167	179	219	449	168	152	185	199	283	215	242	183	173	167	183	169	97	412	939	1160	1060	1081	1074
194	223	186	179	168	200	167	181	302	199	167	170	215	243	160	180	182	194	196	176	119	313	772	1120	1092	1089	1091	1076
182	221	175	189	267	229	164	181	182	222	184	172	200	207	185	181	197	183	177	129	216	667	1022	1109	1095	1090	1079	1078
182	217	169	215	211	182	179	236	175	183	194	158	181	238	231	255	202	176	117	182	565	921	1101	1095	1098	1065	1077	1080
189	239	170	173	178	190	213	275	229	171	179	168	217	218	233	223	203	140	209	558	872	1054	1122	1097	1083	1067	1076	1080
178	214	197	198	188	218	197	191	248	204	197	200	213	215	209	182	160	251	584	897	1034	1144	1134	1095	1081	1082	1081	1080
192	185	205	189	188	205	203	212	243	242	216	221	239	212	164	220	396	654	906	1059	1144	1145	1110	1073	1082	1076	1077	1080
354	194	185	189	180	204	198	216	237	240	240	205	195	210	338	596	822	937	1076	1157	1127	1128	1070	1075	1083	1081	1082	1073
870	500	270	201	183	178	195	235	252	237	245	262	361	563	762	921	1015	1126	1162	1128	1123	1077	1060	1084	1082	1078	1071	1072
199	176	201	547	216	177	181	178	188	166	180	170	157	152	151	155	223	190	169	165	194	167	138	146	175	218	393	1016
175	160	320	949	419	160	165	185	162	168	174	178	173	159	156	168	218	143	141	188	318	205	157	164	189	205	325	843
189	177	349	440	247	136	162	202	188	158	176	168	169	172	158	206	160	170	180	165	172	192	216	197	173	182	291	722
187	215	200	142	262	176	175	216	275	168	193	178	164	153	196	184	154	200	190	164	162	134	177	206	204	177	274	633
236	184	182	187	237	162	172	162	174	172	163	151	139	270	309	196	185	152	148	170	150	149	157	150	177	187	254	570
242	214	217	164	236	185	188	153	174	185	191	218	456	431	169	152	152	155	169	154	137	156	151	204	192	168	244	548
176	207	188	175	247	243	191	144	171	168	166	295	565	264	153	200	165	161	171	256	218	167	169	178	199	171	244	529
204	318	227	206	555	375	136	166	181	177	148	168	190	295	221	151	166	157	191	259	246	179	194	205	187	182	252	530
392	327	191	192	401	317	160	174	210	177	182	166	142	170	226	180	153	164	149	157	164	155	173	194	191	152	252	573
190	160	188	168	110	167	248	303	197	209	156	165	166	152	165	187	173	169	167	175	167	159	148	164	172	178	270	626
174	196	169	140	149	151	221	431	342	244	146	160	161	173	172	164	171	159	163	159	155	159	164	178	154	183	284	724
175	177	134	202	178	175	290	492	186	196	174	173	173	167	168	184	155	154	167	141	204	254	176	141	170	174	317	864
191	174	266	408	214	181	508	412	153	167	187	171	179	171	171	174	160	162	168	150	176	188	190	162	158	178	430	1009
193	174	267	230	184	207	237	166	177	156	188	311	241	200	184	160	153	148	148	162	164	147	163	171	153	201	609	1104
201	192	194	147	173	218	157	174	172	154	172	285	401	204	156	153	162	162	153	142	151	250	202	187	172	257	829	1099
219	186	220	142	185	225	161	180	158	154	182	184	215	221	201	192	205	173	155	146	148	167	184	172	184	460	1015	1070
166	208	229	156	165	208	191	168	148	162	176	161	166	179	181	189	175	172	156	163	215	187	172	174	257	751	1074	1085
179	263	195	162	181	183	176	167	225	173	188	172	232	213	177	159	156	176	161	161	188	201	171	177	409	964	1077	1089
200	242	174	172	170	171	167	360	485	147	180	177	246	346	168	192	177	230	216	196	199	199	181	264	719	1071	1097	1076
223	210	161	168	169	177	263	263	296	156	156	169	174	235	182	210	212	194	192	196	198	174	190	472	979	1095	1127	1080
207	194	170	190	166	246	242	171	221	192	159	176	194	197	185	179	221	193	175	164	177	196	301	819	1106	1175	1132	1080
176	194	187	184	199	232	169	233	261	202	181	163	194	209	177	202	229	211	167	178	196	252	638	1086	1243	1174	1100	1083
192	192	195	192	206	191	168	312	232	173	195	148	189	319	276	226	219	205	182	204	251	522	1013	1233	1193	1075	1074	1076
200	208	198	187	200	188	181	243	211	187	208	175	201	219	213	215	241	214	223	256	468	936	1283	1225	1106	1031	1062	1077
188	188	193	209	206	181	226	199	205	262	228	221	205	212	203	205	222	222	253	509	915	1358	1368	1175	1046	1050	1074	1080
210	207	200	201	191	212	212	209	224	288	206	247	263	210	181	211	243	273	512	993	1413	1459	1268	1070	1057	1079	1080	1078
228	222	213	208	217	240	200	211	236	241	232	244	242	256	232	260	362	618	1100	1508	1459	1341	1091	1056	1090	1088	1080	1079
740	326	260	242	239	221	196	212	220	230	265	249	257	278	325	545	891	1326	1562	1492	1376	1106	1044	1084	1078	1074	1072	1063
190	190	182	458	225	164	182	185	176	165	164	173	170	163	152	163	216	168	159	164	179	162	145	161	227	173	236	612
183	165	334	1088	474	123	174	185	175	185	184	181	173	162	150	164	197	153	179	204	254	188	175	205	197	160	196	490
202	191	300	550	325	137	174	196	190	175	197	160	173	164	156	186	142	192	231	172	165	176	217	205	155	153	175	396
204	246	176	126	248	178	176	209	254	162	184	171	160	158	173	155	147	200	178	151	169	153	198	207	189	186	198	351
211	206	191	183	224	167	174	184	183	161	162	155	145	219	203	182	178	167	233	174	156	173	231	200	180	173	179	291
232	223	220	158	215	178	186	158	177	171	143	180	379	323	175	199	157	155	203	205	140	161	168	204	173	143	160	273
181	224	284	204	198	233	202	147	162	167	250	520	501	223	170	188	168	173	175	232	185	167	160	154	169	146	157	253
197	357	407	235	359	347	146	163	180	159	291	327	182	241	204	152	174	176	179	214	212	175	181	172	171	166	165	250
328	285	181	164	482	541	155	182	207	146	171	151	141	172	179	154	155	154	165	175	151	142	166	174	175	156	161	284
222	157	175	160	234	414	377	298	185	185	153	174	165	156	163	149	149	157	164	163	156	151	148	154	159	159	161	328
222	199	168	193	277	163	248	533	385	163	149	176	158	183	177	158	168	158	164	185	178	169	166	170	154	163	167	393
288	276	179	384	267	177	283	535	234	116	153	200	182	173	165	167	164	162	171	235	277	251	213	187	195	149	168	496
272	171	249	462	238	191	345	304	189	221	179	166	176	168	171	170	165	183	173	184	166	193	196	168	168	148	237	616
193	186	289	214	203	195	158	152	255	300	290	321	220	202	182	168	167	158	169	202	191	213	184	178	177	136	346	736
216	263	228	131	161	207	174	169	299	258	149	262	324	189	163	172	171	170	188	177	190	299	207	204	177	122	472	831
234	195	216	159	172	207	177	187	332	243	176	231	206	183	169	177	188	181	170	198	168	167	183	183	154	237	619	1001
179	219	258	174	169	202	180	180	350	234	180	242	290	182	179	170	180	178	163	187	219	189	183	177	164	398	764	1266
198	289	197	170	190	197	176	254	394	246	185	171	312	261	199	173	168	166	156	162	177	196	222	165	214	547	990	1402
223	233	159	166	177	174	192	353	404	268	192	171	219	284	170	209	176	207	195	183	185	195	199	168	386	746	1317	1379
201	190	160	161	169	201	224	216	236	224	252	165	169	199	175	198	205	187	190	199	192	185	162	254	575	1138	1451	1334
192	175	173	205	191	227	208	182	288	185	249	261	176	180	191	192	211	184	169	178	213	165	174	455	891	1523	1421	1244
179	181	193	183	182	211	176	229	273	177	221	254	250	207	161	196	218	211	175	183	185	146	351	742	1425	1541	1350	1111
187	178	185	188	198	183	163	272	223	171	266	198	216	336	267	210	225	210	187	196	175	292	633	1260	1557	1450	1178	1064
188	181	196	194	193	170	166	220	196	189	207	234	196	205	278	230	223	224	216	178	265	569	1188	1526	1468	1240	1054	1075
194	184	182	185	183	157	206	191	176	250	201	242	239	210	203	226	224	200	173	295	553	1177	1580	1516	1340	1054	1066	1084
207	198	180	185	173	182	193	195	203	258	197	229	244	229	204	203	195	177	290	618	1197	1592	1538	1408	1087	1050	1082	1084
204	219	183	191	202	213	191	202	212	211	212	224	227	234	217	189	224	353	742	1332	1553	1543	1421	1104	1058	1074	1079	1081
477	227	229	219	221	225	204	206	202	215	241	230	215	194	206	325	566	988	1449	1562	1516	1407	1091	1054	1083	1077	1077	1069
201	248	208	308	231	146	182	198	168	162	150	174	177	180	159	170	193	142	144	159	148	158	160	172	263	177	167	174
188	167	292	1060	585	128	189	183	197	198	191	184	171	168	155	175	182	166	216	199	150	180	195	236	184	148	156	165
219	202	227	589	382	155	178	171	180	188	210	157	183	155	154	165	173	237	274	183	160	159	200	207	143	159	142	145
221	336	196	117	198	173	174	181	190	149	168	170	156	160	164	155	164	199	163	146	177	176	210	198	159	212	202	184
194	282	207	173	189	175	179	203	189	149	167	174	160	157	164	202	173	183	306	170	162	193	302	250	177	169	178	160
213	249	241	162	180	179	183	169	182	157	131	159	213	144	182	241	172	163	229	251	151	185	188	188	145	131	146	156
184	231	382	286	193	229	212	162	160	168	346	659	300	152	188	166	171	184	176	185	162	197	156	134	138	136	147	153
185	348	550	285	286	360	174	172	179	201	480	450	167	155	175	160	185	199	181	165	166	176	166	148	163	157	160	155
240	213	168	154	572	770	169	193	206	187	172	137	157	175	157	162	180	182	193	180	149	145	151	141	154	173	172	166
268	166	174	174	403	637	462	247	217	204	159	185	168	166	173	154	148	154	185	151	151	150	153	149	148	152	169	179
288	207	198	289	405	193	257	525	465	167	155	189	160	196	185	150	164	155	177	218	200	186	180	167	166	162	188	185
433	363	239	518	340	190	229	449	330	157	157	240	198	185	163	149	173	172	169	321	327	213	238	234	208	164	173	211
381	176	204	416	256	201	177	148	236	328	203	178	199	177	162	160	168	207	173	212	149	187	190	175	171	194	182	269
220	204	322	207	225	204	167	145	329	456	391	271	169	187	173	170	184	179	204	249	214	272	205	183	200	200	196	372
246	315	279	151	162	201	184	164	413	347	163	213	185	171	174	188	181	175	220	222	242	305	196	209	198	174	184	528
244	193	199	195	176	178	191	182	477	313	168	290	211	175	156	172	171	193	187	247	191	177	182	183	198	191	236	872
198	218	260	202	178	178	170	188	526	293	174	317	391	180	181	170	186	177	167	204	204	185	196	175	209	171	415	1397
216	276	186	183	188	206	182	323	527	315	170	166	352	284	221	198	185	162	158	163	159	179	257	213	197	184	836	1695
244	210	152	160	188	179	215	278	247	393	200	163	171	185	184	218	171	168	163	165	168	174	217	210	165	369	1480	1688
179	176	172	157	172	216	159	160	230	303	335	169	174	177	182	197	183	174	177	205	190	183	218	189	189	1034	1746	1607
171	166	181	211	221	184	151	204	361	189	330	335	166	175	186	204	184	176	174	200	234	185	210	164	575	1687	1703	1429
184	174	188	183	190	182	180	203	246	168	259	338	299	201	150	180	190	198	194	183	195	190	172	334	1392	1789	1610	1145
178	171	166	192	190	170	161	198	193	181	326	249	234	306	229	195	222	203	177	194	209	190	234	1092	1766	1777	1296	1051
173	165	186	195	179	154	162	201	185	188	197	282	197	189	330	243	190	214	217	207	194	202	902	1646	1762	1449	1049	1071
198	189	174	160	157	149	174	181	163	213	164	246	267	209	203	243	211	200	220	204	192	792	1559	1750	1611	1068	1055	1087
203	189	166	167	160	152	173	184	190	209	193	200	211	247	227	209	207	218	196	225	758	1467	1670	1693	1123	1013	1080	1088
210	222	169	173	179	175	184	198	191	182	198	194	204	207	246	237	236	185	316	894	1396	1594	1682	1151	1018	1049	1077	1081
210	193	221	208	192	223	221	214	203	208	216	222	219	214	235	222	247	489	1046	1384	1500	1639	1137	1019	1075	1074	1082	1079
178	212	179	281	261	129	177	220	188	161	157	168	161	173	155	165	191	160	150	154	143	186	169	140	205	166	159	151
183	181	265	1024	670	112	155	169	241	182	157	170	187	205	171	223	269	161	181	157	130	171	197	185	150	146	148	149
228	193	193	536	339	156	171	177	175	168	185	176	220	160	174	218	354	303	201	167	165	159	189	223	215	194	148	155
225	340	196	123	188	181	178	181	163	156	176	221	166	168	171	186	208	206	154	166	172	167	181	194	162	200	191	180
209	334	266	169	194	190	180	196	185	173	180	214	171	173	164	205	202	161	208	157	158	159	242	213	165	167	182	181
209	382	406	232	177	189	196	196	198	158	177	192	197	153	182	212	194	187	181	184	155	270	188	154	145	142	150	161
187	238	375	526	321	220	226	176	165	135	348	361	209	164	183	172	184	172	168	210	320	357	219	188	160	165	163	163
199	261	384	317	609	569	263	211	131	413	611	251	145	144	165	188	205	224	282	305	242	181	190	237	231	182	157	159
218	246	185	158	780	837	213	196	214	467	257	129	141	151	158	182	273	338	244	158	155	155	157	149	186	201	176	181
251	189	159	207	519	442	301	188	465	436	159	189	178	178	181	171	194	205	322	186	153	161	176	163	183	192	180	176
375	185	289	437	352	236	212	296	659	467	156	197	176	179	188	169	176	154	230	259	181	195	197	193	215	184	195	202
507	271	243	294	257	252	220	258	429	426	208	274	178	156	171	168	170	179	159	236	221	182	189	189	181	164	189	207
505	192	180	242	275	198	184	164	291	418	202	182	177	153	141	143	165	227	175	168	151	185	165	179	165	173	177	215
446	209	213	203	250	169	163	160	270	358	323	202	167	176	164	171	214	205	263	298	207	215	191	177	175	184	195	255
395	226	194	243	184	169	175	171	300	230	326	259	151	173	181	186	182	163	182	257	300	223	187	197	199	193	190	321
252	172	215	241	185	172	170	154	288	206	191	353	197	181	160	161	168	177	167	196	204	194	199	235	210	180	204	468
208	210	235	182	159	177	166	154	329	225	155	253	255	186	190	173	177	182	178	180	196	196	235	198	193	178	265	831
198	199	173	168	166	205	175	215	394	297	166	161	235	210	199	202	183	180	174	159	178	174	233	215	221	192	426	1197
199	183	180	172	211	200	184	220	295	347	197	171	172	198	199	194	167	156	165	195	203	170	201	205	164	206	804	1383
177	176	191	189	207	182	190	205	273	299	235	176	182	175	191	201	159	174	173	242	237	180	197	205	180	468	1179	1448
175	171	167	178	225	163	181	220	244	228	241	259	181	170	168	193	169	175	185	199	201	178	201	176	277	922	1374	1405
182	170	159	180	210	166	164	189	201	217	231	257	228	191	165	171	167	179	210	201	194	193	164	192	655	1299	1427	1172
180	170	163	187	181	168	159	191	200	217	249	211	192	218	182	168	198	184	169	191	190	201	197	488	1143	1454	1263	1039
179	178	187	186	190	165	164	189	182	193	195	226	205	187	222	221	175	198	218	199	193	190	406	981	1382	1313	1052	1048
189	183	187	190	184	170	173	182	179	200	183	196	213	202	192	232	198	203	257	206	171	354	877	1311	1344	1047	1033	1070
234	210	175	183	190	175	192	200	208	211	201	199	199	227	212	210	212	227	212	209	339	837	1253	1333	1076	979	1052	1074
216	259	262	193	202	188	193	217	216	202	218	213	223	226	236	226	218	207	226	415	833	1235	1296	1085	988	1004	1069	1077
214	214	279	285	206	233	224	207	224	218	218	223	236	227	237	230	223	275	500	892	1211	1269	1062	985	994	1037	1076	1076
165	185	162	248	349	289	242	211	185	155	159	160	148	183	236	239	181	165	157	166	177	200	172	127	158	160	158	153
186	193	251	972	737	162	162	160	232	171	148	167	197	218	187	271	281	152	157	145	142	170	190	150	132	154	156	139
229	198	192	487	297	159	185	180	182	163	173	185	221	171	180	227	368	281	154	159	170	159	172	209	226	200	143	150
231	293	176	108	175	198	195	174	168	172	176	231	186	173	168	184	219	195	151	170	173	161	160	183	163	187	177	183
221	308	258	151	192	224	202	181	184	188	184	218	196	184	165	192	208	161	151	154	156	143	181	179	153	181	185	186
219	373	395	251	326	316	235	194	187	155	192	204	188	164	180	178	192	193	162	150	160	261	170	158	173	172	154	164
226	219	293	594	627	449	287	201	140	116	278	168	155	165	170	167	184	167	174	218	328	352	245	229	168	178	176	172
255	222	245	297	783	722	252	214	217	622	579	165	187	207	214	237	236	241	294	310	248	186	194	265	231	177	152	162
229	241	183	142	659	691	320	308	453	800	373	198	236	248	254	254	318	365	240	146	161	157	152	159	191	190	170	178
262	200	146	193	460	342	289	192	539	556	165	160	167	170	172	167	199	207	324	191	153	173	182	167	193	204	190	175
404	178	297	406	271	242	170	144	567	495	181	185	174	171	193	181	176	151	225	241	176	196	190	190	215	188	193	209
541	197	220	142	194	238	194	143	377	453	236	249	172	167	204	195	171	182	171	201	167	162	159	160	164	180	195	206
602	190	166	148	257	174	190	185	350	442	228	190	174	183	196	212	232	277	223	177	166	177	166	184	165	169	185	184
594	187	150	191	235	176	195	170	309	380	311	197	159	167	162	165	222	227	256	271	203	186	197	183	164	169	197	186
485	165	151	258	198	181	190	172	281	171	359	297	161	181	180	179	182	161	159	236	281	175	187	190	192	192	189	209
273	161	208	237	178	190	175	143	226	168	191	359	198	172	160	163	177	178	174	204	204	194	196	236	207	184	184	234
213	198	204	169	149	197	168	137	232	199	150	229	204	185	182	171	175	182	182	242	249	221	252	206	181	190	184	429
191	163	169	166	162	207	164	147	282	253	177	172	180	191	182	196	184	188	184	210	212	181	223	218	225	206	198	736
184	177	188	176	211	200	165	186	292	273	204	184	176	221	203	187	179	160	162	229	242	173	184	195	190	158	366	1013
186	186	194	198	212	165	203	218	263	251	182	178	179	189	201	206	182	213	177	252	265	180	185	220	204	165	700	1214
187	187	169	167	211	164	201	215	173	229	183	206	185	183	174	187	181	235	205	194	199	201	197	209	149	374	1008	1289
186	171	159	184	212	167	165	181	174	226	204	201	186	192	191	183	160	196	242	213	189	224	183	159	216	788	1205	1160
185	173	177	187	180	178	172	190	198	226	197	184	170	175	172	173	186	177	197	224	188	225	214	159	600	1100	1199	1054
217	205	193	187	196	178	175	188	189	196	198	194	204	187	170	206	174	195	214	199	211	216	168	463	975	1183	1091	1061
197	233	211	202	203	183	178	196	197	195	202	181	187	199	192	220	197	211	261	214	199	159	395	865	1130	1099	1080	1077
236	267	248	207	206	191	208	207	217	209	207	200	200	217	208	215	218	235	230	223	154	388	811	1068	1135	1065	1068	1067
216	265	303	230	206	196	191	216	233	217	225	226	239	233	224	218	217	233	213	188	423	823	1022	1162	1099	1029	1054	1070
221	233	286	309	219	233	240	261	237	227	235	227	241	260	249	235	234	212	217	497	868	1051	1175	1125	1037	1012	1061	1071
165	180	165	195	477	619	385	189	172	154	163	161	155	219	390	380	161	149	162	192	242	196	169	140	140	160	164	183
200	203	250	907	789	304	243	178	173	174	172	181	199	202	199	305	201	144	155	170	176	178	177	143	136	166	181	137
221	219	222	475	300	194	243	192	201	178	181	184	183	182	170	179	192	168	156	166	173	157	151	165	163	170	125	128
238	213	143	90	184	245	249	173	199	191	167	193	214	173	151	146	191	167	153	155	183	163	153	167	158	182	159	196
229	226	196	145	210	301	269	176	185	184	177	184	233	182	161	164	187	187	163	163	158	154	144	161	146	212	188	174
245	236	215	236	628	570	322	172	148	158	175	186	171	157	177	152	164	176	183	165	164	151	141	202	221	212	159	165
306	208	186	484	1068	907	396	232	107	152	174	155	134	146	152	151	171	170	193	198	163	168	222	239	154	170	188	181
360	274	210	255	749	790	152	184	451	801	407	241	288	323	311	294	271	243	202	157	168	189	172	214	154	137	145	161
277	214	184	129	218	368	474	514	879	1107	496	333	429	450	427	362	297	240	179	148	163	154	138	167	164	144	153	156
304	217	159	143	236	391	447	261	402	514	184	108	137	147	149	143	158	151	173	161	151	182	169	162	171	177	202	176
368	206	221	196	193	207	144	130	202	224	232	157	157	178	197	181	164	147	156	165	193	189	157	156	166	169	180	205
529	178	181	129	180	146	153	152	203	216	244	180	190	225	257	224	178	184	204	239	189	155	161	162	167	210	188	207
667	168	165	163	206	137	174	196	408	391	284	213	198	265	318	353	360	349	307	242	189	165	197	191	174	189	210	181
653	143	159	172	180	231	256	171	450	538	369	261	145	163	169	155	205	246	191	172	207	202	226	200	176	164	204	172
508	156	172	184	198	237	229	165	379	202	237	310	208	196	173	169	179	172	175	173	186	178	194	193	179	170	180	201
309	163	178	183	156	227	209	155	332	223	166	304	217	155	156	177	196	197	209	285	192	180	172	181	190	191	179	188
213	185	175	171	151	234	173	146	289	230	163	259	270	177	163	168	182	177	179	385	352	255	241	196	179	172	181	213
198	182	176	181	181	212	151	150	234	196	200	198	211	241	176	189	194	184	187	309	253	200	233	223	195	177	174	316
201	193	171	172	186	179	167	179	213	198	222	198	178	236	196	203	210	183	154	257	275	182	172	183	209	203	195	567
206	203	179	178	183	175	184	185	192	175	203	174	165	212	210	211	247	282	187	231	264	183	190	217	209	210	319	896
207	211	191	184	182	186	199	189	177	187	184	199	176	211	203	191	218	343	230	188	237	250	198	217	199	209	603	1069
196	181	194	193	192	183	187	179	171	188	188	192	192	202	222	213	171	247	284	217	182	278	203	206	205	388	940	1102
194	188	207	191	187	198	201	187	183	204	192	180	176	189	200	209	192	186	257	286	206	241	237	194	287	800	1101	1099
290	244	203	202	195	187	194	198	204	198	206	202	192	189	197	202	185	207	203	208	231	233	235	237	642	1093	1171	1116
224	333	249	196	203	184	187	217	213	199	213	208	202	198	202	210	207	221	225	208	232	233	243	525	1029	1235	1202	1111
206	345	375	233	201	193	217	199	210	196	210	198	209	222	220	223	225	237	228	215	221	226	441	977	1307	1282	1131	1067
211	236	273	272	186	194	184	194	235	223	215	227	244	220	216	218	232	236	237	242	255	437	943	1384	1354	1152	1032	1061
230	238	232	266	222	222	267	370	236	237	264	231	232	305	269	220	241	270	244	276	528	1056	1475	1435	1235	1032	1036	1062
170	197	183	157	398	773	622	418	405	325	285	300	325	337	361	300	156	151	162	179	210	176	160	145	146	158	157	183
207	249	237	811	897	696	624	473	256	196	187	247	209	192	171	230	158	141	159	168	192	182	180	160	145	154	170	152
237	235	259	677	642	561	570	430	193	187	193	217	179	165	159	159	164	164	193	191	177	160	158	167	148	158	143	143
366	204	194	299	491	582	579	358	171	175	179	190	202	167	142	142	181	186	159	153	164	162	169	177	159	200	192	198
553	406	383	447	599	676	588	307	140	121	159	177	209	180	162	159	173	177	157	152	153	155	153	164	168	247	208	183
621	529	479	577	897	862	698	325	104	266	228	179	167	174	178	146	162	167	172	167	158	141	158	189	184	190	166	161
665	604	522	702	1142	1065	522	253	388	609	436	162	157	159	152	161	171	158	182	182	129	137	189	202	151	157	172	175
699	634	543	536	842	898	356	239	703	1016	589	249	252	245	250	251	218	198	173	138	153	192	157	177	141	134	147	160
614	538	492	391	287	348	454	423	673	932	478	296	316	335	352	289	230	179	155	146	158	195	180	199	192	177	200	184
588	490	392	261	171	256	302	271	340	345	274	178	177	174	168	172	173	156	152	149	160	183	178	207	182	161	197	206
575	386	292	199	178	141	124	300	410	369	324	186	205	195	165	165	173	161	150	163	199	181	153	177	213	163	162	180
531	198	206	182	193	127	165	444	509	349	439	334	284	261	221	180	175	183	207	214	174	151	163	177	199	224	171	191
558	174	192	192	198	158	210	280	454	261	342	351	265	259	259	277	310	332	231	197	177	159	193	190	174	201	208	189
581	173	191	174	178	239	236	157	349	367	293	293	238	176	175	159	186	301	298	173	209	220	196	191	177	177	208	177
479	176	191	183	194	236	204	157	300	210	195	264	291	255	185	177	166	185	355	341	185	181	189	181	170	173	189	206
308	194	190	179	167	216	193	162	271	218	181	251	223	258	214	175	182	179	200	336	208	194	198	207	209	203	204	198
221	190	180	181	168	219	175	163	256	216	175	229	241	195	264	220	181	183	185	313	299	219	211	199	208	203	182	179
204	206	189	188	195	193	166	172	198	176	190	200	209	227	178	252	249	212	219	265	238	202	213	198	187	189	191	227
236	191	179	192	188	176	180	182	178	168	204	189	193	221	191	199	253	242	196	242	249	198	175	190	211	208	197	356
217	203	191	186	183	192	186	185	184	160	187	177	179	200	202	190	238	240	179	249	257	195	200	223	212	202	225	547
210	207	200	194	182	194	195	182	180	177	179	189	185	193	195	194	216	281	203	204	257	225	189	210	201	187	358	763
199	223	231	177	183	197	188	193	177	184	181	183	192	194	213	210	191	225	242	205	201	284	212	204	200	224	571	1194
191	304	240	181	194	207	193	181	179	192	183	191	185	197	204	212	201	197	238	241	204	231	241	220	193	420	982	1462
267	338	227	207	177	185	207	203	201	203	197	194	182	196	191	196	195	208	199	199	219	233	233	196	344	842	1453	1412
209	299	341	278	165	181	202	203	216	235	213	203	194	183	184	193	195	215	211	203	229	241	214	300	713	1451	1494	1460
200	300	397	228	189	215	238	188	191	192	208	190	215	204	206	227	225	218	211	210	222	199	259	663	1407	1597	1498	1270
208	240	253	261	186	212	310	215	210	271	224	206	223	192	249	262	236	261	238	234	216	251	663	1414	1607	1573	1299	1027
217	228	208	233	211	187	269	348	205	304	333	206	260	285	249	231	248	264	254	223	315	744	1456	1605	1620	1411	1016	1042
190	199	187	131	248	745	755	618	634	462	375	399	438	396	269	176	154	161	163	158	156	158	155	149	157	154	148	176
239	266	207	645	891	1014	912	683	340	226	211	292	206	181	141	145	140	142	164	163	194	184	183	178	153	143	155	168
315	251	265	858	1007	955	882	611	195	199	197	237	180	147	151	152	180	193	227	207	175	166	174	178	152	157	166	163
556	326	314	582	845	940	914	526	141	158	189	193	178	170	162	174	205	214	160	154	148	163	184	186	168	213	223	195
901	697	675	808	998	1041	929	487	141	173	204	186	194	199	182	169	167	163	151	141	150	159	178	176	192	257	223	200
1002	898	839	948	1080	1083	986	451	196	509	393	189	172	186	173	150	166	161	156	167	154	179	209	174	136	156	173	170
1017	1019	922	964	1080	1098	607	218	678	1033	725	183	185	174	155	173	171	147	168	173	156	171	165	161	154	152	155	168
1026	1002	924	869	958	1002	656	322	780	1030	714	242	190	133	156	184	153	151	174	185	176	190	153	157	155	150	153	161
958	912	852	732	582	532	497	305	307	584	380	219	178	179	211	177	168	153	150	164	190	241	222	221	222	221	242	213
887	818	705	514	306	239	243	315	303	189	333	251	227	247	223	203	195	173	171	148	176	179	186	239	191	152	189	230
822	656	507	388	297	181	242	585	699	547	373	216	245	213	199	208	189	175	165	185	200	176	158	197	254	163	148	160
589	352	351	337	297	210	271	745	781	486	561	453	341	260	171	190	223	196	204	181	159	160	170	188	219	220	156	175
432	209	248	242	217	205	252	334	435	153	350	441	302	222	165	167	239	308	146	139	161	161	180	185	171	203	199	195
474	211	223	190	193	225	197	154	204	159	196	288	315	186	180	170	171	333	393	194	202	223	159	175	181	190	206	183
430	194	206	200	192	214	172	158	190	208	185	206	331	287	198	186	157	192	474	475	202	182	183	174	173	180	196	211
291	226	209	188	185	192	170	170	183	199	199	203	214	335	255	170	164	164	181	339	234	205	224	242	228	213	230	215
225	208	195	187	186	193	177	182	204	190	183	187	194	212	336	256	186	192	188	200	226	192	178	201	228	233	192	187
210	245	222	194	201	179	189	195	178	173	177	193	197	200	183	296	283	231	238	192	202	214	193	170	185	209	211	213
264	196	228	228	201	181	195	187	169	165	181	178	204	198	187	192	268	273	231	212	204	216	200	204	202	199	223	220
220	209	237	207	206	203	194	195	195	171	172	182	193	182	188	169	207	178	168	256	236	201	215	238	217	198	200	249
217	227	237	199	191	194	188	185	186	185	179	180	191	168	177	192	198	186	170	216	253	185	181	200	201	226	186	465
218	280	267	166	181	210	201	203	183	193	181	182	187	183	190	195	201	185	188	191	218	262	215	190	211	191	241	1207
187	386	250	174	202	206	189	205	201	188	185	203	193	204	197	204	205	203	199	180	197	213	235	241	202	139	815	1727
227	387	246	256	198	186	215	226	220	238	200	197	188	201	184	189	195	201	196	188	198	222	218	232	159	543	1617	1647
192	235	394	350	176	199	213	199	232	263	225	208	184	173	170	182	179	198	204	199	215	232	239	187	393	1461	1694	1748
203	233	357	211	198	271	250	179	207	201	200	204	230	195	205	223	218	194	197	209	219	239	200	350	1314	1719	1783	1440
206	246	235	231	198	246	402	237	193	319	233	221	220	193	282	310	256	285	245	232	238	195	375	1245	1666	1819	1524	993
207	218	201	212	212	173	266	285	179	349	364	219	301	254	226	243	260	244	262	247	210	401	1218	1579	1806	1672	1003	1021
273	121	133	114	102	414	515	474	615	348	269	255	243	221	200	167	149	178	177	157	148	160	169	157	153	147	149	164
390	143	129	321	532	885	635	374	268	257	272	228	163	167	147	146	155	147	159	174	178	181	175	168	151	159	160	175
662	237	164	774	1091	1089	888	406	229	202	164	185	155	154	151	152	171	200	213	184	157	176	187	166	166	172	180	163
912	696	507	824	1024	1069	1000	461	133	138	144	175	167	206	248	267	313	219	144	156	167	169	174	167	195	186	195	170
1040	1016	990	1012	1047	1086	1111	679	291	557	396	202	270	277	246	198	172	171	151	148	158	181	192	192	195	195	203	239
1060	1040	1010	1049	1092	1107	793	349	634	999	780	225	183	162	149	153	155	160	155	164	168	251	309	206	135	145	183	241
1061	1078	1042	1031	1061	1140	595	41	674	978	733	184	178	164	139	163	160	148	178	180	220	230	179	159	167	168	164	173
1066	1077	1048	1016	1032	1070	906	369	387	523	348	240	196	129	133	151	140	137	192	275	240	174	167	174	181	186	172	173
1051	1063	1038	1001	953	939	878	397	164	304	228	213	279	233	145	149	166	164	160	242	331	263	211	198	209	219	205	199
1020	1029	1001	946	795	678	684	488	269	215	245	215	235	396	338	187	186	165	173	165	196	170	177	193	169	156	191	197
1015	1001	948	846	681	504	696	981	647	423	271	188	194	226	454	434	204	177	177	195	200	179	156	165	186	162	163	179
895	788	732	650	577	463	546	776	500	285	320	264	223	181	178	425	421	251	219	183	176	196	180	170	180	185	161	172
410	280	335	296	236	238	242	236	270	183	238	293	218	196	158	185	296	360	200	154	172	180	171	172	169	191	185	179
340	197	228	217	185	191	193	191	186	176	182	218	250	175	185	184	171	274	288	168	178	183	161	160	194	185	186	184
337	176	201	200	194	185	180	181	173	198	183	175	225	211	194	181	166	180	271	293	174	172	189	185	197	168	180	203
242	232	209	179	172	174	178	179	177	194	182	170	180	229	196	173	168	189	178	253	261	186	204	219	209	214	237	212
207	241	195	161	182	179	182	191	181	172	177	167	187	203	215	196	212	201	178	196	267	258	163	182	192	215	236	212
219	318	294	196	188	189	200	192	176	173	189	185	185	202	192	218	218	199	202	187	170	277	199	165	179	206	205	212
244	236	360	285	214	173	190	184	188	181	177	185	193	185	185	193	201	197	200	188	170	234	273	218	183	180	192	203
200	243	355	232	268	174	188	205	189	181	185	190	181	186	182	173	197	177	166	195	189	180	231	275	233	213	217	219
264	342	361	191	176	176	163	193	189	211	190	171	169	171	171	173	181	175	174	196	205	182	180	201	219	218	205	289
323	352	296	183	168	223	256	176	176	206	188	198	172	176	175	181	173	171	185	191	201	218	207	188	201	211	199	695
195	280	205	183	202	189	223	305	277	196	215	199	194	205	181	198	192	193	188	191	193	197	219	217	207	160	453	1219
207	269	237	433	339	212	213	304	317	346	236	239	233	200	195	177	171	180	185	186	183	197	202	227	195	271	1030	1357
208	230	299	320	355	277	197	258	298	241	264	260	192	193	199	196	175	171	197	194	204	217	223	210	254	885	1300	1439
225	237	267	198	272	406	220	176	329	238	179	279	275	231	264	199	199	180	212	216	238	267	229	235	822	1279	1388	1254
206	232	219	214	228	304	276	212	220	329	221	357	290	284	273	328	330	284	288	269	247	240	238	779	1256	1320	1270	984
236	230	206	215	258	237	280	245	190	284	258	362	349	264	236	231	286	240	242	261	228	269	750	1215	1281	1252	1012	1000
520	261	159	158	239	431	550	570	556	282	204	175	150	140	164	167	154	170	173	169	150	163	169	157	154	147	150	170
632	314	189	220	480	894	690	410	311	266	264	210	171	159	157	165	164	155	167	184	169	176	168	163	148	164	162	185
901	490	258	672	1076	1116	912	403	386	329	203	180	161	164	162	167	169	191	203	168	152	179	191	167	163	175	178	164
1073	952	738	949	1078	1089	929	389	345	447	343	187	169	208	255	278	298	204	157	159	176	177	167	155	189	171	179	164
1092	1129	1103	1058	1038	1057	911	532	512	906	682	253	259	254	237	189	161	170	152	157	168	195	206	194	181	166	180	242
1075	1086	1070	1054	1046	972	463	192	847	1158	930	276	176	164	160	156	154	156	152	157	167	234	291	242	225	236	237	257
1073	1112	1098	1064	1038	1019	441	43	654	695	608	269	172	167	159	165	159	161	184	176	226	222	173	164	190	184	179	199
1052	1113	1112	1100	1095	1101	999	569	244	193	152	317	251	140	129	187	233	222	251	304	258	171	174	179	186	187	177	184
1056	1122	1127	1127	1125	1128	1088	594	166	155	158	204	339	279	136	153	187	204	196	258	343	237	183	175	184	200	194	196
1066	1123	1129	1128	1049	961	973	649	247	205	192	175	220	402	327	171	168	154	164	172	217	193	161	157	147	162	192	176
1095	1139	1135	1068	940	808	978	1014	481	291	204	179	193	217	466	419	203	175	178	183	188	205	187	142	151	176	176	189
1043	1038	989	905	847	767	804	689	281	172	182	172	162	154	200	419	425	252	204	176	172	206	227	176	173	177	169	187
370	377	496	520	467	420	324	224	189	199	178	196	167	180	177	187	303	337	201	170	180	185	201	184	170	183	179	186
249	197	218	232	265	218	197	203	191	196	175	170	191	171	181	191	175	243	211	160	166	156	185	217	214	173	176	184
287	165	214	197	242	241	215	196	173	195	187	161	170	166	178	179	174	193	184	185	164	168	188	241	242	198	179	199
216	219	202	205	281	248	200	194	186	199	182	162	168	173	163	177	178	201	191	197	236	169	180	220	196	225	245	206
188	232	219	263	261	269	215	213	197	177	181	171	184	195	159	167	214	197	179	197	257	249	163	206	187	194	261	223
211	296	332	252	198	305	246	200	204	194	203	190	181	195	189	177	182	182	181	190	163	263	201	183	203	194	196	209
236	252	374	285	207	271	245	181	194	195	186	199	191	184	186	183	170	166	185	181	165	224	261	206	181	202	186	195
205	263	357	230	262	242	281	199	187	208	204	188	173	184	175	170	188	182	175	173	175	180	226	256	222	223	220	203
273	345	374	248	318	234	257	197	197	229	198	176	167	175	167	165	173	172	169	180	185	184	190	203	223	212	213	207
338	335	287	255	345	233	363	200	185	204	196	200	172	175	170	182	177	175	180	183	192	194	201	196	199	225	189	372
214	212	174	236	294	180	318	376	303	216	218	189	196	209	193	203	193	196	189	193	195	194	205	202	209	193	252	812
200	196	218	436	364	229	269	315	325	414	342	260	264	214	220	192	184	191	204	211	204	199	199	227	227	164	626	1128
216	221	244	269	378	284	256	267	281	239	388	370	208	201	208	200	180	169	203	239	224	220	222	230	204	474	1013	1252
229	232	226	203	278	393	269	212	326	240	181	354	306	268	282	201	195	183	229	217	236	260	243	209	459	923	1195	1212
207	220	210	205	226	306	234	249	258	300	220	364	278	295	254	315	350	270	305	288	244	260	194	430	906	1122	1233	1085
248	231	223	226	267	283	279	238	254	259	223	377	321	257	244	238	289	260	243	269	250	225	416	895	1126	1195	1146	1046
914	581	244	239	576	744	828	877	499	279	192	175	175	165	160	167	166	146	155	187	159	169	159	153	163	154	149	193
955	716	352	341	730	1050	1058	783	483	270	197	240	225	156	165	188	163	167	185	188	172	174	164	164	145	157	159	199
1045	941	536	612	1003	1067	976	623	645	562	306	220	194	172	179	192	176	175	203	164	166	176	185	181	149	168	163	167
1059	1065	976	972	1038	1037	774	378	729	987	722	232	185	182	191	216	174	177	195	165	173	185	166	156	155	172	175	177
1065	1054	1035	984	1012	997	457	167	768	1149	993	350	199	174	189	169	151	172	159	166	178	197	214	183	159	175	157	214
1053	1058	1036	983	948	707	92	45	824	1012	838	328	162	197	208	179	188	176	170	169	171	166	200	284	369	388	328	224
1055	1095	1057	1023	960	735	183	222	667	332	409	403	173	189	210	185	171	187	188	176	191	163	157	178	220	198	199	242
990	1075	1080	1077	1089	1056	936	885	399	128	171	449	341	178	164	290	394	365	323	269	233	179	173	170	174	162	171	193
984	1059	1087	1091	1085	1093	1107	855	316	162	189	197	340	303	186	198	227	258	245	215	237	178	151	161	158	173	206	204
1033	1078	1084	1065	1054	1050	1067	788	279	176	185	146	188	275	206	163	163	159	157	171	232	239	146	139	134	167	192	166
1074	1077	1068	1048	1046	1042	1058	752	295	189	182	191	237	189	256	193	195	174	179	168	177	246	239	136	157	201	189	192
1051	1079	1097	1070	1065	1064	1010	564	208	170	171	193	169	180	227	197	251	200	166	166	161	203	304	214	202	195	180	218
316	478	707	871	861	724	511	319	209	193	181	170	159	175	207	167	253	243	151	182	182	176	260	221	181	184	180	214
197	208	202	256	444	339	241	200	206	201	172	155	156	179	172	190	179	240	180	173	170	147	221	320	236	166	176	181
273	164	237	201	342	400	282	202	185	199	194	163	174	163	158	182	178	223	227	174	174	169	181	318	293	257	191	197
211	190	191	258	473	402	237	210	202	211	197	173	178	177	164	180	189	196	215	180	171	159	162	241	191	243	254	198
169	191	260	447	394	429	269	241	239	200	195	192	183	191	180	174	191	184	189	195	198	172	175	261	210	177	269	221
189	199	332	342	230	486	310	217	248	227	212	206	187	180	179	181	183	184	181	194	177	184	195	216	246	178	185	205
239	244	280	235	188	449	343	179	186	204	203	217	201	194	190	168	179	183	191	189	186	191	176	176	196	254	201	196
234	265	253	204	209	414	446	181	188	248	225	179	171	177	171	161	180	188	191	191	190	198	204	192	189	225	209	202
249	246	285	349	573	373	454	202	207	235	199	197	186	179	169	168	174	179	160	178	194	188	208	205	214	210	211	208
273	246	247	355	635	239	501	287	214	188	205	191	188	181	174	194	207	193	174	172	196	196	199	209	205	226	209	216
244	198	166	313	437	182	440	405	290	249	199	179	202	215	227	221	212	213	200	185	200	203	194	200	206	210	195	495
206	181	194	280	275	237	365	261	252	431	479	256	278	245	250	228	234	235	247	250	247	223	207	231	232	204	384	954
219	206	238	214	252	228	371	228	194	256	547	494	231	199	201	196	193	192	221	317	266	239	234	233	223	285	820	1173
218	214	232	222	223	257	373	274	211	213	203	404	316	293	257	229	205	200	245	214	219	227	236	247	274	692	1183	1298
210	213	208	205	201	259	280	328	294	243	228	253	200	230	230	281	314	247	291	286	231	248	223	242	657	1232	1387	1284
244	223	244	242	242	300	264	258	345	274	259	271	237	235	246	260	270	293	263	267	262	245	252	649	1316	1502	1388	1153
1009	671	175	175	407	626	758	857	609	252	176	173	167	164	165	163	162	171	174	165	168	193	199	168	172	171	183	240
1030	694	282	468	877	1069	1077	938	728	407	200	241	239	153	157	169	159	176	193	176	191	205	178	172	163	166	157	192
1078	984	761	858	1039	1055	1022	862	834	725	377	226	211	163	172	193	183	201	220	173	218	182	183	195	174	193	172	171
1068	1072	1040	1027	1059	1067	946	746	870	931	687	294	212	193	186	209	156	172	207	190	172	178	164	175	168	187	186	177
1065	1060	1060	1048	1074	1031	725	574	878	1054	899	543	443	410	401	353	288	274	222	185	182	177	176	167	185	184	164	183
1002	1026	977	878	730	458	89	221	840	1058	745	304	226	254	273	346	399	400	385	356	341	372	434	355	302	269	248	192
629	654	589	540	484	334	75	379	880	700	449	300	202	227	246	222	225	227	226	293	285	227	242	237	250	209	190	203
518	559	579	582	607	677	788	971	757	484	336	424	390	380	400	419	337	269	227	217	240	154	161	155	190	193	183	190
535	588	647	782	952	1085	1094	977	668	441	354	279	313	313	312	357	291	242	219	192	230	193	181	175	186	188	191	195
658	763	921	1053	1078	1058	1060	941	655	361	192	164	188	205	181	201	316	298	229	188	206	224	178	154	155	172	180	175
1000	1030	1058	1062	1064	1060	1059	912	588	215	171	197	214	178	216	193	238	211	261	289	257	251	221	169	172	194	192	208
892	1040	1103	1071	1068	1063	1046	836	467	172	172	195	179	179	203	186	207	168	172	218	259	287	345	304	248	206	185	203
256	439	796	980	980	909	806	526	288	212	192	180	170	172	196	171	206	197	165	195	174	168	262	267	244	212	176	196
220	179	226	459	740	731	551	290	219	199	189	174	181	194	177	181	172	203	178	180	181	159	202	256	230	229	216	184
295	152	195	275	523	736	416	219	223	194	185	175	177	177	179	186	179	202	207	182	176	178	179	258	235	230	208	232
214	172	176	250	408	502	303	197	212	210	183	174	184	174	175	186	183	183	206	184	171	169	170	206	184	219	221	214
182	202	248	325	327	393	266	211	211	205	186	182	184	203	199	179	188	189	190	192	188	180	183	226	201	181	233	220
205	231	294	289	265	430	267	200	213	206	185	198	212	196	197	209	194	187	184	189	185	189	194	202	222	190	205	207
232	253	254	217	214	473	338	182	191	192	201	224	216	203	200	214	205	191	182	198	199	184	176	187	201	237	212	213
243	255	227	194	297	656	437	176	196	255	223	197	184	188	182	167	186	190	179	182	192	190	196	198	198	220	213	220
242	234	274	304	557	579	574	263	212	223	197	238	216	185	197	181	184	234	206	218	200	201	205	197	209	215	216	221
266	264	254	288	433	235	538	477	290	199	214	204	213	195	189	191	196	208	202	205	219	226	221	209	217	222	224	226
252	204	183	263	313	202	364	373	392	293	220	199	229	213	220	247	258	227	205	184	197	202	199	203	211	226	228	328
223	176	195	237	233	257	353	217	248	375	365	228	271	273	229	226	285	300	249	225	218	207	205	218	215	211	280	647
237	200	218	213	222	245	349	225	193	243	379	335	246	241	239	206	202	209	251	299	254	244	239	233	234	240	523	1254
228	211	210	213	220	291	312	257	209	222	219	316	275	252	254	254	208	209	236	233	260	247	246	260	249	435	1148	1567
232	212	215	216	255	270	252	275	253	226	218	241	250	227	218	268	254	238	263	254	231	259	233	248	413	1050	1581	1522
245	225	232	244	260	279	250	248	296	244	246	237	272	246	242	249	240	258	247	242	246	252	246	415	1030	1575	1565	1519
1052	729	115	119	251	514	686	824	702	231	164	173	160	163	170	160	158	193	190	145	175	212	232	180	179	185	212	278
1062	655	217	566	986	1077	1074	1046	921	519	206	240	247	151	150	153	156	183	199	166	207	231	189	178	177	173	156	184
1091	995	931	1064	1071	1047	1056	1047	976	847	429	228	223	155	165	193	188	224	234	181	259	188	182	205	195	213	181	175
1077	1071	1079	1071	1078	1093	1096	1047	965	856	639	342	233	203	186	207	147	170	214	210	171	171	163	191	180	199	197	176
1068	1068	1083	1103	1126	1063	967	926	955	963	805	697	646	607	577	505	400	357	274	199	184	160	144	154	208	190	173	159
960	1001	930	796	557	267	106	373	853	1103	672	282	278	299	325	483	571	582	560	509	480	545	630	411	240	163	169	167
263	294	207	146	99	22	0	499	1054	1019	492	209	225	258	272	252	268	258	258	390	363	282	312	284	273	217	181	164
116	138	170	179	213	369	670	1025	1042	780	471	396	425	544	591	519	282	183	144	177	247	134	151	143	203	219	195	186
155	205	289	531	843	1078	1081	1063	947	669	488	347	290	320	412	485	341	226	194	175	230	209	207	187	211	201	177	186
338	507	790	1045	1097	1059	1048	1058	960	515	198	181	190	153	166	232	442	411	289	202	183	209	204	167	173	176	170	183
938	994	1052	1073	1071	1062	1055	1055	838	241	164	201	194	171	193	204	273	242	328	389	323	253	203	197	185	187	194	222
754	1004	1102	1063	1058	1045	1064	1066	683	174	173	196	187	178	182	187	179	144	178	262	339	357	374	376	285	214	188	186
210	402	858	1052	1058	1045	1038	691	352	228	202	190	179	170	186	176	170	164	178	206	167	162	260	303	295	234	173	178
245	155	247	624	972	1046	802	364	228	198	203	190	204	207	181	174	165	172	178	186	190	170	184	198	224	281	251	187
315	142	159	335	666	1002	523	233	253	190	178	184	180	190	197	190	180	183	188	190	176	184	178	205	185	204	222	263
217	159	164	240	344	575	355	186	219	209	170	174	188	172	184	191	178	173	197	188	175	177	178	176	178	199	191	228
195	214	236	215	265	354	261	185	185	207	178	172	185	214	213	183	186	194	190	189	183	191	189	194	193	185	201	219
222	262	262	241	291	375	228	185	181	186	163	191	232	210	213	231	203	189	186	185	191	196	193	189	200	200	224	209
225	260	237	204	236	483	328	185	196	181	199	230	229	209	208	252	226	197	174	204	208	179	180	197	204	220	219	228
248	246	211	187	372	846	421	172	202	259	221	213	194	198	191	172	192	191	168	174	192	182	191	205	206	216	218	236
239	229	270	261	530	741	662	312	216	212	195	271	239	189	220	191	191	279	244	251	204	212	201	190	206	219	221	232
267	283	261	228	251	232	560	629	351	208	220	216	233	207	202	187	186	219	226	232	239	251	239	208	226	218	235	251
257	210	198	218	203	219	295	345	476	328	238	216	251	212	213	268	294	237	209	184	195	202	204	206	215	239	263	216
236	173	196	210	203	272	339	183	248	329	265	205	264	295	209	223	324	352	249	202	192	193	204	206	201	215	214	399
253	196	203	214	204	262	324	225	196	232	233	198	258	276	271	215	209	222	275	280	242	248	242	233	242	215	287	1332
237	210	191	205	220	326	257	239	214	231	231	241	240	218	253	274	210	215	228	249	295	266	254	269	240	238	1119	1792
251	212	221	225	300	281	226	228	218	214	210	237	296	228	210	259	207	232	241	228	232	269	240	264	227	897	1734	1709
246	227	221	244	276	261	240	239	250	219	234	215	305	257	238	239	217	227	233	221	232	257	252	237	787	1620	1694	1824
