133	176	197	172	235	532	1066	1455	1391	1319	1336	1154	1079	1087	1076	1069	1069	1063	1002	920	909	917	888	430	39	21	28	26
166	215	171	168	140	104	225	677	1229	1454	1371	1343	1191	1087	1085	1073	1061	1055	1058	997	916	898	920	915	491	54	19	26
229	192	167	177	165	150	133	138	368	960	1325	1361	1323	1183	1064	1062	1063	1064	1066	1054	970	913	904	918	922	463	33	27
194	210	206	190	179	174	160	124	154	277	653	1160	1270	1209	1105	1035	1048	1061	1068	1070	1049	965	936	916	921	897	360	15
144	165	222	192	166	171	152	169	195	152	179	493	1017	1136	1096	1045	1032	1046	1056	1068	1069	1027	948	958	929	937	830	222
118	221	240	239	194	125	166	214	175	217	186	149	420	961	1081	1056	1046	1048	1054	1045	1058	1063	1003	960	938	918	942	713
300	262	187	164	189	185	219	193	226	233	198	158	129	381	919	1059	1050	1048	1040	1032	1017	1048	1058	991	941	938	917	936
304	177	169	131	151	184	208	236	265	189	165	149	128	102	372	926	1039	1045	1036	1052	1040	1015	1042	1016	955	937	935	926
229	194	158	156	158	174	179	202	188	181	142	149	151	123	108	414	967	1042	1040	1058	1116	1103	1029	990	962	935	948	923
232	224	164	149	160	212	276	211	165	200	159	170	161	133	118	140	632	1039	1041	1057	1142	1190	1190	1059	972	945	954	930
197	230	253	383	483	357	254	227	208	193	190	196	174	165	179	148	237	785	1049	1042	1165	1224	1286	1280	1049	977	961	970
202	334	433	422	312	222	201	192	223	178	153	209	246	225	190	173	156	421	943	1037	1143	1298	1252	1403	1238	1027	972	968
271	287	211	147	185	233	210	160	202	219	209	240	214	196	186	180	185	179	595	1013	1074	1432	1275	1337	1444	1100	1016	983
272	193	170	174	222	202	203	209	222	230	208	216	198	187	216	194	168	133	231	773	1018	1430	1385	1227	1494	1256	1046	1023
322	209	194	206	223	260	232	210	218	196	210	216	179	195	206	190	181	156	133	371	915	1278	1498	1185	1387	1435	1064	1028
343	265	181	157	169	181	196	168	184	212	229	243	329	305	228	184	176	179	162	173	595	1116	1587	1260	1267	1504	1137	1038
459	343	221	178	164	171	305	211	164	235	252	315	405	217	227	234	192	176	174	142	234	860	1507	1382	1204	1471	1242	1051
465	460	270	198	171	184	256	222	237	263	253	220	196	175	192	207	203	205	180	143	111	511	1308	1486	1217	1386	1329	1062
448	541	338	213	197	233	285	243	206	181	200	174	170	175	180	196	182	180	180	155	135	316	1082	1437	1257	1316	1351	1074
654	709	360	169	161	200	208	212	206	163	171	186	191	198	192	203	199	196	175	185	197	253	859	1298	1272	1284	1345	1093
890	796	321	174	194	188	152	168	190	175	168	177	181	164	171	198	206	196	232	240	199	158	549	1157	1233	1235	1293	1094
996	817	421	248	261	215	210	199	170	176	158	168	179	138	184	211	217	210	215	176	157	153	317	1000	1175	1195	1225	1080
993	689	244	190	232	172	174	191	182	197	164	179	209	189	205	232	283	281	179	164	181	180	213	806	1126	1154	1145	1066
918	517	280	281	219	187	173	222	260	196	175	185	215	174	183	196	191	192	172	184	223	198	175	652	1088	1124	1093	1066
907	486	289	230	220	227	209	220	280	256	212	180	201	180	161	150	160	156	169	230	220	180	173	624	1077	1088	1070	1076
784	463	298	261	243	234	224	190	197	225	207	178	199	185	165	156	157	182	255	319	224	179	191	644	1077	1053	1056	1074
699	421	261	251	227	214	219	213	210	186	185	180	192	177	184	180	230	228	212	213	188	201	202	654	1072	1037	1042	1068
557	344	289	247	233	218	214	228	188	161	181	197	182	158	159	176	260	290	219	193	176	196	192	672	1069	1038	1033	1068
165	195	186	173	223	465	943	1314	1331	1265	1228	1115	1082	1084	1077	1068	1070	1066	1020	935	913	913	918	634	156	18	29	30
180	206	180	180	165	146	258	640	1048	1274	1242	1202	1114	1074	1075	1070	1068	1063	1066	1021	933	904	911	936	690	181	20	30
212	193	185	196	193	183	190	200	347	790	1144	1194	1167	1100	1054	1058	1062	1072	1073	1066	1005	939	921	917	940	673	139	22
166	182	219	204	187	200	211	178	189	245	558	1038	1128	1100	1074	1047	1053	1076	1078	1071	1063	1002	974	948	924	933	575	78
130	199	246	200	180	206	212	203	214	180	193	491	963	1007	1045	1066	1052	1079	1109	1088	1070	1054	996	968	935	925	902	428
196	264	223	216	206	191	196	210	207	232	214	190	453	852	911	996	1060	1072	1120	1123	1097	1069	1040	985	946	926	931	837
315	232	169	163	231	226	219	203	225	227	205	175	173	430	726	816	950	1060	1122	1133	1144	1123	1071	1029	960	938	926	932
262	198	190	175	219	235	214	201	237	197	189	176	160	179	420	710	801	965	1113	1198	1175	1201	1149	1051	988	938	940	927
223	193	183	182	182	200	212	196	198	204	170	170	165	150	221	496	776	847	1018	1250	1248	1226	1253	1115	1003	950	949	937
204	207	179	181	204	287	273	201	180	210	203	197	186	156	166	297	599	764	845	1111	1356	1231	1300	1282	1055	980	952	945
175	201	194	287	441	371	287	273	247	223	219	213	189	170	183	215	303	582	693	833	1328	1320	1263	1396	1197	1021	987	996
182	232	270	343	308	213	200	180	222	183	157	208	237	217	198	216	240	393	616	683	1072	1459	1240	1375	1378	1081	1018	1005
223	235	203	195	188	208	194	153	189	206	209	240	216	203	203	203	259	280	454	655	795	1419	1340	1278	1477	1173	1040	1010
215	208	201	200	212	187	191	218	236	242	222	238	226	228	224	213	240	269	320	559	641	1134	1429	1237	1430	1297	1056	1033
251	211	217	220	248	261	242	218	219	204	195	215	238	258	235	222	232	276	280	321	532	845	1381	1255	1342	1401	1078	1047
262	222	204	179	181	191	218	196	198	222	235	230	271	288	254	219	206	247	269	237	405	729	1299	1272	1258	1407	1126	1059
323	263	217	209	184	179	282	223	181	237	229	243	303	207	201	199	193	211	220	238	309	681	1185	1291	1198	1352	1178	1063
323	317	237	231	206	174	210	212	229	263	207	201	235	188	178	210	240	215	199	201	251	588	1106	1296	1180	1273	1213	1065
307	362	262	217	172	189	226	208	184	200	203	182	171	166	167	204	216	199	205	201	226	488	1041	1233	1178	1203	1205	1064
394	445	263	173	160	197	205	208	197	166	199	212	173	179	188	206	204	193	193	197	207	285	854	1145	1161	1167	1187	1067
548	514	250	171	191	191	170	174	188	180	193	191	163	163	179	195	183	175	204	210	209	172	554	1080	1127	1133	1153	1067
642	546	339	212	245	214	199	211	196	182	169	164	153	144	179	197	196	187	196	178	180	168	298	954	1102	1106	1122	1065
746	585	313	187	183	151	167	197	199	182	168	178	190	203	243	204	206	239	220	198	196	183	192	764	1084	1078	1087	1067
718	443	256	243	197	190	168	186	210	206	183	180	196	203	200	179	182	200	204	205	212	194	167	610	1068	1067	1068	1070
685	463	299	188	204	219	199	187	254	229	183	184	198	180	147	138	156	152	161	217	219	197	165	547	1055	1057	1059	1070
680	529	292	199	208	208	216	253	239	190	182	185	203	170	145	131	134	169	223	273	214	180	165	532	1053	1060	1064	1066
670	391	267	276	251	210	213	242	218	189	186	195	214	223	221	210	243	233	208	202	184	186	167	535	1079	1090	1090	1058
757	572	497	396	308	226	216	219	198	182	183	195	195	210	236	290	288	228	181	188	187	177	155	579	1142	1133	1131	1069
191	211	196	206	234	387	752	1072	1167	1129	1082	1058	1068	1060	1062	1065	1071	1066	1042	959	912	904	921	857	358	19	26	29
183	179	199	219	215	211	277	529	805	1058	1098	1061	1046	1046	1054	1079	1081	1070	1070	1048	967	912	902	927	894	387	31	28
176	169	188	212	219	221	238	237	275	562	997	1060	1030	1034	1038	1076	1116	1099	1071	1072	1046	973	944	919	932	889	334	17
162	177	241	224	213	215	236	213	215	209	490	971	999	954	1044	1060	1123	1175	1154	1077	1070	1045	998	961	919	936	810	221
146	249	314	232	215	237	249	220	230	224	223	564	911	634	859	1065	1115	1192	1237	1229	1099	1063	1044	974	936	912	935	694
228	294	222	186	220	269	217	214	244	253	250	277	600	528	442	687	993	1201	1227	1251	1289	1122	1060	1030	947	928	917	920
272	193	161	167	273	262	211	234	230	221	219	220	332	461	298	311	532	984	1329	1214	1284	1346	1129	1056	990	924	929	916
224	216	215	242	324	249	204	206	224	212	223	207	237	380	317	273	306	551	1171	1416	1227	1343	1380	1100	1023	937	934	923
203	184	198	207	187	196	282	266	217	211	222	199	197	279	385	335	336	357	682	1444	1397	1238	1414	1316	1044	967	944	941
176	191	199	198	201	277	288	227	203	204	246	232	221	214	365	357	312	289	351	893	1607	1281	1290	1470	1171	1013	953	948
156	166	166	186	287	273	256	288	302	283	271	228	196	184	303	336	214	222	201	339	1239	1521	1237	1401	1345	1061	1003	982
181	155	202	287	269	197	195	171	235	199	175	206	205	198	263	387	246	191	184	196	624	1468	1339	1297	1427	1128	1051	1012
206	197	198	239	204	177	188	151	182	198	209	240	223	208	233	383	413	214	175	197	285	992	1400	1278	1403	1206	1069	1037
200	236	213	198	197	166	189	244	238	237	259	282	241	247	251	347	529	354	213	204	178	511	1206	1268	1336	1260	1081	1056
206	198	228	229	236	239	243	240	222	210	193	199	271	302	240	271	450	533	290	149	133	263	926	1206	1257	1264	1090	1071
206	166	203	218	175	187	217	205	197	221	234	210	225	302	266	264	304	508	411	164	136	219	736	1129	1150	1207	1098	1075
225	184	191	217	190	174	239	221	198	226	206	197	212	233	220	184	206	308	440	330	193	267	644	1097	1085	1133	1096	1069
222	177	191	240	221	156	182	228	275	283	184	196	236	214	216	241	279	267	336	431	352	378	701	1074	1076	1091	1092	1064
194	188	178	194	170	178	214	217	225	272	228	194	176	163	170	223	262	230	243	307	395	505	804	1059	1074	1065	1081	1060
206	194	160	174	167	196	196	174	175	185	251	262	186	169	186	200	197	184	201	226	271	384	855	1046	1060	1047	1069	1055
293	238	159	163	198	219	234	183	174	186	198	183	167	197	190	190	157	157	213	227	238	210	604	1040	1047	1038	1061	1060
324	253	226	178	211	198	216	284	207	166	182	170	144	174	178	188	173	174	202	197	203	181	273	913	1050	1033	1069	1067
442	374	290	174	155	135	159	219	230	174	184	204	182	195	225	184	165	206	219	219	208	186	163	693	1049	1031	1077	1075
417	331	242	195	204	194	151	169	184	224	210	209	205	270	229	191	198	205	203	210	204	191	154	534	1047	1063	1088	1073
359	359	289	164	194	227	178	154	214	210	176	199	219	256	171	157	170	170	172	189	200	204	157	447	1062	1105	1130	1067
381	453	267	155	234	285	282	362	269	200	206	235	232	161	120	122	144	169	197	205	192	183	149	408	1123	1169	1211	1087
423	407	363	429	528	457	359	349	249	227	233	306	342	273	235	198	204	200	192	198	188	184	150	436	1222	1216	1303	1125
592	775	795	734	665	508	312	224	211	205	197	202	285	328	286	282	219	178	175	202	199	175	137	504	1368	1252	1357	1168
219	207	206	227	237	304	487	676	839	975	1042	1048	1045	1059	1121	1118	1078	1062	1056	995	919	908	906	943	598	81	17	26
175	150	185	271	269	242	256	368	515	732	953	1017	1033	1035	1120	1181	1173	1091	1061	1064	1005	934	924	915	955	617	87	20
158	137	180	236	238	244	240	232	228	369	715	835	990	1022	1084	1207	1228	1234	1121	1065	1066	1008	968	935	911	960	550	46
180	187	237	233	240	225	219	207	218	221	397	696	858	771	963	1153	1299	1256	1306	1188	1081	1066	1016	957	916	915	927	411
183	215	309	251	221	216	240	215	218	241	247	473	775	259	479	837	1183	1368	1276	1394	1270	1105	1070	1001	939	915	927	862
210	240	207	173	216	279	224	222	249	247	268	322	727	259	45	243	636	1298	1389	1280	1447	1323	1096	1069	970	929	919	929
208	179	161	170	263	241	191	244	231	216	243	294	558	380	0	0	86	627	1454	1337	1295	1484	1286	1070	1027	928	929	910
205	211	208	263	325	200	188	228	246	254	271	269	420	513	101	0	0	84	888	1530	1279	1317	1508	1174	1041	957	934	921
193	164	209	276	185	176	271	294	279	239	280	273	311	507	320	58	18	0	221	1216	1465	1214	1364	1387	1061	986	944	941
168	184	232	210	162	206	269	235	197	201	282	271	256	395	467	171	27	14	0	417	1391	1310	1204	1394	1181	1031	958	944
155	165	172	167	169	168	201	238	267	299	291	240	192	263	454	258	48	14	0	0	708	1413	1221	1258	1273	1065	1008	951
187	163	229	238	204	181	198	178	260	219	203	233	201	193	394	387	112	15	4	0	127	1011	1310	1186	1250	1108	1056	994
234	189	195	231	221	166	199	166	187	197	203	229	233	206	336	526	315	49	10	12	0	375	1174	1209	1184	1135	1076	1042
256	281	198	178	182	163	222	247	213	217	256	269	227	230	311	570	543	198	33	13	4	48	762	1170	1158	1126	1084	1066
213	189	219	215	199	249	290	271	234	221	212	224	275	294	275	428	589	439	116	21	19	0	413	1037	1102	1090	1079	1075
188	149	167	238	178	189	200	195	186	191	197	208	273	320	293	346	527	579	283	37	17	0	254	928	1017	1047	1068	1072
213	169	140	166	180	169	204	208	196	188	182	203	257	286	268	247	352	495	466	210	20	0	206	881	980	1004	1054	1064
223	190	150	171	214	195	224	260	311	272	219	246	280	312	291	265	340	451	504	430	202	62	255	867	997	990	1040	1059
195	153	135	218	360	324	300	276	297	310	266	245	213	208	201	239	279	331	396	421	357	222	348	922	1020	998	1045	1060
195	124	114	205	259	249	198	155	171	205	254	270	212	176	184	191	184	198	243	338	401	393	659	1021	1032	1023	1067	1066
224	155	133	165	194	248	279	194	164	192	190	174	186	203	187	193	159	173	266	246	264	297	716	1067	1046	1064	1113	1086
208	143	173	182	191	189	222	279	191	169	203	185	179	213	195	193	163	206	250	200	185	157	305	942	1077	1122	1173	1111
253	231	229	175	178	158	170	205	222	197	220	226	193	204	208	186	185	250	186	179	185	169	140	670	1127	1172	1207	1136
232	252	253	182	201	199	250	270	237	245	244	242	215	283	264	238	252	256	202	203	197	178	137	444	1167	1238	1236	1165
197	253	233	178	216	418	467	344	232	215	193	232	253	344	263	226	199	202	200	178	187	193	151	330	1212	1294	1299	1202
196	314	234	196	375	660	653	535	289	266	240	323	324	211	135	127	169	176	184	170	166	171	141	286	1292	1341	1373	1256
293	442	347	430	736	770	638	494	353	351	395	528	405	229	175	130	139	158	164	192	197	189	164	340	1417	1356	1444	1321
319	571	680	754	826	694	428	250	226	240	275	300	391	344	213	142	116	173	192	190	171	164	137	380	1538	1357	1458	1348
227	187	184	195	190	231	270	287	434	690	974	1073	1097	1186	1238	1244	1128	1065	1065	1031	942	925	918	950	787	201	10	25
170	159	162	252	262	235	220	242	237	319	648	928	1038	1121	1305	1283	1314	1189	1070	1072	1030	969	956	928	949	793	192	13
178	159	213	249	246	245	219	212	208	215	284	446	892	1038	1210	1411	1277	1369	1277	1094	1074	1044	985	939	907	953	726	118
178	203	244	218	231	232	202	187	191	209	214	223	582	687	769	1191	1480	1254	1392	1380	1136	1072	1044	960	917	912	949	590
192	162	216	225	194	183	213	193	181	203	199	192	506	232	134	415	1066	1484	1237	1399	1450	1173	1073	1033	944	922	920	918
213	184	171	184	202	220	216	201	213	213	231	235	604	280	10	33	203	1075	1475	1234	1371	1443	1123	1074	1002	936	925	922
203	192	161	179	219	193	175	217	228	210	234	279	600	292	10	28	2	203	1166	1422	1225	1346	1327	1075	1044	957	932	917
200	192	172	229	228	182	201	230	262	275	270	261	534	441	14	32	28	0	368	1277	1335	1229	1349	1182	1047	981	947	926
200	164	228	332	218	223	216	223	298	277	273	267	413	579	93	20	28	23	50	645	1287	1236	1236	1242	1073	997	952	947
184	213	340	253	189	213	218	199	183	213	277	259	359	594	265	19	27	36	26	107	801	1221	1169	1195	1106	1041	955	947
194	239	216	187	195	191	213	216	212	275	282	271	325	485	379	46	25	33	38	18	237	995	1164	1139	1102	1064	1008	941
213	233	220	190	181	176	204	204	276	220	227	287	309	335	425	133	18	34	35	35	23	507	1094	1096	1075	1072	1050	984
261	232	239	206	215	177	206	217	254	210	210	247	252	283	462	345	41	26	35	39	26	131	852	1059	1029	1061	1063	1030
289	347	290	207	214	230	294	264	222	234	245	259	232	262	424	550	162	20	34	36	35	11	514	1025	1003	1036	1062	1057
207	239	355	306	273	332	329	258	229	226	230	286	307	327	395	538	365	61	28	37	35	13	233	945	1003	1033	1060	1063
176	184	297	332	189	199	202	198	182	175	180	218	301	319	366	429	551	259	29	34	39	26	90	814	1020	1047	1070	1065
212	216	271	240	185	196	195	202	192	192	190	226	312	294	321	402	510	465	166	26	30	30	40	669	1036	1063	1090	1071
252	301	339	236	215	242	243	244	255	216	236	270	329	349	347	376	480	534	377	115	15	22	21	598	1055	1073	1105	1086
227	263	381	394	465	390	319	270	273	251	250	269	230	241	243	274	318	461	509	341	110	9	34	700	1092	1095	1138	1108
227	324	331	273	308	264	201	185	193	198	204	226	214	179	178	188	195	258	373	485	434	258	372	950	1116	1163	1187	1147
295	395	259	166	159	230	240	190	177	183	192	190	194	166	174	194	180	209	286	277	377	485	829	1069	1147	1254	1256	1206
368	300	196	196	192	214	220	230	260	222	214	183	192	218	206	187	178	215	260	201	188	206	486	1000	1201	1362	1312	1270
342	257	220	196	190	187	239	361	349	231	216	202	191	219	233	195	201	273	202	154	155	146	210	758	1279	1426	1330	1320
240	226	235	217	263	265	429	556	360	208	220	219	205	216	256	246	252	286	227	213	197	164	151	468	1326	1485	1355	1373
198	229	187	226	373	622	716	612	273	194	185	224	238	284	276	256	215	206	205	200	211	192	142	271	1306	1510	1383	1430
211	263	237	291	402	776	828	562	283	259	216	307	303	228	166	138	173	171	184	194	180	167	131	190	1267	1481	1373	1468
337	374	234	247	482	636	614	452	390	378	414	551	294	160	131	104	134	177	188	215	210	187	171	226	1297	1455	1371	1489
259	250	310	392	483	431	364	250	229	262	324	384	382	257	147	101	108	175	185	154	136	135	137	219	1301	1429	1356	1456
187	156	157	156	145	215	215	140	130	224	644	988	1245	1427	1278	1347	1276	1097	1069	1044	965	944	927	937	888	360	23	25
166	182	170	153	190	213	172	170	123	107	237	635	956	1264	1491	1278	1364	1366	1123	1079	1053	998	954	919	934	891	336	17
193	197	232	217	212	200	181	165	139	127	110	187	625	1031	1281	1524	1274	1341	1428	1167	1087	1068	987	920	901	933	847	231
141	211	302	210	187	190	171	161	132	123	100	57	275	733	548	952	1485	1294	1350	1441	1188	1073	1050	960	912	902	947	733
175	248	211	195	183	172	163	158	153	158	116	78	247	378	12	89	679	1375	1269	1293	1375	1141	1051	1030	946	919	912	935
259	264	188	201	191	155	186	203	183	184	151	105	344	362	20	24	27	576	1265	1220	1209	1232	1055	1050	998	939	918	919
266	251	178	194	187	165	173	194	216	205	190	157	420	326	18	46	39	30	567	1200	1161	1144	1115	1041	1021	962	931	917
214	216	147	193	188	195	208	230	256	231	198	124	447	351	18	51	49	34	50	664	1131	1121	1098	1067	1031	968	953	928
220	235	224	259	244	293	269	225	208	240	194	103	414	441	31	52	42	42	19	180	802	1106	1086	1062	1065	979	943	952
230	304	461	287	252	242	215	205	218	224	204	186	543	593	45	44	42	35	25	9	353	977	1068	1050	1071	1028	943	943
278	373	343	195	211	207	222	240	237	292	288	283	613	679	134	23	34	28	27	15	64	706	1056	1042	1048	1057	993	940
297	386	301	215	204	190	203	234	259	215	259	330	529	546	251	8	27	29	30	31	8	321	999	1043	1033	1052	1035	979
269	388	386	222	204	200	207	265	349	251	258	331	353	413	399	55	19	27	30	31	28	76	784	1064	1031	1049	1045	1020
246	408	482	257	279	312	330	322	268	276	323	362	308	337	453	208	8	23	27	31	31	11	450	1066	1059	1071	1063	1048
193	333	591	471	379	346	247	197	198	214	257	313	364	401	419	338	51	12	28	31	36	26	183	958	1111	1122	1112	1063
192	240	563	480	156	180	208	211	180	201	235	233	280	368	365	353	186	18	27	32	34	32	42	731	1163	1145	1175	1087
211	290	573	449	197	236	199	198	201	252	257	270	283	315	406	502	391	94	12	27	29	31	0	478	1214	1179	1231	1132
250	374	716	478	201	222	205	204	196	219	247	230	240	254	440	589	535	279	28	5	25	29	0	383	1259	1254	1290	1199
216	426	782	527	236	217	228	214	206	219	200	215	200	223	289	354	393	427	313	73	0	16	18	562	1335	1349	1338	1261
221	675	694	293	206	187	198	210	225	206	176	199	221	190	185	188	245	328	441	435	255	151	300	866	1347	1453	1353	1341
444	791	427	153	156	211	198	183	300	274	190	200	212	170	172	181	192	243	307	405	528	615	784	938	1327	1552	1354	1439
714	579	234	193	180	240	269	357	532	389	230	182	169	199	186	172	218	173	229	301	329	422	677	884	1304	1610	1313	1511
619	304	178	213	191	187	333	681	652	268	164	178	174	189	207	206	237	219	228	184	175	221	415	800	1281	1587	1282	1535
309	206	179	255	458	421	454	765	465	125	150	183	214	169	204	226	195	220	221	218	191	167	281	683	1252	1584	1279	1523
177	211	203	339	597	512	392	572	253	153	173	162	187	165	170	210	202	190	188	219	219	174	148	435	1150	1568	1280	1501
172	218	295	359	245	319	393	328	219	177	198	187	134	184	215	211	198	183	205	235	228	178	119	263	1020	1505	1260	1466
246	274	288	244	162	245	260	224	252	220	187	295	224	186	174	165	191	238	262	262	219	187	155	229	936	1433	1255	1422
233	222	249	237	217	191	197	213	212	240	259	297	297	253	176	139	119	173	182	160	143	137	143	211	877	1353	1237	1351
183	138	128	136	170	201	141	126	117	127	258	661	1276	1558	1288	1318	1445	1157	1064	1051	982	968	924	917	946	612	79	23
147	142	118	133	170	145	126	154	141	145	136	204	611	1194	1516	1334	1282	1426	1176	1093	1076	1005	944	912	918	954	559	53
132	113	119	224	159	124	136	171	168	161	138	117	243	809	1131	1413	1353	1278	1350	1170	1103	1076	996	935	913	926	941	427
90	107	308	267	153	126	141	182	149	147	141	120	119	490	535	671	1160	1304	1272	1240	1107	1078	1065	985	931	920	941	869
205	354	290	182	164	136	159	210	187	193	163	126	145	373	64	19	299	901	1146	1146	1104	1041	1054	1047	965	928	918	939
294	427	228	191	166	150	199	323	222	182	156	129	257	433	39	32	9	198	819	1080	1049	1013	1011	1037	999	940	927	918
315	362	184	173	178	166	186	193	161	197	236	176	322	380	29	46	46	22	206	839	1073	1035	1017	1013	1002	948	927	918
238	331	161	170	200	176	150	166	229	213	223	158	458	331	28	53	48	41	19	260	908	1059	1031	1033	1000	950	942	934
274	371	198	173	196	251	277	274	208	192	195	122	517	415	46	53	46	42	34	18	462	1029	1045	1043	1023	966	927	940
313	378	324	254	265	246	234	239	275	281	213	239	612	407	39	47	44	39	40	26	108	798	1060	1033	1048	1004	952	925
333	399	360	203	203	188	204	211	175	287	253	234	664	389	36	40	38	36	37	35	15	426	1040	1053	1057	1034	997	949
382	496	384	192	219	226	216	235	189	257	301	384	701	342	44	31	34	34	35	37	25	158	906	1097	1056	1042	1027	997
320	522	521	277	212	220	203	201	261	294	329	419	557	274	66	20	27	31	35	36	38	44	667	1153	1113	1114	1043	1026
282	405	441	236	227	196	200	245	245	299	409	424	434	276	98	17	26	27	31	35	40	22	404	1172	1216	1257	1136	1045
304	369	409	277	217	142	183	203	221	261	328	370	424	338	122	31	26	28	31	37	41	33	194	1089	1331	1325	1321	1082
251	252	415	299	141	185	223	251	242	234	277	324	439	411	163	69	24	26	31	31	36	36	62	870	1444	1285	1433	1163
283	277	448	346	197	243	212	220	227	249	270	263	363	442	355	222	64	22	28	31	36	37	10	567	1530	1296	1439	1281
222	297	515	381	206	264	265	234	226	351	377	281	251	379	525	449	173	43	26	28	30	37	14	428	1550	1378	1409	1394
245	307	357	233	230	240	255	272	249	342	247	259	267	316	321	392	314	132	42	21	29	33	56	587	1540	1493	1357	1462
230	432	338	184	232	274	246	230	299	353	193	186	226	236	236	232	327	311	182	73	42	70	246	648	1376	1576	1299	1512
304	415	273	181	247	275	239	254	637	694	292	221	239	192	204	193	220	296	391	376	271	266	360	518	1165	1637	1280	1547
606	367	239	194	176	225	277	447	830	768	346	231	209	224	184	205	234	220	300	455	502	513	426	375	952	1603	1273	1511
471	285	247	243	246	229	313	405	523	329	195	202	183	216	231	202	280	255	230	201	239	415	504	459	925	1487	1280	1441
270	183	172	226	445	484	294	330	339	187	185	205	201	165	231	288	262	234	218	207	144	172	516	820	996	1370	1289	1385
235	214	229	421	438	276	230	338	244	202	202	183	197	212	220	205	154	193	184	199	163	104	208	728	1002	1252	1278	1352
186	332	350	276	259	325	278	253	229	202	200	234	266	339	367	319	233	215	194	216	198	131	86	486	992	1163	1232	1300
287	326	256	235	225	229	239	203	211	256	269	267	252	207	206	256	277	271	226	182	168	156	119	362	952	1097	1163	1215
244	207	217	241	250	244	232	224	219	257	268	207	247	237	158	169	144	143	166	168	138	125	101	333	946	1053	1097	1102
151	130	124	201	224	128	128	114	85	106	134	259	900	1445	1352	1263	1256	1102	1079	1054	979	948	929	908	948	782	172	13
142	130	141	228	208	138	142	134	122	142	147	126	283	920	1252	1267	1200	1156	1080	1079	1064	998	948	918	916	960	740	123
111	124	185	360	263	167	156	165	155	147	127	147	136	517	1031	1123	1150	1127	1095	1061	1075	1071	1018	939	920	926	969	620
122	196	296	305	209	138	143	152	169	167	163	148	110	321	806	745	917	1061	1073	1046	1048	1069	1074	1005	929	928	929	940
234	249	168	143	152	127	122	149	159	166	158	151	129	400	341	60	209	659	1034	1063	1035	1039	1056	1054	977	942	924	935
177	241	153	180	159	154	170	221	143	169	185	168	222	490	119	35	23	65	556	1040	1061	1026	1030	1026	1017	957	924	924
170	198	152	179	180	180	239	246	170	233	241	193	327	437	37	44	43	30	58	599	1059	1030	1029	1031	1019	957	934	926
182	217	155	162	201	186	209	311	219	226	261	210	447	275	27	43	41	41	29	104	770	1067	1059	1068	1039	995	938	945
230	263	163	123	134	147	162	257	247	213	259	245	525	191	27	40	38	43	41	17	295	998	1118	1123	1078	1039	972	928
317	262	178	143	168	173	204	253	283	266	236	382	549	123	24	34	36	36	39	38	49	684	1177	1159	1173	1066	1035	954
337	260	222	201	199	184	220	280	244	282	309	462	461	78	23	32	33	35	38	43	22	312	1155	1230	1249	1180	1050	1027
425	355	342	204	207	271	246	315	256	280	332	593	390	48	25	29	33	34	39	45	37	89	929	1357	1245	1356	1091	1059
482	396	391	247	197	234	226	237	312	372	445	569	322	44	24	30	31	31	33	39	41	22	584	1446	1251	1421	1259	1060
411	368	214	176	252	203	198	250	324	476	597	513	274	55	24	23	28	29	32	36	41	24	285	1392	1382	1319	1447	1094
327	340	205	194	292	189	165	213	387	456	565	494	243	63	25	25	26	25	29	31	37	36	112	1141	1582	1245	1511	1196
234	233	219	225	227	227	233	275	447	398	360	503	333	115	33	29	26	26	26	28	31	37	51	853	1679	1284	1439	1337
244	205	244	309	227	221	257	268	410	458	298	375	436	232	81	34	28	26	28	28	28	34	26	577	1604	1421	1349	1447
212	174	199	303	354	244	242	251	359	571	332	315	418	394	232	83	26	25	26	25	29	32	18	301	1353	1565	1309	1475
280	177	174	175	230	248	243	275	348	598	265	282	382	441	379	256	66	19	23	25	27	30	30	161	1004	1578	1319	1468
232	257	214	202	173	211	268	280	406	678	407	235	246	334	389	387	293	75	19	25	30	31	39	96	687	1453	1321	1442
232	166	219	238	242	205	223	315	554	893	677	341	262	282	349	296	396	319	112	45	30	39	52	67	451	1275	1322	1389
305	220	274	259	194	203	241	292	410	529	389	296	302	324	277	233	231	363	405	292	126	77	62	36	354	1139	1277	1325
240	218	272	246	301	320	339	268	237	230	235	240	209	270	294	244	221	213	372	536	337	166	102	81	510	1097	1219	1255
202	202	216	274	336	324	294	277	268	234	223	232	178	204	245	296	283	228	217	349	400	274	304	391	686	1019	1150	1183
252	226	230	311	305	220	224	217	190	243	226	246	206	181	209	254	236	234	198	174	222	243	276	374	625	1017	1111	1124
239	307	230	224	235	249	265	202	197	203	231	294	345	306	260	238	243	215	213	196	128	184	288	486	876	1053	1073	1072
239	250	215	187	213	197	216	199	212	272	331	306	284	253	225	175	163	202	212	181	154	167	359	775	1023	1031	1046	1041
145	190	221	272	315	376	371	339	320	345	288	191	190	209	199	179	163	150	203	208	163	123	219	683	1024	1028	1022	1031
101	113	147	223	139	96	123	120	132	136	130	154	512	1070	1150	1111	1072	1056	1066	1054	981	936	913	905	924	894	341	15
121	127	199	216	131	111	150	169	166	156	151	142	192	600	970	1043	1066	1052	1040	1061	1056	1010	949	911	905	943	875	264
159	167	219	219	163	132	127	130	164	208	160	161	154	296	842	1029	1057	1063	1042	1043	1046	1042	1024	953	920	921	957	789
248	203	181	198	245	161	142	131	182	200	163	167	162	225	737	760	851	1053	1068	1043	1038	1053	1052	1025	952	927	919	946
234	138	145	145	155	150	163	176	191	199	172	157	162	295	454	83	125	545	1014	1071	1041	1080	1095	1071	1009	953	925	916
180	141	139	190	139	142	159	183	230	217	175	164	171	423	166	19	23	30	443	1007	1070	1088	1131	1109	1045	965	934	920
199	142	146	175	188	176	221	350	307	208	186	225	357	394	40	40	39	34	29	510	1062	1143	1166	1198	1085	999	940	934
278	190	187	170	184	190	287	615	277	211	242	296	530	172	31	38	35	38	31	71	719	1238	1219	1273	1209	1051	984	948
380	294	250	206	180	166	245	545	298	198	217	401	448	49	37	39	39	42	44	20	230	1113	1338	1232	1371	1123	1047	965
524	370	334	259	198	168	251	545	348	233	226	586	315	31	34	31	36	38	41	41	31	669	1465	1204	1388	1309	1070	1035
599	424	328	329	240	233	222	503	365	238	391	739	174	33	34	32	34	37	43	43	25	226	1350	1372	1259	1498	1127	1069
636	503	468	359	283	288	279	530	528	316	537	645	91	39	37	36	38	37	42	43	39	35	874	1597	1199	1470	1295	1069
655	583	596	411	320	281	307	482	693	443	689	517	58	47	41	40	36	36	36	36	40	20	373	1585	1341	1320	1457	1093
724	651	376	195	298	250	249	447	755	633	857	455	46	45	39	40	37	33	33	36	40	34	116	1237	1590	1229	1486	1194
660	618	395	328	402	334	278	437	791	667	772	339	50	51	45	41	35	33	33	31	32	37	40	785	1669	1272	1399	1312
433	435	411	388	293	294	431	577	721	611	649	429	79	50	40	38	35	33	31	34	37	40	26	492	1467	1403	1309	1385
341	292	238	297	252	240	343	468	550	587	489	482	181	54	43	37	37	32	35	37	39	39	26	283	1148	1491	1278	1397
348	301	147	226	352	281	270	306	395	473	393	483	340	103	44	41	34	32	32	33	39	38	32	75	775	1397	1294	1337
376	330	308	292	265	244	275	317	365	356	314	445	469	308	122	49	28	30	29	34	38	39	40	22	499	1181	1283	1287
350	313	362	328	231	219	232	314	332	411	526	360	424	440	342	228	88	18	30	36	39	42	42	27	316	1027	1215	1252
286	242	382	387	293	257	250	316	367	555	800	527	398	416	399	418	513	193	15	26	42	42	46	56	163	865	1160	1184
288	250	362	359	283	300	336	280	382	453	396	457	527	476	336	275	546	727	432	207	45	47	54	62	126	824	1109	1124
196	259	305	280	273	288	328	340	348	317	343	393	445	469	426	320	347	620	912	925	314	32	52	38	219	956	1077	1075
158	182	218	301	295	240	241	295	332	275	256	317	320	399	413	469	389	443	669	982	895	185	66	74	238	854	1068	1057
229	233	233	281	330	265	213	214	259	307	248	281	287	325	349	433	406	368	424	608	898	546	111	135	333	842	1061	1051
241	181	191	237	250	249	236	215	213	285	301	273	311	282	330	300	401	355	306	366	589	782	378	442	861	1023	1036	1048
184	164	191	196	268	221	222	252	303	396	363	294	292	277	293	237	270	342	307	256	347	672	831	948	1049	1036	1045	1082
82	135	203	248	343	394	460	466	530	525	353	280	271	261	232	225	225	275	290	268	307	455	809	1026	1035	1042	1091	1122
151	102	179	167	114	113	136	176	197	163	153	155	268	713	1017	1070	1048	1043	1025	1033	995	943	916	906	916	943	479	26
263	231	180	111	107	119	155	249	248	141	145	156	161	248	571	1001	1064	1029	1018	1044	1050	1009	967	920	905	929	940	402
427	413	192	95	92	122	150	177	211	183	177	159	170	180	342	860	1060	1021	1019	1078	1130	1110	1030	985	927	918	941	888
666	531	243	136	181	212	149	133	210	318	201	169	182	188	355	745	935	1020	1042	1097	1159	1253	1216	1065	984	933	915	937
689	482	310	187	179	219	169	200	360	394	206	192	173	188	387	302	291	632	990	1129	1201	1209	1334	1215	1035	962	925	916
722	542	349	223	153	158	168	244	391	240	175	156	132	430	256	0	0	37	358	964	1313	1189	1229	1362	1104	1006	942	929
795	617	412	260	212	193	199	291	346	196	175	222	477	481	2	6	13	13	1	345	1215	1388	1154	1368	1291	1046	981	952
869	739	519	308	228	214	236	320	249	181	180	307	667	152	4	11	14	19	17	23	618	1549	1291	1237	1461	1137	1040	1005
924	853	619	427	262	228	328	294	209	168	207	474	484	2	17	12	14	19	23	13	115	1135	1608	1175	1437	1326	1068	1025
969	933	739	539	334	277	273	300	192	163	308	789	285	1	15	8	10	14	18	21	5	435	1599	1359	1287	1476	1118	1065
967	956	763	550	406	285	230	288	208	322	686	870	82	2	12	5	7	13	17	18	17	68	1051	1616	1245	1475	1244	1069
994	1012	911	699	575	449	366	296	316	474	835	530	3	11	9	8	11	14	18	20	24	2	428	1524	1368	1356	1390	1083
1008	1045	1009	863	595	339	384	282	295	447	852	265	0	10	12	9	7	9	14	18	21	15	112	1087	1469	1272	1424	1141
1034	1044	924	654	349	174	245	327	406	599	740	140	0	5	7	6	7	9	12	17	19	27	27	612	1394	1271	1374	1216
1029	1055	1019	810	542	293	157	167	414	584	510	67	0	4	5	8	11	8	11	17	18	28	20	281	1147	1274	1270	1241
947	1009	1071	1048	730	319	160	149	225	531	494	67	0	1	6	7	9	9	12	19	22	30	26	126	836	1242	1192	1215
877	850	848	779	548	380	277	235	291	533	436	82	15	0	8	8	11	12	13	26	27	31	36	62	544	1166	1158	1169
912	900	702	419	224	178	171	188	391	591	373	104	50	6	1	7	8	14	13	21	28	31	33	25	286	937	1135	1131
946	956	715	441	170	115	122	129	300	550	408	160	82	46	12	5	10	12	14	24	32	33	28	22	128	601	1074	1111
898	779	521	309	175	101	77	139	195	526	600	260	116	86	63	39	6	0	21	27	37	37	29	6	67	620	1064	1091
852	597	389	276	168	168	149	177	202	483	687	379	195	123	104	109	194	140	12	27	42	42	30	6	128	818	1071	1067
633	430	277	197	166	178	188	164	227	518	532	371	359	205	132	102	370	791	384	113	39	49	41	60	401	949	1058	1060
372	425	367	240	157	153	143	186	232	416	638	429	412	310	171	171	290	722	870	827	379	110	91	205	624	1050	1058	1047
295	491	425	284	198	123	166	232	238	239	499	547	487	399	292	265	538	860	831	998	917	462	197	267	737	1036	1054	1048
350	244	257	227	196	168	170	145	208	232	365	567	619	593	575	545	697	902	951	918	862	744	447	490	862	1005	1067	1091
170	63	119	162	156	171	170	142	187	308	334	506	640	654	831	844	803	816	865	921	957	984	849	885	1000	1044	1146	1178
124	75	100	117	167	218	219	202	232	327	350	521	593	552	725	858	770	785	794	833	916	1060	1049	1022	1028	1112	1247	1228
101	70	85	112	226	259	229	257	265	297	364	467	636	594	609	809	744	733	715	730	873	1015	1057	1054	1026	1261	1310	1216
576	582	343	92	70	80	104	140	141	132	133	137	152	376	759	1022	1070	1117	1140	1154	1069	980	944	920	917	958	608	62
674	696	454	185	94	74	106	152	169	129	120	133	138	147	274	785	1056	1118	1150	1208	1274	1179	1020	948	920	923	967	528
804	800	512	257	132	81	98	138	169	165	159	161	175	159	158	542	1018	1065	1202	1195	1257	1351	1227	1023	950	922	932	936
950	890	631	399	244	185	196	163	160	198	239	227	177	154	167	490	959	1020	1178	1354	1224	1294	1420	1175	1010	948	919	932
979	910	757	581	424	363	269	181	218	280	276	221	161	168	351	501	509	569	818	1347	1427	1212	1364	1384	1083	992	934	920
1001	958	812	679	501	316	180	187	261	218	213	188	196	536	594	197	54	52	189	761	1571	1351	1222	1451	1241	1046	966	938
1032	995	857	688	525	342	221	234	315	223	216	228	518	774	167	28	38	40	27	173	1060	1644	1254	1333	1437	1107	1025	960
1060	1039	911	731	576	396	288	293	287	207	207	269	781	293	10	33	34	43	46	31	347	1419	1496	1240	1468	1241	1068	1018
1076	1062	956	804	622	437	440	355	222	192	157	574	597	18	28	27	29	37	39	38	54	697	1526	1318	1363	1386	1085	1058
1075	1078	991	873	695	535	408	334	269	145	297	821	212	11	28	24	27	32	36	36	27	171	1060	1404	1274	1429	1142	1078
1060	1075	1011	888	750	559	306	308	259	220	612	633	28	23	26	24	27	31	31	34	37	29	463	1260	1264	1338	1225	1075
1074	1092	1056	964	815	641	550	390	156	226	698	279	21	34	33	31	30	33	35	36	38	29	124	872	1266	1226	1268	1084
1076	1090	1069	1013	846	653	644	335	143	265	526	96	44	46	42	36	34	33	34	35	37	37	31	457	1127	1181	1230	1104
1082	1092	1069	982	743	521	435	424	383	490	358	56	56	51	47	42	38	38	36	37	33	40	28	181	842	1155	1176	1123
1086	1106	1113	1039	795	546	399	367	552	627	209	57	61	55	51	50	44	39	36	41	37	42	38	59	572	1098	1131	1120
1065	1098	1121	1110	925	615	421	289	355	440	156	53	59	55	52	47	46	44	42	45	40	45	45	24	349	988	1095	1091
1044	1038	1043	997	878	714	538	381	380	361	156	49	57	56	54	53	51	46	41	48	45	44	46	25	164	812	1080	1070
1057	1060	1003	862	682	541	493	512	688	483	134	54	59	57	54	52	49	50	46	50	45	43	44	34	65	608	1070	1064
1072	1091	1002	851	562	357	290	396	676	461	159	71	49	55	56	54	55	51	47	51	47	47	43	42	32	383	1021	1067
1054	1021	906	743	527	351	281	287	376	419	246	114	60	48	51	50	46	40	47	48	50	50	47	41	26	400	1014	1060
1050	959	816	687	508	354	259	223	237	426	318	149	88	64	60	42	107	226	38	36	48	52	40	26	71	667	1055	1062
961	893	741	617	426	260	203	210	273	492	381	170	134	84	77	58	230	833	504	154	46	50	50	102	421	939	1063	1094
848	890	744	518	333	233	186	205	255	437	507	242	176	125	78	92	151	679	896	869	579	433	467	571	788	1045	1107	1157
775	860	712	463	335	257	253	280	302	374	521	374	260	183	122	83	324	752	574	750	807	829	777	531	735	1046	1208	1194
755	657	594	520	395	302	264	254	318	392	518	496	387	312	254	251	553	779	717	577	449	649	753	380	667	1051	1340	1206
584	376	319	293	305	263	261	260	307	471	589	650	501	425	592	772	712	635	676	646	570	586	744	673	736	1139	1462	1217
400	214	170	121	196	322	416	431	448	534	623	743	732	739	948	956	743	670	672	770	746	700	747	882	996	1306	1514	1211
324	214	184	166	290	438	422	368	380	452	569	718	990	1023	966	944	736	752	830	833	864	877	892	854	974	1477	1522	1204
899	954	753	509	344	234	187	165	173	138	127	130	124	183	516	1069	1281	1192	1240	1369	1246	1018	937	915	909	948	710	103
966	990	840	659	465	317	225	178	169	125	110	139	160	156	226	669	1150	1368	1209	1243	1418	1392	1070	950	917	908	968	628
1011	1022	912	762	617	424	296	257	202	153	133	208	254	275	285	459	968	1210	1482	1253	1243	1417	1404	1048	955	916	916	949
1052	1053	983	874	744	583	501	353	167	147	257	310	301	281	297	547	737	760	1224	1609	1283	1241	1454	1271	1018	947	910	919
1066	1072	1032	961	882	832	647	361	217	236	330	232	217	307	510	531	318	217	386	1256	1620	1242	1279	1441	1118	1004	933	914
1066	1084	1051	1022	937	792	617	424	300	329	302	204	289	561	554	172	56	37	39	352	1395	1520	1220	1384	1295	1062	978	934
1067	1086	1069	1018	927	788	672	598	491	380	283	241	428	589	120	15	30	33	30	37	535	1449	1373	1262	1383	1127	1047	955
1069	1086	1071	1021	956	821	736	723	625	448	283	255	581	205	5	16	22	33	37	30	85	746	1365	1269	1319	1213	1081	1010
1072	1074	1074	1032	971	848	813	751	567	413	234	474	427	10	12	13	18	29	32	32	27	193	887	1262	1243	1247	1091	1062
1066	1065	1067	1046	992	905	804	746	634	381	306	601	121	5	12	12	16	22	28	31	32	34	335	978	1172	1194	1108	1077
1064	1066	1070	1053	1009	915	720	736	667	427	455	421	3	12	12	12	16	19	23	28	31	25	82	548	1070	1109	1103	1069
1068	1064	1069	1065	999	907	860	791	514	429	613	192	8	17	17	16	18	22	26	28	31	33	26	238	865	1087	1092	1063
1067	1060	1054	1044	1007	950	921	715	559	519	506	69	20	26	24	20	21	23	24	26	32	34	23	84	572	1060	1071	1057
1066	1061	1063	1068	1011	916	811	767	772	791	362	46	36	30	30	28	26	27	26	28	30	34	32	28	305	947	1065	1054
1065	1069	1068	1069	998	904	820	784	890	838	279	50	47	37	34	37	32	31	31	33	30	33	35	21	159	762	1064	1051
1065	1065	1058	1057	1019	929	843	758	788	674	233	48	46	42	38	35	38	36	32	37	33	35	34	24	86	607	1043	1046
1067	1063	1063	1057	1038	956	857	766	772	613	230	40	40	44	40	43	43	38	34	36	36	38	37	31	24	484	1035	1047
1068	1071	1078	1077	1019	899	833	840	927	635	219	34	48	52	45	40	41	43	43	43	43	41	41	37	10	360	1029	1062
1071	1078	1088	1077	945	779	709	788	910	588	185	24	45	56	49	39	33	43	51	49	41	42	45	45	22	262	1002	1090
1072	1081	1090	1040	894	758	710	689	717	540	129	21	46	55	51	39	60	69	50	55	48	46	49	57	34	234	995	1129
1081	1091	1070	1005	870	724	636	590	629	558	118	30	50	54	48	12	232	466	75	37	48	44	43	55	40	437	1112	1183
1080	1097	1043	951	782	630	573	591	625	452	177	57	53	59	58	20	209	941	708	309	114	60	39	89	196	768	1237	1255
1065	1087	991	838	708	622	588	610	566	315	246	105	70	63	62	38	110	774	1013	994	812	692	593	389	394	942	1340	1284
1037	1019	913	779	712	666	646	641	440	266	298	163	98	77	56	21	322	717	567	709	869	1023	939	360	343	990	1498	1273
1001	944	872	833	768	704	679	562	288	266	336	242	121	82	59	188	451	457	425	407	430	707	760	205	290	1026	1649	1254
918	800	740	698	727	721	725	470	283	351	416	412	170	172	373	647	518	346	370	342	293	341	594	558	444	1104	1709	1233
766	661	646	646	711	790	873	580	416	482	624	752	676	698	686	631	477	401	365	418	381	301	395	793	963	1240	1682	1251
712	689	674	563	473	519	661	701	617	651	797	876	1041	972	775	569	444	505	581	542	524	521	600	671	943	1292	1576	1279
1029	1057	1035	964	823	693	595	522	438	205	181	208	293	356	666	1296	1539	1239	1270	1511	1363	1036	934	913	909	943	803	171
1060	1056	1046	1025	918	806	680	570	408	192	178	225	351	371	523	860	1316	1591	1268	1222	1427	1460	1091	948	914	904	963	726
1063	1069	1079	1072	1021	894	779	695	471	236	189	306	415	450	550	641	969	1226	1605	1328	1216	1381	1412	1051	956	918	910	953
1065	1070	1086	1101	1083	992	896	785	532	358	341	470	515	408	383	514	421	421	996	1573	1345	1225	1385	1248	1018	946	913	910
1068	1069	1077	1084	1102	1107	990	788	647	550	532	465	439	309	387	294	85	13	85	853	1488	1285	1233	1327	1105	1003	932	914
1065	1066	1070	1086	1099	1081	1009	847	709	679	604	465	369	304	218	50	41	37	6	77	859	1363	1222	1238	1193	1063	973	930
1066	1064	1074	1086	1087	1066	1035	977	843	726	606	491	276	176	18	11	22	29	27	4	123	850	1218	1173	1189	1103	1041	945
1061	1063	1070	1073	1085	1066	1055	1040	965	814	623	452	228	46	11	8	16	27	28	28	3	183	854	1150	1129	1107	1078	991
1061	1060	1063	1070	1082	1075	1059	1024	929	784	633	471	137	6	13	13	15	26	29	27	31	0	271	921	1105	1083	1080	1043
1057	1060	1062	1067	1076	1078	1056	1028	947	777	633	508	47	12	16	15	15	22	29	29	29	18	5	442	1013	1037	1066	1066
1062	1067	1065	1065	1075	1075	1031	1039	990	809	659	510	10	14	18	16	17	19	23	25	26	28	7	97	762	1019	1034	1057
1064	1064	1067	1070	1068	1056	1048	1042	936	850	793	450	11	15	18	16	20	20	23	28	27	30	29	4	439	1006	1028	1046
1066	1066	1064	1059	1061	1058	1049	1010	965	894	803	335	2	17	23	20	18	20	22	23	28	29	30	5	193	910	1037	1042
1065	1061	1060	1060	1064	1070	1046	1018	1038	1034	714	246	6	13	24	23	22	22	21	21	29	30	33	21	47	675	1051	1041
1065	1066	1063	1060	1067	1068	1051	1030	1048	997	660	205	18	9	21	24	22	21	24	24	27	29	31	33	8	440	1043	1052
1070	1068	1065	1067	1066	1061	1051	1041	1031	965	655	216	70	26	22	26	27	23	22	26	25	30	29	35	16	298	1007	1085
1070	1069	1070	1074	1069	1049	1034	1027	1033	968	662	228	77	16	12	22	24	22	22	26	26	34	36	37	18	280	1018	1132
1070	1076	1078	1080	1078	1047	1019	1015	1027	947	671	224	43	0	4	14	10	17	28	30	34	36	40	41	18	279	1063	1174
1073	1076	1078	1090	1076	1037	1011	1018	995	913	624	202	32	0	1	12	0	1	36	36	33	35	44	47	23	267	1108	1226
1074	1078	1086	1087	1056	1019	1010	992	981	877	506	167	35	3	11	48	261	216	49	46	41	38	45	52	31	261	1152	1288
1079	1081	1087	1080	1042	1006	978	949	988	884	387	108	26	9	23	99	597	807	268	53	32	32	47	57	36	407	1305	1351
1078	1084	1081	1056	1018	983	955	954	954	712	302	61	8	0	24	130	497	1043	909	545	216	57	25	49	69	712	1469	1425
1073	1073	1061	1029	1007	985	964	984	902	492	237	22	0	0	19	164	455	956	1072	1059	955	710	383	89	185	916	1544	1422
1071	1050	1029	1020	1022	1005	990	987	707	295	164	17	4	2	53	231	663	916	860	897	1003	1067	873	331	370	985	1592	1392
1058	1034	1015	1016	1026	1021	1029	905	446	166	132	67	37	57	197	509	650	522	602	690	755	900	775	475	471	1004	1596	1362
1036	1028	1021	1005	1024	1067	1088	752	337	187	148	180	156	322	496	657	553	437	479	543	491	540	758	793	637	1029	1539	1324
989	996	1005	1027	1061	1094	1152	739	359	321	410	604	718	755	447	366	364	426	471	477	348	360	566	917	999	1083	1451	1307
977	1001	998	903	692	563	684	793	714	726	858	835	930	812	451	273	294	387	469	473	368	360	590	818	998	1070	1323	1275
1069	1067	1072	1088	1101	1075	1019	965	831	547	519	556	694	766	981	1411	1603	1291	1262	1464	1301	1018	937	913	911	936	896	300
1070	1069	1070	1076	1098	1113	1080	999	812	571	536	575	748	780	890	1036	1294	1541	1326	1227	1348	1319	1047	947	915	908	949	828
1071	1068	1070	1073	1083	1103	1112	1076	869	628	559	638	751	679	664	694	880	1062	1435	1339	1209	1298	1241	1020	955	926	911	947
1066	1063	1065	1069	1074	1088	1095	1110	989	777	686	798	791	392	214	200	190	289	755	1280	1288	1195	1243	1124	1005	943	927	911
1064	1067	1067	1066	1063	1072	1091	1102	1073	964	886	880	659	137	59	34	44	39	67	508	1065	1155	1165	1138	1062	989	936	922
1065	1064	1063	1062	1062	1069	1078	1091	1076	1020	968	875	411	30	11	26	43	46	30	24	333	809	1046	1101	1069	1045	963	930
1064	1062	1060	1060	1064	1064	1072	1080	1080	1033	994	844	217	2	26	32	35	40	32	27	18	264	690	994	1050	1063	1019	950
1057	1057	1059	1055	1054	1057	1066	1066	1079	1054	1007	759	98	17	32	29	30	37	36	34	29	27	294	749	987	1040	1051	984
1059	1057	1055	1060	1057	1062	1060	1063	1065	1045	1020	702	77	25	35	30	29	36	36	33	37	26	43	428	877	1020	1056	1025
1055	1057	1057	1056	1056	1059	1059	1053	1047	1033	1000	712	101	29	34	33	30	35	39	36	32	32	18	125	719	1020	1053	1054
1058	1061	1061	1057	1058	1061	1059	1057	1051	1019	983	799	152	28	34	33	33	33	36	34	33	33	35	16	453	1029	1043	1055
1060	1060	1061	1063	1057	1059	1060	1055	1060	1030	994	850	243	32	31	32	33	32	35	38	34	36	39	22	193	951	1056	1059
1065	1061	1062	1058	1058	1053	1057	1062	1054	1031	1011	789	302	55	31	33	34	35	33	34	35	35	38	36	70	770	1079	1076
1066	1064	1059	1060	1058	1060	1063	1060	1050	1020	986	698	326	91	29	37	36	35	33	30	35	37	40	39	11	444	1080	1099
1068	1064	1060	1064	1061	1061	1066	1066	1049	1033	969	649	354	132	36	33	34	31	32	32	38	39	38	40	9	281	1073	1151
1068	1067	1066	1064	1064	1063	1069	1069	1055	1053	977	680	478	263	79	34	35	34	35	32	32	40	38	39	15	232	1072	1222
1066	1068	1064	1067	1068	1067	1074	1079	1060	1063	996	705	500	325	155	48	21	30	35	37	34	37	40	37	25	267	1125	1307
1063	1064	1069	1063	1067	1077	1081	1078	1059	1074	1017	702	431	268	206	121	42	20	31	35	33	33	39	40	23	356	1243	1372
1065	1065	1068	1069	1077	1082	1081	1077	1053	1073	1003	680	420	285	253	247	206	49	22	26	28	32	40	41	23	410	1335	1429
1068	1070	1072	1076	1079	1084	1086	1073	1059	1065	940	635	418	313	323	399	696	491	78	21	25	27	39	41	29	471	1383	1478
1072	1072	1078	1085	1089	1093	1093	1069	1065	1086	852	540	375	330	382	551	967	1042	557	100	5	21	41	35	49	610	1438	1498
1073	1077	1080	1089	1099	1103	1085	1055	1049	1027	738	427	284	268	364	600	911	1075	1043	724	261	50	13	25	189	853	1470	1512
1073	1073	1085	1097	1104	1098	1071	1067	1037	890	618	291	200	216	343	629	925	1052	1064	1063	963	611	257	185	491	989	1437	1487
1073	1077	1090	1097	1107	1088	1067	1072	968	696	501	267	223	249	406	710	989	1058	1061	1048	1060	1056	926	701	799	1011	1353	1439
1076	1083	1091	1093	1094	1086	1083	1059	830	542	445	357	358	407	598	854	861	806	948	1006	1006	1028	950	926	923	1013	1253	1367
1077	1087	1090	1081	1071	1091	1102	978	686	496	441	475	588	749	759	675	669	740	832	917	864	900	1006	1025	1001	1028	1169	1293
1070	1083	1070	1055	1069	1074	1101	939	657	570	573	704	917	968	601	403	489	667	815	856	688	743	975	1063	1055	1043	1095	1215
1054	1048	1061	1051	891	709	676	763	825	861	909	857	933	927	581	387	382	462	626	767	614	548	842	1061	1064	1050	1049	1131
1070	1075	1077	1075	1076	1085	1093	1094	1081	1042	1008	1010	1048	1020	1027	1207	1402	1294	1216	1268	1139	976	921	907	903	916	962	490
1073	1073	1070	1072	1079	1079	1084	1086	1099	1081	1022	1027	1079	1060	1001	960	1063	1253	1236	1167	1196	1108	973	936	912	908	925	914
1071	1068	1072	1075	1078	1077	1074	1081	1102	1107	1053	1060	1091	932	677	620	751	954	1154	1183	1137	1133	1051	985	944	926	910	931
1068	1067	1074	1073	1076	1078	1082	1081	1096	1105	1099	1098	1026	503	226	196	270	474	799	1044	1125	1104	1066	1032	989	936	934	915
1066	1072	1074	1072	1073	1081	1082	1085	1093	1107	1114	1112	785	266	142	99	69	60	124	388	711	922	1053	1037	1035	974	951	932
1068	1068	1070	1069	1073	1077	1077	1087	1089	1096	1098	1065	578	219	99	36	32	35	28	11	68	292	766	1052	1049	1016	979	949
1064	1065	1068	1071	1077	1074	1078	1081	1086	1091	1090	1002	472	159	43	31	41	36	35	33	20	2	172	808	1051	1037	1014	986
1058	1063	1064	1067	1069	1068	1078	1077	1082	1085	1083	957	412	107	27	33	33	36	36	36	32	25	4	288	923	1038	1037	1015
1064	1063	1062	1071	1068	1068	1071	1073	1075	1076	1066	955	403	76	27	27	31	34	34	30	30	33	23	37	599	1036	1060	1057
1058	1060	1067	1065	1063	1070	1067	1067	1063	1059	1052	982	431	57	16	29	30	32	29	33	32	34	33	6	316	1006	1087	1100
1060	1061	1063	1062	1069	1065	1065	1066	1062	1050	1046	1035	525	53	10	22	26	27	31	32	35	32	32	18	188	952	1094	1106
1062	1065	1060	1065	1063	1063	1064	1062	1055	1051	1042	1073	706	81	0	18	23	28	32	33	34	36	36	31	122	889	1128	1117
1067	1065	1064	1062	1060	1059	1060	1057	1053	1056	1042	1078	861	179	0	10	27	32	28	32	33	35	37	37	82	761	1185	1154
1064	1066	1064	1064	1063	1059	1057	1055	1059	1052	1037	1059	919	335	16	9	23	28	28	30	32	36	41	39	56	481	1206	1212
1066	1067	1066	1066	1062	1063	1060	1057	1053	1053	1031	1051	957	490	117	17	17	29	30	29	34	36	35	34	37	373	1242	1308
1066	1067	1066	1064	1063	1060	1061	1056	1057	1043	1035	1067	1062	741	314	90	18	23	32	26	29	31	29	28	24	384	1309	1402
1070	1072	1066	1062	1067	1063	1063	1065	1059	1037	1032	1064	1062	902	550	249	76	33	28	26	23	23	22	24	31	414	1344	1483
1068	1065	1068	1066	1067	1074	1071	1066	1056	1035	1033	1059	1031	875	701	467	273	135	60	26	14	18	18	26	54	501	1400	1537
1064	1067	1071	1070	1078	1076	1074	1072	1044	1031	1039	1070	1044	901	807	740	666	335	135	67	32	21	17	24	70	591	1408	1548
1069	1071	1070	1075	1070	1076	1079	1066	1034	1034	1046	1078	1046	940	928	952	1025	764	304	137	74	37	29	24	76	681	1363	1543
1072	1076	1078	1076	1080	1077	1075	1055	1031	1030	1060	1072	1011	962	1010	1073	1052	1055	784	325	154	106	55	28	164	840	1289	1502
1075	1076	1077	1076	1079	1076	1066	1036	1027	1032	1066	1015	906	891	998	1103	1070	1054	1070	815	408	236	139	154	505	1016	1202	1431
1076	1076	1082	1086	1080	1068	1047	1031	1027	1044	1057	913	803	838	984	1099	1068	1043	1054	1060	939	689	538	595	892	1048	1120	1339
1081	1086	1088	1083	1079	1057	1036	1027	1029	1054	1054	911	835	887	1025	1092	1061	1033	1040	1045	1055	1042	1011	1017	1041	1036	1060	1229
1090	1097	1095	1089	1074	1049	1032	1023	1043	1060	1039	980	972	1007	1021	978	900	936	1050	1052	1051	1061	1074	1077	1062	1054	1036	1124
1095	1101	1098	1087	1059	1040	1026	1031	1054	1058	1045	1048	1059	1074	972	773	754	929	1038	1038	1060	1079	1070	1054	1051	1061	1040	1066
1092	1097	1093	1093	1086	1047	1012	1028	1063	1071	1074	1075	1068	1083	931	700	752	865	966	1043	1051	1038	1070	1056	1055	1064	1047	1043
1074	1083	1121	1115	996	879	850	944	1044	1076	1078	1075	1061	1104	990	736	649	663	821	1010	994	927	1031	1063	1060	1061	1057	1039
1065	1065	1063	1065	1065	1066	1069	1070	1062	1049	1028	1027	1026	1014	1017	1053	1111	1138	1114	1085	1038	971	925	924	917	915	976	694
1066	1063	1060	1065	1064	1069	1068	1063	1062	1059	1037	1011	1020	1018	999	994	1015	1055	1072	1069	1063	1038	986	946	934	920	922	969
1061	1061	1061	1059	1066	1062	1066	1066	1063	1058	1043	1007	994	1017	1009	952	950	1009	1063	1082	1080	1063	1048	1006	960	942	931	931
1060	1063	1058	1063	1065	1069	1068	1069	1062	1057	1049	1030	1013	995	862	791	816	886	931	1019	1080	1075	1055	1054	1012	971	958	935
1066	1061	1061	1063	1067	1072	1070	1073	1068	1068	1061	1044	1044	920	647	469	272	210	223	337	615	925	1070	1059	1047	1015	1006	968
1059	1061	1063	1062	1067	1067	1071	1070	1072	1069	1072	1061	1050	797	413	143	52	39	37	33	46	216	767	1080	1062	1046	1056	1013
1061	1063	1063	1066	1063	1067	1070	1072	1076	1079	1081	1082	1028	569	169	73	49	45	50	50	43	12	136	798	1083	1073	1078	1053
1057	1058	1057	1062	1067	1070	1071	1076	1080	1087	1090	1104	984	386	101	61	41	47	48	46	46	42	20	219	918	1103	1112	1098
1061	1052	1055	1065	1065	1067	1069	1074	1078	1087	1099	1121	940	284	86	54	43	43	44	44	44	40	38	27	536	1116	1154	1189
1055	1058	1062	1065	1066	1066	1071	1072	1077	1087	1102	1119	917	247	84	54	43	46	42	43	39	41	45	35	245	1046	1204	1252
1057	1065	1066	1069	1071	1071	1074	1074	1083	1085	1098	1115	947	267	83	49	41	41	38	39	44	43	42	32	148	977	1260	1234
1064	1065	1063	1065	1068	1072	1070	1078	1078	1081	1083	1091	1018	353	89	59	42	44	39	42	42	42	46	35	171	981	1340	1203
1065	1066	1071	1069	1068	1072	1074	1076	1076	1076	1072	1070	1079	542	116	75	41	40	36	37	36	40	44	44	226	951	1457	1222
1063	1067	1062	1070	1074	1071	1073	1074	1076	1073	1071	1048	1078	787	225	91	50	34	33	34	37	41	45	63	267	829	1512	1276
1064	1071	1066	1069	1070	1072	1074	1075	1078	1079	1069	1051	1056	957	489	160	71	38	32	30	29	37	51	84	255	711	1517	1377
1067	1064	1068	1071	1069	1065	1070	1075	1083	1077	1059	1053	1052	1030	810	418	124	51	33	30	39	53	72	114	239	662	1491	1500
1069	1067	1067	1062	1069	1072	1075	1076	1073	1071	1053	1041	1037	1049	988	772	384	163	84	56	57	92	102	127	228	668	1376	1584
1063	1067	1068	1068	1072	1073	1073	1071	1073	1067	1042	1041	1045	1047	1038	946	779	528	279	142	98	137	131	145	299	767	1228	1577
1061	1063	1071	1069	1070	1072	1071	1074	1064	1053	1036	1047	1047	1043	1037	1020	978	840	589	358	224	160	139	160	350	847	1137	1482
1062	1065	1061	1063	1063	1064	1069	1067	1060	1045	1033	1041	1051	1045	1047	1041	1025	999	864	632	409	247	172	153	322	888	1098	1344
1061	1064	1064	1060	1061	1063	1064	1063	1045	1027	1036	1049	1060	1053	1053	1044	1032	1034	992	858	682	473	279	213	500	986	1060	1220
1060	1055	1057	1062	1069	1068	1065	1056	1032	1032	1036	1054	1066	1055	1048	1042	1035	1032	1032	1001	900	769	618	630	922	1071	1051	1123
1060	1060	1064	1065	1061	1060	1059	1037	1033	1041	1043	1051	1052	1056	1044	1035	1031	1033	1038	1051	1025	1011	1010	1053	1097	1071	1051	1057
1063	1060	1060	1063	1067	1059	1042	1033	1047	1047	1037	1035	1035	1037	1037	1036	1038	1038	1041	1047	1051	1057	1067	1083	1082	1071	1049	1034
1059	1056	1060	1060	1062	1044	1033	1051	1050	1047	1030	1021	1023	1024	1022	1023	1034	1053	1056	1058	1058	1056	1056	1065	1073	1077	1064	1043
1060	1054	1053	1057	1046	1024	1042	1049	1045	1036	1030	1020	1008	1010	1035	1033	1018	1043	1053	1045	1058	1065	1063	1064	1072	1078	1070	1068
1057	1045	1033	1027	1013	1025	1046	1048	1048	1033	1029	1023	1016	1008	1039	1057	1021	1024	1042	1052	1069	1064	1063	1067	1072	1080	1077	1095
1049	1025	1012	1008	1010	1038	1045	1037	1035	1030	1037	1037	1031	1017	1000	1003	1031	1013	1013	1047	1069	1069	1071	1062	1064	1063	1098	1124
1068	1070	1067	1066	1072	1070	1073	1076	1078	1076	1065	1058	1053	1051	1050	1061	1067	1060	1049	1049	1032	978	936	936	931	918	956	844
1068	1069	1065	1064	1066	1072	1074	1074	1078	1083	1081	1064	1044	1043	1049	1050	1047	1027	1038	1047	1048	1043	1004	973	957	939	919	972
1062	1061	1062	1061	1063	1069	1074	1077	1078	1082	1090	1089	1063	1035	1040	1038	1016	952	976	1028	1049	1048	1045	1030	1012	1005	971	935
1063	1062	1058	1062	1064	1065	1070	1072	1077	1078	1089	1093	1093	1054	1033	1056	1021	975	944	968	1034	1056	1047	1049	1051	1063	1044	973
1063	1059	1061	1060	1061	1068	1065	1074	1072	1083	1089	1096	1100	1064	1012	938	672	514	433	481	665	878	1042	1060	1079	1118	1088	1039
1054	1057	1061	1059	1064	1065	1069	1069	1077	1082	1088	1098	1103	1043	889	611	199	29	7	10	44	194	674	1075	1104	1169	1165	1070
1063	1061	1061	1060	1058	1058	1064	1067	1069	1075	1085	1097	1103	952	709	382	59	26	29	21	16	10	117	798	1161	1224	1256	1157
1057	1057	1056	1060	1062	1060	1060	1068	1072	1078	1083	1101	1079	840	577	229	33	29	27	26	24	25	2	294	1067	1293	1249	1333
1058	1057	1060	1066	1065	1068	1065	1070	1074	1081	1087	1093	1034	765	507	150	34	30	24	27	27	25	23	46	721	1344	1234	1382
1059	1061	1058	1058	1063	1066	1071	1072	1075	1076	1081	1076	1003	753	482	118	37	31	30	27	29	27	28	21	421	1333	1308	1272
1056	1055	1057	1064	1070	1072	1078	1072	1076	1075	1070	1058	998	774	517	136	38	31	28	25	26	32	38	27	344	1265	1448	1183
1061	1060	1064	1072	1070	1071	1066	1071	1069	1065	1061	1045	1010	826	622	215	41	34	30	29	33	38	43	50	433	1191	1622	1156
1067	1066	1067	1061	1066	1071	1074	1069	1066	1064	1055	1035	1022	905	757	382	71	34	30	30	35	42	44	99	601	1094	1699	1234
1059	1063	1066	1064	1069	1069	1072	1063	1062	1059	1053	1038	1016	972	890	622	199	47	32	37	42	42	56	233	723	1023	1633	1392
1060	1061	1061	1065	1071	1070	1067	1062	1060	1055	1043	1034	1010	1008	969	848	463	107	44	53	56	83	192	414	773	984	1444	1535
1066	1066	1062	1063	1068	1066	1065	1065	1059	1059	1039	1026	1020	1025	1016	935	732	335	145	138	176	278	402	573	795	957	1253	1520
1068	1069	1067	1068	1069	1064	1067	1065	1056	1042	1038	1025	1029	1031	1039	1008	964	811	569	446	454	564	610	670	805	968	1112	1370
1066	1065	1072	1072	1074	1076	1068	1067	1055	1032	1023	1023	1033	1033	1037	1045	1048	1065	985	830	730	779	781	760	863	1005	1033	1189
1069	1071	1075	1072	1066	1065	1067	1070	1054	1031	1013	1029	1044	1042	1056	1064	1066	1071	1062	1018	943	864	827	836	924	1035	1035	1096
1067	1076	1073	1074	1074	1072	1075	1075	1046	1024	1031	1050	1055	1062	1066	1065	1056	1054	1069	1054	1001	904	811	799	925	1057	1065	1075
1072	1079	1079	1076	1076	1078	1075	1055	1030	1028	1047	1061	1065	1066	1064	1052	1034	1050	1048	1048	1035	983	899	887	998	1066	1064	1062
1079	1082	1082	1081	1088	1083	1074	1049	1036	1042	1058	1051	1027	1026	1041	1044	1019	1024	1019	1049	1043	1025	1033	1048	1065	1067	1060	1051
1081	1086	1089	1088	1088	1081	1058	1049	1042	1044	1009	916	894	957	1017	1029	1022	1008	1025	1050	1052	1046	1055	1067	1068	1066	1064	1060
1082	1085	1096	1096	1097	1068	1046	1047	1045	995	832	702	718	830	964	1016	1022	1022	1032	1043	1049	1050	1057	1059	1062	1064	1064	1059
1086	1093	1102	1103	1088	1052	1048	1044	993	886	699	579	606	699	857	1004	1029	1029	1041	1049	1051	1053	1059	1057	1063	1067	1065	1064
1095	1098	1101	1100	1081	1069	1066	983	853	760	663	558	537	613	767	969	1046	1049	1054	1056	1053	1059	1060	1061	1069	1069	1069	1130
1102	1101	1087	1080	1094	1107	1023	859	744	664	637	612	558	572	715	982	1076	1077	1071	1049	1052	1062	1066	1065	1071	1067	1102	1261
1076	1075	1086	1107	1122	1084	927	766	659	617	628	659	659	665	738	895	1050	1070	1022	1021	1065	1065	1068	1068	1062	1053	1229	1358
1062	1059	1063	1064	1063	1062	1062	1058	1061	1057	1053	1053	1045	1040	1038	1042	1061	1065	1067	1062	1055	1031	1012	1022	1003	955	933	957
1063	1058	1059	1061	1057	1055	1061	1062	1063	1058	1051	1053	1045	1035	1028	1039	1057	1043	1029	1055	1057	1043	1032	1062	1081	1035	962	947
1060	1055	1059	1060	1056	1060	1063	1067	1063	1060	1055	1053	1040	1014	1017	1041	1058	1032	971	1002	1041	1041	1038	1071	1139	1105	1035	955
1062	1062	1059	1056	1053	1061	1063	1059	1060	1059	1056	1046	1050	1023	991	1035	1070	1066	1019	969	1011	1063	1040	1077	1188	1220	1096	1018
1058	1058	1058	1060	1062	1059	1059	1059	1062	1063	1054	1051	1047	1038	977	1017	1009	880	686	468	446	699	1011	1087	1215	1275	1237	1061
1057	1063	1060	1064	1064	1059	1065	1064	1064	1060	1056	1055	1048	1034	978	944	784	489	160	24	10	48	489	1046	1302	1208	1356	1154
1062	1058	1056	1056	1060	1062	1062	1065	1064	1060	1058	1051	1042	1022	955	849	617	283	46	41	33	20	47	686	1388	1246	1277	1365
1060	1058	1058	1060	1059	1062	1062	1066	1066	1065	1065	1055	1040	1003	923	782	491	164	25	35	28	30	5	281	1260	1443	1149	1454
1059	1059	1064	1061	1066	1066	1069	1066	1067	1068	1060	1057	1038	999	894	717	387	103	26	31	27	25	17	93	961	1646	1187	1331
1059	1063	1062	1060	1066	1067	1065	1067	1067	1065	1060	1063	1046	1014	893	656	316	82	43	36	21	21	17	48	752	1647	1381	1201
1062	1063	1059	1062	1067	1072	1070	1070	1071	1069	1069	1065	1052	1033	950	669	314	107	78	59	35	28	17	91	743	1436	1602	1176
1063	1063	1061	1065	1069	1070	1076	1075	1074	1072	1068	1062	1056	1037	1034	768	375	154	131	112	96	93	76	237	869	1200	1688	1228
1062	1062	1066	1064	1070	1072	1074	1071	1076	1074	1070	1060	1054	1029	1074	949	519	255	153	92	97	91	85	317	968	1069	1530	1350
1058	1059	1066	1068	1073	1074	1072	1073	1074	1070	1066	1063	1029	1029	1066	1066	771	428	219	150	167	162	201	592	1019	1035	1258	1431
1059	1064	1066	1068	1078	1077	1074	1076	1075	1065	1063	1042	1012	1037	1040	1053	962	648	381	306	318	406	619	891	1031	1045	1083	1302
1063	1065	1068	1070	1073	1079	1080	1079	1074	1069	1056	1005	1023	1034	1034	1024	1012	902	720	643	659	782	925	997	1048	1048	1038	1105
1062	1068	1073	1072	1074	1073	1085	1082	1076	1060	1024	1001	1024	1012	1030	1057	1058	1022	999	975	972	987	1010	1026	1054	1053	1038	1030
1064	1075	1074	1073	1081	1085	1083	1086	1070	1036	983	1013	1023	1011	1037	1082	1093	1076	1056	1031	980	997	1014	998	1020	1049	1039	1030
1068	1068	1069	1075	1078	1083	1088	1078	1052	1014	967	1004	1022	1032	1049	1063	1067	1065	1056	1042	987	1009	1018	1018	1020	1039	1043	1040
1067	1069	1075	1080	1077	1079	1090	1065	1036	987	944	960	977	990	998	1000	1014	1016	1036	1006	1012	1024	1022	1046	1059	1049	1055	1057
1063	1072	1071	1077	1083	1090	1078	1041	995	877	819	826	840	880	918	930	945	966	996	1008	1020	1026	1024	1030	1041	1047	1048	1049
1071	1074	1080	1078	1089	1094	1053	975	832	679	661	644	600	702	830	888	901	898	914	1000	1014	1023	1037	1056	1045	1044	1047	1045
1070	1071	1074	1081	1088	1073	954	802	661	529	465	365	312	405	623	821	901	914	928	989	1010	1024	1036	1044	1044	1043	1055	1048
1064	1065	1071	1072	1080	974	792	640	546	424	264	161	129	165	341	636	847	939	971	990	1003	1023	1033	1037	1044	1043	1055	1096
1062	1062	1063	1065	1022	820	618	477	411	304	172	109	92	91	152	408	752	930	984	995	1001	1013	1023	1034	1045	1045	1066	1215
1062	1064	1064	1032	873	665	504	368	260	182	122	90	77	77	103	294	658	906	1007	1018	1004	1025	1040	1038	1047	1040	1119	1386
1064	1067	1033	869	727	563	365	258	180	126	95	83	72	74	98	330	668	894	999	878	966	1042	1043	1050	1053	1025	1234	1483
1060	1035	844	654	693	603	291	184	131	101	90	85	82	92	151	358	674	903	843	617	908	1057	1050	1051	1038	1016	1421	1446
1073	1071	1069	1070	1069	1067	1064	1064	1066	1064	1073	1080	1077	1067	1041	1036	1040	1051	1063	1060	1038	1052	1173	1267	1152	1015	948	975
1067	1067	1070	1070	1066	1067	1072	1068	1066	1068	1069	1070	1078	1072	1040	1041	1048	1043	1034	1041	1041	1031	1162	1232	1268	1123	1004	945
1062	1063	1066	1064	1066	1066	1072	1070	1069	1072	1070	1074	1082	1075	1041	1039	1047	1049	1016	993	1017	1010	1130	1243	1238	1308	1075	977
1065	1067	1064	1065	1060	1066	1062	1062	1064	1067	1068	1070	1074	1069	1038	1027	1058	1072	1062	973	981	1034	1069	1331	1203	1357	1235	1040
1064	1066	1065	1066	1066	1067	1063	1065	1072	1070	1068	1075	1072	1071	1033	1020	1062	1065	976	626	583	824	1004	1358	1327	1215	1416	1113
1060	1067	1063	1064	1065	1057	1063	1071	1070	1065	1068	1071	1073	1068	1045	1018	1035	983	653	223	160	253	594	1184	1578	1162	1392	1317
1065	1061	1060	1062	1064	1059	1061	1070	1068	1067	1073	1072	1068	1068	1045	1016	1009	881	448	153	71	60	137	703	1672	1348	1222	1515
1060	1057	1060	1058	1057	1062	1066	1071	1068	1071	1070	1070	1073	1070	1036	1008	990	766	352	132	60	44	45	363	1380	1667	1162	1446
1061	1062	1063	1065	1066	1065	1068	1070	1073	1074	1071	1070	1068	1064	1013	1009	941	693	372	153	77	52	35	253	1058	1745	1325	1283
1061	1058	1059	1062	1063	1069	1068	1073	1074	1071	1069	1071	1074	1060	1013	997	898	668	449	238	120	60	26	277	977	1459	1529	1229
1061	1063	1063	1060	1062	1067	1069	1068	1068	1072	1072	1076	1073	1037	1024	998	888	712	568	441	343	250	205	563	1022	1175	1493	1283
1065	1063	1064	1063	1065	1069	1074	1072	1078	1072	1076	1074	1065	1027	1042	1018	930	799	718	655	648	636	662	877	1057	1081	1314	1293
1060	1064	1063	1067	1067	1073	1074	1076	1070	1070	1075	1077	1045	1029	1051	1041	946	880	830	705	679	652	689	894	1065	1070	1150	1234
1059	1059	1064	1065	1071	1077	1074	1067	1072	1074	1067	1069	1011	1031	1044	1043	979	942	927	831	794	765	773	931	1052	1055	1067	1141
1061	1064	1063	1064	1068	1069	1067	1069	1072	1071	1070	1026	1007	1048	1056	1044	1014	1002	1001	981	946	952	973	1016	1048	1051	1044	1078
1064	1064	1073	1073	1074	1077	1079	1077	1078	1078	1063	1004	1041	1063	1064	1047	1009	982	995	1034	1051	1074	1076	1069	1067	1051	1035	1046
1064	1069	1070	1073	1077	1078	1088	1091	1092	1089	1041	1035	1058	1040	990	963	938	872	883	977	1064	1099	1093	1069	997	1034	1043	1042
1066	1064	1069	1075	1078	1083	1091	1097	1103	1072	1040	1065	1022	920	802	729	751	786	795	882	984	1066	1066	729	537	895	1056	1054
1060	1057	1060	1062	1071	1080	1087	1094	1077	1051	1090	1034	884	727	602	524	523	618	724	833	944	1021	1027	713	494	868	1064	1061
1060	1054	1054	1056	1061	1078	1096	1087	1053	1096	925	631	522	481	430	388	389	451	592	742	912	1013	1040	820	678	969	1061	1063
1059	1051	1052	1056	1070	1087	1098	1068	1056	788	366	252	262	289	305	299	326	376	474	649	851	984	1037	743	700	1020	1056	1051
1056	1048	1048	1054	1063	1071	1070	1069	788	262	136	145	139	168	217	241	265	314	389	544	785	972	1013	983	1013	1050	1040	1071
1058	1053	1051	1045	1046	1059	1054	785	275	97	83	69	60	78	125	182	222	265	347	488	714	951	982	1058	1110	1049	1033	1205
1060	1049	1043	1036	1042	1053	819	282	95	78	46	32	33	37	63	109	170	225	312	456	662	928	982	1070	1088	1040	1052	1426
1062	1052	1041	1040	1068	881	307	77	66	56	39	28	25	22	27	64	132	196	283	420	622	904	1003	1096	1084	1045	1101	1572
1054	1061	1060	1068	945	373	61	51	43	31	27	22	19	20	20	46	106	171	269	418	607	899	1064	1096	1077	1037	1171	1639
1054	1076	1089	974	459	72	40	34	25	24	23	17	16	20	21	52	106	157	263	379	556	926	1084	1076	1071	1027	1242	1615
1059	1085	951	470	154	94	36	19	18	13	17	18	18	20	25	55	105	155	235	321	466	979	1090	1066	1057	1025	1317	1584
1067	1063	1063	1063	1064	1065	1061	1058	1062	1063	1066	1067	1074	1069	1048	1031	1033	1037	1048	1041	1091	1267	1243	1315	1322	1028	944	959
1059	1064	1060	1060	1059	1062	1063	1063	1064	1063	1064	1065	1069	1074	1058	1027	1036	1025	1029	1045	1041	1225	1338	1198	1385	1220	995	939
1060	1062	1060	1059	1059	1061	1062	1060	1059	1060	1061	1060	1070	1071	1062	1022	1031	1033	1013	1008	1029	1079	1437	1268	1214	1432	1099	982
1062	1061	1057	1060	1059	1061	1057	1058	1057	1062	1063	1063	1064	1065	1061	1015	1023	1042	1029	983	1008	1026	1287	1536	1144	1375	1339	1044
1066	1057	1059	1061	1062	1063	1059	1058	1065	1063	1059	1059	1063	1072	1062	1007	1006	1041	1018	907	895	988	1051	1600	1350	1168	1488	1164
1056	1063	1063	1060	1057	1056	1058	1061	1065	1058	1061	1062	1069	1069	1064	1014	1009	1044	954	796	732	770	884	1261	1670	1157	1370	1403
1062	1062	1058	1061	1063	1059	1058	1063	1060	1057	1065	1067	1069	1065	1063	1029	1032	1029	901	756	640	602	673	920	1568	1421	1211	1502
1059	1056	1057	1058	1058	1057	1060	1062	1059	1063	1061	1062	1066	1070	1061	1028	1048	1000	864	725	590	528	542	771	1212	1549	1226	1374
1061	1056	1063	1058	1058	1059	1058	1055	1062	1066	1059	1065	1075	1070	1047	1031	1048	975	872	734	587	499	480	710	1045	1374	1316	1254
1062	1061	1059	1059	1058	1064	1060	1067	1065	1062	1065	1069	1068	1064	1035	1034	1033	964	894	790	656	528	481	727	1027	1146	1316	1210
1061	1061	1061	1060	1063	1061	1062	1064	1059	1065	1068	1068	1071	1039	1011	1024	1015	973	948	915	844	739	683	884	1049	1044	1186	1180
1065	1070	1068	1063	1064	1067	1066	1064	1066	1064	1066	1069	1054	1011	991	997	1007	976	956	945	943	951	973	1026	1048	1032	1076	1117
1066	1066	1066	1070	1070	1068	1068	1074	1070	1071	1075	1068	1023	985	954	947	925	879	853	834	847	897	970	1045	1056	1046	1039	1071
1066	1063	1068	1076	1076	1075	1075	1076	1078	1083	1074	1037	992	944	914	852	749	710	721	729	765	825	914	1024	1059	1046	1035	1047
1070	1075	1078	1075	1077	1084	1087	1088	1089	1084	1045	992	938	848	801	731	584	551	590	639	700	774	879	1006	1060	1046	1038	1042
1074	1082	1087	1083	1088	1088	1092	1096	1091	1053	1006	942	790	668	601	546	450	399	450	526	629	740	848	1000	1072	1050	1038	1049
1079	1082	1082	1089	1092	1099	1108	1104	1060	1021	956	770	569	455	389	366	352	301	317	404	544	712	842	984	1017	1034	1043	1057
1079	1085	1091	1094	1096	1099	1098	1067	1015	975	774	554	418	314	239	207	239	261	270	341	475	676	841	822	642	882	1051	1058
1084	1089	1089	1089	1090	1082	1053	1017	997	819	553	413	307	217	163	134	141	193	249	319	442	630	820	751	440	768	1054	1071
1086	1087	1086	1085	1072	1044	1021	1022	900	564	312	205	158	141	123	105	101	122	181	268	405	605	796	691	441	826	1057	1100
1092	1097	1095	1077	1046	1022	1026	953	562	259	93	71	79	85	89	86	89	101	134	211	343	545	785	686	547	960	1072	1190
1094	1104	1090	1058	1041	1008	900	592	292	123	68	63	63	65	69	71	77	91	110	157	290	498	724	892	953	1068	1056	1318
1095	1098	1078	1073	1018	804	508	289	159	98	80	67	61	56	53	57	63	73	96	133	235	447	662	938	1096	1066	1039	1471
1096	1101	1092	1003	707	406	245	118	81	79	76	73	69	64	54	44	47	55	80	119	195	408	653	933	1090	1059	1057	1608
1076	1079	995	692	390	259	113	66	69	74	74	71	68	66	60	52	46	48	70	110	176	385	667	938	1087	1061	1089	1622
1016	989	757	435	276	120	50	63	69	67	67	66	61	59	54	47	40	42	64	105	161	363	682	950	1087	1060	1121	1557
939	811	528	306	149	54	57	60	60	61	63	61	56	55	54	46	38	35	60	105	155	372	717	971	1091	1058	1129	1462
820	592	334	162	73	58	55	56	60	58	57	56	56	54	47	44	37	36	60	100	136	415	759	993	1085	1051	1130	1404
1061	1058	1063	1063	1064	1067	1066	1066	1071	1076	1076	1078	1080	1082	1080	1059	1057	1052	1060	1084	1391	1414	1205	1315	1436	1030	947	945
1057	1061	1056	1058	1059	1066	1068	1072	1076	1072	1077	1082	1081	1085	1091	1062	1053	1049	1046	1063	1137	1542	1357	1155	1442	1294	981	946
1058	1059	1061	1062	1065	1067	1068	1068	1073	1077	1079	1079	1083	1089	1092	1059	1048	1062	1051	1039	1048	1226	1644	1242	1211	1506	1111	979
1058	1056	1055	1058	1061	1068	1069	1072	1071	1079	1083	1085	1088	1093	1100	1062	1037	1065	1054	1029	1041	1032	1387	1596	1140	1369	1351	1034
1062	1057	1058	1061	1064	1066	1068	1069	1078	1083	1081	1084	1093	1103	1109	1065	1040	1068	1061	1049	1021	1039	1045	1509	1405	1176	1424	1145
1052	1057	1059	1063	1063	1064	1069	1073	1080	1078	1086	1092	1100	1106	1114	1069	1059	1076	1063	1037	995	1001	1017	1115	1459	1249	1300	1302
1056	1058	1057	1061	1067	1073	1076	1080	1080	1082	1088	1094	1105	1114	1121	1085	1083	1080	1061	1013	938	933	985	1012	1183	1298	1220	1332
1057	1058	1061	1063	1067	1071	1076	1078	1083	1091	1096	1104	1114	1123	1125	1090	1109	1098	1060	994	915	891	925	996	1046	1186	1186	1249
1056	1055	1062	1061	1070	1070	1071	1077	1086	1094	1101	1112	1123	1135	1115	1104	1137	1089	1048	993	925	883	887	975	1019	1075	1144	1145
1058	1058	1059	1065	1068	1069	1073	1084	1087	1096	1108	1122	1134	1136	1129	1129	1071	998	981	975	949	907	902	974	1010	1013	1105	1098
1056	1056	1063	1060	1066	1070	1074	1083	1092	1103	1118	1134	1152	1151	1153	1051	873	778	772	791	822	858	951	1006	993	1019	1053	1079
1057	1058	1060	1064	1070	1074	1080	1087	1094	1113	1134	1170	1182	1164	1004	731	559	479	465	485	514	607	774	907	1002	1068	1038	1043
1058	1056	1059	1064	1069	1074	1080	1095	1112	1143	1183	1208	1154	937	593	387	310	274	266	290	315	390	527	719	978	1088	1049	1039
1057	1054	1062	1068	1075	1078	1085	1103	1138	1179	1188	1091	865	495	304	251	203	177	177	200	238	291	378	596	946	1070	1047	1050
1060	1064	1066	1071	1074	1083	1104	1136	1162	1151	1032	811	480	244	222	191	124	99	108	136	184	240	331	551	933	1057	1037	1053
1059	1060	1061	1064	1072	1090	1122	1149	1132	995	793	522	229	155	123	100	61	38	56	86	140	211	305	532	946	1049	1025	1055
1058	1054	1057	1062	1079	1105	1123	1100	967	777	552	251	108	57	34	30	28	15	22	48	105	194	304	528	934	1046	1017	1057
1054	1054	1058	1074	1099	1109	1068	942	762	586	298	98	42	11	0	0	10	13	17	38	88	183	312	535	847	1003	1016	1076
1053	1052	1065	1090	1097	1050	923	764	609	385	97	36	15	2	0	1	5	13	20	37	83	168	298	498	771	951	1021	1149
1046	1060	1081	1080	1027	913	775	624	458	155	6	11	11	9	11	11	9	9	14	31	68	152	273	434	728	952	1024	1229
1039	1068	1061	1000	883	755	608	450	201	20	2	13	15	15	15	15	13	11	14	20	49	127	261	434	776	1010	1031	1331
1016	1023	964	861	751	591	412	198	61	32	27	22	22	21	19	18	17	16	14	13	36	104	234	501	924	1051	1027	1416
987	958	861	756	603	369	153	65	66	44	36	28	24	22	20	20	18	16	18	13	22	83	195	457	936	1064	1021	1435
948	874	764	597	326	99	36	59	49	35	34	30	27	24	22	20	21	20	18	14	13	69	189	411	846	1071	1031	1412
850	737	585	330	98	32	54	58	42	32	30	29	27	26	23	23	23	24	22	16	10	62	193	397	786	1065	1050	1336
688	563	357	134	34	50	59	52	37	29	27	27	25	23	21	20	21	23	21	16	9	55	192	412	786	1062	1062	1254
540	383	190	62	61	72	60	49	33	26	26	25	22	21	21	20	20	19	19	17	14	53	206	462	850	1065	1051	1187
413	228	92	69	78	68	52	41	31	26	26	24	22	21	20	22	23	26	23	17	20	65	235	522	922	1066	1041	1148
1056	1050	1055	1056	1053	1053	1051	1051	1053	1057	1059	1062	1062	1066	1072	1060	1048	1029	1028	1199	1562	1331	1176	1360	1341	1004	964	948
1053	1054	1051	1051	1050	1050	1050	1053	1054	1053	1060	1063	1063	1065	1075	1066	1041	1035	1008	1027	1222	1594	1290	1203	1420	1195	983	969
1053	1053	1054	1051	1051	1050	1054	1051	1054	1058	1062	1067	1064	1071	1076	1067	1034	1056	1041	1020	1028	1238	1537	1245	1259	1368	1075	994
1054	1050	1047	1046	1048	1051	1051	1052	1052	1058	1061	1063	1067	1075	1084	1070	1027	1061	1053	1031	1025	1030	1243	1413	1187	1287	1208	1039
1058	1055	1053	1052	1049	1048	1049	1048	1055	1060	1059	1064	1071	1079	1086	1063	1041	1066	1060	1037	1007	1021	1039	1227	1297	1180	1243	1091
1052	1050	1051	1050	1047	1045	1049	1052	1054	1054	1061	1067	1073	1080	1091	1060	1058	1067	1054	1019	995	1009	1046	1038	1175	1197	1189	1150
1054	1050	1051	1048	1048	1053	1056	1054	1054	1058	1059	1064	1076	1087	1089	1065	1082	1090	1067	1034	993	998	1043	1047	1017	1121	1155	1156
1055	1054	1051	1050	1050	1053	1054	1052	1056	1061	1066	1075	1079	1080	1078	1076	1100	1074	1039	1034	1035	1026	1033	1052	1032	1027	1105	1123
1054	1051	1050	1052	1056	1054	1052	1056	1055	1057	1064	1067	1070	1086	1072	1032	975	877	821	829	906	1015	1059	1049	1038	1023	1053	1070
1056	1053	1051	1057	1055	1048	1049	1050	1047	1053	1059	1067	1086	1051	956	856	723	621	588	597	647	750	916	1015	1018	1022	1046	1052
1059	1056	1056	1050	1051	1048	1043	1047	1051	1058	1072	1070	1012	901	832	687	474	357	322	327	369	435	585	725	722	927	1070	1071
1055	1051	1051	1052	1052	1049	1053	1054	1059	1068	1033	947	862	821	660	369	181	104	84	93	112	178	306	439	544	907	1094	1069
1054	1052	1052	1052	1055	1061	1059	1066	1055	980	887	842	798	610	275	72	6	0	0	0	10	41	119	255	533	994	1077	1070
1059	1058	1060	1057	1062	1060	1063	1026	920	833	807	749	554	208	19	0	0	3	0	0	2	11	38	167	501	977	1052	1079
1063	1061	1058	1058	1060	1057	1007	881	799	773	700	521	211	7	0	1	12	13	9	9	12	18	36	147	502	969	1027	1094
1057	1052	1051	1056	1050	985	857	782	758	675	517	254	31	8	14	14	18	21	17	15	12	14	33	135	530	992	1014	1112
1054	1047	1051	1042	959	826	751	729	655	512	294	70	17	21	23	24	24	24	22	19	13	12	35	137	539	1019	1015	1138
1053	1047	1039	949	808	741	705	632	507	322	116	20	22	27	31	30	27	26	24	21	16	13	35	163	581	1048	1015	1168
1045	1037	943	802	735	697	616	498	330	163	28	20	24	29	29	31	27	24	21	20	20	12	24	157	671	1072	1013	1226
1024	930	791	723	686	617	508	332	185	69	26	25	27	27	25	25	25	26	26	25	20	9	16	144	702	1069	1014	1263
898	773	704	663	593	494	323	159	102	39	23	22	23	23	24	23	23	24	25	22	17	9	12	133	632	1033	1020	1272
744	677	633	569	471	307	155	85	54	14	16	18	20	21	21	22	21	22	23	25	22	12	15	136	579	1002	1028	1258
661	622	561	452	294	151	76	47	22	6	11	15	18	20	21	19	19	22	26	28	26	15	11	98	487	974	1038	1206
628	548	430	276	139	65	41	33	15	7	10	13	16	17	19	22	23	24	27	27	26	20	11	68	372	919	1042	1151
537	395	248	134	62	37	30	23	12	8	12	11	14	16	18	18	21	23	27	28	28	21	11	61	310	866	1051	1102
356	204	104	55	29	26	23	18	8	5	9	10	13	15	16	17	21	24	24	28	30	25	14	67	313	848	1055	1070
187	83	54	41	32	27	20	15	7	7	9	10	12	15	16	18	20	21	24	27	30	24	14	95	379	868	1051	1051
107	53	49	35	29	23	16	11	5	5	9	12	12	13	15	19	20	24	28	30	31	22	17	132	472	924	1050	1047
1064	1060	1062	1063	1062	1061	1057	1055	1054	1053	1056	1058	1057	1063	1069	1060	1017	982	992	1243	1437	1184	1168	1286	1126	982	980	970
1060	1061	1060	1064	1063	1054	1051	1054	1052	1052	1054	1054	1061	1061	1067	1061	1021	985	952	978	1174	1348	1188	1200	1246	1046	998	988
1062	1063	1061	1059	1052	1052	1056	1051	1050	1052	1056	1064	1060	1064	1070	1060	1017	1011	976	960	980	1097	1236	1184	1202	1129	1039	1013
1060	1060	1058	1056	1055	1054	1052	1052	1053	1055	1057	1058	1061	1067	1072	1060	1020	1024	995	963	955	1003	1058	1142	1147	1135	1063	1053
1064	1064	1063	1058	1053	1052	1050	1048	1051	1056	1056	1061	1064	1066	1067	1040	1021	1017	991	958	941	979	1038	1043	1100	1114	1084	1058
1062	1061	1061	1056	1051	1053	1053	1053	1053	1056	1059	1063	1061	1066	1069	1035	1013	997	978	966	952	967	1040	1062	1046	1069	1092	1068
1063	1063	1060	1053	1053	1053	1054	1052	1054	1056	1059	1060	1066	1069	1055	1028	982	922	925	979	999	993	1026	1068	1058	1045	1075	1070
1061	1061	1055	1057	1056	1055	1053	1054	1055	1060	1063	1069	1068	1052	1011	927	799	716	724	806	916	1015	1027	1057	1067	1060	1069	1067
1062	1057	1057	1058	1058	1057	1056	1057	1059	1060	1064	1066	1046	977	835	647	481	390	367	407	536	793	1012	1059	1061	1063	1078	1075
1060	1062	1059	1060	1058	1054	1054	1054	1054	1064	1069	1032	928	731	482	308	206	152	136	138	170	285	580	943	1051	1054	1070	1092
1069	1065	1059	1059	1055	1050	1047	1056	1064	1068	1017	859	620	381	242	170	98	58	39	37	35	35	92	320	583	906	1096	1134
1063	1061	1061	1055	1053	1050	1059	1067	1066	993	780	487	289	225	174	97	53	42	37	34	28	23	14	23	150	784	1122	1161
1060	1062	1062	1061	1059	1061	1063	1053	960	695	388	235	206	179	105	64	52	49	46	44	44	40	29	12	101	822	1079	1175
1070	1071	1068	1060	1061	1065	1045	913	623	336	213	210	190	119	68	55	52	50	48	45	41	41	40	26	84	769	1038	1204
1073	1066	1059	1057	1069	1041	880	579	330	219	211	198	134	70	52	51	52	47	44	44	45	42	39	30	92	733	1010	1217
1063	1057	1063	1077	1033	848	552	333	239	221	209	145	81	55	55	50	47	48	45	42	42	38	35	22	111	743	1005	1217
1064	1064	1079	1025	813	524	326	250	234	224	162	94	57	52	50	49	49	47	44	42	41	40	35	20	120	772	1015	1216
1066	1073	1010	782	487	314	254	245	237	171	101	60	53	52	53	51	49	48	45	41	37	36	31	22	141	786	1012	1203
1045	1006	775	484	316	251	243	234	177	104	66	49	49	50	48	49	46	42	40	38	37	35	30	19	218	780	1006	1184
941	739	459	308	262	248	235	180	108	68	53	47	49	49	47	44	44	45	43	41	39	37	29	10	255	779	1006	1153
681	433	293	259	257	243	185	114	70	54	44	44	44	44	45	43	41	41	39	36	34	33	28	10	177	712	1000	1112
429	299	264	262	240	184	118	70	51	42	41	42	41	41	42	43	42	40	38	37	35	37	31	14	133	662	993	1075
305	264	265	236	172	109	61	38	35	36	38	38	40	43	43	41	40	42	41	42	40	36	36	22	76	603	998	1049
288	258	219	153	90	48	32	34	36	36	36	39	41	41	40	43	41	41	43	39	39	40	40	28	34	512	994	1041
263	199	128	72	38	31	29	29	31	38	39	36	38	39	41	41	42	39	41	42	42	41	40	32	23	448	991	1044
167	95	47	23	18	21	27	30	31	33	35	36	37	38	39	39	41	42	40	41	43	42	42	31	29	430	990	1043
63	26	16	17	21	23	24	28	30	33	35	35	36	36	38	39	41	42	41	41	42	42	42	32	48	443	986	1045
27	13	13	16	19	22	24	28	29	32	34	36	37	37	37	41	42	40	42	43	44	44	42	32	82	531	1016	1055
1073	1075	1074	1074	1080	1080	1077	1077	1077	1071	1072	1075	1073	1081	1086	1067	989	952	1004	1141	1199	1113	1118	1094	1015	1006	1002	1009
1070	1071	1072	1081	1082	1078	1077	1079	1075	1073	1073	1076	1082	1078	1084	1065	1008	955	944	984	1057	1107	1082	1098	1050	1031	1025	1003
1075	1075	1076	1078	1071	1074	1075	1073	1072	1075	1075	1080	1077	1082	1082	1058	1017	979	939	931	972	1004	1041	1071	1067	1032	1050	1023
1070	1071	1075	1074	1074	1076	1077	1076	1080	1078	1081	1081	1086	1086	1080	1052	1032	1002	965	919	918	999	1031	1031	1050	1042	1049	1059
1069	1073	1073	1072	1074	1075	1075	1077	1077	1085	1086	1090	1088	1081	1071	1031	1025	1003	975	944	922	973	1039	1042	1038	1039	1050	1060
1069	1073	1077	1077	1077	1083	1082	1082	1085	1090	1092	1095	1087	1082	1068	1038	1009	943	911	961	979	967	1028	1059	1061	1051	1065	1059
1071	1081	1074	1072	1076	1078	1078	1081	1090	1090	1095	1092	1093	1088	1062	1006	817	588	566	711	889	1008	1029	1055	1060	1057	1077	1076
1070	1075	1070	1077	1083	1081	1082	1088	1093	1099	1099	1104	1108	1080	952	678	363	222	230	319	493	812	1022	1052	1062	1062	1102	1116
1071	1071	1075	1079	1081	1078	1083	1087	1095	1100	1114	1125	1072	860	509	222	87	50	42	52	113	340	777	1045	1058	1070	1137	1132
1066	1074	1076	1074	1079	1082	1085	1088	1094	1117	1133	1033	721	358	108	28	16	10	12	11	4	19	218	764	1065	1069	1126	1157
1073	1073	1073	1078	1073	1076	1082	1092	1115	1108	938	587	256	78	13	11	18	19	22	25	25	20	6	149	724	1027	1117	1240
1071	1073	1077	1073	1079	1079	1082	1084	1049	843	490	182	49	19	10	13	18	21	21	20	19	22	23	1	226	901	1115	1327
1068	1074	1081	1086	1086	1072	1026	951	755	433	150	32	12	13	17	22	23	20	17	20	19	21	21	23	57	749	1071	1393
1079	1081	1085	1084	1073	1008	871	669	401	148	17	3	5	15	19	17	17	15	16	15	16	19	24	28	17	615	1028	1425
1078	1077	1078	1067	991	841	625	387	168	21	0	0	5	11	13	14	14	13	14	13	16	18	20	26	1	482	1000	1365
1072	1078	1054	964	793	571	358	176	43	0	0	0	10	13	13	12	11	15	15	15	16	17	18	20	0	383	977	1267
1079	1070	938	746	524	330	169	51	0	0	0	4	9	10	12	12	12	13	12	13	16	17	19	20	0	349	952	1176
1063	952	709	473	295	153	58	12	0	0	0	8	11	11	13	14	14	14	16	13	13	16	18	17	0	324	921	1115
905	685	457	289	153	54	18	11	10	11	12	10	12	12	11	10	12	12	13	12	13	14	20	22	0	273	910	1072
599	409	253	134	56	14	7	14	18	20	15	13	12	15	15	14	14	15	14	15	15	17	19	19	0	254	888	1046
357	214	106	46	22	13	14	20	20	20	17	16	17	16	14	14	12	14	16	16	15	17	18	18	0	194	826	1038
192	97	41	25	22	21	22	26	27	27	22	22	18	15	16	18	18	17	17	16	16	18	18	18	0	144	774	1033
100	51	29	26	32	31	33	31	28	32	28	22	20	21	21	21	19	18	17	18	19	17	17	21	0	124	763	1029
76	47	38	39	40	41	39	37	35	33	29	27	25	24	20	21	21	20	20	20	19	19	22	22	8	96	760	1032
70	45	43	43	45	46	42	37	35	36	31	29	26	24	24	25	22	21	22	22	23	22	22	25	11	87	765	1037
59	54	52	50	48	45	44	42	37	36	33	30	29	27	27	25	23	24	24	22	25	24	25	26	16	90	783	1040
50	56	54	51	51	45	43	44	41	36	34	31	30	24	25	25	25	25	26	26	22	21	25	29	16	78	793	1050
51	52	48	46	47	48	46	44	38	38	36	34	32	30	28	28	30	26	25	25	25	25	27	29	10	129	875	1054
1059	1051	1053	1052	1052	1047	1044	1045	1049	1037	1035	1036	1042	1047	1040	1014	948	934	1008	1040	1043	1046	1052	1048	1042	1038	1039	1042
1057	1056	1053	1051	1047	1048	1051	1047	1040	1039	1043	1044	1043	1039	1036	1007	965	942	950	1009	1036	1045	1052	1063	1059	1062	1047	1026
1059	1056	1054	1051	1049	1051	1041	1037	1036	1038	1038	1035	1027	1034	1031	1005	985	972	950	955	1025	1053	1062	1064	1072	1056	1055	1028
1059	1050	1048	1045	1046	1043	1040	1039	1038	1035	1030	1026	1028	1024	1015	995	1007	994	992	966	978	1052	1081	1073	1072	1071	1065	1057
1052	1050	1050	1052	1053	1046	1043	1041	1040	1039	1031	1027	1020	1012	993	974	981	998	1028	1046	1032	1046	1076	1076	1064	1076	1086	1071
1053	1054	1055	1053	1049	1045	1044	1042	1035	1032	1031	1025	1017	1005	972	916	866	797	815	955	1073	1063	1062	1071	1070	1085	1106	1094
1059	1060	1054	1050	1043	1040	1036	1029	1032	1030	1019	1013	1008	970	854	713	485	252	184	277	587	993	1085	1066	1068	1086	1134	1152
1059	1057	1049	1046	1048	1042	1035	1032	1026	1014	1005	1001	964	829	599	326	137	80	69	59	85	411	969	1082	1070	1092	1192	1211
1060	1060	1056	1054	1046	1036	1030	1019	1009	997	996	950	788	521	230	99	80	75	68	62	53	52	437	1014	1071	1075	1257	1210
1060	1063	1058	1051	1043	1036	1022	1002	965	931	890	715	380	133	68	70	68	62	60	58	53	48	59	508	1037	1069	1256	1252
1067	1068	1062	1054	1041	1029	1018	946	827	748	545	254	84	61	64	62	60	58	57	55	55	54	46	83	663	1046	1201	1378
1064	1068	1064	1056	1053	1029	917	764	636	393	152	60	58	58	52	52	49	47	49	47	43	46	49	32	221	930	1144	1506
1069	1071	1073	1076	1071	917	666	491	263	81	49	60	57	50	47	45	45	43	42	38	39	43	44	42	54	707	1081	1583
1081	1082	1086	1101	966	641	351	150	37	34	48	46	43	42	37	37	37	38	37	38	37	37	38	41	30	539	1034	1525
1080	1091	1110	988	614	295	102	23	21	33	33	31	33	31	33	37	37	35	36	35	35	37	39	42	26	341	982	1350
1090	1123	975	547	226	52	1	6	21	24	28	26	28	27	28	29	29	31	33	32	33	34	37	38	28	184	900	1176
1109	1053	504	135	1	0	0	1	7	13	15	16	19	19	22	25	25	26	27	30	30	32	33	36	32	95	796	1087
1060	624	122	0	0	0	0	2	3	5	9	12	14	15	16	20	23	27	26	27	32	34	36	36	28	58	714	1061
633	114	0	0	0	0	1	3	4	6	6	6	11	15	17	18	19	21	24	23	24	27	30	32	31	47	668	1049
114	0	0	0	0	1	3	3	4	6	8	10	10	13	13	15	20	19	21	22	25	25	27	28	29	32	590	1030
9	0	0	1	1	2	4	5	4	7	7	6	8	10	10	12	14	18	22	24	25	29	29	28	32	19	474	1007
9	0	1	1	4	4	4	5	8	8	5	8	10	12	13	14	17	19	20	23	24	24	26	25	29	13	401	994
17	8	7	7	6	5	6	6	6	6	7	10	12	11	14	16	14	14	19	20	22	24	25	28	29	8	396	993
21	15	11	7	7	9	8	7	7	8	10	8	10	13	13	14	20	21	19	21	21	24	25	25	30	13	422	1006
20	9	8	9	11	9	9	10	11	10	11	13	13	14	16	19	17	18	20	22	24	26	23	25	24	14	458	1019
16	12	9	10	10	12	11	12	12	13	13	10	13	16	16	15	17	20	22	22	23	23	24	26	33	24	526	1036
16	14	13	12	11	9	8	11	13	12	14	14	16	15	18	20	20	19	22	24	21	24	26	28	32	29	593	1059
20	16	15	10	14	15	17	16	11	12	16	18	19	18	16	18	16	19	19	17	20	23	25	28	32	50	694	1061
1072	1074	1075	1073	1071	1067	1074	1071	1069	1073	1071	1072	1074	1074	1053	987	956	969	1032	1060	1055	1061	1066	1042	1022	995	1010	1024
1069	1072	1072	1077	1073	1072	1077	1071	1071	1071	1074	1071	1077	1077	1045	1000	981	971	977	1017	1052	1061	1057	1052	1033	1020	992	985
1069	1071	1075	1070	1071	1078	1071	1066	1066	1071	1075	1078	1079	1079	1047	1011	1023	1027	996	975	1014	1047	1047	1042	1047	1039	1033	998
1069	1069	1065	1065	1073	1067	1066	1070	1072	1072	1075	1078	1079	1080	1064	1066	1073	1038	1009	983	980	1021	1044	1040	1058	1098	1084	1049
1062	1064	1067	1072	1072	1070	1070	1066	1067	1072	1072	1072	1075	1067	1076	1074	973	895	918	972	1002	1012	1036	1042	1051	1137	1172	1098
1060	1065	1067	1070	1074	1065	1066	1068	1067	1067	1066	1061	1061	1076	1004	689	438	328	385	584	867	1035	1037	1031	1056	1152	1188	1235
1057	1065	1063	1065	1064	1068	1063	1056	1059	1050	1040	1034	1045	897	427	104	34	19	20	48	231	727	1057	1042	1039	1189	1203	1257
1060	1065	1062	1061	1059	1057	1055	1055	1050	1039	1027	1023	818	306	36	15	20	24	25	23	11	126	776	1077	1047	1169	1293	1175
1052	1058	1060	1061	1060	1052	1054	1054	1063	1063	1033	781	244	46	35	31	28	24	24	25	28	10	224	866	1064	1101	1395	1166
1045	1054	1057	1054	1045	1036	1041	1047	969	800	576	210	60	62	50	40	30	27	26	29	29	29	11	282	951	1044	1393	1286
1040	1048	1046	1040	1028	1037	1055	850	318	107	74	79	73	56	43	35	29	29	28	25	25	25	28	16	506	1002	1273	1456
1035	1035	1029	1027	1037	995	655	226	23	41	66	66	59	48	38	33	30	28	23	22	24	27	30	19	133	861	1139	1564
1035	1026	1026	1028	993	497	58	36	54	63	65	56	47	41	37	33	28	26	23	22	23	25	27	29	21	589	1050	1494
1030	1021	1019	1011	589	69	37	55	59	62	54	47	39	34	28	28	24	24	24	22	20	20	22	25	3	321	991	1280
1022	1015	1021	696	120	42	56	55	54	54	48	40	36	31	29	27	26	26	23	22	22	26	26	30	23	151	889	1129
1023	1031	776	167	48	55	54	51	49	43	39	35	32	30	29	28	26	24	23	24	25	26	26	27	26	57	727	1071
1042	957	303	44	58	52	49	45	43	40	36	31	28	24	22	23	24	27	27	29	25	26	26	28	31	25	548	1047
1020	528	70	52	45	44	44	40	37	37	36	30	27	28	25	26	25	23	23	23	26	27	28	31	31	20	405	1019
662	146	50	47	39	34	33	36	34	32	30	29	28	25	25	24	25	24	26	27	27	30	30	28	30	17	330	987
202	52	43	36	34	36	37	33	34	32	29	24	27	28	27	27	29	28	26	26	28	25	27	29	29	18	254	943
67	41	30	29	31	29	29	30	28	29	26	26	22	22	24	25	25	24	26	27	27	28	25	27	33	25	183	892
39	26	24	23	27	29	28	26	26	25	23	23	26	25	25	25	25	25	24	26	25	26	29	31	33	26	149	865
35	23	22	22	25	26	27	26	27	26	25	26	23	23	24	25	25	25	25	25	28	30	30	31	31	23	146	866
27	22	23	24	25	25	27	29	27	25	23	24	26	27	25	24	26	27	28	28	28	29	27	28	33	26	166	887
29	26	26	28	29	30	29	26	25	25	24	21	23	26	28	26	25	26	27	27	28	29	30	34	35	23	196	921
29	24	21	24	28	29	27	25	25	23	23	24	24	24	24	25	24	24	28	27	28	28	28	30	36	18	268	978
28	31	22	20	24	25	24	24	20	23	24	22	25	25	27	26	26	24	23	24	24	26	28	31	36	22	352	1016
28	26	25	26	26	27	28	25	24	21	21	23	21	23	26	29	27	28	28	25	25	26	27	29	35	24	456	1052
1067	1063	1068	1064	1064	1070	1069	1060	1056	1058	1063	1062	1060	1036	974	944	941	981	1038	1058	1064	1069	1066	1030	1016	960	952	988
1060	1057	1063	1064	1060	1069	1068	1064	1054	1053	1055	1057	1047	1013	979	963	960	971	998	1034	1066	1070	1062	1051	1082	1065	966	947
1069	1053	1053	1047	1054	1057	1063	1070	1058	1047	1054	1054	1037	1001	981	993	1026	1043	1046	1035	1044	1052	1039	1045	1121	1146	1073	976
1056	1042	1049	1054	1051	1038	1045	1057	1061	1050	1048	1053	1039	1008	993	998	994	993	995	1009	1042	1039	1028	1030	1146	1176	1226	1084
1043	1039	1048	1063	1053	1041	1041	1042	1041	1042	1036	1031	1020	1006	930	718	523	423	493	631	884	1030	1022	1011	1162	1180	1199	1265
1041	1043	1049	1055	1048	1048	1049	1054	1050	1043	1032	1021	1017	920	588	204	61	26	35	86	329	795	1016	1000	1126	1282	1104	1301
1042	1049	1057	1054	1043	1047	1048	1043	1045	1039	1037	1038	929	445	111	15	17	18	17	12	9	232	810	1017	1021	1365	1193	1161
1046	1059	1063	1059	1058	1055	1044	1046	1048	1048	1047	1023	489	41	4	13	15	16	16	15	16	2	302	881	1004	1245	1375	1106
1043	1056	1058	1064	1060	1050	1045	1041	1052	1061	1072	705	50	1	11	15	18	20	19	18	20	18	21	381	962	1077	1487	1166
1039	1050	1060	1063	1059	1046	1046	1032	857	676	603	146	0	8	13	19	20	20	20	21	21	19	14	42	686	1008	1336	1365
1038	1047	1050	1050	1050	1053	1036	870	359	140	85	14	8	8	11	15	17	19	20	20	19	19	21	0	280	962	1125	1489
1053	1051	1042	1046	1053	973	606	305	85	44	41	35	20	14	14	18	20	20	19	18	20	20	20	10	32	726	1049	1362
1057	1049	1048	1055	1028	569	156	81	51	44	44	37	26	19	17	15	15	16	18	20	19	17	17	14	0	432	1030	1123
1050	1055	1052	1063	741	225	75	53	52	47	42	35	28	25	19	15	17	19	20	19	16	17	18	17	4	183	942	1052
1047	1047	1062	873	355	114	52	49	51	50	39	35	28	22	19	18	20	21	20	20	21	23	20	22	21	51	754	1065
1047	1058	980	489	172	71	44	47	47	43	37	35	28	24	22	22	21	21	23	23	25	25	23	23	27	4	496	1054
1051	1045	667	264	114	52	44	48	48	44	37	32	29	29	25	21	22	25	25	25	25	24	25	27	26	5	307	1008
1068	828	387	181	67	45	44	43	40	37	33	32	29	29	25	24	24	22	21	24	26	27	26	28	31	17	195	940
925	533	253	109	46	42	41	40	37	36	35	29	27	27	27	24	23	25	27	27	27	29	30	28	32	21	145	883
553	307	151	60	40	40	38	36	34	31	31	27	26	27	26	27	28	27	29	29	28	28	28	31	31	27	108	827
306	178	85	38	33	34	34	30	29	30	29	30	29	30	28	27	29	27	28	29	29	31	30	30	32	32	78	771
183	94	49	33	34	32	32	32	28	27	28	29	30	28	28	26	26	27	28	30	31	32	33	31	34	33	69	747
107	50	30	32	35	35	30	27	30	31	26	27	28	29	28	27	27	27	26	27	28	27	28	31	34	32	69	761
58	28	28	34	31	32	33	32	32	29	28	28	26	28	27	27	24	28	27	27	28	29	27	30	34	33	73	771
28	22	29	34	31	33	31	30	26	28	27	28	29	29	30	30	26	27	29	28	29	29	28	30	33	30	85	786
29	23	30	36	35	36	30	28	28	26	27	28	29	29	29	28	27	28	28	27	27	28	24	26	31	31	108	829
32	28	32	32	34	33	28	27	27	27	28	27	28	28	29	28	28	30	29	27	27	26	26	29	30	25	118	856
31	25	28	34	36	35	32	32	28	30	26	27	26	29	29	28	26	26	27	26	24	25	25	28	30	23	153	897
1069	1072	1062	1053	1046	1054	1043	1042	1017	1023	1029	1021	1016	1014	988	952	948	955	986	1030	1033	1040	1049	1115	1161	1035	959	856
1071	1071	1070	1062	1056	1066	1065	1057	1038	1036	1034	1036	1023	1019	999	977	968	965	981	1018	1032	1026	1066	1147	1208	1210	1010	966
1078	1077	1074	1062	1061	1066	1074	1073	1061	1047	1048	1049	1039	1033	1022	1018	1011	1008	1016	1028	1041	1031	1048	1183	1152	1218	1223	997
1077	1079	1076	1066	1064	1067	1072	1073	1069	1056	1057	1047	1039	1050	1047	911	791	747	721	841	1052	1066	1024	1184	1224	1126	1315	1176
1079	1084	1081	1073	1068	1067	1066	1063	1064	1055	1051	1042	1043	1076	835	334	202	153	151	218	600	1015	1048	1088	1343	1156	1169	1353
1076	1083	1070	1061	1055	1051	1053	1064	1067	1060	1053	1043	1065	979	319	29	30	23	25	30	77	425	957	1038	1275	1325	1089	1266
1069	1070	1044	1019	1021	1023	1054	1078	1082	1074	1049	1043	1039	513	21	24	28	26	23	25	20	31	416	977	1081	1439	1177	1137
1063	1057	1030	996	1002	1036	1081	1089	1088	1072	1046	1046	786	107	4	21	18	19	19	22	25	18	61	578	1000	1257	1392	1105
1060	1051	1019	991	1010	1062	1093	1093	1092	1073	1050	940	342	9	18	15	17	19	22	23	19	21	14	145	830	1066	1457	1204
1051	1039	1018	999	1032	1086	1092	1081	1029	970	944	580	47	3	7	10	17	19	19	20	19	23	22	15	531	1029	1195	1377
1055	1049	1022	999	1045	1096	1082	1012	874	788	644	208	1	1	2	5	11	13	17	21	19	22	22	8	248	955	1041	1269
1054	1052	1023	1006	1045	1043	948	854	771	604	265	30	3	3	4	7	11	14	16	19	20	23	22	21	55	714	1049	1089
1064	1060	1028	1016	1026	932	832	771	599	289	57	6	4	4	3	5	7	12	16	19	21	23	25	27	8	441	1041	1047
1064	1062	1047	1033	975	869	796	618	332	101	20	13	10	6	5	9	12	16	17	18	19	21	24	27	16	224	952	1047
1068	1057	1047	1001	901	841	669	363	125	40	24	17	9	8	7	8	10	13	17	18	21	23	27	27	28	82	742	1058
1065	1048	1024	931	869	752	440	164	45	30	23	19	17	14	12	12	12	12	14	18	22	26	28	32	37	19	392	1022
1063	1047	973	899	841	561	235	68	33	29	23	17	12	11	12	13	13	16	18	20	21	23	26	30	35	24	170	918
1066	1018	929	896	701	348	114	43	31	28	24	20	18	17	15	15	15	16	17	21	23	22	27	30	34	30	106	824
1047	969	921	823	483	198	61	37	32	29	22	18	14	16	18	18	16	16	19	22	24	26	29	31	36	34	70	737
965	915	883	642	312	116	42	33	26	24	22	20	20	18	15	17	17	19	20	23	23	24	26	28	33	33	45	649
903	894	756	439	217	87	45	33	29	27	24	19	17	20	21	20	20	20	21	22	22	22	26	28	33	39	40	601
870	832	581	320	153	70	47	33	28	25	23	23	22	23	21	20	20	21	21	21	21	25	27	27	29	33	28	562
842	696	437	225	97	62	47	34	32	28	25	25	24	20	19	19	20	20	21	21	22	24	22	22	27	30	21	581
752	533	313	135	67	54	43	35	30	28	26	25	23	23	24	21	18	20	21	20	22	22	22	22	25	26	21	613
601	412	225	99	65	53	44	39	34	29	26	29	25	23	21	22	22	23	21	19	19	22	21	23	24	23	23	612
499	344	185	93	61	45	37	35	30	25	24	23	22	21	20	21	20	20	21	23	22	21	20	21	23	24	28	633
461	341	192	109	66	43	32	28	25	21	23	20	23	23	26	23	21	21	21	22	23	21	23	21	22	20	28	666
494	382	222	141	88	44	30	27	22	15	18	18	18	20	20	23	23	23	24	21	21	22	22	21	22	20	45	708
