1009	1010	1011	1004	1019	1022	1021	1021	1035	1032	1064	1098	1079	1072	1052	950	927	919	923	921	928	925	928	926	927	941	1051	1071
1017	1019	1014	1016	1016	1028	1025	1034	1054	1056	1090	1105	1102	1086	1029	964	944	920	914	916	922	924	922	921	926	934	983	1068
1016	1012	1017	1024	1009	1023	1019	1028	1040	1081	1096	1085	1082	1042	1007	987	989	1010	993	961	914	915	927	924	929	926	934	1027
1016	1014	1014	1017	1023	1011	1021	1035	1033	1080	1110	1093	1067	1024	1001	1020	1051	1041	1030	1056	1008	933	922	925	923	928	926	961
1023	1024	1020	1017	1018	1014	1025	1073	1086	1084	1111	1092	1041	1025	1025	1052	1035	1018	994	1041	1098	996	924	925	924	926	924	916
1020	1024	1024	1023	1015	1025	1018	1050	1104	1104	1105	1074	1029	1011	1043	1038	1013	917	895	1018	1086	1021	936	923	918	933	925	919
1026	1016	1022	1021	1015	1017	1026	1048	1100	1114	1101	1076	1009	970	1037	1040	993	946	958	1050	1067	1020	950	925	922	924	931	932
1034	1017	1026	1024	1018	1021	1055	1079	1096	1111	1096	1070	1002	992	1054	1070	1046	1045	1051	1033	1059	1012	940	920	915	919	927	933
1044	1020	1028	1024	1007	1017	1062	1086	1095	1120	1088	1040	996	1004	1058	1062	1060	1000	1004	1039	1063	1022	956	924	925	933	936	921
1058	1022	1037	1021	1016	1032	1062	1088	1109	1116	1086	1044	982	964	1012	1050	1056	1069	1047	1058	1090	1074	1012	944	942	929	929	927
1068	1027	1033	1034	1036	1055	1053	1077	1119	1106	1086	1038	966	934	971	1011	1034	1087	1066	1023	1075	1103	1045	926	943	923	927	931
1064	1027	1035	1034	1035	1050	1052	1077	1118	1115	1107	1038	972	927	939	982	1017	1057	1079	1019	1053	1078	1050	992	938	924	924	924
1069	1034	1044	1032	1027	1055	1052	1050	1104	1121	1116	1068	997	938	931	952	918	1011	1068	1054	1041	1039	984	992	964	959	926	924
1054	1025	1049	1034	1023	1047	1047	1043	1098	1121	1110	1106	1037	998	983	952	873	991	1067	1060	1040	1036	997	971	991	942	925	924
1051	1036	1037	1032	1020	1042	1044	1026	1064	1122	1107	1091	1080	1048	998	966	958	963	1048	1064	1059	1063	917	885	974	921	927	925
1048	1048	1053	1038	1017	1028	1028	1030	1036	1098	1110	1089	1092	1066	1011	965	925	875	955	977	969	941	796	851	940	935	926	918
1044	1038	1030	1014	1023	1030	1029	1039	1033	1053	1107	1092	1088	1101	1047	971	918	937	933	878	823	795	828	860	914	940	919	927
1046	1039	1021	1025	1032	1029	1043	1036	1035	1053	1107	1071	1078	1092	1046	975	926	933	972	980	948	952	963	930	939	935	932	928
1045	1034	1021	1026	1035	1036	1026	1028	1028	1069	1088	1045	1042	1093	1058	1003	956	925	941	968	969	971	947	932	928	930	936	921
1061	1043	1030	1025	1035	1031	1038	1025	1025	1050	1080	1075	1058	1088	1078	1036	968	926	928	924	937	938	933	929	928	925	936	931
1072	1064	1039	1031	1032	1042	1040	1024	1016	1034	1054	1076	1087	1074	1094	1052	983	932	921	919	906	932	956	949	921	916	925	922
1123	1076	1026	1028	1032	1037	1031	1027	1032	1025	1023	1070	1096	1055	1066	1043	971	932	917	923	978	1031	1033	967	928	919	917	924
1156	1124	1050	1026	1060	1074	1044	1043	1044	1041	1038	1088	1103	1070	1069	1035	972	923	915	922	994	993	946	925	917	922	929	947
1148	1152	1141	1074	1076	1098	1079	1061	1077	1075	1042	1109	1128	1114	1078	1034	973	928	947	945	981	951	932	924	916	914	933	1055
1143	1157	1157	1133	1114	1122	1114	1117	1119	1119	1107	1127	1137	1105	1062	1016	956	965	999	992	984	950	916	920	916	917	1030	1134
1137	1145	1142	1128	1122	1130	1136	1133	1118	1122	1130	1130	1098	1081	1024	1006	985	1019	1014	963	926	914	914	918	908	985	1137	1178
1059	1115	1130	1110	1111	1113	1137	1144	1129	1116	1129	1117	1080	1042	985	966	990	984	955	929	914	925	909	919	969	1122	1179	1178
1005	1037	1073	1101	1114	1106	1105	1115	1122	1116	1104	1076	1052	998	941	927	926	927	937	960	938	932	966	1034	1126	1175	1168	1148
1016	1020	1013	1020	1028	1030	1020	1028	1092	1086	1076	1050	1010	1008	980	960	944	924	913	915	916	917	920	927	925	939	1044	1085
1022	1020	1024	1022	1021	1023	1022	1015	1089	1103	1069	1038	1016	1010	1019	1042	1027	980	926	915	913	920	924	923	928	926	973	1070
1024	1017	1028	1024	1013	1028	1043	1044	1115	1095	1062	1027	1005	1031	1045	1071	1085	1073	1025	956	914	922	923	926	931	926	945	1052
1024	1011	1019	1023	1020	1038	1071	1080	1090	1087	1040	1007	995	1035	1076	1072	1076	1062	1095	1077	955	920	928	927	921	926	918	980
1021	1021	1021	1017	1021	1050	1055	1075	1098	1080	1031	978	996	1051	1073	1077	1062	1042	1048	1057	996	964	957	924	919	924	925	929
1021	1026	1029	1025	1028	1059	1029	1081	1103	1061	1011	991	1006	1056	1064	1066	1051	1025	998	1037	1056	1047	1004	955	917	925	925	938
1028	1024	1052	1026	1036	1097	1079	1083	1102	1062	1009	962	954	1032	1067	1047	1022	1008	1010	1024	1045	1044	1026	964	915	918	926	928
1043	1023	1054	1055	1023	1057	1118	1119	1083	1038	987	940	967	1053	1055	1017	984	999	1035	1061	1061	1052	1019	940	917	922	924	931
1081	1030	1063	1079	1044	1050	1096	1104	1066	1028	975	956	973	1051	1071	1053	1041	1061	1052	1067	1070	1051	966	916	924	923	920	922
1106	1078	1114	1096	1064	1076	1108	1073	1056	1019	980	958	946	1028	1068	1053	1069	1075	1064	1062	1075	1043	979	935	923	924	930	926
1114	1087	1106	1115	1101	1110	1103	1054	1055	1004	970	942	936	959	1009	1037	1015	1026	1071	1070	1080	1083	1057	976	915	920	934	937
1133	1076	1083	1100	1086	1096	1076	1063	1065	1014	995	956	933	917	943	1036	1045	1043	1083	1063	1027	1063	1088	1053	945	918	926	931
1192	1100	1076	1071	1066	1087	1082	1081	1069	1043	999	953	937	930	929	973	1004	1059	1074	1032	1009	1003	972	1067	1027	972	928	930
1205	1110	1073	1066	1060	1095	1080	1064	1080	1063	1015	976	960	972	971	962	951	1071	1063	980	999	1001	1002	1005	944	987	934	921
1135	1117	1076	1061	1045	1077	1088	1056	1068	1085	1042	1004	997	968	962	1010	989	1029	1081	1027	1029	1014	1020	994	825	919	933	934
1069	1089	1073	1071	1047	1065	1078	1079	1054	1077	1066	1022	980	942	938	987	909	717	806	942	1033	982	952	961	984	961	916	922
1093	1087	1085	1063	1066	1075	1084	1094	1059	1058	1066	1042	996	951	931	967	1000	909	866	943	992	929	902	829	889	969	917	923
1113	1083	1083	1106	1101	1102	1107	1090	1078	1072	1078	1039	1017	970	943	941	969	1025	1049	1022	1007	1012	1020	909	897	968	934	928
1079	1067	1060	1108	1118	1098	1057	1078	1083	1097	1085	1063	1033	1002	960	942	937	947	1000	1016	989	1025	976	999	966	928	941	925
1090	1064	1083	1101	1104	1098	1049	1071	1063	1070	1097	1077	1052	1043	970	941	936	934	958	992	1020	1013	972	961	921	930	934	927
1086	1099	1085	1074	1065	1108	1106	1099	1072	1052	1090	1094	1068	1020	978	923	911	915	917	923	933	950	936	916	917	925	918	923
1071	1073	1090	1063	1071	1089	1104	1109	1089	1079	1054	1066	1060	1030	971	917	908	931	944	920	950	945	936	922	920	920	924	927
1042	1090	1097	1097	1101	1097	1083	1114	1107	1088	1062	1094	1047	1000	968	920	960	1047	993	952	1040	971	925	925	911	920	926	943
1049	1106	1122	1112	1109	1082	1067	1106	1114	1089	1074	1066	1016	981	957	986	1069	969	981	957	1037	985	920	928	921	911	925	1065
1066	1122	1136	1125	1128	1096	1078	1110	1092	1090	1077	1045	1014	977	952	1042	978	923	973	952	926	931	915	921	925	918	1054	1180
1064	1114	1116	1120	1120	1128	1099	1082	1069	1047	1027	1003	968	947	944	1011	940	950	962	934	914	914	919	914	904	987	1172	1177
1028	1107	1117	1117	1101	1109	1097	1078	1052	1035	1020	976	945	937	951	1050	975	948	934	923	912	934	942	918	981	1155	1196	1163
971	1006	1032	1064	1074	1122	1108	1103	1081	1059	1036	1001	953	928	933	1006	1043	929	921	947	1016	1010	977	1029	1145	1192	1167	1149
1023	1024	1028	1021	1024	1041	1037	1045	1075	1063	1004	1002	1017	1014	1030	1010	1010	1031	953	915	921	920	920	927	924	939	1051	1121
1023	1023	1015	1013	1016	1054	1103	1080	1082	1050	1001	1017	1032	1036	1048	1068	1069	1059	997	960	928	929	927	920	920	922	1000	1094
1019	1013	1031	1022	1016	1042	1124	1090	1080	1013	1001	990	1006	1048	1031	1067	1098	1085	1003	990	967	938	923	926	932	917	954	1068
1026	1034	1035	1021	1019	1063	1124	1081	1050	997	989	1014	1059	1058	1064	1066	1081	1073	1021	1015	976	939	933	930	923	926	933	970
1033	1056	1046	1038	1048	1103	1108	1063	1037	989	945	1005	1080	1089	1078	1053	1067	1061	1061	1054	977	962	968	911	914	927	947	973
1041	1095	1079	1044	1046	1097	1069	1046	998	952	966	1003	1060	1088	1078	1064	1067	1048	1051	1058	1040	1025	1011	943	925	925	932	967
1060	1085	1102	1054	1055	1093	1050	1027	986	991	1006	961	1011	1113	1100	1063	1043	1054	1050	1017	1007	1007	1012	954	919	927	928	922
1037	1053	1083	1066	1033	1040	1016	1009	967	960	966	938	1041	1120	1087	1037	1019	1020	1010	996	1006	1025	1006	942	921	926	923	920
1010	1021	1037	1038	1038	1009	987	976	949	944	957	975	1041	1099	1054	1061	1083	1080	1006	991	1008	1001	959	925	927	926	922	925
1021	1021	1017	1011	1010	977	972	955	928	913	946	1000	1002	1011	1020	1063	1091	1089	1013	930	794	770	903	953	929	927	922	929
1005	992	987	982	979	971	950	948	935	926	923	944	954	931	934	969	999	999	1030	914	768	730	886	1007	933	920	925	925
1049	981	936	956	951	953	944	943	937	941	931	931	913	914	912	936	966	1026	1069	1021	757	819	984	1063	953	919	925	927
1333	1235	1042	952	965	964	965	950	922	920	921	924	933	924	912	1001	1059	1064	1060	1039	915	791	837	1029	1032	933	926	936
1425	1388	1213	1024	985	974	969	965	951	948	947	949	944	922	961	1059	1048	1064	1081	990	1010	1026	991	982	984	953	930	925
1310	1318	1190	1058	977	982	983	965	956	959	954	972	965	923	965	1011	1027	1035	1064	1013	1002	1009	998	1005	965	973	924	929
1072	1075	1047	1003	981	974	978	970	957	949	947	924	920	925	950	967	1005	968	982	1012	1002	946	993	1018	1028	986	922	953
1008	1011	999	989	979	982	976	972	969	958	954	937	918	919	956	1000	1024	1012	987	1042	1028	956	1017	995	1003	957	922	954
1002	1012	1055	1025	973	987	977	974	972	964	953	942	933	928	934	978	1033	1060	996	979	1021	1015	1029	991	974	939	936	938
957	964	1003	1026	991	978	985	979	973	971	958	961	948	946	933	925	951	1028	1068	1025	1002	1037	992	1011	975	931	945	940
950	970	983	988	995	1000	990	998	988	978	977	950	946	943	926	922	933	936	986	1012	1032	1017	971	957	935	932	938	931
964	982	983	987	1005	1016	1010	1021	1011	988	977	961	961	946	940	921	913	911	927	943	949	946	932	920	920	924	917	932
1081	1041	1072	1078	1078	1065	1035	1018	1012	1003	979	981	965	959	949	928	921	942	1025	1000	942	955	918	924	926	920	930	931
1231	1164	1148	1127	1091	1092	1088	1052	1036	1007	968	943	931	946	947	937	959	1039	1047	979	967	1020	952	927	919	925	917	968
1206	1169	1157	1132	1116	1114	1123	1093	1034	982	957	942	915	919	929	935	968	968	951	940	988	1011	936	922	924	917	934	1093
1111	1128	1138	1128	1128	1119	1094	1061	1012	992	1017	990	962	930	931	959	933	916	917	918	940	928	921	952	948	930	1069	1173
1081	1120	1124	1139	1126	1126	1104	1071	1022	1022	1024	1043	1078	1059	998	979	940	917	913	916	912	908	950	987	942	987	1168	1169
1127	1147	1134	1142	1107	1109	1128	1089	1060	1083	1108	1114	1134	1138	1144	1049	964	942	916	925	926	936	997	1009	966	1116	1189	1160
1179	1170	1165	1163	1148	1182	1177	1191	1220	1227	1218	1219	1184	1100	1065	1095	1016	937	942	938	967	1051	1055	1044	1079	1177	1171	1137
1028	1023	1042	1038	1026	1089	1108	1070	993	983	1029	1015	1030	919	859	762	712	897	1029	1007	933	910	919	926	924	960	1054	1112
1026	1031	1072	1054	1041	1082	1119	1056	973	1018	983	968	1036	993	937	949	980	976	1030	954	990	943	927	924	918	935	1031	1072
1035	1062	1098	1059	1066	1065	1064	1010	958	989	903	867	965	973	913	986	977	905	919	836	966	985	930	919	932	934	967	1058
1051	1103	1106	1057	1066	1059	1032	958	954	956	909	949	973	1009	1004	1011	1011	949	955	936	979	996	933	926	936	980	964	955
1069	1106	1106	1091	1081	1040	993	949	974	868	833	1026	1023	1026	999	992	1020	994	1009	1008	1024	1017	933	923	927	941	962	947
1047	1078	1047	1022	1004	983	950	945	993	975	907	982	1041	1002	1043	1029	1023	984	979	976	1036	999	926	924	923	910	926	936
971	981	957	955	956	933	929	977	1012	1049	1040	1004	1049	1068	1081	1046	1017	1023	1029	1041	1013	960	924	913	920	930	917	914
929	942	932	924	925	922	961	1009	1009	1023	1034	1030	1045	1058	1066	1016	1036	1045	1021	982	945	925	926	913	921	924	920	912
917	918	909	911	916	934	967	964	952	980	1002	1026	1023	1032	1028	1042	1076	1051	949	919	919	924	917	923	913	926	923	929
913	909	906	905	911	936	953	943	918	918	946	1003	992	997	976	1011	1016	1020	941	907	869	888	912	926	931	931	918	928
911	910	911	908	915	938	949	939	924	917	932	944	943	938	931	945	973	972	960	928	824	811	902	939	927	922	916	926
954	939	908	906	908	924	961	966	928	920	921	912	912	918	914	913	921	965	1014	1044	1011	939	909	973	932	929	918	921
1132	1165	1067	942	919	925	950	999	941	917	924	919	914	917	917	936	956	997	1039	1053	1026	989	921	982	962	921	919	914
1231	1332	1342	1157	947	935	940	974	989	963	938	920	917	917	923	963	986	974	927	967	989	998	1031	1047	989	923	930	919
1228	1345	1421	1353	1062	930	931	932	969	961	935	926	919	922	919	941	989	1011	973	952	978	978	1017	1055	1015	927	916	925
1183	1201	1292	1286	1168	964	929	936	939	944	932	924	911	921	924	957	1000	999	1040	938	935	989	1003	1007	999	942	925	947
1129	1054	1070	1122	1131	1020	933	934	933	947	955	916	915	928	945	971	1006	1046	1012	1024	1011	1000	1011	1048	1002	923	927	947
1079	1019	980	1016	1065	1002	927	925	927	931	950	958	937	949	947	953	999	1066	1012	970	1005	1007	1033	1059	970	916	942	937
1027	987	964	986	1030	995	930	924	927	931	937	952	947	947	924	918	958	1051	1069	1042	1028	1016	1064	1018	932	921	967	944
991	986	974	1027	1049	1008	940	923	924	944	935	920	921	919	919	922	945	978	1030	1047	1045	1049	1035	973	933	919	968	953
1033	1043	1126	1153	1144	1084	1017	949	914	930	924	926	924	923	926	920	926	938	959	987	1003	992	971	957	934	935	945	938
1195	1283	1335	1292	1212	1147	1089	1024	1041	992	938	937	933	930	937	941	936	934	961	996	988	979	924	943	956	941	932	928
1348	1404	1352	1254	1173	1156	1140	1136	1130	1037	959	943	921	924	950	960	970	949	971	977	964	978	949	948	953	943	924	956
1280	1278	1218	1172	1160	1154	1161	1154	1073	984	943	957	942	927	949	955	954	942	933	962	971	977	976	951	947	923	919	1035
1161	1170	1194	1181	1170	1162	1132	1110	1073	1077	1066	981	973	988	966	970	945	931	920	937	965	935	919	967	1023	990	993	1109
1122	1154	1176	1172	1152	1151	1162	1178	1164	1180	1177	1142	1148	1171	1118	1067	1026	975	928	926	948	931	972	988	992	1036	1113	1161
1153	1162	1148	1138	1139	1141	1163	1168	1237	1294	1305	1289	1284	1289	1295	1153	1082	1078	1009	965	929	949	1058	1002	928	1004	1133	1165
1168	1155	1149	1145	1140	1156	1140	1217	1318	1331	1279	1247	1231	1238	1280	1259	1066	1046	1015	1058	996	1025	1136	1111	992	1052	1157	1163
1052	1090	1115	1076	1041	1064	1014	957	912	965	973	884	932	1004	984	929	739	741	1041	1016	941	916	918	920	928	988	1028	1043
1034	1033	1078	1060	1034	1016	969	933	937	1008	980	906	877	975	965	949	947	879	1019	946	993	940	917	924	916	962	1046	1041
1008	1023	1041	1011	1005	970	941	934	944	1005	945	937	961	923	934	980	924	792	985	835	751	958	937	923	946	949	1006	1050
971	984	983	969	950	933	930	932	957	1006	956	954	929	904	922	980	960	880	1035	966	811	967	953	932	976	968	932	961
942	963	970	947	933	920	924	937	975	978	966	988	953	915	949	1013	1014	1021	1040	952	981	1046	951	929	940	945	928	920
926	945	952	931	914	924	940	929	990	1040	1043	1009	1009	996	1016	1029	1048	1056	1001	866	978	1031	928	917	930	916	926	924
916	926	934	931	915	936	941	931	987	1046	1054	1062	1061	1068	1038	1027	1038	1008	969	1007	1020	951	917	916	920	922	914	917
909	923	943	941	920	958	975	936	968	1044	1038	997	1031	1041	1035	1029	1030	1040	1012	998	958	918	918	915	916	927	915	919
918	923	943	948	927	993	979	924	920	992	1026	980	980	1009	1009	1052	1048	1014	953	935	922	918	913	919	917	921	922	927
913	910	935	943	936	1004	956	907	904	919	969	1022	1007	1030	1011	988	955	918	918	917	919	922	918	924	920	924	921	922
917	915	930	934	959	1037	993	911	916	914	917	932	960	972	947	927	914	909	919	925	927	922	916	914	918	919	923	925
956	929	922	931	952	1002	1019	925	911	921	920	903	906	921	908	908	906	917	935	949	961	953	936	919	925	928	927	927
1067	1056	977	937	928	951	975	939	919	920	910	916	909	908	906	913	909	924	948	976	975	965	960	931	919	921	920	925
1133	1142	1130	1022	940	934	936	930	940	928	911	921	914	911	908	920	917	899	834	905	967	962	972	952	923	921	929	917
1170	1189	1218	1179	1040	933	924	927	953	917	915	921	919	920	918	915	929	994	973	971	1021	1026	1012	974	939	919	923	909
1199	1190	1222	1283	1207	989	921	926	965	944	926	923	905	914	921	939	990	1023	988	1014	999	990	1019	1025	954	920	923	924
1176	1167	1162	1273	1299	1107	933	922	962	984	943	913	908	935	964	978	1000	1034	989	1018	1016	996	1021	1049	993	919	927	937
1164	1164	1116	1210	1337	1200	955	921	930	958	963	935	924	966	967	955	1000	1050	1036	1006	991	997	1034	1050	1015	922	915	930
1173	1160	1102	1197	1342	1269	996	910	923	919	929	934	922	949	947	971	1029	1047	1024	1043	1018	1011	1055	1050	999	932	932	922
1147	1128	1127	1282	1374	1260	1015	944	940	921	914	933	923	927	931	970	1042	1038	1053	1059	1064	1061	1060	1042	988	947	955	934
1149	1129	1256	1358	1374	1222	1065	1027	997	943	923	926	931	931	931	943	998	1038	1023	1044	1045	1065	1056	1019	987	982	964	931
1149	1186	1295	1372	1304	1148	1096	1092	1120	1046	928	914	926	925	930	930	960	1010	1002	1013	1013	1016	1012	1028	1008	967	945	936
1148	1212	1257	1256	1205	1164	1117	1134	1141	1066	938	933	925	924	920	927	935	963	1011	1009	1010	1022	979	989	1024	963	955	955
1152	1161	1163	1176	1174	1159	1137	1124	1075	1016	968	964	943	921	923	940	935	924	982	1025	1004	932	899	911	967	947	953	1001
1171	1176	1190	1167	1141	1147	1144	1145	1118	1105	1120	1050	959	954	939	938	938	921	943	999	1003	869	847	922	956	995	1027	1077
1142	1151	1160	1142	1137	1145	1159	1161	1185	1157	1136	1069	1058	1019	968	933	944	953	945	938	977	951	913	907	947	1009	1099	1152
1116	1117	1082	1111	1152	1146	1155	1148	1168	1182	1155	1125	1106	1060	1013	978	974	974	995	977	953	958	963	933	931	941	1052	1154
1081	1078	1082	1101	1137	1152	1135	1165	1173	1174	1149	1141	1123	1089	1081	1112	1041	984	952	999	970	952	1007	1081	1042	978	1048	1144
1001	998	980	964	953	938	915	910	910	958	990	869	922	1020	1019	995	1029	1018	980	947	935	927	920	934	995	1042	1049	1030
938	931	928	933	928	917	908	914	915	975	1024	932	926	997	1010	1013	1037	1047	1013	990	958	928	921	922	940	1010	1048	1058
904	911	925	907	908	902	917	936	931	980	1048	1014	991	954	986	1018	1045	1060	1033	1001	920	948	928	930	936	953	1029	1058
904	932	939	939	903	904	917	951	962	995	1033	1013	932	952	966	1008	1032	1044	1022	994	934	955	935	964	952	923	952	1022
915	971	1026	1001	923	924	940	967	954	1000	1015	1024	951	987	1001	989	1019	1039	1008	969	981	975	947	957	933	929	927	991
912	962	999	949	924	947	962	960	937	984	1047	1040	953	863	954	975	1025	1052	995	942	968	956	950	939	932	926	924	967
903	939	959	957	925	930	920	929	919	984	1043	1068	1013	926	955	1013	1068	1019	978	986	971	922	935	926	935	916	921	928
913	925	955	969	918	923	916	906	907	990	1049	1037	1053	1059	1043	1041	1034	991	957	954	928	917	924	928	927	924	923	922
921	921	954	963	925	928	913	905	920	980	1043	1011	1007	1019	1008	1008	986	954	932	925	923	916	918	918	918	920	926	924
919	921	938	977	938	929	915	905	912	937	999	1012	1013	996	1004	988	953	932	922	924	924	913	914	919	923	925	924	922
918	922	943	995	987	962	922	909	918	931	970	984	984	998	992	964	946	924	916	915	925	913	920	922	927	921	919	924
930	923	939	1000	1053	1004	926	909	918	934	964	986	985	985	981	950	925	920	913	913	921	916	907	912	920	922	929	927
968	942	925	990	1042	988	926	908	912	927	943	977	982	966	965	949	920	918	911	913	918	908	905	917	922	919	928	932
1071	1002	977	972	975	926	916	910	908	912	919	924	961	956	935	927	913	920	926	924	931	930	914	906	920	915	923	925
1137	1074	982	942	926	916	910	915	914	913	911	913	917	923	912	919	917	948	979	998	1007	956	951	940	909	913	917	912
1152	1115	1045	970	945	917	914	913	928	920	918	913	907	909	910	921	930	942	939	1026	1004	900	908	1018	953	921	920	926
1151	1148	1140	1060	980	945	924	918	930	937	922	908	915	912	927	944	709	709	899	1020	982	919	951	1063	1025	917	923	932
1157	1165	1164	1147	1088	1036	947	928	925	947	956	906	903	934	970	997	699	788	973	1005	996	1026	1017	1083	1051	928	921	934
1144	1161	1174	1171	1186	1162	1014	918	927	920	955	950	911	952	972	1038	981	980	1012	997	974	946	1022	1079	1061	946	921	920
1162	1152	1179	1194	1186	1164	1096	995	947	918	912	960	959	965	947	1035	1057	1019	1019	1012	983	912	980	1045	1041	928	928	917
1160	1139	1171	1171	1165	1136	1108	1114	1035	947	918	923	971	982	962	1010	1051	1025	991	1001	969	984	972	983	1029	875	917	926
1162	1138	1136	1160	1169	1137	1126	1136	1128	1048	938	924	919	935	950	953	1037	1072	1018	1016	1006	960	972	1001	1009	990	937	939
1150	1161	1153	1153	1164	1150	1139	1132	1115	1033	937	924	923	925	916	911	925	1032	1071	1028	992	877	888	925	1025	970	947	945
1114	1130	1133	1145	1162	1161	1138	1114	1048	980	968	972	928	910	910	911	907	939	1042	1066	1009	832	862	837	932	952	946	947
1098	1108	1098	1082	1091	1104	1109	1119	1112	1081	1104	1101	998	910	917	921	914	908	943	1006	1028	930	904	913	907	938	963	991
1106	1100	1070	1039	1073	1102	1124	1142	1158	1148	1130	1109	1063	941	918	925	920	914	908	922	972	985	963	943	930	941	977	1050
1101	1081	1056	1085	1123	1120	1103	1112	1133	1138	1110	1099	1085	971	908	912	941	928	926	924	927	934	931	933	929	935	951	1028
1045	1040	1043	1048	1090	1109	1042	1043	1072	1059	1074	1085	1060	1023	962	922	940	958	949	924	936	929	922	942	950	942	945	994
920	926	925	909	910	911	908	913	916	918	928	980	982	984	982	972	962	937	915	929	926	919	946	1001	1053	1103	1097	1019
907	914	923	919	913	913	912	928	941	921	958	1019	1028	1018	982	988	979	965	933	928	922	924	931	960	995	1069	1091	1054
898	913	920	921	912	911	924	940	945	927	976	1024	1044	1049	1031	1038	1016	982	945	934	934	921	914	929	962	1019	1076	1063
915	954	981	963	915	909	919	937	933	962	1018	1032	1027	1026	999	1015	1048	1021	941	939	931	917	910	935	945	982	1062	1077
933	1007	1066	1007	948	934	924	949	951	986	1040	1021	976	993	998	978	997	1025	984	940	921	911	921	959	947	941	1019	1081
926	954	976	944	957	967	950	939	944	1011	1031	1012	906	854	992	982	996	1004	953	965	927	922	946	944	931	924	978	1078
916	913	933	933	934	949	951	944	946	1021	1025	999	949	892	990	1007	1022	971	928	962	929	934	948	917	919	919	950	1051
910	909	921	914	915	928	930	927	955	1034	1035	1014	1016	1025	1000	1020	1032	1002	974	954	934	920	947	935	924	921	931	1018
915	909	912	911	920	912	922	919	975	1023	1030	1017	1011	1009	976	1008	1025	1002	995	956	946	934	930	922	922	922	919	989
911	921	912	921	914	913	915	920	959	984	1001	981	1007	999	996	1011	1016	1009	991	950	933	917	917	919	927	929	915	963
920	921	919	944	930	914	918	913	979	1031	1023	992	997	1015	1009	1011	1015	994	955	934	933	911	922	925	927	924	925	933
921	923	917	983	1001	928	911	914	954	1048	1050	1032	1020	995	972	994	1001	970	934	929	926	922	918	917	916	922	922	923
927	920	935	1041	1091	951	916	914	934	1003	1044	1054	1042	1023	1020	1015	982	940	919	928	925	921	915	919	917	916	916	922
966	925	949	1047	1049	921	912	918	911	929	971	1000	1035	1030	1029	1005	944	927	924	921	920	921	909	913	914	908	918	925
1020	949	937	977	981	921	915	917	915	920	925	946	980	974	953	932	925	941	939	954	964	957	931	914	908	914	919	927
1099	1028	970	919	941	930	919	913	918	917	912	907	919	927	907	908	924	919	929	971	881	804	896	960	925	918	920	924
1134	1118	1046	948	918	927	918	921	917	920	911	917	918	911	912	905	808	755	901	1004	889	783	861	997	942	924	926	920
1131	1151	1128	1063	966	930	921	923	917	916	936	912	911	918	934	944	886	868	971	1000	1009	1023	1024	1026	964	930	923	925
1149	1176	1161	1140	1099	1007	955	924	922	933	977	954	912	914	926	983	999	1008	1030	995	944	931	1031	1045	975	940	934	931
1165	1174	1169	1170	1132	1104	1075	979	933	930	958	1016	962	935	927	978	1001	1017	1024	991	940	944	1034	1046	967	904	943	933
1149	1152	1159	1158	1151	1156	1141	1054	968	933	930	960	977	945	933	955	1010	1035	1011	976	938	965	1037	1039	1010	891	945	947
1162	1156	1143	1138	1153	1156	1133	1112	1040	976	934	918	932	929	923	938	978	1044	1052	1009	1002	1010	1043	1047	1033	981	947	933
1080	1117	1094	1107	1164	1156	1150	1129	1035	965	934	923	924	926	921	915	918	980	1063	1057	1041	999	1043	1049	1045	989	943	932
1006	1050	1049	1056	1108	1126	1074	1038	994	949	966	954	924	921	917	924	925	930	972	1039	1057	1027	1043	1026	1021	991	930	931
1091	1090	1059	1049	1073	1075	1027	1013	1028	1044	1044	1021	975	933	926	923	922	910	929	986	1025	1062	1049	1009	1004	999	948	922
1087	1085	1077	1065	1097	1114	1080	1038	1071	1097	1067	1028	975	938	929	937	936	931	945	936	949	981	1003	1001	987	989	955	932
1030	1017	1006	1027	1060	1096	1047	1000	1019	997	987	995	971	938	935	933	943	965	958	916	909	957	964	963	957	948	956	944
963	980	953	956	984	1002	973	957	974	960	964	967	956	938	927	936	951	964	955	946	927	946	959	961	961	944	956	933
913	907	918	913	923	912	913	918	919	927	906	917	911	913	909	905	923	923	912	925	922	929	1015	1033	1068	1117	1072	1007
908	916	921	911	917	920	911	917	929	918	919	935	934	936	919	914	915	918	920	922	918	916	963	1036	1053	1118	1100	1023
911	920	929	918	913	919	912	925	939	936	950	998	1028	1035	988	986	938	918	925	917	922	914	915	1003	1042	1093	1110	1057
915	926	926	918	914	915	924	933	945	991	1028	1035	1042	1042	986	1042	1044	1005	928	922	923	909	927	965	1020	1064	1113	1097
925	955	955	916	927	919	917	937	967	1042	1052	999	984	1011	1014	1003	1007	1038	1027	957	923	915	935	956	969	1036	1109	1107
942	984	976	927	944	936	925	937	1005	1062	1032	1019	983	958	974	969	986	1016	1029	1042	963	924	923	930	937	984	1081	1111
942	1000	975	938	950	948	944	947	1016	1041	1009	992	985	951	908	976	1009	995	1007	1045	997	932	936	932	924	938	1054	1117
929	1010	995	927	938	954	946	944	1014	1028	999	973	971	973	912	951	995	968	1011	1051	1005	941	949	952	925	924	1002	1112
914	962	1014	963	958	963	954	940	997	1023	990	1000	985	1000	970	980	1013	993	1001	1019	1010	949	936	923	926	927	945	1082
910	925	943	971	958	956	955	953	982	1028	995	961	1012	983	1009	1002	1004	1016	1031	1003	974	948	926	920	928	930	915	1007
911	914	913	929	920	913	941	932	1000	1050	1021	984	1002	1002	987	1020	1009	1031	1040	1014	973	937	937	927	923	924	927	937
915	919	910	918	911	898	910	912	965	1058	1054	1028	1004	934	921	984	1043	1039	1017	997	952	923	929	926	923	924	924	927
926	917	926	985	948	911	913	916	929	1006	1066	1037	1014	996	975	996	1031	1018	975	945	929	924	927	922	926	922	921	931
918	925	952	1051	993	909	910	912	911	935	1021	1057	1040	1022	1033	1047	1008	990	935	912	925	932	914	914	921	921	919	925
927	930	942	1078	1044	926	920	918	912	917	937	1019	1060	1022	1006	1009	978	942	918	929	925	921	903	912	915	918	921	927
965	956	925	1006	1020	944	918	916	919	922	914	921	947	962	956	946	932	924	923	931	907	907	906	911	909	914	924	922
987	979	920	930	952	938	926	915	916	914	908	920	908	913	921	916	925	934	941	935	927	930	939	913	907	936	936	916
992	1018	981	958	933	917	922	914	918	916	912	912	911	911	917	918	933	932	948	967	965	946	934	908	869	863	894	922
1024	1044	1056	1034	983	918	916	923	918	915	927	918	911	919	918	917	921	930	970	1006	1013	1008	988	942	828	709	753	869
1084	1065	1078	1072	1035	1003	946	922	922	929	934	949	919	910	909	910	922	944	998	1017	1040	1069	1083	1051	932	732	672	807
1103	1112	1096	1088	1092	1086	1044	962	938	924	921	966	961	909	906	908	925	965	1008	1023	1014	1049	1092	1092	1061	933	787	819
1054	1094	1083	1094	1107	1088	1071	1022	937	923	921	923	969	961	930	915	913	940	1024	1049	1039	1059	1072	1080	1071	1060	1007	952
1001	1003	990	1028	1084	1049	1039	1017	932	921	937	929	924	946	974	949	922	919	985	1057	1082	1095	1089	1064	1061	1065	1044	988
1040	1030	1022	1022	1025	1008	984	971	942	930	944	952	940	931	932	978	982	938	952	1032	1072	1082	1016	1012	1050	1024	1017	993
1046	1032	1050	1064	1057	1038	970	962	978	969	952	938	938	946	941	946	959	962	977	1011	1047	1075	993	950	1017	1000	999	994
972	974	987	1000	1029	1048	1014	971	971	982	984	962	936	935	942	954	972	1018	977	961	1030	1052	979	934	960	953	976	999
992	982	958	952	958	987	964	947	954	983	1016	1045	1006	947	935	940	961	1041	987	929	1010	1047	953	899	918	892	936	993
954	952	956	949	949	1000	1021	1005	993	967	978	1012	1035	1008	951	942	954	959	967	939	985	1019	948	853	878	870	902	971
922	948	958	931	916	907	913	915	920	918	912	903	918	922	917	906	918	932	923	927	949	1013	1060	1043	1041	1109	1028	1008
905	916	929	923	917	918	916	904	926	914	911	914	905	907	910	913	909	919	915	923	925	959	1027	1064	1054	1112	1058	978
912	912	925	921	912	917	913	911	929	924	938	964	965	959	933	922	905	922	924	917	926	922	979	1058	1058	1092	1087	999
919	913	918	913	912	912	910	920	925	953	988	1031	1047	1026	1025	988	954	940	916	916	927	919	961	1019	1048	1059	1087	1044
905	920	913	911	919	917	919	908	937	985	1037	1059	1030	931	976	1049	1015	989	947	943	928	936	962	956	1003	1049	1083	1068
923	925	914	894	916	917	922	918	967	1031	1057	1023	997	917	905	1024	1032	1031	1041	1010	947	928	935	931	977	1039	1078	1070
927	945	917	906	913	911	922	926	984	1042	1034	1027	963	921	880	1006	1043	1042	1024	1044	989	925	929	948	942	982	1053	1068
943	1027	959	919	930	925	921	928	1001	1048	1042	1021	1005	972	863	907	1037	1022	999	1023	1026	928	919	938	925	938	1018	1063
932	1044	1023	949	957	967	978	941	966	1052	1050	1044	1038	1049	989	965	1054	1045	1031	1023	1021	955	931	922	913	930	962	1032
912	961	991	1015	945	953	989	977	940	1013	1071	1059	1048	1019	1015	1027	1026	1044	1056	1039	1033	965	935	919	920	931	929	981
920	913	904	942	928	935	959	964	938	974	1039	1068	1054	1026	1027	1037	1030	1059	1064	1055	1018	948	926	928	921	925	921	930
912	913	916	911	918	918	949	937	932	960	1009	1039	1043	1046	1016	1022	1054	1073	1062	1013	963	926	927	922	920	919	912	926
913	916	914	911	918	912	929	945	929	940	990	1038	1038	1050	1048	1026	1050	1064	996	952	934	940	925	923	924	923	921	925
910	920	933	943	917	910	911	925	926	917	961	1017	1058	1044	1042	1032	1027	1000	934	912	924	921	921	919	922	929	922	919
919	926	960	1030	951	917	922	914	913	910	918	960	998	1006	1015	1005	982	934	912	917	918	901	916	925	924	920	922	914
927	930	1007	1116	988	925	914	909	911	918	917	920	919	936	942	923	919	918	915	914	910	912	915	921	928	931	914	911
927	921	970	1046	1014	933	915	914	921	909	913	923	917	905	912	917	918	913	921	916	914	916	916	910	885	909	917	922
923	914	916	950	956	911	919	911	919	916	913	916	916	908	913	911	909	913	920	917	905	905	898	809	593	442	489	747
929	929	938	924	931	918	916	916	917	913	912	913	908	908	910	913	917	920	922	935	963	974	951	703	248	77	117	352
933	940	941	943	933	931	924	924	913	923	915	922	914	901	914	913	914	911	929	960	1039	1068	998	777	414	109	102	294
951	955	955	958	970	941	937	926	925	924	914	917	935	916	907	909	921	919	947	1002	1062	1101	1015	892	830	506	292	394
1050	1034	995	960	952	941	950	939	916	919	919	925	957	985	974	921	911	926	943	1021	1058	1031	1047	1010	1009	993	824	838
1171	1114	1059	1034	998	982	974	932	926	929	934	924	931	1039	1036	1002	937	914	946	1041	1077	1031	1022	1030	1008	1000	1007	1006
1194	1151	1102	1079	1027	1000	1000	972	964	951	945	963	944	961	970	957	995	939	941	1047	1066	1022	1012	1011	1003	989	983	980
1161	1090	1060	1043	1011	1001	1006	1018	1011	965	951	949	944	943	941	940	969	974	952	1055	1053	1019	982	978	994	978	963	972
1037	1001	1011	990	971	976	1003	1008	1018	1040	1028	983	945	938	935	942	961	1014	954	1026	1047	987	938	945	945	940	956	982
1001	999	988	966	968	993	1015	1066	1144	1161	1123	1104	1072	982	941	943	955	995	955	980	1085	1018	939	940	938	926	959	964
982	967	960	960	987	1043	1098	1131	1140	1076	1025	1029	1130	1138	1017	969	969	948	943	944	1059	1032	947	927	934	909	916	932
928	968	998	946	901	900	905	915	937	916	909	916	918	914	918	917	916	928	927	929	967	1021	1045	1051	1048	1075	1036	1037
913	935	1019	993	959	936	912	929	955	923	909	917	911	915	919	914	907	928	924	923	933	989	1043	1055	1049	1082	1058	1026
916	929	1007	964	965	955	922	916	927	919	913	917	910	915	911	913	919	927	930	917	929	934	1003	1063	1057	1071	1092	1046
910	927	1002	926	931	922	910	910	915	922	938	933	941	924	930	912	921	922	921	922	924	927	972	1031	1050	1059	1095	1084
906	936	993	928	934	918	904	897	908	928	964	992	978	904	922	943	923	926	918	928	924	942	958	973	1048	1061	1071	1098
920	946	997	929	909	913	910	912	920	948	1000	1021	1018	925	920	986	948	947	942	935	929	934	931	940	1028	1062	1052	1081
919	954	981	935	912	913	920	919	920	983	1039	1042	1033	1032	1043	1018	993	991	987	967	933	918	928	931	962	1036	1052	1051
923	973	999	934	938	918	915	921	922	991	1044	1045	1032	1050	1075	1055	1026	1025	1002	961	939	913	917	927	922	991	1048	1048
922	970	986	919	952	939	920	919	929	1001	1032	1029	982	1087	1095	1084	1047	1042	1034	1002	948	928	923	929	911	938	1027	1045
913	939	937	938	966	949	926	945	928	991	1032	1027	1046	1083	1081	1063	1056	1033	1029	1007	972	924	926	914	915	922	962	1033
923	917	911	936	963	939	934	985	960	984	1002	1022	1040	1065	1060	1051	1050	1043	1013	994	938	915	922	920	923	924	924	991
914	919	921	919	923	930	936	955	987	962	940	996	1044	1067	985	1033	1063	1041	995	959	927	923	924	918	921	918	911	948
906	929	922	923	920	918	925	954	940	935	942	988	1032	1069	1064	1057	1058	1032	952	933	937	924	925	924	913	911	914	919
915	912	928	922	915	917	916	941	967	963	969	991	1024	1046	1049	1028	1015	985	925	919	926	913	924	916	920	921	916	905
936	924	918	915	916	921	916	920	932	932	953	969	974	1006	1002	1010	972	912	921	918	924	914	924	922	924	921	916	918
932	929	972	953	918	922	919	911	918	910	913	941	955	988	979	958	928	905	918	922	911	909	926	927	920	917	916	909
926	942	1101	1049	972	921	915	917	921	915	915	935	952	942	950	940	922	908	920	922	926	921	925	928	908	904	898	915
920	945	1025	1082	1008	919	918	917	920	912	913	925	928	927	934	922	915	920	924	917	922	937	927	887	810	729	699	795
932	924	932	974	947	919	918	910	912	915	913	914	916	910	916	914	911	911	918	912	928	969	953	761	507	377	294	375
931	934	926	919	923	918	918	925	920	920	915	911	905	907	910	916	912	915	912	916	967	993	862	500	234	142	98	157
942	986	983	937	936	927	931	931	925	926	914	911	915	913	906	904	915	917	913	927	996	1054	853	359	195	113	81	128
1219	1227	1229	1139	1118	1113	1075	985	940	922	917	916	921	933	923	909	912	920	920	936	1006	1024	1004	703	612	618	569	531
1324	1319	1309	1291	1278	1262	1241	1158	1113	1021	930	928	935	1016	1026	935	909	910	924	983	1039	1023	1030	1013	998	1017	1015	973
1305	1315	1310	1305	1283	1267	1267	1239	1227	1163	1045	939	923	985	1070	969	950	931	926	997	1033	985	1018	993	996	998	992	949
1281	1279	1268	1274	1273	1271	1247	1248	1227	1204	1134	1039	948	942	959	951	956	952	964	1028	1038	956	985	983	973	978	1003	976
1243	1219	1217	1154	1115	1186	1201	1205	1225	1178	1123	1084	1007	951	945	945	943	940	987	1029	1035	984	952	951	953	965	980	947
1128	1126	1144	1151	1221	1294	1320	1330	1323	1218	1110	1062	1025	968	953	955	955	951	943	1000	1049	1003	963	943	943	966	970	966
1299	1268	1223	1222	1240	1229	1254	1290	1305	1310	1277	1064	994	973	958	955	954	964	936	964	1059	1042	990	988	933	956	956	977
948	965	923	929	918	942	947	943	944	994	917	913	914	909	916	923	920	921	924	921	924	931	940	975	1006	1043	1038	1023
922	960	942	930	940	955	926	986	950	955	912	928	925	910	917	923	915	919	925	920	923	924	948	975	992	1023	1029	1043
919	924	943	929	972	1037	978	926	927	910	917	935	915	914	917	921	918	921	927	915	922	923	931	964	993	1015	1021	1054
907	918	951	938	978	967	961	903	910	894	933	921	913	912	918	914	922	921	923	920	929	920	934	944	985	1012	1035	1043
907	928	979	965	979	940	935	918	908	917	931	924	918	923	921	913	923	929	923	920	926	930	959	940	970	1019	1039	1050
920	920	994	1005	941	943	947	947	926	930	990	998	947	997	999	930	924	931	916	923	932	933	919	928	949	1000	1031	1055
921	915	959	1012	946	924	921	932	939	937	975	982	1003	1022	1005	952	929	923	924	925	924	926	920	923	932	979	1026	1039
908	913	938	970	986	938	920	919	911	945	977	989	985	1006	1067	1024	933	931	934	907	921	919	919	927	926	951	1007	1029
921	920	922	915	971	984	940	927	908	996	1017	1021	934	1091	1117	1084	965	960	935	930	915	921	925	931	919	925	973	1023
930	915	913	907	945	998	950	954	944	1063	1051	1024	1011	1071	1092	1093	1039	984	955	947	921	915	933	925	923	928	938	1000
942	933	913	909	925	965	945	939	1003	1030	1037	1038	1041	1086	1099	1084	1051	999	958	938	924	921	921	916	923	917	926	966
952	939	913	913	914	935	940	941	1010	991	1012	1023	1049	1072	1044	1058	1064	1031	963	935	929	922	918	920	916	922	926	935
951	940	916	913	919	934	918	926	978	1025	1030	1038	1052	1049	1022	1043	1054	1032	956	938	921	919	931	923	909	913	918	919
955	930	925	915	919	929	924	927	944	1000	1027	1029	1044	1030	1032	1026	1052	1030	947	926	924	928	919	913	925	908	913	912
955	919	920	908	910	917	918	934	940	975	975	971	996	1020	1011	1020	1038	976	920	924	927	919	917	919	912	913	912	926
942	914	909	903	916	920	915	916	922	967	981	990	942	977	1003	1022	1025	952	910	915	922	915	921	924	909	910	921	923
929	930	953	922	918	922	918	910	913	958	1006	980	889	940	1010	1022	1022	947	917	925	932	917	922	924	920	918	917	914
929	984	1088	1026	955	922	914	909	924	928	991	1010	1008	1015	1030	1023	1001	934	924	921	917	929	924	917	936	923	916	916
954	949	1058	1090	970	914	909	911	913	917	941	993	1012	1003	997	990	967	929	928	925	923	930	941	947	932	897	862	900
960	924	931	967	921	910	912	935	916	921	919	924	941	960	956	952	926	931	923	919	921	913	947	970	854	754	695	777
944	978	961	925	920	919	927	931	933	929	914	914	913	917	918	911	920	907	912	920	922	916	957	943	734	598	624	671
1082	1185	1169	1102	1106	1109	1073	1005	953	930	925	928	923	921	910	912	907	908	915	911	925	970	999	918	772	765	828	719
1217	1271	1290	1270	1257	1272	1285	1257	1217	1093	956	946	935	945	987	937	911	906	916	913	954	1031	1051	1027	1002	1042	1059	1002
1257	1282	1298	1291	1252	1283	1321	1329	1342	1336	1195	1013	931	940	1099	1036	962	942	935	932	1028	1062	1034	992	927	1005	1025	1006
1249	1269	1256	1224	1241	1276	1319	1320	1315	1328	1316	1268	1058	945	963	972	964	951	954	990	1030	1019	984	967	989	1010	1039	1035
1189	1181	1141	1088	1082	1159	1268	1296	1304	1313	1314	1329	1260	1020	958	987	963	936	947	986	1022	1000	961	970	1003	1037	1047	1063
1119	1116	1132	1143	1159	1131	1173	1268	1283	1237	1274	1299	1288	1164	998	1022	1053	1040	977	945	957	1000	1001	990	995	1033	1051	1076
1174	1215	1260	1249	1219	1103	1110	1237	1258	1223	1307	1268	1288	1211	1024	1018	1089	1149	1137	1070	1004	1020	1020	1007	1016	1061	1064	1058
939	966	1004	1022	1034	1049	1038	1033	983	995	992	942	925	919	913	928	930	922	926	924	920	926	919	922	940	1045	1053	1030
938	957	959	983	1003	1001	991	1005	959	976	967	970	998	926	914	925	927	920	922	926	921	925	918	920	927	998	1050	1037
927	966	912	940	949	985	950	971	975	954	972	949	925	917	917	917	925	916	915	921	920	924	914	914	928	949	1024	1031
912	954	930	920	930	998	1029	954	948	957	985	920	910	912	919	918	924	923	918	920	920	919	918	918	923	928	994	1027
905	912	918	913	939	968	970	972	963	956	945	917	926	931	930	926	923	917	923	920	916	923	931	921	920	927	974	1024
910	913	913	921	925	942	960	964	935	938	940	978	954	950	975	934	919	921	923	916	919	933	928	917	922	920	950	1023
948	917	915	930	916	912	929	961	977	941	951	994	1018	975	987	984	919	934	923	923	924	938	928	928	927	920	941	984
997	946	931	925	927	921	920	948	940	949	976	1012	1047	1018	1057	1055	996	946	930	925	919	948	931	930	930	927	932	949
1036	994	967	934	920	941	935	923	936	994	1049	1061	1007	1021	1093	1088	1065	1055	987	951	912	927	938	921	923	933	920	937
1059	1039	1017	964	916	942	953	924	978	1042	1057	1037	1002	1047	1060	1069	1064	1043	1003	1038	942	916	924	925	917	925	922	936
1052	1032	1006	972	918	944	991	930	1025	1042	1046	1046	1025	1023	997	999	1049	1039	967	993	995	919	921	921	924	922	923	930
1048	1043	1011	978	928	937	989	953	1035	927	971	1030	975	969	984	985	1036	1036	979	979	985	918	932	925	920	918	921	927
1062	1055	1021	974	930	920	988	977	1046	1044	965	1001	1009	1009	1000	983	1016	1029	1027	1037	946	920	931	919	912	916	927	924
1075	1060	1031	982	943	917	937	937	1018	1080	1023	985	1012	942	979	969	1003	1040	1025	976	920	925	919	911	928	919	915	912
1064	1017	986	964	929	916	913	907	949	1066	990	943	967	938	906	949	1009	1043	979	919	921	917	920	920	911	920	920	920
1003	951	939	925	912	912	913	916	929	1050	1007	985	935	925	883	977	1010	1036	947	917	920	915	923	915	915	916	928	917
948	921	913	907	906	913	919	928	914	1033	1051	996	827	920	993	997	962	1021	935	914	916	922	918	922	920	916	917	919
939	935	958	922	909	919	912	919	925	960	1051	1023	969	957	968	1003	1038	1027	911	913	916	923	917	920	915	911	907	924
1026	965	1139	1064	951	915	911	912	912	932	990	1068	1049	1025	998	1026	1055	962	915	928	919	922	912	912	927	920	926	920
1035	929	980	1084	966	911	924	925	913	924	927	963	1009	1017	1036	1036	961	923	925	927	913	927	921	922	945	942	943	926
928	922	926	953	942	927	923	928	921	921	909	908	923	933	931	930	918	917	918	919	923	917	927	968	963	947	948	949
923	934	932	917	934	934	928	939	933	930	932	928	930	914	913	919	909	910	918	920	921	932	932	968	975	983	966	963
990	1007	1051	1023	994	1000	990	970	970	953	940	947	926	981	1078	961	924	924	916	911	930	945	953	971	984	1022	919	947
1048	1053	1116	1088	986	1019	1058	1086	1155	1128	985	959	944	960	1042	1004	935	932	960	982	953	965	983	998	1024	1018	960	978
992	1004	1018	971	947	991	1046	1136	1309	1314	1080	1015	1009	1024	1043	1052	998	947	929	1004	1007	937	964	998	998	1018	986	994
982	959	942	928	923	942	996	1130	1289	1285	1143	1100	1127	1128	1193	1210	1208	1135	1028	1006	1033	969	974	990	1006	1002	1018	1049
990	963	970	937	924	922	969	1084	1164	1111	1119	1157	1191	1241	1224	1228	1234	1258	1218	1124	994	945	1002	1030	1017	994	1034	1061
1015	961	992	945	919	918	979	1061	1189	1266	1149	1178	1260	1272	1240	1228	1224	1274	1290	1281	1163	1015	989	1006	1036	1029	1048	1084
1007	1014	1048	1062	1055	1018	1034	1053	1027	1003	1042	1008	991	924	916	928	930	934	933	925	913	920	922	925	922	1033	1050	1028
1010	1012	1038	1044	1040	1058	1040	1035	1014	1000	1001	1003	1053	949	928	934	933	929	918	920	917	933	922	925	919	962	1053	1050
953	978	1002	1023	1030	1006	979	1024	1012	1041	1024	1030	1017	965	926	926	923	919	915	930	926	920	917	924	933	925	996	1046
917	953	979	951	928	947	994	1008	1020	1063	1041	986	944	947	944	911	922	919	915	925	920	918	919	922	925	921	946	1028
919	918	950	939	918	934	975	996	1011	1013	1006	961	998	996	934	910	921	920	917	922	921	921	918	920	917	915	926	984
988	926	918	915	918	934	948	939	932	924	952	1001	1006	1017	951	929	922	917	924	922	925	917	920	917	914	919	926	952
1082	993	924	919	915	907	925	964	959	955	998	1041	1048	1052	1031	986	948	933	924	926	928	924	921	921	918	922	925	929
1063	1022	1031	935	911	907	917	960	978	1024	1045	1035	1033	1073	899	667	849	975	932	921	923	944	918	934	927	922	922	924
1082	1069	1088	1041	934	912	932	951	1003	1060	1067	1039	1045	1055	1031	940	979	1058	1020	953	924	924	920	928	919	926	925	914
1090	1099	1125	1094	979	917	913	956	1046	1026	1044	1043	1023	1017	1021	1048	1060	1069	1056	1020	944	916	923	932	926	921	919	922
1062	1079	1097	1094	1026	924	939	1007	1058	1051	1038	1027	977	963	959	976	1052	1045	1029	1042	977	919	930	936	921	913	916	926
1080	1053	1079	1077	1034	944	952	1002	1056	1053	1039	1012	951	902	931	973	1042	1011	1001	1018	977	923	933	922	922	923	922	924
1087	1069	1069	1067	1067	974	979	1001	1070	1056	1004	991	953	968	964	975	1002	1015	1039	1018	938	922	921	915	922	923	929	919
1084	1096	1089	1093	1059	984	967	995	1058	1069	997	932	963	936	989	989	972	1014	1028	986	924	922	928	924	925	916	924	912
1104	1106	1096	1086	1055	1003	939	948	1020	1067	1018	1000	974	961	960	943	884	1004	1016	920	913	923	916	911	922	925	920	915
1085	1075	1067	1058	1033	979	932	946	972	1054	1007	974	951	946	943	996	931	1028	958	911	903	924	917	914	926	919	923	917
995	942	963	973	960	924	916	933	943	1026	1004	995	876	939	996	992	962	1014	928	912	917	921	920	923	916	918	915	921
992	941	915	906	910	910	910	925	919	973	1033	1029	969	909	899	988	1001	987	911	911	919	917	911	920	915	922	916	916
1107	996	1019	1073	959	916	912	909	910	927	948	1006	1036	1015	994	1018	1014	941	918	915	917	920	920	927	945	921	919	919
1089	958	971	1107	1061	932	921	924	923	919	925	924	953	991	1004	989	933	914	924	918	914	921	933	1019	1054	957	921	912
928	915	907	980	1017	930	923	918	910	918	924	923	916	924	909	918	920	921	912	911	915	919	962	1091	1116	1038	964	976
935	932	926	931	935	916	928	923	921	935	931	948	997	1000	957	926	931	937	916	911	916	932	943	1051	1095	969	945	1001
978	952	971	967	956	924	925	922	919	938	934	966	1001	1082	1101	1008	976	996	936	910	911	917	941	1004	1013	871	683	822
1011	987	1070	1005	925	931	915	920	952	950	931	959	1023	1071	1071	1054	1032	1043	1054	1005	923	921	988	987	968	957	851	936
941	953	999	949	907	920	913	984	1200	1182	984	1057	1199	1262	1258	1257	1194	1082	1005	1034	981	937	993	987	891	883	906	986
925	929	921	921	924	918	903	1071	1327	1313	1036	1087	1232	1265	1203	1200	1269	1285	1218	1066	996	988	1011	956	905	894	942	1043
940	934	932	922	922	931	918	1056	1274	1232	1071	1029	1187	1250	1164	1129	1138	1229	1296	1280	1124	1016	1033	972	894	907	944	1038
983	944	930	920	930	951	933	1117	1337	1188	1027	1012	1165	1251	1223	1132	1123	1184	1228	1261	1288	1149	1047	1027	940	991	1038	1064
1067	1046	1027	1007	1010	1009	1026	1043	1036	1030	1007	1036	1034	924	924	927	937	917	930	926	915	924	923	927	933	1025	1040	1037
1074	1061	1012	1008	1031	1054	1058	1057	1041	996	983	1056	1042	927	935	931	936	923	924	925	922	920	916	917	917	938	1040	1036
1051	1067	1032	1031	1068	1061	1078	1032	989	997	1021	1076	1043	994	928	923	924	918	922	923	928	921	917	920	921	911	958	1057
960	1021	1043	1031	1006	1011	1045	993	1000	1057	1070	1063	1035	1043	993	922	919	921	919	923	922	919	922	922	915	925	931	1000
937	926	943	1001	959	974	1049	1080	1061	1069	1069	1053	1061	1036	987	954	931	920	918	921	928	921	917	919	922	925	927	933
1042	927	911	940	932	954	994	1001	983	980	1047	1051	1034	1055	1019	986	959	926	925	924	924	917	925	926	918	915	927	923
1111	1026	921	920	920	919	939	950	954	1019	1075	1078	1062	1070	1059	1031	1030	990	929	919	925	923	915	917	913	920	925	925
1077	1082	1015	932	913	909	914	932	1028	1070	1092	1082	1053	1074	994	733	677	1008	990	929	920	913	914	920	914	921	925	917
1116	1121	1094	1043	939	919	916	937	1026	1075	1076	1041	1018	1025	1008	942	685	947	1029	971	916	917	917	911	923	917	921	913
1085	1090	1086	1094	1014	943	917	937	1030	1038	1036	1025	1008	1002	999	1022	1040	1057	1016	951	937	921	937	933	924	918	923	919
1093	1101	1085	1104	1099	1017	941	980	1065	1027	1023	1020	1007	990	1017	1037	1033	1038	1043	1003	931	923	939	943	930	912	923	928
1104	1084	1048	1063	1083	1064	965	982	1078	1054	1047	1005	958	967	1002	1026	1044	1059	1068	981	916	913	914	922	933	925	918	917
1072	1044	1035	1058	1093	1089	1014	1005	1084	1049	992	997	990	952	967	1006	1019	1052	1033	925	911	921	916	909	931	931	925	919
1089	1081	1072	1081	1080	1105	1026	1000	1067	1057	979	959	947	940	1016	1022	1027	1040	984	920	916	924	924	921	926	919	925	926
1123	1114	1099	1102	1110	1113	1022	939	1058	1035	1021	1005	998	980	987	987	1011	1044	945	912	910	915	914	917	922	930	912	910
1085	1101	1110	1117	1116	1094	1004	932	1009	1050	1014	971	983	979	986	997	1027	982	915	915	904	920	917	930	928	919	910	917
987	959	1018	1084	1081	1045	962	909	936	1047	1033	973	962	967	1024	1058	1011	935	908	917	916	914	917	915	915	919	921	928
1079	984	909	929	940	948	924	914	918	961	1030	1047	1047	1056	1045	989	936	913	918	913	919	912	906	912	918	918	911	918
1149	1022	932	1006	1082	931	903	913	918	910	942	966	975	966	956	934	919	909	928	912	912	911	915	925	924	915	905	908
1031	949	919	1031	1134	948	914	923	914	918	922	919	914	922	926	923	919	912	919	918	918	918	928	973	968	924	907	927
990	968	930	984	1061	942	917	916	909	924	922	950	962	926	914	920	920	921	917	913	917	919	944	1006	1068	1037	1026	1043
1041	980	1006	952	932	919	926	923	931	942	967	1102	1089	1004	950	987	1020	960	916	905	903	929	955	1059	1048	866	932	1004
1048	933	1013	996	931	930	929	934	937	943	956	1030	1027	993	954	965	993	1014	922	925	930	984	1035	1059	941	749	863	855
1049	1005	1080	1044	953	929	930	927	932	946	993	1078	1168	1193	1175	1117	1030	969	959	956	975	995	1041	955	973	920	888	891
976	1002	1062	995	923	920	928	920	986	1097	1184	1271	1297	1295	1292	1306	1283	1179	1045	965	975	1025	1006	938	880	836	884	869
978	957	947	927	936	939	932	969	1194	1270	1233	1275	1265	1227	1154	1170	1236	1301	1301	1167	977	1011	1045	965	857	737	822	885
996	987	937	927	969	964	945	1057	1305	1297	1206	1247	1278	1212	1107	1097	1115	1201	1262	1304	1224	1033	1044	972	918	818	779	969
999	1024	940	934	996	1008	1022	1268	1293	1310	1209	1184	1263	1241	1131	1090	1100	1108	1134	1217	1300	1222	1069	1009	894	976	980	967
1032	1035	1012	965	977	1027	1023	974	944	957	948	1061	1026	929	920	928	927	926	922	914	927	926	930	928	973	1048	1052	1056
1055	997	975	1011	1062	1075	1046	985	954	966	1012	1071	1042	944	927	938	940	925	918	926	932	919	913	925	920	981	1063	1040
1044	975	962	1038	1077	1080	1055	979	980	1009	1038	1091	1043	976	914	922	928	919	927	932	917	924	916	921	922	919	996	1056
981	1051	1050	1066	1062	1049	1001	973	1034	1071	1077	1071	1077	1063	1007	980	947	927	916	916	920	924	912	920	912	916	939	1015
914	926	956	1024	1035	1025	1037	1061	1075	1082	1076	1079	1090	1081	1088	1036	1039	977	911	919	927	919	915	909	925	924	928	934
972	913	932	1017	1004	1033	1065	1055	1031	1048	1078	1075	1063	1053	1071	1059	1041	1011	938	916	920	919	916	924	923	919	922	916
1048	960	929	963	959	983	1004	988	991	1065	1100	1075	1046	1028	1052	1066	1009	1015	927	913	928	929	923	917	917	921	931	929
1069	999	924	915	928	926	919	940	1050	1084	1065	1043	1027	1026	1056	1075	1036	1043	959	927	930	927	925	918	918	924	926	918
1064	1032	1016	973	935	925	906	983	1086	1063	1040	983	957	1021	1046	1081	1015	1029	964	940	915	919	914	917	914	917	916	917
1088	1108	1112	1068	1063	1006	924	999	1070	1058	1000	993	1002	1023	1017	1042	1064	1049	985	935	919	922	926	925	913	916	917	920
1089	1102	1110	1108	1101	1069	968	978	1062	1050	999	1023	1021	990	1009	1048	1028	1001	1022	969	920	922	922	920	919	926	933	928
1067	1071	1081	1088	1090	1103	1023	946	1050	1054	1018	997	965	978	1020	1029	1053	1063	1044	955	907	917	917	918	925	926	920	919
1103	1084	1082	1078	1065	1114	1078	1017	1064	1058	1028	997	944	984	1021	1032	1072	1051	981	912	914	921	927	915	919	917	918	919
1124	1101	1091	1056	1071	1106	1082	986	1052	1078	1035	1026	996	985	1024	1062	1072	995	931	911	917	923	927	919	911	912	918	913
1107	1119	1087	1085	1091	1103	1070	1003	1034	1070	1033	999	1022	1007	1011	1068	1069	962	907	914	911	913	921	923	919	925	920	923
987	1050	1106	1096	1098	1074	1071	1017	989	1056	1028	1025	1010	942	953	1059	1057	929	909	912	911	915	926	932	925	921	914	912
1058	981	997	1083	1110	1091	1072	991	934	1030	1056	1037	1012	994	1040	1031	971	909	908	910	908	919	914	909	922	926	916	914
1156	1025	918	958	1034	1046	1022	952	909	944	1019	1051	1026	1050	1042	985	914	913	914	913	909	908	902	906	912	908	913	921
1077	974	932	1005	1178	986	925	911	909	915	926	967	989	981	959	916	917	916	922	913	918	912	918	913	908	914	909	912
1030	919	952	1069	1150	1047	982	937	917	914	918	912	919	920	919	917	920	917	914	923	927	915	913	916	912	923	919	916
1144	995	993	1076	1106	1055	1039	1025	1001	1002	1009	1040	978	921	936	927	910	914	911	920	931	923	946	870	777	991	994	984
1296	1058	990	921	960	985	1014	1035	1075	1109	1121	1153	1096	1080	1080	1092	975	930	931	929	909	910	951	986	992	1067	1049	1063
1401	1089	936	934	925	920	925	938	955	1015	1054	1057	1029	1055	1065	1050	982	994	973	988	964	972	970	1052	1048	838	904	994
1243	1013	1069	1028	942	927	934	933	1035	1161	1189	1176	1191	1216	1200	1130	1031	937	907	958	979	971	999	1040	1048	920	877	871
1048	1008	1102	1025	918	947	936	1017	1223	1294	1276	1254	1259	1293	1278	1295	1293	1232	1064	930	938	994	1037	998	988	1004	918	827
1030	994	947	938	972	1009	977	1105	1263	1266	1223	1177	1186	1222	1235	1256	1271	1299	1318	1194	974	963	1047	973	901	952	960	850
1041	1011	929	957	1021	1018	1014	1146	1279	1260	1233	1201	1176	1191	1177	1180	1190	1215	1259	1302	1254	1025	1030	1010	951	947	930	914
984	1050	938	950	1011	1017	1054	1232	1288	1292	1224	1180	1159	1208	1179	1154	1147	1136	1171	1239	1321	1248	1026	1028	976	952	899	850
1005	1054	1024	1033	1039	1065	1078	986	962	960	1002	1058	1034	934	910	923	922	925	936	930	932	928	924	970	1038	1070	1064	1054
1027	993	1013	1041	1061	1077	1056	1000	971	928	994	1049	1055	953	921	921	927	927	923	931	935	918	921	917	962	1040	1062	1056
956	928	997	1052	1042	1043	1008	956	972	1039	1012	1064	1082	1015	922	917	911	919	928	923	921	926	921	928	929	961	1050	1050
919	969	1009	1064	1025	1005	980	983	1025	1067	1068	1079	1089	1084	1015	982	964	922	924	915	921	917	917	924	915	917	972	1046
924	927	974	1014	980	943	978	1022	1055	1070	1075	1087	1084	1072	1080	1015	1044	1000	917	922	919	916	922	916	922	924	916	974
922	936	956	1043	1032	834	979	1051	1058	1069	1081	1064	1058	1057	1030	1046	1027	1046	936	917	921	921	916	919	920	922	910	913
922	931	933	1027	1062	1057	1044	1037	1053	1056	1058	1038	1022	1020	1032	1027	962	1029	935	915	920	926	922	927	921	931	926	923
948	917	918	929	950	957	969	998	1039	1046	1035	1022	994	977	1031	1028	1040	1021	920	916	924	924	936	917	923	916	924	923
928	924	941	933	926	910	948	1060	1085	1036	1000	1012	1001	1034	1051	1030	1060	977	920	911	920	927	921	916	920	918	917	922
996	1024	1038	1014	980	921	974	1067	1066	1029	952	978	993	1023	1060	1066	1017	936	928	914	917	923	927	925	920	919	919	918
1080	1057	1071	1071	1056	1016	958	1037	1050	1025	888	911	953	998	1058	1028	958	939	918	918	917	917	913	914	921	933	933	926
1062	1088	1106	1100	1095	1106	1048	995	1062	1079	1004	948	1006	1048	1050	1014	979	953	926	918	909	916	921	925	928	919	916	918
1109	1110	1081	1086	1095	1124	1101	1075	1057	1026	1068	1064	1009	1038	1038	1017	980	937	912	910	914	933	920	922	928	916	918	922
1065	1086	1078	1086	1090	1087	1098	1073	1034	996	1032	1041	1020	1030	1037	1022	963	912	906	911	921	936	931	925	924	917	927	923
974	1046	1085	1081	1073	1064	1072	1069	1046	999	1031	1052	1060	1037	984	1002	943	907	909	906	917	924	935	928	923	920	915	920
1023	988	1000	1091	1086	1068	1079	1084	1044	994	1021	1043	1053	987	970	977	938	912	917	914	920	920	922	922	915	919	920	911
1164	1070	943	1027	1085	1088	1088	1089	1005	950	995	1006	983	974	981	946	930	918	910	908	918	918	918	919	910	921	916	912
1136	1067	1009	1125	1091	1087	1102	1042	926	924	952	973	924	899	924	945	928	908	914	918	912	914	906	899	906	911	906	915
1081	1026	1064	1125	1092	985	984	910	903	915	929	925	928	934	947	918	909	917	923	917	910	914	918	915	920	926	937	929
1324	1105	1093	1104	1008	997	1022	998	941	928	923	918	922	925	925	919	918	917	918	924	937	942	984	983	989	1010	976	961
1421	1223	1059	1075	1022	996	1014	1049	1053	1027	998	960	937	922	922	947	946	910	917	946	977	997	912	881	972	1059	919	983
1445	1284	1013	925	944	974	990	1001	1012	1014	976	971	971	974	1001	1101	1085	948	963	967	957	969	848	920	1022	1059	1076	1074
1482	1271	973	924	934	937	932	926	951	1033	1077	1090	1075	1055	1098	1081	954	990	1020	1002	993	990	1011	1061	1040	996	979	1037
1397	1091	1026	1007	939	924	930	1004	1193	1285	1292	1293	1279	1285	1261	1171	1048	945	932	949	953	954	996	1048	1076	1003	886	985
1122	1009	1105	1077	939	951	967	1236	1318	1278	1215	1176	1189	1241	1265	1283	1309	1236	1052	914	929	1015	1032	1058	1084	1081	1044	1034
996	1007	980	978	1020	1012	1087	1298	1283	1231	1144	1098	1107	1158	1244	1267	1301	1305	1309	1162	965	949	992	1057	1056	1076	1077	1039
1013	1001	940	974	1030	1016	1136	1293	1243	1209	1179	1112	1098	1119	1209	1266	1281	1274	1284	1301	1169	942	977	1053	1033	1059	1054	985
1021	1041	929	953	988	971	1197	1296	1194	1186	1183	1082	1072	1111	1190	1253	1221	1228	1215	1244	1323	1166	938	1016	1035	1031	990	914
936	974	976	954	962	1039	1068	1050	984	1030	1045	1055	983	918	921	932	929	930	960	957	952	943	975	1041	1067	1067	1062	1043
948	973	968	958	1016	1053	1029	1028	1019	1019	1037	1029	971	918	925	925	923	916	925	956	976	941	935	965	1050	1074	1054	1048
991	1019	996	1024	1016	1015	995	970	863	1040	1059	1044	1018	955	914	920	911	916	924	916	918	934	926	939	983	1034	1065	1051
1024	1043	1053	1059	1004	1012	917	986	938	1045	1074	1062	1035	999	939	924	914	923	925	916	923	926	929	925	930	973	1041	1057
1041	1077	1073	1019	976	958	874	1014	1056	1037	1043	1059	1047	1019	974	987	974	930	927	920	917	927	932	916	918	937	972	1045
1046	1074	1063	1048	1035	848	935	1058	1045	1027	1056	1063	1053	1037	980	1028	996	958	917	911	924	924	922	923	930	925	940	981
1042	1065	1052	1033	1052	1043	1047	1022	1047	1053	1046	1021	1029	1045	1019	1016	1007	958	911	926	930	922	925	933	921	918	929	945
1015	1013	999	969	966	954	958	1019	1037	1037	986	972	1010	1036	1012	996	992	939	919	924	928	928	928	917	918	917	926	930
942	933	936	922	922	908	956	1059	1065	1020	935	953	1003	1051	1016	974	969	929	913	918	921	923	925	925	925	916	919	928
909	920	914	919	907	905	957	1047	1042	998	971	981	984	1033	1032	978	952	936	923	912	924	926	922	924	939	921	919	929
942	933	949	974	990	975	944	1022	1038	1005	972	923	956	1033	1001	960	950	956	952	926	916	922	917	917	939	926	924	929
995	991	1063	1098	1117	1118	1065	1012	1072	1040	1033	1017	1031	1031	966	967	986	990	966	938	914	915	925	943	932	922	921	917
1024	1064	1084	1095	1120	1122	1104	1091	1017	988	988	1012	963	956	967	991	999	1003	966	934	912	928	931	938	927	919	920	918
956	1010	1096	1115	1097	1078	1093	1101	1061	938	917	945	938	959	984	997	996	993	971	946	922	925	933	927	919	920	919	921
949	949	1042	1115	1076	1067	1084	1090	1103	957	920	953	956	953	942	952	971	973	964	932	919	926	930	940	920	920	913	917
1086	1002	976	1090	1097	1075	1079	1108	1104	954	914	941	946	936	920	930	951	948	947	934	911	912	913	912	920	916	923	920
1117	1097	1130	1110	1091	1107	1102	1103	1064	921	922	931	927	920	913	912	931	940	936	923	907	919	914	911	909	922	915	913
1115	1080	1097	1110	1020	1112	1109	1091	997	919	928	924	922	907	905	909	913	912	915	906	909	909	907	901	912	932	920	911
1359	1212	1059	980	933	969	1032	996	927	906	921	917	921	915	913	913	906	911	912	912	913	925	935	944	996	1003	1012	979
1474	1387	1142	957	939	913	912	920	913	921	924	925	929	924	924	914	908	916	921	916	911	969	1062	1074	1009	864	865	1081
1461	1453	1252	1017	933	925	917	917	921	917	919	919	919	918	925	931	1022	959	914	934	987	977	873	899	938	829	829	1058
1464	1459	1267	981	925	939	938	924	919	919	930	934	918	917	918	1029	1157	1052	952	994	1065	1012	865	924	1006	980	956	1068
1461	1435	1164	943	921	936	923	925	1006	1130	1191	1207	1187	1146	1064	1054	943	987	1024	995	1008	1057	1020	1022	991	973	933	1044
1436	1236	1039	963	931	923	915	1102	1291	1320	1305	1288	1286	1317	1316	1246	1085	940	928	1003	973	1039	1050	1014	991	958	972	1071
1110	1013	1065	1095	947	922	1038	1310	1294	1256	1202	1140	1149	1200	1272	1303	1323	1216	988	960	1000	1008	1078	1049	999	1003	1061	1100
952	965	1026	1044	993	947	1158	1321	1269	1206	1175	1113	1097	1141	1198	1223	1278	1320	1256	1022	994	983	1055	1056	1048	1071	1088	1079
977	952	953	1013	1020	948	1194	1318	1234	1143	1143	1107	1086	1096	1125	1184	1276	1290	1316	1224	992	913	1015	1065	1040	1048	1062	1056
1009	965	982	1021	991	926	1189	1306	1193	1116	1111	1082	1065	1063	1112	1214	1278	1285	1274	1288	1219	1004	944	1026	1033	1034	1053	1051
954	979	989	980	963	952	949	969	977	993	995	966	929	921	921	920	931	935	931	928	991	1039	1055	1056	1065	1065	1052	1046
1048	1054	1035	991	998	978	969	977	977	980	966	916	917	920	926	931	925	914	929	958	976	995	1037	1059	1067	1071	1056	1041
1125	1123	1100	1073	1051	1002	998	1002	973	978	955	936	914	911	917	924	920	916	947	935	923	946	1000	1040	1054	1060	1063	1060
1125	1120	1101	1097	1093	1025	1012	1014	987	979	947	941	924	912	909	918	916	922	951	945	922	931	960	1005	1029	1052	1055	1059
1112	1133	1124	1115	1087	1007	945	1018	1011	963	948	944	933	918	904	903	919	923	926	955	952	939	931	949	1010	1025	1053	1051
1120	1144	1121	1104	1075	1001	967	1033	992	971	980	967	941	934	919	916	914	920	918	917	930	949	948	924	986	1018	1039	1049
1116	1114	1136	1114	1030	979	1020	998	1011	1021	1026	994	972	958	944	954	936	917	912	927	942	924	930	943	931	991	1016	1039
1119	1130	1148	1081	960	950	968	1002	1050	1041	981	983	1002	993	977	1003	1002	942	911	927	930	919	923	934	916	948	1004	1032
1106	1069	1023	938	918	950	983	1025	1056	1036	987	974	995	1013	1005	1016	1035	1037	975	924	916	916	917	934	928	928	980	1027
958	914	912	917	912	945	996	1040	1061	1015	996	997	1010	1012	1008	1048	1069	1075	1035	959	917	913	915	922	935	924	949	1015
917	910	915	934	948	968	986	1047	1078	1045	1011	997	1008	1001	1044	1061	1059	1055	1052	1033	925	917	915	915	921	923	939	985
937	963	1038	1101	1084	1095	1073	1046	1061	1041	1002	971	984	1018	1047	1038	1041	1039	1035	1039	951	914	914	922	925	917	934	969
967	1044	1098	1123	1117	1115	1117	1101	1052	1031	987	948	974	1030	1054	1072	1057	1035	1047	1056	971	920	926	938	921	912	927	964
940	1040	1124	1114	1099	1085	1101	1119	1103	1053	995	934	956	1025	1079	1075	1056	1058	1073	1075	993	916	924	921	919	919	920	958
957	977	1103	1123	1103	1090	1104	1104	1100	1053	998	926	922	993	1069	1086	1079	1050	1078	1075	1020	947	912	920	925	919	910	949
1085	1150	1106	1102	1094	1090	1088	1104	1102	1043	967	916	915	954	1041	1066	1075	1061	1074	1084	1014	951	916	916	927	916	917	936
1001	1081	1142	1073	1109	1102	1091	1098	1096	1003	926	918	914	927	975	1014	1046	1057	1059	1041	976	930	915	914	915	920	925	932
1187	1030	964	957	1045	1115	1112	1103	1087	963	919	922	911	919	937	965	994	1032	1013	978	940	916	899	903	917	943	933	917
1476	1363	1067	947	946	992	1058	1074	994	910	911	919	918	918	913	920	936	947	945	930	918	905	922	945	1032	994	983	966
1465	1472	1307	983	933	926	924	923	910	908	916	925	919	920	920	908	913	910	914	905	904	947	1016	1054	869	558	794	1064
1460	1479	1412	1053	946	941	931	917	922	933	918	916	920	926	924	934	1047	988	915	927	936	984	1038	1040	720	593	906	1069
1455	1470	1411	1044	924	934	931	936	929	927	941	933	932	926	912	989	1161	1060	951	1000	992	1034	1036	1036	986	903	982	1047
1467	1476	1255	953	919	919	917	916	999	1127	1194	1217	1191	1123	1031	975	962	961	980	957	970	1040	1036	1021	979	984	991	1052
1438	1278	1022	926	930	916	905	1064	1283	1319	1316	1296	1303	1324	1306	1219	1041	918	923	929	944	1005	1072	1048	977	944	997	1060
1051	970	1023	1050	929	910	1012	1298	1296	1262	1234	1199	1179	1204	1276	1314	1301	1117	930	943	984	981	1077	1049	952	942	995	1076
942	983	1062	1060	939	918	1080	1303	1269	1171	1138	1116	1115	1123	1184	1247	1285	1314	1135	926	936	936	1059	1037	977	1013	1034	1079
948	963	990	985	943	922	1053	1295	1259	1119	1102	1100	1106	1102	1121	1193	1274	1301	1311	1095	925	931	1005	1053	1022	1021	1004	1056
935	950	1013	1009	955	914	1055	1289	1276	1161	1115	1095	1071	1084	1111	1199	1259	1275	1312	1286	1035	934	952	1039	1013	973	1036	990
1102	1122	1138	1104	1106	1047	926	922	918	913	913	911	913	921	921	918	924	928	926	925	971	1055	1052	1055	1068	1054	1047	1016
1118	1121	1117	1088	1092	1042	961	962	953	926	906	911	917	914	916	924	924	920	934	931	934	1002	1067	1060	1059	1066	1048	1034
1130	1122	1117	1119	1106	1056	1010	1019	1001	967	917	922	904	908	913	924	922	915	944	945	929	937	1034	1068	1055	1052	1065	1053
1129	1124	1119	1130	1121	1054	1034	1052	1030	1006	935	913	911	913	929	932	920	920	940	948	927	921	968	1062	1061	1049	1055	1068
1132	1127	1120	1142	1116	1051	1053	1077	1064	1037	946	910	936	960	975	967	956	923	922	953	957	917	928	1009	1082	1063	1049	1051
1148	1130	1118	1131	1121	1061	1079	1068	1036	1031	951	919	968	1005	1009	1012	989	938	918	921	921	922	920	952	1057	1068	1059	1047
1125	1121	1140	1124	1107	1053	1081	1081	1071	1048	960	934	991	1041	1082	1084	1079	1001	921	919	919	916	926	933	1001	1064	1066	1055
1128	1117	1131	1104	1057	1066	1084	1090	1075	1050	976	966	1038	1102	1098	1101	1124	1079	953	916	923	914	924	918	963	1041	1066	1066
1116	1077	1032	1002	1027	1086	1103	1091	1089	1064	988	1000	1064	1077	1051	1055	1107	1113	1076	969	911	918	910	925	931	1010	1061	1076
972	921	912	956	1031	1084	1103	1096	1099	1085	1007	1008	1053	1037	1030	1044	1073	1114	1092	1073	932	910	916	918	912	978	1055	1070
922	909	911	936	1017	1080	1095	1109	1100	1091	1022	1009	1048	1042	1045	1033	1058	1066	1056	1084	993	916	915	915	922	937	1027	1064
970	946	985	1018	1044	1103	1109	1117	1083	1085	1067	1041	1038	1047	1046	1025	1035	1043	1024	1037	1018	926	915	923	923	914	987	1056
1014	1026	1060	1077	1083	1120	1116	1120	1104	1097	1108	1070	1048	1060	1078	1057	1042	1036	1016	1045	1043	934	917	930	920	907	947	1047
919	1011	1114	1099	1085	1098	1110	1119	1100	1119	1115	1046	1059	1091	1101	1091	1047	1017	1029	1105	1107	995	922	927	924	925	929	1016
1016	1048	1095	1119	1119	1108	1111	1089	1091	1111	1109	1027	1022	1109	1099	1087	1044	1019	1050	1128	1101	1055	968	920	921	923	927	971
1128	1198	1074	1113	1110	1101	1106	1121	1115	1121	1118	983	961	1078	1081	1050	1040	1023	1039	1110	1060	1056	1003	934	916	923	929	942
953	960	981	1086	1106	1096	1102	1107	1104	1112	1059	926	983	1082	1053	1042	1038	1034	1041	1061	1076	1057	995	933	921	917	927	938
1234	1039	940	975	1072	1094	1112	1113	1119	1064	942	917	941	1017	1052	1066	1073	1080	1072	1084	1060	1020	986	929	909	914	915	923
1475	1392	1080	917	941	984	1025	1050	1011	929	909	911	921	929	994	1049	1080	1087	1093	1067	1025	1002	950	914	935	967	961	927
1457	1473	1323	978	934	930	919	915	909	911	923	920	916	925	914	919	937	969	996	995	970	937	923	948	1005	1010	1019	973
1466	1474	1399	1043	958	951	947	948	939	940	939	933	931	932	927	939	995	949	909	921	908	932	974	984	1042	1035	1031	1008
1460	1475	1393	1029	955	935	938	941	935	927	929	935	936	935	923	975	1154	1064	938	925	907	970	1027	1055	1075	1056	1056	1044
1462	1470	1241	942	921	917	917	916	942	1030	1103	1114	1085	1018	947	928	1024	1021	971	934	940	983	1002	1064	1058	1063	1083	1070
1434	1278	992	913	913	921	916	955	1164	1305	1327	1315	1313	1288	1218	1073	945	927	935	949	969	935	1012	1090	1087	1093	1100	1083
1046	963	1007	1030	935	922	935	1170	1313	1283	1257	1264	1250	1271	1303	1303	1182	989	933	944	945	949	982	1043	1074	1092	1069	1059
945	960	1054	1036	920	920	979	1269	1304	1207	1142	1144	1148	1178	1254	1295	1303	1211	999	923	922	966	958	1044	1073	1077	1070	1055
941	960	990	935	923	922	984	1273	1286	1206	1127	1110	1108	1118	1194	1283	1298	1320	1210	991	928	961	970	1038	1049	1062	1018	998
936	942	957	937	937	935	978	1226	1310	1230	1185	1121	1084	1096	1155	1220	1245	1293	1319	1143	952	937	954	1038	1014	970	964	965
1126	1128	1122	1116	1123	1090	1022	1021	994	950	913	916	911	914	923	929	922	916	927	932	928	1012	1065	1065	1065	1048	1025	962
1125	1121	1125	1118	1111	1102	1075	1072	1066	1023	933	917	910	906	912	917	917	928	924	922	935	942	1040	1063	1063	1063	1051	1045
1097	1118	1117	1111	1126	1114	1092	1084	1077	1095	997	919	931	959	959	949	930	927	921	935	934	916	981	1050	1055	1054	1061	1052
1084	1088	1099	1114	1117	1083	1068	1071	1071	1084	1025	955	1002	1038	1041	1037	1002	942	920	918	951	937	945	1031	1046	1039	1052	1063
1101	1088	1092	1122	1111	1084	1060	1063	1090	1094	1044	995	1059	1072	1057	1060	1066	1006	933	924	955	927	928	998	1061	1063	1036	1053
1076	1070	1088	1089	1106	1097	1081	1063	1076	1091	1052	1023	1070	1049	1019	1003	1020	1057	969	924	921	921	923	969	1039	1059	1055	1041
1030	1030	1049	1047	1085	1108	1100	1092	1096	1101	1061	1059	1062	1034	1049	1051	1078	1085	1001	931	920	919	918	934	1014	1038	1068	1062
1025	1010	981	1046	1101	1098	1084	1093	1099	1114	1085	1079	1068	1065	1049	1034	1067	1120	1025	926	921	923	931	916	970	1025	1047	1069
997	964	955	1096	1107	1105	1085	1080	1096	1120	1081	1080	1084	1047	1027	1038	1068	1116	1095	953	912	913	914	916	927	991	1024	1045
992	933	937	1016	1110	1112	1090	1085	1103	1114	1115	1093	1068	1032	1021	1030	1103	1129	1108	1043	925	909	919	911	910	955	999	1022
989	959	919	962	1101	1096	1100	1082	1085	1113	1124	1096	1045	1019	1025	1056	1114	1112	1096	1059	1010	911	916	914	925	930	966	996
966	933	912	935	1082	1120	1111	1089	1096	1101	1126	1098	1036	1015	1043	1081	1091	1103	1037	1014	1045	931	919	919	918	929	945	974
952	945	935	925	1026	1114	1112	1106	1098	1102	1112	1097	1037	1036	1072	1092	1098	1069	1013	1047	1083	972	913	921	917	910	921	952
931	958	1027	1030	1061	1108	1116	1118	1093	1100	1104	1079	1046	1087	1121	1113	1068	1028	1067	1134	1121	1082	987	936	918	911	918	944
1164	1087	1089	1109	1118	1128	1107	1088	1076	1095	1104	1079	1096	1111	1081	1041	1034	1052	1089	1124	1079	1088	1103	1001	931	926	918	923
1060	1017	1040	1105	1112	1114	1100	1111	1108	1105	1107	1041	1061	1055	1030	1023	1039	1054	1053	1070	1037	1063	1099	1050	961	923	922	925
913	915	945	1020	1098	1105	1104	1098	1107	1110	1038	978	1113	1064	1015	1046	1071	1052	1024	1007	1031	1067	1097	1059	985	924	927	929
1179	989	930	931	987	1054	1068	1075	1063	1026	941	912	1004	1064	1048	1073	1111	1074	1042	1032	1050	1085	1081	1041	960	916	914	922
1473	1340	1012	917	924	932	958	973	944	912	920	914	919	980	1055	1112	1118	1071	1048	1055	1096	1102	1058	1030	989	940	922	923
1469	1471	1228	947	932	936	923	921	916	924	930	927	923	915	926	978	1037	1070	1069	1110	1083	1032	997	962	919	952	918	918
1464	1476	1349	981	952	944	935	934	936	938	939	941	948	939	935	922	929	954	999	1011	987	974	943	877	969	1054	991	921
1454	1480	1352	968	935	915	928	932	936	929	937	949	954	956	946	972	1077	970	908	921	926	939	964	964	1074	1090	1075	1024
1459	1469	1200	936	923	920	928	928	943	967	977	962	954	944	931	947	1094	1090	963	941	928	916	937	1044	1107	1068	1064	1067
1447	1286	983	912	921	916	918	928	1037	1162	1214	1194	1189	1119	1018	941	945	1021	977	1002	1005	930	974	1059	1080	1059	1067	1071
1095	974	1008	993	920	917	916	1012	1233	1291	1305	1306	1294	1304	1260	1132	980	931	968	956	956	994	1010	1041	1056	1066	1058	1058
942	981	1058	983	916	922	912	1123	1310	1278	1249	1216	1195	1243	1306	1305	1185	1000	940	932	919	974	1029	1055	1044	1020	1019	1029
948	980	964	921	918	922	920	1160	1317	1275	1197	1150	1118	1138	1246	1314	1310	1189	987	933	923	933	1020	994	963	964	917	932
939	925	929	934	927	928	940	1128	1315	1280	1169	1110	1103	1112	1196	1290	1309	1291	1130	940	932	914	995	1046	997	936	871	881
1123	1118	1087	1035	1088	1092	1079	1068	1076	1074	959	915	923	919	923	921	924	920	924	924	924	976	1059	1060	1056	1037	1009	946
1057	1068	1032	1032	1087	1107	1084	1057	1072	1090	1025	920	938	943	952	942	917	925	917	921	937	922	970	1054	1070	1062	1070	1051
969	1020	979	1009	1107	1102	1099	1056	1069	1092	1072	970	1008	1047	1067	1055	1006	955	920	921	940	939	918	964	1040	1065	1064	1051
956	977	961	1015	1106	1082	1078	1053	1066	1102	1097	1068	1068	1075	1076	1082	1078	1038	945	925	937	952	928	928	981	1050	1057	1063
992	1003	961	978	1073	1094	1071	1072	1076	1093	1107	1080	1061	1063	1077	1074	1057	1083	1018	926	933	918	919	924	946	1014	1037	1048
1006	1006	971	963	1051	1097	1094	1094	1109	1112	1100	1059	1035	1006	999	975	943	1034	1054	941	925	924	916	922	938	965	1038	1034
983	969	953	1015	1035	1114	1116	1106	1109	1109	1076	1055	1040	997	992	984	988	1037	1075	954	923	929	920	925	933	940	1003	1064
1014	972	967	1034	1032	1086	1112	1107	1104	1100	1090	1085	1046	1025	1027	1030	1038	1082	1096	962	930	930	925	915	919	922	943	1025
976	1006	967	984	1015	1062	1097	1095	1102	1108	1090	1092	1089	1039	1035	1042	1051	1110	1082	953	945	939	927	917	919	919	920	949
1125	1070	1003	952	1024	1090	1102	1098	1100	1087	1103	1049	1058	1053	1048	1052	1099	1133	1088	975	972	969	956	927	918	915	918	930
1077	1138	988	974	1029	1058	1101	1115	1104	1091	1112	1051	1027	1028	1067	1105	1135	1131	1106	1060	1000	991	969	942	926	919	919	917
932	952	939	999	1015	1068	1092	1097	1116	1094	1108	1052	1028	1045	1085	1130	1132	1109	1076	1078	1047	987	987	966	932	919	925	922
927	941	968	935	938	1053	1111	1095	1093	1078	1062	1066	1078	1080	1111	1130	1122	1081	1075	1089	1087	1023	978	970	932	917	917	922
934	953	955	950	973	1083	1087	1093	1080	1055	1052	1087	1089	1115	1131	1108	1080	1091	1123	1137	1105	1108	1068	973	922	915	914	915
1184	1093	951	972	1011	1058	1057	1063	1054	1061	1014	1053	1099	1104	1066	1047	1052	1118	1139	1123	1107	1105	1126	1095	980	923	918	921
1007	963	935	959	984	1007	1007	1034	1050	1045	1001	1049	1103	1059	1037	1064	1119	1134	1112	1099	1090	1091	1082	1090	1075	962	912	918
913	919	933	930	953	971	968	987	982	977	947	978	1036	1059	1050	1096	1135	1119	1085	1045	1054	1064	1065	1044	1073	1009	909	915
1120	987	935	921	915	936	933	937	923	916	917	913	957	1048	1087	1108	1089	1088	1065	1047	1034	1040	1032	1056	1073	999	915	910
1456	1268	1015	941	927	923	923	924	919	917	913	910	916	958	1042	1105	1048	1039	1046	1051	1045	1028	1054	1089	1087	998	916	916
1457	1445	1171	959	936	939	931	934	934	935	935	936	922	911	919	1024	1086	1085	1084	1100	1076	1082	1094	1074	993	972	916	914
1458	1475	1285	983	938	935	931	935	928	935	944	952	943	919	914	908	953	1040	1106	1118	1111	1109	1079	1043	1000	1004	970	957
1452	1470	1288	967	913	922	935	940	928	937	944	938	949	948	927	939	969	914	952	1021	1059	1046	1035	1062	1089	1092	1094	1058
1458	1460	1182	922	914	919	936	939	953	956	940	932	927	944	944	968	1116	1010	916	934	933	945	1031	1029	1009	1009	1023	958
1457	1274	1005	929	920	919	928	932	951	968	994	989	988	950	929	939	981	1016	931	929	927	983	1039	926	978	981	917	940
1131	984	976	946	913	915	921	930	1007	1119	1193	1216	1207	1150	1043	959	923	925	924	922	929	1028	955	831	954	985	916	961
962	1001	1051	961	917	918	910	950	1119	1243	1284	1296	1291	1294	1253	1109	959	929	925	915	917	1022	1026	968	967	955	976	990
984	1012	959	936	927	917	909	963	1160	1280	1265	1227	1239	1261	1307	1257	1089	941	928	925	907	978	1065	988	977	974	995	990
976	958	938	929	929	922	923	952	1153	1287	1244	1183	1191	1225	1288	1293	1187	1034	932	919	931	938	1053	1029	1011	1023	1013	1018
1041	984	923	1013	1069	1072	1082	1087	1086	1087	1049	1022	1018	1031	1055	993	945	926	922	924	920	933	1031	1062	1052	1041	1024	959
996	980	957	1035	1081	1099	1078	1066	1073	1088	1087	1067	1068	1045	1041	1052	987	927	922	919	929	928	933	1021	1065	1062	1062	1048
943	977	957	997	1097	1104	1093	1071	1084	1102	1096	1091	1093	1098	1086	1097	1077	991	921	921	934	948	923	933	1007	1066	1062	1056
913	950	963	930	1050	1109	1087	1076	1088	1103	1094	1112	1071	1049	1056	1063	1087	1091	1005	923	929	952	929	915	936	1027	1067	1066
924	968	957	914	982	1072	1085	1097	1074	1075	1111	1088	1000	937	965	997	1043	1095	1073	946	930	916	919	928	923	940	1026	1053
946	973	943	955	993	1033	1062	1063	1060	1078	1100	1012	972	960	959	958	958	1024	1089	956	923	916	917	925	926	917	961	1032
951	953	948	985	982	998	1032	1035	1037	1064	1064	1018	1004	993	967	960	968	1029	1081	992	955	955	935	923	929	928	928	1025
939	935	945	956	928	945	983	1039	1014	1053	1046	1024	1028	1025	1020	1024	1045	1065	1096	1029	1034	1035	990	947	923	926	920	963
936	934	929	921	920	934	1006	1041	1006	1030	1059	1048	1053	1040	1048	1065	1088	1113	1084	1022	1060	1072	1046	1001	947	922	918	925
1059	1008	942	938	951	971	1022	1014	1019	1005	1054	1081	1080	1084	1091	1084	1101	1123	1114	1026	1046	1094	1083	1049	992	940	921	926
967	1043	1013	982	956	961	1010	1017	972	972	1033	1040	1068	1084	1108	1123	1117	1098	1123	1092	1035	1078	1078	1070	1037	972	920	924
914	937	1010	1000	951	958	992	1038	1007	994	1061	1052	1055	1085	1108	1128	1106	1067	1086	1098	1056	1064	1077	1072	1069	1007	935	919
930	925	1016	993	955	952	976	1011	1010	1012	1038	1045	1079	1108	1117	1108	1102	1079	1085	1075	1083	1079	1073	1109	1073	1015	934	918
925	935	969	994	1039	1038	975	972	983	1018	1048	1068	1083	1118	1101	1087	1102	1098	1097	1104	1108	1111	1105	1102	1046	985	930	916
1102	1095	952	1006	1014	1005	1010	984	951	962	1001	1065	1066	1101	1095	1086	1067	1115	1121	1114	1114	1119	1119	1106	1043	942	919	924
1070	1042	935	988	975	954	959	996	994	965	967	1019	1051	1077	1079	1087	1107	1110	1118	1113	1125	1130	1107	1090	1099	985	906	914
924	920	935	952	968	958	940	940	956	989	983	998	1016	1058	1099	1098	1104	1101	1120	1126	1127	1093	1090	1063	1086	1069	911	903
1029	971	945	932	940	948	942	911	909	935	941	958	994	1028	1069	1104	1086	1117	1108	1119	1099	1063	1036	1042	1072	1074	933	902
1381	1152	973	924	920	926	919	919	911	908	911	921	923	946	1007	1068	1098	1100	1107	1120	1089	1039	1022	1037	1068	1049	921	915
1471	1371	1067	944	925	926	928	927	934	929	927	918	914	905	918	950	1054	1116	1110	1127	1089	1062	1062	1095	1117	984	905	908
1461	1446	1166	944	930	944	929	935	941	937	950	947	922	907	903	902	937	1075	1115	1132	1130	1098	1093	1111	1068	914	926	951
1461	1458	1177	931	928	928	933	936	930	940	944	936	937	916	916	919	921	971	1085	1121	1114	1106	1116	1127	1050	1005	1031	1039
1471	1406	1075	915	916	923	927	928	939	946	932	925	925	934	922	982	1048	949	955	1039	1069	1080	1092	1044	1017	982	1002	964
1451	1194	950	939	919	914	919	928	936	934	936	939	928	925	925	976	1055	1036	941	923	936	1014	1045	993	969	966	892	892
1110	970	963	929	919	913	912	921	928	957	988	988	968	932	928	937	942	992	987	957	932	1049	984	968	961	952	890	899
928	985	1054	963	921	913	914	926	941	982	1073	1118	1115	1056	978	930	926	938	952	966	981	985	1000	959	988	1001	948	951
983	998	996	958	930	921	923	916	928	1041	1140	1167	1180	1162	1079	966	920	920	941	983	963	1010	1082	1058	1044	1055	1037	1012
1027	1022	987	938	930	933	926	915	926	1053	1173	1198	1202	1208	1150	1027	940	925	928	934	957	973	1062	1065	1064	1071	1058	1038
993	929	995	1107	1059	1066	1100	1112	1107	1099	1119	1080	1088	1116	1125	1113	1049	939	930	924	924	919	988	1072	1071	1050	1046	980
960	950	991	1097	1082	1096	1102	1122	1102	1103	1121	1103	1088	1016	1075	1117	1115	985	925	917	925	933	925	1002	1071	1069	1063	1054
921	944	971	1029	1114	1113	1104	1098	1078	1084	1122	1117	1103	1042	1080	1112	1094	972	923	928	920	930	930	925	1010	1065	1059	1061
938	931	951	939	999	1083	1093	1051	1026	1020	1103	1114	1077	985	978	1069	1093	1045	968	928	927	956	932	921	934	1009	1061	1062
1004	983	943	907	948	1037	1031	989	980	1007	1096	1098	1014	915	919	984	1068	1099	1029	937	926	922	920	927	929	928	1013	1062
1062	1035	941	921	963	1002	969	933	963	997	1074	1020	1009	1029	1003	998	1041	1063	1044	961	944	951	922	929	925	931	937	1025
1063	1024	918	914	928	929	907	961	977	995	1078	1061	1021	1000	979	1008	1032	1078	1091	1071	1073	1073	1038	959	925	928	925	962
975	981	919	911	919	909	909	991	977	1044	1068	1060	1047	1030	1021	1039	1087	1106	1074	1038	1105	1087	1071	1052	987	931	931	927
1009	995	963	907	931	948	933	957	950	973	1045	1040	1036	1039	1060	1083	1107	1112	1056	1025	1064	1090	1069	1069	1074	995	920	932
967	1046	1039	969	1028	998	915	950	973	938	972	1028	1056	1083	1125	1123	1080	1072	1106	1033	1017	1043	1057	1062	1085	1064	956	932
946	1019	1097	1058	1011	959	920	989	1022	1007	993	986	1017	1096	1105	1117	1049	1031	1082	1039	1023	1026	1038	1050	1053	1093	997	929
1005	992	1050	1035	951	938	929	947	1016	1040	1080	1054	1066	1107	1083	1067	1069	1024	1024	1040	1028	1025	1029	1049	1080	1117	1028	921
1023	1023	1024	1030	1029	968	921	924	1011	1042	1052	1039	1057	1121	1083	1046	1065	1048	1033	1064	1079	1063	1078	1081	1110	1116	1046	925
1019	1043	1050	1049	1064	1029	955	924	1035	1063	1061	1040	1041	1084	1062	1031	1065	1072	1062	1100	1134	1112	1114	1093	1105	1103	1036	914
1003	1057	1078	1059	1056	1033	1040	980	1013	1057	1056	1051	1041	1044	1042	1036	1023	1073	1096	1102	1102	1120	1117	1106	1104	1067	963	907
1109	1160	1004	1050	1053	1049	1033	1007	1014	1060	1062	1049	1067	1062	1030	1043	1047	1050	1112	1116	1106	1106	1099	1093	1099	985	914	914
970	1013	956	1035	1053	1043	1047	1004	990	1041	1069	1086	1102	1066	1050	1034	1059	1093	1109	1119	1091	1029	1064	1083	1065	983	917	912
956	923	934	974	1044	1052	1049	995	943	984	1043	1045	1074	1074	1068	1061	1068	1119	1113	1132	1127	1065	1044	1080	1073	986	908	907
1251	1009	948	925	950	1008	1014	980	923	903	952	997	995	1012	1038	1065	1094	1109	1122	1136	1133	1080	1059	1093	1084	977	911	909
1463	1212	959	920	915	951	963	950	919	906	908	911	919	925	935	947	1028	1108	1118	1119	1097	1049	1081	1109	1082	949	908	900
1466	1319	998	924	931	928	931	921	918	920	912	911	909	909	912	914	941	1094	1134	1116	1111	1106	1107	1109	996	906	913	918
1471	1339	1019	935	931	922	929	923	928	934	927	923	919	908	918	916	914	997	1120	1133	1119	1120	1110	1050	930	915	935	951
1471	1241	959	930	925	918	924	929	926	928	929	922	923	916	915	928	929	919	971	1065	1091	1072	1019	967	955	965	967	991
1361	1053	911	921	924	917	913	912	925	930	923	919	923	920	921	1006	987	941	927	920	937	952	974	991	987	978	913	974
1057	976	983	949	922	921	912	914	920	933	927	927	922	916	952	1026	980	959	943	915	924	1011	1037	1017	992	981	941	918
933	1029	1064	987	921	915	923	923	924	922	920	927	932	925	959	985	943	956	955	939	981	1022	1033	1041	1052	1052	1019	989
967	962	981	949	923	920	925	925	927	915	924	931	940	949	927	922	923	934	955	977	959	953	1003	1036	1069	1084	1049	1045
1017	1022	1004	938	935	928	925	929	926	915	933	937	940	959	929	917	940	934	926	963	941	933	979	1040	1082	1094	1058	1035
928	974	1049	1124	1103	1103	1107	1116	1117	1105	1118	1108	1107	1129	1126	1102	1035	937	931	920	920	919	953	1040	1076	1061	1053	1008
909	968	1001	1075	1111	1114	1119	1108	1070	1054	1115	1124	1120	1092	1102	1119	1123	995	922	920	922	929	921	980	1061	1067	1061	1059
917	928	940	968	1028	1061	1095	1067	996	1034	1103	1113	1117	1077	1062	1112	1123	990	924	929	920	925	928	927	970	1050	1059	1064
950	940	904	912	922	966	1045	1007	942	946	1066	1116	1120	1101	1071	1127	1091	948	915	923	928	949	939	920	926	977	1057	1059
1058	1065	986	913	911	950	1005	949	930	962	990	1050	1074	1071	1067	1092	1049	978	928	932	925	930	925	921	936	927	979	1059
1064	1082	1003	917	923	924	974	971	945	957	992	1024	1020	1048	1065	1066	1054	1012	967	960	1004	1011	955	930	917	929	927	1006
998	990	923	913	916	920	965	964	997	945	983	1041	1045	1052	1058	1064	1050	1066	1099	1102	1096	1063	1065	1012	926	923	925	927
980	978	938	922	920	950	1007	995	1018	999	1000	1049	1055	1059	1057	1052	1063	1086	1076	1102	1109	1051	1043	1089	1052	945	925	924
1003	1002	988	941	969	1031	961	978	1003	971	1017	1044	1029	1045	1099	1103	1091	1095	1065	1077	1116	1082	1039	1049	1137	1058	925	928
1022	1048	1041	984	1011	1064	958	985	970	981	985	985	995	1084	1115	1080	1026	1060	1098	1061	1079	1076	1057	1052	1126	1109	966	925
1041	1043	1054	1050	1029	1050	958	968	1007	1099	1073	1051	1021	1085	1049	1048	1027	1029	1067	1075	1078	1069	1086	1077	1081	1130	1021	924
1038	1038	1045	1049	1008	1031	949	930	1072	1062	1044	1063	1075	1110	1074	1041	1034	1026	1037	1086	1085	1093	1096	1102	1091	1128	1062	926
1036	1053	1066	1072	1037	1033	993	986	1105	1049	1021	1018	1043	1102	1115	1071	1027	1031	1056	1109	1117	1114	1118	1094	1101	1140	1098	929
1072	1072	1053	1059	1059	1039	1004	998	1109	1052	1028	1019	1028	1055	1066	1054	1029	1035	1042	1114	1120	1117	1120	1111	1087	1119	1092	916
973	1049	1073	1056	1074	1046	983	1013	1080	1061	1052	1032	1029	1028	1025	1031	1031	1038	1069	1084	1105	1115	1118	1129	1119	1131	997	899
1052	1039	1044	1080	1069	1066	998	992	1075	1066	1062	1058	1071	1053	1029	1023	1027	1030	1093	1091	1080	1103	1121	1122	1116	1033	912	908
1052	1166	1036	1065	1060	1064	1041	974	1052	1104	1076	1086	1108	1101	1074	1031	1031	1069	1064	1106	1106	1078	1086	1075	994	915	910	912
968	1035	983	1006	1071	1040	1066	1000	991	1040	1080	1073	1111	1126	1061	1038	1039	1071	1110	1109	1119	1112	1104	1049	944	912	919	916
1247	986	933	951	1032	1049	1048	1048	962	972	985	1027	1066	1081	1072	1084	1073	1092	1120	1136	1128	1126	1105	1051	961	906	916	915
1335	1042	920	917	963	1053	1037	1051	982	922	925	919	936	947	955	1007	1080	1133	1123	1117	1120	1113	1112	1027	948	911	907	902
1264	1037	944	937	910	1009	1030	1023	977	909	907	910	908	904	912	919	989	1125	1123	1093	1123	1135	1118	987	907	910	911	908
1326	1025	937	945	915	948	997	990	948	905	909	913	903	911	911	912	928	1034	1141	1119	1131	1141	1039	921	900	909	916	908
1283	980	927	934	944	927	938	943	926	914	916	912	915	909	911	911	913	930	1012	1078	1085	1032	925	904	907	909	910	919
1088	930	922	939	959	929	912	912	909	922	917	918	922	920	910	918	919	915	919	930	929	907	904	915	911	915	915	936
956	979	977	933	917	916	914	919	924	928	928	921	918	908	931	966	935	923	915	910	913	924	946	947	932	929	936	950
957	1064	1066	948	919	915	914	914	922	924	919	924	929	927	1001	1041	951	921	921	918	911	924	923	963	969	944	939	950
958	970	964	931	918	920	917	918	921	921	919	925	924	939	1025	1005	934	954	928	915	909	916	916	921	965	975	946	950
1019	988	948	929	934	930	926	932	926	921	917	924	923	922	948	938	937	945	940	942	912	910	914	929	966	997	954	934
920	932	952	1029	1074	1081	1106	1117	1119	1102	1094	1063	1030	1028	1015	969	939	928	927	918	918	923	935	1012	1050	1029	1038	1028
918	924	919	954	1016	1017	1060	1093	1054	1023	1049	1062	1066	1062	1060	1040	980	932	922	925	926	933	935	939	1009	1063	1044	1053
950	917	907	902	928	956	999	1016	975	970	990	1053	1077	1085	1091	1070	1020	945	924	922	917	927	936	926	928	1021	1067	1057
973	1001	991	968	977	996	1017	1000	979	940	973	1037	1067	1086	1086	1066	1001	930	919	918	924	937	931	927	927	941	1039	1059
1058	1152	1083	983	947	956	1056	999	1008	1012	999	1000	1001	1010	1014	1025	962	933	919	926	926	935	927	926	930	919	964	1048
1113	1062	972	918	924	939	1013	1007	1014	1033	999	1000	989	976	984	985	993	972	970	960	946	946	929	919	922	934	924	990
944	919	924	946	926	894	1038	1028	1042	1042	1018	1013	1028	1005	978	988	993	1027	1037	1035	1055	1041	1025	965	922	931	928	930
920	960	937	1011	1040	1016	1071	1043	1039	1043	1038	1022	1017	1024	1019	998	1013	1032	1058	1100	1105	1077	1108	1094	1005	930	918	927
996	1006	964	1011	1067	1063	1048	1041	1036	1036	1040	1034	1030	1038	1045	1050	1057	1058	1085	1131	1130	1117	1087	1087	1131	999	926	928
1038	1044	1059	1063	1061	1058	1045	1029	1008	1060	1075	1034	1028	1055	1074	1060	1061	1086	1107	1131	1132	1131	1112	1104	1131	1090	970	927
1036	1035	1049	1068	1063	1056	1038	986	990	1126	1099	1086	1071	1077	1056	1028	1034	1067	1118	1130	1139	1134	1133	1139	1139	1132	1057	933
1033	1025	1036	1081	1078	1020	1008	951	1074	1086	1047	1057	1095	1106	1081	1038	1026	1037	1105	1127	1135	1133	1136	1144	1131	1121	1092	943
1052	1049	1071	1095	1088	987	961	1028	1097	1044	1024	1031	1065	1099	1119	1093	1042	1036	1076	1119	1121	1119	1128	1107	1116	1138	1114	943
1054	1082	1095	1101	1053	972	1000	1075	1076	1042	1021	1029	1050	1072	1084	1106	1077	1045	1050	1106	1114	1119	1120	1104	1090	1130	1092	926
949	1000	1081	1087	1056	1001	1015	1064	1066	1034	1021	1018	1053	1068	1047	1088	1095	1062	1068	1088	1110	1126	1129	1125	1130	1137	1001	905
1006	941	1044	1075	1074	1051	1020	1074	1064	1030	1024	1031	1088	1105	1084	1070	1068	1079	1082	1076	1087	1114	1125	1124	1115	1017	913	916
1082	1030	990	1083	1063	1070	1017	1042	1105	1078	1068	1061	1097	1123	1106	1083	1081	1088	1084	1079	1063	992	985	988	949	914	906	916
1002	1105	1006	1025	1053	1059	1048	997	1081	1118	1103	1100	1104	1129	1096	1096	1087	1106	1112	1107	1094	1005	941	905	903	914	921	917
1082	1103	1007	943	1059	1062	1063	1008	989	1072	1104	1106	1099	1086	1093	1111	1109	1146	1088	1042	1118	1091	993	914	900	911	913	913
1071	1038	933	915	990	1061	1056	1052	983	965	1024	1017	1019	1021	1071	1088	1120	1145	1116	1084	1114	1109	1019	919	902	908	902	914
989	934	923	942	931	1056	1039	1062	1031	916	908	941	1001	996	1045	1069	1108	1125	1100	1077	1103	1103	1018	913	912	915	906	907
990	914	943	947	938	1034	1035	1051	1044	920	904	909	965	983	1009	1040	1070	1128	1127	1100	1129	1090	947	911	919	923	914	901
969	909	931	927	935	997	1034	1043	1013	927	910	903	922	946	967	995	986	1061	1125	1134	1103	989	909	919	921	918	917	907
940	943	936	956	935	928	965	971	955	930	917	911	917	918	911	920	928	933	968	999	960	913	908	911	917	912	910	912
941	1023	982	930	921	913	914	921	917	914	917	914	915	918	913	910	915	919	916	911	906	910	907	904	914	919	921	909
972	1066	1028	944	925	920	911	923	918	918	911	913	916	918	931	930	918	915	913	921	916	912	902	905	906	911	909	914
957	1008	960	926	917	913	916	915	920	918	925	921	915	950	1047	1008	928	924	921	912	912	912	908	909	907	910	909	908
1023	950	920	925	927	925	922	919	923	930	918	928	934	961	1043	997	954	933	918	907	911	917	918	906	909	913	908	915
915	919	956	951	1004	1021	1019	1028	1030	1007	984	943	922	938	939	931	925	928	919	921	931	930	933	962	1040	1031	1028	1044
917	924	970	979	995	938	939	1014	1008	1000	994	999	1008	1003	990	976	965	951	932	923	924	930	927	919	963	1057	1041	1019
985	973	998	978	960	983	1009	1052	1036	1007	990	994	996	1005	1020	1002	978	959	949	922	920	925	924	927	922	984	1064	1051
952	996	1152	1078	1102	1089	1057	1043	1034	1046	1022	1013	1018	1010	1002	1007	1009	1025	974	934	929	923	923	919	923	923	1018	1064
922	1024	1173	1073	983	947	955	943	993	1030	1026	998	983	997	999	987	971	1013	1008	978	941	926	920	921	924	920	958	1049
939	975	967	931	933	965	1038	1007	1060	1090	1059	1044	1024	1005	1005	986	1005	1029	1037	1025	963	952	939	920	923	926	928	985
930	922	951	1013	839	750	1064	1039	1072	1082	1058	1054	1070	1055	1003	1008	1030	1047	1042	1024	1035	1063	1048	980	937	925	932	938
954	913	862	1051	1014	989	1065	1037	1037	1044	1052	1050	1063	1092	1071	1022	1029	1031	1046	1075	1112	1124	1121	1115	1055	948	929	932
1008	895	829	1027	1072	1055	1055	1052	1042	1046	1065	1053	1062	1076	1061	1063	1065	1048	1062	1103	1124	1134	1143	1139	1131	1089	964	925
1024	1026	1056	1075	1055	1057	1056	1068	1076	1082	1089	1076	1085	1077	1065	1090	1099	1085	1098	1130	1131	1133	1147	1141	1137	1141	1066	939
1028	1030	1035	1037	1054	1082	1076	1070	1079	1108	1111	1103	1097	1096	1083	1077	1084	1079	1123	1136	1134	1131	1138	1135	1145	1139	1119	950
1071	1058	1051	1061	1081	1092	1075	1031	1066	1099	1116	1095	1093	1094	1092	1070	1046	1022	1072	1131	1141	1133	1129	1108	1102	1146	1099	936
1053	1064	1091	1103	1102	1059	1042	1054	1088	1080	1075	1080	1084	1116	1098	1047	992	1007	1022	1115	1123	1119	1132	1118	1114	1142	1062	928
992	1005	1047	1081	1047	970	1012	1084	1083	1066	1040	1040	1084	1118	1084	982	996	1007	1005	1095	1122	1135	1103	1077	1113	1133	1018	918
937	949	992	1050	998	963	1057	1083	1066	1035	1017	1018	1074	1121	1094	988	998	997	992	1064	1134	1134	1125	1115	1134	1103	960	908
947	925	967	1058	1013	1008	1079	1073	1072	1038	1023	1021	1068	1125	1118	1030	1024	1053	1006	990	1084	1119	1113	1114	1095	988	915	919
1042	977	938	1058	1034	1032	1093	1066	1065	1057	1049	1059	1104	1123	1111	1101	1092	1091	1086	1039	957	969	982	970	932	914	914	919
1060	1033	930	1035	1073	1051	1077	1079	1077	1073	1087	1111	1137	1122	1111	1112	1102	1097	1094	1120	1056	918	906	898	901	911	920	918
1019	1066	964	981	1054	1071	1076	1048	1058	1087	1113	1126	1127	1117	1116	1122	1109	1099	1093	1082	1144	990	916	943	939	926	916	917
1035	1116	946	919	1014	1039	1089	1056	1072	1090	1103	1122	1134	1109	1103	1111	1074	1088	1083	1099	1140	1036	933	882	935	979	930	924
1039	1006	919	913	992	1054	1066	1081	1075	1065	1062	1076	1108	1061	1108	1117	1093	1078	1083	1090	1119	1030	961	854	951	1003	970	952
944	929	952	957	1009	1058	1038	1074	1082	1007	968	1001	1083	1061	1099	1116	1126	1100	1110	1116	1109	981	976	975	984	957	996	974
912	911	933	922	992	1077	1051	1037	1060	985	913	958	1050	1075	1091	1122	1115	1122	1118	1132	1069	949	972	952	996	974	990	982
921	961	968	920	935	1024	1060	1051	1055	981	911	922	960	994	1017	1051	1064	1054	1071	1061	951	934	965	979	1011	1006	986	970
944	1007	983	944	918	935	993	1015	979	924	907	911	910	919	929	946	958	966	957	942	904	918	963	1006	1009	1013	962	962
955	1046	971	941	931	921	932	932	913	924	915	910	911	913	913	918	916	922	914	920	917	913	942	981	1003	999	982	967
960	1053	983	912	922	937	935	937	930	926	929	917	913	964	970	931	932	920	918	921	917	919	940	948	958	983	986	953
992	948	932	940	941	937	944	928	929	935	936	927	922	1037	1080	954	930	959	953	937	931	938	923	935	946	952	950	946
922	951	950	952	1008	1029	1023	994	976	963	948	950	950	958	979	972	955	933	910	915	921	924	923	940	1047	1058	1039	1036
924	936	983	996	978	951	940	961	958	948	941	953	986	1015	1017	985	1008	1029	967	938	957	941	926	929	959	1056	1068	1033
952	967	1063	987	923	938	940	969	959	955	970	980	1005	1047	1013	981	1019	997	1030	1031	1011	980	958	942	917	987	1069	1054
920	958	1071	957	956	959	961	953	948	974	975	993	1035	1057	1052	1044	1051	1039	1054	1104	1058	1019	984	949	927	930	1028	1067
914	915	969	951	938	932	934	947	958	970	982	980	1030	1079	1074	1014	993	1057	1094	1098	1060	1033	988	943	927	920	963	1072
922	920	935	937	936	950	963	983	1011	1035	1042	1025	1062	1096	1075	1029	1037	1065	1078	1134	1128	1110	1081	1022	971	932	929	990
932	933	938	959	967	934	1018	1047	1070	1077	1071	1062	1090	1063	1037	1070	1075	1082	1080	1138	1143	1140	1164	1126	1059	968	931	934
951	925	956	1000	981	995	1037	1042	1060	1059	1075	1051	1064	1087	1057	1036	1062	1076	1090	1134	1128	1135	1141	1155	1145	1038	942	933
969	929	948	1000	1003	1016	1047	1052	1069	1072	1088	1070	1056	1080	1052	1045	1021	1056	1096	1120	1133	1135	1145	1135	1142	1136	976	922
934	951	989	1047	1030	1046	1060	1077	1094	1087	1098	1087	1080	1061	1031	1049	1056	1049	1101	1108	1131	1123	1131	1152	1141	1137	1043	922
939	969	1033	1084	1080	1082	1068	1079	1098	1084	1090	1102	1084	1076	1050	1070	1066	1045	1103	1137	1142	1116	1084	1118	1136	1137	1068	935
965	1036	1079	1076	1082	1086	1083	1086	1089	1096	1122	1114	1084	1082	1070	1076	1067	1008	1052	1146	1154	1108	1085	1079	1107	1143	1030	935
980	1045	1066	1070	1069	1079	1084	1094	1094	1099	1111	1114	1114	1108	1086	1055	971	918	974	1128	1139	1134	1130	1121	1108	1128	969	928
979	999	1040	1057	1067	1064	1077	1085	1070	1062	1048	1074	1090	1113	1068	948	909	912	924	1056	1133	1139	1136	1130	1135	1068	925	919
953	995	1033	1054	1059	1060	1084	1039	1055	1039	1027	1031	1056	1100	1073	915	909	916	908	949	1073	1120	1127	1114	1081	971	915	906
921	933	990	1058	1041	1085	1081	1019	1021	1034	1027	1026	1046	1085	1105	970	945	959	938	909	937	999	1022	1005	965	925	915	908
935	919	921	1025	1052	1074	1113	1030	1028	1036	1036	1049	1096	1113	1108	1067	1051	1070	1068	1014	922	920	926	920	922	910	910	910
1014	966	912	990	1075	1073	1087	1034	1061	1055	1036	1080	1111	1097	1105	1113	1096	1088	1100	1112	1024	916	931	937	966	945	926	915
1055	972	926	967	975	1059	1090	1086	1087	1083	1064	1084	1094	1112	1122	1108	1083	1062	1091	1126	1094	964	818	775	914	1002	1002	952
1014	937	919	950	1044	1059	1101	1128	1120	1128	1122	1123	1133	1135	1110	1101	1048	1022	1050	1116	1089	936	828	786	811	925	1036	1012
1051	944	919	946	1056	1082	1096	1134	1148	1132	1147	1141	1124	1115	1113	1071	1046	1032	1054	1101	1067	885	938	845	926	1009	1034	1004
950	929	935	974	1065	1055	1065	1104	1144	1125	1121	1134	1119	1115	1115	1068	1087	1071	1071	1108	1032	859	883	961	1019	961	1006	1022
926	924	969	952	1050	1054	1038	1068	1115	1112	1069	1109	1132	1125	1106	1102	1104	1102	1121	1109	1038	974	936	937	1005	859	977	1004
913	920	938	920	1020	1066	1055	1080	1088	1063	1029	1045	1095	1122	1119	1117	1124	1116	1122	1060	976	1037	989	999	1019	993	978	1000
918	932	949	923	964	1046	1081	1084	1065	1013	945	958	981	1007	1037	1053	1068	1062	1019	944	929	1010	1048	1065	1027	1029	927	985
918	995	995	945	926	957	987	988	965	940	924	918	914	913	915	929	934	925	915	921	931	1004	1061	1077	1070	1055	990	954
944	1053	1027	940	932	945	936	925	921	920	923	922	922	967	962	921	925	918	927	937	938	1006	1060	1070	1062	1066	1055	1032
987	985	965	939	979	988	998	985	984	960	946	935	925	1055	1082	940	918	983	976	947	952	986	998	1048	1065	1066	1065	1073
951	955	958	964	954	943	943	943	936	943	968	1014	1028	990	1026	1018	1025	1033	1013	969	954	946	930	948	1040	1064	1041	1035
966	991	950	921	927	935	934	926	925	926	975	1048	1065	1048	1060	1021	972	1068	1086	1081	1103	1079	1029	973	981	1065	1076	1051
963	959	931	915	936	935	943	949	959	950	1024	1079	1087	1076	1064	1019	1023	1052	1079	1139	1149	1136	1116	1073	978	1010	1068	1065
957	951	933	936	945	959	963	954	981	990	1021	1090	1093	1095	1081	1038	1040	1053	1092	1145	1149	1149	1148	1131	1059	966	1042	1062
923	947	968	965	943	945	945	953	948	942	963	1047	1104	1112	1095	1068	1049	1053	1107	1147	1160	1138	1135	1107	1070	973	979	1064
923	986	999	963	968	961	959	951	942	941	959	1011	1087	1105	1107	1083	1041	1054	1084	1153	1152	1139	1143	1144	1119	1017	941	1017
935	965	944	945	978	938	946	958	971	979	1016	1053	1094	1096	1094	1091	1055	1046	1092	1127	1139	1154	1151	1148	1152	1117	963	966
968	972	956	962	963	990	975	983	996	983	1035	1052	1077	1101	1094	1069	1056	1070	1086	1158	1152	1143	1149	1149	1155	1156	1010	950
965	940	945	949	896	854	845	994	1047	1012	1043	1078	1090	1077	1080	1079	1043	1070	1101	1145	1146	1126	1107	1131	1147	1158	992	951
930	910	984	991	810	743	821	962	1088	1075	1078	1081	1095	1084	1071	1077	1070	1082	1114	1111	1101	1109	1067	1090	1142	1151	970	954
927	934	1067	1056	1032	1040	1050	1062	1069	1077	1056	1076	1085	1096	1097	1069	1064	1066	1094	1109	1075	1080	1043	1096	1137	1126	944	942
923	1016	1088	1054	1030	1028	1040	1054	1063	1085	1055	1073	1074	1086	1098	1085	1060	1009	1022	1119	1120	1104	1046	1066	1125	1069	926	942
967	1071	1042	1032	1038	1051	1083	1082	1086	1090	1098	1094	1081	1077	1081	1045	954	922	955	1113	1139	1130	1086	1104	1124	1016	913	929
1039	1077	1043	1053	1063	1087	1101	1099	1085	1084	1090	1087	1098	1092	1037	959	911	918	921	990	1109	1130	1126	1113	1058	949	913	912
1015	1065	1052	1054	1074	1084	1090	1075	1054	1053	1049	1054	1080	1092	1049	921	918	914	912	921	953	1011	1019	980	929	913	921	906
948	1029	1043	1040	1083	1100	1114	1070	1019	1034	1036	1044	1087	1089	1085	933	921	927	914	922	917	917	925	914	902	911	926	913
926	952	994	1042	1079	1102	1111	1037	1048	1074	1049	1045	1078	1080	1092	1019	981	1001	978	928	925	901	866	925	939	914	909	918
939	925	944	1028	1075	1094	1095	1059	1105	1086	1036	1042	1050	1066	1092	1113	1070	1061	1062	992	940	929	938	997	1047	1034	992	932
968	944	946	976	1064	1083	1108	1120	1102	1071	1054	1035	1067	1106	1119	1114	1122	1103	1088	1065	969	1015	923	776	945	1017	1059	1045
926	916	942	1003	1076	1078	1113	1138	1084	1109	1115	1102	1124	1130	1125	1104	1102	1081	1105	1084	961	804	904	870	881	947	1008	1028
917	923	939	1041	1076	1073	1102	1123	1120	1123	1126	1142	1145	1133	1132	1112	1076	1089	1103	1091	904	784	920	890	830	913	1035	960
922	919	945	1024	1058	1036	1078	1105	1129	1137	1093	1110	1113	1127	1143	1097	1075	1099	1108	1064	928	842	883	983	996	969	1007	1000
927	947	988	1003	1044	1041	1058	1091	1128	1154	1102	1077	1103	1129	1087	1055	1074	1117	1120	1013	1042	976	941	991	961	910	947	985
913	913	922	985	1067	1048	1038	1050	1076	1110	1127	1118	1116	1114	1105	1087	1113	1125	1076	965	1034	970	956	996	920	878	856	942
919	914	930	933	1018	1080	1074	1072	1073	1090	1068	1052	1039	1086	1109	1102	1099	1036	947	919	1005	999	963	1006	978	937	942	937
908	926	992	988	947	979	1022	1027	1037	1002	968	933	921	921	934	947	939	918	923	965	1000	1090	1039	1022	1030	991	1002	975
937	1010	1054	1016	968	942	932	937	925	913	909	924	921	930	949	931	929	915	925	953	997	1094	1081	1046	1050	1045	1021	999
1023	1023	1002	967	1001	998	1027	1031	1027	1002	966	926	916	988	1090	969	948	961	934	937	986	1070	1083	1074	1065	1052	1062	1081
