9	13	17	13	13	22	31	29	45	47	26	43	35	43	32	63	51	32	63	42	21	17	20	18	12	13	15	8
11	16	13	19	19	22	22	41	56	34	26	44	26	34	35	43	68	29	42	45	22	19	18	18	22	12	15	11
18	13	21	23	14	15	37	59	119	119	65	52	42	44	47	45	68	30	30	49	32	29	23	26	17	16	13	17
19	23	45	44	32	35	45	83	222	277	148	60	55	52	39	49	75	50	26	91	51	41	36	36	32	19	15	21
48	51	58	44	57	55	54	105	242	276	124	58	47	57	59	64	98	45	55	180	100	23	43	60	53	47	24	19
57	72	65	72	61	61	50	142	126	99	90	72	60	75	90	104	123	56	195	446	87	81	62	73	55	75	59	21
55	95	68	79	62	110	108	100	61	56	75	95	97	77	87	112	130	120	664	295	51	88	61	82	62	92	102	50
88	92	83	89	99	67	103	122	102	67	76	123	105	90	103	103	130	190	400	82	94	78	74	104	80	78	93	86
117	104	90	116	90	92	143	93	107	103	142	199	140	139	109	110	142	101	102	73	89	80	45	136	136	93	109	69
62	106	103	91	65	133	98	68	63	47	131	244	174	70	66	132	146	112	77	89	79	87	90	51	93	118	75	27
20	66	85	51	42	112	95	75	63	82	79	119	149	86	84	86	99	92	83	98	91	94	142	52	78	82	54	41
18	29	65	81	73	131	121	82	101	152	62	53	75	99	75	52	44	46	110	132	67	88	117	90	89	74	56	43
18	24	44	65	81	93	82	49	89	76	44	43	62	47	19	25	54	47	50	81	59	43	80	98	84	69	50	33
20	31	38	54	58	68	61	55	68	59	60	45	41	55	18	23	61	56	54	41	77	54	49	72	65	55	45	39
29	46	38	30	35	46	39	43	140	103	32	24	35	206	243	251	110	32	32	62	159	72	36	58	37	41	37	36
43	39	35	38	36	43	33	71	125	64	31	75	387	669	473	682	447	107	24	48	142	84	30	62	56	48	34	37
35	34	38	39	51	45	25	36	102	95	92	235	667	657	357	647	662	292	101	109	114	60	32	44	81	66	35	33
24	31	35	35	47	40	61	68	97	185	144	194	461	766	814	791	480	181	173	214	138	94	61	43	59	51	28	23
20	19	32	45	44	53	99	111	109	124	117	94	279	412	550	443	318	120	180	180	155	135	127	73	63	47	27	19
17	17	30	80	102	71	131	105	110	110	93	82	162	375	500	442	203	209	198	184	201	148	150	101	56	37	21	17
18	15	19	45	71	65	125	131	148	178	144	98	107	138	254	165	146	242	269	239	201	158	143	80	45	22	18	20
12	19	17	18	27	38	80	139	164	178	165	147	145	99	88	179	191	258	237	203	171	131	91	35	27	20	22	20
11	15	18	15	19	32	30	46	86	113	123	121	104	60	83	174	150	172	161	109	109	72	68	64	17	18	17	14
11	11	19	18	18	25	41	22	21	36	54	64	60	47	34	110	106	93	78	52	25	62	68	23	19	16	14	13
10	10	14	15	15	18	26	32	24	21	32	38	39	48	44	61	47	46	39	23	22	56	23	26	18	13	18	10
10	10	12	16	16	13	12	21	35	49	27	51	28	31	30	32	25	20	16	19	19	20	19	15	16	19	15	9
12	10	10	11	13	14	13	16	20	36	47	68	19	12	12	10	13	11	12	16	17	15	15	12	11	9	9	8
8	9	9	9	9	11	11	14	15	14	13	12	14	12	12	13	15	16	17	16	12	11	9	8	8	7	7	7
10	16	17	19	27	22	26	27	19	17	50	184	93	68	121	153	216	40	14	27	56	22	21	27	20	16	22	11
20	17	23	31	25	21	19	19	16	12	47	174	96	54	134	183	209	31	13	21	32	25	27	24	28	20	16	24
19	21	37	33	38	27	19	21	25	36	42	161	112	29	114	266	246	34	15	24	23	23	35	48	25	33	16	26
15	36	48	42	43	31	21	25	84	111	74	184	154	25	103	307	211	61	17	52	55	20	26	52	41	25	23	16
27	62	61	58	52	46	24	64	255	190	81	142	166	39	145	299	203	52	13	212	125	21	50	72	65	55	37	18
44	64	67	80	58	72	40	145	173	86	109	177	169	42	166	328	217	67	122	483	95	66	58	78	76	61	57	29
42	72	66	92	75	75	77	102	45	54	81	189	211	39	148	384	248	85	334	253	57	103	94	97	76	61	62	50
55	82	82	99	106	119	63	63	63	70	52	226	175	46	89	355	273	90	249	77	58	71	102	134	90	79	49	34
63	53	78	108	81	71	54	62	82	76	71	126	103	41	55	133	201	131	163	117	71	75	64	97	125	71	55	39
34	60	65	79	49	47	61	85	110	71	80	97	76	38	37	77	111	128	118	117	102	63	71	49	44	60	68	52
46	47	46	25	22	45	49	72	65	50	50	66	57	36	32	39	71	67	47	70	87	59	66	20	25	37	26	27
34	21	24	32	24	32	43	27	45	46	30	46	30	31	48	29	29	32	42	64	34	46	74	46	29	18	19	23
36	26	21	21	30	38	30	26	56	71	54	35	42	104	179	110	37	21	74	111	69	28	49	54	33	22	27	34
43	31	29	25	22	25	27	35	55	110	91	52	167	354	478	375	135	40	114	110	54	38	25	34	31	27	30	33
54	40	33	19	20	22	21	26	21	98	181	145	424	553	633	656	450	208	240	104	37	57	33	24	26	23	21	26
57	35	26	22	21	20	30	103	150	232	274	467	658	398	293	418	643	563	300	296	262	246	161	41	23	19	17	24
40	29	23	26	16	31	273	392	389	319	273	405	529	391	376	399	547	395	255	294	413	466	385	248	5	3	13	28
21	21	17	12	0	208	379	338	306	268	256	307	387	429	586	543	429	297	272	302	312	387	361	317	72	0	13	26
20	19	17	12	45	318	329	302	281	277	285	269	346	350	435	366	339	275	293	291	290	359	403	286	125	17	21	21
21	22	27	26	101	306	378	309	277	283	280	261	348	534	546	481	367	285	299	292	319	365	425	292	121	23	21	20
23	16	26	29	81	332	397	349	299	296	299	286	320	435	404	438	372	299	310	308	333	393	386	297	91	14	18	21
18	19	19	18	37	252	381	390	370	354	321	308	317	318	312	433	324	305	316	350	362	370	339	188	17	17	20	23
13	20	16	17	19	102	240	332	362	362	344	323	307	306	389	459	345	327	343	384	374	321	224	46	13	27	23	25
10	17	18	18	25	27	109	168	264	324	306	288	293	306	332	460	375	333	359	357	274	172	57	10	25	25	24	24
8	13	24	16	22	30	26	47	77	161	230	221	259	219	116	305	291	254	264	196	88	35	13	28	26	17	28	16
8	9	16	21	21	21	12	14	20	24	62	95	117	68	37	66	96	91	73	43	23	9	14	20	22	27	23	10
8	11	11	11	15	19	24	21	23	18	22	20	23	40	34	33	39	59	53	35	13	11	17	18	25	19	10	9
7	8	8	9	9	9	13	18	17	14	18	15	17	19	11	13	17	17	12	11	12	18	17	16	11	9	8	8
9	12	14	21	28	12	8	2	0	12	40	187	126	53	134	169	134	33	8	7	30	26	14	25	18	13	14	9
16	19	31	34	23	14	1	0	0	10	37	147	106	51	219	349	142	32	12	2	14	7	28	39	41	26	22	16
29	46	42	32	48	34	19	4	4	15	36	136	137	75	208	318	142	37	24	9	9	20	46	55	40	38	41	33
49	39	21	33	40	41	31	41	24	9	39	119	135	102	151	219	96	30	32	42	29	37	48	51	44	23	30	38
25	18	22	28	39	43	37	96	86	33	33	85	142	102	126	222	103	30	73	70	52	47	56	81	54	27	21	24
16	22	45	50	51	84	73	97	102	61	35	104	147	72	97	178	110	28	75	105	133	51	55	72	78	58	21	17
22	32	64	70	54	83	90	123	121	84	46	70	78	64	74	134	106	65	115	148	218	235	168	76	58	55	25	17
23	32	63	51	55	121	146	127	123	135	73	67	64	61	64	87	78	68	143	178	180	207	218	182	78	70	32	20
36	30	68	80	151	183	175	171	187	186	124	71	45	49	56	81	66	100	148	157	189	210	217	182	126	61	33	22
22	21	40	110	164	147	204	247	249	226	158	84	20	47	49	57	59	139	178	180	215	208	185	189	91	48	48	45
69	35	39	130	179	111	172	256	166	155	146	115	34	45	66	51	87	145	181	160	169	153	134	183	150	84	51	61
119	46	64	132	139	121	135	100	157	173	125	65	144	142	266	229	158	59	108	189	233	161	101	157	167	101	52	52
52	50	57	110	115	86	94	164	274	115	44	231	360	266	370	391	425	195	47	104	200	235	72	55	77	102	91	55
54	58	46	59	79	66	109	260	139	58	273	531	361	346	318	331	418	561	300	109	105	139	110	48	54	79	94	53
34	23	32	60	61	57	141	127	56	362	711	440	331	270	258	292	351	578	708	299	59	72	102	58	63	76	68	26
33	13	37	53	69	64	115	138	391	600	468	355	298	228	233	243	346	393	554	740	532	307	253	169	108	80	74	12
21	14	42	49	97	163	401	595	639	447	316	293	317	337	454	333	330	291	330	436	583	593	478	336	308	271	81	13
21	21	89	179	217	433	524	552	363	303	304	274	322	516	663	566	316	271	299	303	347	474	529	387	279	298	92	9
20	19	94	183	223	465	377	427	327	293	299	253	287	387	340	435	284	264	294	308	330	391	427	369	223	167	40	13
20	18	14	118	266	397	354	403	325	310	297	264	272	288	261	288	272	288	322	316	342	370	379	289	202	80	10	17
22	20	5	50	165	277	305	406	356	318	323	309	292	319	318	299	304	327	338	321	355	364	356	254	193	54	5	23
21	20	20	4	53	214	260	388	377	332	332	337	343	409	417	409	361	342	337	306	353	323	288	281	166	13	16	29
16	22	25	15	17	161	268	334	372	362	361	373	391	469	467	459	397	352	375	336	330	326	261	199	63	6	24	21
15	25	32	22	6	91	249	248	280	373	368	401	488	465	377	465	388	319	309	298	300	265	227	131	19	14	29	25
10	27	27	28	14	27	147	233	185	236	241	244	297	272	288	371	331	304	282	262	263	285	175	67	4	27	25	31
11	13	24	23	29	11	36	130	160	215	242	208	218	250	252	287	262	258	251	243	265	217	84	14	17	27	33	18
9	8	17	27	26	19	15	31	87	165	172	216	118	77	176	286	368	286	312	229	172	59	9	10	22	27	24	7
8	9	9	21	22	19	20	17	19	56	116	112	35	23	102	152	211	194	186	117	61	12	11	17	21	19	9	7
11	13	16	17	36	248	390	372	349	161	15	76	142	59	103	133	71	32	269	378	416	424	223	28	22	19	14	13
11	16	29	15	15	123	411	444	403	140	15	56	99	81	121	209	117	33	218	411	453	394	91	17	19	30	19	14
13	36	28	52	38	8	131	333	250	47	54	47	81	131	194	154	94	65	68	294	334	117	21	57	61	28	35	18
23	26	23	68	58	28	14	33	85	30	85	31	54	149	143	96	55	69	21	59	36	28	42	64	79	23	27	26
19	13	31	58	49	33	71	181	161	99	86	44	48	115	82	64	40	68	52	57	73	93	64	75	73	34	20	24
17	16	73	66	64	209	363	420	365	180	100	43	61	96	62	41	19	28	142	285	405	313	250	131	91	108	20	20
18	43	88	71	261	333	298	295	352	288	139	68	92	86	51	21	1	79	257	368	345	402	371	353	138	113	49	21
17	83	77	136	264	275	326	392	344	232	173	135	164	94	78	28	26	166	362	422	431	464	401	376	256	72	109	31
22	93	83	250	301	281	373	367	347	300	179	191	178	100	104	97	117	298	421	422	445	411	314	291	417	176	91	57
39	85	143	333	315	288	373	297	258	307	299	254	255	63	60	110	341	462	391	332	331	384	348	294	355	243	85	101
97	87	201	311	313	276	309	268	287	315	312	350	418	422	533	556	428	376	355	309	269	317	325	299	275	309	193	72
117	117	266	282	242	246	281	305	371	326	325	360	590	884	1130	840	499	302	322	360	347	312	301	249	263	363	308	76
132	208	335	290	236	217	287	365	357	323	305	395	421	467	482	365	411	354	280	324	408	378	274	220	272	327	299	109
82	210	288	297	252	205	289	322	307	316	359	359	192	299	419	212	244	416	296	268	344	386	319	213	230	224	275	172
59	191	211	238	254	216	306	324	303	307	405	319	231	242	266	244	241	431	331	258	254	308	309	241	228	291	365	147
78	219	242	258	258	267	313	338	283	288	357	447	300	247	259	247	367	406	316	278	256	289	309	340	298	347	415	170
48	277	379	340	345	355	306	375	313	298	356	419	494	310	367	332	485	356	308	277	319	334	287	362	416	378	322	158
20	188	458	504	505	415	317	404	392	348	324	311	445	541	598	517	428	341	339	325	378	328	297	290	318	382	340	121
18	136	424	461	378	317	316	394	393	425	350	319	380	410	424	411	380	326	342	389	412	295	317	287	361	459	335	62
24	72	311	368	382	344	295	356	389	388	356	341	357	444	402	408	421	340	361	399	386	279	300	280	304	333	210	28
24	22	105	319	439	343	309	306	417	343	358	385	356	465	472	472	432	385	369	390	398	260	285	297	306	285	130	16
30	23	17	173	340	330	302	277	366	340	290	330	421	545	529	494	442	353	326	332	331	252	294	399	376	198	35	18
29	24	17	18	188	279	263	282	288	394	315	274	350	396	402	419	333	309	333	332	279	280	313	331	281	103	13	20
32	24	27	9	93	321	306	261	279	363	332	279	281	256	312	306	288	276	420	350	251	276	339	324	224	33	18	18
23	33	24	24	13	192	297	372	300	275	282	340	319	331	358	352	305	341	465	284	246	264	325	391	99	11	18	29
11	31	25	24	19	23	238	429	313	283	306	297	306	339	313	313	282	325	296	254	255	316	352	193	6	19	20	37
9	14	35	27	20	14	41	211	261	300	278	337	297	261	372	290	285	295	267	299	341	248	194	36	12	17	36	24
9	10	17	42	26	21	16	24	141	232	270	313	252	92	308	277	324	292	256	288	298	113	21	10	16	22	28	10
13	15	18	29	56	331	487	479	439	180	60	105	169	195	142	90	60	33	190	391	436	385	186	46	35	27	15	12
12	21	58	64	27	163	438	477	394	157	82	121	212	247	184	152	87	51	141	314	353	264	66	26	48	56	21	13
11	34	44	76	96	133	215	271	189	71	123	155	197	329	268	106	83	89	91	179	219	127	97	83	65	41	30	13
11	35	36	126	284	282	157	174	230	155	170	213	234	311	319	131	155	168	105	164	128	156	265	280	102	27	24	17
13	23	78	187	232	207	241	202	200	183	145	207	255	342	335	235	186	160	115	177	188	334	269	246	121	64	26	20
16	35	102	124	273	286	366	342	294	302	287	236	272	362	337	272	291	313	242	236	332	399	362	210	99	90	38	21
21	50	76	83	315	333	459	413	293	346	397	340	360	378	324	344	423	463	406	399	377	388	366	364	124	88	59	25
28	63	63	258	539	559	617	552	363	354	491	506	489	412	412	424	521	672	592	516	447	525	465	583	374	57	74	34
34	62	76	448	439	512	472	439	410	297	362	586	587	486	444	522	708	757	680	614	521	479	539	406	499	221	50	45
49	42	223	447	310	523	536	356	284	309	319	513	732	583	502	597	876	567	537	635	522	461	519	401	416	370	48	61
68	58	327	350	293	533	484	286	273	298	279	395	715	940	910	791	597	416	396	456	488	388	470	415	335	419	78	54
58	110	388	338	386	548	423	300	247	244	251	373	592	867	1063	687	398	345	314	322	401	336	534	351	308	508	182	37
70	182	384	307	376	561	408	311	223	237	255	303	411	670	774	520	320	278	268	246	305	320	503	458	357	417	321	43
50	244	396	362	301	473	432	302	238	297	278	226	241	504	625	315	234	238	242	213	247	317	530	525	331	412	402	98
57	344	358	340	345	353	497	309	273	310	263	229	246	478	520	259	242	243	285	225	242	363	454	341	332	339	379	194
81	402	324	295	347	327	388	361	275	260	269	255	273	567	587	287	266	256	277	266	274	386	350	280	324	382	485	203
75	436	394	347	337	330	319	363	269	256	264	318	448	586	595	424	323	286	241	271	299	350	320	295	327	317	431	151
64	374	393	369	356	301	302	397	488	482	412	485	553	533	517	526	429	345	295	304	343	372	341	328	334	325	424	187
48	331	360	341	342	298	294	456	749	775	566	399	286	346	423	376	381	444	549	586	440	333	325	309	306	321	421	176
24	210	512	397	359	286	276	428	797	765	418	261	264	384	397	351	281	351	625	744	511	297	272	286	310	377	449	105
32	40	295	390	386	330	281	321	660	441	294	317	343	356	419	378	325	277	414	699	515	272	266	280	307	349	310	37
40	26	90	368	316	312	368	299	433	382	355	328	346	334	279	334	372	360	278	461	399	249	259	356	386	405	165	14
52	27	14	203	373	402	369	300	321	425	377	279	327	363	298	345	309	344	310	364	297	274	289	264	371	417	36	15
44	29	14	47	372	371	292	292	267	354	426	323	347	379	357	338	294	358	338	337	262	299	305	325	367	199	5	17
25	45	27	12	89	353	353	326	280	257	331	347	287	313	321	295	353	341	291	286	255	314	310	345	279	34	13	18
11	41	40	19	5	105	319	370	353	265	262	329	270	287	372	290	311	255	296	281	288	379	337	370	60	8	15	39
11	16	37	27	18	8	96	323	365	342	282	348	307	321	341	319	289	291	380	305	350	374	380	116	1	14	26	39
10	14	20	41	21	15	6	36	186	300	253	343	368	220	279	337	309	411	436	296	388	271	97	4	13	18	49	15
10	12	13	15	23	10	64	205	286	372	477	485	483	388	194	280	296	208	90	29	7	9	19	26	18	16	12	9
11	13	25	43	22	41	310	500	583	476	415	378	303	421	503	451	426	558	526	412	355	223	80	24	28	22	13	10
10	16	38	32	73	361	446	398	382	270	275	245	298	462	471	298	261	340	333	412	555	503	360	49	33	34	18	13
12	20	34	103	381	613	453	310	347	289	268	296	412	520	487	373	390	595	432	316	313	352	463	283	35	33	22	14
14	25	45	225	518	395	353	316	319	292	248	410	467	509	435	350	496	687	637	541	458	376	372	448	81	44	21	15
15	32	52	343	521	370	288	286	362	435	388	324	355	459	395	394	675	754	717	679	653	572	412	441	257	48	28	19
15	39	78	294	302	296	340	384	450	604	609	467	411	488	618	665	759	791	776	733	721	632	514	374	296	67	40	19
20	48	45	344	417	355	356	352	494	644	695	580	441	484	636	736	730	732	751	743	633	536	506	449	383	84	59	23
28	50	99	498	351	322	350	372	528	518	639	667	598	524	530	611	678	703	729	731	617	516	544	472	391	184	49	33
34	33	310	492	274	281	374	466	495	508	546	570	651	667	662	671	715	657	635	702	644	547	550	517	407	316	39	40
42	59	334	358	417	319	350	462	459	470	496	554	646	696	682	637	671	639	572	646	636	542	516	406	439	408	78	35
49	64	409	290	325	390	386	373	395	422	459	582	716	692	651	633	604	617	583	581	617	544	472	317	345	376	100	39
57	111	428	276	324	389	370	299	308	326	404	572	661	619	652	689	601	565	492	473	551	491	361	360	317	373	191	34
69	169	368	329	331	430	393	294	285	304	386	605	633	542	621	705	653	427	373	381	449	444	372	333	320	460	320	45
30	201	360	335	319	293	360	302	302	316	402	546	564	491	512	647	627	428	333	318	358	366	333	304	327	329	302	61
31	225	554	401	367	339	328	326	308	312	392	573	595	476	412	545	615	468	328	321	311	364	323	285	351	391	375	47
29	237	530	372	327	316	361	326	290	282	496	671	626	438	360	463	628	557	354	335	315	354	308	324	385	389	371	47
30	217	415	406	397	324	289	314	278	418	719	718	464	278	242	295	531	687	423	298	291	331	315	359	357	372	443	60
28	184	346	291	345	302	297	288	352	559	705	506	259	264	279	225	306	588	580	331	268	285	300	291	339	356	396	75
23	123	394	337	305	287	290	299	391	557	510	288	235	274	324	263	240	395	558	401	303	315	299	333	336	360	344	47
28	24	335	410	359	393	309	277	315	356	297	280	308	329	333	267	250	291	364	364	316	301	298	381	330	417	271	28
54	12	122	416	446	364	334	301	302	304	317	314	345	381	375	323	280	287	298	287	285	263	264	311	335	416	225	10
53	24	12	281	410	420	378	335	352	323	309	315	309	335	380	337	299	269	284	296	316	334	272	321	331	359	79	10
42	37	10	42	409	428	337	316	292	283	401	326	318	371	346	298	267	331	282	288	319	360	379	400	457	189	4	14
21	58	19	4	73	348	431	345	351	334	319	486	316	395	374	326	338	354	264	335	292	328	371	347	273	27	12	27
12	31	38	19	8	82	295	341	547	406	272	500	495	367	457	326	430	316	295	509	368	314	471	284	30	9	22	23
11	12	28	35	21	8	40	173	444	391	341	369	596	371	308	468	557	305	382	621	447	315	206	42	6	22	32	19
10	12	11	26	36	20	11	14	76	158	220	313	355	166	121	348	309	258	345	382	220	102	32	9	20	28	27	11
8	10	11	10	9	12	18	32	87	170	253	291	304	194	40	167	130	121	81	29	12	16	16	14	13	11	9	8
10	11	11	10	18	19	118	360	502	573	637	675	666	461	264	448	513	579	446	301	151	52	29	20	14	12	12	8
10	11	10	15	15	76	310	658	517	509	510	482	512	525	492	476	441	522	382	417	406	234	82	18	15	12	11	10
11	11	16	10	28	340	544	652	498	372	526	491	414	558	504	466	538	666	591	421	361	269	167	24	18	15	12	10
12	11	24	11	249	395	427	563	515	397	345	352	331	432	458	452	643	752	733	587	493	341	238	78	19	20	14	12
13	14	13	108	374	437	462	418	450	380	286	265	376	535	434	404	693	793	742	589	467	352	300	190	67	27	17	13
15	21	22	193	362	462	397	341	339	402	439	344	411	564	494	441	630	792	798	629	573	439	361	312	146	33	22	16
19	28	23	256	411	396	329	326	374	497	577	465	413	556	626	538	588	715	740	727	651	538	478	370	207	46	27	15
19	32	34	401	550	444	350	391	467	557	631	603	480	512	661	619	640	682	658	644	666	611	513	496	293	50	30	20
22	26	127	570	356	309	299	421	509	628	678	616	538	498	619	599	629	658	646	601	628	649	505	482	420	85	26	23
26	31	202	534	605	429	320	387	527	604	665	596	568	568	618	629	702	658	603	624	687	644	497	472	411	153	32	23
30	21	285	417	481	485	359	314	501	583	597	583	559	550	572	602	676	722	655	678	607	527	535	519	506	264	45	28
73	40	301	367	369	417	397	293	368	548	641	630	558	449	502	582	672	742	701	683	589	409	387	406	482	233	40	45
99	95	307	370	308	290	316	293	284	386	600	639	495	368	436	504	652	747	713	665	583	320	292	342	379	273	56	47
28	77	286	382	339	288	259	290	295	297	471	534	405	303	330	458	576	716	634	537	430	304	303	317	282	251	85	33
44	58	385	389	379	333	273	275	295	302	430	441	289	274	295	413	473	637	517	336	308	312	287	289	352	321	99	39
42	62	384	407	368	357	422	418	294	302	359	338	290	284	265	286	353	451	387	303	302	287	295	344	329	300	195	48
54	69	406	421	376	353	300	339	305	310	334	305	273	283	286	254	273	367	335	294	290	405	393	467	527	448	191	34
52	80	320	506	575	433	415	337	306	297	312	285	275	279	306	251	260	291	305	284	306	402	307	360	389	317	172	34
45	53	234	371	423	484	477	458	453	313	293	287	275	330	334	265	272	277	303	307	316	351	448	434	317	274	106	17
40	22	121	384	411	390	473	609	454	437	386	295	336	378	369	298	273	287	301	312	433	532	553	639	492	295	51	14
37	24	29	208	348	376	603	464	375	321	372	321	310	387	363	305	285	292	410	597	569	465	392	405	361	185	23	21
37	34	16	75	306	475	587	445	452	470	328	325	294	334	337	303	308	349	378	426	494	466	461	384	266	108	11	30
25	54	33	13	75	256	359	535	484	443	310	389	440	389	354	300	301	384	345	337	406	476	532	373	187	30	21	40
12	37	40	31	11	82	229	309	360	446	406	420	413	464	355	365	490	454	383	496	526	418	316	176	30	15	38	41
11	12	24	34	34	9	40	154	334	340	350	514	465	328	230	385	434	318	317	419	330	190	98	16	14	45	46	14
10	9	10	17	32	34	15	5	58	117	171	249	340	171	64	204	226	190	185	166	125	45	10	17	41	39	12	8
9	9	8	9	14	27	36	26	3	7	24	36	40	33	20	25	39	39	40	19	10	9	23	28	23	13	9	8
7	7	7	8	9	8	9	8	8	6	8	9	25	7	14	2	2	6	8	9	13	11	10	8	9	7	7	7
7	7	8	9	10	11	3	0	18	68	124	150	110	29	10	45	59	28	4	3	2	8	10	9	9	8	7	6
7	7	9	11	12	8	5	34	126	173	207	242	233	120	84	181	161	155	101	18	0	0	9	11	10	9	7	8
8	8	8	11	10	1	40	165	175	281	388	423	373	246	204	314	315	267	182	90	42	4	1	15	12	9	8	8
9	8	9	13	1	18	103	187	331	490	419	455	302	308	325	381	414	359	259	115	117	38	4	14	15	11	10	8
9	9	11	8	7	86	183	297	423	398	386	475	477	417	442	511	615	443	263	157	124	49	15	11	16	13	10	10
10	11	12	8	42	158	268	330	394	408	368	556	493	491	454	579	628	560	456	324	219	104	44	6	11	17	11	10
10	11	14	10	106	220	341	303	378	373	352	412	472	376	395	612	699	687	629	429	312	211	89	42	13	21	12	10
11	13	16	33	182	311	403	408	331	495	528	477	367	357	411	619	721	631	606	436	354	300	185	118	14	15	16	13
11	15	7	88	188	355	350	317	281	496	447	430	353	459	435	588	750	626	521	479	346	275	208	110	37	11	17	12
11	16	11	178	331	387	499	441	287	444	504	471	375	388	416	536	743	674	521	530	533	427	325	195	64	6	17	12
13	18	25	175	455	371	343	382	355	401	498	432	415	417	372	509	734	704	520	490	436	401	466	324	99	4	16	15
14	61	44	170	428	552	510	356	304	372	409	401	374	348	339	471	695	689	562	539	379	325	307	204	120	21	20	16
19	70	86	196	308	364	421	297	286	307	337	323	290	287	325	326	612	721	528	465	376	303	239	278	133	16	12	15
17	9	44	159	312	400	356	415	522	375	329	264	302	302	300	353	629	625	525	425	292	295	301	266	95	24	11	17
16	13	19	163	318	419	430	432	461	368	280	331	438	326	323	308	456	434	402	411	394	499	348	199	100	20	11	21
18	15	32	132	219	296	575	395	390	502	515	531	363	270	282	271	274	303	420	351	395	374	289	230	91	26	18	24
28	23	52	106	197	197	400	343	310	325	394	339	278	283	286	285	283	263	359	431	349	249	332	223	70	25	6	23
30	40	23	147	282	280	248	372	332	416	383	291	289	324	284	246	271	279	279	361	336	396	324	162	92	42	16	30
31	58	33	82	217	375	241	331	440	422	426	411	338	311	272	262	395	462	384	303	341	302	189	213	91	26	17	22
22	48	48	24	110	215	398	397	456	556	396	383	389	367	270	309	507	603	626	493	364	251	272	218	84	5	24	23
12	30	31	18	47	132	238	361	388	480	605	467	284	293	239	249	360	422	399	494	370	361	290	136	28	13	35	29
11	22	31	16	13	53	141	195	200	233	339	425	355	310	207	230	367	695	592	519	394	250	158	85	17	20	31	19
9	16	36	37	22	6	44	136	182	281	340	382	312	227	166	200	380	497	465	335	208	119	53	15	11	31	29	17
9	8	16	36	42	27	5	21	81	126	165	261	332	228	117	152	220	226	203	105	71	29	2	11	25	31	21	9
9	8	8	12	28	42	28	10	13	16	50	67	117	108	45	98	66	73	53	29	11	3	8	24	34	24	11	9
7	7	8	8	10	29	53	42	35	8	4	7	0	0	20	21	9	8	5	1	4	25	33	29	24	12	7	8
7	7	8	9	7	8	21	39	40	28	23	27	23	15	14	18	26	25	19	22	36	34	21	12	7	7	7	7
6	6	6	6	7	9	8	8	8	9	9	12	13	10	9	10	10	10	8	7	7	7	8	8	7	7	7	7
7	7	8	7	8	9	9	7	7	4	0	0	9	9	9	6	6	8	9	8	6	7	7	8	8	8	8	7
9	8	8	8	8	8	9	6	0	0	0	0	8	3	7	0	0	0	1	8	8	8	8	8	9	9	8	8
8	8	9	10	9	9	7	0	0	0	0	0	12	11	2	0	0	5	3	5	7	9	8	9	9	9	8	8
7	8	9	8	9	9	2	5	0	0	12	33	56	30	14	7	0	0	7	7	3	9	10	8	10	10	8	8
8	8	9	8	12	8	2	11	0	26	77	108	119	58	41	71	48	15	1	1	5	11	12	9	8	10	8	8
8	10	9	10	9	1	2	0	42	83	74	111	147	108	66	87	78	48	12	5	0	9	9	12	9	8	9	8
8	9	9	10	5	1	3	29	85	76	65	147	262	162	96	175	117	61	34	15	0	0	9	10	11	8	8	7
9	9	11	12	6	0	2	51	63	97	142	219	256	210	118	210	216	93	43	40	9	0	3	5	10	9	8	9
9	9	10	16	7	0	36	60	46	147	149	188	250	267	134	258	311	211	72	43	30	7	1	8	9	10	9	9
9	9	13	12	0	10	76	91	59	219	199	227	314	225	135	281	292	217	194	55	38	30	0	2	7	12	10	10
10	9	15	6	0	36	98	158	171	221	169	211	215	205	188	264	269	199	226	117	49	60	1	0	4	12	9	9
11	10	10	1	0	42	67	147	328	249	161	240	213	160	189	222	259	192	205	177	49	61	24	5	6	11	9	10
11	10	22	14	7	58	67	75	188	227	203	150	183	156	147	258	282	198	169	155	45	60	27	0	3	11	11	11
10	10	11	4	8	43	83	105	187	254	242	129	188	203	184	317	310	198	279	160	59	53	23	0	7	13	11	9
10	11	10	0	0	18	98	122	162	215	202	211	405	306	164	282	368	195	179	184	93	78	11	4	8	11	10	9
11	12	9	1	0	13	64	46	120	194	335	427	361	204	148	248	396	279	203	174	92	61	11	5	7	16	12	7
9	11	10	4	3	11	45	47	85	205	337	226	192	212	169	319	402	298	192	184	90	36	0	6	10	10	11	8
8	11	12	0	0	0	33	54	71	124	242	185	148	229	176	187	361	318	146	114	85	27	2	10	9	13	12	8
7	7	13	5	4	0	10	48	79	88	211	280	142	184	107	126	241	306	232	95	70	31	1	0	4	12	10	9
8	8	11	10	6	1	0	0	25	61	64	179	247	238	76	139	274	372	251	93	55	11	0	4	7	15	8	7
10	8	10	16	15	13	0	0	4	49	61	72	98	97	81	74	121	176	100	65	21	0	0	8	13	15	7	5
10	8	9	13	18	22	16	2	5	10	45	79	46	50	33	33	50	101	77	26	0	0	7	6	12	13	6	5
9	8	6	8	15	17	25	13	3	13	7	16	32	16	14	14	35	77	86	13	0	3	10	10	14	8	5	5
8	7	6	5	9	17	18	16	17	16	8	15	15	3	15	11	7	10	14	9	12	17	11	12	9	5	5	6
7	7	8	8	6	9	17	19	25	20	16	11	13	18	18	9	9	9	16	16	17	11	10	8	5	4	6	6
6	6	7	7	6	6	8	16	19	14	18	18	13	14	19	15	17	16	17	15	12	11	8	5	4	5	5	5
5	7	6	6	7	6	4	5	12	13	12	16	19	12	9	14	16	12	12	10	7	6	5	5	5	6	5	5
8	9	10	9	9	13	15	15	21	21	16	21	17	19	15	21	20	16	28	17	11	11	10	10	8	9	9	7
9	10	10	11	12	13	13	20	26	20	18	20	18	18	14	15	19	18	25	19	12	12	11	11	11	10	10	8
11	10	11	11	11	12	15	27	43	40	26	23	20	21	20	19	21	16	19	21	15	11	11	11	11	10	10	10
12	12	13	13	13	14	16	35	62	74	39	25	30	25	23	20	23	16	15	29	19	17	15	15	12	11	10	13
32	18	16	16	20	19	22	37	41	55	27	23	26	27	25	21	29	20	18	36	34	16	17	18	17	14	12	13
25	24	22	23	25	17	20	40	30	26	18	16	19	28	25	21	31	24	41	66	36	22	20	22	18	18	17	12
15	23	24	24	22	23	29	31	22	19	21	23	32	38	24	25	39	33	110	52	22	23	21	23	20	23	24	19
19	20	24	26	30	21	23	30	26	17	30	26	31	32	28	14	32	42	62	31	30	20	23	28	23	25	29	34
37	26	23	27	25	21	30	27	28	26	25	27	46	35	30	24	22	15	25	25	32	25	18	27	27	28	33	25
28	31	28	22	19	29	36	22	24	15	16	40	66	11	21	29	23	7	19	23	22	28	20	17	27	39	34	17
14	27	31	22	17	23	27	21	21	20	9	33	55	17	23	20	21	12	12	26	29	29	25	21	32	35	27	24
13	17	27	28	23	24	29	42	39	39	21	35	25	28	23	19	11	16	27	30	23	33	32	30	35	33	28	22
13	16	22	27	30	34	31	30	44	21	25	24	23	24	18	15	8	11	8	17	23	19	33	38	34	32	26	17
15	19	18	21	24	25	23	28	20	13	31	25	27	28	24	22	9	10	14	11	20	16	23	33	30	27	21	16
15	21	19	18	22	23	17	19	19	18	27	21	19	22	19	30	19	9	5	17	22	18	20	28	21	22	19	17
16	21	21	26	26	26	16	16	16	11	16	24	21	57	75	69	45	26	13	12	16	14	21	23	23	25	18	16
15	19	22	26	35	31	19	14	11	14	8	29	67	104	132	107	90	74	20	10	12	13	23	20	26	28	18	15
13	16	19	24	32	32	29	18	11	26	28	39	74	107	105	105	91	69	25	12	13	19	23	23	25	23	16	13
13	13	19	30	33	32	31	26	21	22	18	20	31	52	80	74	63	44	28	17	22	25	25	19	21	17	14	13
12	12	15	35	40	29	33	29	22	22	12	8	17	28	52	46	31	31	24	29	32	30	26	20	17	14	13	13
11	13	13	21	27	24	29	35	32	34	32	21	9	8	27	12	3	20	42	44	43	39	27	18	15	12	12	12
10	13	12	11	14	14	21	34	43	39	45	46	42	39	37	36	35	44	48	39	40	32	16	11	12	11	12	12
9	11	13	12	13	11	10	13	22	27	27	24	25	22	28	32	31	28	27	21	23	13	9	13	10	10	10	10
10	9	12	13	11	12	12	9	10	14	18	17	13	13	12	12	11	9	11	14	8	10	13	11	10	11	10	8
10	8	10	11	10	10	12	12	11	11	13	14	16	18	15	16	15	14	12	9	10	12	11	9	9	10	10	8
10	9	9	11	10	10	10	10	10	12	11	14	13	15	13	13	10	11	10	10	11	11	10	9	10	9	8	7
11	9	9	8	10	11	10	10	8	12	13	13	11	9	7	7	8	9	9	10	11	10	9	9	8	8	7	6
7	8	7	7	8	9	10	10	9	9	10	9	9	9	7	7	8	9	9	9	9	9	8	7	6	6	5	5
9	12	11	13	16	15	25	23	18	17	25	48	27	30	32	43	67	21	18	19	21	16	14	15	13	10	12	9
12	11	14	19	16	15	17	22	20	18	24	49	28	26	35	43	60	21	16	17	18	16	15	14	18	13	11	12
12	15	21	16	16	17	14	20	33	43	33	48	33	22	35	57	68	25	17	17	16	14	16	19	15	18	12	14
14	23	28	23	21	17	16	23	79	105	56	53	48	22	34	68	57	34	18	29	23	17	17	21	20	16	14	14
28	40	35	28	24	21	17	46	146	126	51	47	45	21	47	70	60	33	21	75	46	17	21	26	28	25	20	16
33	38	34	35	26	29	25	70	80	49	53	56	55	29	62	87	65	33	61	181	32	28	24	29	30	32	34	18
26	32	29	33	28	28	32	44	27	25	38	69	82	28	58	116	71	44	171	104	20	32	25	34	31	30	38	32
37	35	31	39	33	27	31	36	34	28	32	82	68	36	47	117	80	54	119	33	31	27	28	34	34	30	33	26
37	34	35	37	29	26	36	32	29	31	35	52	56	36	38	53	68	48	45	38	37	29	24	30	33	33	36	26
26	39	34	25	19	26	36	28	28	27	33	55	46	30	29	45	58	46	35	43	35	29	25	22	24	32	36	24
23	32	31	22	17	25	34	32	28	30	34	39	42	32	30	36	38	37	31	31	34	32	31	20	22	27	21	19
23	20	26	25	22	27	36	34	32	38	28	29	30	29	30	31	29	28	36	36	26	37	37	24	25	25	21	20
25	21	23	27	32	37	33	25	32	40	32	28	29	28	27	27	29	30	35	44	31	22	38	39	32	28	20	20
27	28	24	26	26	29	27	27	30	39	36	28	29	33	41	35	29	30	38	37	28	26	27	30	30	26	23	22
33	37	30	23	23	25	26	27	31	36	31	28	34	76	101	83	36	29	37	31	28	27	27	25	23	24	23	21
37	32	31	29	24	24	25	30	32	39	40	30	48	144	182	124	40	47	58	52	39	38	32	23	23	23	22	20
25	26	27	29	27	25	52	78	78	78	93	111	92	141	188	143	84	125	99	83	88	86	76	38	18	20	19	20
18	19	26	27	26	38	106	122	116	118	122	174	193	162	102	126	184	171	147	139	140	129	91	50	21	15	17	20
17	17	24	27	27	59	130	161	160	162	159	164	205	208	166	202	196	164	172	177	171	176	136	74	34	18	19	17
16	15	23	32	28	69	134	165	163	170	170	160	157	176	187	199	159	168	179	174	178	176	156	90	33	19	19	16
17	15	17	27	38	81	135	179	184	184	183	171	140	120	150	129	153	182	190	192	185	168	150	92	25	17	17	16
15	15	15	16	19	57	112	164	201	216	209	196	175	128	109	152	181	189	193	182	173	163	121	56	16	16	15	17
11	15	14	16	16	24	59	97	134	164	181	182	161	104	84	157	181	188	179	159	154	132	73	20	15	17	15	16
9	12	14	14	17	16	23	50	65	92	119	128	118	77	56	129	151	163	153	126	91	53	17	12	16	15	15	15
9	9	14	13	14	15	13	14	24	48	68	82	84	57	28	82	98	96	78	52	23	8	10	18	15	12	15	13
9	10	12	14	14	13	13	12	11	12	18	32	36	25	14	25	33	29	17	9	6	10	12	13	13	15	14	9
8	10	10	10	12	14	15	16	15	12	11	12	15	18	15	12	8	12	12	10	9	12	13	12	13	11	8	8
6	7	8	7	8	10	11	13	13	13	12	13	15	16	13	10	9	10	11	11	11	13	12	10	9	8	8	7
9	13	12	15	19	17	17	20	17	21	32	101	52	26	57	59	68	22	15	15	23	19	16	17	13	12	12	10
13	14	17	18	15	17	15	13	14	15	28	74	50	27	77	88	57	20	15	13	14	15	19	20	20	16	14	13
15	22	22	16	24	23	15	15	14	14	24	65	58	29	66	96	66	21	18	14	16	16	21	22	19	21	18	19
15	25	22	20	21	21	18	22	16	12	25	73	68	38	63	89	49	21	21	22	21	20	20	21	20	20	18	17
17	24	24	22	20	23	20	28	27	19	22	51	79	45	70	91	46	23	25	32	27	21	23	24	26	22	17	16
20	23	27	30	28	25	20	26	36	27	24	63	87	37	64	90	54	29	27	41	32	19	19	27	31	28	18	16
17	23	31	30	27	20	26	45	43	33	31	56	70	37	55	91	61	33	41	46	56	48	35	32	30	27	21	18
21	33	36	30	23	33	50	50	50	58	39	61	58	40	42	78	64	33	47	56	71	72	60	46	30	35	24	18
29	27	35	32	42	65	71	74	104	68	41	50	44	43	40	59	58	41	53	63	68	83	75	51	32	33	22	20
24	22	24	32	49	58	91	116	129	93	50	46	36	38	39	47	43	51	71	77	66	71	73	50	24	20	22	22
33	23	19	34	50	43	55	77	66	63	43	44	35	30	33	35	40	38	50	60	54	51	56	58	45	28	21	21
39	22	19	43	50	44	42	41	55	54	37	32	36	34	42	40	37	28	34	64	76	48	42	52	50	29	21	22
30	22	20	34	38	33	31	55	80	41	31	38	53	57	62	68	59	36	27	36	63	62	32	30	31	32	26	24
35	24	17	23	30	27	35	74	43	35	45	69	100	121	112	104	82	68	53	41	32	42	32	25	26	32	24	21
30	17	17	23	25	25	40	39	22	56	77	85	122	157	162	146	102	77	91	53	25	28	27	24	28	25	18	19
23	14	16	19	27	25	31	42	63	105	135	129	135	179	187	172	136	139	148	141	106	82	64	42	33	22	15	15
18	14	13	16	24	32	100	147	178	193	210	190	169	165	143	170	164	194	207	204	190	161	124	85	83	68	18	15
16	15	10	37	37	103	178	165	204	200	199	198	176	137	96	117	167	196	193	197	195	176	160	132	65	75	22	15
15	14	15	41	53	165	208	180	207	194	198	173	175	198	189	177	169	174	191	193	188	171	178	166	68	32	13	18
16	15	11	25	65	162	195	184	204	199	195	166	176	192	203	186	170	168	198	196	188	164	178	150	75	17	13	17
17	16	15	13	38	135	179	176	205	206	197	185	179	193	206	192	175	188	197	197	183	162	176	136	61	13	14	16
15	15	16	14	15	102	167	174	190	210	204	199	197	204	202	198	194	196	198	195	182	166	154	93	29	11	14	16
13	16	15	14	11	50	137	172	169	193	208	207	201	196	197	199	200	199	193	181	176	162	111	49	10	13	15	16
11	16	15	15	13	18	72	115	138	177	195	187	178	139	125	184	192	190	185	181	163	110	67	32	8	14	16	16
9	15	18	15	14	13	34	60	70	104	134	155	146	82	82	163	176	174	159	136	110	85	45	16	11	15	17	17
8	10	17	16	15	13	10	29	49	63	70	76	67	50	77	102	116	118	111	100	92	52	20	10	13	15	18	12
7	9	11	15	14	13	13	12	24	43	55	49	28	28	49	89	115	120	109	86	50	14	7	11	13	16	13	8
6	7	8	11	13	12	12	14	12	16	30	23	11	15	24	42	60	66	50	33	13	9	11	12	13	11	7	7
9	11	13	13	16	30	44	42	39	30	20	51	79	36	45	58	31	24	39	50	56	57	31	17	13	13	13	11
10	13	15	15	15	22	47	49	44	29	19	44	50	34	67	99	48	25	37	56	58	51	22	16	17	16	14	13
14	19	18	23	24	17	29	46	37	24	27	39	50	43	72	69	41	30	25	45	48	29	23	26	25	21	20	15
16	15	16	26	23	20	19	22	23	24	39	25	36	49	44	47	31	34	23	28	22	23	27	26	32	19	18	18
16	14	16	21	20	16	29	81	83	50	40	25	32	40	25	36	30	36	35	36	33	28	23	23	24	18	18	18
16	16	21	24	24	57	125	165	150	84	42	32	36	29	23	23	24	26	60	134	141	64	44	29	30	24	17	18
17	19	25	28	71	133	141	153	142	102	53	29	29	26	21	16	14	40	118	164	191	168	119	65	33	31	19	19
18	24	26	38	97	146	161	154	127	101	60	35	34	30	24	18	18	48	146	174	178	198	196	169	74	27	26	19
19	27	33	92	165	180	155	142	146	123	73	45	34	32	31	23	27	57	153	165	156	178	186	185	142	39	34	23
20	25	49	119	181	166	143	149	166	164	126	53	35	27	27	27	42	110	173	173	156	156	159	165	143	85	32	34
33	30	61	135	171	152	147	157	163	164	146	78	43	62	52	50	58	143	178	179	155	151	149	170	156	139	59	30
36	41	114	157	149	134	143	143	175	190	155	95	55	67	80	53	79	122	168	221	202	165	132	140	151	147	88	28
27	73	132	139	128	118	126	159	221	168	116	78	100	95	96	116	100	100	131	172	186	189	123	110	125	136	112	39
24	76	118	119	118	106	129	189	155	128	95	116	164	154	155	155	155	105	115	131	147	169	162	103	113	124	136	57
25	59	95	110	115	105	150	164	148	134	97	133	180	169	169	169	165	102	121	133	124	117	149	113	115	128	130	45
29	72	101	116	125	124	145	140	145	148	147	133	163	177	177	175	141	136	145	169	137	121	181	188	160	163	149	43
21	77	135	139	165	185	175	153	166	182	180	175	140	178	145	172	140	188	176	192	172	151	182	224	281	247	159	46
15	50	218	282	286	252	186	160	191	194	180	187	165	134	115	152	174	189	189	191	181	166	177	177	210	253	156	35
15	36	187	253	225	204	177	167	188	189	179	183	170	183	180	187	180	183	185	196	179	157	175	179	183	195	104	22
17	19	84	179	213	196	179	167	184	183	182	189	167	188	203	196	179	192	174	185	176	153	172	169	168	147	57	17
18	16	30	111	167	156	158	153	182	189	184	174	172	178	200	187	180	181	174	184	168	146	174	171	168	115	33	15
17	16	14	30	106	132	135	144	164	174	184	161	155	132	166	161	163	171	177	173	167	156	175	172	147	60	14	16
15	17	15	8	54	129	140	155	146	157	172	169	168	138	119	142	162	166	160	162	163	159	160	168	107	23	13	15
16	15	17	14	25	131	168	156	151	156	162	155	156	112	114	158	160	163	166	165	160	159	168	155	69	14	15	14
13	18	15	16	10	65	168	189	164	158	157	151	148	126	152	154	157	170	173	168	156	162	165	107	19	13	15	17
10	16	17	14	13	14	78	162	175	175	175	160	145	137	161	158	174	183	173	161	157	157	133	47	9	14	15	17
9	10	17	18	12	12	14	76	138	166	168	175	130	79	154	173	179	174	168	164	161	117	54	11	12	12	18	12
8	9	10	19	16	13	13	13	42	90	145	140	76	20	111	157	164	158	158	146	102	35	10	11	12	16	14	9
12	16	15	18	30	85	109	108	96	47	17	29	46	52	36	28	23	21	68	102	112	103	64	28	20	17	13	12
12	15	25	22	22	56	106	112	96	41	23	37	80	75	43	32	23	13	48	91	101	89	36	20	23	25	16	14
12	15	19	31	28	27	46	76	57	22	35	42	76	100	84	35	28	27	26	64	75	37	16	27	33	21	18	15
12	14	21	38	53	65	38	38	59	34	51	66	90	106	98	43	42	48	32	45	37	42	63	55	39	19	18	16
13	15	27	34	54	63	71	53	61	57	52	78	92	114	97	73	57	48	36	51	52	84	90	74	37	23	19	17
16	19	37	28	34	95	159	167	119	103	109	99	103	125	96	93	88	90	90	86	133	145	122	71	31	34	21	18
16	24	33	24	93	135	137	150	142	150	157	143	135	138	109	108	122	142	149	154	162	158	170	112	31	37	27	20
18	29	26	75	169	163	124	131	146	160	198	230	217	170	150	128	155	221	221	230	202	169	179	176	110	23	31	21
20	29	30	148	183	154	144	147	161	164	180	284	268	202	187	179	233	297	273	230	177	169	160	188	194	63	28	26
24	25	76	176	184	138	128	164	148	169	195	251	330	203	185	249	377	288	263	264	224	167	138	172	195	141	29	33
29	30	133	172	173	128	138	191	187	156	140	132	296	339	299	398	319	229	213	197	225	178	131	151	186	175	52	26
23	57	168	165	164	120	178	191	177	185	165	135	156	321	377	253	138	153	172	195	205	202	130	158	180	185	80	25
31	95	182	168	166	127	189	184	162	178	179	157	147	162	172	173	145	153	187	181	179	199	148	159	178	198	139	29
28	129	190	181	175	139	169	182	151	165	173	156	154	143	140	155	148	163	150	145	162	186	146	153	172	186	192	60
29	153	189	178	177	155	139	184	160	171	167	159	171	133	132	159	158	164	175	145	163	169	159	167	172	183	211	86
42	188	189	187	182	176	161	172	156	149	144	135	174	149	132	181	160	151	163	154	168	155	159	171	185	195	211	95
33	198	213	194	198	190	178	157	156	139	129	121	124	145	148	163	130	126	135	150	161	154	160	175	175	185	199	74
26	172	225	200	187	192	181	166	173	175	165	160	121	107	127	109	128	137	158	173	150	143	157	162	162	171	197	82
18	145	223	210	189	188	181	180	173	172	184	167	149	146	128	139	160	160	170	172	153	157	161	160	169	175	199	71
18	69	209	207	199	193	181	177	170	173	178	155	145	138	149	142	145	179	165	152	163	171	173	170	170	169	173	44
20	17	132	211	200	198	187	177	177	176	168	159	150	133	142	135	144	157	168	162	173	173	167	170	172	180	132	19
19	18	30	158	191	190	185	178	189	179	168	154	152	137	106	142	151	164	168	181	177	164	161	169	173	173	53	13
26	18	11	75	184	186	172	173	185	177	172	168	161	152	107	159	165	159	172	196	172	165	160	158	171	117	12	15
24	19	14	15	123	195	170	166	167	176	172	159	155	156	144	162	162	153	174	192	161	164	160	159	163	61	10	14
17	21	16	13	26	153	189	177	161	165	173	160	157	157	145	153	155	167	178	168	153	159	158	166	98	15	12	12
11	20	17	14	10	40	161	187	168	164	168	162	159	152	153	161	165	166	160	151	150	153	164	132	17	11	12	19
8	12	20	16	13	10	36	127	166	168	169	171	170	151	161	165	160	159	162	150	153	164	154	40	8	11	16	19
8	10	14	23	14	13	11	20	88	139	153	164	166	81	143	180	165	161	156	150	157	111	30	8	11	12	23	11
10	13	14	16	18	23	36	68	75	85	117	134	139	108	53	64	59	39	21	25	28	23	18	18	16	15	12	10
11	13	20	25	17	19	107	140	147	157	145	159	164	163	139	177	160	147	102	91	76	57	24	19	22	19	14	12
11	15	21	23	30	119	184	146	128	127	147	155	167	170	144	154	129	149	139	158	181	168	107	21	26	22	17	13
11	16	21	42	138	228	197	172	165	139	162	189	183	177	157	162	194	218	172	161	171	190	219	115	28	22	17	15
13	17	26	84	202	196	198	165	173	176	151	184	180	170	169	198	215	232	226	217	206	207	208	174	35	29	18	16
14	21	31	86	160	181	187	184	199	229	217	199	205	198	196	229	270	286	268	260	265	254	210	185	69	30	21	18
14	25	34	111	141	141	168	198	233	268	283	251	231	240	259	290	324	334	308	296	281	254	226	177	111	28	27	17
17	28	23	87	147	152	168	202	245	281	275	281	270	221	270	327	345	343	330	313	256	210	199	171	123	32	30	20
20	28	28	125	163	166	204	227	256	246	277	331	348	291	268	352	356	331	343	323	270	223	183	192	172	58	22	22
22	23	71	167	175	162	204	234	237	240	277	328	377	361	352	393	382	310	309	317	283	230	218	207	180	105	20	26
24	23	128	170	166	167	199	230	219	225	235	291	335	357	380	343	327	281	272	281	279	231	220	172	172	145	25	26
26	26	135	167	168	160	193	206	198	198	212	276	322	344	350	317	267	263	255	238	265	230	203	177	185	181	41	25
28	41	161	174	167	143	200	201	167	163	192	218	222	288	291	215	258	231	205	202	230	231	188	163	173	190	70	22
24	81	187	179	178	147	190	197	162	177	182	172	170	225	187	184	196	183	172	171	200	220	161	146	160	178	142	26
19	101	195	175	169	160	165	196	187	211	191	161	153	187	164	156	172	181	188	162	182	197	166	164	162	176	178	42
18	100	177	163	162	163	165	192	196	205	176	157	164	157	146	145	162	180	201	193	180	175	163	177	176	165	159	33
20	112	178	171	178	174	168	176	177	176	161	161	160	153	153	158	154	169	196	201	183	163	161	176	178	173	151	22
24	123	188	167	170	183	179	177	171	162	163	161	167	173	161	160	150	156	182	187	181	150	154	155	151	162	144	32
19	116	201	187	184	187	187	180	177	170	168	173	166	165	154	166	158	155	169	173	178	166	155	153	151	161	163	41
16	67	210	195	188	185	185	189	190	186	186	173	162	168	158	173	162	167	166	171	178	178	172	171	168	175	166	32
18	20	166	207	185	189	183	181	195	197	184	171	173	179	167	177	163	170	171	178	182	174	169	160	168	185	155	20
24	14	63	210	193	183	184	183	190	190	176	171	173	189	168	190	171	171	176	184	177	165	161	163	168	189	102	10
29	18	10	130	218	199	193	181	184	183	171	173	165	177	173	185	174	164	174	184	169	162	160	163	174	166	33	11
26	21	14	25	170	219	187	172	171	177	167	169	166	172	171	173	158	159	166	171	163	159	168	175	192	98	8	14
17	28	15	11	41	188	211	182	170	172	169	177	165	168	166	168	156	168	164	167	154	166	180	187	132	18	11	15
11	22	22	14	9	44	163	201	201	180	169	172	171	168	166	170	175	168	161	175	167	170	190	135	22	9	12	17
11	12	20	19	13	10	30	114	176	187	177	176	187	163	153	187	186	168	172	178	179	170	129	31	7	12	17	16
9	11	12	20	21	13	11	12	44	89	131	155	150	71	69	157	159	156	160	156	120	71	24	9	12	15	19	11
8	9	10	10	11	12	15	31	43	71	99	117	120	79	25	67	56	42	25	12	11	14	13	13	12	12	9	8
10	10	11	12	14	19	83	145	201	229	239	251	233	170	118	210	231	224	187	126	60	33	21	15	14	12	12	9
11	12	12	14	13	59	174	206	226	216	206	194	208	196	178	234	215	234	220	219	181	124	53	15	15	13	12	11
11	12	13	14	38	137	196	199	217	196	176	187	206	203	169	213	244	288	259	221	207	177	121	26	16	15	13	11
13	13	15	22	114	207	204	206	206	184	177	197	195	214	193	211	260	306	307	284	237	204	159	66	14	17	14	13
14	14	14	69	181	204	203	194	206	197	181	177	204	208	196	224	287	313	314	292	253	230	191	136	42	20	16	15
15	17	19	115	201	194	189	187	209	239	250	207	204	223	244	246	289	324	321	299	276	256	229	159	90	21	18	15
17	22	18	139	201	190	180	186	239	279	285	266	234	234	292	289	298	349	330	327	300	265	253	202	126	30	20	16
17	26	24	154	193	186	185	218	275	305	336	348	316	283	327	331	366	383	370	329	316	283	264	233	146	34	21	18
19	22	53	163	189	183	189	253	294	336	336	332	321	280	319	334	354	360	356	325	310	290	260	245	191	70	18	20
21	20	114	188	173	188	190	253	296	324	320	316	336	315	333	349	360	369	350	318	299	285	259	232	198	107	23	21
23	18	111	192	182	181	182	217	282	306	325	357	373	372	371	365	337	350	316	296	279	262	244	208	181	124	36	20
25	21	140	191	183	187	183	192	230	267	285	335	374	342	326	323	300	304	298	293	277	234	195	188	181	145	36	20
21	54	169	180	171	179	186	189	201	221	236	260	270	257	274	281	273	283	282	286	275	209	186	182	187	155	52	18
15	60	178	179	180	179	186	193	203	202	205	187	205	208	211	233	250	264	258	254	240	191	183	186	187	172	83	16
16	36	149	183	181	173	176	190	208	208	208	166	169	189	187	205	222	249	242	211	198	189	180	177	182	159	103	18
18	35	153	183	184	178	176	185	201	214	209	185	177	189	171	178	190	225	225	206	200	182	177	182	179	165	121	19
17	46	185	183	176	173	175	184	200	205	201	185	174	182	167	170	168	202	219	204	188	179	179	183	183	170	110	17
17	48	185	180	177	175	171	185	189	198	198	179	169	182	178	162	168	183	201	196	187	179	170	170	168	172	101	18
18	27	161	205	193	180	167	168	187	193	199	179	171	189	176	172	173	183	190	188	184	176	166	175	174	161	81	17
22	12	86	193	200	187	191	183	183	190	191	179	181	188	180	187	176	178	183	182	180	173	161	151	154	137	55	13
26	13	27	142	195	195	200	194	192	184	185	177	182	190	183	193	180	172	180	175	167	166	169	172	164	119	28	12
25	17	10	56	170	196	197	195	189	191	182	173	168	180	181	186	176	168	171	167	172	184	187	186	169	84	12	13
21	24	14	10	72	165	194	192	187	183	177	168	169	188	177	182	167	168	165	170	178	170	182	181	118	28	11	18
13	24	19	15	10	66	155	187	198	193	180	179	171	180	164	187	180	173	174	183	176	167	159	113	33	10	17	24
10	14	20	20	15	10	45	109	169	183	179	190	198	172	131	181	184	179	175	174	162	135	91	30	10	19	23	14
11	9	11	17	20	16	9	18	53	98	131	150	161	93	52	123	153	139	134	115	95	54	14	9	17	19	13	9
8	8	8	10	16	19	18	13	9	14	27	42	41	22	13	26	42	49	39	25	15	6	10	14	17	13	9	8
8	7	8	8	9	8	9	8	10	12	13	13	10	10	13	8	9	12	11	12	12	11	10	9	9	8	6	6
7	7	8	9	10	11	7	15	36	59	91	99	74	35	15	44	52	42	33	18	9	11	11	10	9	9	7	7
8	8	9	10	12	9	15	47	89	106	112	117	118	79	65	132	117	97	79	43	22	8	10	12	11	9	7	7
8	8	9	12	10	19	44	94	128	143	159	158	161	129	134	194	179	148	136	108	55	23	7	12	11	10	9	9
9	9	10	12	12	39	87	128	167	188	203	201	192	176	169	236	251	201	161	142	104	49	15	11	13	12	9	9
9	10	12	12	26	69	122	161	191	197	192	194	212	200	194	252	286	257	211	148	104	75	31	10	14	13	11	9
10	12	13	14	49	102	148	184	191	201	202	205	213	201	204	257	289	286	267	222	165	119	55	21	12	16	12	10
12	12	14	26	91	138	181	190	189	210	229	218	201	208	227	268	298	317	308	260	221	166	108	55	15	17	14	11
12	15	15	40	117	156	182	195	204	234	261	236	197	213	235	276	309	326	322	262	219	205	143	90	23	14	16	13
13	14	13	73	133	159	178	196	211	253	265	254	214	220	230	268	311	323	315	282	233	214	169	114	46	12	16	14
14	15	19	87	143	171	182	194	213	254	267	266	229	221	225	259	305	320	285	292	286	235	182	134	65	12	16	15
13	17	26	104	157	181	188	187	216	251	278	254	228	217	206	254	300	318	270	277	248	189	169	132	72	15	15	16
14	14	35	110	162	170	196	196	195	231	266	253	228	206	201	251	291	310	272	274	244	185	168	145	90	23	14	16
15	15	43	114	169	184	197	196	190	199	223	230	208	191	193	211	277	312	281	262	245	180	174	161	100	33	12	15
17	14	46	115	149	170	186	193	202	197	196	202	201	189	187	214	277	295	257	239	203	185	184	159	106	43	11	15
17	14	40	101	147	166	178	192	200	196	196	193	188	185	170	203	238	265	230	198	186	188	175	150	92	34	14	17
17	16	44	96	138	162	181	191	196	193	198	196	188	187	175	185	186	208	208	189	192	178	158	130	83	39	18	18
18	16	50	102	133	160	178	181	194	196	200	202	192	181	163	182	183	187	191	192	185	172	159	127	90	44	15	15
17	15	38	90	115	153	160	171	181	192	193	192	194	181	147	160	183	194	195	191	178	170	156	135	95	45	14	16
20	15	21	74	117	150	161	161	186	194	192	191	186	191	167	176	189	189	185	178	171	163	153	127	89	34	9	14
20	18	11	37	100	122	160	173	178	196	192	194	193	191	169	186	194	187	189	189	175	163	139	91	65	16	11	16
15	17	16	17	57	108	124	154	174	181	197	201	193	195	152	177	191	188	188	185	152	134	113	82	41	10	18	20
13	18	16	11	22	50	97	135	159	170	181	187	185	185	143	179	188	177	171	153	126	108	110	69	27	10	18	17
11	17	22	20	12	15	46	98	129	151	163	177	177	169	115	164	184	179	171	153	122	100	65	30	10	17	20	17
9	11	15	22	23	11	15	39	64	93	118	133	155	141	80	127	148	147	124	100	81	43	20	7	13	18	19	12
9	9	10	14	21	22	12	8	17	32	50	62	78	63	27	85	74	67	53	38	20	8	5	12	19	20	14	8
7	7	8	9	14	23	25	15	8	5	9	18	20	11	11	18	17	13	13	8	5	9	17	19	19	14	8	8
6	7	7	8	8	10	18	25	19	13	10	10	9	10	12	9	9	9	9	12	15	18	17	12	9	7	8	7
7	6	6	7	8	8	7	8	8	8	7	8	10	10	9	9	9	10	8	8	7	8	7	7	8	7	6	6
7	6	7	7	9	9	8	7	5	4	3	3	3	7	9	6	6	6	6	7	7	7	7	8	7	7	6	6
7	7	8	9	9	9	8	5	2	4	5	5	5	6	8	3	2	3	5	6	7	8	8	9	7	7	6	7
8	7	8	9	9	8	7	4	7	12	14	17	19	13	12	17	13	10	5	4	7	8	9	8	9	8	8	7
8	8	9	10	9	7	5	6	16	24	34	41	37	23	25	34	29	19	13	5	4	7	9	9	10	9	8	7
8	8	9	9	9	6	4	14	23	40	65	78	75	49	60	100	81	38	21	14	6	7	10	11	9	9	8	7
8	9	9	9	9	5	12	25	45	74	88	89	95	81	83	124	116	87	53	32	15	5	9	11	10	9	8	8
9	9	10	9	7	9	23	38	67	84	85	103	122	113	99	153	125	104	95	46	24	14	7	8	11	10	9	9
8	10	12	9	5	15	26	57	79	75	95	130	154	141	110	176	147	100	100	63	28	21	11	7	10	10	9	9
9	10	11	7	9	20	44	79	81	89	127	163	172	158	123	195	185	127	98	91	60	26	17	8	8	11	10	10
9	9	10	8	15	29	64	87	79	124	166	174	166	156	134	224	237	177	119	99	91	50	23	12	7	11	10	10
9	10	10	8	21	46	86	94	106	133	163	164	161	158	130	195	226	201	136	107	87	66	27	14	8	11	11	11
10	12	11	11	23	52	88	105	157	138	155	154	161	145	118	182	214	196	140	113	87	73	35	20	9	12	12	11
10	14	10	11	23	54	87	91	121	131	149	149	157	137	122	186	208	193	149	102	82	71	40	20	8	12	13	12
10	11	7	8	18	47	87	88	117	134	138	146	153	136	128	188	220	172	133	98	81	80	45	19	8	9	12	10
11	11	9	7	19	35	73	84	96	130	147	156	164	145	120	171	199	158	140	100	83	72	35	20	10	10	12	10
11	13	10	7	18	29	70	87	92	103	139	156	169	154	117	165	179	157	137	99	85	71	27	16	9	13	14	9
12	13	10	5	15	23	50	77	90	117	148	161	157	142	98	157	189	169	147	117	81	63	26	19	8	9	12	10
10	12	9	5	13	21	34	68	83	98	137	154	150	132	98	141	176	175	149	106	78	53	25	20	8	12	12	11
10	11	12	7	10	18	24	44	72	86	105	139	135	131	87	117	150	161	141	94	68	36	22	14	6	10	11	9
10	11	12	9	6	8	18	26	46	73	81	96	127	129	75	99	132	140	110	81	56	25	18	13	9	14	10	9
8	9	13	14	8	7	7	18	23	48	78	86	100	86	46	65	94	96	85	73	36	21	13	8	10	15	11	8
8	8	10	14	14	11	9	9	20	25	41	66	69	51	23	54	76	67	58	34	16	10	8	6	11	13	9	6
9	7	8	11	15	14	13	9	7	16	22	34	42	25	16	28	51	57	53	21	7	6	6	9	14	11	7	6
8	7	7	9	14	19	14	10	8	6	5	14	22	13	10	11	15	16	9	5	8	10	9	13	11	8	6	6
8	6	7	7	8	13	19	15	11	12	10	6	7	9	13	8	6	5	8	10	11	10	11	11	9	6	6	6
6	6	7	8	7	8	12	17	14	11	12	12	10	11	12	10	11	11	10	11	11	12	10	8	6	6	6	6
6	6	7	6	7	6	6	8	14	12	12	13	14	10	10	11	12	12	11	11	10	8	6	5	5	5	5	5
7	7	8	8	9	10	10	10	12	12	12	13	14	12	11	12	12	13	14	10	9	10	9	8	8	7	7	6
7	8	7	9	9	10	11	12	14	12	13	13	15	14	11	11	11	13	15	12	10	9	10	9	9	8	9	7
8	8	8	9	9	9	11	16	18	16	14	14	18	16	13	13	13	13	14	13	12	10	9	9	9	9	9	8
10	9	9	9	10	11	11	19	18	18	14	14	17	17	16	14	13	12	13	16	13	12	11	10	10	10	9	9
19	11	10	10	11	12	14	19	13	13	12	14	15	16	17	13	14	14	13	17	18	12	12	11	11	11	10	9
12	12	13	12	13	12	14	17	14	13	11	12	14	17	17	10	12	15	16	19	20	14	12	11	11	11	11	10
9	10	12	13	14	14	15	15	14	13	11	14	17	20	17	9	12	13	21	17	15	14	13	12	12	12	12	11
11	12	14	13	17	15	13	15	15	9	14	14	15	16	15	10	14	12	11	17	16	14	14	14	12	12	13	16
17	15	14	15	15	16	16	13	13	13	16	19	19	21	19	18	16	11	11	13	16	15	14	15	14	14	16	16
14	17	15	14	13	16	17	13	12	14	18	22	23	20	18	21	18	12	11	10	11	17	15	13	16	20	19	13
11	14	16	17	15	14	16	13	13	20	20	23	26	27	25	26	24	17	14	13	13	16	15	15	20	20	17	14
11	12	15	16	15	14	16	25	24	25	20	21	26	32	28	29	24	19	20	16	12	18	18	19	22	18	17	15
12	11	14	16	15	17	15	20	37	25	22	22	28	26	23	24	19	17	16	15	12	14	18	21	20	17	16	13
12	12	14	16	14	15	12	14	19	21	23	22	28	26	27	31	20	16	18	16	12	12	15	19	17	15	15	12
11	12	13	14	15	15	10	12	17	22	23	23	22	22	24	36	28	16	18	18	15	12	13	17	14	14	14	12
11	13	13	17	19	17	14	10	15	20	21	24	26	31	36	44	44	28	21	18	13	13	14	15	16	17	14	11
11	12	13	17	21	21	14	9	11	20	22	24	35	44	51	52	63	43	19	14	10	13	16	15	17	16	13	10
11	12	12	17	21	20	18	9	10	24	29	24	25	24	21	33	60	54	17	11	6	10	15	15	16	15	12	9
10	11	13	19	20	18	17	12	9	12	21	21	15	15	17	24	40	41	15	7	5	10	12	14	14	12	10	9
10	11	11	18	22	18	17	14	10	10	12	16	13	14	14	15	19	22	16	8	8	9	10	12	13	10	10	9
10	11	11	12	15	16	14	13	10	10	10	12	13	14	12	12	9	14	15	7	10	14	12	13	12	9	9	9
8	10	10	10	12	13	12	14	15	12	12	14	16	19	23	19	13	12	10	10	16	14	11	11	9	8	8	9
8	8	10	10	10	11	11	10	11	12	10	9	11	14	20	15	11	9	10	11	10	8	9	10	8	6	7	7
9	8	9	10	9	10	10	10	11	11	11	10	7	9	12	7	5	4	6	9	8	9	9	8	7	8	7	6
9	8	7	8	8	8	9	10	11	11	10	12	11	12	12	11	9	9	10	8	8	9	7	7	7	7	7	6
8	7	8	7	8	9	7	8	9	9	10	10	11	11	10	9	8	9	9	9	8	7	6	7	7	7	6	6
8	7	7	7	7	8	7	7	8	8	8	9	9	8	7	6	8	8	8	8	8	7	7	7	6	6	5	5
6	6	7	7	6	7	7	8	8	7	7	7	7	6	6	6	7	7	7	7	7	7	7	5	6	5	4	5
9	10	11	11	12	14	23	20	18	18	20	28	19	21	19	26	31	18	18	16	14	12	12	12	12	9	9	8
10	10	12	13	13	13	16	21	20	19	19	26	18	19	21	23	28	19	17	15	14	12	12	12	13	11	10	10
10	11	13	13	14	13	14	21	32	35	26	27	22	20	24	27	28	18	17	17	15	13	14	14	12	13	11	11
14	15	17	15	16	15	17	23	52	66	32	27	37	22	23	33	27	21	18	22	19	16	16	15	15	13	12	13
29	24	22	19	18	18	19	29	62	59	26	24	25	20	26	29	30	23	19	33	26	18	18	18	18	16	16	14
26	25	23	23	20	21	20	36	40	30	31	29	25	24	32	34	34	24	32	55	24	21	19	21	20	20	22	17
19	21	19	22	20	22	25	29	24	23	27	35	34	25	31	46	41	32	70	39	23	22	20	24	21	20	24	23
22	19	20	24	26	26	26	29	28	26	29	42	34	33	41	58	46	36	51	28	29	23	22	23	22	22	23	22
26	23	22	25	25	28	32	28	27	30	28	39	47	36	34	40	40	29	31	30	29	25	21	23	24	25	29	22
23	27	26	22	20	25	37	26	26	26	27	41	42	28	28	38	43	32	27	27	26	27	24	20	23	29	28	19
18	25	26	23	20	25	40	32	28	29	28	34	40	29	29	32	34	29	26	26	29	31	27	23	25	27	22	20
18	19	23	23	23	25	35	39	32	37	29	28	29	29	30	27	27	26	30	33	28	32	31	27	29	27	21	21
19	18	22	25	29	34	33	32	33	31	27	28	26	30	29	29	30	28	26	32	27	25	33	35	30	27	20	18
20	22	21	24	29	32	29	30	29	31	31	31	28	28	28	27	30	30	29	29	26	26	25	27	27	23	22	17
24	31	25	22	25	25	26	27	31	33	31	30	28	33	33	28	27	27	28	29	26	25	24	25	22	22	19	17
24	30	33	29	26	25	26	27	28	30	28	27	26	68	108	61	21	26	30	31	27	24	24	23	24	22	18	18
20	26	29	36	32	29	32	37	36	38	41	53	47	79	134	81	46	64	42	36	38	33	33	24	25	23	18	17
16	19	26	31	35	33	45	50	50	51	55	92	103	81	49	63	98	91	75	68	73	61	44	25	23	22	18	16
15	16	23	32	35	35	56	81	78	81	77	86	106	104	77	105	100	87	87	91	87	85	66	29	22	20	18	16
15	15	21	32	33	33	57	86	87	88	87	83	73	62	62	83	70	89	99	95	90	87	72	35	22	18	17	15
15	16	18	27	32	34	53	86	92	95	93	91	67	37	45	39	67	91	101	102	96	86	61	33	20	17	15	15
13	15	15	16	20	27	45	76	102	109	109	107	94	66	56	63	91	97	95	93	90	77	41	22	15	16	16	15
11	13	14	14	15	16	19	36	60	77	86	85	71	43	30	54	82	86	84	74	64	44	27	16	15	13	15	14
10	11	13	14	14	15	14	18	23	32	48	55	49	32	20	40	61	71	66	47	29	22	15	15	15	13	13	12
10	10	12	13	14	14	16	15	15	17	21	28	31	26	19	31	36	35	26	19	14	12	13	14	13	12	13	11
10	10	11	12	13	13	13	14	13	12	13	17	19	17	15	17	18	17	12	11	11	12	12	12	12	12	10	9
9	9	9	9	10	11	12	12	13	11	11	13	13	13	12	10	9	10	11	11	11	12	11	11	10	9	8	7
6	7	7	7	8	10	11	10	12	12	12	12	13	13	12	11	11	11	11	11	11	10	10	9	8	7	7	7
9	10	11	14	16	15	19	21	18	18	26	54	29	22	34	35	49	19	17	15	20	17	15	14	13	11	11	10
10	12	15	15	14	15	16	16	15	16	24	41	29	23	39	41	42	18	16	15	15	17	17	15	16	14	13	12
12	16	18	15	20	19	15	16	16	18	23	39	32	21	36	51	48	20	17	18	17	16	17	18	15	16	14	14
13	18	20	17	19	17	18	18	19	20	24	46	42	25	40	54	38	21	21	20	20	19	17	18	17	16	16	15
17	24	24	23	19	21	21	22	27	26	24	37	48	29	47	56	36	24	22	26	22	20	19	20	21	19	18	17
19	23	23	26	23	21	18	21	26	25	27	45	52	30	53	60	40	26	26	34	22	22	21	21	25	22	19	17
18	24	23	23	23	21	20	24	24	27	27	46	56	30	46	71	47	29	31	28	27	27	24	25	23	21	20	18
23	29	26	26	21	23	26	27	28	34	30	54	49	31	36	70	54	31	31	29	32	32	26	24	25	26	23	17
25	23	25	23	20	27	34	36	47	37	32	39	41	37	35	44	48	36	35	33	32	38	32	23	24	25	23	19
26	23	22	20	21	27	41	53	62	45	33	38	35	35	35	37	39	38	37	40	32	34	31	24	19	21	21	21
25	21	19	19	22	24	26	35	35	35	30	34	33	34	34	35	37	33	31	31	29	28	27	26	21	21	20	19
27	18	17	19	23	23	23	23	27	29	29	33	34	32	35	35	34	31	28	31	30	28	27	23	23	19	20	21
28	19	17	19	21	22	23	22	28	29	31	33	33	35	36	36	36	32	31	28	29	28	26	25	22	21	21	21
29	22	19	20	20	21	24	27	30	35	33	33	41	51	49	47	35	33	36	32	25	25	23	24	21	20	18	19
29	22	19	20	19	22	26	25	26	32	31	35	52	87	91	75	45	36	35	32	25	25	23	22	22	20	17	18
22	19	20	18	19	22	22	25	26	42	65	58	66	121	137	112	59	67	72	48	32	29	26	20	21	18	16	18
18	19	16	18	17	17	39	62	76	93	134	126	100	112	105	114	88	131	134	106	81	65	48	24	21	19	14	17
15	17	12	14	14	34	98	104	130	137	141	146	128	100	56	64	113	150	145	138	123	94	79	53	19	18	14	17
16	16	14	15	19	73	137	135	145	145	146	134	143	146	133	137	138	137	147	148	131	113	113	88	27	15	16	17
15	15	17	15	23	84	128	137	145	148	148	126	130	130	145	139	125	126	146	142	133	122	114	94	36	13	17	16
14	15	17	16	22	77	124	134	147	149	148	143	128	118	143	127	119	140	140	136	132	118	116	85	29	13	15	14
14	15	15	15	13	59	116	125	136	152	149	149	145	135	126	129	143	144	144	139	126	118	106	59	16	14	14	14
12	14	14	14	14	25	86	114	125	138	149	151	140	120	99	125	142	145	141	126	119	111	76	23	12	13	13	14
9	13	14	14	15	11	27	68	89	117	135	135	118	76	50	99	129	139	132	121	105	68	28	12	13	14	13	15
9	12	15	14	15	14	12	17	29	59	84	105	91	40	30	80	106	117	101	77	53	29	12	11	13	12	14	13
7	10	14	13	13	13	12	13	16	21	25	37	35	20	29	44	54	53	43	36	31	14	10	11	12	13	14	10
7	10	10	11	12	13	14	13	12	15	19	18	18	25	26	31	36	42	37	29	15	9	11	12	12	13	11	9
6	8	8	9	10	10	12	12	13	13	12	12	13	16	14	13	17	19	13	11	10	11	11	11	12	9	8	6
9	11	11	12	13	16	20	19	18	21	20	40	44	24	31	34	23	21	21	21	22	21	15	14	13	12	12	12
11	13	13	13	14	16	18	17	18	20	19	35	32	22	46	56	29	21	19	20	18	18	16	16	16	14	14	12
13	15	16	16	18	18	16	19	19	19	21	34	38	30	46	43	27	22	20	20	21	19	19	18	16	17	15	14
15	16	17	16	19	19	18	20	19	19	24	27	33	35	34	36	26	23	22	23	21	20	21	19	19	18	17	17
15	15	15	17	18	18	25	44	47	32	26	26	31	30	29	33	28	27	27	29	24	21	21	20	18	18	17	16
15	17	17	19	21	37	59	73	74	46	27	31	35	28	27	32	28	25	34	72	59	24	22	20	22	21	18	17
17	19	21	22	34	55	61	77	78	48	33	30	29	26	28	28	25	33	77	92	100	80	58	32	22	22	17	17
18	20	24	26	40	66	89	95	73	69	40	24	29	27	27	26	26	33	83	89	106	113	96	81	30	25	20	18
21	22	26	43	81	106	98	92	102	79	45	24	27	30	28	30	27	30	76	91	92	107	111	104	57	22	21	19
22	22	28	52	103	104	109	112	119	99	62	30	24	31	30	28	22	51	91	94	84	93	99	88	60	33	22	21
23	21	30	62	91	88	88	87	94	94	73	47	26	27	31	21	27	63	85	106	86	84	91	102	92	63	26	21
27	26	50	84	92	81	80	75	94	101	73	45	34	30	32	30	39	55	79	123	130	88	73	77	79	66	36	23
24	35	59	75	74	68	65	86	133	85	53	39	63	66	64	72	52	41	56	79	92	101	62	53	59	67	49	24
24	30	48	56	59	58	67	114	78	63	44	59	112	108	104	112	93	41	50	61	68	84	79	47	53	58	57	27
24	28	40	52	59	53	78	88	71	62	40	84	124	121	116	118	118	62	47	60	58	58	74	55	53	55	48	23
22	28	42	55	65	59	69	67	67	75	94	116	119	123	121	121	117	110	87	83	60	61	99	109	92	77	51	21
18	26	53	61	82	88	88	76	92	127	135	140	114	115	90	117	119	143	137	140	105	87	102	126	182	163	73	23
17	21	90	131	130	122	97	84	135	146	134	144	131	85	55	88	131	140	139	139	129	104	103	112	115	135	66	21
16	17	65	123	112	119	116	100	140	138	132	134	125	124	129	119	125	132	137	140	121	97	110	116	96	80	36	19
15	15	27	79	113	117	122	108	138	134	131	134	126	134	146	136	131	135	130	134	118	96	113	108	95	63	22	18
15	16	15	38	73	86	103	97	132	139	125	128	130	132	139	138	134	128	120	125	109	95	109	101	89	46	17	16
15	15	15	12	35	61	82	92	118	131	132	120	114	100	116	113	117	119	123	121	110	104	103	80	55	24	15	15
14	14	15	12	21	59	82	99	93	108	124	123	119	92	95	93	106	115	99	107	108	96	94	87	36	14	15	14
13	15	15	15	13	51	92	99	94	96	107	106	97	60	70	92	106	113	107	109	104	94	95	73	25	12	14	15
11	15	14	15	12	25	94	106	99	93	95	98	91	55	84	99	108	109	108	110	106	103	90	38	13	13	13	16
9	12	15	14	13	11	26	83	110	102	96	90	70	54	95	96	111	112	110	110	106	81	56	18	11	13	15	14
8	10	13	14	12	13	11	31	71	90	97	90	55	33	71	94	99	110	103	103	83	49	22	11	12	13	13	11
8	9	9	14	14	12	13	11	16	35	76	65	28	12	49	87	91	97	83	68	36	16	11	11	12	12	10	8
11	14	14	14	19	22	26	25	25	24	20	24	32	29	27	26	23	22	26	28	27	26	23	21	17	15	13	12
13	14	14	15	18	22	26	25	25	22	19	22	33	33	26	26	24	20	25	29	27	25	20	17	16	18	16	14
13	14	16	20	19	17	19	24	26	20	22	23	32	37	39	22	22	21	20	23	23	20	18	20	21	17	16	16
13	14	16	22	21	20	17	18	22	21	27	26	36	40	35	24	21	24	20	23	19	20	27	23	23	17	16	16
15	15	18	20	23	21	28	35	35	28	28	35	39	44	37	31	27	29	21	23	25	32	30	28	22	19	16	16
16	18	23	20	19	48	90	101	68	51	45	40	39	48	37	36	37	37	46	52	71	64	46	28	23	23	18	18
17	20	24	21	53	101	103	99	86	76	65	60	50	57	44	38	41	54	72	96	122	104	98	40	19	25	20	18
17	21	21	41	95	116	92	82	85	83	96	109	85	78	63	44	50	87	108	137	130	110	123	113	65	20	21	19
19	22	27	87	124	113	84	86	102	103	105	135	116	95	89	68	90	130	139	128	102	106	120	138	109	31	24	22
20	22	45	97	124	99	71	94	102	124	132	125	140	83	78	106	178	156	156	149	130	106	91	119	120	87	26	24
22	23	73	108	120	95	90	122	128	108	108	80	138	160	125	199	160	151	148	127	134	111	84	108	127	117	39	23
19	41	114	112	107	90	106	109	120	142	128	90	78	147	165	121	78	112	133	149	127	129	89	103	113	111	51	22
21	66	114	110	108	95	116	104	125	141	122	92	95	76	72	105	83	101	137	145	118	124	99	104	116	117	88	26
23	78	109	106	110	100	110	120	118	110	105	105	114	88	78	108	107	102	101	114	116	117	110	101	113	122	135	46
23	85	116	113	111	102	100	124	118	107	101	101	125	111	109	117	114	93	110	111	119	105	116	113	115	121	126	50
28	112	121	123	127	120	108	113	112	102	95	80	118	120	114	130	101	84	99	112	115	102	122	127	129	127	127	50
24	106	141	139	144	143	129	101	110	105	96	88	70	107	95	113	70	91	94	107	105	99	123	135	131	138	140	51
19	79	165	163	157	152	127	97	104	123	118	109	72	57	56	59	82	106	114	119	95	97	113	119	126	131	133	51
17	69	146	148	137	136	122	95	79	93	119	112	95	103	83	94	106	110	120	103	90	105	112	114	122	121	113	36
18	37	101	138	138	139	124	97	72	84	113	107	94	93	106	106	98	120	100	74	87	109	115	119	118	113	86	23
17	17	61	118	125	132	129	106	74	102	106	103	95	79	88	86	91	104	102	80	88	111	115	116	114	120	61	16
17	15	24	58	103	125	121	116	96	102	113	101	91	66	61	80	89	105	113	100	102	111	115	108	106	87	23	16
17	16	15	37	95	122	117	118	117	91	106	115	101	84	47	88	104	105	112	115	113	112	108	107	102	42	13	14
19	16	15	15	53	113	117	115	115	105	104	108	103	96	75	104	108	105	98	110	112	107	104	103	80	21	14	14
15	16	14	14	18	77	120	113	112	120	119	96	98	93	86	98	100	108	94	112	104	99	99	83	34	13	14	14
12	17	14	14	12	25	84	103	102	119	122	113	111	94	96	108	115	112	108	104	96	89	100	57	9	14	12	16
9	12	16	14	13	13	21	64	106	111	109	103	106	80	94	107	107	94	94	89	91	102	68	15	12	11	13	14
8	10	14	16	14	13	12	17	52	85	105	96	81	42	72	93	84	81	95	98	81	51	13	11	11	12	15	10
11	15	14	15	18	20	23	33	34	30	39	54	52	49	25	27	22	19	19	21	22	20	18	18	16	14	13	11
12	14	17	19	17	17	45	54	51	57	61	75	94	79	49	66	59	44	28	29	28	25	18	19	19	18	14	13
11	14	18	20	22	57	73	64	50	50	70	86	101	87	63	78	64	63	56	64	80	69	37	16	22	18	16	15
11	15	18	27	70	113	103	87	84	64	88	109	111	103	84	86	96	94	82	81	89	101	108	49	22	19	16	16
12	16	19	35	97	105	107	79	91	99	83	104	107	96	94	112	101	90	94	104	106	115	127	92	22	23	17	17
14	18	23	36	63	99	119	117	110	116	121	126	128	122	115	132	122	120	122	120	127	130	117	97	31	23	20	17
15	21	24	42	59	68	81	107	132	139	148	142	143	147	141	141	145	147	147	139	127	120	120	100	49	22	20	18
18	22	21	31	63	73	76	111	140	150	137	158	168	148	155	158	165	158	159	155	143	115	111	86	59	22	21	18
19	21	18	58	105	93	128	140	142	142	148	195	212	183	166	198	179	160	164	158	144	132	88	105	95	34	20	20
21	21	37	99	122	92	122	145	134	140	159	211	250	220	219	240	227	177	161	152	146	138	107	117	110	55	20	22
22	20	66	111	121	93	122	143	132	134	125	164	217	226	253	238	204	152	154	141	142	139	121	102	110	75	22	23
23	20	78	111	105	78	123	137	123	117	111	130	143	189	198	176	126	121	134	134	143	142	101	119	129	103	29	24
23	36	111	119	108	60	130	136	106	106	121	123	107	136	133	108	134	123	117	114	127	152	109	96	113	120	53	22
21	53	117	117	118	77	119	135	92	116	137	114	100	108	78	93	114	125	109	98	118	140	85	75	106	108	81	27
20	68	126	114	100	95	84	131	114	144	142	119	103	85	74	95	111	133	138	104	116	127	98	102	105	110	119	39
21	79	123	120	108	102	96	122	124	136	118	111	106	69	69	97	105	127	143	127	120	109	105	119	115	114	95	31
21	81	113	116	120	118	107	107	114	109	83	84	84	59	66	92	96	102	128	129	119	99	105	118	113	120	87	22
20	97	125	109	105	126	122	109	92	68	62	63	77	89	91	86	84	76	108	123	117	88	100	103	93	102	85	27
20	86	130	127	111	128	125	109	62	38	59	96	114	106	84	106	100	67	60	85	106	98	98	104	101	102	97	32
18	45	125	124	129	132	127	111	64	49	96	120	116	108	85	109	116	103	50	57	98	119	120	115	104	96	93	26
18	15	96	137	119	123	126	120	92	113	125	114	111	109	86	114	111	114	95	69	98	115	113	111	112	116	90	18
20	15	37	127	129	122	114	122	120	123	110	110	108	116	89	120	106	112	117	110	111	111	110	100	95	105	60	14
22	17	13	75	129	108	112	120	124	119	109	114	106	109	98	116	116	108	115	121	112	110	102	105	100	78	24	13
20	18	15	18	84	125	119	117	119	117	91	108	102	97	98	110	110	98	112	122	112	105	107	102	106	56	12	14
16	21	16	13	29	109	119	110	113	116	106	103	109	102	98	109	97	103	116	110	107	105	107	112	77	17	13	13
12	18	18	14	12	27	101	121	100	104	113	93	101	105	85	109	103	114	103	94	94	91	109	78	20	11	12	16
10	13	15	15	14	12	26	73	89	94	101	94	94	95	85	96	95	95	80	74	89	105	89	25	10	12	13	15
8	11	13	16	14	14	12	15	38	60	90	90	82	47	49	86	87	78	74	95	78	55	20	9	11	12	16	11
9	10	11	11	12	14	16	26	30	38	51	64	65	44	21	39	36	25	17	13	14	14	13	13	13	12	10	9
10	11	13	13	14	15	58	68	88	122	116	130	131	101	68	139	146	121	86	70	32	24	17	15	13	13	11	10
10	12	12	14	15	51	128	105	123	135	129	125	131	105	92	148	130	142	142	137	104	94	45	14	15	14	12	12
12	14	15	19	39	78	130	120	132	126	110	126	125	89	80	127	137	135	129	136	139	134	111	29	16	16	13	13
14	15	15	27	75	134	132	128	122	124	118	127	116	110	106	128	134	132	136	135	134	139	128	66	14	17	15	15
14	15	16	39	107	132	132	122	126	134	122	123	132	122	129	143	135	138	143	144	136	141	136	104	35	18	16	15
16	16	16	81	137	130	125	121	139	138	136	128	132	142	141	147	146	157	143	146	133	133	135	112	78	19	18	17
17	19	16	79	122	121	119	128	146	146	140	156	155	125	144	155	170	208	177	160	138	131	133	124	94	27	19	18
16	21	18	84	117	121	127	143	157	170	197	232	229	193	213	236	259	240	231	183	159	136	131	129	108	31	20	18
18	20	28	87	122	125	131	154	168	195	217	230	218	190	214	239	245	213	214	188	160	136	131	129	123	64	18	19
20	18	76	108	102	125	130	157	170	182	194	202	208	191	203	226	233	227	211	172	148	133	133	123	111	82	24	20
21	17	74	127	111	118	121	148	162	169	204	240	265	254	252	259	213	201	168	147	139	134	139	127	115	102	32	20
22	19	80	129	127	122	122	136	149	152	157	203	259	258	231	198	160	143	144	148	139	136	129	122	119	113	30	19
21	39	111	120	121	119	126	136	143	142	117	99	131	171	161	134	107	127	140	149	146	134	124	127	123	106	54	18
17	51	124	119	117	127	130	137	154	144	106	71	91	131	124	94	93	114	133	147	144	130	121	124	125	127	83	16
19	35	88	117	122	115	121	133	152	152	110	62	76	114	121	90	88	110	144	148	141	127	124	118	118	107	83	17
20	25	77	118	124	123	111	122	144	149	102	68	80	115	113	98	79	102	147	154	140	124	124	117	111	102	86	18
17	37	118	110	109	115	120	129	142	128	81	74	98	122	108	110	89	81	135	151	133	117	119	104	98	105	70	14
16	42	131	124	118	124	119	125	129	116	87	96	113	123	112	113	113	98	117	137	131	120	115	108	97	113	73	19
16	30	128	135	127	119	116	120	123	117	117	120	112	119	107	115	115	110	110	128	124	111	97	98	113	113	76	19
17	15	82	126	122	115	120	120	130	128	130	119	109	115	111	124	114	117	121	125	117	110	107	89	99	92	58	14
20	13	31	112	118	115	120	123	125	125	127	120	119	118	106	128	122	114	120	116	105	110	112	114	113	90	31	12
21	15	13	52	117	121	119	121	111	117	126	117	114	120	109	123	119	116	122	114	108	101	113	115	115	72	17	12
18	17	14	14	67	126	127	112	115	123	116	111	109	116	109	120	109	107	117	113	106	90	98	111	73	32	12	15
14	20	15	13	16	71	116	123	124	119	117	94	109	107	101	113	99	109	116	108	104	103	108	88	38	11	13	17
11	16	18	14	12	15	56	105	97	111	120	96	99	112	85	117	107	119	119	91	103	103	61	32	14	12	15	13
11	11	14	17	14	12	11	31	50	96	108	107	82	65	50	86	92	110	95	58	71	52	26	11	12	16	13	10
9	9	10	13	15	14	13	11	11	22	39	48	40	20	15	32	48	59	42	25	22	14	11	11	13	13	10	8
8	8	9	9	9	10	10	10	11	15	16	16	14	14	13	12	13	13	12	13	13	12	11	11	11	9	8	6
8	9	9	9	10	11	9	18	39	51	71	72	54	27	20	47	51	37	42	24	13	12	12	12	11	10	8	7
8	8	10	11	11	10	19	30	75	74	74	75	78	57	58	117	98	75	80	49	28	15	12	12	11	10	8	8
8	9	11	12	10	21	41	47	101	106	84	84	104	83	93	136	123	102	105	100	65	40	15	12	13	12	10	9
10	10	11	11	12	51	78	85	109	106	122	124	135	124	109	138	131	115	108	125	90	65	29	15	14	12	11	10
11	10	13	13	31	67	91	110	115	116	125	125	135	112	109	140	131	134	132	120	94	86	45	21	14	14	12	10
12	12	13	18	62	79	104	115	124	129	129	124	125	99	112	130	136	135	137	138	122	112	67	28	16	16	15	12
13	14	13	35	82	103	119	125	128	135	142	139	129	118	135	146	149	164	150	147	143	128	100	60	23	16	15	13
13	15	15	39	75	100	114	122	138	151	157	149	138	135	134	147	170	206	202	163	142	135	120	75	29	16	17	15
14	16	14	47	110	112	122	132	146	165	153	158	147	132	133	150	165	210	215	178	149	138	125	98	41	20	17	16
14	17	24	55	71	100	113	131	147	167	152	163	163	147	141	156	161	199	205	171	145	133	123	110	61	24	15	17
16	16	30	87	81	102	118	131	148	163	167	164	154	157	151	156	151	163	157	146	140	123	102	81	54	23	18	16
17	15	38	90	103	92	105	133	141	147	156	163	162	156	142	143	142	144	143	143	141	123	113	97	57	30	18	17
18	18	49	93	121	125	121	134	139	139	137	150	148	139	134	144	145	142	141	147	146	131	132	113	85	42	15	17
18	19	56	90	108	117	126	130	135	141	130	134	139	132	128	144	147	142	144	150	138	125	130	119	106	60	19	16
18	17	46	81	92	102	114	125	140	142	136	131	138	132	117	137	147	149	146	142	129	119	121	116	88	44	23	15
18	18	44	91	108	112	97	102	142	144	143	140	138	135	121	131	135	147	141	139	128	122	119	103	78	44	22	16
17	20	44	83	99	112	120	118	141	147	149	145	135	131	116	128	127	137	137	137	130	108	97	85	69	41	25	15
17	18	48	63	61	97	108	120	125	137	142	139	132	128	103	109	127	139	143	140	123	90	103	98	79	47	19	14
17	15	32	71	94	84	96	91	100	121	134	133	127	131	104	118	124	125	124	118	117	118	108	90	88	47	13	14
18	16	16	37	87	106	90	79	93	100	111	132	128	125	105	128	122	119	116	117	109	97	73	49	53	24	11	14
16	16	13	25	63	89	71	107	118	119	106	120	128	126	107	129	124	116	107	73	73	71	74	70	51	15	12	15
14	17	15	15	27	39	60	102	119	112	123	118	120	127	111	132	121	92	86	74	62	79	86	69	42	11	13	15
12	16	18	15	15	27	53	65	93	102	119	110	107	129	95	131	124	107	108	109	94	82	55	40	17	12	14	16
10	12	14	18	15	12	28	51	68	76	90	98	101	97	71	115	103	98	98	81	65	50	32	12	10	12	17	14
9	10	11	14	18	15	11	15	29	43	53	51	69	63	33	76	70	74	63	39	26	20	10	10	12	15	15	10
8	7	8	10	13	17	16	10	10	15	23	29	30	19	12	25	36	29	27	19	9	8	10	13	16	15	9	8
7	7	8	8	10	11	15	18	13	10	9	10	11	11	11	9	8	8	8	9	9	12	13	13	11	8	8	7
7	6	7	7	8	8	8	9	8	9	8	9	10	10	10	10	10	9	9	9	8	8	7	7	7	7	6	7
7	7	7	8	9	9	9	8	7	7	7	7	8	10	10	8	7	8	8	8	9	9	8	8	8	8	7	6
8	6	8	9	9	9	9	9	8	9	8	8	8	8	11	10	9	8	7	7	9	9	9	9	9	8	7	7
8	8	9	9	10	9	7	12	16	17	19	18	20	17	21	31	24	14	13	12	7	7	9	10	10	9	7	8
9	8	9	10	11	8	9	15	21	25	40	38	52	34	32	57	52	33	21	17	11	8	11	10	10	10	8	8
8	8	10	11	10	8	13	21	27	47	60	60	62	52	59	98	79	56	48	33	13	10	9	12	11	10	9	8
8	9	11	12	10	12	18	39	46	66	81	59	73	68	82	110	103	91	73	56	34	14	10	12	11	11	9	9
8	9	12	11	12	17	33	53	58	82	98	90	81	103	98	105	96	97	97	63	50	33	15	11	13	13	10	9
10	10	14	12	14	22	32	55	79	68	76	92	108	118	105	115	100	96	101	76	44	42	23	12	12	13	12	10
10	11	14	14	17	23	48	82	95	72	114	129	126	108	102	127	113	101	103	101	78	53	40	18	13	13	12	11
10	11	13	12	19	28	43	81	91	91	129	132	117	120	107	144	143	126	95	103	99	58	33	22	13	13	13	12
10	12	13	14	19	51	78	73	92	107	132	128	127	122	97	131	138	138	104	103	96	66	25	17	14	14	13	12
11	14	12	15	22	36	79	101	113	103	133	120	126	121	96	135	131	136	104	92	103	78	48	36	17	14	15	13
12	13	12	18	39	52	82	101	106	107	118	128	128	120	103	139	129	129	121	91	97	79	56	33	15	13	14	12
12	13	10	17	28	49	88	84	82	99	104	128	124	117	109	132	130	123	90	82	88	86	57	33	17	12	13	13
12	13	11	12	22	34	63	65	67	103	121	120	91	111	97	130	131	125	108	78	74	51	39	33	16	14	14	12
12	14	13	14	32	40	46	94	85	69	76	75	109	127	102	127	124	123	98	83	80	73	40	22	14	15	14	12
12	13	12	15	28	47	46	89	90	95	93	126	133	116	85	120	129	126	112	81	81	81	37	29	18	12	12	12
11	13	10	12	20	44	50	72	90	87	100	128	134	107	76	117	134	134	131	97	79	55	39	38	17	12	13	11
11	11	11	9	15	29	49	53	65	73	75	92	113	112	89	112	106	90	98	99	71	48	48	25	13	11	11	10
11	12	12	10	11	16	29	47	59	68	89	82	92	101	81	95	83	67	56	68	60	50	37	15	12	13	12	11
10	11	12	12	7	12	15	21	31	41	66	85	107	97	51	78	90	74	81	68	49	32	15	10	10	12	12	10
9	10	11	13	11	10	12	18	41	47	47	63	83	67	38	79	86	33	30	23	15	12	12	8	11	13	11	8
8	8	10	13	14	11	8	12	20	27	32	45	57	50	28	52	59	46	37	23	14	12	10	9	13	13	10	8
9	7	8	12	16	15	10	8	8	10	15	20	31	26	13	20	29	30	17	14	12	9	8	11	12	10	9	8
8	7	8	9	10	15	15	12	10	9	9	8	8	8	11	13	11	7	7	9	10	9	11	13	11	9	7	7
7	7	8	8	8	11	15	16	13	10	9	10	9	11	12	9	8	9	9	10	11	12	11	9	8	7	7	6
6	7	7	7	7	7	8	13	14	12	11	12	12	11	11	11	11	11	11	11	11	10	8	6	6	6	6	5
5	6	6	7	7	8	8	8	8	9	9	9	11	10	9	9	9	9	8	7	7	7	7	7	7	6	6	6
7	7	7	8	8	8	8	8	8	8	8	10	14	12	9	9	9	10	9	8	7	8	8	8	7	7	7	7
8	7	7	7	9	9	9	8	9	9	9	11	16	14	12	10	10	10	9	9	8	9	8	8	8	8	7	7
8	8	8	8	9	8	9	10	10	9	10	12	16	14	13	11	10	10	10	10	10	9	8	8	8	8	8	8
8	9	9	8	10	9	9	10	9	9	9	13	10	12	12	9	9	10	11	11	10	10	9	8	9	9	8	7
7	8	9	8	10	10	10	10	9	8	9	11	10	12	16	13	12	12	9	10	12	11	10	8	8	9	8	8
8	9	10	10	12	12	11	10	10	10	11	14	17	17	16	14	15	13	11	9	10	12	11	9	8	9	8	8
8	9	10	10	12	11	12	9	9	10	11	14	16	16	14	18	12	12	12	10	10	10	11	10	9	9	8	8
9	10	10	11	12	11	11	9	10	12	13	21	29	26	19	27	16	12	11	10	11	9	11	11	10	9	9	8
10	9	10	11	13	11	10	11	13	14	25	35	34	29	23	34	23	13	11	11	10	9	10	11	10	8	9	8
9	9	10	13	13	12	13	14	14	20	37	36	29	37	35	49	48	32	15	11	10	11	12	13	11	9	8	8
9	9	11	12	11	11	12	15	21	23	37	35	39	46	35	45	49	41	21	14	11	12	14	12	11	9	9	8
10	10	11	11	11	13	13	15	26	25	37	31	42	40	28	40	39	38	25	14	12	12	12	11	11	10	9	9
11	10	10	10	9	10	12	13	20	20	31	37	42	34	36	46	38	36	27	14	13	10	8	11	12	10	9	10
10	10	10	10	10	12	10	13	18	20	24	37	35	32	30	44	41	31	19	14	14	12	11	11	11	9	9	9
9	10	10	11	10	12	11	11	14	21	30	32	25	30	29	45	41	35	32	18	12	14	13	11	11	10	10	9
9	10	10	10	10	9	12	12	13	18	24	21	36	39	24	46	53	41	29	15	11	13	11	11	11	9	9	8
9	10	10	9	9	7	10	12	14	23	31	39	41	33	18	33	56	52	32	21	11	11	10	10	9	8	9	8
10	10	10	9	9	8	9	11	13	18	28	36	37	28	20	37	44	51	36	20	11	11	8	7	9	8	8	8
9	10	10	10	10	9	7	10	11	14	15	22	28	24	14	25	33	34	25	13	10	9	6	8	9	8	8	8
8	9	9	9	9	11	9	10	10	11	11	13	16	17	12	15	17	16	14	9	10	8	6	10	9	9	8	7
8	7	9	9	9	11	10	11	10	9	11	11	14	12	12	10	12	13	8	7	8	8	9	9	8	7	6	6
7	7	9	8	8	11	11	9	7	8	8	9	9	7	9	7	8	10	11	10	9	8	9	8	6	6	5	5
8	7	7	7	8	8	10	9	8	9	11	9	6	6	8	5	6	7	10	10	8	7	8	7	6	5	5	5
7	7	6	6	7	7	8	8	9	9	8	9	9	9	10	8	7	7	8	8	8	7	6	6	5	5	5	5
6	6	6	6	6	7	7	8	8	8	8	8	9	9	9	8	7	8	8	8	8	7	6	5	5	5	5	5
6	6	6	6	6	6	6	6	6	6	7	7	7	7	8	8	8	8	7	7	6	6	6	5	5	4	4	5
6	5	5	5	6	6	5	5	5	5	6	7	6	6	7	6	6	7	6	6	5	5	6	5	4	5	4	4
