95	130	154	177	218	172	18	28	182	98	15	133	168	78	182	296	339	362	294	97	39	62	102	176	305	316	318	342
100	136	162	189	207	240	147	178	284	259	218	261	127	81	201	316	341	362	245	73	71	76	71	93	222	329	317	323
110	140	165	187	199	260	317	314	310	332	332	220	73	107	262	337	345	357	203	76	79	87	63	69	142	258	268	270
127	142	162	186	200	274	312	302	324	323	290	120	78	195	314	334	338	347	188	85	81	82	70	71	88	203	240	239
150	156	157	183	257	268	262	250	297	278	168	79	179	286	330	331	331	337	182	89	87	86	74	77	54	169	250	248
145	165	165	199	248	273	220	213	261	190	106	134	255	321	332	328	324	331	177	89	93	87	85	88	58	133	233	227
155	157	169	199	223	289	249	207	191	117	159	206	293	316	319	320	312	318	154	82	101	92	97	94	78	93	215	225
173	177	176	166	199	235	238	184	123	154	214	220	261	279	283	289	293	284	97	74	103	98	95	94	91	68	196	222
203	173	171	176	167	178	191	152	85	139	238	252	256	262	251	269	273	223	71	59	93	94	89	88	87	63	187	241
177	181	171	171	208	157	144	150	75	80	150	198	246	278	260	215	195	166	76	62	96	97	94	96	90	55	159	243
189	190	183	183	240	244	217	171	67	35	53	86	153	224	230	138	140	107	98	78	105	103	87	93	88	54	123	239
166	190	182	190	233	271	265	210	66	25	44	55	83	133	189	164	138	88	143	89	99	111	76	94	91	69	112	206
108	152	174	180	234	288	269	250	90	38	42	73	66	89	129	188	157	97	163	112	97	117	92	90	93	83	112	196
104	135	158	163	233	315	292	247	100	53	40	76	60	89	74	100	145	134	158	140	100	117	103	92	92	92	122	201
110	143	137	156	210	303	320	275	132	67	46	69	71	72	76	65	127	194	161	190	108	103	121	98	96	97	142	173
89	111	99	154	245	294	333	323	189	86	66	77	84	69	75	60	109	228	176	201	143	73	121	114	104	99	173	184
56	85	85	141	273	308	348	349	267	103	96	86	81	71	73	66	63	168	219	163	174	50	100	115	100	110	185	200
62	87	77	127	265	288	323	357	340	193	110	101	85	72	68	77	60	92	205	157	177	69	64	109	103	138	194	208
93	111	79	109	261	271	308	352	346	316	182	114	90	77	60	75	71	63	127	133	176	95	36	99	121	173	190	204
112	120	104	122	261	196	216	332	327	321	279	170	89	83	59	66	67	66	75	109	203	110	32	108	137	185	184	207
84	85	82	121	193	194	238	296	296	282	251	232	153	87	66	69	68	56	71	123	218	130	37	117	168	195	209	226
59	64	60	73	116	152	141	158	172	218	212	212	214	165	78	75	74	51	60	121	227	139	42	127	204	220	216	215
54	70	80	70	62	71	90	184	138	138	100	100	151	221	167	115	98	73	53	105	211	136	72	150	217	214	202	213
60	60	64	73	62	59	58	125	107	33	73	79	90	109	109	117	141	119	71	92	154	131	88	180	197	195	206	214
62	48	62	86	93	53	60	95	86	29	65	86	76	66	83	55	150	173	123	100	107	119	93	197	191	197	202	206
145	154	125	102	130	97	62	94	107	90	86	108	152	106	66	128	167	195	173	121	75	83	134	170	168	213	206	201
179	267	249	185	142	97	78	93	102	114	109	147	162	165	111	172	168	177	164	121	70	112	170	112	148	218	207	215
141	273	245	216	188	164	126	110	104	118	94	83	87	117	143	196	196	163	124	96	101	159	205	177	190	199	206	218
188	197	177	222	326	247	104	82	147	122	45	115	147	314	367	348	351	357	310	132	75	61	57	43	154	266	229	308
200	193	173	192	337	248	115	110	157	152	126	126	131	331	358	346	345	349	302	157	87	64	72	56	69	247	256	286
204	181	187	198	282	252	213	179	167	169	193	132	162	353	341	343	348	346	298	167	93	73	77	68	42	195	262	250
194	177	174	215	256	236	293	270	230	235	213	95	253	362	345	352	352	342	294	131	75	76	78	77	47	149	247	241
188	174	158	166	225	219	282	327	318	318	187	169	335	352	353	351	348	334	238	68	59	73	78	81	59	100	234	216
180	172	148	146	199	236	245	277	316	262	193	290	352	360	362	353	345	306	111	20	51	67	74	77	67	73	200	205
161	152	143	188	191	209	239	193	192	202	295	342	349	356	353	350	331	266	39	13	41	71	76	80	70	60	165	211
127	128	150	208	164	212	193	130	160	172	192	301	353	354	312	256	263	285	67	24	47	76	91	87	65	48	135	221
121	108	139	215	129	136	242	97	105	142	92	138	302	355	211	121	144	210	98	40	50	95	98	86	85	56	96	217
120	116	137	275	240	73	253	103	33	92	88	59	163	319	189	65	81	120	102	48	63	111	108	74	85	77	95	181
120	126	109	243	283	110	186	131	30	61	76	59	74	209	284	153	77	92	94	57	79	127	91	73	88	77	117	197
90	122	95	201	309	214	157	184	52	47	75	61	63	119	269	300	183	92	90	65	88	148	84	75	85	78	111	195
67	100	96	150	269	275	214	225	89	54	69	73	55	97	200	332	343	185	84	66	92	161	115	96	79	79	135	186
38	66	74	132	262	310	312	269	125	83	70	70	41	72	144	292	367	318	144	83	97	147	155	113	84	80	152	188
17	46	62	103	227	315	303	278	163	110	92	75	56	60	106	234	280	300	264	155	116	111	171	119	82	99	176	197
12	41	73	100	187	263	290	280	236	127	99	91	67	55	85	125	204	282	260	179	131	75	182	129	75	158	176	203
18	60	81	116	197	255	301	308	296	202	90	74	63	61	69	69	199	323	244	193	128	52	203	128	122	174	171	203
53	103	104	115	187	235	300	334	321	282	115	79	73	63	64	80	163	289	314	310	181	60	212	153	199	176	183	201
93	112	116	119	176	215	212	334	353	359	204	98	83	76	74	87	116	189	215	268	264	93	160	191	205	187	197	198
65	62	69	88	175	252	225	336	326	364	346	195	103	83	87	108	118	119	151	207	306	185	75	186	226	204	189	231
58	47	48	60	142	242	255	283	270	300	337	330	231	165	131	131	147	149	157	279	311	236	43	115	210	202	209	252
66	56	60	57	66	133	217	160	119	158	269	276	261	231	174	143	146	157	146	246	310	251	56	55	180	206	203	237
57	70	69	57	54	62	106	147	103	104	170	200	193	206	218	215	198	189	166	210	280	195	42	59	171	209	193	237
39	50	57	58	59	67	49	113	42	54	161	163	120	123	143	187	225	236	189	165	208	98	39	119	172	193	203	239
79	54	69	75	64	62	63	83	69	94	133	171	100	82	63	63	169	218	207	160	130	69	80	196	150	178	209	217
188	209	226	164	92	61	69	95	111	159	141	159	151	91	46	43	134	204	208	123	75	94	155	179	127	180	204	217
103	186	255	243	183	158	118	84	63	123	154	141	171	208	131	50	136	180	187	119	97	156	189	174	180	195	197	218
80	121	170	173	191	217	193	171	144	89	83	104	135	218	214	217	260	177	190	168	155	202	224	228	184	192	214	224
189	184	141	168	233	101	13	10	9	10	13	21	16	103	312	360	352	353	334	269	192	155	137	70	54	158	265	222
161	158	133	142	227	125	12	15	8	7	9	11	16	175	336	362	356	353	337	226	136	142	104	67	54	98	249	286
145	134	117	134	201	130	31	14	7	6	13	10	65	252	344	359	356	348	235	106	71	59	64	69	58	68	180	272
131	119	89	126	164	167	144	45	15	10	14	53	184	337	347	349	362	284	96	42	28	40	65	71	63	58	128	217
97	107	117	168	167	194	235	160	83	51	88	247	350	378	337	345	367	229	32	14	23	47	73	76	68	68	103	194
51	99	174	272	248	207	281	273	154	197	334	382	370	362	318	335	359	204	26	22	28	60	82	74	73	67	93	183
31	102	169	303	268	261	294	329	181	208	344	379	373	311	190	182	246	189	62	54	44	77	81	77	68	59	92	171
16	84	192	237	157	234	222	270	232	125	183	295	364	260	91	76	91	119	86	83	49	68	78	81	73	57	86	177
19	72	206	218	82	196	176	144	176	122	108	151	252	290	125	62	68	76	88	88	64	63	77	80	71	59	84	161
29	82	209	268	83	73	202	103	126	98	133	98	118	210	243	146	64	68	86	84	88	88	86	91	73	66	90	170
14	76	170	265	185	81	226	161	116	79	112	146	99	109	178	247	155	61	76	83	97	109	106	96	68	65	106	169
13	32	99	202	241	95	163	227	164	100	68	117	121	116	116	178	236	151	68	79	101	114	100	89	64	66	118	194
12	21	60	129	272	155	109	240	226	147	60	82	86	112	103	122	196	231	147	86	111	92	93	90	71	62	125	170
11	15	52	87	183	212	89	190	230	146	72	80	71	81	91	72	121	215	250	213	161	65	93	92	79	70	142	168
10	9	50	98	95	188	133	167	190	121	75	109	103	99	79	70	83	162	267	312	208	79	113	100	82	122	190	183
6	23	108	105	81	143	198	174	223	174	89	123	161	152	136	102	109	166	258	292	148	94	139	124	124	187	177	189
15	90	153	119	78	118	191	193	269	230	127	150	216	225	198	150	151	199	263	277	151	94	162	165	183	194	171	184
94	138	144	147	115	120	208	194	232	282	203	164	176	222	257	260	232	240	281	250	205	111	157	197	187	198	194	192
85	93	122	150	164	142	156	174	210	316	310	225	197	218	296	343	327	323	328	305	254	144	121	190	203	205	195	201
47	49	57	83	144	175	173	250	292	308	336	293	237	227	228	254	278	306	317	278	244	232	61	149	206	200	185	206
53	45	47	46	58	143	205	226	281	324	359	339	301	260	227	213	230	213	218	195	193	235	69	40	139	205	208	216
32	56	55	57	46	98	202	161	137	201	272	344	351	327	279	251	245	216	200	216	200	281	105	35	99	207	212	228
42	49	55	45	53	41	138	193	145	141	132	252	336	314	241	223	189	198	196	226	130	199	73	36	117	176	175	230
74	62	57	55	58	41	84	185	51	72	155	173	250	228	181	171	193	216	187	146	70	161	80	52	156	153	190	246
133	123	119	89	62	73	148	121	19	36	120	205	192	146	136	129	202	248	220	161	96	145	151	147	158	154	190	232
118	131	162	167	144	68	75	94	57	130	146	209	143	90	59	45	93	197	227	198	159	142	139	138	163	157	189	212
132	194	172	129	163	178	119	53	82	125	137	152	230	256	93	21	51	140	203	208	190	187	170	187	207	192	203	227
199	248	232	169	117	156	247	190	85	171	121	125	173	276	270	109	107	172	195	211	217	213	226	225	225	217	216	211
347	358	342	183	63	25	10	13	18	18	14	11	6	37	214	326	332	341	231	104	70	68	111	188	97	63	94	161
351	358	328	212	84	28	12	10	18	16	14	11	6	89	279	353	338	243	99	71	61	40	53	129	77	53	96	181
341	347	322	199	111	58	9	13	12	16	13	10	21	162	311	360	345	154	50	52	25	22	18	66	68	55	87	169
339	350	310	140	119	120	17	8	13	14	4	7	85	204	325	361	303	91	33	25	19	51	23	56	69	59	82	182
330	324	222	101	133	162	77	17	13	21	40	106	225	303	324	288	221	62	37	45	39	78	36	69	70	65	78	157
302	211	84	90	140	159	180	102	121	150	214	281	341	277	207	123	100	60	60	72	96	101	51	81	77	68	75	133
215	90	24	112	216	243	308	223	302	324	343	357	352	174	107	52	49	59	70	85	97	100	52	82	79	67	68	116
46	18	33	125	206	229	278	233	197	279	259	259	273	209	86	55	66	61	70	67	103	109	62	80	76	65	63	104
10	19	94	97	169	271	240	180	166	170	240	181	138	171	159	152	81	55	60	65	119	117	73	79	73	65	65	88
15	18	98	132	109	133	257	214	148	149	174	228	177	113	129	233	159	78	57	62	108	112	75	83	72	65	61	86
26	14	13	86	123	184	266	299	146	126	138	212	225	109	73	112	213	167	63	72	98	103	81	86	69	62	56	106
25	16	11	49	104	115	252	230	194	119	115	177	209	104	128	80	118	201	129	96	97	99	97	96	81	57	54	128
23	31	42	62	143	66	178	243	188	158	179	163	116	156	163	114	78	99	185	216	119	91	125	111	82	57	66	137
22	41	78	123	171	115	100	225	208	170	234	145	131	165	174	146	106	71	96	231	169	133	140	125	74	64	95	145
20	59	118	166	140	127	92	144	236	222	222	187	212	145	134	169	123	96	82	127	175	221	170	163	84	97	136	165
15	62	142	147	129	123	114	83	151	268	208	241	243	162	112	103	116	97	102	90	173	270	171	148	107	148	160	152
20	79	138	136	151	137	96	79	117	270	214	213	248	194	108	77	89	87	83	78	158	253	156	128	153	163	157	145
83	104	137	167	188	127	71	92	161	230	197	166	255	292	151	76	72	76	84	78	146	219	157	138	166	157	159	166
74	71	101	152	160	123	82	90	177	187	156	180	185	296	302	136	71	70	92	102	140	190	132	123	153	171	207	192
47	55	47	85	142	138	122	97	164	217	151	184	210	203	252	225	151	88	72	126	186	206	115	66	165	212	206	197
64	55	57	38	92	154	176	180	205	261	203	153	225	255	212	195	241	185	111	84	212	244	102	48	98	144	166	189
81	77	56	55	42	100	162	217	218	215	265	279	234	229	281	250	201	209	228	150	161	253	78	130	76	95	149	157
71	100	74	74	63	59	74	115	154	170	199	226	280	263	221	223	195	167	192	194	178	244	66	163	103	110	129	189
104	124	131	98	80	85	83	84	107	121	175	149	224	342	359	320	281	225	187	196	170	209	117	73	87	124	192	248
162	132	99	86	58	94	167	158	41	9	98	143	153	262	315	278	239	217	183	168	157	153	159	144	124	162	205	165
252	230	162	101	67	52	76	107	62	51	132	186	161	133	177	183	158	135	190	188	173	172	158	162	168	181	174	176
192	211	210	183	136	95	82	78	91	124	149	135	148	263	137	49	72	46	112	181	181	173	164	162	161	181	182	169
181	205	199	194	152	107	115	129	126	112	118	125	157	262	223	73	85	54	126	166	191	186	173	156	148	166	134	108
331	297	189	33	5	6	12	14	15	19	13	11	5	19	176	346	271	135	89	83	80	72	59	77	201	160	41	38
316	293	272	95	12	10	10	16	13	14	13	10	6	101	302	303	188	78	70	44	58	58	10	89	190	122	57	43
343	312	286	124	53	13	11	10	9	10	12	4	63	245	338	290	132	51	46	52	19	41	11	43	141	93	79	95
293	296	287	166	148	74	6	6	8	5	16	66	235	325	293	166	71	56	61	77	35	108	21	28	122	87	75	115
271	265	278	208	223	198	102	41	28	106	216	241	223	191	120	59	65	66	67	62	64	96	27	40	114	93	70	76
195	258	286	191	177	235	181	126	125	172	280	249	247	118	39	58	77	78	61	63	72	82	56	61	129	91	76	57
120	205	159	154	192	228	145	166	276	201	235	281	225	214	91	69	83	104	76	66	83	74	69	62	120	93	72	58
48	45	76	199	301	325	308	220	248	323	356	380	247	237	233	185	103	56	67	67	89	86	64	53	93	95	77	58
6	63	127	152	239	320	348	250	169	190	234	299	268	206	250	255	209	100	41	68	89	85	104	50	91	90	75	59
14	97	190	162	142	167	296	280	173	153	133	185	211	163	295	288	245	211	72	103	90	81	133	64	88	89	67	60
14	88	149	143	128	227	301	284	182	136	123	117	148	177	268	257	271	265	166	142	86	87	173	83	81	82	58	59
12	92	125	122	126	187	270	304	272	150	120	96	122	170	213	233	235	262	257	200	105	102	202	79	91	84	58	64
13	93	119	130	125	111	161	240	258	183	119	108	94	125	175	213	211	178	220	250	214	139	203	148	119	98	62	88
13	89	126	140	113	97	82	219	256	215	145	113	94	84	136	188	194	145	117	223	282	274	242	213	183	98	91	102
9	77	144	174	142	100	88	83	232	213	206	115	93	76	91	145	192	150	99	98	209	224	200	138	86	76	84	76
9	49	139	133	147	120	102	76	114	238	204	214	101	80	82	108	164	165	115	75	95	139	116	95	70	56	40	40
72	62	88	130	111	120	115	105	86	111	158	208	206	89	84	92	119	171	138	95	59	63	140	157	141	107	85	47
88	117	105	97	153	164	152	125	126	112	130	164	244	175	92	99	107	122	176	105	83	62	108	179	188	173	142	82
54	52	110	108	153	197	179	125	109	107	157	212	237	257	150	89	100	99	134	150	95	77	123	129	126	148	165	109
49	62	61	121	166	190	169	115	91	101	198	272	262	215	177	179	80	88	94	163	125	110	124	101	52	122	128	110
49	54	74	60	95	150	183	101	111	93	141	211	219	239	261	322	176	84	75	113	172	148	151	67	87	127	126	128
62	49	67	71	70	54	63	87	169	176	113	136	189	203	209	227	274	213	100	70	140	135	65	97	199	195	151	122
90	90	69	50	63	104	99	69	127	156	151	112	135	208	265	154	138	195	241	219	146	82	141	252	220	140	99	97
111	99	104	86	59	81	90	54	18	45	122	139	36	83	258	320	249	180	281	402	391	282	176	171	110	99	113	173
143	127	106	112	67	45	61	82	74	40	30	109	80	69	197	296	340	283	256	297	312	206	117	72	87	115	137	152
146	172	137	97	75	77	118	118	104	53	30	104	157	83	88	165	192	109	197	206	142	128	85	79	102	95	93	109
101	206	197	142	107	119	150	138	133	127	107	145	171	163	117	99	165	50	32	116	116	94	52	81	74	61	80	112
103	177	253	210	124	125	111	80	96	110	137	188	167	246	258	108	65	83	48	29	36	37	40	63	77	98	107	97
246	237	56	11	12	12	11	14	20	18	16	17	1	57	229	250	134	57	73	42	29	167	147	66	121	248	195	125
187	249	132	22	12	12	14	22	13	14	11	6	61	241	271	153	77	52	49	74	41	121	33	26	125	218	241	124
209	212	182	84	11	12	10	11	9	6	14	73	242	304	152	54	66	67	63	62	38	58	48	9	70	214	209	129
244	245	220	180	82	40	34	30	31	55	134	227	267	225	89	75	85	87	72	58	53	67	73	11	75	162	184	157
276	270	235	153	269	264	238	196	118	256	278	266	341	133	75	77	72	75	71	73	68	88	54	17	50	112	172	143
176	259	277	205	217	338	336	269	155	289	186	137	317	151	83	114	132	136	70	76	101	116	50	28	41	106	175	152
113	237	249	277	199	213	213	234	244	330	263	289	345	215	125	154	137	88	61	78	117	96	65	42	48	111	176	159
38	119	215	242	250	309	277	227	220	265	358	305	328	259	150	145	150	111	38	114	128	81	90	72	49	99	156	152
85	141	197	283	321	327	304	201	194	181	219	287	293	274	156	144	137	222	101	134	100	100	144	93	47	78	118	135
105	197	257	310	311	318	329	209	156	148	136	193	299	267	160	146	106	209	239	179	86	134	172	108	74	71	101	98
77	192	249	305	314	329	322	276	211	160	114	106	177	259	186	140	117	130	289	230	167	168	243	165	75	65	110	68
59	165	229	240	240	307	326	314	232	211	123	97	91	162	203	124	123	97	225	260	204	214	283	187	62	57	95	34
54	152	212	250	243	233	232	263	266	216	187	116	81	102	156	120	107	93	159	179	170	133	126	114	65	37	40	25
76	146	211	214	237	202	180	200	268	249	211	177	105	80	101	100	88	92	105	156	158	152	76	42	56	46	36	35
86	135	183	139	122	148	172	150	149	154	169	190	159	95	81	77	72	87	104	166	175	192	213	156	146	140	102	81
56	111	176	84	69	113	134	108	77	116	149	167	199	117	86	80	62	87	102	158	170	216	201	102	58	34	28	33
47	69	151	144	89	96	111	102	89	88	140	160	204	171	91	89	72	77	90	107	128	92	46	38	31	30	39	35
62	52	72	154	169	105	93	105	116	82	92	157	225	217	104	77	69	59	85	69	54	29	45	40	47	63	52	93
70	49	51	67	127	152	101	81	94	109	84	122	165	154	142	67	67	61	77	61	63	45	43	46	84	68	128	226
107	23	42	36	48	84	107	68	106	81	89	122	120	115	205	71	51	42	42	50	80	83	69	55	53	90	220	238
174	29	26	47	40	44	76	73	112	123	74	85	81	100	145	113	48	44	60	69	71	81	87	94	95	169	201	201
223	90	21	27	34	41	39	71	91	143	125	67	39	44	83	134	98	58	85	115	156	165	176	197	203	202	194	149
227	147	58	37	29	27	18	23	44	59	96	79	29	35	50	76	137	79	133	238	233	209	219	212	199	168	120	95
200	190	127	58	52	38	25	29	25	23	45	58	24	15	18	81	131	111	194	325	311	264	236	180	138	79	74	107
159	189	167	120	72	60	35	19	36	95	78	55	54	23	13	29	131	164	236	351	264	162	123	70	28	35	84	100
135	169	176	121	105	85	63	63	68	72	29	18	51	50	21	13	39	113	220	286	159	49	22	24	18	41	78	86
183	146	220	204	152	110	66	91	91	72	42	31	75	66	24	20	14	14	44	93	53	15	27	33	23	45	49	46
232	171	191	218	191	160	92	119	161	130	98	85	69	67	59	35	17	23	16	5	12	15	27	32	26	23	18	13
210	139	69	18	10	12	13	13	11	14	11	68	160	225	219	152	84	64	61	63	40	139	164	38	136	157	266	264
196	153	146	110	54	14	8	9	6	11	67	171	198	179	109	100	113	98	65	68	36	82	64	8	85	133	240	264
204	203	170	162	141	99	92	86	89	135	223	223	204	192	150	159	125	110	90	73	57	60	57	40	19	114	285	273
266	254	265	200	193	247	267	312	308	269	223	237	253	185	178	180	159	133	112	80	67	77	101	64	20	114	259	268
290	294	286	239	302	333	312	260	201	172	215	271	275	197	218	142	113	145	112	110	90	115	104	60	28	84	162	224
277	289	276	273	220	146	180	172	149	163	171	219	257	217	208	191	145	145	106	146	154	134	70	63	39	23	111	208
253	290	289	249	195	184	191	198	222	215	210	262	259	253	193	191	207	134	77	198	206	124	90	71	47	20	134	230
225	236	262	243	226	259	253	268	269	239	250	277	234	214	199	185	206	217	114	215	134	113	145	81	55	19	119	255
152	199	259	241	247	250	255	270	264	239	251	271	223	205	198	181	190	182	148	183	83	149	187	104	62	36	74	193
95	144	234	259	254	250	263	273	269	242	232	250	237	221	203	175	168	148	152	128	93	118	165	125	121	72	70	136
94	123	195	256	229	221	223	259	256	259	242	251	257	224	190	156	126	143	150	130	116	92	140	169	177	139	46	81
116	141	195	228	189	198	209	216	216	236	228	248	261	217	150	137	130	143	137	144	141	122	113	200	152	109	67	105
179	229	236	195	152	169	208	221	199	193	200	210	212	199	143	133	147	176	168	186	166	159	85	118	179	132	64	124
213	220	226	161	136	129	191	231	241	214	208	223	196	178	172	116	127	171	194	213	204	188	116	94	161	144	76	93
170	211	223	144	110	142	174	186	196	208	216	229	200	182	169	133	113	158	187	189	194	169	180	115	55	122	77	52
121	93	127	94	80	102	107	140	173	197	216	210	214	192	183	147	115	153	165	171	169	172	209	194	86	49	72	35
120	44	37	47	96	107	72	77	125	147	159	195	199	181	170	152	131	143	154	167	149	172	161	136	106	66	35	29
143	59	24	18	47	90	92	58	73	84	112	166	192	172	153	140	147	118	156	156	138	113	58	44	59	94	46	19
195	102	58	32	26	28	41	50	46	59	70	92	136	137	141	129	145	131	149	131	92	35	20	33	54	74	49	22
206	116	137	108	72	43	31	30	32	49	65	56	67	90	124	143	142	139	124	79	29	19	31	32	48	74	66	44
169	111	76	90	87	121	89	56	53	45	48	51	48	81	145	150	146	109	48	28	33	46	61	90	94	99	82	40
164	147	54	45	46	67	106	126	117	90	53	44	48	41	61	93	87	62	72	83	65	90	110	132	94	64	45	26
199	172	111	23	47	46	55	101	111	118	102	69	62	48	36	34	43	40	69	101	82	74	80	67	35	21	16	28
212	210	156	44	37	40	41	42	40	72	138	112	57	58	48	45	29	31	50	58	57	44	33	25	9	8	23	53
248	245	243	128	39	45	39	46	45	26	159	128	39	37	39	34	25	25	55	54	43	41	32	18	12	10	32	86
244	286	288	187	100	61	62	76	86	79	74	57	28	49	46	37	28	23	40	60	56	48	46	21	17	34	75	122
291	297	340	256	108	103	150	115	113	95	55	45	33	68	80	54	33	27	23	26	39	38	58	57	36	53	106	127
308	322	354	347	211	136	177	209	161	66	24	13	50	52	54	71	60	22	29	19	12	23	28	25	29	53	83	95
236	121	79	91	104	79	25	15	33	67	151	252	265	257	218	184	165	123	90	67	45	66	125	48	105	134	142	307
185	134	63	65	123	120	68	92	139	172	199	241	237	212	237	213	158	148	107	78	49	59	60	74	31	87	126	239
26	115	120	103	99	124	204	221	223	241	204	234	227	201	215	214	177	153	132	102	77	67	126	159	68	39	131	190
16	33	107	139	191	292	286	212	207	249	192	242	210	213	225	217	206	184	147	124	102	164	223	108	79	55	95	170
13	18	33	141	301	332	217	179	169	179	199	229	230	247	238	229	224	195	168	140	117	221	168	89	70	79	98	178
10	12	7	70	270	219	181	222	187	194	226	227	246	256	242	237	250	220	192	162	140	119	81	67	79	42	57	156
9	9	9	48	180	160	175	196	201	243	245	236	254	259	249	257	268	228	178	179	127	91	104	80	85	52	23	81
7	7	8	56	169	181	188	199	220	254	247	247	248	268	255	244	257	235	172	176	145	108	98	97	82	60	23	100
6	7	13	87	176	210	202	204	222	235	239	248	236	264	259	222	232	185	155	147	127	120	119	90	79	62	31	83
8	12	29	117	188	221	255	256	278	286	287	291	265	262	262	210	173	151	168	162	158	161	133	103	83	72	45	61
9	10	63	138	195	218	243	306	358	370	368	358	314	277	287	227	194	205	247	271	286	257	190	123	80	103	64	59
7	35	120	160	195	226	214	266	340	381	394	379	355	288	308	286	282	326	364	377	386	368	274	169	54	104	123	57
40	121	164	162	191	239	227	228	293	346	385	385	371	313	292	331	350	380	407	418	412	416	380	325	161	68	114	72
182	214	197	155	176	240	282	245	242	280	331	355	342	305	299	321	361	384	409	420	419	403	374	324	256	118	100	75
129	174	211	182	159	209	290	317	265	252	273	294	287	250	260	274	305	347	370	391	383	336	280	292	281	180	105	80
6	34	162	251	206	184	244	310	300	273	256	253	252	240	234	239	250	282	307	316	295	257	256	307	291	210	114	83
25	40	171	264	275	197	204	251	263	254	261	271	274	269	237	221	223	231	239	251	242	244	292	322	290	223	111	82
122	172	233	248	283	247	182	198	220	210	230	293	310	306	279	243	216	211	212	227	254	279	304	304	270	210	112	62
204	239	270	239	236	266	203	168	184	180	201	275	313	321	304	275	236	209	225	254	285	290	289	283	255	199	119	40
218	224	169	96	133	180	219	161	144	139	154	213	266	285	297	296	265	229	204	241	259	239	228	225	209	183	141	70
194	181	105	43	37	52	148	174	105	78	112	162	217	235	256	273	240	203	158	164	181	189	191	193	174	151	124	88
254	157	73	34	28	21	27	91	66	22	49	124	161	175	194	199	160	100	79	118	180	200	212	200	147	115	73	62
298	233	111	24	12	24	17	16	38	30	31	57	108	110	110	94	57	24	37	82	114	110	111	110	78	58	39	24
275	264	195	72	13	12	9	11	17	22	29	34	42	40	48	49	33	29	35	40	35	37	52	50	43	25	17	16
275	258	260	211	72	4	7	13	26	24	27	31	31	9	15	45	70	37	18	29	24	24	24	19	17	24	14	14
232	264	265	286	235	114	48	10	6	16	22	21	10	81	182	208	115	65	21	15	24	22	22	16	13	16	15	14
192	250	265	281	309	282	226	169	157	190	205	160	125	147	210	292	166	32	43	17	27	23	36	23	20	15	13	13
176	257	304	304	330	337	305	284	254	234	251	259	239	198	259	288	162	136	97	38	22	19	29	25	17	14	18	17
137	93	35	104	203	205	204	229	209	194	190	235	287	291	283	259	190	137	124	86	64	60	58	64	48	76	90	187
174	33	8	48	186	222	234	194	173	184	261	307	325	316	310	280	231	176	141	102	65	64	51	131	81	32	60	121
61	64	55	85	201	233	206	160	193	262	316	342	346	340	319	270	257	266	241	213	116	52	99	161	130	70	38	170
8	20	68	153	205	249	124	138	229	304	348	380	389	371	345	276	252	298	335	333	273	148	160	186	90	94	38	133
12	8	26	227	260	201	99	218	279	330	387	400	395	390	359	310	298	317	352	351	332	270	207	92	58	69	61	61
11	11	63	199	250	138	201	276	328	373	409	379	357	383	368	322	307	318	346	353	333	256	169	71	45	61	65	61
6	46	116	196	178	178	271	335	365	398	404	369	343	342	367	322	292	310	344	360	333	256	164	112	57	65	59	52
48	68	62	108	136	229	328	366	384	408	391	351	329	314	344	331	279	298	346	370	336	261	173	137	76	70	61	36
133	40	16	48	141	270	358	369	401	411	370	321	291	295	321	333	280	290	347	378	341	268	186	140	69	64	67	48
158	24	9	45	171	294	372	379	404	399	355	301	261	272	308	330	279	279	356	385	348	286	226	148	68	57	65	53
59	34	19	87	203	317	353	374	403	386	338	286	251	271	308	330	309	304	379	399	366	324	265	234	93	51	67	58
12	22	68	138	236	335	319	345	396	376	332	274	252	301	309	336	370	362	405	417	397	357	298	319	206	59	69	72
25	76	147	164	263	350	302	307	379	381	345	304	274	318	321	341	392	405	421	433	407	350	302	345	362	148	104	100
179	239	170	179	278	359	318	290	352	376	353	333	283	308	331	336	368	384	415	439	406	336	310	309	314	265	126	94
145	267	155	188	287	358	337	282	313	354	357	334	314	289	314	341	356	373	406	425	384	327	310	253	276	284	179	100
76	202	178	198	274	343	353	300	261	309	339	346	342	322	326	328	355	374	402	399	348	315	268	256	315	275	212	90
182	230	256	231	238	321	346	337	273	260	296	326	342	348	339	337	361	383	388	367	299	274	222	300	356	294	220	113
257	348	356	282	224	275	332	325	315	259	243	266	302	326	327	342	361	381	370	319	252	224	236	337	358	336	242	157
298	365	360	290	243	233	302	320	300	256	222	214	242	273	288	305	325	335	324	270	216	225	303	343	350	360	287	210
307	287	311	282	271	256	284	321	274	228	220	222	232	230	244	248	242	244	244	231	235	278	308	331	355	362	337	248
342	284	235	209	265	278	292	320	257	223	217	239	285	290	276	245	226	240	242	239	247	247	248	281	329	355	353	281
336	350	312	224	223	232	247	284	260	225	206	225	269	300	280	238	220	225	218	221	226	225	233	271	319	357	363	306
284	327	343	272	178	161	148	204	228	203	172	187	230	251	231	210	216	225	228	209	205	219	276	314	339	352	350	300
225	267	329	291	228	146	98	121	160	156	141	140	182	208	210	192	163	235	226	179	188	243	295	317	333	321	306	284
178	242	315	297	271	231	88	75	84	111	105	110	126	132	138	131	106	111	147	161	142	175	225	259	277	272	258	242
131	198	294	309	283	380	199	49	59	76	79	75	90	90	89	84	76	51	81	109	113	90	138	175	204	208	194	166
124	140	230	317	285	410	359	99	36	48	54	67	61	53	43	43	22	26	21	37	61	53	62	115	146	138	133	111
130	126	145	250	314	365	391	224	40	27	35	46	53	40	39	24	13	20	92	43	15	26	25	59	106	100	77	70
12	22	76	124	147	138	127	166	259	207	126	205	273	286	283	269	254	250	203	128	68	58	48	71	79	49	52	94
18	28	85	120	122	151	138	204	159	95	230	295	298	295	289	268	262	254	262	196	119	61	48	120	95	53	40	68
11	23	89	108	99	125	133	126	106	246	334	313	306	306	297	280	263	265	284	295	282	186	47	87	72	52	44	46
11	20	70	81	93	165	156	110	247	332	371	355	336	319	306	303	287	296	311	328	331	342	221	104	46	53	62	40
10	9	33	95	149	205	139	174	223	321	390	371	337	319	305	317	325	340	365	360	328	316	352	263	85	42	68	61
11	24	48	159	205	171	151	192	218	325	372	338	314	307	287	280	291	289	311	334	326	310	329	349	226	47	42	69
36	57	130	211	191	154	191	200	222	334	326	306	297	285	253	256	268	277	281	306	318	309	320	363	351	118	39	55
30	59	122	165	161	177	195	211	246	324	287	285	275	253	244	246	241	245	269	299	309	305	302	323	327	183	62	41
29	58	105	138	131	160	201	226	278	325	298	268	252	235	221	245	247	239	258	299	308	308	290	295	291	187	72	59
140	188	177	136	145	180	233	245	303	290	285	272	238	221	220	224	245	244	260	307	322	310	294	272	245	167	72	50
288	262	178	137	184	231	258	283	310	268	270	269	229	220	254	228	225	254	283	317	341	313	290	279	236	167	93	59
270	230	150	180	243	294	289	324	316	263	276	260	233	210	265	259	236	252	309	353	361	322	290	297	281	210	116	57
206	245	162	212	313	337	324	341	312	264	248	248	234	211	268	264	249	261	307	356	375	343	322	326	326	270	175	72
249	283	169	250	356	359	350	352	301	284	219	225	229	211	260	272	284	272	292	357	390	377	345	337	338	311	239	164
291	312	172	242	331	367	360	373	311	288	242	258	268	222	281	296	299	300	299	345	396	378	348	308	307	323	280	228
275	321	175	227	274	352	351	365	337	286	286	282	265	231	281	314	313	306	300	339	379	344	298	253	269	284	275	256
343	314	182	221	226	298	345	343	342	317	306	298	248	256	293	340	330	298	296	343	320	275	232	222	234	239	253	266
373	317	192	229	207	246	324	343	333	327	296	285	266	284	309	336	306	279	307	332	241	223	226	235	228	222	230	272
373	323	194	226	191	216	305	346	332	338	316	294	286	299	325	334	311	314	349	323	250	263	287	275	247	227	221	227
368	349	223	225	206	215	299	352	343	368	385	357	343	326	328	327	332	362	393	368	347	342	332	295	256	243	239	232
308	341	258	196	204	218	281	350	348	351	373	369	376	366	359	379	394	410	406	396	375	355	343	308	264	252	259	264
264	289	292	179	193	213	264	326	328	308	332	359	382	403	407	403	404	398	386	371	356	352	338	321	277	265	284	304
223	270	336	200	184	204	257	297	281	260	280	326	349	368	371	351	339	344	337	334	336	337	337	330	308	304	338	348
157	222	352	235	175	205	245	263	238	230	243	299	330	341	324	277	268	277	278	270	297	333	339	344	333	348	373	375
122	185	295	262	178	194	225	225	206	219	217	282	328	342	294	227	229	238	241	225	244	328	351	352	350	371	386	374
125	170	252	289	213	183	204	207	197	215	211	251	327	345	280	210	204	244	248	212	220	311	350	358	367	385	381	354
132	158	232	313	255	194	187	204	190	207	211	224	277	315	263	200	207	233	224	211	214	291	332	347	367	382	363	348
127	145	215	312	290	231	179	194	200	197	205	214	233	261	235	195	191	184	181	193	220	290	307	331	361	374	367	353
152	120	137	152	110	94	133	149	211	177	167	111	146	240	258	257	301	312	312	261	203	126	92	71	116	66	46	51
144	124	154	164	130	122	132	145	169	87	100	198	261	286	291	290	310	316	319	296	200	190	136	81	120	76	46	49
145	140	167	149	150	161	155	145	99	168	274	291	285	304	312	310	313	310	295	307	271	322	286	138	62	45	56	52
150	150	164	138	160	158	141	113	179	357	324	307	294	317	305	296	306	299	309	308	328	361	373	281	115	43	44	64
159	160	176	151	164	152	134	154	271	343	321	307	298	293	290	301	308	297	295	300	322	311	315	366	238	93	42	48
158	149	185	157	181	167	166	255	328	323	310	298	305	304	304	306	311	292	283	274	276	275	296	341	359	183	70	33
137	191	177	163	217	191	142	248	303	298	318	291	281	278	278	298	302	272	245	203	214	229	255	314	362	332	96	23
266	224	139	200	265	199	135	213	269	301	308	292	265	215	200	211	256	269	234	188	185	207	262	304	335	378	228	29
328	207	218	253	216	188	178	198	276	283	302	287	262	192	194	206	220	243	240	204	194	214	281	298	325	356	331	93
372	310	277	212	189	182	174	234	265	257	281	280	259	176	185	188	199	207	218	216	210	221	275	302	322	322	267	147
411	347	222	185	179	205	208	274	270	266	284	268	224	163	190	171	170	174	210	204	211	254	297	313	334	288	215	162
411	335	175	165	178	242	260	273	273	312	295	225	178	164	196	173	173	184	202	207	245	298	306	329	337	251	198	181
417	250	159	180	192	269	287	264	278	327	303	187	163	174	185	187	195	177	178	263	304	320	341	336	287	263	230	191
376	233	167	188	238	299	300	287	294	307	271	199	170	172	181	201	184	170	251	313	338	353	344	317	284	327	286	208
252	184	171	178	243	292	314	316	309	288	233	179	192	175	175	192	182	239	297	336	369	362	331	312	329	364	334	228
199	176	179	191	231	301	335	314	285	266	250	183	202	185	187	176	242	285	315	353	387	367	344	343	366	374	353	265
192	173	179	210	233	315	342	296	261	290	263	193	196	194	211	242	293	296	289	331	384	395	389	376	378	369	364	323
229	230	243	233	248	325	341	318	259	287	243	200	202	224	253	281	305	275	281	355	389	383	361	344	353	359	368	349
319	285	268	241	266	330	337	320	283	287	254	236	227	240	273	308	308	280	329	385	345	323	299	294	309	333	344	354
353	337	301	262	267	315	331	329	309	278	285	269	262	277	307	323	307	310	392	361	280	254	262	261	274	302	311	329
264	289	332	303	275	296	320	330	335	325	293	285	276	292	321	326	354	411	417	391	317	260	235	241	260	281	272	283
202	224	254	320	305	287	315	326	351	351	336	302	278	290	335	379	422	436	433	433	410	354	269	223	232	236	234	254
184	206	207	262	318	300	308	337	356	362	367	327	327	384	417	435	438	425	432	434	424	389	303	226	219	217	219	225
170	197	194	197	266	328	318	322	342	360	376	364	384	416	428	427	428	431	430	422	408	383	326	247	213	214	217	225
180	175	182	171	201	287	336	322	333	344	360	376	388	387	398	391	401	406	412	403	380	373	345	306	254	249	234	236
181	161	175	164	176	210	305	327	321	325	343	360	368	355	330	320	345	367	376	374	363	371	359	344	323	283	218	224
179	175	168	158	162	184	243	314	315	301	320	346	349	296	251	252	289	329	348	344	342	356	355	339	337	239	208	229
162	214	182	155	148	176	218	260	309	298	299	329	321	235	202	205	252	299	332	331	330	343	343	336	278	208	222	239
380	331	269	262	221	184	204	234	226	197	184	201	222	233	230	224	209	198	179	148	137	141	160	209	137	73	47	55
374	308	264	259	231	215	250	280	274	260	264	270	274	275	294	295	294	270	253	238	177	147	144	183	164	80	45	48
362	302	253	246	251	264	307	291	292	301	294	284	294	295	296	293	290	288	279	273	238	249	240	155	153	118	64	72
360	294	233	242	263	287	289	280	305	303	274	274	294	288	290	290	295	291	281	282	284	287	309	256	143	154	72	84
347	266	211	237	256	280	286	291	295	275	249	275	318	307	300	303	296	302	304	300	304	312	330	323	228	131	122	54
314	227	212	232	239	271	286	267	274	237	263	293	275	280	303	324	326	307	277	285	287	295	311	343	338	185	64	81
286	203	211	217	217	204	221	233	239	227	239	252	195	231	300	314	324	322	305	278	262	284	313	302	333	298	67	60
254	200	211	199	224	241	214	235	218	215	203	211	218	224	261	227	248	253	297	267	251	274	303	300	311	336	155	55
219	203	201	205	248	267	273	228	206	207	187	183	229	215	209	190	203	217	251	282	225	237	284	318	307	317	228	79
203	202	224	223	249	280	280	243	232	201	207	188	188	208	195	193	190	218	239	228	195	205	234	273	270	295	286	173
196	207	241	214	257	304	272	249	249	213	212	202	216	211	191	202	196	206	197	192	232	212	238	277	260	293	275	176
207	274	243	199	275	317	274	228	235	289	240	191	228	220	231	221	197	202	202	212	215	254	256	281	285	304	223	173
318	378	222	179	250	322	290	252	301	295	198	181	195	186	204	217	202	194	187	217	246	306	292	297	314	301	191	180
377	255	134	170	202	316	304	281	287	243	187	201	210	203	203	199	193	181	198	262	264	300	344	331	329	253	208	206
119	121	178	184	235	303	285	305	265	192	189	215	238	228	210	195	178	183	262	315	331	361	353	336	309	252	280	309
166	195	204	196	254	310	310	300	238	187	217	232	225	217	230	209	182	199	295	369	404	364	347	328	307	302	333	353
234	221	211	235	336	336	291	277	221	193	205	215	224	228	210	216	197	227	296	321	398	364	333	327	332	347	352	369
269	287	274	292	385	352	275	289	265	203	203	210	230	238	231	220	213	270	296	306	377	424	391	364	367	360	348	373
236	289	295	320	391	371	284	280	228	187	209	207	209	224	203	222	241	318	293	298	377	425	424	414	396	351	347	379
210	230	288	336	391	393	306	274	206	195	185	184	188	212	205	230	291	360	338	330	388	388	408	437	372	343	364	387
215	210	271	330	371	366	305	292	259	233	189	174	192	226	233	273	360	387	378	338	358	370	399	376	348	359	384	385
225	216	230	310	337	339	300	290	290	273	223	182	187	223	266	316	406	390	376	368	380	379	369	356	352	377	387	387
226	223	211	277	327	319	321	311	284	244	202	198	185	217	294	369	409	389	403	410	405	410	394	372	368	382	392	387
232	239	224	259	318	322	326	338	274	216	205	191	200	267	342	383	381	394	415	413	424	426	401	376	356	364	362	370
249	235	231	251	313	325	334	336	302	250	230	228	253	323	371	373	396	432	429	415	433	424	404	380	337	323	320	333
229	216	209	229	281	321	358	363	330	304	308	315	344	365	378	400	421	431	410	418	422	402	401	385	355	304	292	328
205	207	207	207	221	261	314	359	373	374	372	376	387	394	401	419	416	416	416	413	400	389	392	373	357	296	294	342
218	198	209	203	199	200	239	310	356	374	388	394	390	388	390	401	403	407	403	394	387	384	373	349	329	295	321	362
392	385	362	340	272	234	277	349	378	375	367	368	355	316	300	292	278	261	262	314	340	320	315	294	220	127	110	62
384	374	357	345	338	333	368	377	341	310	306	355	328	307	300	295	271	271	273	266	308	329	286	237	164	131	125	62
380	374	351	355	361	369	356	282	291	284	284	310	286	269	253	256	243	245	269	292	311	337	269	178	125	93	80	74
371	370	351	360	356	340	275	280	291	294	285	267	237	278	283	301	312	289	281	305	313	352	364	295	148	84	93	91
370	372	357	333	314	327	275	235	261	241	252	276	287	297	291	296	287	271	290	310	298	313	360	359	299	133	74	105
374	373	355	277	278	307	257	269	251	246	235	263	276	276	261	297	297	292	303	283	252	272	307	332	356	268	87	70
380	372	323	223	245	271	212	238	227	237	258	272	247	251	241	269	289	289	293	286	280	270	282	322	356	346	203	42
373	364	286	193	250	274	174	223	215	220	245	281	232	240	267	271	263	258	284	282	270	267	277	291	296	354	268	63
370	349	243	223	286	293	296	217	199	231	223	222	232	233	251	245	225	209	209	225	238	260	273	292	278	335	260	127
348	316	213	256	313	275	262	206	213	217	227	251	239	219	245	234	217	240	233	241	268	285	290	284	278	309	299	218
299	240	217	292	328	279	263	241	235	227	272	313	290	223	236	247	246	260	274	252	256	284	278	270	276	317	281	229
216	217	359	281	319	294	290	284	286	299	272	290	280	251	231	226	249	242	255	263	222	242	260	276	294	315	252	197
201	304	268	157	273	317	290	301	287	277	232	272	283	297	303	235	215	235	220	217	229	264	281	286	317	326	239	186
326	231	40	179	268	314	288	296	264	235	202	191	239	286	349	303	201	202	216	248	286	304	293	316	366	317	232	188
412	286	150	205	284	278	249	281	197	191	213	192	201	263	303	241	197	192	252	319	348	314	316	374	375	278	200	234
273	217	203	233	329	306	286	246	164	160	169	187	172	251	312	235	196	211	305	343	326	321	348	391	352	246	203	291
225	213	229	293	375	325	259	179	164	199	218	188	178	224	294	314	236	255	320	279	304	335	356	373	333	274	248	336
261	256	290	356	409	316	268	191	177	256	276	248	221	215	263	313	317	311	293	272	299	323	337	340	314	290	297	350
290	326	330	386	420	326	246	184	193	214	231	222	225	226	277	324	337	351	304	283	291	295	381	374	341	312	311	343
278	313	345	386	396	306	272	188	186	184	186	193	202	205	267	325	343	384	323	280	294	333	398	418	378	323	319	334
265	295	348	370	347	280	277	289	211	172	185	187	190	177	192	287	353	396	331	311	334	366	398	415	369	324	334	346
263	285	331	343	326	270	264	301	314	209	172	200	196	190	202	297	344	391	331	341	374	401	402	387	344	341	360	379
250	278	310	319	310	308	279	307	352	298	194	183	192	215	269	320	346	387	369	392	397	400	385	366	351	378	390	391
234	268	295	312	292	306	295	341	353	304	280	231	212	203	267	328	359	382	390	389	389	388	365	357	373	399	396	390
250	252	273	315	309	288	290	339	373	317	283	255	280	270	308	337	364	374	390	374	383	381	365	362	394	392	384	383
292	267	290	320	334	298	284	306	345	307	295	295	316	310	320	339	377	414	408	387	394	383	373	388	408	385	381	369
299	279	288	352	365	354	336	309	294	295	294	307	303	295	326	378	419	436	427	425	416	404	399	407	395	372	381	362
347	387	276	336	367	373	367	367	314	304	301	307	329	364	405	435	431	435	433	430	412	405	396	388	374	375	379	355
365	365	366	362	359	355	363	364	361	366	374	390	385	371	350	332	317	254	217	276	346	286	215	216	360	304	154	97
367	366	357	360	360	363	368	370	370	358	357	351	332	319	316	306	288	294	332	351	355	360	312	298	387	342	190	95
370	367	350	358	362	362	364	347	312	290	290	277	292	302	282	273	296	317	319	343	360	366	375	312	294	355	218	115
368	360	330	297	277	300	311	302	280	274	273	275	280	272	252	266	296	299	303	325	316	344	368	380	322	271	207	103
374	354	260	204	220	271	293	303	289	269	293	266	276	276	264	244	257	300	299	319	317	334	361	383	375	292	194	91
378	335	229	230	243	265	296	295	296	297	279	239	297	286	246	256	241	292	326	292	305	306	308	364	377	339	267	137
376	332	252	239	233	259	295	283	261	255	220	239	269	275	234	208	244	283	306	277	255	272	271	318	343	313	280	206
366	341	291	259	247	270	297	252	196	267	247	235	221	260	246	216	257	295	280	252	238	248	256	285	325	285	218	248
352	337	309	270	246	285	284	225	195	235	243	238	222	247	253	261	285	247	230	242	253	260	260	273	314	317	241	261
320	298	254	225	236	262	243	199	237	249	233	230	241	240	284	291	247	233	243	250	258	268	268	275	297	332	295	265
270	251	206	152	146	186	208	205	229	238	232	219	267	279	291	261	224	240	267	256	240	257	289	295	292	348	305	253
256	220	92	99	252	325	294	264	248	226	229	251	287	301	274	217	214	230	251	250	239	242	298	315	297	352	293	228
269	204	122	162	276	323	299	291	289	265	277	284	288	278	261	211	209	231	230	230	237	238	299	301	305	355	254	199
272	223	251	245	292	316	299	283	273	269	279	283	278	251	268	247	217	237	256	259	251	235	293	294	333	327	214	194
254	263	285	298	352	353	307	290	281	274	279	271	269	247	259	267	253	265	292	282	264	268	299	298	343	286	203	202
246	276	312	355	392	361	309	297	292	280	275	274	253	245	268	299	303	291	283	277	283	284	264	303	338	268	204	196
251	302	339	386	424	363	306	263	256	283	283	266	243	246	263	319	340	316	276	245	288	286	259	322	325	246	196	198
287	331	353	398	423	355	286	253	246	266	292	275	259	251	255	311	353	325	256	225	245	264	273	321	287	219	195	203
316	348	355	384	398	322	265	247	262	247	279	289	282	278	272	300	358	300	247	228	252	261	299	338	261	211	200	209
340	364	349	347	339	280	271	249	255	235	266	296	293	284	279	302	351	276	225	229	231	263	316	345	289	227	214	207
358	373	357	340	304	280	258	244	240	239	263	314	327	295	286	306	360	271	223	209	202	262	326	341	284	217	214	202
354	385	367	353	303	255	217	259	281	282	296	310	334	330	316	304	352	300	234	238	241	287	332	321	258	210	198	291
322	364	366	336	302	272	215	259	304	294	263	284	301	328	330	319	355	322	253	273	278	306	346	312	243	210	276	375
325	334	365	315	296	277	222	251	272	284	271	273	323	321	327	329	366	307	295	314	269	295	350	302	259	289	354	381
334	339	351	315	290	260	245	275	321	337	333	334	355	327	321	339	375	316	321	323	314	342	349	313	321	349	365	363
305	356	362	325	285	289	282	316	359	340	361	382	359	332	299	340	375	348	347	354	352	362	334	320	353	356	357	290
261	300	347	361	311	278	287	298	310	332	384	383	315	291	277	366	392	360	364	371	359	348	328	351	361	352	291	227
240	267	287	354	377	323	287	277	284	282	298	280	270	301	378	423	399	378	379	372	346	335	360	358	341	293	220	208
351	355	367	358	339	311	283	265	252	242	244	238	236	263	303	329	336	313	277	228	202	197	196	179	187	202	243	107
361	363	375	351	305	248	239	234	237	231	220	237	235	223	218	234	241	239	256	265	263	263	271	235	192	212	316	135
369	382	377	338	250	209	219	217	221	226	228	233	234	229	214	216	258	311	361	388	389	385	370	299	226	190	276	172
379	393	371	294	207	204	222	225	218	217	228	237	262	283	311	340	374	393	403	410	402	401	399	355	271	213	240	247
396	399	365	273	218	257	253	241	242	221	226	291	327	350	346	351	389	398	389	399	392	390	391	370	311	270	261	317
395	395	371	293	225	230	234	244	218	194	248	247	247	267	301	332	343	375	375	384	392	381	377	367	361	354	291	318
387	390	380	355	272	234	232	250	229	299	302	300	313	297	307	323	324	327	353	360	379	354	312	275	277	319	322	221
375	383	372	387	379	348	323	296	304	335	228	257	304	310	314	323	320	303	310	327	334	322	306	312	325	354	385	246
349	365	355	378	394	389	357	314	323	337	286	238	309	310	318	312	303	294	291	292	289	321	313	318	330	350	381	320
333	343	342	361	363	350	328	313	343	278	300	296	304	307	310	310	300	264	264	284	293	339	335	323	338	330	312	319
311	340	342	346	347	341	321	276	333	234	270	335	311	290	287	285	288	238	242	277	302	326	280	254	316	333	282	250
296	341	343	351	350	359	365	280	234	338	265	340	319	288	267	265	270	235	246	265	276	248	233	237	302	333	333	262
300	333	360	367	355	363	326	353	153	257	328	334	325	292	291	286	274	215	235	240	236	207	228	270	301	328	347	320
300	335	375	368	328	318	304	309	264	183	294	349	354	308	292	307	273	224	215	213	223	197	249	272	285	326	325	317
304	335	358	371	352	286	270	282	313	314	334	356	376	363	300	297	287	274	242	205	219	211	224	246	300	307	280	297
332	337	357	377	397	363	329	318	336	340	348	358	385	411	352	297	287	246	227	219	217	230	224	278	305	274	257	281
329	340	359	391	408	381	346	334	346	337	339	356	387	412	406	342	307	238	223	251	250	216	235	294	301	257	257	261
334	341	373	397	371	344	376	388	384	375	353	342	373	403	426	397	334	282	251	272	273	260	265	312	284	250	230	215
335	353	381	366	345	355	346	318	308	332	356	344	348	386	408	413	354	296	278	285	291	284	314	326	275	228	193	197
329	371	378	351	372	317	267	272	271	267	278	309	329	370	397	396	324	269	261	293	312	319	345	330	269	205	193	217
344	385	382	354	311	257	282	295	283	264	262	292	304	344	380	380	344	242	243	317	317	343	349	314	249	199	213	223
354	397	384	307	263	271	280	291	279	271	258	296	302	314	336	372	363	288	306	316	340	362	352	290	217	211	199	233
342	393	367	275	271	271	288	295	292	290	295	308	292	288	304	359	353	319	312	305	342	358	324	244	211	203	219	294
336	376	353	274	278	281	316	313	313	317	313	316	298	281	290	351	353	324	283	301	344	343	284	210	194	219	299	323
347	351	343	287	325	312	333	327	336	345	367	371	328	285	295	358	363	297	258	312	338	329	286	223	234	315	336	320
330	334	329	295	367	337	351	343	360	366	384	399	322	290	314	369	348	326	312	331	334	329	316	329	346	347	328	309
301	287	339	305	327	347	340	355	344	340	345	338	294	296	349	378	364	356	344	334	331	327	330	360	369	349	323	290
282	284	283	347	322	322	299	296	299	300	304	301	331	374	388	409	418	390	346	328	327	326	349	362	368	359	328	274
322	324	341	360	358	285	213	221	193	216	239	235	219	218	276	244	199	196	181	160	132	127	150	189	215	242	322	149
324	338	360	368	345	274	229	224	228	241	265	273	250	217	236	326	272	220	203	175	152	129	119	141	163	173	200	196
341	357	372	378	349	293	271	270	288	304	304	302	284	233	213	288	373	314	293	238	201	172	147	128	134	158	174	228
357	378	386	390	359	316	308	325	342	341	330	323	303	249	204	263	432	418	415	380	341	283	210	165	143	138	167	216
336	401	399	394	369	336	345	366	372	368	359	339	304	243	193	251	398	395	397	407	383	374	358	242	167	152	162	187
257	391	412	396	384	368	374	389	394	382	364	326	298	228	199	305	403	374	358	375	397	383	357	361	276	192	173	194
219	357	417	396	389	383	386	402	407	388	359	322	273	203	237	355	384	356	340	327	321	338	349	304	287	310	281	296
184	313	411	400	392	386	394	409	411	403	364	279	219	183	281	388	367	349	335	285	262	274	301	310	267	323	370	415
167	276	395	397	381	378	398	412	421	407	317	218	199	209	365	381	343	330	285	262	287	317	313	296	277	284	310	359
166	252	373	386	368	370	400	410	429	387	243	214	225	261	371	336	286	257	267	289	306	292	269	261	249	253	286	302
172	250	358	374	361	367	386	404	423	360	227	251	289	229	309	289	260	261	283	293	293	272	250	255	241	215	227	248
189	242	332	362	349	344	356	385	403	355	237	231	304	314	330	318	286	276	298	308	300	295	274	244	213	208	223	261
180	246	323	339	328	330	344	368	369	326	331	312	303	317	338	332	311	295	307	323	305	288	279	254	244	241	233	268
185	249	311	330	321	328	341	352	321	229	227	340	388	374	342	326	301	289	317	327	314	295	296	277	255	262	261	258
193	268	312	328	329	343	350	342	309	290	190	189	286	354	349	319	301	284	281	286	310	304	311	283	265	270	277	264
208	281	306	330	340	360	360	339	318	333	363	337	304	313	347	329	313	296	274	266	292	300	321	303	293	288	282	251
223	288	316	335	360	365	362	362	350	328	321	363	368	296	282	325	310	292	295	299	312	320	329	324	328	328	331	311
235	304	326	338	357	360	362	377	378	362	328	349	352	280	253	308	310	310	314	302	313	330	334	343	347	346	348	354
242	301	333	326	306	305	324	354	372	384	336	325	324	263	231	288	317	324	321	325	362	359	347	349	346	340	332	336
256	308	319	287	277	274	273	281	296	343	346	308	297	245	219	287	336	337	338	344	366	353	353	350	337	307	309	311
266	309	297	268	283	280	284	287	272	283	308	297	293	235	236	303	349	353	354	359	363	355	348	338	308	286	290	296
264	294	287	275	300	294	293	304	283	267	280	295	320	272	260	314	358	361	356	360	376	364	354	327	289	279	282	294
237	278	282	273	299	300	303	318	286	264	283	314	352	313	231	314	358	365	360	370	379	367	349	308	280	270	280	295
237	284	288	285	303	317	340	332	285	275	291	324	338	321	319	353	354	360	358	378	377	365	341	286	267	271	284	299
218	253	308	306	322	359	357	326	311	304	320	322	315	317	370	404	371	358	358	360	368	376	348	284	265	273	287	304
244	213	288	322	331	346	343	319	328	341	358	337	313	324	381	428	395	356	354	355	378	381	361	313	278	283	288	304
286	238	247	322	333	351	339	338	338	353	352	337	332	354	391	426	396	355	350	361	377	375	364	352	313	292	290	302
332	326	230	307	344	355	358	346	353	362	364	363	370	386	390	407	383	357	368	381	376	367	362	366	362	321	304	310
349	330	318	329	354	369	350	333	290	247	233	242	278	306	304	252	194	189	146	127	144	171	190	193	188	192	187	72
332	325	331	348	368	373	347	356	344	292	248	223	260	296	295	294	266	254	228	168	136	130	146	158	162	170	182	116
322	328	351	365	385	382	350	372	359	295	237	228	233	213	211	203	201	208	241	251	192	152	137	136	143	163	182	168
313	340	363	385	399	390	355	389	362	286	233	237	227	198	186	199	206	198	192	198	198	179	156	149	148	164	177	205
311	354	383	397	405	382	357	385	344	270	227	218	218	202	188	186	199	218	208	184	170	160	155	155	150	156	175	218
312	365	388	402	404	379	372	366	273	217	209	230	214	206	211	175	177	200	222	201	194	183	175	176	166	162	170	203
285	356	399	403	414	395	385	341	250	220	207	237	279	285	236	202	162	172	216	230	212	212	214	222	222	196	178	202
252	321	395	408	417	414	384	374	310	240	208	212	235	314	336	232	180	155	163	187	200	202	207	217	244	257	282	364
230	266	374	414	414	411	373	396	388	352	279	232	215	213	306	282	217	169	146	155	162	166	167	162	169	178	197	245
204	216	325	414	409	404	343	387	406	405	351	275	234	213	252	283	292	217	176	167	174	171	149	138	142	147	156	176
173	184	277	407	412	400	326	376	419	415	378	284	232	212	189	225	293	223	202	200	199	183	172	154	156	162	166	175
156	154	231	392	409	378	322	367	418	410	391	325	253	210	201	296	370	304	214	189	178	167	161	165	173	193	203	202
152	143	191	359	410	363	324	370	411	408	393	361	295	246	209	214	273	293	257	249	227	199	180	180	178	190	241	299
153	150	175	319	396	360	327	345	391	384	352	314	291	283	291	272	241	262	304	279	266	238	199	176	178	173	172	216
150	157	166	289	376	360	339	347	383	357	289	256	242	223	198	166	187	285	331	320	286	249	212	197	176	175	184	175
144	166	164	260	345	335	340	360	382	356	255	221	214	257	288	261	242	297	331	321	288	258	216	187	187	186	189	194
141	167	161	243	334	331	352	382	394	382	295	225	226	247	308	304	317	331	337	324	295	251	218	224	211	208	201	204
137	143	160	239	307	315	350	387	398	388	350	279	265	260	263	315	338	338	331	315	267	242	235	221	250	264	263	263
138	137	174	231	284	284	321	369	381	377	367	328	299	282	258	301	337	324	304	279	258	254	254	303	338	343	343	334
141	150	179	223	267	256	271	318	365	367	340	315	306	293	268	298	319	283	278	282	279	294	342	373	382	381	379	366
153	149	165	226	258	254	254	288	340	343	296	288	277	278	273	285	263	277	278	299	333	361	382	387	380	380	377	342
206	177	154	221	258	251	257	279	317	336	269	257	252	224	267	231	277	275	278	345	379	381	378	377	375	364	303	239
223	154	138	204	268	262	254	276	305	349	300	239	233	202	251	269	285	249	293	375	389	378	367	369	344	268	221	220
258	151	127	182	268	286	259	279	309	358	351	254	212	211	278	294	258	241	312	387	388	373	358	338	260	228	222	207
298	168	122	161	264	313	282	275	321	358	379	284	204	207	262	288	251	253	334	385	383	372	335	265	236	238	225	237
352	224	131	155	266	344	303	276	308	354	386	303	212	207	252	273	242	272	360	378	371	351	279	245	245	248	267	273
375	309	157	154	289	380	341	292	286	349	376	299	218	219	239	252	243	303	373	373	356	300	252	249	255	292	312	305
369	358	216	168	312	414	383	304	296	348	369	289	224	244	247	228	254	343	372	355	312	258	249	256	298	337	342	344
350	329	328	314	299	305	331	323	271	205	205	245	207	226	197	149	133	118	119	125	137	154	166	187	223	219	95	38
346	329	321	310	302	326	343	318	244	188	214	260	216	196	180	159	145	127	124	120	134	139	143	156	179	177	102	58
340	326	316	314	317	341	351	312	203	192	209	178	165	157	149	146	135	131	124	127	137	145	148	144	160	169	132	64
323	316	314	319	336	359	356	293	194	201	190	168	152	140	134	129	132	128	128	122	129	146	172	185	183	183	221	121
310	304	311	330	355	363	356	276	192	197	182	170	152	141	136	141	145	142	144	144	144	143	147	165	197	269	360	214
298	305	320	343	369	366	353	250	190	223	215	188	176	158	137	154	158	174	177	185	188	179	164	148	154	202	333	261
295	312	333	363	379	369	353	230	219	252	249	251	228	188	157	134	142	179	218	241	237	241	223	196	174	185	328	318
296	321	342	366	383	371	361	278	198	200	253	339	334	241	183	145	123	149	165	177	170	173	192	223	245	296	380	401
292	325	349	376	396	378	354	370	292	227	202	232	302	291	195	170	135	122	134	139	136	137	142	165	186	194	191	241
286	333	365	378	396	389	344	377	374	300	230	204	233	304	207	194	152	132	128	130	129	128	129	127	135	141	150	170
294	340	375	375	395	391	348	381	370	303	236	199	234	306	254	203	160	137	136	146	155	163	165	161	161	153	164	183
283	316	368	388	397	390	357	383	348	292	238	201	224	254	236	188	158	141	135	145	167	205	226	191	197	209	201	219
277	294	350	391	406	392	366	380	330	287	252	220	227	211	196	187	166	150	138	137	149	189	246	240	255	229	193	182
266	265	333	397	419	412	366	367	332	294	259	246	240	224	210	195	198	183	169	161	143	150	167	184	183	173	159	152
250	249	297	394	416	410	364	366	358	322	280	265	262	252	229	213	288	229	233	213	156	136	140	146	145	145	144	154
219	219	267	365	413	406	357	338	368	344	317	307	292	270	228	249	359	165	247	194	155	134	136	124	124	137	157	169
190	186	237	326	386	395	350	309	371	361	331	285	260	241	209	272	354	197	193	167	143	146	160	154	150	156	173	183
199	191	226	289	367	383	348	306	382	368	297	231	216	202	216	344	370	208	173	163	165	176	189	191	194	198	204	195
205	192	208	267	357	381	347	316	387	361	240	201	206	205	254	372	303	177	184	194	202	216	227	232	241	234	211	191
223	200	200	256	350	381	348	306	380	343	231	208	210	209	224	270	246	195	217	216	232	236	229	235	236	217	192	170
238	185	182	254	342	377	351	301	371	331	241	228	232	238	214	225	226	224	203	212	218	237	250	262	249	221	185	178
271	220	201	243	336	379	359	304	351	324	257	255	276	273	211	218	249	213	199	218	242	253	259	271	259	235	207	177
305	253	228	249	324	380	366	296	329	327	281	288	300	247	186	225	275	239	229	244	262	266	271	265	258	225	180	172
294	276	269	259	320	377	373	306	321	339	323	307	256	199	185	246	246	282	273	250	234	234	248	266	244	225	212	176
304	325	296	278	323	379	376	324	330	364	345	265	208	197	211	298	256	233	234	248	265	260	220	229	232	228	195	171
323	340	317	286	329	380	383	338	335	363	285	215	199	196	273	297	208	213	261	299	311	294	225	168	235	205	175	177
310	316	317	311	346	376	385	346	348	342	227	197	189	216	281	191	196	266	326	344	337	275	194	176	209	177	181	179
284	296	343	345	364	389	389	351	358	302	198	187	194	219	164	168	238	336	359	348	311	214	198	179	185	179	178	196
197	260	316	284	302	284	285	292	311	306	277	215	161	161	174	188	197	215	234	239	230	238	246	194	92	70	52	110
228	303	317	300	315	287	285	302	310	294	252	177	148	158	171	185	215	243	249	267	226	189	191	198	110	70	44	87
266	321	297	311	310	289	292	310	309	278	235	173	150	151	159	165	174	186	187	185	173	165	165	193	166	81	40	64
289	300	285	314	303	291	299	318	305	266	218	173	146	146	149	152	150	153	154	150	156	169	175	197	230	150	61	39
294	287	295	309	293	289	298	310	286	254	207	170	150	147	149	152	148	148	142	151	173	194	225	266	314	271	136	35
289	292	313	303	297	296	302	302	268	226	174	141	136	136	137	140	146	142	139	150	165	184	180	168	188	275	243	78
278	313	314	304	303	305	317	302	260	215	162	137	135	135	131	129	129	126	123	134	140	141	143	155	167	200	250	133
268	325	317	306	306	311	324	304	261	212	169	146	133	129	122	125	124	128	132	132	138	146	158	177	181	190	203	152
275	323	318	309	315	318	326	305	270	216	175	142	127	128	126	127	128	138	142	140	139	141	150	160	166	172	192	141
294	320	310	307	314	325	317	302	272	213	170	141	127	130	138	139	137	147	149	142	137	138	144	154	167	186	230	191
310	314	306	309	305	320	311	298	265	206	171	144	137	134	134	133	132	138	152	154	148	152	160	188	210	222	264	316
310	311	311	313	315	321	307	286	237	196	172	145	135	137	131	124	132	149	172	176	175	181	192	239	250	223	198	221
312	302	301	314	327	329	309	273	220	190	162	140	128	126	125	126	144	175	205	232	243	255	307	329	271	188	160	165
301	289	295	311	322	331	311	274	215	196	165	151	141	131	129	130	145	167	195	221	202	206	253	221	193	153	136	154
288	278	285	304	326	331	318	294	214	206	186	169	160	145	148	148	153	156	150	156	160	168	170	167	151	129	133	147
271	265	279	311	339	342	325	324	236	197	196	184	180	176	175	173	171	159	141	140	134	137	137	130	122	131	140	143
251	251	266	298	329	347	327	343	287	201	206	218	192	186	195	182	166	157	138	128	136	138	133	133	136	144	146	146
228	236	251	283	317	344	327	329	339	236	212	198	200	205	196	174	164	147	131	134	143	154	160	157	159	159	148	144
257	243	242	274	319	345	337	319	356	279	203	183	212	200	192	187	163	136	125	143	158	164	161	158	154	151	148	145
262	245	242	279	320	353	350	319	348	310	217	182	202	216	240	231	170	142	128	134	140	141	137	136	134	137	142	149
263	263	257	274	314	348	346	322	341	312	209	190	198	234	263	210	174	144	143	131	123	122	124	132	130	133	145	158
278	270	258	268	306	342	350	333	341	246	179	189	219	256	241	179	162	143	146	141	136	137	142	144	146	157	177	191
279	266	259	277	320	360	366	351	287	185	189	223	276	231	200	169	166	163	166	163	159	165	165	156	150	157	169	176
267	273	277	293	341	371	374	359	264	184	196	205	213	209	188	164	185	189	201	211	198	187	177	161	144	140	132	134
280	277	283	301	346	373	376	353	303	212	203	217	218	195	193	240	236	226	227	205	182	165	156	140	132	127	127	131
290	290	281	296	348	373	381	347	331	292	276	280	254	203	214	244	201	188	193	183	169	153	141	134	139	150	157	161
283	284	272	300	339	369	379	363	338	356	329	271	208	191	204	197	166	156	179	173	160	155	150	157	168	183	186	185
275	272	282	291	335	378	386	376	352	336	250	187	188	203	220	168	154	150	166	166	161	162	162	174	177	185	200	203
124	129	134	135	141	150	176	200	193	173	155	143	154	168	172	174	178	184	202	259	263	178	101	76	80	131	105	28
128	137	152	157	162	177	220	239	216	192	174	154	141	153	166	169	169	173	194	252	329	277	128	94	73	109	131	53
136	155	173	185	190	219	263	265	225	181	155	156	160	156	152	155	161	161	176	190	317	365	181	100	62	75	143	98
149	177	190	206	208	249	282	257	203	158	150	149	152	156	158	159	166	171	173	189	262	377	300	124	56	47	128	142
162	195	214	225	236	285	292	235	183	166	172	176	166	165	177	195	208	199	182	192	264	387	382	213	96	56	84	139
172	199	228	237	251	296	277	209	186	184	181	180	184	200	211	227	231	220	201	196	239	318	319	276	161	83	64	105
179	193	224	219	246	295	262	197	188	184	185	187	184	187	195	195	198	200	194	189	190	194	226	255	198	115	85	67
196	195	228	218	241	282	243	190	174	162	167	179	180	175	171	170	167	169	158	162	165	175	189	259	267	149	94	83
203	209	240	224	238	273	255	192	173	163	161	170	171	165	164	160	167	164	164	176	192	228	225	310	376	253	106	84
192	218	250	230	244	281	267	206	175	164	163	167	168	167	170	174	190	197	235	286	339	336	290	293	324	300	159	81
190	211	232	220	245	285	284	220	181	161	156	164	176	187	212	240	251	259	272	273	276	265	248	195	180	178	152	98
190	201	210	212	239	285	297	245	194	164	166	180	198	213	221	213	197	185	183	195	214	229	219	164	159	157	146	108
182	188	204	210	234	285	311	273	202	176	183	177	180	178	176	168	165	169	182	197	218	201	175	161	145	146	161	133
168	179	207	211	239	273	299	291	218	171	165	167	166	163	167	173	169	170	183	182	176	161	152	145	136	146	170	179
167	179	196	203	225	251	284	296	248	179	146	142	142	147	155	161	162	165	165	155	152	139	135	130	137	153	180	226
167	171	185	192	205	224	252	271	255	201	145	129	128	129	134	140	145	144	144	139	134	124	127	135	147	159	182	248
157	154	175	188	201	217	235	249	242	214	158	129	124	120	123	124	127	123	122	126	123	121	133	141	153	162	177	270
165	156	179	207	217	225	239	249	235	211	170	138	132	126	124	124	123	120	120	120	127	130	139	149	159	166	188	281
165	157	191	215	223	230	248	250	239	219	183	151	140	130	122	123	122	123	125	134	147	143	145	155	166	181	206	314
157	156	206	223	237	243	252	259	255	230	188	154	140	139	133	130	131	135	136	141	141	143	155	167	183	206	255	334
155	182	234	255	259	255	258	257	252	231	195	161	142	147	133	127	130	133	134	137	143	153	172	203	224	201	186	169
200	237	280	282	277	257	260	262	251	239	204	165	142	138	130	122	124	132	135	148	170	194	206	204	175	155	145	137
230	248	286	285	282	278	278	280	268	243	205	167	133	122	116	115	120	124	129	147	171	178	169	153	141	133	128	127
213	252	291	295	291	295	298	289	265	230	197	165	142	125	118	119	117	123	125	128	136	135	136	129	125	121	130	143
204	258	295	297	292	287	292	285	259	217	193	165	156	146	142	137	127	123	121	119	124	130	126	118	120	134	151	163
209	257	291	289	279	282	288	289	274	234	178	157	174	162	160	162	148	131	121	121	120	120	117	117	137	154	161	171
209	252	287	289	273	277	295	299	285	251	184	158	153	146	143	145	140	129	124	118	118	118	120	133	152	167	184	192
208	238	277	280	274	296	308	306	286	235	179	158	140	137	138	143	136	132	124	119	121	121	130	140	160	167	186	210
132	154	182	199	158	125	127	139	145	148	141	137	143	160	168	183	233	294	162	115	105	92	135	191	129	27	5	5
129	133	160	177	161	129	128	130	137	142	147	151	143	148	160	177	192	241	242	153	109	101	101	163	158	56	10	5
128	138	154	156	139	129	129	132	146	165	186	195	176	159	149	158	169	175	197	200	140	115	97	128	164	96	26	7
129	145	143	143	132	127	133	140	148	158	171	189	201	197	171	154	155	167	164	164	161	127	96	97	156	154	55	10
121	151	166	143	128	129	134	128	126	129	132	140	160	184	206	185	166	163	169	155	159	153	75	62	124	178	104	24
130	168	174	129	126	137	140	139	141	148	145	140	140	144	160	182	190	180	175	177	191	199	94	62	90	156	146	54
131	135	126	129	132	136	151	147	162	187	191	175	164	154	152	156	163	178	191	229	310	255	160	108	79	131	154	96
130	124	123	122	129	144	142	134	152	176	190	197	207	200	203	207	216	217	260	374	434	326	226	144	90	94	142	129
131	142	159	132	140	139	132	131	139	157	170	180	186	201	222	245	299	346	398	414	427	408	266	209	141	81	112	138
129	182	185	137	141	137	139	144	140	143	147	154	155	162	162	166	180	224	339	427	411	385	315	256	185	84	90	123
130	143	146	143	143	155	157	159	151	147	144	146	152	147	149	154	165	175	196	272	320	248	295	226	189	95	73	100
129	130	129	131	141	165	166	153	158	158	154	157	159	153	151	152	160	166	173	186	221	244	289	252	164	124	83	80
127	131	131	131	138	167	181	153	155	179	179	164	171	169	166	160	163	163	168	178	187	245	259	266	187	133	103	70
128	126	128	128	130	167	189	164	154	173	174	170	177	174	174	170	168	172	174	177	182	213	247	250	217	146	120	87
131	129	135	130	124	138	172	171	144	143	157	165	178	181	176	170	171	180	182	182	191	203	240	234	224	140	141	124
135	134	133	134	126	127	139	154	145	131	132	147	169	179	169	167	175	179	179	192	205	217	234	218	216	152	150	126
143	136	132	130	126	130	132	139	132	129	133	135	141	149	149	164	169	174	195	213	207	212	209	194	194	162	150	132
138	136	134	133	130	131	136	137	130	129	127	124	127	129	136	150	159	179	202	195	177	178	176	170	165	173	157	141
144	139	136	132	131	130	140	144	145	138	137	134	132	131	137	140	156	173	181	174	154	150	144	146	153	160	147	143
146	136	140	142	138	143	151	152	152	146	138	132	131	134	138	140	141	148	149	144	134	133	133	137	146	154	162	149
141	144	161	165	165	175	182	186	177	160	143	132	124	133	141	153	147	139	136	140	131	131	129	130	138	155	182	169
147	168	204	207	210	209	209	211	204	186	168	144	135	134	135	133	128	133	133	133	128	127	131	136	145	159	191	177
157	192	231	234	238	233	231	226	217	203	180	151	133	133	140	144	139	145	145	140	135	139	140	147	152	166	200	178
155	189	229	244	252	247	252	252	243	224	201	170	151	148	142	138	141	155	160	157	156	155	149	154	153	170	203	179
153	181	227	247	260	262	270	271	259	240	207	167	147	144	138	145	151	154	149	149	158	155	152	157	169	194	198	167
149	174	215	231	260	275	278	275	264	239	203	165	144	140	136	148	152	152	149	150	154	152	159	181	197	193	163	154
154	168	197	223	248	264	278	273	258	229	193	155	139	134	143	154	155	153	154	165	170	179	187	188	173	151	146	154
154	162	179	211	238	257	273	269	245	217	181	145	128	130	143	153	155	151	151	162	175	172	159	153	142	141	139	148
153	179	230	248	177	150	143	163	166	166	167	167	151	125	114	109	100	88	102	147	178	184	94	26	6	5	5	6
145	169	191	191	175	141	131	136	143	152	158	165	166	148	121	112	107	100	92	111	158	202	143	53	13	3	6	5
168	201	197	172	151	132	142	163	177	190	212	254	298	284	211	144	116	112	106	102	122	181	180	89	22	7	8	5
185	260	216	161	141	135	181	242	268	253	244	233	226	233	257	209	148	115	128	110	100	146	188	132	45	12	7	6
161	196	202	167	128	129	168	207	207	182	172	159	156	163	191	252	209	139	127	131	105	113	172	153	70	18	6	6
165	195	174	157	133	128	132	148	157	153	143	138	148	164	181	243	278	194	137	133	122	91	140	154	108	29	6	5
174	222	172	157	154	141	130	133	133	130	135	151	163	167	184	218	286	252	161	128	133	83	99	152	144	55	19	5
169	217	213	190	177	165	140	124	126	138	162	181	191	191	208	239	284	329	228	151	137	110	89	146	158	95	25	7
148	162	183	249	251	179	142	123	123	143	180	213	219	209	199	205	246	354	318	251	183	162	148	112	132	119	51	13
128	134	151	196	209	157	134	124	124	135	150	156	160	156	157	158	162	259	384	330	264	165	88	76	112	125	82	21
123	127	156	184	172	144	132	133	133	143	145	143	140	136	139	150	160	218	377	357	249	143	124	77	98	118	103	37
124	139	172	180	160	136	127	131	125	137	146	137	132	139	151	162	183	265	317	259	190	214	164	99	103	108	109	63
122	146	171	164	142	126	133	131	126	131	134	135	147	164	182	202	204	202	181	163	209	242	205	117	105	114	118	84
124	144	164	149	129	134	138	132	135	141	140	154	168	181	180	168	151	142	142	158	170	187	217	141	114	115	125	101
126	140	161	152	143	150	151	139	127	125	126	131	135	136	136	134	129	134	140	144	158	173	226	191	119	116	127	117
126	132	142	149	146	143	147	143	133	127	128	121	125	125	123	129	133	136	141	142	152	166	227	209	127	127	129	109
124	125	126	143	147	134	135	138	131	128	129	131	131	134	140	147	141	135	144	144	150	159	227	230	134	127	120	111
122	124	128	123	130	137	139	130	125	130	131	130	129	130	132	136	137	145	154	145	148	158	225	261	152	131	120	120
122	122	129	131	127	128	131	125	124	139	141	143	143	141	139	143	153	159	168	159	154	161	216	252	149	112	102	120
129	130	131	141	133	131	128	133	141	160	181	184	174	159	146	137	131	134	143	149	150	161	197	230	146	132	110	119
130	131	131	145	132	132	138	143	158	168	178	189	194	178	165	151	138	133	138	147	154	160	171	196	144	130	106	119
129	133	134	141	133	130	139	154	162	158	149	149	166	177	178	166	147	137	131	137	146	153	159	170	138	125	102	95
131	139	142	138	137	142	140	145	149	144	139	131	141	154	162	170	159	144	136	131	135	139	145	146	139	123	108	90
128	157	174	130	132	137	142	144	141	128	125	123	129	133	139	148	166	153	138	140	149	146	137	140	136	133	135	89
134	154	183	136	130	140	139	137	134	131	133	128	130	133	126	133	145	158	144	131	141	154	147	144	142	140	167	93
137	139	147	142	141	141	148	153	151	146	151	143	131	129	131	131	133	141	147	130	129	134	142	149	143	184	187	116
135	146	152	142	142	141	147	145	151	147	147	146	139	138	131	127	132	136	137	132	130	134	147	157	175	217	215	143
137	142	159	148	144	146	146	146	150	174	186	174	159	150	140	132	130	137	141	132	131	143	150	199	285	291	226	156
154	179	265	289	238	198	167	143	134	133	115	108	113	104	136	179	223	242	176	91	33	10	7	6	8	6	4	5
164	200	289	235	184	168	166	152	140	130	123	110	110	93	112	145	190	234	212	135	58	21	7	7	5	5	6	8
211	316	293	192	156	162	182	194	191	174	157	130	119	107	106	122	156	198	218	173	97	36	11	5	5	6	5	5
222	357	249	167	148	188	280	326	333	264	197	157	135	124	118	109	125	150	191	198	142	66	25	6	6	6	8	6
166	274	215	162	140	168	199	223	258	261	219	170	137	120	117	119	110	124	172	200	174	98	39	13	5	6	5	5
170	258	194	158	141	141	154	170	171	173	183	174	134	131	99	122	118	112	143	174	182	134	56	24	6	6	6	6
202	353	240	162	154	148	145	151	158	162	172	190	140	137	103	118	93	85	106	153	167	160	96	39	13	6	4	5
263	387	351	262	197	178	172	143	143	158	174	228	181	150	123	126	71	65	66	117	153	166	144	65	24	5	4	4
194	191	206	324	397	304	185	144	131	160	191	281	238	182	144	133	103	82	67	82	138	170	163	104	34	4	4	5
151	152	151	214	329	203	164	139	133	157	211	255	218	194	173	154	152	133	102	96	129	163	177	137	53	13	5	6
133	140	157	195	200	161	151	138	146	156	175	165	164	171	172	175	177	160	148	140	124	151	183	164	77	22	6	5
155	149	183	207	166	152	134	149	162	147	146	150	151	160	172	198	231	250	186	118	116	151	182	181	112	36	8	5
133	161	222	207	158	139	147	141	131	141	143	155	159	169	238	320	314	272	153	92	105	135	164	178	139	52	11	4
143	169	254	232	156	152	160	149	129	128	156	198	229	262	315	299	254	204	123	129	100	114	147	167	161	71	19	6
142	173	291	312	214	203	216	175	147	129	151	203	243	249	217	207	204	141	163	150	110	118	147	157	171	91	33	11
134	173	200	191	183	180	225	227	160	131	135	156	180	182	166	177	155	154	163	150	125	113	140	159	160	117	50	20
131	142	148	144	140	147	167	233	178	146	123	137	154	155	145	155	150	168	153	156	122	102	126	157	146	137	71	29
126	129	132	127	135	148	172	208	189	148	127	131	137	144	144	153	165	189	192	172	138	115	124	152	146	144	96	43
124	122	123	136	158	176	182	186	171	145	141	145	148	150	153	164	193	247	215	149	125	106	110	142	141	146	117	58
127	120	125	157	181	185	173	163	142	141	147	163	181	195	201	236	295	267	188	135	120	115	106	122	133	139	149	81
128	129	134	165	184	178	163	144	144	149	168	194	194	192	211	285	320	268	204	138	122	116	94	104	130	137	164	105
130	136	135	162	187	179	166	154	155	172	188	190	164	156	152	158	211	271	196	140	127	124	109	108	128	145	171	128
130	146	129	148	186	232	219	203	204	198	178	155	142	133	136	146	154	253	241	156	119	122	115	106	130	141	147	149
128	129	125	149	168	186	197	205	199	169	148	137	133	134	138	145	150	264	267	179	122	135	130	117	121	133	151	168
127	133	139	140	156	153	150	153	154	144	134	135	139	145	152	150	166	267	305	202	132	125	120	116	111	119	150	173
131	143	215	141	137	140	137	135	139	143	150	148	141	152	157	153	174	251	304	213	148	134	138	119	103	122	150	164
131	135	190	151	140	140	134	133	137	138	140	141	148	149	153	153	173	251	291	250	153	138	141	120	106	123	141	164
131	135	135	143	141	141	142	137	140	139	137	142	154	153	153	159	189	244	253	256	205	161	141	118	107	122	138	158
137	142	160	166	138	95	102	125	144	167	193	226	223	219	161	123	73	34	12	9	6	4	3	4	4	5	6	5
140	141	180	184	140	107	92	105	130	147	156	195	222	230	204	161	113	56	20	9	7	4	4	5	5	5	4	4
150	152	220	224	142	114	102	105	121	132	141	170	193	227	234	202	156	83	33	11	8	6	5	5	5	6	5	4
162	170	268	242	161	121	124	115	116	122	135	142	171	210	238	229	191	120	52	19	11	7	5	7	6	6	4	4
164	198	318	255	175	124	124	121	123	118	124	118	142	185	211	228	217	157	77	32	11	7	5	7	5	5	5	5
166	270	368	274	197	130	123	120	122	107	104	114	107	133	167	221	231	184	115	49	16	7	10	5	5	6	6	6
244	395	415	344	226	136	126	115	110	99	75	90	95	117	153	189	220	209	146	70	26	10	7	7	6	6	6	6
334	401	421	401	339	217	154	123	105	101	86	91	72	88	127	161	196	204	174	101	47	18	6	5	6	5	5	7
190	192	247	376	412	309	182	138	128	117	98	93	73	63	99	134	176	195	182	134	67	26	7	4	6	4	5	4
156	156	159	235	400	324	206	149	138	147	160	114	90	69	75	121	158	182	188	156	90	38	15	6	5	5	4	4
143	150	164	188	319	302	212	165	162	187	203	159	124	95	97	115	138	165	188	171	125	62	25	8	5	7	4	5
140	151	163	197	266	294	228	185	165	167	151	149	152	123	107	111	144	152	184	185	156	91	44	15	5	5	4	4
142	149	165	196	236	289	232	189	163	151	142	142	158	162	115	103	153	158	163	190	174	119	51	19	5	6	6	4
140	144	164	195	240	283	245	192	164	146	140	136	160	215	170	113	126	133	158	181	176	132	69	27	7	7	7	4
140	143	170	204	256	300	284	209	168	143	142	146	175	189	144	107	100	126	160	174	181	153	84	41	10	4	6	5
132	140	170	194	218	263	331	256	183	151	139	142	159	193	152	109	99	110	138	162	180	170	111	50	14	6	5	6
129	137	156	162	163	176	234	296	209	159	145	144	145	169	160	119	85	111	128	155	182	179	135	65	23	6	5	6
127	123	136	148	152	159	161	219	249	177	150	141	140	143	146	127	90	113	124	137	158	175	148	79	30	7	4	5
128	133	134	134	134	139	155	167	250	212	163	151	138	138	156	107	77	88	109	122	139	178	164	101	36	11	5	6
161	161	151	141	135	134	151	158	211	248	197	174	153	153	111	99	107	84	102	124	145	163	170	113	53	18	7	6
174	163	151	151	148	142	149	167	208	253	223	180	155	139	154	168	124	86	99	125	138	156	172	131	72	32	11	5
174	156	138	140	147	149	151	181	283	309	264	239	228	214	179	147	109	87	93	125	145	150	171	151	86	43	20	6
169	143	123	139	148	155	174	230	283	256	231	226	205	160	135	121	105	84	95	111	142	155	163	151	112	60	23	7
172	142	132	158	177	187	191	178	156	152	157	156	149	134	123	114	110	101	96	106	133	152	164	154	123	74	30	11
174	151	134	163	186	167	155	152	149	147	146	143	141	133	122	118	111	111	103	111	130	146	170	165	143	83	34	12
170	154	134	132	140	139	135	135	137	138	144	142	143	131	124	125	122	118	112	105	118	146	166	184	159	89	43	19
170	167	147	129	122	130	136	158	152	144	143	144	147	137	128	123	134	137	108	107	117	142	165	183	166	107	49	22
161	174	163	149	136	140	141	167	151	136	137	141	148	151	142	130	131	113	106	107	116	139	166	173	174	121	59	32
131	147	166	179	199	221	220	183	155	127	95	57	36	15	5	5	6	5	3	4	5	5	6	5	4	3	2	2
106	134	147	159	176	192	224	216	194	163	124	82	57	32	13	8	5	5	5	6	5	5	5	5	4	4	3	3
87	107	125	145	163	178	193	218	215	182	150	109	82	58	29	16	7	4	5	5	5	5	5	4	4	5	4	3
82	93	112	128	143	159	181	204	220	203	165	132	107	73	41	25	10	4	5	6	5	5	4	5	5	4	5	3
87	91	101	115	126	147	165	181	204	210	190	159	126	96	57	31	13	5	4	5	5	6	5	4	4	5	5	5
97	98	85	97	114	136	146	162	181	194	202	186	141	128	77	48	23	7	6	5	4	4	5	6	6	4	4	4
117	110	93	83	98	115	128	142	161	180	197	201	172	148	97	60	29	9	5	4	3	5	5	5	4	5	5	5
136	129	106	86	83	98	110	118	140	158	175	202	190	163	118	74	44	20	7	4	4	4	4	6	5	5	6	4
120	127	115	92	95	86	84	106	128	152	163	189	193	175	132	97	56	23	9	5	6	5	5	5	5	5	6	5
114	110	113	102	98	93	71	82	111	129	151	168	180	186	160	114	69	29	11	6	5	4	6	6	5	5	5	4
120	101	99	91	92	83	84	96	110	112	138	153	168	189	176	129	73	38	18	7	5	5	5	5	5	4	4	4
121	106	105	102	102	95	97	106	103	99	126	152	161	181	180	149	89	57	32	10	6	5	6	4	5	5	5	5
144	118	110	109	113	122	104	96	104	113	133	149	154	176	180	159	116	74	38	18	7	4	5	6	6	6	4	6
149	122	120	117	128	133	107	84	83	112	127	141	145	168	180	167	134	86	45	23	9	3	6	4	5	4	6	4
147	128	115	111	113	110	113	86	74	100	128	135	139	161	178	177	147	92	52	26	11	5	6	5	6	5	5	4
160	156	129	109	107	106	111	96	66	85	110	137	134	156	171	181	158	106	58	29	13	6	5	4	4	5	4	4
157	165	144	118	109	107	101	102	80	74	97	112	138	145	165	178	163	113	71	41	20	6	6	5	4	6	6	4
154	151	144	123	117	112	105	104	104	101	86	93	121	141	169	178	168	128	82	55	26	10	5	6	4	5	6	6
145	140	143	134	126	113	109	107	114	86	70	89	110	132	147	177	175	134	98	60	31	15	6	4	4	4	5	4
152	144	149	144	131	119	125	114	111	88	67	84	112	132	148	163	183	154	119	74	39	23	8	4	6	4	5	4
161	161	158	157	144	137	122	106	120	97	84	81	103	121	144	155	183	168	125	84	52	28	9	5	6	5	4	4
167	169	165	194	198	189	169	137	124	88	83	78	90	108	117	137	161	187	153	102	63	35	18	7	5	5	4	4
170	199	197	196	224	220	170	133	102	90	79	76	85	103	121	142	160	167	156	132	77	48	18	8	6	5	4	4
185	213	209	198	179	174	167	155	155	127	90	79	82	104	123	141	154	163	167	133	97	59	27	11	7	5	4	5
192	182	173	170	177	172	167	143	128	110	95	85	83	104	122	134	149	164	164	149	112	76	39	17	5	5	6	5
160	172	171	147	150	148	141	133	120	113	105	100	97	100	116	139	155	169	174	162	116	78	47	25	8	5	5	4
151	164	172	162	138	148	142	131	123	118	113	111	97	102	116	132	142	160	180	171	127	92	59	32	10	6	4	4
140	154	170	175	156	140	155	141	125	125	117	110	99	102	115	134	149	168	179	182	144	111	73	41	17	6	6	6
127	101	81	66	47	31	22	13	6	4	4	5	5	7	9	5	5	4	6	5	5	4	3	2	1	0	0	0
155	131	108	87	67	47	30	16	11	7	3	3	6	4	6	6	5	5	4	5	5	4	2	2	2	1	0	0
180	163	134	104	83	63	46	28	21	9	6	6	6	4	5	5	4	4	6	5	5	5	4	2	2	1	0	0
201	193	168	139	105	82	64	38	26	16	8	5	5	5	6	5	4	5	7	6	5	7	4	3	2	1	1	0
197	201	184	164	137	106	81	55	39	25	11	5	4	6	5	6	6	6	5	6	5	7	6	3	3	2	1	0
189	191	189	173	160	136	109	71	54	32	18	6	5	6	6	5	4	5	4	5	5	6	5	3	3	2	1	0
172	185	201	189	162	146	129	96	70	43	25	13	6	7	6	7	5	4	4	4	5	5	5	4	3	2	2	1
167	177	190	193	184	160	139	116	86	60	36	20	9	5	5	4	6	3	5	4	4	5	4	4	3	3	2	1
155	164	174	179	184	172	151	122	95	69	45	30	15	5	5	5	5	5	5	4	4	5	4	4	3	3	3	2
142	155	161	170	178	179	162	136	108	83	55	33	20	8	5	6	5	5	5	6	4	4	4	4	4	4	3	2
124	142	148	156	173	190	178	148	114	90	68	43	27	13	7	5	6	5	4	6	5	5	4	5	4	5	4	2
115	132	145	160	169	193	185	161	138	108	76	53	40	20	8	6	5	4	5	4	4	4	4	4	3	4	3	2
106	126	141	153	162	170	185	175	146	107	80	57	45	23	10	7	5	4	5	4	5	4	4	4	3	4	4	3
100	112	129	138	156	164	173	170	152	125	99	66	49	30	12	7	5	5	5	6	7	4	4	4	3	4	4	3
83	104	118	128	141	160	173	171	151	141	111	79	55	38	16	8	4	5	5	7	5	5	3	4	4	4	4	3
73	92	116	128	136	152	170	171	165	145	122	99	61	44	24	10	6	4	4	5	5	7	6	4	4	5	3	4
59	74	102	121	141	152	163	170	168	163	136	103	73	52	31	16	7	4	4	4	5	4	6	6	4	6	3	3
51	65	90	111	140	153	164	162	172	168	150	116	87	57	38	17	7	5	5	5	5	5	4	4	5	3	3	4
61	58	79	107	134	148	164	175	178	180	172	143	99	66	42	21	9	5	5	5	6	6	5	5	5	4	3	4
72	51	70	94	120	133	158	163	175	181	164	155	119	75	47	30	13	6	5	4	3	5	4	5	5	4	4	4
84	45	60	87	103	132	137	159	164	162	158	149	127	95	69	37	16	7	5	5	4	4	5	5	4	3	3	3
100	45	55	84	104	122	140	156	159	162	170	163	126	92	67	36	21	9	5	6	5	6	5	4	4	4	3	4
111	74	59	81	94	125	133	151	152	164	173	173	141	111	72	42	27	12	5	4	4	4	5	5	4	6	4	4
131	110	61	93	99	120	136	151	154	164	174	173	160	125	85	53	32	15	6	5	5	4	5	5	3	4	4	3
133	116	57	71	89	104	128	139	151	164	171	178	174	143	101	62	33	22	8	5	5	4	4	4	3	4	3	4
98	92	68	56	74	92	119	145	152	156	161	175	184	153	115	72	43	27	11	6	6	6	4	5	4	4	3	4
102	84	79	69	62	83	113	130	156	156	167	179	179	163	134	90	60	37	16	7	6	6	5	5	4	4	4	3
109	94	85	92	78	83	107	130	149	158	153	177	181	172	143	109	79	47	25	12	6	5	4	5	4	3	3	3
5	4	3	4	5	5	3	3	5	4	4	4	4	3	3	4	3	3	1	1	0	0	0	0	0	0	0	0
5	6	6	4	5	5	3	4	4	4	5	4	5	5	4	4	3	3	2	2	0	0	0	0	0	0	0	0
7	7	7	5	4	4	3	3	3	5	5	5	4	5	5	4	3	3	3	1	0	0	0	0	0	0	0	0
8	6	6	5	4	4	6	5	3	4	4	4	4	3	3	3	4	4	4	2	1	0	0	0	0	0	0	0
12	12	10	7	5	3	6	5	4	5	5	3	5	5	4	5	5	4	4	3	2	0	0	0	0	0	0	0
20	17	11	8	7	4	4	6	4	5	4	3	5	6	6	6	4	4	4	3	2	1	0	0	0	0	0	0
32	26	14	9	6	3	6	6	4	4	5	4	5	4	5	3	4	3	4	3	3	2	1	0	0	0	0	0
41	25	18	14	6	6	6	5	4	4	5	5	4	5	5	3	4	3	3	4	4	3	1	0	0	0	0	0
46	33	22	15	10	5	4	5	5	7	5	6	4	6	6	4	4	4	4	4	5	3	2	1	0	0	0	0
60	44	32	20	15	10	6	5	6	7	6	6	6	5	5	4	4	6	5	4	4	3	2	1	0	0	0	0
77	56	37	25	20	11	6	6	5	5	5	5	5	4	4	4	4	5	4	4	4	2	2	1	0	0	0	0
81	59	50	38	24	14	10	7	6	3	5	7	5	6	5	6	4	4	5	4	4	2	2	1	0	0	0	0
86	74	59	43	34	21	13	7	5	4	5	5	5	5	4	6	5	5	5	5	4	4	3	2	1	0	0	0
104	84	72	52	39	30	17	7	6	6	6	4	5	4	7	6	5	5	5	5	5	4	3	1	1	0	0	0
106	95	80	66	45	35	24	11	7	7	5	4	5	3	4	5	7	4	5	4	5	4	3	2	2	1	0	0
115	105	91	74	52	37	29	16	10	6	4	4	5	5	5	4	4	5	6	5	4	4	3	2	2	1	0	0
130	114	93	76	60	51	32	16	8	8	6	4	6	7	4	6	4	3	4	4	4	4	3	3	2	1	0	0
138	124	106	85	71	52	36	25	10	8	4	5	5	5	5	4	4	5	5	4	5	5	3	2	1	1	0	0
145	134	118	103	89	69	48	25	18	10	6	5	5	4	3	5	5	5	5	5	3	4	3	3	3	2	1	0
157	150	131	106	101	81	62	33	23	14	7	5	4	4	5	4	5	4	4	4	4	4	4	2	3	3	1	0
167	150	131	121	106	76	56	40	30	20	7	5	6	5	5	4	5	5	5	5	5	4	3	5	4	3	1	0
160	166	142	120	109	87	63	46	28	20	9	6	5	5	5	6	5	5	6	4	5	4	3	4	3	2	2	1
168	165	153	127	114	96	73	60	36	22	14	10	4	5	6	4	5	5	4	6	4	4	3	4	2	2	2	1
174	171	158	141	123	99	85	74	49	30	20	13	7	5	5	5	5	5	4	3	5	5	3	3	3	3	3	1
168	172	169	154	129	111	94	79	56	35	25	15	10	5	5	6	5	4	5	4	4	4	4	3	4	4	3	2
172	176	171	158	137	136	106	89	64	42	30	18	13	7	4	5	4	3	4	5	3	4	4	3	3	3	2	2
176	181	180	171	152	136	119	91	69	56	40	23	11	6	4	5	4	4	4	4	4	6	6	4	3	3	3	2
165	178	183	178	152	130	119	94	78	61	42	30	15	6	5	3	3	5	4	5	3	5	4	3	2	3	3	2
4	4	3	6	4	4	5	4	2	2	2	2	1	0	0	0	0	0	0	0	0	0	0	0	0	0	0	0
5	4	5	4	3	4	5	4	4	3	3	3	1	0	0	0	0	0	0	0	0	0	0	0	0	0	0	0
5	5	6	4	3	4	5	4	4	4	3	2	2	1	0	0	0	0	0	1	0	0	0	0	0	0	0	0
4	5	7	6	5	4	4	4	3	4	3	2	2	1	1	0	0	0	0	0	0	0	0	0	0	0	0	0
4	4	5	5	6	6	5	5	4	5	4	3	3	2	1	0	0	0	0	0	0	0	0	0	0	0	0	0
5	6	5	6	5	5	4	6	5	4	3	3	4	3	2	0	0	0	0	0	0	0	0	0	0	0	0	0
5	5	6	6	6	5	4	5	5	5	4	4	3	3	2	1	0	0	0	0	0	0	0	0	0	0	0	0
4	6	5	4	6	6	5	5	4	4	5	3	4	4	2	1	0	0	0	0	0	0	0	0	0	0	0	0
4	6	4	5	4	3	5	6	5	4	4	3	3	3	3	2	1	0	0	0	0	0	0	0	0	0	0	0
6	5	5	6	4	4	6	5	5	5	4	4	5	3	3	2	1	1	0	0	0	0	0	0	0	0	0	0
4	4	5	4	5	5	5	4	5	4	4	5	4	3	3	2	2	1	0	0	0	0	0	0	0	0	0	0
4	6	4	6	5	6	5	5	4	6	4	4	4	3	4	2	1	1	0	0	0	0	0	0	0	0	0	0
5	5	5	7	5	7	6	4	6	5	4	5	4	5	4	3	2	1	0	0	0	0	0	0	0	0	0	0
5	6	6	5	5	4	5	4	5	6	6	4	4	4	4	3	2	2	1	0	0	0	0	0	0	0	0	0
4	3	4	4	5	6	5	4	4	5	5	5	5	5	5	3	3	2	2	1	0	0	0	0	0	0	0	0
5	3	4	5	4	5	5	6	4	5	4	5	5	4	4	3	4	2	2	1	0	0	0	0	0	0	0	0
5	4	4	6	4	6	5	5	4	4	4	4	4	4	4	3	4	4	3	1	0	0	0	0	0	0	0	0
4	4	5	4	5	5	5	5	4	4	5	5	3	4	4	4	5	3	2	1	1	0	0	0	0	0	0	0
4	4	4	5	4	5	6	5	6	3	3	7	4	4	4	4	4	4	3	2	1	1	0	0	0	0	0	0
6	5	4	4	4	4	6	3	5	5	4	4	4	5	4	3	3	3	3	2	1	1	0	0	0	0	0	0
6	5	5	5	5	4	4	5	4	4	5	3	3	5	5	4	3	3	2	2	1	1	0	0	0	0	0	0
5	6	5	7	7	5	5	5	4	6	5	4	3	5	4	3	5	4	3	2	1	1	0	0	0	0	0	0
7	4	5	6	6	4	4	4	6	5	4	3	4	4	6	3	5	4	3	3	2	1	0	0	0	0	0	0
8	6	5	5	5	3	4	4	6	4	5	5	3	3	4	4	5	4	5	4	1	2	1	0	0	0	0	0
8	8	6	6	5	5	4	4	3	3	4	4	3	3	3	4	4	4	5	3	2	2	1	0	0	0	0	0
15	7	7	6	5	3	4	4	4	6	5	5	5	3	4	4	4	3	2	2	2	2	1	0	0	0	0	0
15	11	8	6	5	3	4	4	6	4	5	4	3	3	3	3	4	3	4	4	3	3	2	1	0	0	0	0
19	14	11	5	5	5	4	2	4	5	3	3	3	4	3	3	3	3	4	3	3	3	2	1	0	0	0	0
