8	10	12	12	8	11	13	12	8	11	9	9	14	14	12	35	88	143	214	282	332	364	399	404	438	400	441	404
11	10	13	14	11	11	10	10	11	12	15	16	12	15	29	87	173	240	283	325	359	380	385	411	374	385	386	287
10	10	11	11	10	10	8	10	10	14	13	13	15	19	65	172	240	281	325	366	376	373	387	411	379	322	272	207
8	9	10	11	11	10	8	10	11	14	14	13	12	41	122	219	284	318	351	356	361	373	377	349	289	234	204	164
10	8	10	13	11	10	10	12	12	14	15	16	25	80	161	235	304	342	352	369	357	336	322	261	207	179	142	125
10	9	8	12	9	9	12	11	14	15	14	17	46	121	225	282	312	338	353	348	329	270	221	166	137	114	131	138
11	9	9	9	9	11	10	14	10	12	15	24	66	188	270	314	328	351	352	327	261	212	144	119	121	116	125	138
9	8	8	9	12	11	12	16	16	13	16	37	79	184	265	299	360	359	345	265	206	152	119	114	128	131	137	148
9	8	7	8	10	11	12	15	14	16	16	34	78	233	324	344	374	372	306	222	156	117	144	139	168	157	142	150
10	8	7	8	9	10	12	15	17	17	21	29	103	280	297	388	435	371	272	191	131	125	155	147	180	177	189	198
9	8	7	10	9	14	14	14	15	12	26	42	150	277	332	395	370	308	212	174	142	121	144	167	199	226	237	224
9	10	7	9	7	12	15	15	13	14	27	62	181	295	327	313	345	293	198	149	148	135	127	186	205	242	274	263
11	9	10	7	11	11	14	13	13	20	27	82	193	297	355	348	380	332	215	127	136	137	148	163	190	222	254	270
11	11	9	11	12	12	12	14	17	21	37	104	203	309	371	394	365	272	160	137	131	123	130	126	175	192	227	280
8	10	12	11	11	13	13	14	16	20	48	127	234	332	393	402	352	217	137	144	139	124	114	109	121	137	195	271
11	10	9	9	12	12	11	12	15	21	71	154	250	320	412	357	294	215	159	149	149	133	118	97	91	131	200	271
11	10	12	11	14	13	11	11	14	35	95	201	268	310	389	348	231	228	185	154	159	130	130	125	118	155	248	252
10	10	12	12	13	14	13	12	27	60	146	246	316	378	401	339	222	243	201	162	182	166	178	156	129	149	205	226
11	10	11	10	14	15	11	18	38	105	208	299	419	496	480	340	288	270	251	250	283	250	184	159	127	141	171	192
12	14	15	15	13	11	13	29	66	164	268	403	526	595	552	479	429	343	329	315	240	196	191	188	145	118	174	329
9	12	13	14	12	16	19	29	91	203	346	500	610	668	610	551	484	382	329	310	211	244	257	231	157	134	252	430
10	10	12	12	14	14	15	31	101	249	471	592	677	623	590	554	496	451	366	332	242	283	275	207	159	192	253	309
11	12	13	13	13	15	19	38	106	300	518	602	686	699	681	606	547	459	479	302	267	267	248	189	186	230	223	251
10	11	12	14	13	15	17	38	122	338	542	494	487	562	600	588	539	445	503	445	329	305	241	213	220	174	196	271
13	12	9	12	13	12	16	39	137	364	517	604	642	700	751	763	715	592	446	460	462	375	284	261	196	142	181	196
12	12	14	14	15	15	19	49	163	386	529	643	637	658	792	818	785	699	591	544	345	434	405	293	195	172	155	138
11	13	13	11	14	15	20	56	183	388	507	605	691	751	777	787	761	659	630	580	498	539	516	363	242	213	166	170
11	15	15	14	14	12	19	61	202	399	475	596	705	760	756	745	702	676	672	565	609	661	543	472	344	257	243	231
9	9	11	11	13	13	13	13	13	13	15	47	123	134	138	200	240	226	228	216	280	300	297	299	284	295	404	423
12	11	12	13	15	13	11	13	16	18	29	89	144	156	208	248	250	215	197	208	263	274	290	298	313	385	400	328
12	10	10	12	11	13	11	11	16	33	70	106	154	162	215	279	230	184	183	244	277	276	291	333	340	371	304	296
11	10	11	12	13	9	10	13	20	49	94	148	188	232	218	247	200	167	182	229	256	293	311	324	312	299	289	302
13	10	13	14	14	13	14	17	31	78	130	184	217	261	265	231	184	175	209	255	268	303	317	292	312	289	327	399
11	11	11	13	14	13	14	17	51	121	166	201	234	243	282	225	164	192	233	279	289	301	289	303	325	345	461	447
12	11	11	12	11	12	13	26	77	135	175	222	222	280	279	198	169	207	274	277	275	293	284	304	306	433	443	344
12	11	11	12	13	14	17	48	90	140	192	239	203	246	194	169	187	218	301	264	281	303	336	300	291	406	321	316
12	11	12	13	13	12	17	62	113	156	174	219	196	259	227	186	200	254	298	281	293	334	387	306	315	394	320	322
13	10	11	12	13	15	31	81	124	159	171	193	212	286	205	210	233	316	278	290	305	376	415	303	317	392	359	372
11	12	13	11	11	15	35	85	135	161	193	199	237	249	224	234	250	290	252	305	313	429	414	329	330	403	408	389
12	12	12	13	13	20	44	90	127	166	208	241	271	243	210	202	235	248	247	302	340	459	378	334	325	396	484	423
13	11	10	10	13	23	52	96	130	181	233	262	261	247	236	220	240	230	218	276	402	429	352	326	348	393	535	550
12	12	10	10	13	25	58	109	154	199	227	282	253	258	245	238	230	206	201	282	371	362	336	344	375	410	514	635
11	12	12	12	14	25	62	114	168	200	249	301	275	252	259	253	245	254	164	273	322	346	356	364	419	446	527	632
10	13	11	12	14	26	61	118	185	225	278	322	269	232	267	234	243	245	195	226	260	298	344	386	423	502	622	533
11	13	13	14	19	37	84	133	195	247	289	345	251	229	263	230	214	216	159	149	239	308	318	331	338	418	509	430
13	13	14	15	25	57	108	157	210	322	392	383	277	289	283	229	244	191	113	132	225	250	269	308	324	367	390	403
12	12	14	20	42	86	137	181	256	381	434	424	432	427	350	247	291	240	165	154	206	227	231	286	317	347	371	382
11	14	21	38	67	101	141	219	314	436	456	542	571	518	381	329	357	264	213	192	163	178	194	249	256	279	366	499
10	13	24	53	75	100	138	247	374	463	522	596	632	578	414	401	384	300	233	196	142	171	195	187	251	386	573	674
9	11	26	58	78	91	139	229	372	504	616	665	695	530	371	358	385	319	236	216	171	222	240	262	393	518	484	472
12	13	17	39	76	92	121	205	347	472	639	659	710	605	464	376	404	296	260	231	206	226	290	341	404	427	414	425
13	10	14	26	57	90	110	174	323	474	637	577	534	570	471	380	412	290	305	305	213	208	265	280	321	346	395	461
12	11	13	13	40	73	107	193	313	454	601	691	693	639	538	463	440	339	298	301	256	214	231	260	260	297	357	403
13	12	13	12	26	47	72	151	272	409	584	718	712	640	574	522	467	392	348	361	245	253	245	218	214	281	298	311
12	14	12	13	19	39	75	116	188	436	611	702	741	696	582	520	521	374	411	383	298	305	282	230	219	257	271	385
14	14	14	13	15	37	81	107	190	472	624	697	726	710	577	532	471	422	473	347	369	374	296	283	242	247	338	410
11	12	10	10	13	1	0	34	116	167	152	170	213	205	211	236	197	200	241	228	370	442	403	359	358	469	621	613
13	12	11	12	9	0	16	94	149	134	126	173	217	220	249	266	230	224	230	247	313	419	490	495	588	626	495	389
12	12	13	13	0	3	67	125	138	155	164	172	217	215	273	307	261	212	221	287	332	399	497	591	563	448	368	371
12	12	13	5	0	35	111	141	148	157	179	220	255	277	272	303	247	253	275	278	322	408	587	541	380	368	368	370
12	11	10	0	8	83	135	150	148	186	224	270	282	297	329	330	257	286	381	309	327	469	604	396	405	384	393	460
11	12	4	0	38	110	140	142	169	226	266	294	282	278	353	314	253	327	456	336	353	533	531	392	449	476	584	672
14	13	1	2	59	124	145	140	202	240	255	258	261	320	348	294	268	341	498	347	372	565	545	408	408	591	706	570
12	11	0	15	78	139	143	175	207	230	223	254	275	329	323	331	288	349	554	380	420	587	625	433	378	529	519	417
13	7	0	24	107	153	162	207	218	218	196	278	315	332	303	351	331	387	600	456	448	589	667	457	393	498	485	443
16	5	0	37	132	188	177	222	213	200	193	279	328	348	249	271	346	472	607	538	450	595	704	453	401	490	491	514
16	4	3	62	155	169	178	220	250	214	212	292	311	312	270	238	356	526	620	588	453	631	694	463	399	466	486	528
16	1	11	95	160	184	206	233	262	228	225	316	317	245	212	208	297	465	611	597	487	681	641	442	398	440	539	581
15	0	16	103	165	203	223	240	262	236	235	302	286	237	202	187	243	397	569	581	595	694	514	423	441	439	571	642
13	0	23	100	159	194	227	253	282	251	223	286	241	212	177	171	213	356	553	593	597	520	425	447	447	457	521	605
13	1	44	116	152	189	238	273	302	266	263	283	221	164	144	144	196	350	498	617	542	465	479	515	603	583	547	656
12	7	77	140	178	199	253	297	346	312	292	298	202	123	114	167	191	285	456	500	517	607	683	727	779	713	781	705
17	30	106	161	186	229	296	332	387	381	328	295	159	115	126	173	209	290	298	435	629	672	526	468	470	582	611	471
29	81	138	175	200	242	318	375	407	477	439	335	185	156	141	142	206	177	255	456	508	405	384	416	402	462	482	455
50	92	137	157	223	273	337	424	483	515	474	379	299	237	183	189	221	187	224	261	302	336	362	399	408	419	445	460
65	95	132	164	234	308	358	474	565	558	464	438	393	305	201	251	302	193	187	231	277	326	330	407	413	384	413	468
59	113	145	148	172	281	374	527	604	604	522	477	435	353	195	270	319	225	204	236	252	268	288	351	549	511	576	656
41	92	157	144	152	216	348	494	609	642	587	515	473	336	171	219	328	217	194	221	212	277	365	502	752	756	563	602
15	42	122	143	134	186	317	460	587	600	618	538	489	366	198	229	301	153	156	230	286	457	576	579	562	629	597	535
15	13	60	111	111	135	236	422	516	558	632	548	450	397	221	253	302	153	163	198	303	396	405	393	397	428	503	501
14	9	28	66	94	104	135	279	453	525	608	621	561	407	223	265	250	147	176	174	236	238	303	347	352	377	374	400
14	11	12	46	76	66	178	143	351	475	597	632	596	426	238	300	241	180	208	225	196	178	242	300	332	384	376	384
14	13	9	23	50	45	163	177	181	507	630	617	647	443	250	305	275	230	302	295	163	157	288	391	442	476	464	564
16	13	12	8	38	64	130	174	145	539	655	622	635	464	262	302	248	258	337	244	141	208	333	316	363	477	542	585
12	14	14	2	0	94	154	158	189	226	249	261	284	312	310	280	304	475	490	501	717	844	596	431	461	574	663	686
13	12	10	0	46	144	147	179	213	213	214	224	273	304	284	337	474	453	363	396	453	735	890	690	685	686	540	455
11	12	5	9	114	140	162	181	205	214	233	262	276	282	346	456	545	364	368	413	437	520	816	948	785	582	466	404
12	10	0	58	140	165	181	201	216	218	280	310	304	315	460	611	458	408	436	400	435	482	751	819	511	479	445	362
11	2	5	105	153	189	197	226	219	245	293	342	369	430	611	540	400	455	588	437	394	544	811	529	395	378	342	354
13	0	45	131	168	195	213	221	220	247	297	360	414	530	518	428	424	476	724	500	390	610	770	451	403	405	454	578
13	1	89	149	182	199	211	201	226	261	296	352	474	558	461	436	446	478	747	526	388	591	702	503	385	430	602	570
10	21	104	157	193	207	212	206	227	297	323	407	551	551	598	563	452	481	786	552	430	572	664	590	412	399	505	421
13	46	122	171	215	219	226	220	270	329	283	373	553	496	484	653	527	489	824	635	443	523	654	622	391	379	459	436
20	67	138	177	234	264	235	236	289	260	308	379	449	552	392	464	587	524	829	762	438	504	675	545	373	380	446	481
28	71	144	198	267	281	270	238	288	240	362	413	362	479	430	368	531	624	843	834	457	489	637	478	344	379	458	494
35	87	165	240	279	304	325	275	286	241	372	385	355	332	347	341	428	613	827	811	472	528	580	421	368	409	516	535
47	118	199	250	261	328	355	311	275	238	335	335	358	341	328	328	380	562	862	794	509	584	462	398	434	493	507	508
66	147	192	224	246	323	370	333	258	206	307	312	322	311	304	334	379	555	898	822	550	460	360	403	467	545	450	410
88	165	212	230	254	334	402	362	236	195	299	302	311	304	293	379	521	630	904	905	618	441	463	567	676	622	433	489
101	189	253	250	278	334	427	397	265	211	293	279	272	303	297	333	432	568	812	840	812	841	890	852	869	776	778	783
119	216	249	236	285	363	447	420	304	250	305	259	201	179	174	214	376	600	624	850	975	931	712	564	589	736	745	580
145	265	244	245	303	376	444	454	375	275	260	222	162	127	112	156	319	370	668	882	821	656	565	474	427	566	626	566
196	263	225	229	337	368	420	490	444	333	215	160	117	84	106	184	172	379	601	505	503	546	567	469	412	426	498	584
196	233	203	180	254	335	364	460	504	392	285	180	142	120	145	226	246	448	402	408	461	478	464	502	470	382	404	460
201	245	193	151	157	273	354	424	446	425	292	194	197	246	219	250	380	464	364	418	439	408	399	469	600	418	401	468
193	266	201	153	162	216	330	442	433	431	309	220	219	272	274	253	442	416	363	391	361	367	434	537	687	604	458	522
94	243	251	163	135	188	293	441	472	454	360	258	194	206	201	247	391	333	343	364	419	655	718	605	524	663	596	514
37	124	258	199	108	107	210	405	451	433	393	304	249	178	145	260	336	326	307	296	560	700	538	526	475	446	517	467
26	46	170	252	132	86	103	179	395	414	407	322	306	173	153	282	289	317	292	282	542	440	407	398	376	316	291	289
18	30	73	259	200	88	255	58	281	400	415	364	348	175	142	309	234	270	331	307	437	353	381	413	402	374	352	348
13	13	35	180	246	72	259	207	139	412	412	388	404	178	133	318	199	248	353	369	391	335	456	551	582	600	553	573
16	10	25	95	239	109	220	281	86	415	425	412	416	183	126	297	213	230	342	388	410	494	567	480	466	555	543	531
14	9	1	53	175	284	274	241	178	154	240	313	380	541	563	430	520	765	779	723	792	971	685	346	316	331	397	488
12	1	12	118	227	272	235	180	150	213	272	383	402	442	440	465	693	681	464	459	432	720	1024	539	356	382	434	450
13	0	54	162	266	240	189	132	202	282	325	469	477	398	431	565	737	513	372	369	371	408	875	944	640	609	495	394
12	13	103	214	254	227	145	174	243	306	412	492	551	439	583	811	627	398	326	324	342	339	493	881	646	539	479	356
10	51	157	235	247	198	158	230	244	302	388	468	632	624	807	718	421	335	403	366	292	347	568	604	400	337	313	313
22	105	202	248	239	170	190	249	244	345	442	469	680	825	621	424	349	306	524	492	297	372	677	593	390	363	340	366
51	148	238	256	220	152	180	257	342	397	527	608	764	833	539	410	342	297	568	600	306	313	562	616	446	362	345	400
73	179	240	235	190	169	215	281	396	491	639	821	896	658	581	445	320	311	617	640	334	303	447	661	484	332	347	378
98	209	243	243	195	185	216	290	424	559	540	578	760	552	433	519	369	311	677	675	356	307	426	636	384	302	334	366
105	221	272	243	211	192	213	307	425	430	524	464	487	668	386	379	444	327	688	772	385	343	429	506	324	317	380	407
91	211	274	268	243	246	265	294	371	345	571	519	363	481	403	326	413	384	689	831	417	347	413	428	307	391	535	452
132	232	300	302	217	202	305	293	384	356	605	555	381	332	363	360	358	406	624	826	435	379	424	387	362	545	591	435
191	291	342	321	242	202	299	310	337	375	617	513	405	386	446	491	403	393	668	839	464	433	436	424	534	684	535	438
231	313	320	287	281	325	345	341	294	395	656	478	411	412	470	538	525	505	843	884	480	445	467	532	607	679	503	461
261	327	318	287	305	385	406	376	274	393	571	462	448	468	496	597	770	872	978	917	587	516	598	611	661	644	469	534
267	357	315	290	331	386	409	368	240	314	496	411	408	506	505	441	630	862	933	936	798	773	800	677	672	819	839	813
287	343	256	261	344	427	469	317	222	287	442	394	352	330	314	274	507	815	855	931	796	784	718	600	709	925	872	686
320	324	207	218	307	414	491	425	206	202	336	341	287	257	252	285	526	627	912	904	745	728	640	518	624	749	737	692
359	273	137	193	300	321	404	449	339	176	122	169	177	184	201	198	329	718	937	658	568	610	639	561	582	588	651	806
313	210	165	137	175	212	266	324	372	356	280	132	80	100	191	135	291	838	690	537	543	540	547	538	605	559	554	606
374	234	149	128	137	174	189	235	266	310	307	168	185	349	337	243	533	775	500	467	482	480	421	373	441	425	403	454
420	339	127	156	183	171	216	305	272	272	210	185	275	472	392	356	612	592	467	450	411	361	343	361	401	439	409	397
225	387	270	172	193	176	178	325	348	341	218	152	212	341	341	369	506	530	480	438	394	491	494	426	429	550	465	430
76	233	404	278	184	150	168	311	388	387	255	119	242	269	276	335	431	523	459	403	580	633	491	530	483	456	472	441
70	120	329	420	235	163	169	204	341	331	308	191	318	261	283	332	390	519	432	409	660	478	364	323	334	292	286	285
46	95	206	456	331	173	242	152	215	250	302	247	332	254	269	339	305	408	417	386	587	471	400	343	315	317	317	315
34	39	136	362	420	143	249	219	119	213	269	321	325	250	262	324	253	269	376	388	569	521	479	424	381	427	447	447
26	22	82	230	381	153	309	384	153	240	250	357	314	222	252	319	250	313	460	554	775	743	547	427	315	319	351	348
12	15	77	235	458	346	105	160	272	335	387	499	436	592	684	458	322	406	632	560	386	648	884	391	277	263	289	295
13	50	142	354	392	128	124	232	315	390	401	630	490	382	414	308	304	543	539	505	345	461	969	532	322	284	293	334
35	89	211	390	219	103	194	255	398	594	455	588	625	339	270	256	444	612	395	312	316	391	867	849	470	421	370	339
58	135	311	330	90	152	260	366	434	544	485	492	701	359	292	469	634	506	299	248	264	334	434	850	664	420	389	333
78	219	385	191	89	192	314	456	396	410	402	396	667	409	400	744	544	323	256	267	254	280	331	570	465	335	307	298
119	341	339	134	156	245	339	467	428	511	560	385	555	548	449	501	326	250	277	329	268	270	375	600	430	361	315	308
196	387	239	96	187	306	360	497	683	598	681	541	523	635	585	524	271	241	325	517	326	268	308	464	481	404	302	308
238	371	162	82	199	362	427	593	787	640	645	823	778	451	368	314	258	272	433	644	359	282	268	359	410	307	287	288
263	335	106	119	245	367	453	686	637	572	518	571	658	388	263	231	253	289	588	636	387	324	284	311	293	267	306	304
258	280	123	168	280	345	379	634	537	426	409	315	343	472	297	234	250	321	651	674	411	371	309	315	277	308	441	438
201	231	139	241	321	341	365	532	510	355	309	332	254	274	270	253	273	332	653	723	410	385	390	374	320	453	679	528
263	233	176	296	207	187	361	432	585	405	357	503	277	226	311	362	328	326	525	811	445	434	529	403	395	669	609	482
354	245	235	390	375	183	323	376	504	430	475	489	252	278	479	618	443	334	502	895	556	525	579	478	646	663	453	477
373	235	285	403	515	430	342	403	504	619	665	379	254	316	486	588	608	464	680	910	548	491	656	676	588	408	425	522
355	232	259	392	479	496	409	423	529	688	578	334	276	344	424	406	519	765	824	806	531	555	696	458	363	352	442	608
316	212	252	433	547	478	347	381	472	541	474	334	324	347	313	289	384	734	799	769	479	514	526	374	368	543	714	651
314	176	252	531	630	632	462	196	450	581	458	357	375	355	354	348	364	662	807	737	460	466	445	401	529	737	606	445
329	129	224	447	541	602	652	447	157	460	532	475	443	413	434	452	468	689	808	722	489	509	470	444	691	614	510	508
310	100	200	388	417	384	478	574	451	186	250	361	434	428	398	306	539	782	870	751	566	540	512	583	694	616	670	767
300	133	257	304	290	265	354	421	499	533	412	176	86	193	312	169	570	906	819	677	657	658	684	638	816	772	687	585
444	170	276	323	327	323	343	489	464	481	591	398	246	367	265	188	699	760	532	514	607	638	534	436	577	493	465	545
479	286	316	409	389	335	357	529	564	459	457	392	378	609	224	433	715	468	412	449	461	419	472	508	497	486	470	440
278	325	392	486	468	373	354	509	620	564	425	329	350	530	302	632	551	455	443	393	363	390	405	378	358	391	378	341
155	299	440	527	520	415	361	537	609	619	495	275	446	517	339	556	484	452	429	366	419	407	377	369	311	308	323	331
186	292	443	529	541	451	358	425	497	514	515	381	519	510	346	445	481	453	392	381	463	403	307	280	309	298	322	366
159	289	436	511	507	417	298	349	380	364	493	337	439	491	345	375	439	436	351	309	330	380	360	286	252	286	339	377
134	219	391	468	470	331	198	264	281	245	399	333	414	487	331	288	365	435	433	386	364	455	519	421	275	277	323	338
73	154	292	395	354	270	280	429	416	304	289	350	393	471	350	250	353	623	674	638	625	564	453	342	279	295	310	293
16	103	419	399	117	214	289	283	436	553	540	641	468	306	396	624	518	425	330	327	325	439	946	492	299	274	257	272
51	297	485	178	155	281	321	453	669	650	420	521	570	326	384	413	316	290	382	356	296	359	829	623	343	305	273	286
152	425	288	117	233	339	393	428	573	712	406	390	589	396	259	230	246	330	390	292	308	344	601	710	477	362	294	309
245	430	158	212	286	413	551	530	380	521	471	310	512	424	266	285	331	441	336	256	290	318	391	528	444	370	305	288
331	341	143	269	331	424	523	612	387	319	320	278	423	374	258	485	531	375	262	254	253	276	290	330	415	385	314	284
392	230	202	321	404	563	470	543	473	343	339	310	297	293	320	542	404	264	262	264	261	269	264	281	363	352	300	290
400	137	125	271	499	774	561	480	537	405	337	388	282	408	569	600	291	275	282	306	284	269	282	287	300	288	287	284
313	71	73	331	662	734	575	471	542	428	290	534	571	570	444	304	254	295	331	463	398	309	269	264	262	269	279	289
203	61	93	478	676	501	557	609	467	369	312	616	611	360	249	221	253	277	379	528	505	376	286	266	291	284	313	320
190	48	161	509	496	448	382	513	527	359	353	383	299	269	240	228	248	280	395	568	534	428	395	366	332	313	370	354
199	55	232	411	381	435	359	342	468	382	253	233	227	234	246	292	339	343	386	711	518	427	536	487	371	405	440	343
182	131	276	401	311	384	409	319	328	333	263	284	261	249	373	562	503	424	427	768	499	429	633	472	411	509	391	330
195	144	468	560	401	447	557	430	331	297	322	332	265	266	389	574	595	459	542	747	422	423	610	440	471	468	336	339
186	317	645	593	481	408	472	523	464	407	376	337	276	255	286	354	547	529	494	629	378	383	533	422	413	370	345	364
173	365	491	410	345	358	497	456	358	337	323	342	335	294	241	304	492	535	424	512	407	370	444	402	369	347	352	390
132	252	499	445	308	139	340	535	394	323	307	388	451	391	270	263	411	587	437	473	417	383	392	411	387	402	405	395
120	242	512	545	529	442	142	234	485	401	367	462	494	457	361	284	369	601	447	440	437	448	424	420	400	413	409	365
74	85	361	575	652	679	645	396	279	371	329	508	511	419	357	330	362	601	468	454	496	533	481	410	396	409	410	403
45	259	620	625	504	438	500	640	550	357	239	280	606	512	410	429	441	641	506	503	456	499	447	427	385	403	439	438
229	450	411	298	217	212	267	466	607	621	531	325	292	484	412	381	715	806	600	577	509	458	494	487	398	409	426	413
372	274	431	595	546	367	411	637	750	738	655	645	440	271	158	112	662	780	698	712	824	519	453	471	428	395	432	415
233	436	717	822	796	607	370	635	760	776	794	665	383	352	119	232	649	647	534	692	690	522	691	599	448	423	427	378
293	644	830	877	881	786	461	505	806	792	847	728	413	495	249	632	704	673	537	453	446	492	483	461	417	363	372	357
374	692	854	880	887	852	584	422	769	771	838	775	570	536	448	635	502	585	533	445	395	350	361	359	331	289	320	436
367	661	853	868	877	868	644	406	739	699	658	588	519	491	544	461	369	404	439	461	444	349	298	289	292	275	389	648
356	644	842	863	875	859	634	396	743	674	603	467	389	422	528	432	326	285	267	258	301	277	273	275	284	307	508	725
337	640	820	855	865	822	534	412	692	571	510	353	380	443	425	422	362	421	451	371	334	311	318	292	283	324	436	503
195	526	743	813	811	689	361	482	687	544	394	301	424	509	348	492	604	637	534	518	440	354	310	264	272	307	318	296
129	465	241	125	252	317	534	741	906	754	485	370	405	344	316	310	415	562	501	290	316	395	828	539	281	280	278	267
376	400	102	226	298	557	862	854	883	701	504	402	369	323	285	302	341	373	338	267	296	317	578	580	322	294	272	251
501	171	188	259	462	843	657	450	575	726	511	465	367	309	261	246	245	246	234	256	279	298	312	441	416	309	265	267
368	116	271	319	690	796	406	386	396	554	528	411	345	294	266	262	250	246	266	251	283	260	266	264	293	291	273	264
225	164	274	436	850	665	375	382	328	325	370	337	277	260	263	277	298	276	266	248	246	247	253	255	262	277	265	280
128	250	321	573	932	757	401	342	310	282	262	254	246	247	273	318	286	289	273	257	261	247	256	257	258	257	269	278
154	284	312	683	895	975	693	473	381	327	276	272	273	323	358	323	277	426	317	265	260	253	268	271	256	266	284	285
159	138	454	876	924	805	569	477	402	352	267	286	370	374	300	256	277	345	288	302	322	293	266	273	275	266	275	296
114	102	634	937	884	558	406	452	392	350	262	281	344	266	240	256	258	258	291	341	382	327	283	265	275	260	264	287
101	137	726	882	685	471	412	439	428	352	252	251	259	240	250	254	260	278	311	365	349	315	311	285	278	278	274	287
145	167	747	598	378	383	379	349	333	283	250	239	252	252	263	304	359	354	363	396	315	300	342	311	295	290	297	284
288	205	710	504	341	326	303	278	259	247	238	230	218	242	297	401	380	379	457	424	315	312	326	302	296	283	295	285
410	269	677	520	397	388	333	303	288	257	258	298	265	234	264	362	322	305	361	404	336	315	335	318	295	287	294	298
446	488	650	565	383	349	309	329	296	269	351	526	380	261	224	328	381	325	306	360	355	312	316	306	304	297	290	293
435	500	483	628	379	357	396	412	333	275	366	567	408	315	236	280	372	410	336	313	338	336	325	325	306	307	300	280
272	463	309	470	363	313	364	476	457	337	371	572	392	343	251	266	372	585	360	323	319	352	342	335	348	319	293	309
269	461	224	266	302	283	218	193	328	415	494	634	394	354	277	284	412	571	382	339	329	353	362	351	361	342	322	333
82	260	631	666	515	463	528	530	325	150	139	501	483	336	313	338	511	545	400	388	341	341	322	351	352	391	400	355
185	683	516	215	139	136	138	251	449	513	297	136	443	353	336	374	564	615	429	471	391	310	280	291	308	410	468	413
500	344	189	329	244	206	402	458	451	460	536	461	332	461	394	361	562	599	433	432	414	388	344	291	298	351	372	406
236	356	787	893	861	550	397	744	741	751	731	734	525	290	374	360	475	636	595	460	481	487	439	326	300	312	336	338
300	829	879	877	891	895	465	534	825	812	811	810	783	470	148	82	457	755	718	815	494	520	551	375	343	311	368	331
634	876	852	870	848	870	766	378	812	833	835	841	857	756	321	382	821	839	714	709	584	575	460	365	354	346	350	519
449	713	871	850	849	856	858	381	670	839	783	845	843	780	527	667	710	565	647	667	605	448	394	355	330	321	464	856
206	512	883	846	841	844	864	431	552	756	711	812	788	621	557	544	478	416	434	458	483	434	377	329	316	341	740	1014
201	496	881	841	842	842	857	412	575	750	761	813	653	366	420	464	429	365	345	335	357	378	342	304	350	544	956	1050
491	690	862	849	837	845	824	355	729	803	861	731	479	256	434	423	397	394	397	356	288	296	290	322	342	506	692	720
443	825	843	853	852	873	668	365	839	784	810	594	325	171	432	449	396	429	367	362	340	340	307	304	299	326	336	368
497	200	91	196	509	720	649	631	732	844	790	603	496	586	562	298	259	290	400	316	279	291	376	346	280	266	275	283
347	71	168	387	664	680	685	603	497	444	495	572	494	385	355	256	263	283	288	262	257	269	330	329	263	272	267	265
134	145	240	587	662	709	740	712	650	484	405	453	478	340	254	251	247	254	248	261	264	265	275	278	259	266	278	258
104	184	379	709	632	698	624	539	704	742	536	432	414	296	255	264	263	253	256	254	253	263	247	245	252	251	262	255
168	202	556	797	624	611	553	404	349	530	597	455	303	244	258	285	276	276	256	235	230	238	250	238	236	246	258	259
202	256	683	896	728	538	435	338	244	242	273	259	227	244	260	282	286	281	270	246	222	220	235	235	225	245	257	272
275	305	739	873	903	753	473	327	309	251	229	228	228	244	263	272	273	289	273	251	229	235	259	261	251	269	272	278
306	433	839	826	874	786	737	679	610	398	259	252	251	249	255	257	259	274	268	253	265	274	274	275	275	282	274	268
240	488	837	728	638	410	395	604	712	427	256	255	257	258	255	273	269	273	255	263	278	270	267	280	275	269	285	283
215	504	879	700	562	423	349	381	439	315	267	257	259	269	251	257	272	273	261	263	276	278	287	280	286	279	278	304
283	465	908	815	588	470	433	370	367	282	261	240	247	252	264	251	266	255	285	292	269	288	306	317	301	291	307	308
372	432	895	696	601	583	489	307	244	233	226	217	226	225	238	251	250	265	273	285	275	288	308	337	321	297	304	305
489	425	786	509	440	429	311	223	217	230	263	285	252	232	244	251	245	252	269	288	312	301	305	327	326	313	292	292
487	444	699	473	398	325	246	313	329	350	416	419	334	232	234	257	265	263	275	286	330	325	320	339	331	314	278	260
543	397	673	440	345	318	371	453	399	441	472	395	361	307	264	264	277	282	301	326	353	341	339	341	330	302	276	268
571	329	602	465	351	394	427	424	409	411	392	374	361	480	312	266	307	324	296	330	358	367	349	327	333	307	272	259
538	376	168	429	399	388	385	388	435	476	467	422	413	527	312	277	324	333	290	301	357	368	368	344	339	317	293	272
150	344	474	364	308	279	330	352	256	200	271	415	530	465	348	318	365	372	320	290	308	323	333	360	364	332	304	285
352	631	343	125	158	281	315	309	339	337	266	157	422	464	360	337	342	399	395	321	278	275	315	347	478	460	408	430
659	326	77	166	148	302	500	453	339	244	256	337	297	441	425	347	339	378	428	365	326	319	320	341	441	506	368	402
454	254	629	787	685	417	518	759	692	575	406	315	314	281	358	411	390	392	434	411	408	343	406	551	516	477	383	378
303	632	862	867	871	742	387	656	690	628	652	596	538	469	295	166	336	439	454	505	413	304	547	621	497	442	391	371
421	833	859	871	869	860	609	569	808	772	771	779	790	717	596	357	171	502	530	549	588	746	627	431	431	402	378	506
435	798	866	864	871	881	740	430	806	893	811	825	885	876	834	656	475	716	818	759	707	675	451	388	398	382	419	731
335	699	866	852	857	872	792	423	535	598	585	646	707	745	792	658	630	694	832	816	630	543	400	368	357	370	527	877
329	684	866	854	854	874	774	389	503	447	377	474	580	634	612	459	567	596	567	550	400	392	382	346	360	426	729	919
418	767	862	864	867	872	677	384	619	610	577	574	625	637	514	362	441	578	434	429	369	371	371	349	370	574	904	907
275	706	855	876	873	817	479	577	880	874	870	798	751	630	408	343	351	482	422	420	433	413	469	433	333	408	532	589
396	63	123	641	903	699	484	506	791	756	633	485	382	461	377	266	264	274	294	281	272	274	287	294	271	268	288	283
132	86	380	873	663	510	426	334	398	493	379	491	501	409	322	257	265	269	280	266	270	279	287	312	323	325	375	383
100	165	680	648	433	439	453	432	349	306	299	330	416	337	274	269	265	269	264	272	300	320	370	433	468	429	473	484
166	324	744	427	378	366	421	493	489	406	322	294	284	264	259	269	267	257	307	390	436	472	491	528	539	508	511	518
194	536	817	542	375	333	339	353	334	373	357	293	250	247	262	271	261	390	511	549	560	576	573	569	541	523	534	523
209	714	913	919	742	550	402	291	230	251	273	262	242	250	260	271	410	604	664	661	615	601	571	521	464	435	444	427
228	693	763	658	642	598	534	408	291	245	252	249	237	248	240	339	606	704	729	707	641	555	477	405	364	345	354	350
324	733	508	445	483	536	621	625	505	315	258	237	243	240	256	487	691	752	741	682	540	420	347	323	325	305	325	324
339	706	440	377	353	333	362	437	440	318	248	243	241	243	314	588	717	769	710	545	390	337	307	314	326	301	310	302
272	777	674	489	386	296	249	253	271	252	245	248	249	267	380	620	710	728	572	385	331	327	325	316	309	304	290	293
270	824	952	877	718	516	360	280	267	263	244	237	250	278	402	602	669	591	402	329	324	327	314	300	279	275	289	286
281	799	710	451	498	562	433	273	242	247	237	230	250	264	361	537	590	447	343	335	329	312	293	287	255	250	273	278
326	735	579	327	287	270	237	213	223	233	240	243	247	254	309	447	500	356	341	322	299	298	276	259	265	251	249	258
325	645	636	396	309	257	245	286	302	293	279	256	255	245	272	334	383	323	330	324	321	297	268	254	248	244	253	243
400	445	710	397	380	381	424	377	327	320	298	249	258	250	249	255	301	314	344	359	342	339	308	268	261	257	265	253
558	197	690	594	465	401	420	383	367	380	355	287	283	330	254	231	250	263	300	330	320	314	320	308	291	279	264	264
631	394	167	533	476	404	389	401	462	543	501	340	320	416	323	256	240	246	247	320	355	355	337	340	291	289	277	257
341	507	385	274	339	349	339	250	138	198	467	412	375	402	386	334	278	244	249	270	321	371	373	366	309	254	288	275
297	506	495	459	489	549	575	561	443	288	209	328	390	412	360	362	342	284	272	260	261	311	353	359	382	325	363	343
539	293	247	298	401	497	495	627	672	536	399	334	312	364	421	393	400	325	311	314	289	317	350	421	435	388	371	396
535	102	232	390	530	600	673	629	751	764	543	317	283	273	288	425	512	368	327	350	361	372	211	675	808	592	444	432
486	421	589	631	627	587	688	772	707	805	837	651	350	223	218	163	277	433	392	369	369	364	687	868	752	483	421	398
390	520	633	654	658	610	650	771	771	781	821	863	842	622	397	296	172	174	323	396	377	518	784	550	419	392	406	423
347	483	615	631	632	623	615	696	819	812	775	803	814	866	815	632	433	369	422	513	546	782	634	373	428	420	397	514
264	458	598	633	600	563	514	604	681	717	752	726	645	622	606	598	692	532	635	702	784	813	505	400	423	432	415	737
214	406	562	624	591	539	515	585	591	576	576	561	539	475	383	388	594	548	545	572	568	584	450	380	401	422	629	793
214	349	493	558	529	504	525	621	663	670	653	659	647	631	607	521	478	473	483	443	442	475	444	377	393	510	917	808
169	273	415	514	492	463	579	708	797	813	837	846	867	881	774	600	366	325	374	407	453	468	505	452	352	391	652	720
161	38	402	895	920	726	577	616	761	430	322	301	261	272	271	269	269	258	268	267	273	261	252	250	249	255	327	378
65	157	734	953	861	766	503	322	371	387	277	300	306	281	295	281	260	250	274	259	236	233	314	494	593	675	738	781
123	375	904	753	670	747	625	336	239	257	263	248	278	282	274	253	260	268	233	225	359	558	740	847	891	883	829	838
170	640	652	326	338	381	456	354	281	255	252	241	255	281	246	241	249	220	320	553	746	854	904	913	904	882	840	861
222	826	587	334	292	261	245	261	271	271	254	241	265	269	255	264	216	414	682	809	862	899	907	892	880	882	853	862
337	938	822	632	556	448	328	243	225	264	258	256	280	277	268	237	376	665	771	857	899	919	906	878	877	878	844	815
415	780	573	695	609	395	367	299	260	267	258	246	256	271	246	279	557	689	776	869	917	917	879	840	810	795	748	729
526	640	300	332	373	320	341	330	310	286	245	245	255	247	219	400	613	687	748	840	881	842	781	711	669	658	647	638
552	713	325	276	235	250	269	265	290	296	237	250	244	234	250	525	674	726	748	780	774	717	638	592	561	563	590	595
515	625	371	363	331	263	226	228	253	284	260	246	242	244	333	584	664	729	717	673	619	562	511	495	483	517	531	544
490	745	675	732	678	454	263	222	255	272	252	243	248	252	366	561	647	678	621	544	508	470	440	425	425	447	495	512
451	904	731	591	516	407	279	236	278	264	242	249	247	239	319	518	633	595	505	451	453	421	389	377	381	382	415	427
443	803	507	428	378	260	224	232	259	270	249	248	251	239	285	417	553	488	425	403	406	379	346	325	337	386	348	313
392	606	390	350	318	249	239	253	255	242	227	240	251	258	275	324	401	385	394	409	403	356	317	302	340	331	297	262
335	547	464	350	330	299	293	269	249	237	215	225	248	263	266	265	306	328	389	411	380	358	322	289	305	268	277	273
335	408	645	442	378	344	340	306	293	297	267	228	244	269	266	258	256	283	369	383	365	353	321	280	290	268	263	278
448	234	435	534	447	468	443	374	391	431	342	261	241	279	272	256	239	237	267	359	383	387	350	303	255	280	281	254
470	373	232	257	262	332	456	348	327	351	377	314	273	275	286	273	260	271	259	253	343	395	382	357	269	268	303	283
329	374	419	383	417	448	456	390	350	265	271	366	343	338	337	340	354	333	335	327	273	350	384	361	299	276	316	313
291	245	370	447	469	523	556	555	564	478	343	301	341	337	366	357	367	327	357	447	343	357	389	437	399	319	347	341
244	85	243	309	399	530	595	598	670	678	562	372	294	307	332	375	411	333	322	445	424	428	304	390	852	765	570	451
361	326	370	423	478	503	555	565	561	625	666	644	422	241	254	261	307	410	366	358	464	446	726	637	600	750	610	575
444	471	591	618	640	698	649	647	562	586	615	639	687	494	216	188	206	218	317	358	526	628	888	727	314	397	523	487
437	516	460	509	573	634	704	779	747	632	613	655	657	702	627	400	262	204	253	346	311	465	655	529	486	462	445	435
283	500	456	498	528	521	547	631	651	658	647	647	625	640	646	589	498	321	312	486	622	627	443	385	445	457	451	525
130	325	341	478	554	548	569	602	567	526	510	527	537	531	498	425	399	365	386	307	595	745	574	444	413	418	538	592
129	129	280	441	459	454	498	558	536	499	429	400	404	432	485	462	437	433	463	426	488	557	524	436	423	476	660	622
139	166	325	460	448	424	464	483	504	520	428	393	429	482	556	528	371	286	232	307	443	437	440	448	435	441	530	585
29	161	775	890	632	480	433	462	487	267	225	234	247	308	491	395	338	285	267	299	277	241	225	241	243	250	298	346
45	414	938	898	802	631	397	294	305	289	248	260	294	386	390	357	303	260	286	264	235	241	290	407	453	525	633	714
134	672	959	898	816	765	529	289	240	266	277	347	409	377	321	262	292	297	242	247	345	441	540	616	695	795	836	900
218	841	551	521	588	493	417	271	229	250	273	365	462	337	271	258	277	253	312	433	517	589	640	713	806	917	944	1007
365	825	337	295	347	277	249	285	305	253	267	389	461	305	278	295	253	361	473	526	571	646	715	782	900	1000	977	1024
541	928	621	390	323	302	278	300	401	300	260	366	391	292	317	287	361	492	455	525	608	692	781	878	989	1024	993	1004
676	714	514	607	431	272	262	281	377	328	277	368	324	292	309	338	398	394	404	484	595	722	839	942	985	1002	958	957
702	459	246	293	318	246	237	289	372	331	303	353	283	288	271	391	492	513	499	518	608	757	906	903	892	940	911	898
753	752	405	282	241	243	236	305	385	364	341	316	279	277	311	470	591	639	655	669	663	762	857	830	819	852	873	873
755	570	363	325	290	254	250	298	426	391	287	266	291	297	418	522	584	623	652	659	645	758	814	809	774	785	812	832
723	451	364	421	409	299	267	355	407	349	259	266	284	306	463	565	572	586	610	596	589	652	774	784	778	751	745	806
712	780	582	535	405	265	275	437	354	302	301	281	258	287	364	516	581	567	535	496	499	603	738	754	767	760	728	723
692	889	716	594	437	261	240	356	420	411	392	339	285	282	315	387	503	504	388	386	420	545	678	700	739	784	690	628
660	710	506	514	391	243	232	279	338	344	364	372	337	304	308	334	369	374	349	381	425	479	607	653	719	739	624	514
570	623	403	404	317	243	225	224	220	243	276	334	360	341	299	284	323	326	378	429	428	442	494	579	641	609	516	428
470	589	450	342	301	290	268	244	236	251	254	285	344	348	348	332	303	302	364	402	414	419	423	426	448	412	373	386
416	450	453	432	369	410	372	301	288	284	255	266	329	357	358	356	336	307	324	364	401	414	389	340	313	291	349	372
359	474	317	354	294	360	413	333	350	318	266	261	287	305	317	327	349	342	320	299	364	406	401	356	300	315	362	370
403	391	389	351	349	388	379	312	342	303	311	330	322	324	333	340	360	366	362	350	320	403	391	354	316	340	357	363
197	208	392	386	444	441	467	400	410	383	330	324	353	345	345	345	352	351	392	443	370	429	448	471	355	341	360	340
57	98	320	317	353	397	417	444	449	447	443	373	332	343	369	371	368	357	371	476	413	428	387	470	814	693	486	412
173	204	304	391	297	302	335	340	356	376	426	472	414	335	337	353	361	392	376	405	478	593	767	712	647	709	627	704
272	269	326	406	453	422	409	296	262	344	391	423	472	409	306	302	334	373	423	445	641	828	977	924	421	550	713	725
307	314	289	328	451	551	493	441	423	417	382	364	383	348	257	158	182	224	214	226	195	284	694	804	322	573	753	689
213	351	301	247	299	429	422	389	424	359	283	289	339	307	293	239	185	220	175	291	347	403	363	270	276	703	737	719
102	281	252	263	323	446	470	431	354	226	200	226	340	343	299	214	154	179	206	135	335	554	349	221	345	504	543	575
133	173	197	286	302	420	421	378	354	194	136	112	206	217	210	182	197	244	241	205	301	324	278	463	507	520	619	578
169	258	253	307	309	390	364	277	293	240	128	68	186	174	221	271	220	132	82	210	344	223	288	409	323	392	452	560
19	257	916	692	397	353	297	277	292	277	273	278	291	450	763	566	424	325	312	402	363	309	296	320	318	323	346	385
36	583	967	677	487	379	379	385	321	283	279	312	423	613	488	389	335	322	396	355	321	347	354	385	393	404	447	463
135	852	952	769	550	452	313	317	366	320	312	522	649	460	387	349	349	426	371	340	377	375	354	372	403	446	525	580
334	900	608	644	553	433	312	256	264	305	288	560	582	359	366	422	419	387	373	393	357	329	333	380	446	546	649	748
565	686	279	342	354	352	416	387	350	277	300	582	525	335	384	462	379	382	388	339	321	336	363	422	535	677	775	903
712	684	421	294	233	261	387	563	588	308	336	543	414	344	425	389	422	444	310	295	288	320	404	502	657	820	934	989
788	542	428	405	298	258	260	375	541	339	396	470	357	385	429	473	450	320	259	222	228	331	434	645	882	976	973	978
757	393	292	359	394	388	320	384	602	461	440	407	336	397	442	511	474	472	439	331	288	376	656	931	960	977	974	968
832	745	438	313	284	311	316	439	513	449	431	358	357	419	484	522	548	606	581	532	481	560	883	978	959	966	979	961
855	659	512	357	265	258	292	469	478	398	320	306	405	463	560	548	591	598	576	543	552	724	968	991	949	930	940	947
816	293	263	265	241	247	409	643	481	405	317	378	461	486	577	618	613	588	553	540	555	708	990	995	981	936	870	916
855	648	370	326	297	238	378	630	384	357	362	349	383	443	499	582	575	560	535	486	480	696	986	1003	998	986	875	846
837	871	627	460	427	283	267	439	564	484	441	381	365	384	436	503	505	464	376	306	312	585	953	981	1003	974	835	772
809	740	514	468	371	330	280	301	429	514	478	433	390	369	369	427	468	425	342	316	315	445	846	961	925	881	793	669
715	686	465	420	296	255	255	259	240	305	441	428	420	398	362	364	405	435	444	440	414	448	621	851	827	764	642	540
620	751	433	350	261	262	253	282	306	280	343	401	412	402	408	398	385	378	435	517	457	464	554	620	589	568	508	549
458	755	362	319	352	398	326	259	279	294	306	346	405	414	419	420	409	399	406	552	507	431	518	556	485	384	498	600
243	696	387	409	441	412	367	300	270	300	287	319	356	373	370	374	396	387	378	447	522	421	449	506	459	377	414	579
264	490	470	429	355	348	352	348	359	335	340	332	354	362	370	368	371	373	388	407	461	456	442	509	413	525	496	547
120	154	471	395	396	379	420	421	426	356	358	360	362	386	391	380	393	382	402	466	407	488	586	727	487	574	565	564
28	58	256	321	491	403	436	459	417	381	357	364	378	394	400	399	400	408	416	471	422	427	634	831	811	672	543	549
86	103	254	265	238	378	442	470	465	418	390	359	360	373	388	395	387	389	395	468	547	650	876	875	735	574	599	713
84	84	107	158	210	175	382	385	429	533	550	490	406	384	412	424	431	443	486	548	793	909	803	731	542	692	817	853
109	83	203	205	286	322	235	253	318	405	417	431	429	322	218	194	226	229	157	132	355	418	635	888	560	815	979	940
126	129	167	87	148	281	198	204	251	182	135	129	161	84	51	12	22	96	88	117	165	378	551	446	444	956	949	958
137	220	215	110	124	270	209	241	181	44	41	32	164	151	62	30	45	68	76	72	72	180	158	278	583	768	665	723
158	223	162	139	152	308	225	243	262	53	50	36	144	96	36	17	26	76	58	38	91	66	154	509	666	679	733	613
211	283	137	133	153	281	275	288	267	114	80	57	219	106	58	71	65	30	32	112	149	46	318	429	224	326	479	620
102	192	638	539	429	557	472	365	345	363	397	438	412	552	769	639	476	373	395	476	460	413	403	404	408	402	423	482
109	392	802	504	336	417	595	635	474	353	351	414	556	713	539	431	362	389	487	434	408	423	417	442	459	455	423	387
144	709	839	527	345	352	368	502	611	462	381	611	731	517	478	463	401	507	490	399	419	435	394	388	360	323	310	296
342	811	640	539	366	444	386	362	396	450	366	656	579	417	487	551	512	460	414	445	418	363	341	309	262	237	288	348
549	618	357	394	353	509	650	506	397	356	376	674	484	397	498	552	443	413	452	406	359	302	251	214	203	261	427	586
628	488	342	334	326	371	588	780	611	342	458	649	432	425	487	422	427	476	433	408	287	202	198	186	284	572	865	960
581	426	396	407	426	382	384	529	652	402	567	495	394	464	468	476	499	441	473	398	237	209	190	414	813	984	983	977
570	472	501	610	631	639	516	507	754	629	540	406	396	462	507	497	444	507	568	460	361	287	481	964	1002	957	966	961
667	704	566	446	380	435	500	598	595	486	411	381	420	492	508	482	477	564	559	542	530	496	843	1025	988	977	980	925
729	703	564	389	328	327	380	664	463	363	365	382	470	528	509	488	548	595	582	554	557	635	923	980	976	966	920	870
722	400	323	324	361	349	519	819	491	420	390	495	548	545	497	509	588	634	599	554	557	694	956	965	975	932	821	789
754	592	319	322	433	336	494	705	470	405	393	417	482	483	487	497	524	605	590	531	540	730	979	993	959	869	752	711
716	674	365	386	568	434	419	465	607	482	385	356	399	420	462	501	473	450	459	360	361	621	981	988	893	794	695	632
643	588	386	374	426	559	413	317	425	593	470	400	371	384	393	448	512	459	389	313	276	456	899	963	767	669	665	589
536	677	456	390	347	382	317	364	343	395	505	421	396	402	435	454	451	477	454	389	357	453	716	848	679	611	570	530
445	804	506	371	308	316	311	436	471	383	402	449	429	424	483	471	454	424	455	526	435	473	682	668	557	580	553	592
315	749	394	298	393	423	357	317	357	429	379	418	430	460	508	483	455	437	421	609	535	420	647	710	543	474	567	663
155	609	354	408	594	450	433	428	309	414	379	408	436	457	493	487	463	440	395	491	597	422	483	648	532	421	439	638
41	347	444	512	414	295	309	383	353	366	423	387	453	466	504	503	476	441	417	444	546	494	487	609	455	581	540	561
24	66	369	425	345	355	424	446	457	360	403	390	452	523	531	485	464	417	413	489	441	510	715	829	573	658	656	676
26	16	105	232	519	464	535	556	490	413	365	393	417	503	508	458	431	431	430	453	435	502	964	1032	802	690	662	690
57	54	127	58	262	591	595	652	654	516	412	376	386	396	416	415	400	404	421	476	613	656	983	919	804	660	641	670
36	48	67	48	119	289	514	631	727	785	702	545	439	411	427	439	445	462	513	596	904	947	632	390	513	694	757	767
40	47	163	206	238	227	234	449	545	565	614	660	602	497	399	323	257	190	112	94	490	744	663	769	936	929	960	1001
114	92	136	127	185	226	155	307	342	332	304	267	213	123	98	66	19	0	3	16	59	334	838	873	876	940	994	1024
181	196	183	99	113	185	98	158	182	128	125	88	147	122	41	37	56	35	27	35	2	0	228	762	971	931	851	882
201	239	192	131	133	211	115	187	237	141	133	109	151	93	38	39	35	42	28	34	31	0	286	633	849	878	816	658
238	257	161	153	150	200	195	329	303	190	143	147	307	122	54	47	25	48	44	49	22	13	356	449	318	516	704	754
191	90	250	494	516	642	621	493	434	444	508	557	514	533	535	547	474	422	426	422	427	405	391	377	381	363	367	411
232	92	482	543	431	496	637	689	552	424	407	493	572	600	517	489	403	393	418	381	402	389	336	314	289	294	336	367
174	337	594	499	482	505	514	623	695	560	439	539	600	557	515	472	409	409	440	383	396	360	302	294	303	339	344	320
193	523	513	406	472	616	544	509	543	572	476	565	567	491	498	458	420	384	381	387	367	365	347	327	299	265	238	215
264	529	422	410	453	599	656	546	462	446	461	597	510	449	475	412	381	376	395	404	385	363	322	266	244	220	314	406
282	486	393	425	464	498	625	649	504	415	501	591	511	434	426	374	353	421	500	537	412	296	297	281	332	581	875	985
193	450	500	533	551	532	554	608	622	504	580	503	459	418	380	361	368	496	633	618	450	360	356	540	859	1018	1012	1011
200	513	657	728	696	692	642	598	663	631	487	432	416	405	385	352	428	562	636	578	559	519	591	919	980	985	993	953
305	612	708	581	503	530	608	654	587	447	361	411	411	399	369	371	479	597	629	591	597	611	787	926	949	983	972	853
397	578	497	424	479	456	477	668	519	404	391	434	420	413	363	395	522	627	649	640	631	678	843	918	949	955	850	733
434	510	383	429	573	502	514	700	532	421	388	464	406	411	379	403	533	636	678	669	675	735	859	912	940	871	707	629
419	490	373	476	625	488	582	703	582	419	406	423	422	380	383	391	508	637	685	684	700	798	898	939	889	703	622	572
362	448	398	595	714	572	599	516	570	494	400	373	366	401	401	380	455	544	606	621	655	796	902	917	743	628	604	538
292	430	457	518	590	670	503	379	412	540	447	418	383	395	427	425	455	471	494	465	506	711	891	838	627	600	578	531
229	486	400	405	500	549	388	450	465	471	428	421	443	451	523	530	491	440	417	389	433	633	859	740	589	569	557	526
145	528	411	381	452	453	407	536	534	479	416	483	546	542	628	589	526	438	384	385	435	544	797	664	528	536	540	516
54	450	430	357	431	395	380	417	414	492	433	501	547	633	699	625	557	473	413	399	435	438	667	678	464	488	515	512
7	232	354	435	630	480	472	560	420	471	457	500	555	620	713	703	623	554	453	403	425	402	472	611	435	416	467	456
11	9	246	533	493	341	328	429	407	427	493	478	605	633	683	698	659	569	415	369	431	466	430	460	414	407	412	301
19	0	21	276	340	340	336	319	393	384	452	434	591	683	672	603	521	449	406	371	407	472	629	511	408	397	417	417
19	19	1	53	288	435	450	414	394	355	376	410	433	569	581	501	453	437	425	403	382	550	883	898	719	500	500	531
25	15	9	11	211	484	455	492	508	394	345	385	419	422	425	424	424	435	447	419	504	646	879	991	1005	770	611	595
29	13	3	39	164	404	413	432	523	553	451	371	412	430	439	451	461	482	528	566	710	859	698	478	521	616	629	653
45	36	61	221	291	319	300	535	618	566	558	529	468	427	372	299	250	211	154	124	402	886	774	690	852	857	895	991
133	134	170	187	227	230	224	444	511	499	431	342	233	113	68	67	31	12	6	14	27	262	920	1090	983	824	1035	1079
182	195	166	119	146	121	158	171	225	228	213	122	147	92	18	45	62	35	29	30	28	28	339	945	910	872	991	956
243	271	229	162	154	160	194	174	184	220	198	141	177	134	60	61	59	38	34	39	42	20	298	595	834	909	815	677
236	252	232	205	173	207	214	219	300	319	178	187	310	148	89	112	43	46	31	50	41	25	226	395	390	668	904	891
115	125	278	321	381	401	416	418	442	436	421	408	395	384	384	408	414	411	409	394	373	362	339	330	315	313	326	299
183	143	324	396	426	424	423	428	417	416	409	393	394	381	370	386	395	383	367	369	417	425	385	364	336	325	309	297
183	202	377	482	472	470	471	479	454	435	416	407	416	401	378	379	378	358	379	419	506	512	454	401	367	336	337	331
141	256	338	397	506	515	480	468	487	487	439	421	428	412	389	387	377	385	484	545	577	588	501	400	364	333	349	347
119	296	346	390	504	492	439	422	440	470	471	442	436	405	386	395	396	464	551	592	573	544	480	430	460	490	611	697
98	323	348	393	466	479	460	410	428	415	470	472	429	398	413	419	415	531	615	634	600	498	541	606	705	880	976	996
96	351	344	369	414	463	459	427	419	401	419	479	450	431	428	422	477	619	642	645	660	618	663	762	876	935	952	964
97	309	377	390	422	446	468	440	420	410	397	437	451	445	451	463	562	645	659	702	708	678	714	774	842	895	936	840
115	289	388	458	506	482	475	442	420	419	413	417	447	462	480	524	630	710	719	734	769	719	730	799	844	880	880	738
121	304	419	537	612	576	516	468	439	425	419	423	465	505	528	591	707	783	805	804	789	713	779	833	840	850	769	691
110	324	438	573	659	664	614	525	466	431	418	426	485	530	578	667	773	811	836	854	845	773	804	833	835	830	730	675
92	311	422	520	560	623	615	557	472	446	445	452	489	556	606	699	794	830	871	877	831	814	822	832	833	773	702	644
80	288	393	466	494	490	512	551	500	477	482	492	510	589	632	683	771	835	861	897	853	819	823	834	803	748	667	599
63	272	388	411	496	459	454	486	513	509	512	520	537	604	664	707	762	790	823	835	821	815	845	841	783	731	661	630
38	245	393	398	516	527	476	454	485	537	545	567	614	663	717	731	766	749	748	740	763	837	829	816	783	693	626	605
18	171	407	409	513	569	511	454	458	496	581	676	714	715	730	723	717	685	675	651	719	787	802	801	739	642	604	585
18	75	370	417	519	554	521	500	473	463	548	671	700	694	686	676	673	639	609	621	615	626	703	786	649	590	615	574
19	27	261	399	471	471	439	477	485	467	516	641	683	680	658	647	640	665	624	529	435	437	482	633	532	436	495	499
20	15	112	355	378	389	375	396	433	432	447	572	680	698	666	653	656	622	498	374	334	347	364	435	472	403	386	348
20	16	18	209	361	351	337	346	354	353	343	425	561	619	600	551	495	445	417	391	374	371	345	380	389	405	378	320
19	16	16	50	260	358	336	316	314	320	318	337	395	419	420	415	434	436	422	421	416	402	411	520	564	386	366	343
36	26	26	59	211	313	356	343	337	345	361	362	380	392	387	413	445	436	412	399	416	404	493	852	970	669	476	429
45	34	24	153	294	391	312	270	278	317	350	359	353	367	387	420	447	458	460	448	429	434	503	746	696	562	607	647
58	49	89	292	385	381	249	242	367	333	310	345	373	389	387	329	294	280	254	216	458	474	433	748	900	916	862	900
126	97	208	227	352	212	174	278	374	288	318	257	251	212	124	54	62	22	9	31	195	477	854	986	807	837	1001	1015
170	169	178	157	267	79	135	199	165	125	164	10	111	155	16	40	57	38	36	54	75	226	466	466	430	934	975	910
185	183	123	99	226	152	221	156	108	97	161	52	177	114	12	59	51	49	63	64	50	113	204	199	473	657	667	580
178	171	88	82	149	301	275	136	263	197	133	187	130	102	31	60	57	63	42	42	41	78	329	427	242	170	447	673
27	82	360	444	599	634	633	643	660	682	663	632	623	609	600	572	568	581	603	612	580	605	603	566	558	560	531	462
1	251	406	491	606	636	640	641	638	617	615	632	637	639	603	559	547	568	586	623	682	721	717	675	646	619	545	460
47	390	380	460	608	657	671	664	644	613	605	623	654	653	620	569	543	582	639	689	746	782	746	684	657	602	558	546
130	482	379	396	566	666	633	622	639	670	646	649	678	653	620	580	566	600	658	722	743	752	745	663	664	698	736	759
181	477	406	400	531	604	587	582	627	689	704	698	687	653	625	594	597	642	651	666	710	711	724	741	840	890	918	953
191	413	348	378	483	526	553	582	654	697	737	722	675	662	672	719	730	715	692	674	700	703	728	802	869	923	934	918
230	401	348	378	456	514	548	630	706	703	704	723	747	753	776	804	840	809	803	795	747	745	749	761	788	812	858	873
263	379	371	406	472	526	590	692	711	682	674	730	805	834	862	897	910	856	834	893	848	811	758	793	800	778	841	865
301	395	421	455	486	571	699	731	695	671	685	748	834	884	921	947	964	942	873	908	942	882	812	788	817	794	825	851
312	403	398	455	590	709	761	747	709	693	728	807	880	930	966	978	982	1007	970	988	965	888	857	840	831	812	796	784
271	439	500	649	723	738	764	766	730	712	731	812	896	951	1000	1016	1023	1042	1048	1048	998	967	885	838	826	813	790	738
212	461	521	676	732	729	746	773	747	724	766	840	916	957	1026	1032	1053	1074	1057	1045	1042	995	876	833	818	801	801	755
169	465	511	613	715	712	726	772	759	752	804	870	941	985	1029	1031	1032	1059	1033	1039	999	899	840	829	786	813	791	709
128	446	524	571	696	721	727	746	755	750	769	812	864	1007	1026	1019	1023	999	951	951	916	882	853	794	761	819	815	689
61	396	543	565	667	728	747	736	739	763	743	735	773	866	936	929	931	860	859	908	905	882	849	780	758	817	757	675
22	246	487	622	693	761	764	723	717	729	751	750	756	732	782	847	859	867	839	837	844	827	780	730	771	830	672	595
20	107	379	570	727	773	775	745	709	680	687	707	731	746	743	775	800	788	718	687	731	743	716	714	786	755	632	534
21	28	247	385	482	549	585	598	587	563	534	550	569	613	640	649	634	579	507	534	614	644	637	671	688	612	523	474
23	10	81	258	347	399	405	417	437	450	453	439	424	429	460	496	477	445	429	443	468	468	426	416	520	530	392	397
29	19	10	96	250	371	379	358	364	371	382	399	403	427	452	501	488	443	399	385	370	378	352	325	397	481	418	373
23	15	16	91	228	314	340	338	334	335	339	343	358	376	415	462	495	436	396	376	365	379	380	340	376	418	372	365
50	66	128	208	148	251	343	376	378	366	370	377	379	390	393	419	477	440	416	388	364	409	407	418	567	751	635	434
103	161	244	268	421	697	325	198	235	282	316	384	383	376	404	459	460	496	477	433	396	416	401	585	759	593	805	598
102	122	291	552	737	690	477	325	382	395	316	292	329	344	282	228	245	245	262	297	319	343	573	970	784	317	666	601
96	120	250	404	541	311	299	307	299	171	197	160	266	295	92	44	83	10	50	143	245	295	417	714	603	350	731	617
90	149	187	275	315	205	254	260	169	63	82	147	187	246	123	114	105	62	142	224	265	533	605	271	258	647	871	728
98	152	98	157	244	253	258	276	108	50	58	92	108	95	87	81	78	58	146	179	75	222	316	418	415	410	491	583
114	265	130	169	245	306	398	303	126	53	88	131	62	46	72	72	89	71	75	57	99	194	311	487	279	256	251	455
289	0	254	434	549	538	496	488	532	609	646	679	694	712	736	740	744	742	739	748	762	771	780	775	775	777	794	752
19	141	448	436	502	527	524	524	562	626	681	703	697	695	703	709	731	731	712	708	743	771	811	809	820	798	793	780
8	358	389	404	492	524	512	497	511	633	739	733	706	676	676	654	658	676	675	673	691	754	796	822	827	814	781	824
82	525	407	395	465	494	468	467	512	719	775	720	685	685	687	677	673	666	666	657	654	699	752	801	828	843	836	857
131	476	424	401	434	465	464	486	612	787	752	725	768	831	882	903	862	821	776	722	690	676	695	740	831	859	857	851
175	341	407	434	450	464	505	571	750	787	772	828	897	972	1015	1030	1032	1018	996	906	828	733	689	684	747	837	831	786
193	374	419	480	522	573	618	722	789	749	805	937	998	1005	1041	1033	1006	1023	1045	1068	995	895	721	727	711	759	840	827
232	464	479	499	611	662	728	786	776	826	933	996	1014	972	993	1040	1039	973	1023	1081	1074	1059	845	750	773	732	803	847
329	633	507	546	624	695	777	778	792	877	964	999	995	955	904	927	919	897	986	1044	1075	1106	1022	759	801	728	739	830
244	527	522	576	621	692	778	777	818	888	911	971	961	914	856	799	873	1000	1039	1069	1075	1095	1061	845	798	777	747	797
209	532	635	649	669	663	762	780	838	914	941	953	911	866	859	870	981	1063	1066	1107	1117	1094	1058	888	800	803	788	809
133	529	662	661	659	660	738	789	855	927	945	951	918	859	883	892	968	1039	1041	1097	1103	1099	997	864	812	794	816	831
58	505	666	645	651	635	702	817	793	876	961	987	979	973	951	931	1006	1045	1036	1043	1044	1045	945	868	776	800	835	848
31	440	607	596	642	643	689	801	782	801	903	934	965	994	977	983	1038	1054	1025	988	987	976	894	845	756	804	855	838
18	321	550	579	602	638	684	774	799	802	816	854	905	932	965	944	991	1010	987	900	874	907	880	824	751	800	857	784
25	123	475	597	611	682	700	726	767	782	763	760	829	848	905	944	944	895	848	804	798	870	833	793	748	827	856	733
20	18	264	558	649	759	733	679	689	729	733	690	698	727	806	887	785	730	713	664	746	779	779	727	743	832	831	660
22	12	48	289	481	614	687	654	597	576	599	650	655	676	727	725	706	665	489	365	555	715	710	713	749	849	776	567
18	14	15	43	203	325	422	470	469	497	511	490	498	538	608	650	604	452	346	370	395	614	653	625	638	819	689	489
34	48	85	197	366	469	481	445	362	378	409	412	427	446	420	387	353	334	397	409	350	450	530	391	385	614	727	593
50	53	206	378	514	533	521	568	581	576	484	425	370	393	400	378	379	387	399	417	394	352	417	338	328	404	546	611
146	145	209	329	394	467	489	517	597	659	627	593	475	425	414	402	412	445	430	394	339	423	417	377	210	568	664	474
462	393	435	568	687	656	564	489	406	479	534	618	621	447	308	310	294	403	458	429	417	481	445	389	558	717	626	467
478	471	476	558	645	676	677	661	628	597	576	601	646	672	520	275	191	202	221	273	348	378	413	497	577	427	429	444
251	518	482	483	528	534	541	534	539	531	527	516	576	673	639	519	332	192	228	344	280	227	368	578	467	426	451	451
90	295	307	435	535	528	543	507	444	351	364	426	479	543	504	359	272	322	300	270	475	508	576	416	372	414	461	469
90	108	169	359	444	460	471	465	369	256	232	259	237	303	417	429	340	378	363	342	326	499	597	432	406	432	454	464
115	150	245	420	461	470	464	427	390	263	236	201	225	293	356	417	419	316	126	167	336	531	575	432	390	406	433	465
312	70	33	282	445	399	367	348	366	458	599	613	601	579	555	570	655	674	674	720	752	802	835	814	801	788	829	803
52	12	179	367	419	385	385	393	420	504	692	675	627	597	587	624	698	705	673	673	701	750	814	817	798	789	819	850
13	121	217	368	428	466	482	475	486	593	694	649	617	626	655	679	703	702	690	663	632	664	727	792	810	811	801	862
65	231	311	498	568	628	676	682	660	686	641	649	709	791	849	858	850	852	804	728	656	645	672	732	789	807	826	845
152	267	516	678	727	741	761	763	727	709	786	871	927	966	992	1025	1028	1022	993	933	825	702	683	665	729	788	829	804
148	209	601	794	786	791	803	784	755	822	916	924	950	992	1003	1026	1026	1050	1074	1048	1030	894	694	713	690	751	807	766
208	264	621	756	801	816	821	784	811	881	918	917	855	860	949	992	1009	1045	1067	1089	1100	1090	837	726	743	713	801	779
234	354	649	699	796	800	792	778	861	934	938	909	864	797	804	885	998	1044	1044	1100	1115	1133	1036	751	796	687	766	815
274	441	661	720	776	787	765	830	887	915	845	822	884	842	807	813	841	974	1088	1111	1106	1128	1125	823	800	710	725	852
323	412	655	717	777	770	785	859	835	842	776	742	766	826	858	794	755	958	1094	1115	1136	1105	1144	920	789	793	737	852
447	346	666	723	773	770	775	817	792	800	792	803	765	770	799	768	810	948	1070	1131	1160	1113	1115	969	770	854	774	854
457	304	662	729	767	778	782	788	774	781	802	842	830	783	779	757	848	893	972	1066	1094	1100	1077	964	777	852	809	841
81	279	644	706	756	774	823	870	797	772	774	794	856	853	855	849	921	983	981	985	995	1059	1000	946	783	837	840	861
18	187	562	656	681	740	814	853	817	759	767	868	897	855	884	923	1016	1038	1004	972	975	1012	963	928	770	846	841	880
21	90	384	648	617	632	765	771	770	774	832	898	880	870	959	965	978	961	918	879	850	887	945	863	766	815	857	898
27	25	175	549	641	607	698	724	755	748	741	815	873	862	949	961	923	821	720	774	754	815	892	823	755	852	875	914
22	15	44	246	612	654	638	673	731	749	729	699	832	907	964	963	745	689	746	794	826	832	811	758	751	842	877	875
13	3	18	92	275	474	480	449	529	667	730	749	749	877	869	806	794	818	680	647	688	727	746	718	776	846	863	817
105	193	259	299	418	471	496	503	431	373	393	442	593	697	734	775	796	622	358	381	455	611	697	724	727	805	843	823
294	329	341	387	433	465	561	622	580	534	563	471	293	385	505	527	457	367	375	335	388	589	690	579	489	589	722	805
357	114	237	369	547	658	625	628	706	605	425	475	509	352	303	367	420	413	408	412	459	566	648	464	343	357	458	612
517	268	193	334	467	584	738	711	760	846	740	451	265	286	294	228	395	486	430	388	400	604	596	415	260	396	489	477
545	351	303	409	479	492	644	756	709	724	835	850	697	426	270	255	200	319	422	420	423	635	541	399	319	731	702	501
428	332	350	422	432	457	542	731	763	762	779	829	818	843	729	501	321	145	142	332	454	593	507	377	524	614	435	431
214	330	339	407	419	399	401	577	688	745	734	685	570	535	594	697	643	428	260	249	370	489	460	484	460	409	413	408
134	224	270	376	419	400	384	560	651	670	677	603	555	427	361	458	503	459	404	517	562	599	681	640	434	412	419	415
142	152	184	282	311	299	373	622	653	658	681	674	621	617	649	659	429	254	465	605	607	657	719	466	404	414	426	436
127	144	142	242	317	325	489	679	676	677	711	720	748	817	813	670	415	237	381	381	426	515	566	424	403	423	464	474
211	469	151	73	259	281	368	361	349	394	526	496	409	415	436	407	568	701	680	695	737	795	825	826	826	802	836	841
218	285	28	198	299	355	415	447	396	403	488	499	498	491	505	572	688	703	669	655	682	740	802	819	820	790	821	859
259	98	104	272	388	511	534	521	496	520	541	530	569	639	711	759	771	768	733	669	628	651	735	785	806	816	827	866
278	63	205	397	604	740	776	703	632	586	570	665	777	836	886	946	974	986	962	876	718	649	675	733	799	817	831	850
196	115	368	585	793	827	846	802	690	688	829	936	954	979	1027	1045	1042	1055	1017	991	958	753	694	672	747	794	839	834
121	166	404	735	837	847	831	729	741	893	950	933	929	973	973	988	1018	1047	1049	991	1003	969	734	739	735	786	823	820
116	188	437	801	814	831	758	770	895	940	915	859	846	838	868	923	990	1047	1050	989	986	1053	882	729	798	756	802	817
139	227	479	793	766	760	748	868	885	887	903	859	790	740	746	818	940	1031	1069	1084	1047	1028	1008	772	814	739	783	834
169	256	520	785	750	732	797	873	830	799	794	786	810	793	781	763	782	985	1070	1089	1067	1038	1032	828	814	745	749	858
265	278	553	782	768	733	823	831	712	724	721	710	744	810	819	785	763	968	1082	1095	1110	1073	1022	879	829	798	740	865
501	316	561	794	780	734	774	752	718	766	795	754	669	767	786	771	804	928	1028	1081	1142	1155	1051	889	818	826	755	858
559	371	532	811	810	745	686	697	729	804	845	792	734	758	770	734	810	887	964	1002	1058	1147	1019	908	775	833	788	846
184	363	473	802	826	776	729	724	759	788	793	781	754	718	716	741	776	931	1004	992	974	1052	985	900	787	844	795	848
33	62	339	760	796	770	759	735	778	764	723	755	733	682	718	788	915	994	980	968	973	961	939	935	789	843	789	850
26	0	136	639	701	695	718	728	740	752	731	743	727	706	799	864	913	802	845	869	820	816	944	883	784	806	780	861
23	0	16	434	656	596	664	741	741	734	713	729	759	773	850	828	800	745	719	791	750	775	915	828	744	785	798	899
24	0	47	138	547	572	550	632	725	771	766	708	822	882	936	841	722	792	799	829	868	832	852	742	691	771	808	912
30	72	239	291	362	401	337	327	406	554	676	751	813	960	962	908	822	756	832	844	858	830	745	654	701	749	801	865
188	455	478	367	318	325	374	346	311	304	325	328	544	837	937	945	904	731	664	738	710	657	657	693	659	710	802	791
485	444	178	110	153	357	523	475	377	300	380	418	332	363	641	679	526	405	411	423	451	595	742	635	545	613	685	694
547	205	213	397	413	387	616	695	657	526	323	301	387	421	229	378	371	329	382	456	607	754	638	459	420	491	545	575
463	265	522	638	637	507	440	714	712	706	647	511	384	400	408	210	403	443	474	563	709	723	484	412	376	447	496	483
366	438	648	711	724	650	475	592	831	813	846	880	829	698	567	398	145	323	433	523	701	651	431	353	285	528	538	451
305	534	673	717	734	715	570	485	743	807	856	886	899	907	909	731	286	269	338	443	727	586	512	490	550	613	423	410
279	574	678	721	735	731	598	447	525	514	548	624	657	727	837	770	569	497	428	410	576	543	614	745	710	476	403	406
276	556	681	719	736	731	600	415	523	499	480	510	600	680	631	439	445	603	660	672	588	668	784	787	359	402	395	387
257	503	640	687	702	680	539	439	623	692	741	747	771	750	555	365	398	481	603	672	611	578	537	424	413	380	366	391
137	338	535	626	655	601	441	532	855	871	885	870	886	749	496	362	445	436	474	425	425	425	428	403	366	337	407	447
81	341	477	254	79	181	349	381	356	419	480	449	398	417	444	419	499	724	705	728	755	695	593	592	705	801	839	860
155	443	352	96	157	275	416	479	493	476	468	470	504	574	636	666	684	673	651	650	710	785	661	599	755	809	820	861
270	443	188	133	273	387	484	615	665	658	626	616	653	698	751	819	871	865	805	684	617	680	692	708	791	827	841	872
370	317	117	223	405	520	662	725	722	705	681	714	781	831	935	1004	1035	1040	993	948	757	655	699	751	800	833	839	865
356	207	176	335	505	617	722	737	722	722	786	861	893	975	1039	1011	1007	1012	953	922	962	766	686	695	787	827	843	855
313	136	245	476	573	679	726	703	745	840	901	885	900	977	971	960	988	989	961	908	941	955	734	734	766	813	832	847
260	111	220	483	648	721	693	752	853	891	905	875	908	926	910	926	934	947	962	917	947	1038	857	753	810	787	820	852
217	105	187	607	707	706	771	877	839	808	885	897	865	828	825	857	909	926	982	1005	995	1005	945	774	826	778	798	846
173	103	251	694	704	719	867	863	794	732	802	872	817	775	795	801	828	922	979	1014	993	953	971	809	825	785	773	804
154	142	317	721	693	749	835	797	727	723	731	815	817	839	791	764	833	952	1001	1032	1024	978	956	872	840	804	737	747
261	229	347	728	699	721	739	724	739	767	780	779	756	821	772	737	822	924	978	1041	1077	1077	978	870	852	803	687	716
309	335	341	726	725	693	624	647	727	784	793	769	735	776	799	788	822	867	934	983	1044	1094	961	873	822	694	606	683
193	396	300	709	726	693	640	630	734	772	768	762	729	754	790	818	841	888	927	951	989	1053	959	864	748	578	581	699
118	292	317	669	719	696	661	633	719	748	707	753	744	759	766	828	894	919	909	923	937	987	926	859	670	574	595	752
82	246	405	567	695	661	642	673	726	745	690	758	813	785	748	748	722	693	804	801	767	836	928	829	655	547	649	791
66	157	322	343	528	561	616	727	752	742	762	785	791	808	840	730	738	705	720	744	725	790	884	787	608	521	670	840
62	129	282	246	320	374	376	409	481	554	669	751	759	780	804	721	721	796	771	780	869	846	838	704	524	518	705	885
65	118	405	601	554	458	448	448	348	283	307	497	780	824	821	809	779	784	858	850	878	877	733	551	488	508	747	865
123	558	669	346	201	179	187	256	404	483	376	171	334	795	856	866	816	776	804	848	853	698	612	535	495	492	791	805
533	562	141	95	95	201	386	364	325	385	539	610	357	347	711	657	569	537	566	526	550	608	674	535	460	511	750	733
558	215	469	715	668	439	454	723	700	642	582	579	683	418	324	438	322	308	396	454	643	822	600	424	418	515	682	651
292	525	856	854	828	776	460	542	771	753	750	725	767	674	343	234	334	383	539	700	861	807	445	404	407	531	595	544
342	776	845	870	861	827	733	437	818	836	837	884	915	880	629	223	201	341	470	753	899	696	372	343	352	465	477	431
447	700	866	862	871	851	824	495	626	854	845	868	910	895	788	466	560	633	384	520	841	572	523	585	563	581	396	400
377	451	886	866	871	861	845	580	391	585	716	766	815	832	672	587	700	742	588	574	626	610	757	1022	817	476	388	388
382	386	876	870	871	867	846	569	395	573	677	757	717	579	422	555	529	530	593	665	679	747	793	782	404	384	363	351
458	499	878	865	869	867	827	499	527	749	854	799	646	445	329	534	434	454	442	452	452	445	424	393	390	346	315	324
310	719	828	842	844	835	755	402	786	912	893	756	551	344	248	567	470	443	421	364	357	324	315	336	330	289	352	423
19	67	337	424	292	187	213	318	291	382	423	388	408	435	444	425	405	656	759	807	761	563	412	391	509	787	836	865
45	218	408	301	225	144	323	345	406	436	441	476	580	684	718	682	600	622	655	702	786	714	460	413	671	828	821	856
114	341	350	280	167	211	331	450	603	673	628	633	727	743	760	827	887	845	760	655	674	669	510	553	767	825	847	875
195	338	316	227	152	275	394	531	673	737	697	659	714	829	936	985	1004	1029	964	862	709	619	564	693	792	822	844	865
242	298	289	166	211	359	446	530	673	703	700	722	792	946	1017	959	948	981	975	904	846	673	623	729	788	830	838	848
256	267	270	197	292	412	488	576	682	728	766	765	835	994	992	940	927	940	946	920	913	839	706	745	777	810	821	848
262	286	159	131	319	471	550	643	728	787	819	799	901	974	959	913	908	917	915	935	966	971	784	782	789	800	832	852
289	250	58	216	454	585	693	741	739	739	797	850	916	933	919	909	909	888	896	942	970	964	854	797	820	796	807	840
307	177	70	325	538	678	805	775	749	719	758	860	862	875	911	894	876	857	881	900	824	843	894	813	820	797	747	641
251	167	105	388	549	717	792	765	760	743	732	870	886	902	881	852	859	865	897	880	832	867	921	844	828	818	687	529
206	162	135	426	529	697	717	736	770	759	772	843	897	909	854	812	865	894	915	944	921	971	949	853	843	819	594	509
231	205	175	460	504	656	653	696	758	736	731	831	870	893	900	892	886	875	926	969	968	993	919	849	840	685	476	492
243	245	178	554	557	591	666	713	777	695	684	825	857	887	924	948	943	906	901	944	995	988	894	837	728	465	431	500
226	276	352	638	602	545	607	732	747	682	675	838	878	916	903	921	923	896	856	860	916	954	863	706	488	377	443	546
187	291	533	581	566	527	502	601	760	727	701	862	929	934	862	815	757	759	826	805	810	857	825	656	466	378	510	602
177	182	555	450	425	474	497	440	679	766	796	890	908	919	937	839	828	801	818	831	853	851	788	683	473	371	566	671
189	157	399	409	375	362	364	311	236	478	652	794	779	784	820	829	837	843	837	851	923	854	754	642	410	409	645	729
167	77	266	546	632	601	607	573	360	162	250	473	734	719	730	758	790	828	849	845	851	799	655	437	379	485	718	789
110	278	594	513	391	332	320	446	569	495	296	170	405	712	720	740	727	744	753	769	780	673	580	416	441	554	802	825
471	481	373	259	168	136	249	349	528	652	629	502	267	420	691	645	622	578	550	545	627	718	595	438	481	627	819	819
593	270	504	755	753	496	392	670	760	772	784	724	653	366	364	438	315	370	407	455	695	835	533	424	500	623	706	734
303	506	872	913	926	908	510	489	785	822	860	824	754	596	313	149	309	375	456	685	878	766	451	444	493	543	561	544
303	813	890	887	887	916	829	394	791	834	867	881	739	585	425	179	473	509	480	701	824	654	464	399	420	428	469	427
468	747	908	881	877	895	918	486	640	859	840	853	754	702	533	385	771	761	445	561	754	632	642	601	608	576	425	426
422	413	911	879	878	880	924	583	504	779	781	761	727	731	452	599	640	641	553	560	585	600	641	805	676	449	408	413
428	325	887	880	876	884	918	597	500	733	734	691	548	495	354	671	486	405	414	486	542	588	570	550	398	354	343	325
493	487	905	877	875	892	919	513	563	706	701	602	472	411	379	670	448	362	306	289	313	353	358	336	327	302	290	285
320	753	898	886	893	914	853	350	660	714	630	477	415	363	396	666	444	411	367	371	378	336	302	288	292	284	329	398
13	0	21	245	387	308	258	224	132	234	340	340	373	364	370	385	353	630	850	852	687	443	381	389	412	625	758	754
16	0	131	319	340	252	258	142	184	280	349	406	490	544	585	541	455	594	758	812	779	507	412	550	703	788	777	788
13	15	253	347	289	238	167	159	315	446	478	469	560	620	643	672	699	720	717	719	737	535	377	563	788	834	855	875
13	96	330	326	224	184	142	227	402	536	528	481	565	709	735	750	787	900	859	773	669	506	408	665	796	823	853	867
28	173	338	257	190	165	183	279	449	546	529	546	653	778	823	798	789	887	934	861	716	506	511	759	786	817	839	851
47	246	318	181	171	154	240	345	478	542	564	621	705	850	867	862	837	878	929	903	818	620	614	779	799	808	819	845
92	327	264	124	82	189	301	416	528	602	679	689	767	863	888	885	921	908	877	932	878	742	696	801	794	824	834	840
181	358	213	75	147	309	419	497	551	628	705	751	811	879	914	926	912	893	825	901	899	807	784	819	815	797	739	804
276	336	184	78	245	418	524	563	596	659	712	763	814	918	971	913	869	830	794	820	745	788	833	827	815	768	597	500
295	330	160	111	285	454	581	618	673	694	722	788	875	944	939	918	865	792	812	770	735	819	858	816	827	786	556	407
265	273	144	168	280	478	588	673	737	771	777	816	934	972	945	928	921	869	832	818	814	901	886	838	843	796	495	406
321	274	168	218	255	463	588	711	779	779	761	863	957	975	975	955	927	891	888	895	883	896	855	839	851	779	451	434
342	268	172	334	368	427	568	693	792	715	698	914	950	942	960	977	931	942	922	925	940	866	820	835	787	676	440	412
336	250	274	467	476	435	496	644	756	707	703	886	952	961	965	956	941	937	884	857	879	829	757	631	568	545	445	403
305	270	310	441	411	453	475	430	706	733	735	859	932	965	957	946	924	890	894	881	837	744	608	513	485	460	445	412
313	230	398	422	405	475	534	260	503	759	794	860	909	950	984	963	937	915	915	911	882	733	587	547	466	416	475	474
327	203	291	378	531	533	561	463	194	556	755	797	802	813	884	940	921	892	897	887	840	702	583	576	409	440	545	527
289	157	89	308	522	619	647	618	427	196	523	707	750	746	762	785	803	781	776	783	779	699	534	416	398	531	591	603
253	92	270	472	487	495	514	566	571	347	165	359	651	716	700	691	678	640	613	668	712	700	531	399	496	619	668	736
406	235	374	321	255	257	267	385	551	627	464	213	171	395	500	547	535	542	391	534	711	782	530	440	603	687	765	851
602	338	307	467	477	372	388	566	664	621	604	515	303	196	264	291	347	446	386	509	788	803	519	495	628	640	613	768
429	360	566	742	730	621	406	535	702	682	629	521	360	274	396	112	476	432	397	606	823	684	538	562	626	591	487	507
260	514	716	773	761	707	547	451	725	735	696	631	426	310	359	348	739	659	526	515	664	616	647	513	517	484	504	453
272	547	749	787	790	751	641	455	692	756	716	631	507	519	408	520	727	535	466	505	561	586	614	509	554	513	440	427
302	428	752	792	799	766	672	458	612	704	592	532	488	606	418	622	491	367	408	425	454	432	396	399	424	385	384	396
308	389	733	796	789	750	669	425	522	578	483	397	334	591	470	566	406	381	354	336	335	356	360	347	332	326	333	317
292	419	710	772	761	715	610	330	459	469	372	330	373	595	472	487	395	397	398	315	284	293	317	329	323	302	291	270
159	375	631	719	731	655	478	297	509	455	318	236	414	571	520	486	361	419	490	471	409	354	315	277	261	261	288	330
12	15	10	0	71	287	375	237	123	180	257	274	303	294	329	372	366	620	831	751	533	376	385	433	417	400	580	550
17	16	0	6	216	374	278	155	159	206	250	269	277	307	410	392	350	577	817	774	595	392	555	782	763	653	649	686
12	11	0	93	364	327	179	137	156	200	310	297	292	389	432	411	429	634	756	778	632	411	501	775	851	862	863	881
12	2	3	241	376	217	142	152	174	271	319	316	383	462	438	431	501	729	733	733	612	403	475	749	820	856	874	883
16	0	88	328	281	151	152	171	207	303	306	353	468	489	498	533	589	750	789	727	588	395	501	770	807	835	861	878
15	2	209	288	208	125	180	194	224	296	346	451	518	525	566	663	694	746	786	752	610	424	551	785	785	804	844	856
11	53	275	288	153	139	161	198	273	339	482	564	565	604	667	782	808	769	744	761	647	477	636	788	751	765	828	841
18	155	317	264	138	139	178	248	304	399	555	617	604	642	743	833	825	824	754	803	709	572	733	807	757	662	615	781
49	255	345	223	148	170	216	290	353	452	598	629	631	724	802	787	794	804	764	821	792	729	794	839	783	626	435	562
100	314	336	203	153	178	264	353	441	502	605	610	717	827	810	799	813	755	783	799	812	784	802	851	825	627	434	507
147	328	308	239	179	203	319	455	537	636	652	642	787	884	881	865	850	794	765	773	827	830	814	878	857	646	426	478
233	368	301	231	192	211	354	522	603	697	725	752	850	884	901	868	822	801	804	819	852	834	823	876	877	720	423	496
285	405	300	220	250	243	313	431	583	663	730	873	874	888	885	856	806	857	852	837	843	803	829	878	881	827	462	456
310	419	268	249	330	360	336	314	546	637	699	838	909	910	900	874	868	880	853	834	801	777	759	755	869	809	489	423
292	411	248	233	309	419	513	287	481	596	657	762	886	897	871	886	876	850	832	794	691	617	555	635	749	625	454	370
321	418	273	227	352	481	619	404	346	560	647	726	810	860	859	846	838	816	784	726	612	481	496	601	619	504	391	379
340	407	267	215	410	525	613	562	291	434	636	714	753	758	779	774	746	736	744	693	569	465	464	609	507	423	399	413
325	379	192	221	332	448	545	558	453	216	493	690	728	734	691	660	623	617	629	635	691	673	506	565	502	448	421	436
359	280	119	138	253	398	440	413	420	308	146	388	578	616	581	518	487	490	526	577	758	794	557	550	610	549	512	629
373	171	134	227	264	360	342	365	314	346	326	173	148	182	211	270	285	518	387	511	731	694	546	567	675	550	637	794
455	348	216	212	196	241	288	403	414	296	285	307	173	42	165	146	309	520	411	551	743	698	605	598	652	499	525	699
428	448	278	360	324	264	295	429	521	406	248	116	117	159	411	243	599	530	475	536	661	617	634	624	645	657	496	481
265	315	427	463	410	297	273	439	508	479	355	258	234	329	420	370	682	595	543	460	533	580	653	528	526	546	509	452
106	213	435	545	486	367	262	421	520	519	417	273	323	394	354	417	560	349	366	396	404	400	376	351	368	374	370	363
95	201	407	565	552	407	279	374	428	409	394	339	358	472	342	370	474	357	347	350	372	373	328	307	304	320	319	332
84	189	371	527	579	411	295	342	267	251	299	317	355	544	328	313	405	381	363	338	346	405	461	395	370	356	351	338
68	131	306	456	515	390	191	255	197	214	237	267	336	525	316	277	330	364	463	371	338	339	387	404	376	342	300	257
52	43	170	323	390	304	110	299	322	282	221	199	296	489	355	341	314	335	540	499	370	357	322	293	261	239	247	267
12	13	12	12	6	0	71	295	353	299	217	145	196	303	367	327	322	365	510	447	348	357	384	387	380	394	432	514
12	14	14	11	0	17	234	347	302	210	128	157	239	318	353	317	298	432	545	418	356	447	601	650	626	523	550	678
11	15	16	7	0	137	336	298	196	122	149	234	266	296	319	285	305	535	604	482	372	476	693	804	826	853	847	861
12	16	13	0	53	275	325	245	169	142	205	267	273	300	298	310	379	618	661	533	384	426	636	775	824	876	882	860
15	15	5	11	166	315	277	195	149	181	230	227	269	277	302	342	466	661	699	589	410	405	633	737	814	882	886	869
14	15	3	59	254	313	250	177	151	201	190	231	313	289	334	396	473	573	589	546	410	408	619	680	676	804	863	853
15	11	0	150	263	288	239	163	170	187	199	286	377	343	387	477	487	579	565	469	421	404	608	670	551	606	813	825
17	0	33	252	302	297	207	166	192	173	238	347	404	384	441	537	576	661	692	613	459	403	634	731	561	432	618	804
15	0	118	298	334	288	173	187	207	207	302	382	412	436	490	566	607	691	765	792	658	498	694	825	637	421	520	739
13	17	192	319	332	243	165	201	198	223	325	402	432	500	540	559	582	622	749	803	761	621	785	864	732	419	484	655
14	46	245	373	334	230	186	228	223	256	360	419	480	574	622	593	573	567	688	769	774	706	847	873	762	435	440	574
17	89	302	361	323	255	216	258	242	302	456	529	592	649	664	613	564	581	713	788	786	802	888	877	776	482	384	526
21	151	350	401	314	218	265	278	250	285	509	640	683	727	667	580	580	606	676	743	782	840	926	900	845	615	389	475
35	201	392	454	308	255	326	339	248	220	444	636	714	748	660	590	621	598	593	643	767	869	916	924	875	695	424	427
54	252	405	382	274	298	344	416	306	208	339	594	709	707	604	592	600	578	522	474	543	732	871	933	874	659	425	376
112	327	453	326	265	307	383	439	348	210	271	558	675	649	562	514	488	507	479	442	414	519	763	915	777	532	368	357
196	388	443	248	277	304	383	436	399	200	216	493	621	599	503	423	374	426	473	495	472	445	595	778	641	416	368	376
225	364	369	208	258	328	396	396	396	275	127	307	493	494	401	345	280	343	512	591	691	663	647	762	682	487	425	434
217	327	329	166	188	319	391	399	366	361	211	113	210	245	228	154	164	316	553	531	718	786	711	787	722	741	606	616
276	331	252	124	119	249	291	287	326	312	357	234	143	78	93	87	127	400	528	434	558	561	645	681	646	635	565	563
244	345	208	100	100	184	256	268	291	278	278	270	157	186	155	175	140	524	491	465	500	534	586	587	578	530	497	462
236	398	283	118	127	169	208	260	302	318	288	246	193	271	309	300	361	548	423	402	436	448	470	481	527	528	447	391
136	289	391	197	126	160	187	257	300	297	315	293	234	202	222	215	390	446	348	336	330	350	354	358	342	324	333	323
55	134	272	337	144	124	152	189	269	307	293	293	296	198	188	194	344	391	325	356	387	330	313	352	357	315	326	338
39	66	128	329	276	106	181	184	165	281	302	340	368	305	181	191	311	342	316	375	520	581	463	446	418	379	372	391
24	34	68	207	385	182	206	318	88	226	297	327	386	393	179	177	248	283	310	321	374	593	660	480	449	422	385	365
15	8	34	122	344	293	124	377	179	149	304	325	412	423	205	159	286	171	279	340	351	483	466	402	346	327	293	259
15	14	13	61	228	386	104	354	220	134	294	354	413	447	225	136	349	199	197	358	355	453	353	324	283	293	320	334
9	12	10	11	13	12	8	4	18	103	261	341	324	239	208	203	217	92	72	96	132	193	327	351	329	305	466	670
8	12	12	11	12	12	2	9	94	233	271	292	215	165	193	218	198	72	105	137	219	262	300	375	385	520	698	673
9	15	14	15	15	9	9	70	193	250	267	240	160	196	198	194	199	146	172	182	232	392	449	462	559	708	762	676
7	13	16	14	12	8	33	126	244	286	272	218	159	197	200	188	210	246	250	211	227	361	470	549	668	783	788	691
13	17	12	15	5	12	68	187	270	300	262	177	162	190	212	230	235	335	319	253	300	376	435	507	725	844	812	689
10	14	12	10	7	32	131	233	307	312	201	209	199	238	249	245	229	345	379	272	298	412	435	380	554	841	817	673
13	14	13	9	13	75	200	297	315	311	191	190	200	251	247	236	327	403	420	317	348	470	513	389	445	724	792	663
15	14	13	12	32	123	254	310	322	321	271	229	206	219	210	214	295	361	395	380	369	520	667	470	401	636	741	637
17	16	16	14	52	175	287	319	338	322	286	214	198	218	179	257	348	417	480	540	396	447	725	637	409	555	695	583
17	17	15	19	81	225	302	322	329	304	256	194	223	249	161	237	335	377	457	597	508	407	730	731	469	464	615	498
19	12	15	31	123	280	316	322	334	289	220	148	226	245	183	243	320	326	414	575	577	450	739	691	464	383	482	420
14	11	12	45	172	317	337	348	344	290	193	140	216	263	251	284	319	338	380	553	627	580	855	706	458	361	375	410
10	8	15	81	240	313	349	382	355	277	177	138	214	297	276	264	322	361	402	520	712	766	918	826	553	402	376	398
10	9	18	148	306	361	367	426	383	267	188	154	228	298	273	267	321	338	365	462	740	875	917	853	589	418	372	368
14	8	38	201	313	382	408	494	413	263	178	168	243	263	234	220	233	321	314	355	621	891	919	837	573	417	378	368
20	15	96	236	323	391	460	518	492	322	202	183	259	242	178	128	157	327	320	369	475	744	851	809	548	403	385	400
19	42	171	276	335	386	472	545	529	424	276	239	225	177	115	74	133	257	299	504	586	495	700	814	551	420	382	381
33	89	218	305	314	362	468	557	555	495	439	272	204	130	111	92	186	165	297	532	503	529	769	724	523	472	381	392
65	142	231	283	302	390	490	550	556	526	538	352	228	140	110	78	111	177	314	466	535	709	573	464	438	472	472	483
77	189	260	275	265	382	479	562	594	607	582	426	231	198	149	112	131	186	394	419	466	407	362	364	357	376	396	387
80	177	250	247	184	294	458	534	618	696	607	470	265	271	207	142	175	207	363	267	284	329	328	358	379	344	357	337
48	145	239	248	156	169	342	507	592	723	652	538	354	368	184	123	260	259	249	207	259	302	294	389	420	328	342	327
23	83	180	253	165	139	232	457	579	674	686	608	467	419	196	136	327	282	196	190	251	300	334	449	487	397	376	356
11	32	103	185	174	110	148	363	465	574	668	636	589	507	206	141	339	194	115	182	335	360	407	626	624	456	440	467
15	19	48	102	151	109	159	190	290	535	685	707	619	569	247	142	353	158	75	229	351	412	604	636	449	410	406	419
11	11	21	50	135	98	94	228	115	438	607	730	654	638	287	154	340	151	110	206	224	382	446	339	331	328	279	262
18	14	15	27	95	118	42	246	114	332	602	712	708	674	326	176	292	156	171	260	205	322	239	281	301	288	288	278
17	16	17	17	42	141	59	166	114	303	633	708	714	701	350	189	232	160	210	277	243	268	221	253	265	336	445	446
12	11	16	12	12	12	12	13	14	16	19	27	38	78	145	222	278	302	292	294	256	264	258	278	258	168	133	295
9	14	13	14	12	11	13	15	17	20	23	32	55	110	197	274	320	309	285	258	194	169	170	224	157	129	238	288
13	17	15	14	12	12	17	18	19	25	29	47	98	184	276	313	315	275	209	155	78	173	228	182	166	178	327	284
14	14	12	13	14	15	13	20	21	29	49	86	160	263	324	319	293	204	140	100	63	144	183	174	182	245	396	296
16	16	16	14	15	18	20	22	25	45	103	133	231	315	356	319	262	172	102	74	143	189	162	158	210	382	455	310
14	13	19	15	16	15	19	25	31	85	161	230	320	377	388	318	232	141	83	68	92	175	198	174	295	508	443	325
13	14	15	15	18	18	19	24	49	116	205	265	282	357	355	275	196	116	102	97	149	176	233	208	367	546	404	342
11	13	18	17	17	22	23	28	69	148	234	315	324	328	260	201	135	113	124	138	218	214	293	254	395	531	399	355
10	11	14	17	21	23	23	33	86	154	270	324	385	385	244	191	121	143	154	150	213	235	363	297	383	519	399	355
11	13	16	16	15	20	26	40	115	198	271	325	374	316	288	189	123	169	175	179	268	247	389	341	376	417	385	346
12	13	14	12	16	24	28	46	115	209	288	332	366	320	233	144	100	176	192	181	261	281	416	377	339	346	341	337
12	13	11	14	21	27	34	61	147	234	329	377	347	315	216	136	95	154	185	224	244	286	449	455	381	377	329	367
10	14	14	19	29	30	42	93	174	271	354	343	358	321	189	109	100	155	241	244	241	306	479	600	496	390	367	396
12	13	12	20	25	36	63	118	221	309	352	353	427	329	168	118	110	157	253	215	262	350	509	631	544	387	403	405
18	14	16	17	25	37	74	159	246	318	385	396	360	271	162	145	103	221	270	192	242	449	505	636	529	405	458	564
18	13	13	18	24	51	96	168	262	323	394	491	508	341	156	191	136	267	213	157	248	385	343	526	612	547	578	549
17	19	17	24	34	69	115	207	275	350	424	494	534	374	265	210	127	273	140	108	292	215	357	579	584	463	392	355
16	17	18	26	39	76	140	228	298	403	503	549	571	403	239	186	140	261	87	156	215	154	434	407	270	315	342	348
16	16	22	36	64	114	163	236	308	427	580	618	609	484	322	228	193	236	111	125	123	210	237	211	202	266	386	354
15	21	36	74	96	131	177	266	360	492	627	669	633	567	452	310	257	223	148	99	95	137	128	167	201	249	399	368
17	20	32	84	126	158	213	313	420	583	681	657	664	677	599	378	271	227	174	124	84	114	109	155	245	262	360	405
12	19	35	71	121	150	195	246	377	544	669	726	733	733	577	343	275	188	145	149	117	120	112	202	280	378	498	529
13	13	22	53	104	139	155	202	327	522	670	741	764	744	655	317	262	155	158	171	135	104	135	230	424	578	541	449
16	15	16	26	78	107	150	213	305	473	634	717	807	803	622	328	277	187	114	125	116	107	151	302	466	393	333	374
12	16	14	16	44	84	134	204	299	438	607	714	807	831	706	407	291	133	138	133	160	155	170	270	269	219	263	329
13	12	17	16	18	43	117	150	215	408	574	748	815	813	689	442	288	148	188	198	182	193	162	156	174	191	232	285
12	14	16	14	20	33	93	138	162	391	611	731	819	816	672	477	289	234	235	247	200	299	141	90	117	183	202	256
15	12	14	13	18	31	71	113	157	381	611	749	810	803	676	530	320	294	247	198	297	363	190	98	110	176	200	208
9	9	11	12	12	12	12	12	11	9	13	17	17	22	31	42	55	67	91	140	188	234	278	330	360	418	380	391
11	11	11	11	12	10	12	12	11	10	15	17	19	28	41	54	72	97	153	228	259	290	334	353	372	400	394	357
10	10	10	11	11	10	14	11	13	12	14	20	26	39	57	74	104	169	234	281	295	323	348	357	340	353	341	270
11	11	10	10	10	10	10	12	12	14	17	24	35	53	74	105	180	243	291	320	321	341	351	365	321	276	236	169
12	10	9	9	12	11	12	12	14	17	26	32	46	64	93	131	206	274	296	327	332	335	312	321	239	192	180	126
10	10	10	9	13	12	12	12	14	22	35	47	63	87	125	194	260	292	294	316	305	298	297	256	152	177	147	112
10	12	11	12	15	14	14	15	18	29	42	53	57	99	165	255	292	288	300	318	284	265	273	171	133	154	130	123
9	12	13	12	16	17	14	16	22	31	45	57	65	113	195	280	301	332	311	281	263	245	207	115	131	182	169	156
9	12	12	11	14	17	14	13	26	39	49	61	88	148	214	277	340	324	321	268	231	236	159	97	152	209	177	171
9	10	13	12	15	16	17	17	31	43	50	62	87	138	225	282	320	333	322	241	223	192	125	126	172	213	205	210
7	9	13	15	16	14	16	17	30	43	54	72	106	166	247	296	313	344	314	236	217	129	123	149	186	229	241	245
8	10	11	13	15	14	14	20	36	47	62	82	126	183	257	291	306	327	262	256	187	90	136	168	206	248	240	265
8	11	11	9	11	13	19	26	38	55	72	84	137	200	292	306	305	300	272	223	127	105	152	192	224	229	247	300
8	11	10	10	12	17	23	33	45	59	73	91	175	266	297	332	350	297	253	164	124	107	158	181	197	214	250	303
9	11	13	10	13	16	21	36	46	59	80	123	199	265	321	371	372	286	257	161	115	137	155	168	160	172	209	329
11	12	11	12	15	16	24	36	52	58	84	154	224	315	318	385	371	289	229	147	118	124	107	141	166	200	279	314
14	15	13	12	14	23	29	42	55	64	94	164	280	378	395	408	367	284	195	137	135	100	121	141	144	161	185	185
11	14	16	15	18	24	32	41	55	82	130	228	357	381	369	477	322	273	167	149	136	99	133	124	107	116	144	164
9	14	16	18	22	26	35	49	59	95	189	312	447	442	544	525	390	323	208	189	162	146	143	148	166	120	148	154
13	15	17	24	26	29	37	53	72	132	245	388	548	574	565	556	479	392	315	218	207	239	185	164	163	128	164	166
11	13	16	23	30	33	45	57	104	204	351	481	563	635	585	497	467	422	344	240	279	274	210	177	155	146	165	221
11	13	15	21	32	33	40	49	91	197	373	541	616	681	639	641	535	405	369	355	318	241	197	212	169	166	240	326
13	11	13	20	26	35	35	45	92	210	422	547	659	714	680	653	583	482	431	408	325	267	268	249	228	217	281	279
12	13	14	17	23	30	38	53	96	215	436	544	649	722	710	624	581	552	502	437	347	312	351	342	267	165	211	225
12	15	15	13	15	25	34	50	98	210	424	547	653	725	728	694	650	547	489	483	483	410	446	452	225	206	172	172
15	13	13	13	12	18	29	35	73	209	445	543	668	728	716	739	687	633	621	477	459	487	604	418	327	257	138	144
13	11	13	14	16	16	24	36	74	245	467	552	680	702	750	749	708	677	613	584	545	569	571	462	394	328	174	156
13	13	14	11	13	16	20	29	89	264	450	580	693	757	772	771	716	680	647	647	648	693	613	564	468	343	213	161
