722	718	716	718	721	749	752	736	707	640	557	460	346	236	134	49	8	0	9	34	34	77	175	98	44	48	53	55
714	717	710	715	717	733	728	705	638	556	472	370	266	167	81	19	0	0	9	28	33	78	168	97	42	48	52	52
702	718	727	723	728	724	699	652	588	501	403	301	201	111	41	0	0	0	5	23	23	76	164	98	40	47	51	51
670	705	723	726	714	694	653	586	526	451	354	250	156	78	24	0	0	0	10	26	30	80	164	101	45	50	52	55
630	668	681	676	654	634	587	523	460	394	313	212	128	65	20	0	0	3	15	29	36	82	169	105	46	54	55	54
587	604	606	602	586	563	513	456	399	343	259	178	106	56	20	4	3	14	25	36	40	85	189	112	47	56	58	58
541	546	552	537	522	489	438	391	339	280	206	147	80	40	10	0	0	11	21	33	31	71	199	115	42	51	56	55
523	518	502	484	458	423	377	342	286	223	162	111	65	26	3	0	0	6	20	29	28	59	199	113	40	46	54	55
512	489	463	453	418	390	349	295	237	182	133	88	56	18	0	0	0	7	19	30	23	60	199	111	38	48	54	53
472	467	467	436	399	362	317	260	207	163	114	74	48	25	0	0	0	9	21	29	29	67	189	111	43	48	53	52
471	458	455	432	389	341	293	246	193	160	111	71	44	21	0	0	0	3	20	25	37	68	176	108	44	52	54	54
462	465	446	413	375	336	298	243	187	154	112	71	42	13	1	0	0	4	18	22	33	71	165	103	45	49	51	54
621	617	581	524	446	372	311	259	208	156	115	71	36	13	0	0	0	8	19	26	29	74	163	105	45	49	52	54
707	707	688	661	614	552	466	361	247	166	112	72	38	17	0	3	7	11	21	25	26	74	169	106	44	51	52	54
700	687	674	648	614	575	538	494	408	276	148	74	43	29	15	9	15	19	17	24	21	68	180	106	45	53	52	54
720	707	691	660	625	585	528	471	423	386	318	178	54	24	26	18	13	22	23	24	16	51	190	113	42	53	55	54
733	726	712	693	651	612	557	501	438	385	349	303	189	46	18	31	25	24	26	29	16	43	187	119	45	48	54	53
727	722	710	688	645	601	561	533	485	431	367	308	269	204	82	22	18	38	33	30	23	40	191	118	45	48	54	53
731	711	680	658	634	596	568	536	480	416	359	323	283	255	221	125	28	36	45	35	27	46	193	118	42	49	54	54
752	736	691	672	644	617	585	535	478	415	350	299	274	268	247	240	155	54	53	37	31	57	194	118	44	51	53	56
780	757	719	693	671	639	596	552	491	402	352	300	260	249	253	301	274	175	73	44	19	65	192	118	46	51	52	53
804	770	741	723	713	660	600	576	488	306	283	299	255	235	254	270	265	261	194	67	20	64	186	121	52	51	52	54
815	795	777	750	737	706	643	591	511	431	364	319	266	229	244	263	270	262	264	204	54	62	182	123	55	55	54	55
837	823	809	789	789	742	648	593	516	426	366	324	285	240	225	251	256	263	275	267	211	108	188	125	53	54	60	57
877	861	842	829	810	748	674	615	537	441	383	340	290	249	224	226	251	289	349	282	268	259	262	129	47	53	55	59
910	908	893	868	834	783	696	638	568	486	412	359	299	248	238	247	258	296	375	374	277	282	407	208	44	58	57	58
945	945	932	913	898	833	761	674	570	512	426	372	309	251	257	270	260	337	345	352	272	277	425	346	126	49	64	63
960	958	952	948	950	891	822	742	633	555	474	387	329	287	270	268	308	351	346	292	275	287	441	362	254	109	63	67
1181	1228	1227	1214	1168	1131	1122	1113	1097	1090	1086	1067	1055	1019	953	822	643	446	267	124	34	1	53	183	179	68	56	67
1217	1220	1199	1142	1102	1098	1101	1097	1082	1073	1058	1037	1017	976	889	750	569	378	185	54	5	10	67	176	167	70	57	64
1206	1172	1109	1081	1082	1085	1076	1074	1080	1062	1037	1012	985	927	827	683	505	315	149	35	0	18	73	160	161	72	54	60
1148	1063	1049	1056	1068	1079	1074	1079	1085	1069	1026	995	960	890	771	622	454	275	123	30	0	16	82	175	167	75	58	65
1013	993	1004	1014	1039	1059	1085	1105	1089	1066	1022	991	941	862	731	574	400	231	99	14	0	18	76	198	178	79	60	66
954	965	993	1007	1042	1093	1130	1119	1085	1059	1019	982	916	835	710	556	385	225	95	20	0	21	71	207	198	83	65	69
945	967	992	1023	1108	1156	1153	1104	1058	1026	1007	962	889	798	677	530	375	230	100	25	0	12	60	199	192	80	64	68
972	987	1028	1099	1165	1161	1105	1033	1007	990	961	926	862	764	648	510	370	221	96	22	0	0	56	189	190	76	61	63
1014	1067	1130	1168	1152	1075	1013	992	976	959	921	885	835	748	625	483	341	206	84	16	0	0	61	188	190	75	57	57
1122	1186	1204	1166	1069	1006	1004	995	975	941	900	862	812	732	597	461	315	182	71	4	0	1	67	198	191	75	55	65
1208	1238	1188	1082	1036	1026	1021	1002	978	935	895	851	798	700	571	438	307	172	66	1	0	9	68	197	188	76	57	62
1230	1178	1082	1055	1056	1046	1027	1009	985	946	900	848	778	665	545	425	291	161	62	0	0	14	65	183	178	72	55	62
1148	1061	1047	1051	1055	1048	1034	1015	991	950	913	864	768	647	524	405	263	140	48	0	0	18	70	170	171	74	53	62
1047	1040	1041	1043	1038	1030	1019	1005	990	983	955	877	759	635	507	377	237	117	36	0	0	12	81	176	173	77	55	63
1049	1042	1051	1050	1045	1035	1009	990	1020	1032	975	873	747	629	507	373	246	129	40	1	0	3	65	191	182	79	56	65
1044	1046	1050	1056	1048	1034	1026	1067	1087	1040	934	841	744	626	501	381	259	151	61	13	0	0	43	195	190	80	56	63
1041	1045	1051	1049	1043	1078	1124	1142	1083	980	880	811	726	621	496	381	264	158	72	18	0	0	34	193	199	77	54	64
1045	1052	1051	1061	1117	1180	1161	1101	1004	927	872	815	709	606	494	383	265	150	68	19	0	0	39	192	200	79	57	61
1047	1055	1083	1157	1184	1156	1109	1019	974	943	895	818	717	601	472	371	254	131	48	10	0	16	48	188	200	81	55	67
1052	1109	1171	1169	1151	1100	1035	1006	989	953	895	819	735	607	476	346	228	121	39	8	11	15	48	184	196	83	55	68
1121	1148	1142	1127	1084	1039	1030	1013	992	954	900	832	737	608	456	310	193	117	59	18	10	21	54	186	187	79	54	65
1109	1113	1105	1066	1034	1039	1034	1021	994	968	908	828	726	611	467	313	185	100	49	30	16	20	65	177	181	81	55	65
1101	1077	1043	1039	1040	1037	1030	1021	992	950	893	815	727	621	487	350	218	125	47	11	6	18	67	182	183	84	56	67
1059	1035	1033	1038	1038	1035	1033	1018	992	950	891	818	735	632	507	373	251	146	61	4	0	7	56	184	193	83	56	64
1042	1041	1041	1041	1041	1036	1030	1019	998	960	904	830	746	650	540	405	275	153	55	7	0	0	42	195	205	78	55	63
1045	1042	1037	1036	1041	1037	1032	1027	1003	965	925	860	775	683	577	444	309	168	48	3	0	0	18	181	208	76	53	63
1048	1040	1034	1033	1034	1038	1035	1030	1017	1006	981	903	809	724	618	498	355	206	82	18	0	0	7	159	198	80	52	66
1046	1036	1033	1030	1030	1031	1029	1045	1089	1078	1000	925	847	764	665	555	410	260	134	52	2	0	0	150	180	76	54	65
566	634	674	690	689	677	736	836	939	998	1053	1174	1213	1118	1043	1042	1068	1051	984	867	702	488	268	101	119	203	123	53
507	514	537	520	492	562	666	785	868	973	1182	1276	1203	1109	1055	1048	1070	1038	941	780	555	299	97	22	108	203	120	56
417	422	417	472	473	561	707	765	872	1122	1250	1220	1144	1085	1053	1060	1064	1023	917	748	501	234	52	9	91	188	120	53
348	333	325	397	471	537	661	819	1044	1174	1184	1136	1075	1064	1077	1079	1061	1013	906	737	506	257	78	24	93	182	124	53
382	304	309	363	423	498	669	893	1034	1080	1046	1007	1014	1066	1103	1104	1074	1011	892	712	495	274	92	23	114	197	126	61
522	439	426	400	450	601	750	845	888	880	878	907	962	1043	1100	1113	1086	1017	890	704	479	260	96	19	120	225	136	62
697	632	588	557	623	708	769	816	769	753	780	820	883	1000	1076	1115	1090	1010	878	710	494	273	94	5	109	236	139	62
827	777	772	799	797	804	799	807	799	758	794	801	829	952	1054	1111	1093	999	860	711	504	289	110	3	94	229	135	52
904	925	951	933	922	898	889	945	942	893	874	823	817	919	1032	1131	1117	999	862	712	508	270	91	4	92	225	132	50
1012	1045	1040	1013	956	931	973	1001	993	961	937	902	871	931	1094	1202	1138	991	858	685	458	216	52	4	96	225	132	51
1054	1064	1041	1004	991	995	1005	1005	1001	998	989	960	967	1128	1248	1218	1101	978	855	670	430	194	29	2	120	220	125	54
1048	1043	1008	1008	1021	1019	1015	1009	1008	1022	1037	1052	1208	1323	1282	1157	1045	967	846	660	430	202	44	0	116	202	121	55
1025	1022	1029	1035	1045	1041	1031	1027	1025	1032	1079	1210	1326	1301	1201	1084	1020	948	821	638	410	200	55	11	100	197	123	57
1016	1037	1056	1063	1069	1067	1061	1056	1052	1101	1217	1287	1284	1192	1092	1053	1011	926	787	602	378	179	48	12	98	204	129	55
1042	1058	1072	1079	1084	1085	1087	1090	1133	1210	1269	1257	1156	1078	1071	1052	1010	926	792	609	402	205	57	4	86	213	140	54
1062	1078	1092	1094	1096	1093	1110	1153	1212	1244	1218	1131	1066	1067	1073	1049	1005	936	816	651	453	259	96	7	82	211	141	54
1068	1086	1097	1097	1097	1121	1154	1183	1201	1175	1113	1086	1083	1077	1073	1050	1005	938	823	669	475	280	110	4	86	216	139	56
1071	1091	1096	1103	1126	1157	1163	1156	1139	1108	1096	1095	1096	1092	1073	1050	1005	936	826	662	457	251	79	3	88	229	144	55
1075	1093	1102	1129	1147	1145	1142	1108	1095	1094	1097	1089	1096	1094	1072	1048	1003	920	796	612	398	200	53	4	104	236	145	59
1075	1095	1120	1124	1126	1121	1102	1091	1088	1088	1091	1087	1089	1086	1070	1042	988	893	761	583	385	191	49	0	96	226	141	59
1082	1097	1099	1101	1101	1096	1093	1086	1086	1088	1082	1087	1092	1086	1064	1035	982	875	760	600	411	216	51	6	96	202	131	61
1065	1075	1078	1082	1081	1081	1077	1076	1078	1080	1079	1083	1091	1085	1057	1044	992	882	778	627	436	229	71	12	83	182	130	61
1037	1049	1058	1064	1061	1056	1053	1053	1063	1068	1074	1078	1080	1071	1084	1078	1008	905	802	650	455	250	90	17	80	181	133	61
1003	1017	1028	1030	1027	1027	1032	1029	1035	1050	1060	1057	1054	1099	1143	1100	1020	933	820	666	471	273	120	23	76	189	135	57
984	996	1004	1001	1001	1001	1002	1007	1011	1019	1030	1036	1091	1148	1156	1086	1015	948	839	676	479	312	158	37	83	197	139	55
972	983	986	984	984	984	975	981	984	989	1019	1096	1127	1126	1115	1046	1020	965	856	701	516	354	183	51	91	211	143	55
950	961	969	974	965	964	960	954	966	1009	1083	1152	1137	1097	1055	1051	1035	994	890	758	592	417	232	75	90	219	148	59
933	939	955	956	945	952	944	948	987	1046	1089	1123	1094	1047	1053	1065	1048	1019	932	820	670	492	288	92	87	230	146	61
140	112	97	133	175	137	160	181	225	299	374	570	895	1126	1201	1178	1104	1053	1039	1054	1037	997	937	820	592	365	280	180
179	125	65	123	179	129	155	269	207	228	378	606	781	920	988	1028	1023	1040	1044	1044	1033	974	836	594	311	164	188	172
358	261	130	150	158	119	147	242	162	231	365	511	605	704	792	881	966	1042	1055	1040	1023	954	791	506	202	59	134	161
637	542	410	343	270	198	169	220	180	205	293	382	481	556	667	812	944	1041	1072	1053	1014	952	817	549	241	63	122	166
852	802	730	639	522	421	329	312	257	276	261	283	361	435	582	747	913	1046	1094	1075	1015	953	838	589	267	103	155	179
949	948	905	832	752	655	581	551	492	488	413	328	290	330	472	656	875	1041	1127	1115	1032	959	843	612	282	97	185	200
968	983	963	924	875	820	797	814	809	769	663	542	393	328	380	555	811	1082	1257	1174	1040	967	849	628	308	90	181	206
956	964	945	956	936	924	934	949	945	902	872	788	585	466	416	514	829	1253	1348	1173	1042	975	846	621	322	111	173	201
937	942	932	982	991	1000	1001	991	974	961	960	919	787	641	558	673	1017	1318	1283	1126	1046	977	835	592	287	96	176	214
941	920	968	1028	1040	1042	1039	1029	1016	1005	990	968	910	823	817	959	1131	1205	1151	1088	1051	958	787	509	202	66	182	220
937	952	1040	1080	1079	1075	1075	1069	1063	1048	1033	1019	976	975	1036	1096	1135	1073	1055	1073	1048	947	763	457	148	48	170	201
950	1046	1099	1115	1109	1106	1103	1098	1091	1082	1067	1054	1036	1062	1114	1139	1076	1024	1041	1066	1037	947	782	517	232	78	137	172
1022	1111	1125	1132	1126	1122	1117	1113	1109	1100	1088	1070	1058	1073	1101	1088	1048	1054	1067	1064	1030	947	791	548	253	93	147	168
1095	1129	1133	1134	1131	1135	1132	1125	1117	1106	1094	1083	1081	1085	1069	1048	1048	1056	1076	1075	1032	940	783	547	260	76	175	191
1119	1129	1128	1128	1129	1129	1134	1129	1120	1103	1103	1097	1101	1091	1075	1064	1056	1061	1078	1073	1037	952	806	595	310	92	164	217
1126	1123	1125	1129	1125	1127	1126	1123	1118	1112	1115	1114	1118	1109	1095	1084	1073	1076	1080	1068	1039	964	846	656	379	143	159	209
1126	1119	1126	1130	1128	1125	1121	1115	1117	1123	1129	1128	1124	1118	1108	1101	1089	1089	1076	1067	1030	965	852	664	387	146	167	206
1127	1129	1127	1125	1126	1119	1122	1120	1125	1130	1125	1129	1123	1124	1115	1097	1093	1085	1086	1065	1016	952	823	601	288	83	172	217
1131	1134	1126	1126	1123	1123	1125	1127	1130	1132	1129	1126	1129	1121	1113	1099	1091	1076	1102	1081	1015	937	763	484	167	35	180	230
1134	1129	1124	1131	1129	1126	1129	1129	1129	1131	1133	1130	1126	1118	1112	1100	1082	1113	1168	1084	1016	943	760	467	162	36	169	219
1129	1124	1128	1127	1127	1128	1128	1130	1129	1127	1132	1128	1122	1118	1112	1094	1142	1231	1175	1070	1026	952	769	503	229	81	145	179
1125	1131	1130	1132	1128	1125	1129	1133	1131	1130	1132	1124	1121	1120	1111	1144	1256	1230	1130	1057	1029	954	795	572	345	155	142	166
1120	1128	1132	1127	1119	1119	1122	1126	1130	1131	1130	1122	1117	1118	1141	1229	1251	1163	1061	1057	1034	955	830	668	452	231	174	170
1121	1124	1126	1120	1118	1116	1116	1115	1119	1122	1125	1121	1113	1117	1169	1214	1182	1068	1041	1061	1032	957	864	737	516	275	195	178
1115	1122	1123	1117	1118	1115	1113	1108	1104	1101	1107	1108	1106	1115	1136	1142	1067	1033	1048	1056	1030	969	885	763	549	298	194	182
1105	1113	1116	1116	1117	1114	1102	1095	1088	1082	1074	1068	1072	1074	1077	1045	1014	1016	1037	1050	1029	969	893	781	576	288	194	208
1093	1102	1108	1114	1110	1111	1103	1084	1076	1068	1044	1025	1029	1024	1013	1001	994	1003	1035	1052	1028	979	911	816	583	212	178	232
1071	1090	1096	1103	1097	1103	1093	1074	1061	1042	1021	1000	999	989	990	986	980	1006	1037	1048	1028	985	932	848	514	136	184	225
447	274	176	180	187	172	167	345	201	170	155	189	183	186	267	435	648	846	965	1021	1056	1047	1021	981	965	941	822	617
763	588	391	238	172	167	174	273	179	155	170	232	196	139	199	345	516	663	897	1046	1067	1044	1010	989	936	829	655	489
966	897	807	699	564	443	347	279	232	171	189	175	169	159	197	258	365	576	890	1044	1062	1044	1006	985	906	676	420	290
1022	1014	1022	983	900	859	763	684	613	512	380	228	186	200	206	217	298	505	815	1005	1105	1099	1021	983	924	628	242	114
1006	1001	996	989	1023	1026	978	973	945	892	748	595	424	295	202	182	264	416	715	1070	1301	1215	1042	994	945	698	254	89
991	977	955	1001	1070	1079	1069	1073	1063	1032	979	935	788	581	345	182	226	364	728	1239	1461	1236	1044	1008	959	773	366	159
984	969	949	1021	1096	1099	1091	1093	1087	1079	1079	1079	1028	878	651	428	304	368	817	1335	1442	1159	1042	1014	965	810	469	216
975	958	945	1010	1100	1105	1095	1095	1091	1094	1097	1109	1111	1055	941	746	527	490	805	1202	1278	1092	1038	1009	961	824	507	227
966	947	939	996	1080	1107	1099	1105	1104	1108	1105	1114	1126	1116	1067	959	770	703	796	1023	1087	1075	1034	1007	956	793	457	222
946	935	952	999	1063	1109	1110	1112	1118	1119	1117	1118	1118	1117	1093	1038	944	851	879	897	990	1084	1042	1007	924	689	349	187
950	947	962	1005	1074	1115	1117	1114	1118	1120	1124	1122	1121	1106	1084	1064	1035	984	926	914	991	1076	1047	1002	902	633	304	145
953	962	972	1028	1101	1118	1115	1120	1118	1122	1121	1121	1121	1114	1092	1082	1084	1071	1022	1004	1015	1061	1048	1000	941	744	435	208
946	970	1013	1071	1115	1119	1117	1117	1122	1119	1119	1121	1120	1115	1107	1104	1101	1094	1093	1082	1061	1056	1037	998	940	769	454	226
956	1005	1065	1105	1118	1120	1125	1122	1118	1112	1118	1122	1122	1120	1124	1120	1106	1096	1102	1094	1075	1062	1034	993	938	767	418	193
985	1044	1095	1121	1125	1123	1122	1129	1127	1118	1126	1125	1125	1126	1128	1127	1115	1107	1102	1094	1073	1061	1019	981	949	818	456	215
1024	1085	1113	1121	1124	1125	1123	1124	1129	1131	1124	1131	1134	1130	1131	1131	1123	1117	1106	1087	1074	1089	1016	974	958	877	566	267
1038	1102	1116	1122	1125	1121	1122	1129	1122	1128	1120	1130	1136	1133	1133	1130	1130	1122	1102	1083	1135	1149	1028	984	964	867	566	288
1065	1112	1124	1117	1124	1126	1125	1126	1118	1125	1121	1126	1126	1130	1129	1129	1129	1122	1098	1149	1271	1172	1036	999	948	767	410	205
1085	1116	1124	1117	1124	1129	1125	1124	1121	1127	1124	1121	1129	1125	1132	1128	1129	1113	1145	1313	1312	1126	1039	1000	896	620	276	176
1085	1121	1122	1122	1123	1121	1125	1122	1125	1129	1126	1122	1127	1127	1129	1133	1127	1137	1276	1347	1203	1051	1044	994	895	659	327	218
1098	1117	1120	1124	1123	1125	1118	1126	1124	1123	1125	1125	1125	1125	1130	1128	1126	1199	1279	1215	1053	1043	1043	993	928	784	495	257
1114	1114	1113	1120	1121	1117	1118	1125	1127	1127	1123	1125	1128	1125	1129	1124	1136	1183	1173	1073	1023	1049	1043	987	950	869	637	350
1115	1116	1112	1116	1115	1113	1115	1125	1127	1128	1126	1123	1122	1127	1126	1116	1131	1135	1081	1047	1045	1053	1029	972	956	918	725	466
1106	1119	1116	1111	1108	1115	1112	1117	1120	1126	1125	1127	1123	1123	1116	1116	1116	1099	1047	1020	1042	1046	1015	956	952	933	768	506
1110	1120	1120	1117	1117	1118	1114	1114	1115	1121	1122	1123	1125	1122	1120	1116	1109	1079	1025	1000	1024	1033	1001	947	951	943	756	449
1111	1125	1124	1126	1124	1119	1118	1115	1114	1115	1115	1119	1121	1123	1124	1118	1105	1061	1000	981	1035	1036	998	936	951	937	661	360
1112	1125	1127	1127	1127	1124	1114	1115	1118	1111	1114	1122	1121	1122	1125	1116	1092	1036	977	968	1035	1036	995	933	959	889	508	254
1099	1124	1130	1130	1131	1122	1119	1116	1120	1118	1111	1116	1116	1120	1116	1102	1066	1002	953	972	1020	1037	992	932	960	853	541	300
900	740	491	259	149	159	192	197	212	182	176	263	236	224	196	229	192	210	339	624	933	1062	1048	1035	1018	971	947	961
1029	1014	977	855	614	426	297	197	193	164	173	205	204	269	189	251	178	167	308	621	916	1054	1085	1061	1012	982	962	954
1045	1036	1027	1045	1023	974	905	768	628	482	349	225	164	248	191	218	277	191	268	571	890	1182	1280	1150	1022	995	958	903
1043	1042	1028	1004	1011	1053	1059	1054	1068	1035	935	779	547	352	228	203	282	222	203	430	842	1377	1450	1178	1016	990	924	750
1039	1043	1032	1030	1104	1117	1112	1105	1100	1092	1082	1093	1045	889	616	379	281	228	225	398	859	1445	1430	1111	1014	981	926	628
1034	1035	1035	1048	1106	1120	1116	1117	1116	1114	1113	1113	1117	1114	1036	832	567	304	213	410	877	1362	1278	1080	1020	972	974	742
1036	1035	1038	1028	1063	1111	1118	1119	1121	1121	1117	1120	1120	1132	1137	1104	972	701	313	393	832	1162	1154	1075	1027	974	978	877
1038	1036	1031	1001	1011	1089	1124	1118	1125	1124	1123	1125	1123	1122	1132	1139	1121	1010	688	401	649	972	1089	1079	1032	972	976	877
1040	1034	1017	979	968	1059	1117	1122	1123	1126	1123	1126	1127	1123	1124	1123	1138	1113	986	702	581	801	1047	1061	1028	975	968	855
1036	1022	988	959	943	1039	1119	1118	1122	1125	1125	1127	1124	1128	1133	1112	1130	1135	1095	967	735	729	1006	1048	1028	989	956	782
1018	977	952	939	943	1068	1122	1120	1123	1124	1129	1122	1122	1125	1124	1124	1124	1133	1125	1070	917	787	989	1058	1028	993	952	744
997	964	947	927	975	1102	1120	1120	1125	1121	1122	1124	1125	1124	1124	1124	1121	1128	1130	1116	1047	908	980	1051	1020	990	963	864
974	987	982	941	1026	1116	1120	1120	1124	1121	1121	1126	1123	1126	1124	1122	1123	1123	1125	1128	1108	1052	1040	1057	1004	982	958	879
979	1010	1018	1019	1091	1118	1117	1118	1120	1121	1124	1125	1125	1125	1125	1125	1124	1127	1126	1126	1115	1086	1132	1108	1008	979	958	818
1009	1036	1060	1088	1113	1115	1119	1119	1126	1133	1131	1126	1125	1122	1123	1125	1127	1126	1123	1125	1110	1123	1304	1171	1014	975	968	803
1036	1064	1083	1096	1109	1118	1118	1127	1141	1138	1125	1133	1127	1125	1125	1124	1126	1123	1124	1124	1105	1303	1451	1188	1019	960	961	881
1025	1073	1085	1097	1106	1104	1115	1136	1137	1124	1120	1124	1124	1129	1124	1124	1125	1125	1126	1123	1162	1430	1424	1117	1020	956	961	891
1023	1065	1093	1098	1104	1099	1118	1129	1123	1119	1121	1121	1122	1130	1125	1123	1125	1134	1127	1124	1241	1424	1232	1057	1015	961	960	783
1056	1069	1092	1100	1100	1105	1114	1123	1120	1123	1119	1122	1122	1127	1126	1129	1122	1136	1122	1139	1250	1228	1068	1053	1016	971	932	706
1053	1076	1085	1097	1097	1101	1109	1116	1120	1122	1119	1124	1122	1124	1125	1133	1127	1123	1111	1139	1157	1078	1057	1055	1005	969	943	791
1071	1072	1075	1085	1091	1089	1099	1110	1117	1121	1120	1119	1122	1120	1121	1125	1128	1114	1108	1117	1086	1042	1054	1056	992	951	960	886
1086	1065	1048	1074	1085	1083	1087	1096	1107	1118	1116	1120	1124	1120	1121	1122	1121	1115	1116	1116	1073	1017	1055	1062	982	944	963	937
1079	1081	1039	1089	1108	1092	1088	1080	1087	1117	1120	1119	1123	1119	1118	1121	1118	1120	1118	1114	1063	1020	1059	1055	979	940	948	953
1044	1078	1080	1105	1127	1096	1094	1085	1102	1119	1121	1121	1119	1124	1121	1124	1120	1126	1122	1106	1049	1022	1063	1044	973	919	935	949
1034	1066	1080	1078	1086	1082	1105	1109	1118	1121	1124	1121	1119	1123	1125	1121	1121	1127	1131	1099	1027	1003	1034	1037	956	911	941	948
1029	1036	1038	1047	1079	1091	1102	1120	1117	1116	1125	1122	1124	1121	1120	1119	1116	1126	1128	1083	997	997	1006	1022	942	915	953	918
1004	990	1023	1044	1068	1111	1117	1116	1117	1115	1115	1123	1127	1121	1115	1120	1123	1131	1127	1053	966	1006	1025	1018	936	927	967	841
977	980	1009	1033	1066	1108	1116	1115	1118	1116	1110	1120	1122	1125	1121	1127	1134	1136	1109	1007	963	1032	1036	1015	933	936	961	881
606	517	424	335	231	179	160	139	182	176	203	198	177	234	253	238	322	215	176	205	307	659	1032	1161	1140	1066	1027	955
1030	1009	985	937	811	667	525	372	250	199	200	162	159	181	193	229	292	266	215	215	309	706	1231	1393	1270	1084	1031	957
1031	1039	1040	1040	1020	984	977	939	844	723	565	350	212	167	152	182	276	211	257	231	330	726	1310	1489	1304	1072	1029	962
1043	1042	1041	1046	1054	1075	1076	1076	1075	1070	1048	975	808	558	380	239	210	203	207	207	221	560	1205	1402	1190	1056	1024	975
1041	1037	1043	1043	1074	1122	1130	1132	1131	1129	1129	1121	1118	1104	1038	869	553	290	220	238	185	451	1043	1252	1077	1050	1017	988
1028	1031	1036	1036	1047	1094	1168	1122	1116	1117	1118	1116	1113	1114	1125	1127	1073	826	434	258	230	393	918	1107	1046	1048	1008	979
1030	1028	1032	1040	1036	1066	1149	1119	1114	1117	1118	1118	1111	1110	1108	1108	1119	1126	940	481	253	324	769	1069	1069	1047	1005	964
1027	1033	1033	1042	1034	1051	1100	1116	1121	1122	1123	1118	1116	1114	1112	1111	1107	1115	1143	939	417	305	682	1075	1078	1051	1004	962
1029	1035	1038	1047	1039	1030	1096	1122	1120	1123	1123	1118	1120	1117	1119	1118	1110	1116	1131	1149	857	371	682	1080	1055	1050	999	961
1032	1047	1049	1046	1034	1026	1100	1125	1119	1121	1124	1123	1124	1124	1128	1117	1118	1121	1121	1147	1125	657	587	1043	1038	1043	1004	962
1039	1049	1053	1038	1009	1018	1104	1123	1123	1128	1131	1124	1126	1124	1124	1122	1119	1123	1123	1129	1159	927	632	1052	1079	1037	1009	975
1044	1048	1048	1033	1002	1033	1089	1124	1130	1127	1122	1123	1124	1122	1120	1120	1114	1121	1121	1127	1145	1077	808	1181	1185	1049	1017	965
1067	1052	1053	1046	1017	1045	1105	1124	1125	1123	1124	1122	1124	1122	1122	1117	1118	1119	1120	1126	1127	1117	1066	1398	1243	1050	1020	964
1059	1052	1068	1061	1059	1096	1120	1122	1122	1123	1126	1127	1124	1126	1121	1119	1122	1122	1121	1125	1129	1111	1238	1555	1237	1051	1019	974
1049	1068	1071	1081	1104	1107	1109	1121	1121	1121	1121	1120	1121	1122	1120	1121	1121	1123	1119	1128	1124	1110	1333	1548	1152	1054	1011	976
1073	1078	1073	1080	1105	1098	1102	1125	1121	1116	1118	1118	1119	1122	1121	1121	1122	1122	1124	1129	1117	1115	1313	1358	1056	1060	1004	960
1061	1073	1068	1073	1088	1088	1081	1117	1123	1115	1117	1120	1121	1125	1121	1123	1127	1130	1124	1126	1112	1115	1209	1121	1042	1059	1004	956
1025	1070	1082	1071	1069	1089	1089	1117	1123	1119	1123	1117	1122	1125	1123	1122	1129	1126	1126	1124	1108	1103	1099	1055	1062	1051	1002	964
1070	1088	1093	1074	1061	1097	1107	1114	1120	1118	1122	1124	1124	1123	1119	1121	1125	1127	1126	1123	1110	1100	1072	1058	1068	1047	997	967
1082	1102	1105	1074	1073	1091	1109	1103	1113	1118	1117	1119	1123	1123	1117	1122	1121	1126	1127	1125	1121	1110	1035	1057	1065	1038	981	956
1081	1107	1111	1084	1087	1089	1091	1090	1115	1120	1116	1116	1121	1122	1119	1122	1123	1124	1125	1128	1133	1103	992	1057	1056	1030	966	944
1084	1111	1153	1099	1094	1092	1090	1084	1104	1117	1119	1120	1122	1122	1121	1121	1123	1130	1126	1132	1135	1096	985	1048	1050	1025	963	932
1072	1084	1082	1097	1104	1096	1090	1075	1089	1119	1123	1122	1123	1125	1121	1123	1125	1126	1123	1130	1135	1082	983	1040	1053	1020	947	923
1070	1078	1078	1098	1108	1088	1079	1087	1106	1119	1122	1123	1123	1123	1123	1126	1126	1121	1121	1125	1140	1056	1015	1068	1055	1002	935	919
1073	1070	1069	1066	1067	1074	1080	1098	1116	1118	1122	1123	1125	1124	1127	1122	1122	1123	1121	1131	1135	1019	1100	1077	1049	982	928	919
1051	1050	1028	1021	1024	1037	1051	1082	1102	1111	1119	1122	1120	1123	1120	1116	1116	1117	1120	1133	1102	998	1165	1029	1031	965	924	927
997	1005	982	974	960	987	1026	1059	1080	1093	1110	1112	1116	1113	1107	1108	1111	1109	1121	1125	1017	1019	1146	981	1009	953	921	937
944	952	945	942	944	981	1016	1045	1073	1087	1096	1093	1100	1107	1103	1095	1095	1099	1103	1057	977	1033	1053	978	1010	950	918	936
340	232	209	218	206	206	232	160	179	171	175	185	175	172	141	207	238	197	198	205	196	227	592	1365	1434	1333	1063	1068
749	758	763	742	688	614	549	409	274	190	155	162	172	173	137	153	183	214	213	252	191	228	642	1313	1435	1263	1065	1072
1053	1063	1072	1065	1072	1065	1009	945	873	739	547	287	166	164	135	156	147	197	189	227	199	227	602	1157	1327	1123	1071	1068
1040	1041	1045	1038	1041	1062	1044	1013	1007	1019	1006	889	653	471	347	242	151	159	174	198	216	175	461	1041	1206	1052	1067	1064
1039	1037	1041	1034	1039	1075	1109	1107	1104	1104	1101	1095	1098	1058	985	867	658	329	182	162	247	153	379	1020	1081	1033	1061	1062
1033	1030	1028	1030	1032	1070	1122	1116	1117	1116	1120	1120	1119	1117	1117	1110	1093	975	622	276	235	170	324	1000	1043	1038	1061	1052
1032	1028	1029	1034	1033	1055	1110	1115	1112	1118	1120	1120	1118	1112	1107	1107	1108	1106	1077	800	333	202	303	996	1063	1043	1072	1055
1032	1035	1037	1033	1031	1048	1094	1118	1115	1124	1121	1126	1120	1115	1113	1111	1112	1108	1109	1092	840	386	439	993	1049	1046	1078	1063
1032	1036	1038	1038	1039	1050	1096	1119	1120	1124	1122	1123	1120	1118	1122	1119	1119	1119	1118	1115	1101	824	764	1023	1135	1063	1081	1063
1033	1039	1040	1041	1047	1077	1109	1122	1125	1125	1121	1120	1124	1123	1124	1122	1124	1124	1127	1125	1132	1032	863	1126	1330	1116	1067	1062
1034	1043	1043	1050	1067	1093	1107	1121	1125	1125	1124	1124	1125	1125	1128	1131	1125	1128	1123	1125	1139	1120	953	1257	1487	1142	1065	1061
1035	1049	1057	1071	1085	1080	1059	1116	1127	1121	1121	1125	1125	1122	1125	1127	1125	1126	1122	1127	1133	1133	1025	1347	1487	1113	1072	1060
1037	1052	1071	1079	1089	1093	1106	1121	1121	1121	1122	1122	1127	1127	1128	1124	1125	1125	1124	1126	1129	1127	1068	1331	1366	1077	1074	1062
1040	1055	1073	1079	1112	1133	1132	1121	1119	1123	1124	1123	1126	1130	1131	1128	1127	1125	1126	1128	1130	1121	1074	1238	1214	1070	1077	1064
1040	1059	1071	1095	1102	1088	1091	1121	1120	1125	1122	1123	1127	1125	1128	1126	1127	1127	1124	1131	1123	1119	1050	1109	1077	1075	1077	1062
1047	1068	1066	1073	1099	1065	1078	1125	1122	1122	1125	1123	1127	1122	1130	1126	1123	1128	1130	1134	1125	1119	1034	1030	1054	1079	1079	1057
1066	1069	1012	1045	1108	1095	1077	1129	1127	1124	1127	1124	1127	1129	1130	1128	1128	1127	1131	1128	1123	1113	1040	1041	1058	1075	1080	1058
1084	1039	1010	1054	1095	1111	1082	1127	1127	1125	1127	1127	1129	1136	1125	1132	1130	1128	1128	1121	1120	1112	1051	1055	1062	1075	1083	1054
1023	1016	1071	1110	1110	1131	1106	1129	1123	1125	1126	1122	1129	1131	1124	1127	1128	1127	1117	1111	1111	1112	1030	1034	1063	1079	1081	1055
999	1080	1135	1094	1088	1093	1089	1089	1116	1124	1122	1121	1123	1123	1121	1121	1117	1114	1105	1100	1106	1109	994	1010	1054	1080	1081	1051
1020	1103	1128	1095	1089	1088	1082	1080	1097	1111	1112	1114	1114	1115	1116	1105	1104	1093	1089	1090	1097	1096	983	1033	1039	1079	1072	1043
1033	1100	1122	1097	1094	1094	1084	1084	1080	1080	1093	1103	1099	1105	1099	1092	1085	1068	1066	1079	1087	1066	1012	1114	1032	1084	1070	1034
1041	1085	1090	1096	1094	1087	1091	1088	1076	1055	1070	1084	1085	1088	1086	1074	1063	1056	1046	1063	1073	1021	1083	1216	1028	1081	1069	1026
1072	1088	1084	1091	1087	1082	1083	1068	1045	1031	1061	1076	1074	1074	1071	1058	1057	1049	1032	1045	1049	973	1146	1191	1025	1078	1054	1014
1096	1098	1098	1091	1089	1091	1065	992	986	1022	1074	1091	1082	1074	1067	1055	1049	1045	1022	1019	1004	943	1151	1074	1032	1071	1031	989
1100	1105	1109	1108	1103	1063	991	968	1016	1058	1095	1114	1102	1089	1078	1060	1043	1029	1020	991	973	942	1061	995	1030	1062	1012	968
1077	1066	1066	1059	1021	982	987	1035	1083	1112	1124	1122	1119	1108	1091	1074	1043	1010	989	979	952	928	974	977	1010	1038	1000	955
1000	964	958	965	959	983	1057	1115	1131	1142	1154	1144	1136	1132	1121	1091	1052	1005	952	958	954	917	947	970	997	1011	987	950
970	707	398	230	174	173	260	315	180	189	209	185	180	170	152	237	286	287	286	216	187	181	367	1274	1407	1211	1081	1087
669	438	356	344	302	249	264	267	153	183	187	173	171	163	152	172	178	240	191	224	187	162	355	1009	1196	1091	1075	1076
938	913	925	922	887	837	796	641	447	313	222	176	157	158	165	183	146	265	203	198	209	175	388	973	1044	1038	1065	1069
1066	1080	1070	1073	1082	1089	1084	1038	918	766	606	424	257	193	168	172	148	221	231	190	204	171	428	993	1041	1046	1058	1068
1047	1040	1036	1037	1038	1043	1050	1065	1075	1051	968	899	807	666	522	423	310	189	197	223	217	175	479	1001	1059	1053	1059	1068
1042	1043	1038	1027	1023	1030	1045	1053	1067	1088	1052	1032	1046	1046	1027	973	878	636	350	298	235	212	600	988	1056	1055	1064	1067
1045	1044	1035	1032	1024	1039	1053	1071	1082	1084	1065	1050	1056	1055	1055	1056	1056	1029	897	660	331	225	714	1044	1099	1060	1071	1080
1034	1031	1036	1038	1026	1043	1069	1092	1092	1092	1081	1074	1079	1072	1068	1059	1049	1036	1034	1014	767	379	796	1206	1356	1096	1082	1092
1035	1038	1042	1045	1046	1052	1067	1093	1098	1104	1090	1088	1091	1089	1081	1076	1063	1046	1033	1024	1008	765	877	1383	1554	1192	1081	1089
1035	1037	1048	1045	1053	1056	1061	1094	1104	1101	1096	1096	1096	1092	1086	1076	1073	1063	1054	1033	1021	1008	942	1358	1510	1195	1077	1086
1034	1039	1050	1050	1055	1060	1075	1102	1107	1098	1102	1099	1094	1089	1081	1074	1074	1070	1056	1037	1009	1016	981	1183	1314	1109	1082	1084
1034	1044	1051	1054	1057	1067	1091	1104	1097	1093	1102	1100	1099	1080	1080	1072	1070	1068	1051	1035	1008	978	998	1082	1131	1078	1080	1082
1034	1049	1057	1058	1069	1103	1098	1091	1103	1093	1096	1105	1099	1093	1085	1080	1070	1065	1055	1031	1008	971	1000	1028	1052	1074	1076	1078
1037	1053	1060	1065	1082	1117	1144	1123	1100	1093	1100	1105	1099	1096	1087	1079	1068	1055	1047	1030	1006	972	980	1020	1033	1080	1079	1080
1045	1051	1061	1069	1073	1118	1142	1126	1098	1096	1102	1102	1096	1088	1086	1073	1062	1053	1037	1017	997	974	948	1033	1051	1079	1080	1080
1040	1061	1078	1069	1089	1129	1120	1119	1105	1096	1097	1100	1096	1090	1080	1071	1063	1043	1019	1003	984	962	937	1042	1061	1075	1080	1075
1046	1078	1083	1105	1119	1107	1074	1064	1078	1086	1090	1092	1089	1087	1077	1068	1044	1015	1002	987	978	950	939	1052	1062	1073	1079	1077
1080	1063	1039	1125	1147	1118	1024	1031	1057	1068	1072	1074	1077	1075	1064	1050	1022	998	978	969	964	943	936	1038	1064	1074	1079	1076
1096	1033	1029	1084	1159	1167	1105	1073	1037	1040	1058	1059	1066	1064	1052	1040	1008	981	961	956	955	933	983	1070	1061	1076	1076	1077
1081	1081	1079	1092	1108	1112	1095	1033	999	1004	1032	1042	1044	1051	1030	1022	1009	968	952	951	953	927	1056	1206	1059	1077	1079	1080
1113	1101	1105	1101	1097	1079	1065	1022	977	967	1009	1022	1028	1032	1024	1020	1031	985	942	940	943	935	1153	1293	1065	1079	1079	1080
1048	1097	1101	1112	1107	1079	1066	1027	985	971	1019	1044	1050	1055	1053	1049	1064	1037	952	941	938	928	1208	1260	1065	1082	1079	1082
1044	1094	1102	1108	1111	1081	1048	1016	1000	1026	1063	1093	1098	1095	1093	1084	1090	1082	986	935	933	923	1149	1141	1064	1079	1079	1079
1084	1098	1101	1097	1094	1060	1025	1022	1056	1095	1122	1135	1126	1130	1124	1116	1116	1116	1032	935	927	943	1053	1047	1073	1078	1079	1078
1100	1100	1104	1082	1066	1042	994	1015	1107	1149	1158	1153	1141	1150	1141	1142	1150	1146	1073	940	928	972	1018	1041	1079	1079	1081	1074
1092	1105	1101	1063	1027	991	962	1061	1154	1164	1149	1127	1136	1153	1138	1147	1162	1163	1087	939	941	981	1022	1051	1079	1077	1075	1061
1092	1074	1023	998	972	961	1009	1136	1167	1158	1123	1085	1076	1107	1142	1159	1175	1174	1086	933	949	988	1032	1053	1075	1076	1068	1058
1028	989	969	963	960	975	1089	1159	1155	1119	1062	1047	1038	1085	1148	1181	1184	1175	1069	936	949	993	1031	1054	1075	1078	1063	1062
1146	1155	1043	672	294	232	165	324	204	180	235	252	258	243	203	192	270	253	178	150	144	231	767	1079	1078	1060	1085	1084
1088	876	503	243	192	233	165	332	190	207	235	240	209	175	174	187	175	239	171	160	134	205	721	1038	1027	1054	1070	1073
886	527	391	351	298	215	179	232	146	177	190	191	181	176	188	160	175	264	231	152	127	227	762	1044	1045	1055	1064	1067
1059	1005	974	920	859	735	643	470	273	188	156	139	140	145	157	164	187	222	270	172	128	257	826	1050	1052	1059	1059	1065
1045	1053	1063	1065	1073	1079	1071	934	716	541	385	285	208	183	166	165	171	175	221	218	154	351	913	1058	1054	1057	1060	1067
1032	1029	1025	1028	1017	1026	1031	1043	999	917	803	735	677	617	538	441	304	199	194	215	190	504	1082	1251	1087	1052	1067	1070
1029	1027	1020	1022	1016	1013	1008	1013	1029	1024	975	945	958	957	931	894	784	601	388	280	248	583	1210	1490	1319	1054	1082	1080
1030	1024	1026	1031	1032	1027	1008	1016	1031	1027	966	942	961	969	966	971	963	918	795	590	359	586	1200	1517	1361	1086	1087	1083
1033	1031	1036	1037	1044	1047	1030	1027	1039	1036	944	933	932	935	936	934	945	954	943	851	608	657	1040	1372	1200	1083	1093	1090
1031	1032	1038	1047	1045	1047	1040	1039	1046	1032	950	940	924	923	923	919	931	941	948	941	843	770	973	1107	1093	1074	1090	1086
1029	1036	1049	1046	1045	1047	1041	1046	1066	1004	949	945	932	924	920	914	920	926	923	930	944	886	960	1041	1030	1070	1090	1085
1034	1040	1048	1043	1045	1053	1054	1063	1058	961	941	943	939	926	920	917	919	920	910	910	915	970	994	1047	1033	1072	1083	1083
1037	1040	1048	1047	1048	1060	1073	1091	1041	952	945	952	936	934	924	923	922	919	921	913	906	928	1011	1051	1040	1070	1081	1079
1034	1042	1050	1049	1055	1075	1095	1094	1065	969	948	955	935	938	927	927	926	916	916	914	909	908	996	1069	1039	1068	1081	1083
1037	1047	1055	1053	1079	1090	1089	1106	1081	973	950	953	940	935	929	927	927	915	917	913	904	903	987	1069	1046	1072	1083	1080
1034	1058	1075	1069	1042	1075	1092	1086	1050	962	950	949	945	940	934	927	928	919	922	920	901	925	1010	1064	1049	1076	1080	1079
1052	1081	1106	1066	1001	1039	1053	1034	1008	966	948	949	949	941	936	935	926	923	925	923	914	975	1154	1068	1050	1083	1081	1082
1079	1076	1095	1065	1035	1065	1030	1048	1016	958	938	943	958	958	947	948	926	929	922	931	918	1010	1325	1132	1049	1081	1083	1085
1084	1048	1061	1037	1077	1112	1071	1019	957	936	952	1016	1067	1075	1064	1028	959	940	929	928	923	1030	1366	1213	1046	1076	1084	1083
1038	1061	1068	1103	1124	1121	1056	970	944	963	1060	1128	1149	1155	1147	1132	1071	969	933	935	928	1048	1355	1208	1055	1081	1083	1082
1042	1046	1096	1119	1108	1077	1019	962	969	1071	1150	1172	1179	1186	1182	1176	1155	1052	940	935	945	1023	1265	1116	1066	1080	1081	1078
1051	1099	1119	1126	1078	1044	1014	960	1061	1160	1192	1186	1190	1192	1192	1200	1186	1118	971	935	972	1034	1130	1056	1070	1082	1080	1081
1132	1164	1141	1132	1094	1034	986	1000	1151	1195	1191	1166	1157	1150	1172	1196	1194	1145	1006	929	983	1045	1062	1049	1068	1085	1078	1077
1147	1161	1154	1138	1051	978	967	1076	1192	1194	1161	1121	1120	1127	1147	1187	1190	1156	1033	934	995	1063	1055	1053	1065	1082	1080	1077
1120	1142	1116	1055	1009	998	982	1138	1204	1181	1125	1083	1086	1119	1119	1169	1193	1167	1045	951	1023	1080	1058	1072	1078	1082	1082	1080
1054	1048	1001	981	1025	1004	960	1099	1155	1126	1047	1002	1042	1103	1090	1144	1179	1162	1042	968	1041	1080	1054	1068	1078	1081	1082	1078
1027	983	990	1008	1025	970	982	1041	1056	1031	987	1001	1049	1087	1109	1158	1179	1151	1026	986	1051	1075	1051	1072	1070	1076	1079	1079
977	972	1038	1012	1025	1014	1066	1039	985	968	984	997	1031	1097	1141	1177	1184	1125	1008	1001	1058	1075	1045	1075	1074	1075	1075	1082
1116	1114	1117	998	633	241	95	344	517	817	980	1020	1048	1033	950	709	455	223	201	301	514	850	1067	1060	1044	1069	1078	1082
1114	1086	854	420	162	167	141	490	671	864	966	1004	1000	936	816	530	266	147	155	278	471	821	1057	1059	1058	1063	1068	1069
934	542	200	114	145	148	210	582	739	872	923	937	897	795	631	328	172	127	152	287	505	832	1041	1051	1060	1063	1066	1071
867	578	500	398	262	135	351	628	711	834	862	851	747	587	353	175	171	154	190	311	589	1017	1103	1034	1061	1063	1066	1073
1060	1063	1055	1033	936	798	878	803	657	742	768	716	553	358	216	166	174	168	213	339	707	1244	1430	1143	1060	1070	1076	1078
1042	1034	1039	1055	1064	1045	1016	999	867	748	693	569	364	193	168	151	156	170	201	330	750	1344	1492	1326	1088	1069	1073	1074
1023	1024	1029	1027	1027	1026	1017	1052	1093	958	777	625	453	345	292	246	184	159	223	353	701	1120	1364	1202	1103	1078	1075	1076
1029	1024	1032	1025	1031	1037	1037	1083	1121	1074	956	821	728	657	618	541	427	317	278	379	734	1019	1157	1110	1063	1086	1084	1087
1030	1023	1029	1034	1040	1038	1051	1073	1079	1049	1007	967	914	886	852	798	715	594	460	473	699	996	1064	1056	1072	1092	1088	1091
1028	1027	1030	1041	1043	1036	1049	1063	1046	1009	979	974	961	949	936	911	877	810	707	642	690	922	1057	1064	1074	1089	1086	1084
1029	1030	1039	1043	1046	1040	1044	1056	1039	987	967	954	942	936	937	933	930	913	898	873	905	932	1051	1082	1074	1084	1084	1087
1032	1031	1043	1046	1047	1049	1045	1048	1017	969	954	935	925	921	921	924	925	929	935	956	974	998	1058	1083	1076	1077	1080	1083
1033	1032	1049	1055	1047	1044	1032	1022	984	952	941	929	924	922	922	923	919	920	918	914	926	999	1064	1076	1072	1073	1077	1080
1031	1035	1049	1053	1044	1026	1001	969	957	941	928	922	925	922	921	926	924	922	912	912	973	1066	1077	1078	1070	1076	1081	1085
1038	1042	1054	1043	1021	993	947	940	948	933	925	923	922	920	921	925	928	935	926	926	1058	1217	1150	1073	1075	1080	1082	1083
1041	1060	1056	1012	987	977	944	930	933	929	926	927	927	926	927	927	931	929	924	927	1067	1364	1328	1070	1083	1085	1082	1084
1050	1062	1091	1066	1027	1010	968	957	958	940	937	936	936	932	935	935	933	931	925	934	1032	1365	1413	1087	1085	1087	1084	1084
1064	1027	1092	1091	1058	1027	990	987	980	948	938	941	946	935	933	938	932	928	931	944	989	1215	1303	1095	1086	1084	1081	1085
1033	999	1037	1033	1059	1031	1014	971	944	942	961	991	1000	991	962	941	932	930	932	954	1020	1111	1172	1081	1087	1083	1081	1088
1032	1024	1019	1049	1066	1039	995	943	938	983	1060	1070	1052	1027	992	961	938	933	930	978	1073	1085	1099	1073	1086	1085	1085	1085
1056	1003	1002	1067	1069	1015	962	947	973	1095	1128	1106	1087	1054	1019	980	951	930	935	992	1078	1083	1060	1080	1083	1084	1082	1080
1017	982	1009	1071	1037	981	961	958	1057	1156	1153	1125	1107	1085	1053	1017	970	942	940	1008	1081	1086	1075	1085	1085	1085	1083	1083
1057	1034	1045	1048	1017	979	964	975	1117	1170	1162	1138	1126	1107	1078	1040	995	954	952	1014	1073	1075	1075	1086	1086	1082	1084	1082
1116	1082	1055	1017	1062	1010	946	998	1139	1176	1153	1141	1136	1130	1104	1063	1008	962	958	1031	1072	1069	1071	1085	1086	1084	1082	1084
1135	1074	1025	973	1026	1030	964	1030	1149	1178	1153	1141	1149	1148	1131	1090	1030	981	984	1062	1082	1074	1066	1088	1087	1084	1086	1085
1046	979	959	945	1029	1026	953	1010	1127	1164	1145	1141	1143	1149	1128	1089	1037	988	1009	1072	1068	1073	1064	1085	1085	1082	1084	1082
949	951	981	988	1046	998	939	968	1068	1125	1143	1158	1154	1149	1135	1090	1032	985	1011	1099	1108	1065	1065	1083	1086	1082	1078	1084
962	980	1083	1102	1081	1019	985	1004	1016	1091	1144	1149	1167	1162	1142	1092	1031	985	1020	1121	1143	1053	1072	1087	1082	1086	1079	1084
1023	1014	980	966	802	437	407	842	1090	1155	1157	1154	1152	1151	1135	1061	990	877	871	993	1150	1114	1022	1023	1039	1055	1076	1080
992	981	898	611	304	295	539	975	1151	1169	1165	1156	1154	1158	1115	1012	879	877	982	1029	1182	1092	997	1021	1043	1048	1067	1069
942	762	425	242	285	415	744	1088	1173	1175	1168	1158	1154	1151	1060	909	876	887	972	1114	1261	1188	1014	1021	1048	1049	1067	1071
912	550	365	353	397	542	919	1177	1176	1173	1167	1158	1161	1115	929	766	900	895	956	1133	1304	1337	1132	1067	1064	1046	1071	1074
1059	1032	956	883	821	821	1010	1186	1172	1176	1178	1180	1138	968	774	688	834	918	1009	1262	1387	1333	1211	1139	1081	1067	1081	1078
1062	1063	1070	1071	1043	996	1067	1140	1165	1175	1175	1173	1003	772	651	614	668	823	934	1092	1239	1253	1157	1111	1073	1077	1083	1080
1064	1069	1060	1065	1076	1055	1095	1142	1165	1156	1126	1060	822	631	554	555	588	683	831	913	945	1019	1011	1048	1055	1072	1081	1081
1053	1065	1064	1060	1070	1076	1111	1153	1163	1151	1105	948	681	548	485	503	576	632	831	978	956	1009	1005	1057	1072	1075	1087	1083
1038	1053	1063	1063	1066	1087	1120	1148	1150	1139	1111	968	723	583	500	491	567	651	807	958	978	1025	1021	1081	1071	1071	1089	1086
1043	1041	1054	1067	1069	1094	1125	1133	1134	1122	1094	1000	920	793	664	642	654	720	796	913	989	1041	1042	1116	1070	1069	1084	1083
1049	1046	1049	1070	1073	1095	1125	1129	1129	1130	1090	1011	1005	998	954	929	908	955	933	945	980	1056	1059	1104	1075	1069	1084	1087
1044	1051	1046	1068	1108	1134	1113	1124	1129	1122	1073	1007	994	988	991	1014	1074	1102	1066	1086	1052	1086	1084	1077	1066	1069	1084	1084
1050	1048	1045	1062	1091	1134	1106	1117	1124	1114	1056	1010	992	975	979	997	1041	1076	1091	1188	1262	1166	1077	1072	1073	1074	1085	1082
1056	1054	1042	1039	1046	1072	1097	1102	1110	1092	1037	1002	982	965	980	980	985	1017	1114	1289	1398	1245	1081	1077	1080	1082	1092	1088
1045	1033	1029	1039	1075	1070	1091	1093	1088	1062	1012	988	975	976	1009	997	971	964	1038	1161	1392	1263	1120	1079	1081	1085	1091	1088
1031	1017	1008	1039	1076	1073	1078	1082	1060	1031	999	977	967	976	988	986	972	965	1002	1029	1122	1155	1083	1069	1069	1083	1084	1081
1032	1042	1048	1026	1030	1044	1056	1057	1039	1007	978	967	970	973	976	987	982	975	1013	1039	1049	1063	1051	1102	1065	1081	1085	1080
1025	1065	1081	1038	1024	1026	1031	1034	1017	993	966	952	961	962	975	984	984	979	995	1026	1030	1020	1050	1120	1070	1081	1080	1085
1028	1068	1053	1055	1065	1058	1030	1015	1003	986	947	927	937	940	958	971	986	990	997	1130	1152	1066	1068	1093	1066	1082	1088	1088
1039	1060	1021	1013	1042	1040	1034	1002	990	967	932	916	919	928	950	972	995	1010	1023	1147	1194	1172	1075	1080	1072	1083	1087	1085
1012	1036	1026	1026	1007	1006	1002	987	974	953	929	917	925	932	959	980	997	1010	1006	1076	1143	1120	1070	1076	1071	1079	1082	1079
970	1003	1015	1031	977	964	979	969	957	954	936	936	955	967	986	997	998	1021	1038	1056	1046	1043	1078	1073	1074	1082	1084	1079
942	978	998	981	977	954	957	951	954	951	956	976	1001	1018	1027	1020	1022	1037	1058	1044	1024	1046	1073	1077	1072	1080	1083	1079
954	974	960	943	1027	973	935	934	947	966	985	1012	1023	1039	1044	1036	1030	1041	1061	1042	1035	1057	1067	1079	1078	1082	1084	1084
984	994	983	981	1030	1041	956	934	949	990	1025	1051	1063	1063	1064	1057	1055	1061	1064	1032	1048	1104	1121	1080	1088	1088	1087	1086
989	1038	1077	1033	1040	1073	977	936	951	1009	1050	1078	1084	1085	1091	1073	1055	1056	1050	1053	1050	1096	1131	1077	1083	1086	1084	1083
1000	1093	1126	1099	1019	973	956	942	942	988	1060	1077	1073	1058	1058	1054	1054	1058	1063	1222	1139	1086	1102	1073	1082	1081	1079	1081
1007	1104	1144	1142	1064	972	945	944	937	983	1053	1066	1071	1058	1058	1060	1068	1067	1062	1196	1245	1068	1071	1079	1084	1083	1085	1083
1009	1002	1001	1014	1062	1074	945	1039	988	972	1032	1122	1198	1237	1245	1260	1328	1271	1087	1116	1557	1737	1373	990	1036	1054	1068	1077
951	959	969	1015	1053	1063	1038	1036	961	998	1081	1145	1156	1160	1136	1144	1165	1223	1162	1387	1820	1783	1323	1013	1034	1036	1055	1064
966	996	1024	1022	1056	1107	1071	976	982	1006	1078	1141	1155	1194	1178	1211	1347	1418	1448	1595	1773	1870	1423	1026	1028	1042	1060	1058
1019	1073	1064	1053	1083	1054	972	977	1004	1011	1021	1075	1091	1116	1131	1168	1319	1359	1404	1394	1553	1748	1401	1116	1046	1052	1063	1058
1058	1080	1079	1053	1003	973	976	1021	1038	1035	1033	1087	1105	1134	1162	1218	1310	1333	1349	1332	1267	1418	1344	1122	1076	1074	1077	1069
1071	1069	1068	1026	951	960	1010	1058	1067	1057	1071	1137	1110	1175	1219	1271	1308	1420	1500	1518	1564	1544	1284	1051	1079	1086	1084	1085
1077	1065	1052	1013	989	983	1038	1070	1080	1062	1115	1150	1153	1205	1259	1320	1353	1376	1310	1210	1436	1530	1217	1013	1058	1077	1082	1087
1072	1060	1041	1025	1033	1042	1065	1087	1096	1090	1118	1154	1200	1267	1302	1380	1427	1265	1080	1016	1332	1522	1339	1035	1059	1069	1078	1076
1059	1058	1029	1046	1067	1077	1091	1109	1095	1090	1118	1101	1109	1129	1133	1172	1221	1161	1052	1088	1522	1584	1530	1224	1053	1076	1086	1074
1044	1034	1032	1074	1087	1102	1116	1119	1107	1091	1120	1121	1170	1201	1223	1275	1319	1374	1312	1369	1529	1581	1609	1404	1071	1073	1085	1073
1029	1007	1035	1085	1095	1119	1127	1126	1123	1107	1099	1073	1111	1148	1167	1211	1286	1410	1507	1420	1436	1545	1471	1228	1086	1085	1081	1078
1008	995	1027	1087	1099	1137	1134	1129	1131	1119	1098	1082	1113	1140	1148	1183	1276	1363	1338	1347	1371	1403	1323	1089	1077	1083	1083	1084
1001	978	1039	1088	1108	1140	1141	1145	1134	1102	1062	1087	1122	1142	1174	1221	1320	1387	1415	1408	1382	1418	1177	1018	1077	1076	1082	1075
973	972	1037	1088	1124	1143	1162	1164	1136	1104	1076	1118	1154	1164	1216	1244	1279	1389	1359	1355	1446	1346	1120	1033	1079	1077	1086	1070
967	957	1017	1098	1141	1150	1160	1157	1133	1102	1145	1240	1262	1262	1329	1317	1301	1212	1095	1084	1175	1249	1131	1014	1074	1073	1083	1066
973	954	1024	1108	1139	1150	1148	1146	1133	1089	1113	1163	1199	1222	1252	1255	1216	1108	1044	1118	1333	1406	1306	1031	1059	1071	1079	1063
1042	1039	1102	1126	1144	1152	1147	1144	1126	1124	1176	1186	1164	1146	1148	1182	1223	1146	1062	1308	1498	1487	1492	1219	1059	1079	1083	1070
1074	1074	1112	1131	1141	1153	1152	1148	1104	1132	1198	1227	1256	1257	1278	1297	1309	1362	1385	1489	1498	1476	1472	1317	1091	1090	1083	1076
1026	1057	1121	1134	1137	1147	1151	1147	1071	1065	1123	1138	1174	1178	1186	1183	1257	1387	1459	1522	1484	1427	1408	1170	1077	1090	1090	1086
1052	1073	1111	1114	1128	1141	1140	1112	1053	1043	1076	1115	1154	1176	1171	1185	1239	1280	1284	1354	1348	1368	1143	1067	1077	1083	1087	1086
1065	1025	1035	1090	1116	1132	1131	1110	1066	1046	1086	1145	1194	1212	1209	1236	1289	1374	1381	1407	1466	1353	1032	1062	1067	1078	1080	1073
1096	1003	1027	1089	1095	1105	1178	1156	1072	1073	1116	1167	1190	1201	1225	1275	1321	1266	1205	1368	1415	1298	1063	1049	1061	1071	1080	1071
1082	1014	1031	1075	1114	1113	1132	1100	1076	1123	1193	1223	1241	1270	1300	1341	1320	1128	1042	1080	1304	1417	1114	1041	1068	1071	1077	1074
1104	1057	1010	1084	1133	1094	1098	1078	1067	1081	1131	1163	1189	1228	1250	1263	1233	1105	1072	1223	1435	1629	1397	1042	1069	1079	1079	1078
1120	1118	1043	1065	1133	1111	1021	1070	1106	1149	1145	1132	1128	1131	1158	1199	1179	1070	1170	1424	1541	1638	1626	1113	1061	1079	1079	1078
1111	1132	1097	1042	1086	1052	985	1064	1246	1369	1261	1256	1261	1282	1324	1355	1396	1324	1427	1538	1549	1571	1605	1164	1086	1092	1082	1072
1069	1099	1075	1006	957	977	981	993	1140	1264	1195	1167	1188	1192	1203	1260	1362	1482	1513	1536	1510	1543	1441	1114	1087	1093	1088	1080
976	1043	1031	1007	980	976	967	982	1104	1192	1169	1155	1184	1183	1225	1287	1316	1302	1348	1480	1636	1497	1216	1095	1083	1093	1089	1086
1114	1092	1029	971	717	643	723	842	1080	1226	1272	1254	1249	1260	1258	1267	1375	1406	1142	1048	1048	1373	1701	1420	1224	1105	1044	1099
1014	982	966	948	695	676	709	851	1101	1281	1287	1212	1192	1183	1176	1159	1215	1306	1113	1056	1223	1368	1660	1416	1198	1213	1214	1233
965	976	997	968	705	682	704	840	1024	1183	1257	1199	1195	1213	1242	1267	1293	1332	1231	1151	1332	1348	1427	1399	1275	1203	1235	1290
979	1002	1005	967	748	684	730	831	967	1020	1186	1170	1161	1164	1151	1160	1166	1225	1216	1147	1301	1399	1136	1097	1150	1163	1175	1252
984	977	968	957	854	767	818	873	975	1010	1186	1206	1209	1205	1198	1209	1185	1211	1177	1129	1232	1746	1534	1068	1015	1061	1107	1157
1015	985	974	954	938	846	848	878	989	1033	1166	1171	1191	1201	1207	1254	1251	1256	1193	1178	1349	1629	1596	1292	1053	1037	1069	1079
1037	1013	992	963	939	914	852	902	1012	1123	1242	1219	1213	1233	1262	1299	1313	1323	1162	1099	1327	1654	1560	1352	1230	1116	1092	1098
1063	1046	1027	992	966	955	937	949	1038	1137	1233	1244	1235	1226	1219	1240	1345	1348	1081	1033	1212	1534	1773	1459	1239	1232	1190	1264
1058	1064	1042	1011	999	994	985	967	1029	1115	1165	1158	1150	1137	1124	1124	1208	1236	1072	1065	1271	1430	1677	1583	1285	1230	1235	1342
1042	1074	1066	1035	1012	1024	1011	980	1016	1167	1249	1239	1243	1236	1233	1264	1341	1323	1125	1151	1314	1388	1526	1375	1202	1190	1217	1361
1018	1056	1070	1049	1035	1055	1035	997	1000	1107	1186	1166	1169	1171	1166	1199	1218	1245	1175	1188	1347	1277	1235	1069	1054	1091	1171	1248
1017	1019	1059	1054	1054	1076	1062	1000	986	1117	1224	1211	1202	1186	1159	1173	1202	1216	1140	1147	1393	1489	1177	1069	1056	1055	1072	1085
994	976	1053	1066	1073	1086	1093	1026	982	1095	1201	1217	1227	1202	1213	1255	1244	1204	1156	1174	1331	1830	1556	1252	1155	1111	1129	1147
957	949	1042	1075	1080	1093	1153	1089	1022	1148	1169	1176	1193	1176	1204	1258	1294	1265	1125	1207	1466	1641	1486	1303	1232	1204	1193	1307
957	948	1031	1082	1086	1113	1146	1082	1115	1254	1270	1240	1242	1254	1284	1307	1338	1250	1045	1109	1386	1669	1587	1269	1208	1202	1185	1300
963	966	1035	1077	1087	1106	1095	1046	1103	1154	1177	1173	1176	1174	1176	1210	1309	1202	1047	1107	1289	1581	1782	1484	1283	1219	1201	1361
968	980	1028	1077	1100	1105	1082	1056	1202	1232	1199	1175	1159	1154	1149	1181	1286	1177	1057	1193	1294	1448	1622	1535	1330	1216	1184	1338
991	996	1039	1094	1112	1115	1094	1043	1247	1294	1210	1205	1216	1232	1254	1286	1325	1237	1127	1227	1275	1372	1419	1192	1078	1102	1157	1248
1038	1001	1037	1106	1120	1121	1106	1028	1041	1213	1179	1154	1155	1146	1177	1202	1237	1219	1158	1258	1334	1211	1242	1064	1062	1080	1087	1089
1095	1026	1062	1113	1132	1129	1111	1044	999	1220	1256	1215	1186	1158	1167	1188	1235	1165	1114	1226	1523	1370	1131	1080	1055	1075	1082	1079
1112	1083	1080	1118	1133	1134	1116	1058	1059	1239	1257	1230	1209	1190	1236	1256	1252	1177	1146	1247	1624	1925	1458	1281	1160	1129	1136	1154
1111	1057	1090	1136	1140	1139	1132	1104	1160	1219	1186	1173	1165	1178	1237	1292	1329	1176	1078	1260	1608	1750	1376	1283	1258	1218	1186	1224
1097	1054	1149	1153	1145	1146	1150	1123	1239	1279	1230	1219	1223	1250	1295	1347	1370	1151	1049	1114	1511	1877	1519	1240	1208	1219	1192	1195
1113	1152	1183	1153	1145	1163	1189	1123	1126	1170	1185	1179	1175	1164	1177	1247	1338	1130	1075	1171	1354	1783	1927	1575	1322	1245	1238	1229
1037	1122	1145	1145	1149	1168	1165	1218	1217	1185	1151	1127	1122	1122	1135	1202	1200	1073	1120	1251	1326	1484	1758	1621	1359	1256	1239	1271
1023	1126	1138	1138	1143	1068	1130	1394	1318	1234	1217	1219	1214	1226	1270	1338	1314	1109	1191	1255	1294	1402	1428	1153	1100	1149	1215	1346
1046	1099	1117	1119	1090	999	968	1184	1268	1165	1157	1153	1160	1181	1194	1216	1244	1134	1224	1281	1251	1341	1171	1069	1082	1089	1117	1167
1086	1089	1096	1089	1015	961	951	1180	1390	1240	1205	1170	1162	1164	1183	1246	1206	1099	1202	1440	1323	1230	1085	1076	1090	1091	1095	1089
1134	1141	1143	1119	614	278	316	294	672	1137	1223	1245	1248	1274	1267	1231	1259	1328	1185	1146	1415	1701	1761	1172	1094	1100	1092	1080
1130	1125	1118	1080	547	282	303	289	699	1181	1369	1275	1248	1240	1232	1216	1254	1337	1321	1376	1613	1692	1696	1180	1085	1127	1127	1112
1138	1122	1109	1055	487	252	262	263	565	1078	1309	1261	1246	1227	1233	1256	1307	1319	1340	1368	1491	1620	1399	1190	1120	1133	1139	1147
1138	1114	1095	1062	538	201	288	258	453	854	1199	1225	1229	1203	1180	1191	1202	1234	1282	1217	1310	1578	1260	1066	1067	1111	1124	1141
1079	1084	1075	1057	723	259	284	295	485	828	1189	1265	1287	1281	1258	1256	1235	1246	1274	1248	1405	1678	1602	1051	1049	1076	1094	1106
1057	1077	1074	1047	947	538	309	306	539	909	1183	1212	1238	1246	1251	1278	1305	1332	1317	1171	1450	1828	1725	1178	1081	1070	1082	1081
1109	1109	1099	1081	1048	931	561	364	618	1061	1253	1251	1258	1277	1301	1339	1362	1363	1213	1042	1132	1716	1805	1271	1153	1097	1089	1083
1122	1124	1121	1116	1079	1042	944	730	795	1071	1240	1250	1243	1231	1219	1216	1275	1315	1112	1042	1152	1549	1875	1383	1152	1140	1124	1143
1114	1126	1126	1121	1089	1034	1027	1018	1002	1099	1173	1174	1168	1156	1146	1139	1184	1263	1120	1135	1394	1569	1749	1450	1186	1160	1149	1208
1118	1129	1129	1119	1080	1041	1025	1031	1057	1202	1255	1232	1230	1243	1253	1270	1329	1345	1218	1280	1446	1519	1625	1287	1145	1146	1134	1208
1119	1125	1127	1104	1071	1033	1033	1034	1037	1156	1183	1156	1157	1155	1160	1197	1218	1238	1222	1234	1408	1450	1359	1115	1055	1093	1110	1148
1115	1119	1114	1087	1064	1011	1036	1051	1023	1123	1233	1205	1200	1194	1188	1189	1207	1211	1193	1163	1352	1558	1285	1097	1064	1078	1072	1077
1111	1096	1092	1087	1061	1026	1043	1060	1015	1118	1214	1198	1196	1192	1215	1243	1241	1225	1204	1205	1425	1795	1498	1154	1114	1099	1094	1086
1072	1073	1081	1080	1045	1019	1042	1054	1052	1174	1173	1168	1167	1171	1202	1241	1282	1281	1159	1081	1384	1761	1524	1187	1143	1133	1124	1162
1038	1064	1073	1076	1029	1006	1056	1066	1144	1285	1274	1250	1241	1258	1274	1310	1351	1300	1094	1044	1176	1693	1647	1215	1150	1141	1130	1189
1052	1074	1066	1041	1015	1019	1069	1082	1105	1161	1180	1165	1157	1145	1143	1154	1256	1215	1072	1061	1255	1612	1865	1429	1193	1150	1144	1195
1072	1080	1066	1049	1053	1049	1071	1079	1158	1212	1183	1167	1149	1138	1136	1145	1256	1227	1073	1111	1367	1527	1751	1484	1198	1146	1134	1195
1113	1111	1095	1085	1086	1072	1089	1074	1206	1290	1225	1193	1208	1224	1250	1284	1366	1283	1172	1235	1373	1480	1592	1284	1086	1103	1120	1136
1138	1129	1094	1083	1081	1063	1085	1059	1053	1213	1183	1146	1148	1148	1176	1190	1219	1226	1205	1244	1426	1348	1398	1204	1075	1088	1089	1077
1141	1121	1068	1061	1071	1066	1079	1055	1055	1257	1240	1196	1181	1174	1192	1188	1206	1210	1169	1177	1509	1569	1248	1109	1078	1084	1086	1079
1133	1120	1093	1082	1079	1070	1076	1058	1058	1229	1242	1218	1214	1215	1267	1273	1250	1216	1198	1231	1591	1934	1367	1183	1128	1111	1116	1127
1107	1086	1075	1073	1081	1086	1083	1071	1143	1194	1163	1151	1166	1178	1223	1259	1334	1264	1122	1206	1622	1758	1317	1175	1157	1141	1134	1151
1062	1076	1088	1077	1066	1096	1093	1104	1248	1268	1217	1201	1215	1248	1301	1337	1394	1246	1041	1057	1380	1779	1470	1137	1145	1142	1135	1129
1019	1048	1106	1053	1038	1065	1072	1102	1139	1186	1200	1194	1179	1178	1195	1277	1410	1221	1062	1160	1298	1701	1759	1320	1206	1170	1162	1143
1011	1032	1077	1056	1015	1034	1082	1166	1207	1162	1125	1111	1108	1111	1111	1169	1170	1081	1112	1281	1319	1532	1698	1429	1228	1170	1170	1174
1040	1067	1085	1076	1022	1023	1111	1351	1312	1223	1230	1211	1218	1220	1272	1357	1319	1132	1220	1337	1353	1484	1576	1208	1094	1114	1149	1222
1066	1104	1105	1082	1019	1001	1058	1162	1206	1156	1151	1159	1182	1188	1206	1235	1306	1292	1328	1418	1368	1467	1394	1094	1089	1095	1102	1123
1102	1127	1119	1083	1010	976	1035	1105	1222	1213	1170	1164	1158	1161	1189	1247	1284	1218	1316	1595	1394	1355	1182	1072	1092	1099	1092	1084
1127	1126	1134	1070	630	207	218	193	164	267	395	561	695	799	919	1007	1087	1145	1173	1381	1567	1452	1127	982	1055	1059	1067	1090
1116	1115	1111	1062	502	230	249	212	178	293	514	648	800	897	965	1062	1140	1262	1359	1444	1638	1513	1174	1010	1078	1044	1059	1082
1138	1137	1126	1138	609	162	196	192	172	286	500	704	885	874	963	1051	1169	1328	1344	1369	1437	1593	1378	1155	1154	1053	1054	1074
1142	1148	1142	1165	986	350	188	165	162	269	371	610	769	839	943	1024	1131	1276	1336	1363	1353	1410	1358	1200	1157	1054	1054	1070
1132	1142	1141	1136	1120	811	368	191	193	265	362	566	734	883	997	1069	1140	1195	1280	1358	1378	1291	1326	1165	1100	1068	1066	1083
1126	1143	1134	1128	1122	1066	789	420	249	252	388	585	745	887	1020	1091	1211	1238	1257	1215	1294	1403	1283	1002	1068	1081	1082	1097
1118	1132	1135	1130	1118	1080	1024	834	556	431	542	710	831	957	1069	1143	1253	1294	1164	1054	1091	1356	1350	1016	1079	1075	1082	1098
1110	1125	1134	1131	1127	1075	1024	1019	850	735	808	872	896	941	1026	1083	1135	1122	1040	1021	1170	1440	1413	1048	1070	1069	1084	1087
1114	1121	1125	1129	1133	1100	999	1010	987	952	978	1002	970	962	966	1000	1081	1169	1110	1149	1350	1496	1420	1125	1086	1076	1088	1085
1125	1125	1126	1128	1135	1112	1006	1005	1016	1016	1080	1157	1138	1110	1088	1130	1179	1300	1433	1418	1330	1409	1437	1261	1167	1070	1084	1079
1126	1133	1128	1132	1134	1104	1023	989	1021	1040	1076	1129	1142	1133	1067	1064	1128	1268	1400	1340	1301	1343	1371	1241	1139	1070	1084	1084
1124	1135	1132	1129	1129	1086	1012	981	1022	1030	1067	1119	1153	1159	1139	1136	1158	1270	1343	1284	1306	1332	1296	1181	1084	1070	1086	1090
1129	1136	1135	1131	1117	1071	994	996	1025	1024	1057	1117	1148	1151	1155	1192	1237	1290	1361	1385	1434	1395	1208	1084	1074	1066	1085	1085
1130	1138	1137	1130	1109	1058	986	1009	1032	1045	1089	1145	1149	1157	1171	1199	1274	1288	1217	1155	1263	1213	1085	1062	1081	1077	1085	1079
1135	1138	1131	1135	1095	1047	995	1005	1031	1075	1150	1211	1224	1243	1283	1327	1354	1313	1107	1035	1084	1131	1089	1052	1071	1071	1088	1081
1136	1135	1131	1128	1074	1040	996	1016	1046	1077	1115	1135	1149	1158	1170	1193	1206	1174	1080	1047	1202	1273	1243	1097	1067	1073	1092	1082
1124	1133	1130	1124	1051	1019	984	1022	1049	1106	1144	1162	1164	1153	1133	1126	1162	1177	1075	1115	1322	1334	1374	1284	1095	1090	1099	1081
1122	1133	1130	1128	1080	1020	1003	1044	1059	1191	1270	1277	1285	1280	1280	1317	1335	1312	1282	1340	1346	1328	1310	1303	1134	1089	1094	1083
1108	1124	1131	1126	1112	1016	992	1050	1053	1082	1143	1152	1172	1176	1179	1203	1221	1288	1331	1355	1391	1323	1306	1245	1092	1086	1090	1086
1099	1119	1126	1129	1126	1041	998	1044	1054	1071	1113	1149	1164	1183	1182	1181	1188	1239	1257	1247	1254	1326	1275	1112	1084	1085	1094	1086
1098	1121	1121	1126	1130	1067	996	1031	1045	1053	1104	1145	1191	1253	1292	1226	1213	1280	1341	1316	1318	1294	1084	1071	1095	1092	1097	1084
1097	1121	1126	1126	1129	1079	999	1025	1055	1081	1115	1186	1244	1314	1378	1289	1263	1295	1193	1217	1225	1140	1067	1079	1083	1082	1091	1086
1086	1123	1124	1125	1126	1106	1087	1046	1072	1171	1222	1350	1385	1372	1412	1469	1468	1228	1040	1067	1072	1093	1058	1073	1079	1073	1087	1085
1057	1112	1111	1113	1113	1080	1092	1071	1077	1133	1174	1254	1337	1371	1436	1510	1617	1319	1049	1157	1203	1222	1131	1058	1074	1077	1088	1084
1049	1099	1113	1113	1101	1070	1044	1063	1090	1125	1122	1112	1102	1111	1115	1141	1231	1131	1109	1269	1355	1376	1328	1087	1069	1080	1085	1077
1049	1098	1114	1113	1102	1079	1040	1082	1099	1215	1309	1285	1254	1252	1298	1326	1291	1182	1255	1341	1384	1374	1470	1193	1079	1091	1086	1073
1045	1102	1118	1115	1105	1073	1055	1056	1024	1166	1292	1313	1314	1334	1366	1433	1396	1389	1384	1441	1384	1330	1373	1161	1077	1089	1086	1080
1029	1103	1112	1113	1109	1051	1010	1000	980	1088	1138	1174	1227	1227	1233	1297	1298	1263	1304	1357	1421	1371	1187	1064	1082	1093	1085	1083
1055	1054	882	374	154	157	164	183	168	259	166	148	161	271	271	260	332	400	481	673	872	943	1013	1056	1059	1057	1071	1083
1100	1112	1110	873	387	215	167	158	186	268	176	149	164	200	305	315	360	426	445	604	917	1029	1009	1049	1064	1067	1072	1082
1121	1145	1143	1118	933	578	326	198	176	195	163	152	140	146	241	358	340	454	468	610	908	1163	1248	1080	1063	1071	1075	1080
1113	1146	1149	1133	1128	999	716	447	298	231	151	148	134	143	228	345	382	420	478	654	1040	1342	1480	1292	1090	1071	1071	1078
1113	1139	1151	1136	1115	1126	1034	795	577	436	267	170	133	141	226	321	396	418	424	532	904	1343	1448	1315	1124	1082	1084	1085
1110	1121	1138	1137	1120	1120	1130	1059	893	726	554	394	282	231	244	304	393	432	438	520	667	919	1191	1152	1091	1092	1095	1091
1096	1093	1109	1115	1112	1106	1109	1124	1095	996	873	736	591	461	353	346	385	454	493	620	755	884	1032	1067	1072	1092	1094	1096
1046	1039	1057	1085	1109	1094	1093	1098	1090	1063	1013	953	863	733	621	509	431	451	516	630	722	907	1025	1031	1076	1084	1090	1092
1034	1031	1035	1052	1094	1108	1097	1088	1066	1042	1012	990	947	883	793	676	593	547	561	595	743	938	1033	1052	1088	1085	1088	1093
1046	1031	1044	1049	1081	1114	1104	1092	1050	1010	989	973	958	927	870	781	719	680	713	633	746	908	1035	1063	1086	1082	1086	1088
1086	1051	1051	1061	1099	1113	1107	1080	1039	1002	980	964	962	970	940	890	829	820	818	693	801	926	1045	1072	1083	1084	1083	1088
1118	1097	1083	1099	1112	1095	1094	1064	1032	1010	990	965	954	973	981	960	927	932	921	824	896	1057	1088	1080	1085	1082	1082	1086
1112	1124	1114	1117	1091	1078	1093	1064	1029	1003	979	962	961	969	982	991	998	1004	974	908	1041	1201	1163	1086	1092	1080	1083	1083
1114	1118	1116	1102	1053	1058	1071	1030	999	969	952	954	960	971	984	986	1000	998	995	1003	1148	1372	1266	1091	1087	1083	1084	1087
1119	1120	1107	1068	1020	1058	1022	962	937	941	938	947	966	984	1004	1015	1005	988	1006	1025	1068	1344	1303	1113	1086	1088	1086	1087
1118	1123	1080	1026	1022	1055	976	942	933	939	952	965	981	994	1000	1005	998	983	997	1035	1043	1188	1181	1105	1084	1087	1087	1088
1075	1052	1028	1004	1042	1011	947	935	932	940	951	967	992	1005	994	987	976	969	983	1029	1046	1099	1097	1080	1088	1087	1091	1088
1043	1001	1006	1011	1048	993	952	949	944	942	947	993	1031	1033	1001	983	964	957	966	1016	1047	1038	1062	1072	1083	1086	1087	1086
1003	1028	1032	1011	1027	983	953	950	943	954	963	1014	1023	1002	982	964	958	974	971	1017	1094	1076	1043	1063	1080	1081	1080	1086
1029	1049	1060	1052	1006	972	971	962	948	953	982	1023	1005	971	955	951	961	984	994	1044	1122	1193	1050	1082	1085	1086	1084	1087
1041	1054	1066	1083	1071	1016	1003	984	972	964	1002	1024	996	970	959	952	965	988	1009	1050	1108	1140	1063	1087	1088	1086	1087	1088
1049	1061	1071	1094	1119	1094	1038	950	958	975	998	1022	1017	1052	1064	997	978	998	1023	1061	1081	1067	1073	1081	1089	1084	1085	1088
1048	1065	1083	1103	1125	1125	1091	967	946	968	981	1045	1132	1185	1227	1175	1077	1026	1056	1064	1073	1078	1073	1083	1089	1084	1086	1083
1047	1061	1080	1091	1112	1097	1072	971	947	966	972	1060	1209	1273	1308	1293	1218	1078	1068	1059	1057	1067	1074	1088	1091	1087	1086	1084
1051	1061	1077	1075	1073	1087	1039	951	943	965	990	1038	1130	1236	1232	1220	1237	1097	1070	1050	1048	1057	1069	1082	1083	1087	1085	1084
1035	1052	1089	1075	1063	1105	1093	1054	1007	986	1019	1070	1112	1170	1206	1216	1171	1077	1063	1040	1037	1062	1084	1080	1085	1087	1082	1084
1053	1047	1089	1079	1081	1089	1101	1116	1053	982	1002	1076	1115	1136	1148	1152	1095	1050	1056	1088	1042	1069	1084	1083	1086	1085	1081	1086
1059	1044	1056	1061	1086	1060	1024	1032	984	942	971	1014	1041	1045	1051	1050	1055	1060	1058	1191	1149	1050	1076	1084	1088	1088	1083	1086
1086	1090	1020	840	621	419	273	187	163	151	161	199	268	322	299	199	232	247	177	167	304	526	824	1028	1046	1054	1078	1083
1105	1114	1124	1112	1052	898	700	497	325	209	181	210	173	202	322	266	224	219	219	174	253	488	756	1019	1071	1062	1072	1080
1111	1117	1125	1123	1131	1126	1050	903	716	496	308	225	154	167	228	265	210	180	245	196	205	397	802	1029	1066	1066	1072	1070
1112	1115	1126	1139	1114	1117	1131	1108	1040	896	710	500	325	196	181	194	253	160	215	183	192	404	923	1132	1051	1060	1066	1070
1115	1134	1140	1134	1111	1103	1116	1133	1129	1090	1008	861	668	451	292	194	222	185	219	198	210	423	1026	1404	1150	1063	1073	1078
1117	1147	1155	1156	1132	1109	1113	1118	1132	1136	1126	1084	985	831	625	406	274	196	211	255	229	385	1086	1555	1371	1079	1088	1092
1114	1131	1146	1150	1126	1114	1112	1107	1108	1113	1122	1121	1103	1062	957	774	555	352	215	299	303	332	935	1434	1297	1094	1084	1094
1098	1099	1112	1121	1115	1109	1107	1105	1107	1110	1112	1110	1101	1100	1079	1025	874	671	388	277	294	377	814	1256	1132	1076	1084	1092
1090	1080	1085	1097	1104	1108	1110	1109	1113	1116	1115	1107	1093	1076	1058	1039	992	892	682	397	269	374	784	1069	1058	1076	1088	1090
1100	1084	1083	1088	1104	1115	1115	1114	1116	1116	1113	1101	1082	1052	1026	1004	982	942	851	626	394	373	762	1050	1053	1083	1083	1089
1112	1097	1091	1097	1113	1120	1115	1115	1118	1117	1109	1094	1070	1035	996	972	955	944	928	827	619	413	734	1071	1067	1080	1082	1088
1116	1113	1110	1113	1116	1117	1118	1116	1115	1111	1092	1055	1035	1006	961	940	938	942	947	920	815	564	778	1075	1067	1077	1079	1086
1111	1114	1115	1116	1116	1111	1114	1114	1113	1088	1055	1009	998	973	929	925	924	932	938	923	863	746	917	1083	1073	1077	1079	1088
1108	1114	1109	1115	1115	1109	1109	1110	1096	1046	1014	1004	986	960	927	927	928	930	930	927	906	937	1065	1076	1077	1078	1084	1087
1108	1113	1114	1104	1102	1105	1093	1086	1061	1023	999	992	979	946	947	953	948	936	928	932	944	1074	1186	1089	1074	1082	1087	1086
1105	1115	1120	1105	1103	1098	1060	1045	1023	1000	976	964	958	1006	1046	1042	1034	977	932	934	965	1165	1325	1127	1077	1088	1092	1091
1113	1102	1099	1091	1086	1067	1026	999	968	949	931	965	1068	1121	1120	1099	1083	1019	939	937	997	1224	1402	1166	1071	1088	1091	1092
1087	1087	1077	1064	1063	1023	996	968	949	933	960	1097	1162	1161	1140	1111	1083	1034	957	945	993	1183	1402	1189	1071	1087	1087	1089
1054	1091	1080	1034	1012	982	973	960	945	945	1061	1174	1184	1166	1143	1120	1090	1040	963	952	993	1131	1305	1161	1073	1083	1087	1086
1066	1072	1075	1036	961	955	976	977	960	1010	1150	1192	1174	1144	1144	1130	1097	1040	955	941	1001	1093	1183	1100	1083	1085	1088	1089
1049	1057	1066	1045	969	964	1018	1011	1019	1084	1171	1189	1165	1140	1142	1126	1092	1033	955	954	1014	1066	1087	1075	1089	1084	1087	1086
1045	1058	1075	1047	1021	998	1006	967	1005	1101	1160	1177	1157	1135	1129	1119	1083	1026	952	969	1039	1075	1063	1080	1089	1085	1085	1081
1057	1075	1087	1076	1065	1049	1091	1035	1004	1061	1123	1149	1140	1119	1112	1096	1064	1009	954	985	1056	1087	1071	1080	1085	1084	1085	1083
1084	1092	1092	1084	1074	1068	1109	1070	1032	1008	1020	1106	1141	1130	1109	1076	1035	991	956	1001	1075	1084	1076	1085	1082	1086	1089	1082
1092	1094	1093	1071	1068	1073	1015	1010	1030	976	984	1072	1140	1134	1114	1076	1023	977	957	1021	1087	1082	1069	1082	1081	1084	1085	1079
1067	1082	1081	1064	1070	1076	1006	970	1022	1048	1041	1031	1095	1113	1099	1055	1005	967	972	1045	1088	1075	1065	1074	1079	1084	1084	1079
1042	1068	1068	1057	1073	1085	1039	998	987	1066	1034	979	1036	1100	1080	1042	995	957	990	1062	1084	1065	1073	1072	1079	1082	1083	1079
1045	1060	1075	1063	1083	1079	1051	1066	1000	1001	1000	982	1003	1066	1063	1024	982	961	1010	1081	1086	1058	1068	1073	1078	1084	1083	1077
1102	1104	1104	1110	1103	1058	954	782	562	365	225	181	175	205	184	216	264	359	229	195	202	198	341	894	1152	1110	1072	1082
1107	1114	1108	1103	1105	1120	1136	1119	1039	873	661	435	255	224	178	187	200	257	325	225	213	216	269	820	1055	1051	1061	1079
1107	1112	1108	1119	1117	1105	1112	1127	1133	1115	1047	894	672	426	256	158	192	181	318	311	229	207	268	787	1059	1065	1062	1068
1110	1110	1110	1130	1121	1104	1103	1104	1108	1124	1133	1118	1043	870	604	321	179	186	221	345	221	179	297	820	1065	1067	1059	1061
1110	1111	1111	1110	1104	1105	1105	1107	1105	1109	1111	1128	1136	1108	985	740	424	212	197	296	287	199	266	850	1059	1063	1059	1061
1109	1123	1119	1120	1123	1108	1111	1116	1110	1104	1107	1113	1111	1127	1116	1030	849	527	233	272	297	240	273	977	1171	1061	1065	1075
1117	1147	1149	1138	1143	1114	1106	1112	1110	1105	1102	1102	1102	1098	1072	1056	1043	923	550	260	315	275	323	1146	1508	1135	1075	1084
1121	1146	1154	1148	1142	1112	1106	1106	1105	1107	1104	1106	1109	1102	1065	1049	1051	1057	958	592	308	312	331	1260	1588	1229	1064	1084
1114	1127	1136	1132	1125	1110	1109	1111	1109	1115	1112	1116	1118	1124	1103	1075	1058	1038	1029	953	564	304	376	1170	1424	1154	1070	1087
1111	1116	1127	1119	1112	1112	1113	1117	1114	1122	1118	1115	1117	1119	1115	1098	1059	1018	985	990	871	464	401	990	1195	1080	1070	1079
1113	1120	1120	1118	1114	1115	1112	1114	1123	1115	1118	1116	1118	1118	1114	1099	1062	1011	954	946	984	739	434	920	1067	1073	1071	1078
1113	1117	1115	1115	1114	1111	1116	1121	1120	1110	1099	1094	1108	1120	1107	1076	1029	970	932	919	952	957	658	919	1053	1075	1071	1076
1115	1113	1115	1113	1110	1120	1123	1116	1113	1072	1055	1064	1085	1108	1074	1026	971	935	920	924	928	951	927	1012	1051	1076	1072	1076
1111	1110	1111	1115	1120	1126	1123	1121	1082	1038	1048	1057	1074	1086	1019	962	930	929	933	926	931	922	992	1073	1053	1074	1076	1079
1116	1115	1121	1124	1124	1111	1113	1122	1080	1042	1044	1066	1083	1034	982	981	974	954	941	933	933	909	976	1064	1051	1073	1076	1074
1120	1124	1124	1122	1118	1110	1114	1118	1107	1072	1073	1080	1042	1043	1100	1141	1152	1102	974	937	936	914	979	1059	1043	1078	1079	1077
1116	1114	1118	1118	1122	1117	1123	1116	1109	1092	1048	1010	1076	1155	1185	1185	1189	1192	1071	941	939	963	1051	1059	1049	1080	1083	1083
1119	1124	1120	1122	1121	1120	1120	1108	1082	1042	994	1070	1165	1187	1184	1185	1181	1195	1137	961	933	994	1170	1110	1056	1078	1081	1083
1121	1126	1121	1124	1116	1113	1097	1075	1029	975	1041	1167	1187	1178	1156	1155	1161	1193	1156	986	929	989	1274	1203	1046	1074	1082	1081
1106	1114	1117	1111	1098	1081	1052	1008	969	1012	1159	1192	1181	1139	1123	1131	1163	1191	1148	985	937	1027	1372	1245	1048	1079	1084	1081
1082	1099	1095	1078	1049	1017	985	954	968	1125	1183	1181	1142	1093	1095	1122	1171	1192	1134	978	933	1033	1379	1184	1063	1079	1078	1081
1048	1057	1054	1006	965	964	947	952	1004	1152	1169	1146	1058	1037	1091	1130	1179	1193	1123	974	939	998	1287	1123	1067	1078	1079	1076
1077	1070	1061	979	934	942	978	1053	1088	1127	1144	1091	988	1008	1050	1142	1189	1192	1103	952	946	1014	1153	1067	1067	1077	1080	1075
1072	1074	1084	1044	966	951	1051	1137	1114	1081	1063	997	976	1029	1078	1148	1180	1170	1077	947	970	1039	1067	1045	1072	1077	1078	1075
1068	1068	1070	1069	1003	981	1082	1148	1130	1056	995	971	1031	1068	1082	1155	1185	1162	1060	945	998	1062	1046	1058	1073	1077	1076	1073
1068	1065	1063	1065	1016	1043	1092	1122	1104	1048	1043	1011	1023	1013	1089	1163	1176	1145	1040	961	1016	1069	1047	1070	1071	1072	1075	1075
1063	1063	1063	1058	1011	1077	1108	1099	1061	997	1022	1021	978	1033	1123	1168	1176	1125	1011	974	1039	1071	1061	1072	1067	1072	1076	1074
1062	1062	1063	1056	1008	1053	1079	1098	1094	1004	1008	1053	1062	1121	1151	1170	1162	1092	981	977	1053	1074	1064	1072	1068	1079	1078	1075
1105	1105	1099	1094	1091	1096	1109	1111	1092	1007	822	572	331	188	169	241	335	253	247	186	178	193	279	934	1551	1431	1121	1084
1112	1113	1108	1106	1105	1099	1103	1109	1120	1135	1136	1083	909	625	336	184	276	226	255	219	212	219	266	789	1324	1256	1079	1081
1108	1108	1107	1118	1126	1106	1109	1107	1100	1100	1108	1125	1133	1084	869	487	232	198	212	240	204	203	244	665	1112	1138	1068	1079
1110	1111	1108	1115	1111	1103	1107	1108	1104	1106	1101	1101	1112	1130	1129	1000	645	322	179	273	275	215	181	588	1050	1062	1062	1069
1111	1112	1107	1109	1104	1102	1107	1107	1105	1105	1106	1103	1101	1101	1116	1132	1073	804	368	195	270	248	181	578	1059	1049	1057	1054
1111	1110	1108	1107	1109	1106	1111	1109	1109	1108	1107	1106	1103	1102	1095	1086	1099	1098	826	361	239	279	211	599	1059	1052	1058	1054
1082	1090	1103	1109	1122	1131	1116	1110	1112	1115	1110	1111	1106	1105	1081	1050	1034	1057	1069	742	332	265	247	607	1086	1058	1070	1068
1066	1077	1114	1121	1128	1132	1116	1109	1115	1120	1112	1108	1109	1107	1072	1041	1027	1020	1047	1048	680	334	264	712	1324	1162	1079	1081
1112	1125	1139	1125	1147	1128	1112	1114	1113	1121	1117	1117	1111	1113	1089	1055	1040	1032	1032	1081	1015	620	295	864	1569	1285	1073	1084
1119	1142	1142	1122	1128	1127	1117	1115	1117	1118	1118	1114	1114	1114	1111	1088	1058	1047	1066	1063	1022	867	446	967	1611	1240	1066	1079
1115	1123	1132	1119	1113	1118	1119	1118	1124	1118	1123	1115	1114	1116	1115	1118	1111	1102	1095	1037	963	951	643	990	1433	1142	1076	1082
1114	1111	1116	1120	1115	1112	1112	1117	1127	1121	1120	1123	1118	1118	1119	1121	1122	1108	1064	984	928	944	889	985	1195	1087	1078	1085
1118	1110	1109	1114	1115	1114	1117	1115	1119	1118	1118	1123	1123	1119	1122	1127	1105	1065	993	937	924	928	968	1006	1052	1081	1085	1080
1115	1113	1108	1111	1112	1126	1121	1115	1116	1111	1113	1119	1120	1121	1122	1104	1057	993	947	929	933	929	978	1023	1032	1078	1081	1082
1111	1114	1115	1114	1113	1117	1115	1116	1115	1109	1107	1115	1119	1117	1095	1032	976	938	936	934	929	920	992	1045	1046	1080	1075	1080
1114	1117	1118	1119	1115	1116	1118	1113	1115	1114	1111	1118	1115	1087	1026	993	982	960	939	936	926	921	1005	1062	1062	1079	1077	1079
1115	1112	1114	1114	1116	1116	1115	1113	1112	1115	1118	1107	1090	1066	1048	1065	1068	1046	964	936	934	921	1030	1059	1072	1076	1079	1084
1117	1116	1113	1114	1114	1116	1119	1119	1117	1116	1106	1074	1082	1105	1122	1144	1143	1110	1021	947	937	939	1041	1047	1071	1078	1077	1083
1116	1122	1120	1117	1114	1118	1120	1122	1123	1101	1055	1071	1126	1159	1174	1178	1173	1164	1096	972	932	932	1026	1049	1068	1077	1075	1083
1118	1125	1122	1118	1115	1120	1120	1117	1092	1049	1067	1130	1172	1191	1183	1181	1178	1190	1142	982	933	930	1045	1081	1069	1072	1082	1082
1114	1118	1115	1118	1120	1116	1098	1056	1013	1062	1142	1178	1183	1169	1151	1162	1178	1195	1158	986	940	943	1134	1144	1073	1078	1081	1081
1097	1104	1103	1111	1094	1058	1014	974	1028	1127	1172	1189	1148	1115	1107	1139	1182	1194	1162	991	934	947	1267	1193	1068	1079	1079	1079
1074	1067	1058	1029	983	954	944	1009	1135	1187	1183	1174	1115	1084	1077	1139	1179	1181	1163	989	930	950	1372	1182	1061	1074	1079	1077
1054	1049	1039	988	931	927	1005	1115	1186	1199	1182	1139	1075	1049	1062	1129	1181	1183	1171	1009	935	971	1334	1128	1069	1076	1077	1075
1062	1060	1049	1032	957	961	1104	1185	1197	1177	1150	1105	1067	1037	1032	1099	1169	1192	1175	1013	935	995	1193	1086	1077	1074	1078	1073
1070	1069	1061	1058	983	1024	1169	1203	1178	1149	1126	1084	1038	1024	1065	1104	1167	1194	1165	993	932	1006	1085	1069	1079	1072	1076	1063
1069	1073	1068	1063	1000	1089	1199	1204	1161	1097	1067	1092	1065	1037	1097	1126	1184	1199	1142	963	935	1008	1042	1067	1075	1074	1074	1051
1068	1065	1065	1057	999	1122	1208	1194	1160	1085	1057	1121	1140	1156	1147	1159	1194	1198	1103	942	940	1014	1045	1064	1073	1078	1068	1036
1107	1104	1105	1102	1097	1096	1092	1093	1099	1109	1109	1041	809	486	260	159	190	309	301	251	211	198	376	1198	1443	1329	1076	1043
1113	1111	1109	1117	1112	1107	1102	1106	1111	1105	1106	1121	1142	1086	833	458	231	193	212	241	203	174	396	1312	1545	1361	1061	1047
1109	1106	1109	1119	1117	1101	1101	1106	1107	1103	1106	1103	1096	1108	1145	1059	655	273	143	210	223	149	345	1194	1507	1253	1040	1041
1109	1109	1106	1110	1112	1105	1102	1107	1106	1107	1113	1109	1101	1091	1096	1120	1121	864	394	164	227	180	312	982	1333	1106	1044	1038
1110	1109	1106	1115	1109	1104	1103	1103	1106	1110	1112	1102	1095	1087	1080	1084	1102	1140	964	436	252	200	310	891	1108	999	1044	1033
1109	1109	1113	1112	1106	1105	1109	1111	1112	1108	1099	1092	1088	1079	1078	1074	1058	1084	1131	910	418	266	277	801	1035	980	1025	1022
1111	1105	1112	1109	1104	1115	1124	1116	1101	1084	1076	1073	1071	1071	1069	1059	1033	1044	1099	1122	779	310	222	737	1062	990	1004	1013
1102	1093	1102	1108	1104	1115	1116	1098	1074	1057	1056	1050	1053	1064	1070	1061	1040	1045	1086	1104	1067	572	279	700	1054	995	1023	1021
1105	1104	1116	1110	1118	1115	1086	1070	1059	1056	1047	1047	1053	1053	1066	1083	1077	1077	1096	1106	1128	970	378	674	1098	1012	1050	1029
1113	1135	1139	1118	1128	1129	1091	1067	1055	1049	1045	1043	1045	1047	1059	1083	1100	1105	1105	1113	1112	1112	637	732	1243	1050	1061	1035
1117	1147	1144	1116	1124	1139	1093	1076	1061	1050	1046	1042	1044	1049	1055	1074	1096	1110	1112	1120	1108	1050	842	1019	1413	1094	1060	1034
1111	1137	1138	1117	1112	1129	1111	1090	1070	1060	1053	1057	1058	1061	1070	1083	1100	1111	1118	1115	1065	959	945	1366	1487	1080	1059	1034
1116	1117	1119	1121	1113	1114	1122	1116	1095	1085	1077	1077	1077	1084	1093	1104	1114	1119	1116	1078	986	920	977	1448	1377	1046	1068	1035
1114	1117	1114	1115	1119	1111	1115	1115	1122	1116	1112	1101	1104	1108	1105	1118	1126	1117	1087	1008	943	915	999	1308	1142	1057	1075	1034
1115	1113	1113	1112	1114	1113	1113	1115	1120	1119	1117	1116	1117	1115	1120	1121	1111	1073	1009	951	929	908	1000	1137	1022	1075	1074	1030
1119	1115	1111	1114	1113	1117	1115	1114	1115	1118	1116	1115	1116	1116	1113	1089	1046	991	943	927	923	901	994	1048	1025	1075	1074	1032
1116	1114	1114	1115	1113	1112	1114	1109	1112	1116	1109	1113	1116	1107	1072	1025	977	930	914	923	925	904	1018	1038	1040	1077	1074	1041
1119	1118	1118	1113	1114	1115	1115	1112	1105	1110	1120	1113	1106	1078	1023	987	958	925	910	929	921	938	1056	1039	1055	1077	1078	1037
1124	1116	1122	1115	1114	1115	1117	1115	1111	1114	1117	1101	1082	1044	1013	1004	996	965	930	936	918	955	1068	1052	1060	1076	1077	1035
1116	1116	1119	1113	1112	1116	1115	1113	1117	1115	1100	1073	1054	1044	1050	1065	1066	1031	957	938	927	944	1052	1056	1062	1078	1078	1037
1115	1115	1115	1114	1113	1112	1114	1117	1108	1078	1072	1053	1058	1080	1100	1117	1127	1096	993	942	934	942	1034	1047	1059	1075	1069	1025
1114	1117	1116	1116	1117	1114	1113	1091	1044	1017	1047	1077	1104	1134	1140	1149	1160	1133	1024	951	932	941	1033	1048	1063	1071	1057	1013
1105	1113	1115	1114	1109	1089	1051	1000	985	1024	1066	1108	1149	1162	1170	1172	1180	1150	1050	952	932	944	1078	1057	1066	1070	1051	1003
1074	1073	1070	1050	1029	999	955	949	1011	1081	1124	1154	1172	1173	1179	1180	1181	1156	1089	957	933	954	1147	1065	1070	1066	1039	986
1031	1019	997	961	941	938	928	982	1063	1127	1159	1190	1190	1179	1185	1187	1190	1180	1112	962	930	984	1240	1056	1070	1067	1019	969
1016	998	970	933	919	933	967	1041	1115	1157	1173	1193	1196	1191	1175	1177	1194	1187	1118	956	928	1055	1258	1024	1062	1053	999	952
1018	1002	973	939	934	935	994	1095	1154	1176	1175	1188	1201	1202	1170	1180	1205	1193	1112	952	925	1140	1153	997	1055	1035	980	939
1016	1006	976	956	939	953	1041	1126	1171	1177	1181	1196	1195	1192	1189	1189	1203	1188	1097	946	934	1136	1051	1017	1051	1017	960	931
1111	1108	1107	1102	1101	1097	1096	1097	1099	1103	1109	1085	908	588	295	217	188	216	204	201	209	369	849	1082	1045	1002	986	956
1114	1115	1113	1113	1110	1104	1104	1104	1106	1106	1106	1101	1104	1088	941	612	307	189	209	170	171	340	966	1296	1157	1018	991	952
1111	1106	1110	1111	1108	1104	1105	1102	1106	1107	1090	1076	1051	1039	1063	1091	886	393	219	159	157	381	1175	1494	1234	1023	984	958
1106	1104	1109	1109	1105	1107	1104	1102	1105	1104	1083	1063	1040	1025	1023	1028	1087	1009	550	184	144	425	1258	1533	1184	1021	980	983
1108	1106	1106	1110	1106	1105	1104	1102	1107	1102	1071	1039	1028	1020	1019	1017	1019	1085	1076	603	176	452	1178	1357	1072	1014	979	961
1110	1109	1114	1108	1107	1109	1112	1109	1083	1049	1034	1030	1024	1021	1017	1017	1015	1033	1110	1021	458	472	986	1136	1004	1001	974	934
1115	1115	1118	1110	1107	1107	1113	1081	1029	1018	1023	1020	1019	1021	1015	1013	1011	1017	1070	1098	793	450	755	1022	1020	1007	967	937
1118	1115	1111	1113	1104	1090	1066	1028	1016	1021	1019	1019	1019	1018	1016	1014	1012	1015	1056	1087	1024	565	633	1027	1038	1008	975	963
1111	1110	1109	1111	1107	1069	1028	1023	1023	1025	1020	1024	1026	1020	1018	1018	1021	1027	1052	1076	1112	871	608	986	1045	1011	991	975
1112	1121	1121	1117	1114	1063	1026	1027	1027	1026	1023	1028	1029	1020	1021	1023	1030	1039	1045	1061	1106	1076	696	932	1028	998	990	964
1114	1130	1128	1125	1118	1089	1028	1026	1027	1028	1027	1027	1023	1025	1022	1022	1023	1041	1053	1061	1097	1120	886	970	1047	1014	991	979
1114	1133	1133	1117	1118	1124	1074	1028	1027	1030	1026	1024	1024	1022	1023	1022	1028	1051	1063	1081	1117	1104	1046	1137	1080	1032	986	981
1117	1137	1149	1124	1110	1122	1137	1086	1037	1030	1026	1027	1026	1024	1028	1032	1045	1070	1089	1116	1119	1043	1132	1339	1118	1040	977	960
1124	1143	1150	1124	1110	1114	1123	1135	1107	1067	1039	1035	1033	1033	1041	1058	1073	1097	1119	1121	1073	994	1331	1470	1104	1040	979	934
1124	1132	1134	1116	1116	1118	1114	1116	1127	1118	1101	1083	1076	1077	1085	1099	1113	1121	1122	1091	999	1035	1492	1395	1046	1043	976	936
1119	1124	1123	1116	1116	1119	1117	1117	1118	1119	1117	1112	1111	1112	1114	1120	1129	1118	1093	1028	950	1112	1431	1162	1036	1035	973	939
1118	1117	1116	1115	1114	1116	1114	1111	1119	1122	1111	1111	1113	1110	1111	1117	1114	1087	1036	969	928	1132	1219	1024	1046	1029	974	934
1115	1110	1115	1117	1118	1115	1113	1115	1116	1121	1113	1112	1111	1113	1114	1102	1076	1036	991	927	927	1090	1072	1031	1049	1030	970	932
1128	1111	1114	1115	1117	1114	1115	1113	1114	1121	1111	1115	1116	1115	1098	1060	1023	987	951	907	929	1037	1052	1040	1049	1032	965	932
1132	1125	1117	1118	1116	1115	1114	1110	1111	1115	1115	1117	1112	1083	1051	1006	969	938	925	910	928	986	1052	1049	1044	1024	962	933
1122	1120	1119	1120	1115	1113	1116	1115	1111	1118	1115	1101	1076	1029	995	963	932	915	917	922	933	963	1046	1052	1037	1009	951	927
1123	1115	1115	1115	1116	1112	1118	1111	1116	1115	1097	1063	1034	991	966	945	937	934	930	930	925	958	1054	1059	1035	990	946	924
1123	1118	1117	1113	1119	1116	1112	1115	1104	1076	1043	1014	986	991	969	959	965	954	939	925	923	966	1061	1054	1030	976	938	926
1121	1118	1121	1126	1124	1118	1104	1089	1059	1012	986	985	972	983	989	984	986	973	935	922	927	990	1054	1050	1025	958	926	933
1109	1114	1115	1114	1097	1080	1053	1019	991	965	964	974	984	999	1014	1018	1025	1004	940	921	933	1021	1045	1050	1012	943	915	942
1067	1078	1073	1060	1043	1017	995	964	952	955	969	990	1012	1027	1045	1057	1062	1028	957	921	950	1054	1055	1047	992	929	917	925
1008	1013	1014	1009	991	971	950	939	951	966	992	1023	1045	1062	1080	1087	1087	1037	958	929	962	1088	1072	1041	974	925	920	923
975	980	1007	993	958	939	921	938	959	983	1021	1044	1068	1086	1101	1104	1094	1032	957	932	982	1129	1063	1032	959	924	921	931
1135	1134	1126	1122	1118	1111	1106	1096	1076	1034	960	793	586	347	204	241	214	176	282	435	699	969	1040	1003	967	933	957	976
1122	1121	1117	1118	1118	1115	1117	1121	1126	1132	1117	1093	1049	911	629	392	333	193	222	362	624	953	1050	997	962	942	960	971
1108	1107	1109	1111	1111	1105	1107	1109	1113	1097	1035	1031	1042	1060	1019	847	615	334	198	325	592	989	1132	1013	968	963	967	881
1107	1104	1110	1109	1105	1108	1106	1104	1111	1079	1014	1015	1023	1042	1049	1050	983	682	308	304	630	1217	1299	1050	959	968	955	695
1108	1110	1114	1107	1105	1109	1113	1104	1107	1068	1014	1014	1016	1024	1032	1036	1034	1007	702	447	845	1418	1351	1047	957	943	965	827
1110	1111	1112	1107	1105	1112	1112	1105	1057	1023	1020	1024	1021	1020	1026	1023	1027	1034	986	807	1020	1441	1281	1034	969	938	955	962
1109	1109	1110	1109	1108	1081	1069	1059	1019	1023	1022	1025	1021	1019	1022	1019	1020	1009	1011	1010	1115	1281	1143	1021	973	966	971	946
1109	1115	1113	1111	1094	1045	1035	1026	1023	1023	1025	1020	1023	1019	1018	1020	1012	994	1010	1134	1131	1033	1070	1046	997	981	963	828
1112	1121	1114	1112	1080	1035	1031	1029	1024	1024	1028	1023	1026	1024	1021	1022	1010	994	1014	1100	1093	981	1061	1049	1012	986	927	729
1123	1134	1118	1115	1102	1052	1037	1030	1029	1029	1027	1028	1028	1026	1026	1022	1011	1000	1015	1054	1063	1048	1050	1042	997	976	931	768
1115	1119	1115	1125	1120	1107	1082	1031	1027	1028	1026	1030	1028	1026	1025	1021	1011	1014	1029	1042	1059	1064	1059	1043	990	973	923	659
1115	1113	1113	1116	1119	1116	1113	1061	1023	1027	1029	1027	1025	1027	1024	1022	1016	1025	1031	1048	1085	1078	1064	1044	983	955	955	576
1116	1119	1119	1116	1114	1112	1119	1107	1043	1024	1027	1025	1029	1028	1021	1025	1024	1023	1046	1098	1114	1089	1067	1034	979	943	977	865
1122	1123	1124	1121	1112	1111	1119	1128	1096	1035	1027	1023	1024	1023	1024	1025	1021	1053	1106	1127	1113	1085	1100	1036	980	944	946	953
1116	1131	1139	1125	1117	1119	1117	1114	1129	1112	1079	1052	1036	1035	1039	1048	1076	1116	1125	1126	1100	1155	1198	1055	985	945	945	940
1117	1138	1151	1127	1116	1117	1119	1114	1120	1127	1135	1115	1103	1100	1100	1113	1118	1119	1125	1119	1121	1347	1266	1052	988	945	955	942
1122	1141	1139	1122	1119	1113	1117	1117	1117	1112	1120	1124	1121	1118	1115	1119	1116	1119	1121	1102	1271	1484	1196	1035	979	952	969	933
1127	1131	1134	1119	1117	1115	1114	1117	1116	1112	1113	1115	1113	1109	1112	1115	1120	1124	1109	1131	1396	1378	1068	1028	972	952	954	917
1118	1127	1131	1117	1115	1115	1113	1120	1114	1113	1118	1111	1095	1109	1116	1122	1127	1120	1082	1149	1361	1133	1030	1022	957	936	954	934
1117	1124	1133	1121	1122	1122	1118	1119	1117	1116	1118	1113	1107	1115	1119	1125	1119	1089	1027	1145	1152	1039	1042	1021	952	929	958	953
1118	1121	1126	1124	1125	1123	1119	1116	1114	1117	1119	1119	1118	1124	1122	1112	1083	1015	981	1053	1012	1037	1050	1012	946	936	958	946
1119	1116	1121	1119	1118	1117	1119	1110	1112	1119	1118	1121	1124	1118	1103	1072	1020	943	956	983	991	1024	1049	1007	943	940	952	941
1120	1118	1119	1120	1120	1118	1115	1115	1115	1123	1120	1120	1113	1101	1063	1021	952	923	942	967	991	1040	1056	1001	950	936	953	932
1121	1118	1117	1123	1120	1120	1121	1125	1124	1118	1086	1088	1086	1069	1028	968	920	924	939	964	997	1053	1051	990	936	942	960	860
1123	1124	1120	1130	1126	1123	1124	1126	1126	1103	1074	1063	1041	1014	981	924	922	925	929	963	1009	1060	1043	974	921	935	967	798
1129	1126	1123	1131	1127	1126	1123	1117	1110	1089	1061	1030	993	962	948	919	926	920	922	948	1008	1062	1033	952	915	930	966	911
1129	1127	1126	1125	1124	1117	1112	1101	1078	1052	1021	987	957	938	947	927	928	916	927	945	1001	1062	1018	937	920	937	962	948
1120	1120	1118	1111	1109	1096	1084	1068	1042	1007	977	951	931	937	943	937	928	914	933	954	1015	1052	995	932	929	949	967	928
707	722	744	742	743	734	681	586	505	448	330	238	287	312	391	472	599	756	894	1004	1046	1030	990	964	951	945	807	457
1030	1046	1060	1068	1066	1065	1021	960	917	870	739	593	489	413	376	412	564	696	857	997	1049	1032	991	974	944	898	746	434
1129	1137	1141	1139	1132	1129	1109	1090	1078	1046	995	907	817	671	532	367	407	598	801	975	1048	1025	979	977	933	768	568	314
1136	1142	1136	1134	1127	1128	1123	1118	1113	1099	1077	1057	997	867	764	616	490	560	732	949	1063	1023	970	955	948	734	400	195
1126	1126	1124	1123	1118	1117	1115	1117	1114	1105	1088	1073	1052	1009	921	875	811	747	779	978	1138	1051	968	945	948	879	585	270
1119	1120	1115	1116	1112	1110	1114	1112	1073	1047	1038	1036	1037	1032	1010	1005	985	938	945	1201	1269	1083	979	968	947	891	742	415
1114	1115	1117	1112	1109	1116	1111	1064	1027	1025	1022	1025	1023	1024	1027	1025	1022	1062	1203	1365	1298	1084	994	973	943	849	676	385
1113	1115	1116	1110	1112	1114	1091	1037	1026	1025	1022	1024	1020	1022	1024	1026	1062	1205	1385	1432	1224	1069	1017	984	914	724	483	272
1120	1118	1115	1113	1115	1114	1085	1041	1033	1027	1025	1027	1024	1026	1024	1036	1111	1262	1432	1332	1095	1060	1045	987	833	572	342	232
1121	1119	1114	1115	1119	1118	1098	1055	1036	1029	1028	1028	1024	1028	1023	1039	1119	1268	1305	1136	1037	1053	1043	992	898	691	390	238
1120	1120	1115	1116	1124	1121	1114	1078	1042	1029	1028	1028	1025	1017	1016	1038	1117	1178	1104	1041	1051	1055	1032	984	950	760	346	206
1117	1116	1114	1116	1120	1120	1119	1104	1058	1044	1033	1025	1016	1010	1012	1048	1089	1063	1052	1059	1060	1058	1034	986	955	865	475	204
1117	1117	1113	1123	1117	1116	1116	1115	1098	1069	1047	1033	1022	1013	1023	1053	1055	1051	1079	1079	1067	1063	1043	992	945	883	680	316
1121	1118	1120	1124	1116	1112	1118	1113	1115	1102	1077	1061	1038	1036	1057	1068	1061	1087	1095	1088	1076	1063	1044	985	931	863	723	400
1122	1122	1121	1118	1119	1116	1114	1118	1117	1113	1107	1097	1085	1092	1100	1103	1108	1106	1092	1084	1073	1055	1026	985	920	830	692	405
1121	1126	1133	1129	1120	1119	1116	1120	1119	1115	1117	1122	1117	1121	1122	1123	1117	1104	1093	1076	1080	1048	1012	982	914	785	646	393
1119	1122	1120	1124	1122	1117	1119	1119	1116	1112	1124	1132	1119	1119	1119	1120	1115	1102	1080	1078	1113	1052	1010	976	933	779	580	361
1117	1123	1121	1117	1118	1116	1117	1119	1114	1113	1121	1116	1106	1110	1118	1118	1106	1094	1078	1180	1177	1054	1011	972	941	832	593	335
1118	1124	1126	1115	1120	1118	1114	1120	1116	1110	1127	1109	1076	1095	1117	1117	1105	1084	1177	1321	1187	1045	1015	971	942	854	678	375
1114	1128	1131	1116	1119	1116	1117	1121	1126	1119	1125	1118	1104	1102	1118	1115	1098	1145	1334	1364	1110	1049	1014	971	943	851	702	408
1117	1130	1136	1121	1113	1117	1119	1116	1117	1120	1121	1120	1125	1123	1118	1111	1131	1257	1393	1188	1047	1053	1006	967	936	854	684	395
1124	1128	1126	1128	1119	1118	1121	1114	1115	1117	1120	1122	1124	1125	1117	1124	1193	1308	1210	1045	1053	1045	998	966	935	857	687	400
1130	1131	1118	1128	1128	1125	1121	1122	1116	1121	1122	1126	1123	1125	1119	1146	1189	1152	1039	1044	1059	1041	991	963	944	847	654	377
1127	1128	1121	1128	1129	1132	1130	1123	1122	1122	1125	1125	1126	1119	1117	1127	1067	1015	1025	1045	1057	1033	981	958	938	800	517	281
1119	1126	1122	1127	1121	1129	1132	1123	1124	1124	1125	1123	1121	1111	1099	1033	967	986	1028	1049	1050	1017	962	957	940	808	528	249
1120	1123	1121	1128	1119	1121	1130	1131	1126	1129	1124	1120	1116	1102	1043	955	954	986	1028	1045	1045	1001	952	965	949	853	652	347
1124	1122	1123	1122	1122	1122	1126	1130	1132	1130	1120	1117	1112	1072	973	942	968	996	1031	1044	1037	997	957	972	950	848	674	398
1125	1123	1126	1121	1124	1123	1126	1129	1130	1126	1117	1113	1087	1004	932	944	976	1016	1043	1050	1034	987	960	984	918	760	581	359
209	201	234	236	246	296	311	359	513	730	899	1016	1091	1066	1025	1014	1031	1053	1072	1062	1024	982	887	744	612	431	151	50
296	319	372	390	405	433	410	487	650	772	799	841	870	878	907	979	1036	1068	1075	1064	1025	989	845	577	419	323	137	53
546	576	630	651	660	673	676	762	806	846	827	723	703	732	821	935	1033	1077	1076	1063	1019	977	887	596	295	221	128	66
819	819	850	854	874	895	901	949	970	972	937	823	781	709	758	857	990	1078	1089	1065	1017	955	886	704	406	223	125	68
991	991	1005	1013	1031	1057	1063	1075	1076	1047	1004	964	919	824	792	881	988	1060	1089	1065	998	920	835	680	503	320	125	53
1073	1073	1078	1091	1093	1117	1119	1104	1093	1078	1060	1041	984	932	928	990	1016	1061	1086	1053	990	891	765	586	444	331	132	40
1109	1112	1121	1123	1126	1129	1123	1118	1098	1076	1067	1059	1032	1023	1029	1048	1044	1090	1105	1050	992	890	728	509	357	273	121	48
1119	1124	1124	1124	1121	1122	1125	1109	1084	1071	1063	1050	1049	1055	1058	1061	1117	1178	1139	1051	997	896	709	440	270	229	126	65
1121	1120	1121	1122	1125	1126	1107	1070	1052	1051	1060	1060	1054	1057	1063	1157	1279	1268	1161	1058	1014	903	674	326	176	227	144	69
1116	1123	1124	1125	1130	1122	1078	1052	1041	1041	1049	1069	1063	1075	1192	1329	1379	1298	1140	1059	1015	914	711	405	251	230	134	68
1117	1125	1125	1124	1126	1122	1080	1052	1044	1044	1052	1081	1093	1184	1322	1393	1364	1201	1090	1063	1010	921	766	540	369	238	129	70
1120	1125	1122	1123	1122	1124	1088	1045	1046	1057	1079	1116	1175	1262	1348	1349	1206	1087	1077	1059	1008	920	786	584	427	293	124	67
1122	1124	1122	1124	1122	1124	1107	1050	1048	1077	1122	1166	1217	1281	1280	1174	1080	1076	1080	1063	1004	907	767	570	427	314	118	55
1122	1123	1121	1125	1121	1120	1122	1096	1086	1113	1150	1179	1231	1230	1147	1099	1088	1088	1083	1057	996	892	727	508	371	302	125	44
1128	1124	1121	1121	1121	1121	1121	1119	1121	1127	1154	1180	1178	1129	1107	1096	1103	1087	1077	1054	992	890	733	481	310	270	126	47
1129	1123	1121	1123	1128	1123	1121	1119	1117	1129	1147	1140	1121	1112	1105	1084	1091	1084	1076	1047	987	877	731	487	288	238	119	50
1123	1120	1121	1121	1126	1123	1114	1113	1118	1123	1125	1121	1115	1110	1100	1079	1085	1085	1072	1038	964	858	720	496	322	242	115	49
1121	1118	1119	1120	1114	1109	1110	1112	1122	1122	1122	1118	1109	1102	1092	1074	1081	1082	1066	1016	940	837	704	505	356	266	114	51
1118	1117	1116	1109	1106	1106	1111	1122	1123	1120	1121	1115	1105	1100	1091	1069	1079	1077	1061	999	920	820	680	498	361	280	119	51
1115	1111	1108	1103	1106	1112	1120	1119	1119	1116	1114	1106	1095	1088	1081	1073	1083	1105	1070	982	913	804	664	484	363	283	124	49
1104	1107	1111	1109	1116	1118	1120	1114	1114	1111	1104	1095	1083	1080	1077	1077	1121	1156	1066	974	907	787	652	468	355	282	119	49
1109	1110	1116	1118	1123	1116	1122	1115	1110	1108	1099	1087	1078	1070	1086	1157	1232	1169	1034	967	882	764	627	452	338	291	125	48
1115	1114	1117	1119	1121	1120	1118	1117	1108	1107	1099	1087	1065	1078	1177	1284	1252	1090	1012	954	862	738	604	431	328	281	125	48
1122	1121	1120	1123	1118	1120	1119	1113	1111	1108	1098	1078	1091	1162	1270	1262	1127	1046	1008	951	846	738	615	432	312	245	123	61
1118	1124	1120	1118	1116	1119	1119	1116	1110	1100	1097	1109	1147	1208	1217	1110	1059	1046	1004	944	859	761	645	466	324	252	127	64
1120	1124	1121	1118	1116	1113	1115	1114	1105	1104	1125	1137	1162	1146	1072	1038	1063	1051	1008	950	880	797	680	502	357	279	126	53
1119	1122	1126	1120	1118	1114	1114	1111	1111	1134	1153	1142	1103	1043	1036	1051	1068	1053	1017	978	914	824	696	492	335	273	128	48
1119	1121	1127	1118	1119	1115	1112	1111	1119	1138	1129	1073	1039	1026	1037	1057	1061	1048	1018	987	938	843	681	436	256	224	126	55
1050	960	952	969	978	1004	1035	1074	1115	1147	1143	1115	1082	1069	1062	1056	1029	974	908	794	612	335	118	155	212	61	53	67
868	856	868	894	916	948	986	1071	1133	1159	1143	1111	1089	1080	1071	1047	997	933	853	747	593	357	88	113	198	62	55	67
787	782	803	836	873	923	1029	1142	1170	1162	1118	1089	1084	1082	1067	1034	971	885	776	668	533	353	138	124	201	79	53	66
789	781	813	843	925	1036	1134	1180	1166	1107	1050	1042	1064	1071	1055	1015	947	850	710	563	430	293	142	139	197	80	52	60
849	857	900	968	1076	1174	1202	1179	1107	1046	1010	1023	1041	1051	1036	994	929	824	678	494	325	200	98	121	189	69	50	58
946	963	1031	1134	1199	1246	1195	1110	1043	1040	1023	1028	1032	1033	1014	970	910	809	670	488	296	143	68	96	187	60	45	56
1057	1115	1218	1267	1278	1202	1099	1061	1061	1067	1054	1043	1039	1025	999	952	893	797	658	485	296	130	50	96	198	66	50	57
1165	1258	1300	1283	1176	1087	1071	1076	1074	1076	1073	1054	1042	1025	991	943	869	770	643	481	292	126	37	96	220	81	56	61
1276	1304	1274	1156	1087	1092	1093	1082	1077	1082	1078	1057	1045	1027	986	932	844	738	621	471	290	121	25	104	241	83	56	59
1307	1262	1150	1097	1108	1106	1096	1086	1079	1085	1082	1068	1041	1021	990	925	814	706	594	451	283	140	38	104	237	83	53	61
1255	1140	1105	1114	1116	1113	1099	1085	1080	1087	1084	1058	1048	1057	1011	911	787	682	565	429	277	153	49	96	224	73	53	62
1138	1111	1119	1121	1119	1119	1107	1084	1077	1083	1077	1082	1134	1112	1011	885	774	670	540	403	269	150	47	92	216	67	51	62
1103	1120	1123	1124	1126	1128	1117	1093	1077	1081	1132	1196	1196	1106	971	847	751	647	515	385	262	132	33	93	212	66	44	62
1108	1123	1126	1125	1126	1128	1116	1101	1100	1173	1252	1261	1187	1037	909	822	733	624	500	362	247	111	20	88	211	67	47	60
1115	1119	1120	1123	1125	1124	1106	1119	1199	1282	1308	1244	1095	965	893	807	722	611	487	349	234	116	21	89	221	72	51	61
1112	1112	1113	1115	1118	1114	1145	1225	1299	1327	1257	1109	1012	950	880	794	711	592	470	339	220	118	20	92	224	78	52	64
1104	1103	1105	1107	1112	1163	1236	1296	1322	1233	1104	1043	1007	949	878	789	700	579	443	318	198	103	20	94	220	76	56	65
1093	1095	1093	1117	1191	1255	1285	1291	1187	1090	1070	1041	1013	956	884	790	688	558	414	289	177	87	17	95	219	69	55	64
1081	1091	1136	1211	1266	1281	1247	1149	1093	1086	1073	1049	1016	960	882	781	661	529	389	264	159	74	10	98	223	75	54	65
1097	1160	1213	1237	1244	1187	1121	1098	1092	1086	1075	1051	1014	965	882	770	636	503	364	242	141	65	8	99	225	79	55	64
1154	1180	1193	1182	1138	1100	1097	1094	1084	1074	1068	1049	1016	963	876	753	601	468	337	213	123	55	5	96	230	76	55	63
1142	1146	1128	1095	1091	1098	1092	1088	1077	1069	1063	1046	1010	945	857	724	565	426	303	189	109	45	1	94	233	77	51	62
1120	1087	1068	1079	1089	1094	1090	1090	1083	1068	1057	1030	992	927	833	691	539	400	271	168	90	36	0	95	230	80	51	64
1075	1063	1067	1077	1077	1083	1089	1087	1083	1070	1052	1018	992	933	814	671	525	389	259	162	86	39	0	91	224	81	54	64
1069	1073	1074	1076	1077	1078	1082	1085	1081	1062	1051	1041	1011	933	798	661	522	383	261	166	103	53	1	85	222	81	54	61
1071	1069	1071	1077	1074	1079	1080	1079	1075	1088	1104	1067	1006	917	812	696	562	425	298	201	130	66	7	87	217	79	53	61
1064	1064	1072	1072	1070	1075	1071	1074	1135	1182	1147	1063	995	941	880	788	670	537	405	284	172	83	13	88	219	79	53	65
1063	1062	1065	1066	1065	1063	1079	1165	1227	1184	1112	1037	1017	989	955	896	798	676	538	377	217	93	10	94	234	84	54	65
947	966	963	955	934	903	873	848	797	740	688	632	565	495	420	329	257	197	125	52	0	6	73	248	76	65	69	68
911	918	906	894	871	839	809	773	713	658	604	550	500	442	366	277	191	133	82	26	0	0	69	252	74	58	65	67
853	850	833	820	795	769	733	691	637	584	532	486	448	395	318	231	154	91	46	13	0	0	64	251	79	59	65	67
782	784	759	737	714	695	659	615	572	519	473	438	399	342	275	198	128	64	20	3	0	0	61	248	77	60	66	64
733	713	684	667	645	622	594	559	522	484	438	405	359	301	238	175	108	48	10	0	0	2	69	243	71	56	61	65
680	661	634	615	600	573	545	521	492	451	415	381	331	264	207	149	92	40	1	0	0	5	79	233	69	51	60	61
651	633	610	592	573	549	526	504	472	439	406	367	317	250	189	128	82	35	0	0	0	10	85	230	70	49	62	64
639	631	611	596	570	551	525	495	467	440	408	363	310	242	176	116	71	34	0	0	0	18	90	236	74	56	66	68
648	638	623	615	589	562	536	507	475	447	413	362	300	234	166	105	60	25	0	0	0	24	91	241	79	60	66	68
673	656	657	648	622	589	560	522	483	451	414	359	288	222	150	88	44	15	0	0	0	27	82	241	82	61	68	67
696	691	690	687	663	623	582	538	494	457	415	347	271	198	126	75	34	9	0	0	0	28	70	240	85	59	65	66
721	724	726	723	703	652	607	568	526	491	437	343	246	172	109	67	28	4	0	0	0	34	64	241	85	58	63	69
743	751	763	749	724	684	631	595	549	501	436	341	234	157	106	58	21	0	0	0	0	41	63	242	81	59	59	68
763	781	780	766	740	708	655	615	553	489	406	319	233	151	93	49	18	0	0	0	0	42	65	246	77	57	60	65
792	801	799	781	754	727	673	630	564	491	400	308	236	153	87	43	14	0	0	0	2	39	63	248	80	60	65	67
812	815	806	793	764	731	694	649	587	505	413	325	243	151	81	39	14	2	0	0	3	37	59	248	81	58	68	68
829	821	812	800	773	746	721	680	601	515	430	335	235	148	79	38	18	6	2	0	0	30	61	254	77	59	68	68
849	837	824	816	812	796	755	695	617	528	434	337	237	152	92	41	16	3	0	0	0	31	63	257	78	59	65	68
889	873	868	868	863	827	773	708	640	547	449	349	248	162	94	43	8	0	0	6	8	34	63	259	83	60	67	67
956	945	928	910	890	835	784	726	662	570	474	362	264	171	96	49	6	2	3	14	17	34	62	264	85	60	69	70
1004	996	971	933	888	852	806	742	674	592	489	376	276	175	92	45	12	2	0	15	19	31	65	264	90	60	67	68
1013	1007	989	945	897	856	812	755	683	613	499	380	270	171	81	34	21	0	5	15	25	31	65	265	91	61	67	67
1007	999	991	953	904	859	813	756	702	611	495	374	253	156	73	31	23	10	7	20	31	28	61	270	88	62	66	65
1007	1010	995	957	902	866	816	753	688	586	476	362	240	141	67	31	18	19	13	27	32	26	59	271	88	61	64	65
1021	1023	991	954	908	865	810	743	648	542	437	322	221	133	72	34	24	22	22	31	30	21	55	272	94	59	65	68
1040	1025	1001	968	921	871	813	713	621	514	411	299	212	144	77	43	28	16	25	24	32	20	52	273	93	60	65	67
1047	1040	1018	980	938	894	818	721	628	530	430	336	251	181	126	73	41	20	22	21	28	27	53	280	91	62	65	67
1055	1040	1016	992	960	915	844	760	667	583	497	425	351	273	213	152	88	41	19	20	19	32	55	283	94	61	65	68
171	168	157	155	148	129	90	71	53	34	20	9	4	0	2	3	5	6	9	17	21	61	119	214	53	70	79	81
121	123	109	99	87	85	57	36	24	6	3	0	0	0	0	0	6	11	13	14	18	60	109	213	53	67	73	74
85	84	68	61	50	53	47	16	4	0	0	0	0	0	0	2	11	16	18	14	14	60	106	212	56	67	74	76
67	52	46	37	27	27	29	14	0	0	0	0	0	0	0	6	14	18	17	13	12	55	106	213	53	67	73	73
60	31	29	22	17	11	14	15	0	0	0	0	0	0	1	3	13	16	19	11	11	52	103	209	48	63	69	70
54	22	9	18	7	5	6	10	3	0	0	0	0	0	0	4	11	11	16	13	14	51	99	201	45	60	67	71
57	23	0	12	8	1	2	5	9	0	0	0	0	0	3	7	11	11	15	16	14	53	103	205	49	62	69	74
51	39	0	4	16	7	3	3	8	1	0	0	0	1	6	10	15	17	18	20	18	61	111	210	58	68	72	76
18	58	5	3	9	16	2	3	6	11	0	0	0	1	8	12	15	20	21	20	20	61	113	213	57	71	73	76
5	53	18	5	0	15	12	0	3	8	8	0	0	1	8	13	19	20	21	21	19	60	112	214	56	69	77	75
3	29	39	9	4	10	28	7	0	7	14	0	0	1	8	20	24	22	16	16	18	60	110	213	56	71	73	74
9	14	43	22	6	13	64	36	6	11	22	30	0	2	11	27	29	30	21	17	16	56	108	212	60	71	67	72
15	14	33	31	6	22	65	47	10	6	14	68	20	3	19	25	29	32	28	22	18	60	107	213	53	70	67	66
19	20	23	34	22	14	23	21	0	0	8	57	48	5	19	25	28	31	29	21	20	65	106	209	54	67	69	69
26	27	25	28	36	19	8	7	0	0	21	45	31	14	18	23	31	34	32	30	26	63	105	210	53	69	74	73
32	29	30	25	33	31	13	4	0	1	41	31	12	19	27	38	49	57	61	67	55	64	103	212	55	70	74	78
36	34	31	28	23	29	17	1	0	11	45	11	5	18	56	72	62	61	64	77	87	64	99	214	55	71	75	77
49	41	38	30	25	18	25	7	0	6	35	6	4	11	71	77	47	34	33	41	73	66	95	214	53	71	74	74
85	68	52	39	32	22	25	21	5	0	12	7	4	9	56	52	28	25	23	25	48	66	96	217	55	68	72	76
166	124	87	62	49	35	29	21	11	0	0	12	5	12	33	35	28	26	23	22	51	68	93	219	58	69	71	75
270	204	141	100	76	53	35	14	9	2	0	14	7	9	26	35	28	26	19	25	51	72	90	220	61	72	71	73
343	271	190	132	88	57	34	17	2	0	0	9	12	9	26	38	29	24	20	32	48	66	93	225	56	70	72	73
388	301	214	143	92	57	39	17	3	0	0	5	20	11	24	39	27	20	25	38	35	61	94	223	53	69	70	74
404	306	214	147	95	62	37	16	0	0	0	0	18	19	22	42	28	19	35	37	25	62	97	220	56	71	72	69
385	294	212	150	101	67	36	19	0	0	0	0	12	33	22	47	31	21	43	32	21	59	97	224	57	71	74	74
361	288	213	156	115	73	40	11	0	0	0	0	2	30	30	40	40	23	40	33	29	61	98	223	57	70	73	75
360	298	233	172	132	89	44	11	0	0	0	0	0	10	32	36	47	29	41	35	41	69	99	225	59	71	72	73
375	320	264	205	157	107	59	25	5	0	0	0	0	0	13	29	41	39	41	34	51	73	97	230	57	71	72	75
