29	29	29	29	29	30	29	29	29	29	31	30	30	30	30	30	30	29	30	30	30	30	30	30	30	30	31	29
29	28	28	30	30	29	30	31	30	29	29	30	30	30	30	30	31	30	30	30	30	30	30	29	31	31	30	31
30	30	29	28	29	29	31	31	31	31	31	29	30	30	30	30	30	30	31	31	30	30	31	31	31	32	32	31
30	31	31	31	31	31	30	29	29	31	31	31	31	30	30	30	30	30	30	32	32	32	31	32	31	31	32	32
30	31	31	33	31	32	30	30	31	30	30	31	32	30	31	31	31	31	31	31	31	32	31	31	31	32	32	31
31	30	32	32	32	32	31	32	32	31	31	31	32	31	31	31	33	31	31	31	32	31	32	31	32	32	31	32
31	33	34	31	31	31	32	32	32	32	33	32	31	32	33	33	32	32	32	31	31	32	32	32	32	32	32	32
35	34	32	33	33	32	33	34	33	31	32	32	32	32	33	33	33	31	32	31	32	32	31	33	32	33	33	32
35	34	35	34	33	33	33	33	33	34	34	33	32	32	32	33	32	31	32	31	31	32	33	34	33	34	34	35
34	32	32	33	33	33	33	32	34	35	35	34	32	32	32	32	31	32	31	32	32	33	33	34	35	35	34	31
31	31	33	32	31	31	30	29	30	31	33	31	29	30	31	30	30	30	30	31	31	32	33	34	34	29	33	79
17	16	16	16	15	16	18	19	19	21	22	24	25	24	25	25	24	24	26	29	28	28	30	30	28	63	145	189
14	12	10	6	5	6	8	9	9	9	13	18	18	16	18	18	19	18	21	23	23	22	20	42	123	189	166	115
68	54	41	30	22	17	16	16	11	7	15	17	14	10	14	14	15	14	16	16	13	23	91	175	168	105	69	59
172	142	112	84	65	55	54	44	31	25	26	22	16	14	15	14	13	13	10	10	53	139	158	100	58	46	41	43
291	254	210	164	129	114	105	80	68	58	44	44	25	25	20	18	13	9	26	88	132	98	54	44	44	42	42	42
395	350	303	249	205	186	157	124	103	77	71	56	43	37	31	24	17	50	99	93	61	46	41	39	36	36	37	37
490	439	385	331	285	256	211	172	139	118	111	81	66	53	46	38	70	91	68	52	47	40	37	32	29	29	30	45
575	523	463	404	359	320	264	222	184	173	142	109	87	75	65	84	90	68	57	50	41	35	31	27	26	27	34	68
646	597	542	479	433	375	316	269	238	216	168	135	110	95	102	107	82	73	61	49	40	35	29	25	24	24	70	123
702	656	601	552	491	416	366	317	296	249	199	164	138	124	133	104	88	77	61	46	39	35	29	25	30	71	156	159
743	698	652	600	520	457	403	361	328	270	222	188	157	154	136	107	97	80	61	47	39	35	30	34	81	140	170	119
780	735	688	619	555	494	444	407	351	295	252	208	174	170	131	111	101	81	60	46	37	30	35	78	119	136	109	236
809	754	701	646	583	518	482	433	369	320	278	217	197	178	137	121	113	90	65	46	27	21	63	101	94	73	88	670
821	755	709	658	593	542	506	440	379	331	275	214	207	175	140	122	103	68	36	18	14	47	76	60	51	12	316	967
835	763	716	663	598	558	504	439	388	335	266	217	208	171	130	97	60	32	19	10	30	53	31	17	45	86	757	987
840	765	716	662	606	559	486	432	379	311	253	212	196	145	98	66	43	27	15	15	24	5	0	28	59	383	959	995
828	753	704	652	605	540	473	420	358	295	240	187	148	110	80	57	37	21	9	9	0	0	21	91	165	706	988	1042
41	40	41	39	40	42	41	42	41	42	42	40	41	41	40	39	40	40	40	41	41	41	39	39	40	37	36	38
40	41	40	40	40	42	42	44	43	42	43	44	42	42	43	43	41	41	42	43	43	42	41	41	42	43	41	40
44	44	43	42	43	42	42	43	43	43	44	44	45	46	44	44	45	46	45	44	44	43	45	44	44	43	44	44
43	45	47	44	46	45	44	44	45	45	46	45	45	45	44	46	46	46	46	47	46	48	49	48	46	46	46	46
46	45	45	49	48	47	46	48	46	45	48	49	47	47	47	48	48	48	47	45	45	48	47	48	47	50	50	49
48	47	47	48	48	49	49	48	50	48	49	48	48	49	48	48	51	50	52	50	51	51	49	49	49	49	49	48
50	52	51	49	49	48	48	49	50	50	51	51	51	49	50	50	51	56	56	54	57	55	54	55	54	54	54	54
55	54	54	52	51	54	54	51	51	52	52	51	57	57	54	51	52	64	60	54	53	50	48	47	47	47	48	49
59	58	59	60	62	64	63	55	49	48	48	47	62	58	51	42	53	56	49	44	39	35	33	34	34	39	40	41
59	66	64	57	52	52	55	48	40	35	32	38	61	51	38	38	56	50	45	38	36	34	31	31	34	37	38	38
87	81	80	78	78	80	86	91	74	65	58	76	90	77	57	74	80	72	71	60	58	56	50	49	46	48	51	50
280	272	272	271	263	254	238	231	210	178	162	185	176	151	136	151	143	146	133	113	108	101	95	87	80	78	80	79
592	566	533	506	483	462	436	406	381	331	312	312	281	254	246	240	226	227	196	179	171	157	144	133	119	120	119	113
787	761	727	689	655	627	602	569	537	490	464	418	403	368	357	332	325	299	260	239	225	208	185	166	157	159	153	142
891	867	840	806	777	754	727	690	657	618	574	532	504	470	446	425	414	370	339	313	282	251	228	214	201	191	181	161
925	913	895	869	843	824	795	761	735	698	647	623	581	549	515	501	468	425	393	356	323	299	272	243	217	196	182	158
955	948	944	929	910	891	863	832	801	765	740	707	667	628	599	578	528	489	454	416	384	352	317	282	247	214	190	166
1011	1006	999	983	968	947	919	891	863	830	805	769	737	703	679	640	591	555	525	491	454	415	379	341	305	271	252	244
1042	1038	1030	1016	1004	990	970	949	922	899	868	835	803	773	744	702	666	632	595	561	525	485	441	402	363	332	333	330
1070	1070	1071	1064	1047	1034	1024	1009	989	968	939	910	880	853	808	772	739	702	662	621	582	536	490	450	414	395	403	350
1078	1079	1078	1076	1072	1065	1054	1039	1025	1004	977	952	926	893	853	820	788	751	709	665	625	581	538	504	474	460	411	339
1087	1087	1081	1076	1077	1074	1063	1052	1038	1023	1005	982	950	912	884	854	819	784	748	699	651	612	577	544	507	451	407	349
1090	1091	1089	1087	1082	1079	1068	1058	1045	1030	1013	992	961	929	900	868	833	795	757	708	658	616	580	543	496	471	421	400
1082	1084	1083	1085	1082	1076	1067	1058	1050	1036	1015	991	961	935	910	876	837	800	764	718	662	617	575	533	513	502	453	653
1073	1077	1074	1076	1074	1066	1059	1052	1041	1029	1015	993	965	939	910	876	838	803	764	719	666	621	583	554	542	527	687	953
1069	1076	1077	1078	1073	1064	1057	1053	1047	1034	1018	996	968	944	913	880	841	802	760	713	665	641	628	601	605	742	944	993
1066	1072	1073	1076	1073	1065	1063	1056	1046	1035	1020	995	964	937	903	865	828	786	740	708	698	687	648	668	793	935	987	1022
1062	1062	1065	1062	1060	1059	1052	1043	1034	1022	1001	974	949	920	881	843	797	763	759	762	729	686	715	820	921	992	1020	1007
37	37	37	38	41	39	39	41	40	43	42	44	46	45	45	47	47	49	47	50	51	52	51	54	53	52	52	50
35	35	35	38	41	40	42	44	42	41	42	42	43	43	42	43	43	45	46	45	46	47	48	48	48	50	48	48
38	35	37	39	38	41	41	41	43	42	43	39	41	43	44	41	42	45	45	45	45	47	47	46	48	46	46	46
37	41	40	37	38	39	40	40	43	42	40	42	43	43	44	44	44	45	46	45	46	45	41	44	45	46	46	46
36	37	41	40	41	40	39	41	41	45	43	43	46	45	45	44	45	44	51	76	78	75	67	56	46	39	36	37
39	39	39	44	44	42	47	43	43	39	40	40	41	57	53	45	40	38	80	77	53	55	60	68	74	68	59	49
46	46	44	43	41	55	60	49	39	33	36	33	45	71	57	49	30	38	64	55	29	33	31	35	43	58	69	74
42	38	31	33	65	67	45	38	33	37	39	38	68	85	76	63	64	78	96	116	97	114	131	143	148	155	153	154
29	29	58	99	87	75	94	111	113	122	128	137	170	190	202	185	215	233	261	290	280	298	312	320	317	311	304	298
148	208	241	245	263	292	321	359	374	377	385	390	411	432	430	439	460	475	500	502	498	508	511	505	497	479	460	437
563	591	615	652	677	692	701	713	708	703	693	681	689	690	675	680	686	687	700	683	683	683	673	659	640	617	595	568
912	916	919	919	915	910	903	893	885	874	866	853	845	831	829	827	821	823	820	800	793	789	778	765	745	728	704	673
948	949	950	952	953	951	948	942	941	932	926	923	913	906	901	898	891	893	884	879	877	869	859	852	837	817	790	767
936	941	943	941	948	954	953	952	953	953	948	947	945	949	948	956	963	963	956	948	947	942	934	916	896	876	846	816
921	919	920	927	927	925	928	931	936	941	953	964	982	996	1005	1012	1017	1014	1003	996	989	975	958	943	929	910	884	852
899	898	898	901	908	917	932	955	984	1004	1026	1039	1044	1039	1039	1036	1031	1030	1022	1012	1006	996	983	968	949	933	909	888
953	956	967	982	1005	1026	1044	1057	1065	1063	1061	1060	1057	1054	1053	1048	1046	1043	1036	1030	1025	1015	999	985	966	943	925	900
1060	1064	1072	1077	1078	1078	1076	1077	1076	1073	1072	1071	1068	1068	1064	1060	1055	1053	1048	1043	1032	1019	1013	1004	985	968	948	934
1088	1088	1086	1083	1083	1085	1084	1081	1082	1080	1077	1078	1080	1078	1075	1077	1078	1072	1070	1067	1065	1060	1051	1037	1017	1004	989	968
1081	1083	1083	1081	1082	1082	1083	1086	1084	1086	1087	1089	1091	1090	1091	1094	1096	1096	1092	1088	1083	1075	1057	1033	1022	1014	1008	1000
1082	1083	1080	1078	1080	1080	1081	1082	1082	1086	1083	1087	1089	1091	1096	1096	1094	1091	1083	1072	1059	1044	1037	1040	1034	1033	1031	1028
1079	1081	1081	1080	1082	1081	1080	1078	1074	1077	1080	1083	1092	1095	1093	1078	1066	1058	1050	1037	1036	1044	1047	1054	1056	1051	1042	1034
1078	1076	1076	1077	1076	1073	1074	1078	1079	1071	1068	1075	1081	1073	1064	1035	1027	1030	1035	1038	1044	1056	1058	1059	1063	1047	1065	1200
1075	1074	1072	1070	1060	1058	1070	1073	1064	1056	1059	1044	1027	1023	1013	1012	1021	1025	1030	1036	1048	1061	1064	1051	1068	1201	1357	1360
1073	1072	1054	1034	1030	1036	1038	1038	1037	1023	1003	983	982	992	1001	1013	1019	1023	1032	1041	1061	1066	1072	1168	1358	1422	1317	1231
1052	1033	1012	1013	1019	1011	1009	995	986	1003	1002	978	980	990	1005	1021	1030	1040	1048	1053	1064	1140	1314	1442	1383	1279	1234	1209
1032	1006	1006	1012	1011	993	992	993	1002	999	1004	1009	1007	1023	1035	1054	1064	1064	1073	1129	1276	1413	1407	1336	1272	1234	1203	1228
1009	995	1007	1008	1004	999	997	999	1007	1014	1039	1042	1037	1045	1055	1070	1085	1103	1221	1376	1414	1359	1310	1284	1259	1262	1312	1425
62	60	61	65	69	66	71	68	68	75	74	69	76	71	70	70	70	70	65	64	64	63	58	58	54	55	53	51
63	63	60	61	64	56	54	55	57	56	57	59	65	61	61	62	62	64	62	58	59	57	51	51	50	51	52	52
53	51	49	47	46	58	63	67	67	70	71	75	77	71	65	65	63	58	53	51	50	47	46	49	56	56	58	56
51	58	63	69	80	82	75	66	61	63	67	77	71	67	74	71	68	65	56	50	59	69	79	85	84	93	88	85
80	82	82	82	76	75	67	66	68	62	72	73	65	81	109	100	99	94	88	125	149	153	151	151	151	146	147	153
68	63	62	67	53	47	65	91	86	82	107	108	109	164	178	171	166	159	178	227	207	231	268	300	332	355	389	407
29	25	57	67	86	139	196	192	219	248	277	284	303	340	350	368	356	367	393	446	458	513	559	599	624	645	664	678
125	178	232	270	343	402	409	445	487	524	539	554	574	593	622	637	648	676	708	756	776	808	830	848	849	856	857	853
442	517	581	634	678	696	727	760	783	803	812	827	827	839	857	862	881	892	908	916	919	926	930	929	929	926	929	925
808	845	874	889	901	910	914	923	927	925	932	933	930	935	933	940	940	941	943	940	940	943	944	942	945	944	950	961
941	940	939	938	938	934	936	934	932	932	932	931	930	932	932	935	931	935	933	933	934	934	941	960	979	1005	1026	1042
913	912	913	911	911	908	911	915	912	913	917	918	920	922	926	924	924	923	927	937	959	988	1024	1049	1061	1068	1075	1085
908	910	908	902	902	906	910	912	917	920	925	932	931	932	931	931	941	963	1001	1039	1064	1077	1083	1089	1091	1089	1097	1099
920	921	926	931	937	939	943	941	941	945	948	945	944	957	978	1014	1055	1079	1088	1089	1092	1093	1095	1092	1093	1093	1098	1104
978	979	979	982	983	983	981	981	976	978	980	995	1028	1059	1080	1092	1092	1089	1087	1086	1087	1087	1089	1090	1095	1102	1110	1113
1044	1040	1035	1034	1029	1028	1025	1022	1033	1048	1067	1081	1088	1086	1083	1085	1081	1077	1078	1080	1080	1082	1091	1105	1115	1122	1121	1128
1071	1068	1071	1065	1067	1070	1071	1080	1084	1086	1083	1079	1081	1079	1076	1071	1072	1071	1072	1076	1080	1091	1105	1118	1129	1171	1162	1174
1073	1081	1083	1086	1088	1085	1082	1081	1082	1076	1078	1079	1078	1069	1064	1062	1060	1057	1062	1073	1084	1096	1100	1105	1153	1226	1236	1185
1072	1081	1084	1080	1079	1076	1075	1075	1073	1072	1072	1062	1049	1053	1060	1055	1045	1048	1063	1071	1068	1069	1089	1148	1212	1193	1168	1154
1065	1061	1066	1065	1065	1070	1070	1067	1064	1055	1041	1029	1037	1045	1047	1028	1039	1043	1039	1029	1026	1080	1133	1165	1188	1160	1141	1117
1045	1043	1048	1065	1060	1059	1057	1053	1050	1045	1040	1043	1049	1036	1030	1020	1008	1003	994	1000	1055	1125	1134	1117	1161	1163	1148	1135
1048	1040	1055	1070	1059	1058	1045	1049	1050	1052	1059	1069	1064	1016	1007	993	973	967	971	1041	1095	1100	1131	1117	1125	1144	1148	1152
1032	1043	1062	1063	1055	1049	1058	1073	1077	1051	1047	1043	1007	976	975	958	943	952	1013	1066	1088	1082	1105	1117	1093	1091	1118	1115
1024	1051	1065	1060	1053	1056	1073	1077	1065	1054	1051	1011	964	952	941	930	923	968	1020	1050	1073	1079	1101	1145	1095	1062	1086	1097
1030	1044	1050	1041	1050	1066	1070	1071	1074	1068	1032	964	944	936	925	913	934	975	1003	1046	1083	1065	1058	1060	1031	1030	1051	990
1046	1042	1044	1052	1067	1070	1072	1074	1071	1057	1002	945	925	917	905	913	952	966	973	998	1061	1042	1009	973	966	976	908	835
1052	1049	1053	1062	1068	1067	1075	1075	1066	1022	978	957	937	919	901	927	970	966	961	948	932	945	958	916	914	858	741	789
1054	1058	1066	1073	1077	1075	1080	1080	1053	994	987	981	941	906	877	913	938	917	885	840	816	813	827	823	816	682	654	743
41	48	52	46	43	44	45	44	47	42	47	62	63	56	53	48	49	71	78	75	74	66	71	75	81	86	89	92
52	51	47	49	55	56	58	54	54	48	77	90	80	93	106	106	133	145	144	151	146	161	170	181	194	210	219	220
51	48	44	64	81	77	77	78	87	102	158	172	183	211	238	258	278	294	306	306	325	350	367	389	407	418	420	415
46	59	80	118	124	147	177	196	227	279	347	359	380	409	453	472	477	502	509	523	550	577	603	618	623	622	627	637
116	138	196	250	280	338	386	436	487	535	577	591	606	626	666	677	686	703	712	733	762	782	794	802	811	825	835	843
268	340	435	491	534	595	652	704	737	768	786	800	814	826	838	848	862	869	878	885	898	905	920	922	927	936	938	939
540	628	706	744	792	834	868	885	895	911	920	928	933	932	931	937	942	946	943	940	943	940	944	947	941	942	944	941
827	878	902	919	928	936	946	948	946	948	947	948	950	943	940	939	941	940	936	934	932	930	927	933	935	937	943	946
941	944	943	941	936	934	934	930	932	928	924	924	927	926	928	928	930	932	931	931	938	943	945	950	953	955	960	966
923	921	919	916	917	915	910	908	910	913	920	928	931	942	943	950	949	956	964	965	967	971	979	982	986	996	1010	1035
914	909	910	909	912	909	912	920	931	945	961	969	973	979	985	991	995	997	997	1003	1009	1017	1030	1049	1068	1099	1120	1119
911	909	908	909	925	937	960	980	996	1005	1006	1013	1019	1025	1026	1030	1031	1030	1039	1054	1070	1083	1096	1106	1109	1128	1130	1110
908	919	947	979	999	1014	1029	1037	1044	1044	1045	1046	1042	1048	1054	1056	1059	1068	1079	1085	1091	1094	1091	1086	1090	1124	1113	1096
975	1018	1046	1053	1058	1062	1065	1068	1065	1061	1058	1056	1063	1068	1073	1079	1086	1082	1074	1070	1067	1061	1059	1067	1079	1099	1118	1105
1076	1078	1073	1068	1069	1064	1062	1066	1060	1056	1060	1072	1075	1081	1088	1088	1072	1059	1059	1052	1042	1051	1055	1054	1039	1010	978	947
1078	1076	1057	1046	1047	1044	1050	1047	1052	1056	1065	1069	1079	1089	1082	1071	1071	1061	1032	1017	1024	1005	946	875	802	724	662	635
1059	1035	1020	1022	1028	1024	1034	1041	1051	1064	1073	1085	1093	1085	1075	1077	1062	1024	995	955	877	770	677	611	583	580	559	572
1019	1002	992	1007	1011	1015	1030	1049	1063	1071	1085	1089	1082	1083	1083	1049	1004	940	845	726	628	568	519	501	547	593	586	551
1008	996	1009	1000	1003	1028	1047	1066	1079	1094	1090	1073	1076	1074	1031	963	870	730	632	565	508	480	470	523	607	602	566	508
1011	990	1011	1015	1029	1055	1075	1083	1092	1082	1061	1069	1056	1004	936	811	655	567	512	453	440	472	477	567	686	601	531	514
1023	1011	1023	1055	1060	1078	1090	1093	1084	1051	1055	1043	966	896	767	613	537	477	436	394	401	479	457	490	669	588	489	498
1050	1035	1048	1071	1079	1084	1083	1068	1043	1036	1016	936	860	736	578	500	446	401	384	401	402	407	407	396	434	479	453	438
1062	1057	1065	1074	1077	1078	1059	1021	1011	998	914	816	719	564	472	410	361	329	324	337	326	338	336	334	310	319	343	360
1067	1069	1075	1072	1067	1057	1016	992	981	914	807	709	567	468	385	327	295	297	313	310	275	283	308	291	266	272	255	287
1064	1070	1075	1061	1046	1006	969	969	906	789	705	568	428	362	329	284	267	258	265	269	250	238	250	249	216	260	284	212
1067	1069	1067	1043	1000	952	944	906	780	679	577	429	339	288	277	247	246	235	228	208	202	184	173	176	181	191	214	158
1068	1061	1033	1006	943	913	901	794	669	592	450	339	277	234	204	189	186	186	210	165	150	144	161	151	144	190	165	132
1062	1050	998	950	901	880	809	686	601	481	347	296	238	191	168	155	136	126	144	154	126	118	125	129	128	166	145	133
93	100	104	114	143	186	211	230	265	302	332	403	426	479	538	578	604	630	649	659	672	677	688	704	714	723	721	721
99	122	164	228	307	356	405	466	520	553	609	655	678	724	757	781	796	807	821	833	838	852	864	868	872	877	875	878
211	289	378	474	537	593	653	709	749	785	822	842	865	884	899	908	913	916	925	930	936	939	942	944	943	941	943	941
448	552	650	716	761	809	851	879	900	923	935	938	941	947	949	946	947	949	948	950	948	943	941	939	942	941	946	942
715	792	852	890	911	928	941	947	947	947	943	945	945	941	938	942	939	935	935	934	931	934	938	942	944	948	949	948
899	927	941	949	947	946	943	935	937	932	926	927	927	922	917	917	920	922	927	933	942	947	954	962	965	968	971	980
945	941	935	933	926	926	921	918	916	914	913	907	906	911	918	928	938	950	963	975	976	985	991	999	1012	1018	1024	1025
924	919	917	914	913	915	910	910	906	906	908	918	934	950	970	986	1001	1010	1015	1018	1019	1029	1033	1039	1043	1048	1047	1053
910	910	912	913	916	915	909	907	910	930	959	985	1002	1017	1033	1042	1044	1044	1047	1042	1043	1055	1057	1054	1057	1059	1060	1057
914	915	914	912	911	905	911	942	983	1014	1027	1036	1054	1060	1062	1060	1054	1055	1052	1050	1053	1048	1033	1011	980	951	920	894
916	914	913	907	913	945	1004	1045	1054	1049	1053	1062	1067	1069	1071	1063	1063	1061	1044	1015	970	911	852	810	768	763	746	703
916	910	909	944	1008	1057	1072	1054	1032	1041	1060	1068	1069	1076	1083	1090	1074	1007	911	827	755	710	677	667	657	685	643	596
909	922	995	1064	1076	1067	1037	1011	1026	1052	1071	1073	1084	1093	1071	1016	936	819	713	645	600	596	585	570	557	612	561	520
948	1033	1075	1063	1060	1030	1010	1027	1054	1076	1082	1092	1080	1027	940	839	739	634	559	542	547	540	509	487	475	481	490	465
1053	1076	1060	1045	1028	1014	1026	1057	1086	1097	1096	1050	975	881	765	656	565	512	489	490	476	444	404	376	345	295	263	242
1061	1062	1049	1027	1026	1045	1070	1097	1108	1089	1021	929	815	693	583	496	470	463	417	366	342	292	261	209	153	122	116	100
1053	1052	1040	1038	1065	1085	1115	1111	1063	984	887	755	620	516	456	423	384	319	288	270	210	176	135	125	105	95	115	108
1057	1060	1054	1079	1112	1127	1107	1055	951	851	707	571	466	413	377	305	263	210	159	181	155	142	101	116	115	106	109	118
1071	1069	1088	1128	1137	1109	1033	922	813	661	513	403	358	314	236	198	190	153	114	147	102	95	116	103	110	102	103	99
1082	1101	1135	1140	1100	1028	902	775	627	491	373	313	262	203	164	139	122	134	145	139	109	102	92	133	120	97	90	104
1101	1141	1143	1097	1015	880	746	597	464	361	304	237	171	143	119	115	119	110	130	149	93	98	93	181	159	102	91	102
1136	1146	1106	1019	866	717	568	448	357	298	238	172	136	116	92	90	103	102	122	164	113	118	96	96	153	158	103	114
1135	1107	1034	873	690	543	422	336	289	234	176	165	137	127	113	112	119	125	105	153	148	117	102	89	92	167	143	174
1101	1045	905	696	534	418	320	264	230	198	134	118	137	125	106	117	129	141	159	197	192	128	133	125	112	182	244	239
1036	940	726	537	411	328	257	199	152	144	111	109	127	127	141	130	123	121	133	178	236	185	169	179	185	237	256	177
951	770	552	410	316	244	192	154	112	113	105	106	107	101	128	162	168	163	132	119	166	193	150	155	175	233	247	131
831	581	425	320	240	177	140	121	118	110	132	131	114	108	112	110	122	142	171	152	126	198	154	130	175	265	250	137
657	433	321	245	187	150	135	126	113	95	110	155	144	108	113	114	115	118	133	174	191	206	201	133	147	246	239	158
447	561	656	737	795	835	867	890	908	926	936	939	948	950	946	943	943	942	942	942	941	941	938	939	937	931	932	934
721	799	855	889	917	929	941	948	951	948	946	943	940	935	932	929	927	928	927	924	921	921	921	919	915	914	917	917
893	921	939	945	950	948	941	937	931	927	924	924	922	920	919	915	913	912	913	912	908	912	919	923	931	943	952	967
945	944	936	935	929	923	920	915	914	911	912	911	910	913	912	908	906	905	911	920	942	963	984	1002	1012	1022	1033	1035
930	921	919	918	910	908	908	908	906	910	910	909	909	904	907	918	925	940	966	1000	1024	1034	1035	1044	1052	1054	1054	1053
911	908	908	905	907	908	905	902	907	906	903	902	909	926	947	969	987	1016	1032	1044	1053	1065	1075	1077	1084	1087	1094	1102
905	906	906	901	900	900	898	899	903	898	907	932	968	997	1012	1021	1029	1038	1050	1094	1159	1122	1115	1098	1098	1102	1106	1107
906	907	904	906	901	898	896	901	906	937	984	1019	1019	1013	1008	1013	1027	1062	1090	1127	1187	1097	1054	1021	1015	1020	1013	1020
907	907	906	904	903	903	912	940	985	1030	1032	1006	997	1006	1017	1037	1058	1059	1041	1049	1097	1007	962	949	938	912	885	864
910	910	905	902	914	940	988	1033	1050	1015	988	1002	1027	1048	1057	1032	1002	983	967	958	994	999	881	771	632	502	413	333
912	903	909	935	977	1028	1055	1045	1007	989	1006	1032	1049	1040	995	953	944	922	856	725	580	479	343	212	140	108	109	108
906	924	962	1015	1051	1059	1059	1042	1042	1029	1019	1011	968	935	903	836	687	485	298	178	121	117	120	122	113	117	125	133
948	998	1038	1060	1062	1068	1074	1060	1027	1005	962	898	848	768	583	367	212	142	126	124	114	128	125	148	129	99	110	145
1024	1037	1055	1065	1074	1086	1051	992	958	909	824	734	565	350	213	153	123	118	123	123	105	100	105	111	134	118	128	140
1041	1050	1064	1078	1087	1030	958	904	831	745	603	406	247	171	133	117	112	100	101	129	129	97	95	95	117	118	127	167
1051	1070	1082	1078	999	921	869	776	663	498	303	197	133	127	117	104	111	99	97	108	133	112	123	126	131	127	138	177
1070	1080	1063	976	891	836	735	582	415	255	186	153	127	139	111	92	111	125	130	132	144	142	141	152	126	127	131	152
1081	1062	958	883	817	703	533	368	235	174	145	131	143	209	164	103	115	135	129	163	152	133	158	153	134	149	136	144
1065	956	867	809	680	494	330	208	151	121	105	98	98	127	159	148	156	174	153	155	152	133	141	183	166	145	125	138
962	849	782	661	475	304	185	133	103	101	113	104	111	139	133	121	132	166	164	162	154	165	153	146	185	150	127	142
848	746	632	472	297	177	121	113	107	119	136	136	136	131	121	130	131	149	162	147	125	141	163	139	156	198	159	147
748	609	463	309	183	126	130	133	120	124	137	156	157	136	119	124	146	144	163	134	119	129	160	189	172	169	209	237
607	473	316	208	131	119	122	118	137	121	123	134	166	178	155	139	137	131	156	146	126	136	141	175	206	179	152	198
476	325	209	171	133	112	109	113	142	150	129	135	135	132	146	175	179	171	184	195	168	135	133	151	217	238	211	184
343	217	124	138	134	107	115	113	125	150	137	135	128	129	130	147	156	149	146	165	207	188	145	139	185	270	302	201
247	168	127	159	165	121	124	120	126	145	138	134	143	134	134	163	155	123	128	128	145	187	182	176	169	234	312	292
185	126	163	164	230	183	122	131	143	144	143	146	142	140	158	139	148	137	126	137	135	149	160	156	186	251	289	278
139	118	123	119	148	225	178	135	134	144	128	145	140	139	141	131	149	163	136	156	145	147	148	155	168	279	314	228
937	942	937	934	924	917	915	913	914	916	915	914	914	913	912	912	915	915	913	910	910	913	921	924	929	934	944	952
940	939	936	919	910	908	906	905	909	909	909	911	908	910	910	909	910	914	917	924	932	938	945	957	971	985	996	1009
938	930	914	908	904	902	904	905	904	903	907	903	904	904	903	909	921	935	950	963	978	993	1014	1032	1049	1063	1068	1070
911	906	902	900	899	899	900	900	900	899	898	898	897	903	918	939	984	1021	1028	1055	1069	1069	1071	1077	1071	1070	1076	1076
902	905	903	901	897	900	898	897	895	895	891	897	913	944	986	1028	1079	1080	1072	1064	1056	1055	1056	1053	1053	1051	1049	1039
907	907	906	904	903	906	903	900	900	903	919	958	1011	1065	1079	1069	1086	1073	1053	1023	993	945	901	860	835	820	811	829
908	909	909	908	910	908	907	912	931	967	1031	1089	1110	1087	1059	1061	1050	983	837	685	590	508	473	453	419	403	419	445
910	913	910	910	913	918	937	968	1028	1100	1124	1097	1065	1073	1026	861	633	478	394	352	342	324	305	282	274	275	272	267
914	914	911	914	938	981	1023	1079	1129	1117	1092	1080	1016	801	543	390	315	298	267	278	282	256	239	211	205	196	179	163
916	912	924	971	1018	1071	1127	1133	1110	1091	1040	824	528	353	293	272	245	223	207	200	191	217	183	163	143	144	162	160
918	941	1000	1042	1099	1153	1140	1109	1067	913	613	374	279	243	207	190	180	178	161	130	145	162	151	147	145	151	182	179
970	1028	1059	1112	1163	1140	1091	999	769	461	263	202	185	168	134	129	118	144	157	141	160	162	147	136	147	159	205	162
1044	1068	1115	1161	1121	1046	893	612	337	214	179	152	143	129	105	130	133	146	139	165	174	155	150	150	151	121	176	181
1071	1123	1142	1089	991	783	454	233	166	139	137	131	145	163	164	188	183	147	121	159	165	119	125	131	146	133	161	197
1147	1142	1050	946	703	362	175	135	126	109	116	130	138	137	128	195	186	201	164	168	141	116	117	123	140	156	161	209
1147	1041	910	639	320	169	142	142	131	116	116	131	136	133	138	168	141	173	217	219	152	133	129	143	132	139	158	193
1031	900	601	288	162	128	110	116	121	151	170	164	150	128	141	163	141	141	149	231	180	127	142	151	134	135	144	177
897	604	272	162	133	129	109	110	129	147	167	179	174	178	186	164	138	132	135	180	223	132	139	143	124	134	147	153
639	287	156	127	112	146	149	150	161	162	151	156	185	191	225	225	177	176	172	189	262	198	141	143	137	141	147	150
316	157	148	129	120	141	172	177	176	151	156	148	141	160	190	217	210	188	170	197	227	275	208	143	138	149	174	195
162	117	132	143	129	137	144	167	156	137	134	137	150	147	134	139	172	201	193	172	138	194	250	183	138	145	159	191
143	115	119	168	137	131	131	138	160	133	138	136	136	139	123	125	123	132	191	229	195	148	194	250	191	163	143	158
142	140	155	215	147	134	136	136	171	152	135	130	137	139	130	136	125	133	142	151	206	232	178	208	261	198	165	177
130	117	145	208	176	139	135	134	155	197	162	124	132	141	149	142	127	124	127	133	140	181	229	229	270	243	178	220
143	121	135	165	185	165	139	134	136	166	196	145	135	144	163	131	143	136	132	144	140	143	156	213	273	286	254	253
186	151	158	163	165	178	146	131	136	130	150	190	159	147	163	136	141	137	128	133	155	147	137	147	182	255	307	354
186	168	156	146	182	185	180	140	144	145	135	159	190	168	168	144	137	131	134	140	159	131	133	146	149	155	230	377
198	187	148	137	143	175	198	176	147	151	137	127	145	200	182	146	150	154	142	144	163	150	132	139	146	143	147	298
919	918	921	915	911	910	910	913	911	913	909	912	911	914	914	918	915	914	922	943	969	991	1012	1034	1046	1052	1056	1062
966	945	934	920	910	909	905	906	906	905	906	903	907	909	909	916	947	989	1022	1044	1065	1060	1059	1066	1073	1080	1084	1091
954	928	916	909	904	902	905	901	904	905	900	900	906	925	963	1003	1060	1076	1068	1077	1097	1074	1067	1066	1064	1064	1066	1057
911	904	901	901	901	904	902	901	898	891	896	916	956	997	1034	1076	1181	1122	1024	1002	985	958	936	916	889	872	835	814
907	906	908	903	906	906	905	903	900	918	944	984	1027	1062	1062	1044	1085	932	860	844	825	797	757	722	686	667	635	615
912	911	911	911	911	909	911	928	964	990	1016	1052	1047	965	848	787	878	859	792	764	704	617	528	448	370	328	286	270
912	915	911	911	906	922	968	998	1020	1043	1027	925	804	709	688	696	708	725	639	477	332	227	172	134	126	127	121	118
915	914	910	912	946	995	1008	1023	1030	940	768	655	630	609	561	450	328	229	177	138	146	146	133	137	150	149	143	140
916	915	925	966	1009	1006	1030	1003	821	654	573	524	431	295	182	148	125	133	136	131	149	159	143	137	136	153	149	148
921	942	987	1010	1007	1053	966	701	550	466	364	237	131	117	132	152	153	183	161	139	148	151	141	143	133	154	163	178
964	1022	1043	1035	1072	895	601	451	332	218	139	128	134	136	149	141	134	162	155	151	157	150	162	137	133	158	167	167
1046	1063	1067	1078	788	484	351	231	145	126	144	133	144	139	148	142	134	148	147	151	169	161	131	128	141	161	176	139
1067	1083	1070	704	391	263	171	132	138	163	161	143	163	155	157	144	139	149	131	133	175	168	125	125	127	174	180	142
1090	1064	622	318	219	139	123	134	129	138	169	150	153	150	172	149	144	142	134	163	175	184	166	120	128	188	180	162
1071	600	272	194	146	124	141	142	130	139	175	145	133	128	166	136	133	139	129	133	122	126	167	168	173	179	147	157
593	257	177	143	162	149	148	153	134	134	160	149	122	118	171	132	125	143	130	114	123	123	122	189	224	168	142	148
244	168	136	152	186	157	137	168	153	118	142	154	127	126	164	145	119	129	134	131	122	114	110	160	274	190	143	173
163	137	128	138	174	152	131	138	158	127	141	176	135	130	139	151	122	138	126	122	125	128	119	134	271	189	142	159
131	151	150	138	148	144	131	125	132	147	146	145	128	135	124	160	128	115	118	131	136	145	161	149	269	230	138	152
136	162	164	153	160	144	138	133	132	154	185	174	138	130	129	173	128	108	120	131	123	121	148	148	271	266	140	160
155	145	155	141	146	167	141	147	138	130	165	241	203	192	173	176	135	113	126	124	123	122	117	107	226	320	156	156
158	149	145	160	147	158	162	134	135	131	144	200	176	202	216	236	205	122	122	143	141	142	143	123	189	361	196	155
152	151	170	164	156	186	213	145	141	151	159	177	144	147	163	143	217	210	142	134	124	139	151	135	151	348	271	152
140	134	137	147	168	207	258	226	159	137	139	200	144	131	180	133	136	217	234	161	119	126	135	130	123	282	349	202
165	151	139	144	155	142	159	234	231	173	140	176	137	121	160	184	158	175	239	263	196	147	141	140	135	218	352	246
192	173	188	183	171	183	162	165	191	231	227	220	151	120	134	224	222	138	129	200	272	254	154	154	163	207	330	277
192	190	164	140	138	142	123	122	115	128	202	299	270	161	153	160	241	169	119	131	173	259	235	162	167	185	302	307
183	157	138	131	133	135	156	149	160	156	156	187	281	231	147	131	203	228	155	130	125	165	255	257	198	158	270	371
906	922	901	899	904	906	905	910	915	912	909	910	912	910	910	916	936	957	984	1012	1052	1071	1072	1100	1103	1100	1087	1075
916	900	901	907	910	914	912	911	909	911	914	907	910	927	955	992	1022	1057	1092	1108	1117	1108	1078	1073	1063	1057	1050	1049
908	908	910	914	914	911	913	917	915	912	921	951	997	1038	1067	1075	1081	1083	1089	1072	1040	1004	969	937	932	933	949	969
916	914	917	915	914	918	921	916	916	946	1044	1128	1105	1100	1085	1078	1064	1003	923	838	744	655	592	530	462	420	402	424
919	920	916	915	919	923	916	921	984	1091	1236	1248	1127	1088	1045	943	800	667	547	442	343	258	216	183	152	132	127	125
920	919	921	924	925	925	943	1033	1106	1129	1215	1179	1083	915	752	599	462	335	223	159	129	112	119	137	146	127	137	157
919	920	926	924	930	988	1102	1125	1075	1076	1121	1009	827	635	459	297	189	135	130	141	140	152	144	138	162	157	155	185
921	923	925	955	1044	1143	1112	1064	1036	957	838	709	544	319	175	135	157	154	157	149	151	144	149	139	142	153	184	182
922	934	989	1099	1150	1077	1043	1014	867	631	401	236	158	147	178	186	243	181	147	142	140	133	145	154	142	136	166	183
950	1033	1149	1132	1049	1044	950	632	305	141	120	139	155	167	175	157	178	208	154	132	135	124	123	154	162	123	143	188
1061	1185	1130	1045	1011	778	355	127	108	135	150	150	145	155	150	140	141	162	164	139	143	131	140	153	198	144	160	144
1194	1111	1033	939	532	162	119	136	145	139	144	151	153	134	141	132	147	143	147	176	149	147	139	147	195	169	183	129
1101	999	821	356	106	127	173	185	154	144	154	145	162	142	144	137	147	167	143	138	170	154	129	184	166	188	180	125
949	722	264	111	149	159	143	154	169	171	154	140	144	178	152	134	135	159	130	127	143	186	178	206	156	166	170	145
666	237	113	142	145	145	159	146	142	187	150	136	139	176	169	151	146	155	147	123	126	144	164	219	197	162	154	167
242	116	145	142	142	139	157	151	120	198	155	129	139	156	200	164	142	152	171	172	149	140	118	174	238	181	149	148
130	147	151	150	150	150	147	171	169	223	195	122	152	180	178	145	125	128	138	162	166	188	159	139	251	226	160	127
155	169	160	164	158	135	130	154	186	176	245	165	164	162	134	146	123	121	123	124	134	156	179	179	287	285	176	134
158	149	139	160	192	167	163	141	151	163	213	272	191	134	128	157	134	130	131	133	140	141	166	183	279	333	219	135
202	170	166	144	144	144	172	204	195	205	192	257	282	135	130	161	150	147	125	122	136	128	146	215	217	277	301	170
165	197	205	151	133	135	136	141	132	148	162	247	321	252	140	151	139	150	147	128	136	126	136	204	211	241	342	277
160	150	145	178	164	143	137	144	138	133	154	198	203	292	209	179	169	133	132	160	157	124	143	228	211	219	279	345
138	138	138	142	168	201	188	141	139	155	181	151	131	199	220	150	172	163	135	146	190	170	133	242	244	191	195	329
134	135	141	145	167	206	242	173	155	150	151	139	142	155	225	181	143	179	162	128	131	170	169	261	274	212	187	287
154	149	138	148	156	135	147	169	149	138	153	138	140	132	177	209	152	172	196	188	160	138	172	310	281	183	196	236
145	149	153	144	137	143	135	135	133	144	154	136	134	137	150	220	190	138	152	157	169	161	153	270	321	158	144	186
141	141	130	120	129	133	124	121	108	126	138	145	153	157	171	174	209	170	129	128	143	162	150	211	348	212	152	176
125	117	116	119	129	127	120	122	123	127	136	135	142	140	151	159	177	188	144	123	125	141	160	200	335	228	148	170
603	950	942	908	911	911	910	912	916	912	914	915	914	914	913	910	923	952	997	1040	1057	1117	1212	1180	1191	1180	1146	1149
974	915	900	907	908	913	912	914	911	912	913	914	915	924	948	989	1027	1062	1082	1074	1067	1131	1212	1140	1125	1125	1120	1124
899	902	904	904	906	908	907	908	909	910	907	922	959	1009	1070	1102	1102	1078	1058	1039	1046	1064	1134	1160	1141	1128	1120	1117
904	909	912	916	911	909	912	911	908	923	983	1037	1056	1083	1076	994	889	773	699	688	722	771	848	939	995	1010	1010	1002
910	913	916	919	918	915	911	928	974	1047	1127	1143	1080	901	680	543	495	449	421	366	305	262	258	284	330	375	393	392
917	915	918	917	916	925	964	1021	1052	1102	1117	926	652	465	416	397	358	290	221	173	142	123	126	133	130	129	134	144
916	918	922	918	933	991	1052	1072	1061	957	728	489	387	371	342	263	199	160	145	150	157	148	143	136	146	153	149	139
918	921	924	958	1017	1067	1074	1020	778	489	374	354	312	235	178	160	153	163	142	123	118	126	141	129	165	152	113	121
920	935	988	1049	1081	1080	922	583	331	252	216	202	187	150	144	156	141	156	138	109	115	116	122	131	179	156	140	135
969	1022	1050	1069	1025	766	404	220	177	168	158	175	171	147	135	143	117	126	179	137	120	103	91	113	172	200	150	103
1054	1059	1052	910	544	285	185	155	160	180	181	188	146	134	124	122	122	116	157	134	94	88	87	90	185	202	85	105
1057	1041	812	416	218	170	167	179	217	178	181	175	140	122	119	110	116	108	119	148	99	103	101	93	182	176	91	98
1026	730	347	190	147	150	178	198	251	162	171	151	128	117	123	116	113	115	94	153	85	82	102	124	191	194	115	88
657	250	134	155	163	153	142	141	217	234	172	171	174	144	108	94	104	135	100	168	122	95	76	104	199	228	118	99
183	138	149	165	160	148	148	149	184	229	147	124	134	172	150	126	112	139	132	138	176	105	80	85	119	262	121	71
135	172	170	166	160	149	145	122	113	218	159	98	90	105	122	114	110	123	142	159	188	133	84	82	82	299	190	86
173	159	154	143	132	140	137	133	135	192	143	88	88	106	100	74	80	87	88	111	150	221	139	92	98	335	204	105
160	152	144	137	128	115	108	117	106	114	127	87	91	101	93	91	80	81	89	87	82	143	195	133	167	288	147	101
135	128	124	126	131	109	104	97	88	88	109	99	86	93	97	119	89	96	103	84	84	92	150	192	232	225	166	114
143	123	114	109	107	100	91	86	81	77	80	82	75	83	90	100	101	106	108	103	93	104	138	231	153	174	214	180
130	123	104	98	102	81	79	85	75	85	78	70	68	85	85	83	79	103	109	114	113	111	136	206	135	116	187	167
132	110	92	89	102	84	80	84	77	80	70	63	64	76	90	75	78	110	114	127	125	104	124	194	158	107	141	144
129	122	90	84	110	120	76	64	62	66	77	74	83	76	89	80	99	117	106	115	129	116	121	181	180	122	131	137
111	113	85	80	88	125	101	53	51	74	84	64	75	82	92	109	114	107	106	108	119	137	134	160	184	164	148	145
106	103	84	82	82	86	138	87	54	89	68	73	85	82	93	122	102	118	126	122	122	134	138	160	161	146	157	146
106	103	71	64	90	66	69	131	112	81	64	72	81	86	107	124	91	111	129	129	127	142	139	147	152	136	145	138
96	109	111	88	83	57	58	81	184	123	59	68	77	86	120	142	100	116	130	131	136	160	146	154	148	145	158	147
97	102	90	120	95	74	67	62	130	179	98	68	73	84	146	140	128	118	128	146	156	146	148	153	159	169	162	143
581	970	947	913	911	914	914	917	920	916	913	922	926	925	930	959	1000	1031	1056	1073	1081	1103	1154	1154	1166	1153	1130	1122
991	921	909	918	917	918	921	917	914	917	924	936	947	969	1000	1038	1108	1155	1121	1096	1094	1115	1165	1144	1137	1138	1119	1096
908	909	912	918	920	919	917	914	922	938	952	978	1022	1066	1075	1075	1106	1133	1087	1072	1089	1094	1123	1125	1111	1099	1080	1067
914	920	921	922	920	919	922	939	966	996	1038	1104	1103	1090	1072	1039	997	966	948	949	957	992	1041	1076	1080	1070	1057	1032
915	920	920	920	924	947	980	1010	1043	1076	1087	1152	1124	1004	914	841	789	753	721	690	673	690	726	764	775	761	737	667
920	919	920	935	977	1018	1052	1077	1101	1088	1068	1044	900	758	635	487	383	350	351	339	344	336	333	327	333	328	335	321
919	919	950	1002	1036	1065	1092	1094	1071	1023	909	767	605	395	204	130	131	191	262	286	298	323	346	347	364	358	359	360
923	969	1028	1067	1096	1139	1152	1128	972	823	650	438	206	109	135	184	231	280	296	306	372	404	409	431	446	372	363	388
987	1069	1151	1188	1200	1223	1187	1046	785	549	301	143	140	158	183	229	302	367	344	331	421	426	389	387	400	395	384	394
1097	1163	1236	1207	1151	1079	921	701	401	186	122	126	156	208	239	257	316	380	421	419	414	399	387	377	381	435	411	378
1134	1114	1177	1095	959	828	596	295	138	125	138	164	173	211	263	337	413	458	487	483	461	446	432	414	419	446	416	434
1089	1040	994	915	710	428	198	126	223	170	151	188	199	234	281	363	473	533	558	560	534	523	504	488	485	483	476	472
1007	879	669	379	176	112	129	133	157	150	161	196	232	292	357	420	490	558	622	629	589	567	562	556	538	541	549	502
709	390	156	110	135	124	131	133	152	161	188	224	277	345	395	445	492	530	597	684	671	633	615	619	603	599	598	564
220	107	108	116	116	123	154	158	171	181	225	280	332	387	452	490	526	550	571	631	705	720	700	685	663	658	643	617
122	112	98	109	101	136	151	157	198	226	275	347	400	467	515	542	571	593	607	622	664	743	779	762	735	715	697	678
109	96	90	108	114	156	178	204	247	285	346	408	456	511	544	582	619	640	656	660	666	701	758	805	803	776	763	744
94	77	96	134	147	194	217	252	295	344	403	453	511	568	594	629	659	682	697	710	716	720	730	759	813	823	815	800
105	103	109	161	220	217	250	300	350	405	458	498	551	602	649	667	701	721	736	751	756	769	769	765	771	803	849	852
78	126	198	222	237	253	299	347	393	459	511	547	596	639	682	708	740	758	775	783	792	805	805	799	808	804	852	896
83	143	177	265	293	289	345	404	443	511	559	593	644	696	723	757	777	795	810	818	833	846	845	834	839	845	853	848
121	147	160	244	368	343	396	449	488	555	600	627	679	733	773	783	805	840	849	856	865	863	866	860	870	875	867	858
132	188	184	248	414	463	448	483	532	592	648	680	723	762	797	808	834	859	863	872	886	888	892	889	892	893	886	881
132	203	215	290	365	474	495	518	563	632	676	706	747	786	820	844	862	872	886	898	904	911	914	908	905	909	909	898
148	230	261	325	364	440	528	560	598	682	699	742	777	803	840	873	878	897	913	918	922	930	927	925	928	928	921	907
160	252	264	326	396	457	524	591	642	702	723	764	797	820	852	890	894	915	927	939	939	947	944	944	945	941	942	935
169	253	289	353	413	474	547	598	683	721	740	778	810	835	866	901	900	922	940	945	950	962	959	958	957	956	959	951
276	301	331	370	430	493	556	609	691	730	759	796	824	847	888	909	912	925	943	953	968	967	974	974	969	976	974	958
798	981	922	906	918	918	921	927	944	970	1001	1034	1065	1078	1090	1131	1167	1155	1138	1136	1131	1122	1107	1100	1085	1073	1066	1046
972	915	915	917	913	922	931	952	982	1007	1046	1068	1097	1162	1160	1172	1199	1206	1158	1124	1117	1118	1098	1084	1079	1063	1038	1017
913	914	918	921	921	934	953	982	1019	1050	1070	1074	1113	1192	1165	1148	1151	1163	1126	1092	1087	1085	1075	1059	1051	1038	1026	1032
919	921	923	928	947	963	989	1018	1032	1036	1051	1069	1083	1116	1104	1095	1097	1102	1094	1089	1089	1083	1074	1066	1061	1064	1062	1064
922	927	939	957	991	1017	1032	1039	1036	1049	1055	1068	1051	1034	1058	1087	1102	1099	1097	1094	1093	1094	1093	1084	1077	1079	1085	1084
934	950	973	1011	1033	1041	1046	1055	1073	1054	1028	991	919	893	904	924	943	999	1050	1058	1054	1054	1064	1074	1079	1079	1082	1080
959	988	1032	1043	1041	1036	1019	980	930	863	847	832	819	809	789	813	865	964	1031	1054	1059	1068	1072	1074	1086	1082	1084	1084
997	1039	1050	1039	967	900	789	672	633	657	722	788	788	816	869	926	987	1032	1056	1066	1085	1093	1097	1106	1097	1082	1091	1090
1048	1049	1026	930	781	647	540	548	615	667	696	753	844	892	932	982	1033	1060	1076	1083	1091	1099	1098	1105	1106	1092	1095	1098
1046	1032	890	679	526	446	492	573	625	665	734	805	882	952	1004	1036	1067	1089	1094	1102	1109	1112	1112	1110	1107	1099	1102	1108
1021	823	593	417	412	467	537	610	660	738	814	875	930	981	1036	1086	1106	1114	1113	1120	1131	1129	1119	1117	1120	1120	1124	1120
759	430	339	361	422	520	619	682	745	818	880	941	989	1027	1063	1095	1125	1132	1130	1132	1135	1137	1138	1132	1126	1126	1128	1128
315	205	329	447	509	600	710	776	834	892	943	995	1038	1072	1097	1115	1125	1134	1144	1140	1143	1142	1145	1146	1144	1137	1137	1141
122	246	420	557	624	699	784	844	907	958	1003	1040	1074	1102	1126	1137	1137	1138	1145	1143	1143	1143	1143	1146	1149	1146	1145	1153
193	392	529	629	714	788	860	913	971	1012	1047	1083	1110	1126	1139	1144	1150	1153	1161	1150	1147	1147	1148	1149	1148	1146	1148	1157
295	496	612	726	797	870	934	983	1024	1063	1095	1114	1131	1143	1153	1154	1152	1156	1158	1154	1154	1148	1148	1153	1153	1147	1146	1148
388	573	696	797	874	942	992	1037	1076	1102	1119	1136	1144	1149	1153	1156	1155	1159	1155	1156	1157	1152	1150	1146	1143	1148	1150	1144
492	659	773	868	939	999	1040	1075	1103	1123	1133	1143	1150	1153	1157	1158	1157	1158	1157	1157	1157	1155	1151	1150	1151	1148	1149	1149
599	749	851	934	997	1042	1078	1101	1119	1135	1146	1154	1159	1155	1154	1156	1158	1155	1152	1151	1156	1152	1155	1153	1154	1151	1145	1146
685	825	925	994	1043	1082	1105	1123	1137	1148	1155	1156	1154	1156	1157	1156	1154	1155	1151	1152	1152	1152	1153	1157	1153	1151	1147	1143
763	882	972	1031	1071	1102	1120	1137	1151	1154	1153	1156	1154	1156	1153	1156	1158	1155	1153	1152	1152	1150	1150	1152	1151	1148	1148	1148
831	930	1003	1056	1088	1119	1135	1145	1153	1153	1153	1158	1158	1155	1154	1154	1160	1152	1151	1149	1150	1150	1151	1146	1146	1146	1150	1150
878	960	1030	1079	1098	1119	1141	1150	1153	1157	1153	1156	1155	1155	1151	1152	1153	1156	1152	1146	1151	1150	1150	1148	1149	1146	1144	1146
910	982	1048	1090	1118	1130	1145	1154	1157	1155	1150	1152	1159	1157	1151	1150	1149	1165	1172	1154	1152	1146	1148	1151	1147	1149	1147	1149
942	1015	1067	1103	1127	1142	1146	1153	1158	1154	1154	1157	1154	1154	1151	1148	1149	1159	1164	1147	1142	1149	1148	1145	1146	1147	1150	1153
979	1039	1087	1118	1138	1149	1156	1157	1156	1159	1163	1158	1157	1152	1152	1152	1152	1151	1150	1148	1144	1142	1146	1149	1146	1144	1147	1148
996	1049	1095	1127	1140	1148	1156	1158	1155	1153	1154	1154	1154	1156	1150	1145	1143	1144	1144	1143	1142	1143	1143	1147	1145	1144	1142	1143
1013	1062	1101	1130	1142	1149	1156	1158	1157	1157	1156	1156	1156	1151	1150	1145	1148	1146	1144	1144	1143	1146	1146	1145	1147	1146	1143	1142
939	918	921	926	934	945	994	1073	1122	1127	1116	1108	1121	1133	1104	1105	1108	1097	1087	1082	1078	1081	1072	1061	1060	1065	1071	1061
921	928	929	928	947	1010	1076	1117	1132	1134	1132	1110	1130	1146	1104	1086	1058	1053	1063	1077	1092	1101	1101	1101	1101	1099	1101	1111
928	936	941	984	1048	1097	1116	1123	1120	1130	1123	1094	1082	1070	1049	1052	1054	1078	1101	1110	1116	1120	1121	1123	1127	1122	1126	1125
936	951	1014	1067	1106	1112	1106	1105	1100	1076	1052	1023	1027	1043	1069	1086	1102	1114	1119	1123	1123	1127	1128	1124	1129	1128	1132	1124
974	1032	1090	1113	1106	1099	1084	1074	1055	1030	1015	1034	1072	1091	1109	1115	1119	1123	1125	1129	1131	1135	1136	1133	1129	1131	1127	1132
1045	1090	1110	1112	1100	1082	1065	1058	1050	1054	1080	1099	1114	1125	1133	1141	1145	1143	1138	1135	1136	1136	1132	1135	1131	1135	1133	1133
1077	1104	1105	1088	1067	1045	1040	1035	1060	1098	1117	1129	1140	1150	1147	1156	1148	1143	1138	1137	1140	1137	1130	1128	1127	1129	1129	1131
1099	1101	1089	1062	1009	1008	1020	1058	1104	1125	1138	1144	1151	1154	1154	1149	1140	1137	1129	1127	1133	1130	1126	1128	1129	1128	1123	1123
1103	1097	1065	994	976	1014	1069	1113	1135	1141	1153	1153	1149	1145	1145	1141	1135	1133	1132	1127	1127	1125	1127	1127	1126	1125	1125	1124
1104	1084	993	962	1022	1074	1116	1137	1151	1157	1156	1153	1149	1143	1133	1133	1128	1129	1130	1131	1124	1127	1127	1126	1124	1126	1123	1120
1092	1008	960	1019	1087	1131	1151	1153	1153	1159	1150	1147	1145	1139	1134	1129	1123	1123	1121	1124	1124	1129	1125	1123	1124	1127	1126	1122
1008	938	1013	1081	1122	1146	1159	1164	1154	1150	1148	1142	1137	1131	1128	1126	1123	1121	1121	1118	1120	1121	1120	1123	1122	1127	1126	1126
893	938	1081	1130	1154	1154	1152	1155	1153	1147	1140	1138	1131	1130	1123	1121	1124	1122	1118	1120	1120	1130	1129	1121	1123	1123	1122	1125
867	1022	1121	1150	1157	1160	1154	1152	1144	1139	1133	1133	1125	1124	1126	1121	1121	1125	1124	1118	1123	1124	1126	1121	1122	1122	1123	1121
934	1102	1145	1156	1158	1154	1146	1143	1141	1134	1128	1125	1120	1121	1122	1119	1125	1130	1130	1123	1126	1124	1121	1120	1123	1121	1125	1126
1050	1137	1153	1154	1149	1149	1140	1137	1130	1130	1128	1122	1118	1121	1117	1114	1114	1118	1119	1126	1126	1124	1121	1120	1121	1123	1126	1123
1117	1155	1157	1152	1147	1137	1136	1132	1130	1119	1122	1120	1119	1118	1119	1121	1116	1121	1120	1121	1131	1132	1125	1124	1118	1125	1126	1127
1144	1160	1151	1141	1140	1132	1126	1124	1123	1123	1116	1116	1119	1120	1119	1122	1115	1122	1123	1120	1126	1122	1120	1124	1121	1124	1123	1125
1151	1152	1146	1138	1131	1127	1125	1115	1116	1118	1121	1122	1120	1118	1120	1119	1120	1121	1123	1122	1133	1125	1118	1126	1128	1122	1121	1123
1156	1150	1141	1134	1127	1124	1127	1120	1119	1116	1122	1127	1121	1122	1126	1127	1124	1124	1125	1128	1127	1124	1123	1126	1133	1131	1124	1123
1151	1145	1135	1128	1125	1118	1120	1119	1121	1119	1117	1117	1117	1125	1130	1134	1133	1126	1125	1119	1121	1128	1122	1124	1127	1123	1129	1122
1143	1137	1132	1128	1125	1121	1116	1111	1116	1117	1116	1120	1118	1117	1130	1138	1138	1120	1115	1120	1122	1123	1128	1125	1126	1128	1129	1124
1141	1137	1134	1124	1123	1119	1118	1117	1116	1118	1113	1112	1118	1120	1127	1133	1129	1122	1119	1120	1125	1121	1127	1123	1126	1128	1125	1127
1141	1134	1129	1121	1119	1118	1114	1121	1120	1119	1124	1122	1117	1117	1118	1130	1128	1133	1130	1122	1125	1125	1125	1128	1123	1118	1124	1125
1139	1126	1120	1118	1120	1120	1124	1118	1116	1118	1120	1121	1121	1117	1114	1120	1127	1128	1130	1120	1120	1126	1120	1122	1125	1126	1125	1123
1136	1129	1122	1124	1121	1122	1120	1120	1118	1113	1115	1117	1118	1122	1118	1119	1123	1124	1126	1128	1121	1120	1122	1125	1125	1126	1126	1123
1130	1125	1126	1125	1119	1115	1114	1119	1120	1122	1119	1115	1116	1122	1123	1118	1118	1126	1131	1131	1126	1119	1122	1122	1125	1123	1121	1124
1134	1128	1122	1119	1120	1115	1115	1116	1114	1118	1120	1121	1116	1116	1119	1122	1122	1123	1125	1130	1132	1127	1127	1119	1121	1123	1121	1121
932	915	923	926	929	934	944	963	984	1010	1034	1040	1029	1030	1049	1070	1082	1085	1082	1085	1097	1114	1124	1125	1128	1134	1128	1121
919	929	929	930	939	965	996	1019	1036	1061	1054	1044	1078	1075	1072	1079	1082	1086	1098	1118	1129	1132	1131	1129	1129	1127	1123	1125
923	934	939	962	998	1026	1051	1061	1062	1070	1076	1109	1139	1090	1066	1078	1095	1109	1126	1130	1129	1126	1127	1124	1127	1126	1127	1123
931	942	989	1019	1049	1073	1083	1080	1079	1088	1101	1133	1111	1081	1082	1102	1125	1129	1128	1131	1124	1127	1125	1121	1129	1121	1124	1123
955	998	1025	1074	1094	1101	1100	1096	1083	1067	1070	1084	1091	1095	1110	1118	1125	1125	1125	1123	1123	1127	1127	1123	1121	1126	1120	1122
999	1036	1062	1128	1134	1115	1102	1091	1071	1054	1071	1089	1098	1111	1118	1124	1121	1121	1124	1121	1122	1125	1125	1127	1119	1120	1122	1122
1034	1043	1066	1101	1104	1089	1073	1064	1059	1074	1097	1110	1119	1125	1118	1121	1121	1121	1120	1123	1124	1124	1123	1126	1119	1118	1123	1123
1044	1055	1067	1071	1086	1096	1067	1061	1083	1101	1109	1114	1122	1120	1119	1124	1122	1120	1122	1125	1121	1123	1123	1126	1124	1122	1124	1123
1051	1060	1068	1070	1099	1093	1072	1081	1104	1116	1116	1117	1119	1124	1119	1124	1123	1124	1125	1126	1124	1124	1125	1123	1121	1124	1129	1122
1055	1061	1083	1106	1093	1072	1078	1101	1118	1122	1121	1118	1119	1121	1122	1122	1121	1126	1123	1125	1120	1125	1122	1122	1121	1123	1123	1124
1056	1078	1096	1079	1072	1079	1104	1117	1122	1122	1119	1123	1123	1126	1121	1127	1122	1124	1123	1122	1121	1130	1127	1121	1125	1122	1126	1123
1084	1093	1070	1066	1083	1097	1113	1120	1117	1122	1119	1123	1123	1126	1121	1125	1124	1124	1126	1124	1120	1120	1121	1121	1123	1124	1129	1123
1106	1096	1071	1087	1099	1120	1120	1120	1119	1120	1123	1124	1127	1125	1123	1129	1126	1123	1127	1124	1124	1126	1123	1124	1118	1123	1126	1123
1096	1075	1079	1089	1106	1122	1123	1126	1124	1126	1121	1123	1124	1120	1121	1121	1120	1123	1127	1125	1128	1124	1127	1124	1125	1124	1124	1125
1091	1077	1077	1094	1114	1121	1121	1121	1124	1125	1123	1124	1122	1120	1126	1123	1120	1124	1124	1124	1131	1129	1129	1123	1126	1121	1123	1127
1097	1083	1071	1103	1122	1121	1121	1118	1123	1129	1124	1132	1131	1124	1125	1126	1128	1124	1123	1123	1123	1128	1127	1126	1130	1125	1128	1133
1093	1068	1073	1117	1123	1120	1123	1119	1113	1118	1119	1122	1127	1127	1124	1123	1119	1125	1132	1128	1130	1128	1128	1126	1130	1125	1131	1132
1080	1058	1105	1115	1120	1120	1122	1124	1123	1124	1119	1120	1121	1127	1125	1128	1124	1133	1131	1130	1132	1133	1134	1132	1133	1132	1130	1130
1058	1074	1120	1116	1122	1120	1118	1118	1122	1122	1121	1123	1127	1125	1126	1125	1122	1126	1127	1129	1131	1135	1129	1140	1140	1142	1133	1134
1066	1104	1117	1117	1122	1124	1122	1121	1125	1121	1122	1123	1123	1123	1126	1130	1123	1130	1125	1127	1131	1137	1132	1130	1135	1139	1134	1136
1094	1113	1115	1118	1115	1116	1122	1122	1124	1121	1121	1121	1126	1126	1120	1124	1128	1129	1130	1125	1127	1130	1131	1131	1131	1130	1134	1134
1105	1116	1115	1115	1114	1114	1119	1116	1123	1123	1122	1125	1124	1125	1124	1129	1130	1127	1131	1135	1129	1129	1129	1137	1132	1135	1137	1140
1110	1115	1120	1117	1123	1117	1115	1124	1121	1118	1120	1123	1122	1124	1127	1127	1130	1127	1129	1131	1132	1132	1132	1134	1130	1131	1137	1138
1107	1111	1115	1114	1122	1122	1118	1120	1124	1122	1122	1126	1125	1127	1126	1134	1130	1127	1126	1126	1129	1130	1133	1129	1133	1132	1131	1131
1110	1113	1116	1120	1119	1120	1120	1119	1120	1124	1121	1122	1125	1129	1123	1127	1132	1134	1133	1130	1129	1129	1126	1132	1133	1136	1133	1131
1113	1114	1114	1115	1112	1121	1118	1115	1118	1118	1118	1122	1120	1120	1124	1127	1130	1133	1139	1133	1134	1132	1131	1134	1136	1134	1135	1130
1112	1116	1115	1118	1116	1115	1113	1118	1120	1113	1116	1119	1121	1122	1124	1125	1132	1144	1147	1143	1137	1129	1127	1127	1130	1136	1135	1134
1113	1112	1113	1112	1119	1116	1117	1118	1120	1122	1125	1118	1120	1120	1123	1124	1130	1129	1132	1143	1145	1134	1128	1120	1122	1124	1133	1133
959	938	918	923	928	929	930	926	929	946	1023	1073	1062	1040	1037	1054	1075	1094	1111	1128	1130	1128	1127	1122	1129	1127	1125	1128
934	918	925	928	927	931	929	927	952	1021	1052	1040	1031	1043	1071	1094	1113	1123	1125	1126	1128	1128	1124	1122	1125	1125	1121	1129
920	923	923	930	929	928	934	953	993	1022	1025	1043	1079	1087	1099	1117	1127	1127	1130	1124	1126	1123	1124	1126	1127	1128	1125	1127
926	924	925	931	932	933	948	966	975	1014	1067	1105	1106	1108	1115	1119	1121	1125	1124	1126	1125	1122	1128	1122	1128	1128	1129	1125
926	924	931	933	939	955	970	983	1024	1075	1088	1094	1111	1114	1124	1123	1123	1121	1122	1126	1124	1126	1128	1126	1126	1128	1131	1131
925	938	943	945	960	973	1006	1051	1078	1093	1091	1100	1108	1120	1126	1126	1126	1119	1124	1124	1122	1127	1130	1131	1126	1130	1134	1128
939	946	955	967	984	1028	1071	1087	1084	1082	1093	1111	1121	1124	1125	1125	1128	1123	1119	1123	1123	1126	1123	1130	1128	1128	1127	1133
948	960	981	1003	1046	1084	1089	1075	1074	1089	1108	1120	1124	1127	1128	1127	1123	1125	1123	1125	1125	1127	1124	1129	1130	1133	1126	1130
977	1001	1022	1070	1089	1085	1076	1066	1079	1102	1121	1123	1120	1123	1124	1128	1125	1126	1125	1127	1129	1125	1125	1131	1132	1134	1132	1128
1013	1034	1076	1099	1089	1066	1061	1078	1105	1115	1119	1123	1122	1118	1126	1129	1123	1130	1124	1125	1132	1129	1129	1128	1135	1133	1134	1128
1030	1084	1102	1089	1066	1053	1075	1092	1118	1121	1120	1124	1127	1127	1126	1127	1129	1128	1126	1126	1127	1125	1129	1132	1133	1135	1141	1131
1070	1095	1094	1084	1067	1066	1090	1108	1123	1120	1118	1122	1128	1127	1127	1126	1131	1133	1127	1125	1127	1125	1126	1130	1128	1137	1140	1140
1098	1096	1083	1074	1067	1082	1105	1117	1123	1123	1122	1122	1126	1126	1128	1127	1127	1129	1136	1125	1132	1133	1125	1133	1132	1133	1136	1141
1095	1081	1068	1061	1074	1100	1119	1120	1123	1125	1125	1123	1125	1128	1128	1128	1127	1128	1130	1128	1130	1125	1128	1130	1134	1129	1128	1132
1083	1064	1067	1066	1093	1116	1117	1119	1122	1124	1126	1130	1129	1129	1125	1131	1132	1130	1128	1127	1133	1131	1134	1128	1127	1118	1128	1132
1062	1057	1060	1077	1112	1123	1123	1119	1122	1129	1128	1127	1126	1128	1134	1134	1131	1132	1136	1128	1127	1129	1136	1136	1128	1124	1130	1135
1056	1046	1054	1098	1118	1118	1120	1124	1121	1127	1126	1124	1128	1128	1129	1135	1129	1128	1143	1131	1134	1126	1124	1127	1130	1125	1125	1136
1046	1031	1077	1122	1118	1122	1123	1122	1122	1122	1129	1128	1125	1128	1128	1134	1130	1127	1135	1134	1135	1131	1123	1122	1123	1122	1131	1135
1030	1032	1107	1118	1123	1124	1123	1125	1123	1121	1126	1129	1131	1130	1126	1134	1137	1134	1133	1130	1134	1133	1129	1126	1120	1119	1127	1128
1024	1058	1120	1121	1125	1124	1126	1128	1130	1127	1126	1122	1125	1129	1128	1129	1134	1133	1129	1133	1126	1129	1124	1122	1113	1116	1120	1117
1024	1088	1120	1121	1123	1121	1124	1125	1125	1125	1124	1123	1128	1132	1129	1132	1129	1128	1134	1133	1131	1132	1132	1124	1115	1107	1104	1113
1034	1100	1117	1120	1125	1119	1119	1125	1128	1125	1124	1124	1127	1127	1128	1134	1140	1132	1128	1136	1134	1133	1128	1124	1119	1113	1101	1099
1065	1117	1117	1121	1127	1122	1122	1123	1125	1119	1124	1124	1128	1127	1127	1130	1137	1138	1132	1132	1134	1137	1122	1117	1112	1108	1113	1098
1089	1114	1119	1122	1122	1123	1121	1123	1124	1121	1129	1129	1131	1129	1128	1131	1130	1134	1138	1133	1131	1132	1126	1113	1106	1115	1114	1110
1108	1114	1119	1117	1117	1123	1122	1120	1121	1123	1128	1127	1127	1131	1131	1133	1131	1135	1136	1136	1135	1131	1133	1125	1121	1122	1119	1115
1117	1114	1119	1120	1116	1119	1120	1122	1116	1120	1123	1128	1131	1128	1130	1136	1133	1137	1138	1136	1139	1136	1137	1132	1132	1125	1121	1121
1118	1115	1114	1121	1119	1113	1121	1128	1121	1119	1125	1129	1128	1130	1131	1132	1136	1135	1135	1134	1134	1135	1132	1134	1135	1137	1133	1128
1113	1114	1113	1115	1116	1111	1118	1126	1122	1125	1125	1126	1130	1124	1131	1123	1123	1128	1127	1124	1126	1132	1138	1135	1133	1135	1132	1129
832	975	917	917	922	925	925	929	926	916	931	970	1012	1031	1017	1004	1028	1060	1099	1119	1129	1134	1132	1131	1129	1128	1128	1122
981	919	914	919	925	927	925	927	927	936	979	1025	1029	1014	1021	1065	1094	1124	1132	1135	1135	1136	1139	1134	1127	1126	1120	1116
915	918	923	923	928	929	926	926	938	969	1012	1010	1015	1054	1085	1117	1132	1138	1138	1135	1141	1142	1140	1136	1127	1119	1111	1104
914	918	921	931	927	927	935	942	974	990	997	1029	1076	1113	1134	1130	1132	1136	1138	1145	1144	1146	1139	1136	1128	1113	1104	1095
923	921	923	924	923	923	945	983	1004	1021	1050	1091	1121	1133	1142	1139	1135	1136	1142	1145	1151	1141	1133	1128	1123	1111	1097	1083
927	928	929	924	925	952	985	1008	1026	1068	1102	1127	1134	1137	1137	1135	1130	1132	1143	1146	1137	1129	1125	1115	1108	1096	1085	1078
927	926	921	929	959	996	1005	1035	1073	1106	1125	1140	1138	1137	1133	1133	1128	1129	1130	1136	1128	1116	1104	1104	1101	1088	1083	1065
925	920	925	962	997	1010	1039	1081	1109	1133	1137	1137	1138	1134	1127	1123	1121	1113	1111	1112	1107	1104	1100	1090	1092	1086	1073	1059
930	936	977	1008	1003	1037	1076	1101	1125	1140	1147	1149	1147	1133	1122	1115	1110	1105	1099	1101	1100	1101	1109	1106	1104	1094	1084	1070
950	1001	1032	1023	1037	1072	1100	1126	1135	1140	1149	1150	1150	1131	1128	1109	1095	1094	1097	1099	1097	1099	1101	1101	1102	1090	1080	1069
1026	1036	1027	1035	1071	1092	1120	1134	1144	1144	1142	1140	1131	1123	1114	1104	1095	1091	1087	1090	1086	1081	1083	1083	1079	1073	1067	1047
1046	1030	1036	1071	1086	1114	1131	1133	1140	1143	1133	1130	1121	1111	1102	1090	1091	1084	1079	1079	1079	1074	1069	1056	1053	1053	1047	1036
1043	1046	1059	1075	1110	1129	1135	1135	1138	1134	1139	1132	1122	1111	1099	1090	1083	1077	1075	1071	1069	1073	1069	1061	1044	1041	1028	1010
1053	1060	1073	1091	1123	1129	1134	1136	1145	1142	1138	1132	1113	1112	1098	1086	1081	1074	1071	1066	1067	1063	1062	1065	1054	1024	1017	1005
1060	1070	1089	1116	1127	1127	1131	1138	1140	1140	1138	1134	1117	1107	1094	1090	1083	1071	1070	1069	1054	1034	1036	1034	1040	1044	1001	1001
1065	1072	1102	1123	1129	1132	1136	1138	1137	1139	1138	1133	1120	1106	1095	1090	1079	1073	1070	1050	1031	1021	1023	1012	1007	1042	1039	979
1067	1084	1119	1125	1129	1132	1133	1133	1137	1143	1137	1130	1122	1112	1099	1091	1079	1081	1071	1044	1041	1045	1041	1043	1028	1037	1029	872
1071	1106	1125	1135	1128	1131	1131	1132	1137	1134	1136	1135	1120	1109	1103	1094	1081	1074	1062	1057	1051	1044	1033	1045	1044	1039	996	913
1084	1116	1127	1135	1130	1131	1132	1130	1140	1132	1132	1133	1117	1105	1111	1092	1089	1076	1070	1061	1052	1039	1024	1038	1037	1038	990	987
1109	1128	1134	1133	1134	1134	1135	1139	1138	1131	1134	1131	1132	1124	1114	1104	1088	1082	1079	1071	1048	1027	1036	1039	1039	1032	1003	1015
1117	1128	1136	1133	1132	1136	1133	1133	1132	1132	1131	1135	1135	1122	1112	1108	1094	1089	1081	1072	1061	1039	1045	1035	1035	1051	1029	997
1124	1129	1133	1137	1138	1136	1134	1135	1132	1132	1133	1132	1122	1110	1103	1104	1102	1092	1081	1072	1063	1044	1047	1037	1040	1043	1016	1006
1131	1133	1129	1135	1136	1137	1136	1135	1138	1130	1126	1120	1113	1102	1095	1086	1093	1093	1082	1071	1057	1055	1042	1034	1040	1031	1014	1017
1128	1130	1131	1136	1135	1131	1131	1131	1132	1129	1119	1113	1104	1101	1085	1073	1079	1093	1085	1076	1068	1065	1047	1030	1035	1013	1011	1024
1124	1132	1129	1132	1136	1132	1131	1131	1126	1119	1117	1105	1096	1097	1081	1064	1056	1060	1081	1080	1073	1067	1054	1040	1038	1026	1007	1015
1127	1131	1129	1131	1127	1130	1132	1129	1120	1118	1109	1105	1094	1087	1074	1065	1052	1040	1041	1058	1056	1058	1052	1039	1029	1040	1028	1009
1128	1129	1128	1133	1127	1127	1128	1125	1114	1110	1103	1092	1078	1071	1071	1067	1069	1064	1057	1057	1046	1032	1032	1031	1024	1025	1025	1025
1129	1132	1126	1129	1133	1128	1125	1118	1109	1102	1105	1086	1077	1083	1087	1090	1085	1071	1060	1053	1058	1037	1019	1004	1003	1009	1003	1004
383	860	969	940	924	923	919	924	922	917	919	916	929	973	1032	1056	1061	1055	1048	1028	1018	1003	996	988	980	973	969	963
868	976	949	928	920	921	919	925	921	920	922	940	992	1032	1049	1049	1033	1030	1014	1007	1000	988	968	961	965	964	958	948
965	942	929	922	926	928	923	924	921	925	952	972	1011	1026	1030	1020	1012	1007	1001	968	943	910	887	896	921	954	961	961
945	928	919	920	928	929	921	922	934	962	982	995	1021	1020	1022	1015	1014	1011	961	886	864	847	845	872	899	932	961	970
929	919	924	922	923	926	924	940	976	1004	1026	1031	1032	1022	1021	1010	1010	980	896	848	830	833	855	870	891	912	944	964
924	919	925	927	919	925	951	993	1020	1045	1046	1033	1033	1022	1015	1012	1003	936	864	839	814	834	867	887	904	921	940	954
923	923	923	926	930	965	1008	1036	1063	1065	1045	1022	1005	1015	1020	1010	993	920	870	847	850	895	907	927	932	944	946	946
925	927	922	936	982	1020	1046	1073	1083	1065	1048	1030	1005	1009	1011	994	979	955	934	918	927	958	940	921	931	925	923	925
928	931	962	1000	1034	1054	1070	1090	1088	1045	976	923	877	889	969	1000	972	965	965	953	952	889	765	699	701	734	758	776
936	987	1028	1047	1063	1064	1098	1103	1083	1001	874	817	727	700	784	978	990	972	939	904	910	770	659	597	595	647	714	755
1018	1050	1052	1059	1070	1091	1107	1078	1026	963	913	859	809	809	840	954	995	985	967	953	956	824	712	693	712	741	828	874
1059	1056	1068	1073	1083	1111	1101	1069	1015	1007	996	948	908	940	954	992	1000	995	990	1001	992	947	870	821	894	901	858	757
1057	1066	1067	1079	1110	1101	1092	1072	1043	1063	980	957	918	959	968	964	999	1014	1020	1023	991	951	914	881	939	900	803	725
1063	1064	1075	1094	1111	1095	1071	1042	1018	1022	1002	975	945	936	899	945	940	989	994	993	991	969	947	944	938	925	889	872
1058	1065	1085	1103	1104	1103	1052	1009	1023	1014	1030	955	913	975	979	988	978	1002	981	968	915	846	874	912	941	982	999	963
1060	1071	1104	1098	1097	1103	1059	1027	1044	982	1014	1020	1008	1006	981	982	976	1004	970	884	795	827	838	869	920	1007	1001	962
1064	1090	1111	1102	1096	1090	1088	1055	1029	1005	1020	1042	991	973	989	958	963	1011	980	898	905	978	949	943	978	1004	982	947
1079	1108	1105	1102	1098	1080	1079	1066	1024	1034	1060	1051	991	942	988	964	958	987	988	985	1010	997	969	993	997	988	984	976
1100	1108	1103	1095	1087	1081	1070	1055	1043	1042	1045	1037	971	885	932	990	1002	1008	1024	1001	991	989	986	1009	988	987	996	987
1108	1108	1098	1092	1076	1063	1051	1028	1021	1010	1023	1001	892	857	913	1000	1018	1024	1027	1012	1000	993	989	983	1001	1012	1009	990
1105	1104	1097	1086	1065	1051	1036	1013	1002	977	998	955	839	884	964	990	987	1026	996	967	1002	989	986	961	962	1034	1002	977
1103	1103	1090	1077	1055	1037	1026	1008	990	965	958	974	945	914	929	953	973	1010	1007	988	972	961	989	988	1004	1013	1015	991
1101	1101	1084	1068	1041	1021	1014	1000	989	968	950	959	961	956	930	934	947	975	950	993	926	943	963	986	1029	1036	1018	1025
1099	1092	1080	1064	1036	1015	1000	991	979	976	958	945	936	934	935	935	929	946	949	968	941	954	955	974	1021	1019	1022	1036
1091	1083	1068	1051	1030	1008	998	990	971	961	948	938	930	925	921	924	925	935	975	977	960	966	985	997	1014	1019	1020	1031
1090	1077	1067	1047	1025	1008	994	977	960	955	943	938	932	929	925	922	932	929	942	967	973	974	966	991	1000	1027	1036	1035
1088	1070	1052	1035	1013	999	984	968	954	947	942	941	928	938	979	999	1011	1018	1020	1018	1007	991	982	989	1001	1023	1040	1048
1078	1060	1045	1027	1004	988	977	960	954	948	977	973	967	1027	1065	1085	1085	1088	1094	1098	1097	1079	1043	1014	1022	1033	1033	1045
26	158	435	690	858	934	953	947	939	926	925	927	921	917	941	962	1000	1028	1042	1042	1035	1023	998	969	955	941	932	923
165	440	694	859	937	953	947	933	926	923	923	922	933	947	979	1009	1025	1032	1025	1014	975	901	808	745	748	803	869	893
437	690	860	935	952	950	938	929	923	919	924	930	947	968	984	992	990	985	969	813	627	485	404	383	403	474	577	653
676	848	930	952	951	940	930	927	923	927	940	955	960	956	952	945	946	958	767	435	308	257	238	220	233	291	395	534
831	920	951	947	940	931	922	927	938	965	973	978	979	967	955	935	950	889	523	242	181	175	212	216	256	295	402	549
919	947	951	943	932	922	924	956	981	1000	1003	985	966	960	898	839	920	856	532	261	223	240	296	322	358	412	521	608
949	953	947	937	927	933	963	993	1015	1022	1000	927	860	817	768	824	931	891	740	522	516	531	528	516	526	596	626	714
958	947	936	933	940	972	1008	1027	1031	998	941	885	765	757	781	831	855	872	856	805	865	908	906	818	707	679	674	830
949	943	931	943	980	1010	1031	1046	1011	904	822	758	703	732	777	816	804	823	803	796	915	885	905	889	822	800	830	878
942	939	945	974	1015	1031	1053	1028	929	859	827	786	787	779	781	871	870	880	871	799	859	802	848	875	886	881	915	903
941	955	979	1017	1039	1050	1036	898	821	851	874	907	898	824	822	791	827	913	894	863	889	901	937	923	959	950	903	898
965	986	1020	1046	1052	1045	1003	934	896	884	892	922	908	839	879	843	798	890	866	869	942	976	962	926	940	887	796	758
989	1017	1052	1061	1057	1006	936	848	814	869	903	896	859	855	882	853	840	866	894	929	964	962	904	892	825	766	778	763
1027	1053	1064	1065	1039	957	837	686	750	859	903	923	875	834	853	891	910	945	935	959	992	945	849	878	837	813	854	847
1052	1064	1067	1046	1017	903	838	829	899	897	906	925	909	900	904	943	957	959	953	942	971	922	911	963	922	975	976	913
1062	1064	1059	1022	941	871	855	827	892	904	941	933	936	937	909	940	998	978	925	959	923	881	959	999	998	1008	978	931
1062	1066	1046	984	890	875	869	879	922	914	931	950	977	983	953	956	1016	988	951	996	979	960	1007	989	990	985	971	976
1066	1055	1009	958	853	871	912	916	892	907	920	924	910	942	938	950	985	976	962	985	1002	1015	987	964	974	987	997	986
1068	1037	975	942	893	865	905	912	889	859	879	917	893	930	907	913	927	941	964	968	992	994	941	950	962	985	989	950
1056	1000	956	933	937	942	931	847	834	844	827	844	824	823	913	941	938	917	936	964	984	997	907	900	937	939	968	959
1031	981	959	942	926	927	949	921	898	863	876	844	822	810	874	900	902	886	895	927	982	970	941	934	965	985	1033	1038
1006	976	941	914	905	905	912	926	886	884	847	780	830	769	725	816	894	891	902	938	953	957	947	967	1029	1050	1058	1054
996	958	918	907	906	905	910	914	905	903	846	856	871	842	835	894	881	931	949	984	924	923	977	1056	1081	1074	1065	1065
982	936	920	909	906	908	909	913	917	925	924	936	910	892	923	945	934	919	920	951	961	1015	1081	1114	1094	1086	1080	1076
967	928	919	910	908	911	912	913	917	920	920	926	935	937	946	945	952	952	943	987	1054	1105	1132	1127	1094	1090	1093	1093
948	918	917	913	915	920	917	921	918	921	927	929	929	929	939	946	953	983	1020	1083	1122	1133	1135	1127	1106	1101	1093	1093
940	921	913	917	916	914	917	917	920	921	928	931	933	937	944	950	985	1050	1096	1127	1134	1125	1112	1107	1105	1104	1095	1090
941	918	913	914	913	915	915	917	921	927	926	934	943	948	960	995	1046	1101	1129	1135	1121	1093	1086	1093	1104	1105	1096	1092
23	13	0	29	132	286	466	645	792	881	931	950	951	946	932	922	918	917	923	935	945	950	959	970	978	985	993	991
14	0	29	129	289	467	649	793	885	934	957	954	943	934	926	917	922	934	948	958	959	971	989	1012	1008	998	1006	1002
1	27	130	290	459	641	781	880	937	956	952	948	935	926	924	930	940	953	962	969	971	983	989	988	941	884	838	806
22	115	270	451	631	775	870	931	955	957	951	937	930	932	934	942	941	946	959	943	937	915	866	811	716	625	556	517
108	251	427	609	760	860	923	956	956	945	941	940	943	950	948	950	947	968	945	848	792	740	657	589	484	423	397	428
233	406	586	742	853	920	949	953	948	944	949	953	956	960	940	920	926	975	963	769	621	556	452	354	289	269	271	360
380	560	718	840	915	948	952	950	945	951	964	973	973	956	907	862	853	896	978	782	494	359	315	280	249	289	327	344
533	698	825	903	939	951	954	955	958	972	983	983	963	920	854	789	708	725	952	864	606	503	498	431	330	372	451	488
674	806	887	933	950	951	955	964	978	994	997	980	944	869	794	748	674	692	841	883	722	654	697	684	624	616	685	737
785	871	925	946	952	960	967	976	995	1009	1002	973	977	946	838	887	856	852	936	946	813	700	731	739	772	766	845	918
854	912	941	953	963	970	985	1003	1001	1007	1003	993	1011	970	945	939	849	882	923	874	842	853	897	900	905	932	928	940
898	938	955	970	978	982	1002	1024	1011	998	995	983	974	946	932	938	873	869	887	838	885	943	923	957	946	911	814	792
929	953	971	987	998	1011	1003	979	989	991	1004	983	930	887	881	872	799	848	896	887	918	930	938	945	827	798	781	792
957	981	993	1008	1024	1022	997	905	924	992	1004	956	934	883	776	870	878	886	949	922	919	886	937	914	818	773	827	865
976	999	1016	1028	1037	1016	1008	997	987	946	942	929	880	875	886	945	942	908	900	929	939	887	916	935	921	891	931	900
998	1012	1023	1042	1035	1015	994	973	996	951	931	906	852	887	945	955	972	950	934	949	946	914	926	929	928	894	928	901
1009	1032	1038	1048	1034	995	983	990	954	936	930	907	901	918	920	927	938	910	946	935	888	884	910	902	898	882	879	884
1028	1041	1052	1044	1021	997	995	948	863	920	931	889	864	922	931	943	887	868	915	914	892	868	881	864	901	912	867	897
1044	1055	1052	1034	1013	982	979	905	795	847	871	868	831	881	884	887	896	911	892	868	844	881	904	881	926	930	933	958
1051	1053	1043	1022	1001	975	954	938	893	871	868	822	801	848	889	928	933	902	856	859	890	950	976	960	959	996	1047	1082
1054	1049	1036	1012	989	968	950	954	980	966	858	785	892	908	897	922	931	869	804	886	947	973	983	996	1053	1109	1134	1148
1053	1044	1026	1007	985	964	941	939	960	960	933	910	900	845	795	873	907	918	923	954	953	972	1036	1093	1125	1142	1142	1157
1053	1036	1021	1004	981	960	943	934	944	919	918	894	855	863	855	878	923	930	943	939	965	1059	1116	1142	1143	1141	1132	1135
1043	1033	1018	996	975	956	940	932	943	945	928	932	898	928	911	903	945	922	914	954	1063	1123	1138	1137	1129	1128	1125	1114
1040	1029	1013	999	975	952	942	934	935	934	937	948	937	951	931	917	926	939	974	1044	1119	1137	1141	1127	1118	1118	1121	1110
1041	1028	1012	988	971	957	943	933	930	926	929	935	940	945	944	934	942	967	1017	1103	1131	1146	1141	1123	1112	1114	1119	1107
1043	1026	1010	991	972	953	939	935	932	927	926	925	925	931	933	940	951	992	1052	1114	1137	1149	1138	1133	1116	1109	1114	1109
1044	1026	999	987	967	950	942	939	937	931	928	928	927	928	930	943	982	1038	1088	1127	1135	1141	1144	1148	1147	1126	1111	1101
22	25	26	22	10	0	0	10	66	155	283	425	570	698	790	868	920	943	948	945	940	927	921	919	922	925	940	950
24	25	24	14	0	0	13	68	157	281	429	569	696	793	872	924	948	949	943	937	930	924	925	930	939	954	972	991
28	26	13	2	0	8	60	146	276	424	567	691	792	874	922	952	957	940	934	931	927	930	944	956	978	995	1025	1048
22	18	2	0	10	52	136	261	410	553	685	790	867	917	946	961	952	939	929	930	942	954	975	1002	1032	1050	1076	1092
16	3	0	6	46	126	243	392	541	675	774	857	914	945	951	951	944	932	931	938	965	993	1013	1040	1058	1070	1083	1099
7	0	3	39	115	229	369	519	657	764	844	905	938	951	954	945	937	931	934	956	982	1013	1026	1025	1020	1020	1007	1032
0	3	29	101	212	346	494	632	745	833	895	936	949	951	952	949	948	944	946	965	957	950	965	981	960	961	939	937
0	29	90	189	317	464	605	720	816	893	934	949	952	950	957	966	976	975	967	925	879	860	867	883	879	870	870	892
17	79	172	290	429	570	692	797	882	934	951	953	957	960	969	982	991	993	993	958	883	856	852	760	678	717	831	890
64	149	257	391	533	659	772	860	925	953	959	960	961	962	978	976	964	971	1000	1011	975	964	832	588	489	676	881	980
126	225	356	487	625	749	841	911	947	960	963	962	965	980	991	981	953	980	1023	1038	1008	923	705	619	617	787	907	1025
194	312	453	583	710	817	897	943	956	965	971	970	972	992	1000	1015	1026	1044	1049	1035	972	854	804	840	838	898	952	994
271	406	543	673	787	877	937	961	966	967	972	982	978	989	999	1017	1018	1041	1015	944	834	777	876	893	804	890	947	995
356	503	632	757	857	922	958	981	977	975	979	989	1005	1019	1016	1023	1003	993	944	788	763	817	860	759	811	849	893	957
445	592	723	820	904	956	970	978	979	986	992	998	1007	1028	1025	1018	989	958	837	810	849	817	808	780	866	831	842	882
536	679	793	878	941	970	975	987	988	990	1001	1023	999	1017	1022	999	973	906	850	840	785	721	812	867	878	824	854	881
628	752	850	929	969	982	983	986	989	998	1019	1031	1013	1009	1012	969	907	861	862	816	742	739	856	877	833	832	866	837
699	811	913	973	980	982	988	993	997	1012	1035	1009	1009	1002	972	950	856	726	733	789	805	774	822	855	821	831	868	861
750	870	959	985	986	992	994	996	1012	1037	1031	1011	1011	983	936	917	839	727	776	826	796	764	848	821	776	864	888	922
811	908	965	987	996	1003	1000	1006	1028	1041	1020	1006	999	936	914	883	814	810	807	797	825	832	886	919	894	939	960	999
863	940	976	989	991	994	1004	1017	1035	1033	1007	979	995	954	878	847	817	786	734	724	784	822	854	861	973	1012	1022	1025
905	966	991	988	985	998	1014	1023	1040	1031	1034	1018	989	912	857	879	785	777	818	821	863	876	927	937	1021	1014	997	1000
951	992	985	975	994	1009	1021	1023	1037	1031	1029	1013	990	926	863	889	839	815	818	864	860	920	994	1001	982	987	999	1011
967	972	968	981	1001	1015	1026	1029	1039	1048	1039	1024	992	943	849	858	939	894	777	857	938	951	975	970	978	996	1017	1034
961	952	967	995	1015	1026	1027	1030	1041	1050	1051	1044	1012	940	899	851	871	891	895	930	955	955	960	977	997	1014	1037	1053
947	962	982	1004	1022	1033	1031	1032	1041	1049	1044	1036	1010	951	939	906	920	940	945	929	933	956	973	993	1013	1030	1051	1065
951	968	986	1008	1028	1037	1036	1036	1047	1050	1046	1025	990	934	926	938	935	926	919	922	947	975	995	1017	1030	1034	1055	1078
962	981	997	1016	1033	1036	1030	1036	1051	1044	1037	1024	998	940	926	921	926	922	922	935	959	986	1013	1029	1032	1023	1037	1072
21	23	25	27	25	25	28	26	23	12	0	0	0	22	69	140	237	353	470	595	710	794	860	900	928	944	949	950
22	23	26	25	28	26	25	24	15	3	0	1	23	67	143	244	371	501	629	728	812	869	914	937	946	948	947	942
27	25	27	27	24	25	20	13	4	0	4	20	69	151	258	383	522	643	742	819	884	922	945	948	947	941	941	938
27	27	25	28	27	20	11	4	0	0	23	74	153	260	388	525	650	751	839	898	934	942	947	949	942	937	936	942
25	27	28	27	24	16	4	0	0	22	64	149	255	373	514	642	758	849	905	936	952	947	943	941	939	944	954	967
24	27	26	24	16	7	0	1	24	66	138	233	352	508	648	766	857	914	939	952	955	947	940	942	951	968	992	1010
25	25	23	15	7	0	2	20	58	122	218	342	494	647	770	859	917	944	952	952	948	948	951	960	985	1006	1033	1055
29	25	18	7	0	3	16	48	109	199	324	482	645	768	862	916	941	954	955	952	951	948	958	982	1007	1037	1065	1076
27	21	12	2	0	12	39	92	180	307	468	636	767	854	912	945	952	953	948	943	953	952	967	988	1003	1017	1026	1032
24	17	7	3	11	27	71	153	285	450	616	748	848	906	938	950	959	956	944	939	958	977	983	972	948	957	969	960
16	8	4	8	23	62	132	250	412	589	724	833	904	940	951	951	955	949	959	988	994	979	947	927	959	993	993	980
10	4	9	17	43	110	215	374	545	692	814	895	937	955	959	959	952	968	1004	1006	968	935	934	972	993	990	994	1003
7	2	9	35	82	182	324	492	651	788	884	930	950	957	958	961	985	1013	1005	956	931	944	988	1003	1008	999	990	1000
1	6	19	66	148	278	438	608	753	857	927	950	957	957	961	983	1015	1006	961	933	950	994	1014	1015	1015	1007	995	997
1	13	55	122	234	380	544	704	828	910	951	960	959	962	980	1013	1010	982	959	963	995	1021	1019	1012	1018	1014	994	975
1	37	102	201	319	472	647	787	889	945	958	960	958	972	1008	1011	995	1005	994	996	1004	990	1019	1031	1026	1019	992	1012
22	75	161	264	409	582	731	851	935	960	949	944	965	1004	1027	1001	994	1017	1007	989	1014	990	1017	1033	1041	1035	1025	1032
59	126	207	336	505	674	814	911	953	939	935	957	989	1028	1027	994	991	1011	1024	1022	1034	1032	1028	1027	1035	1023	1007	1010
92	154	257	429	607	771	885	930	937	933	951	978	1012	1039	1007	998	941	951	1043	1028	1024	1030	1033	1040	1027	1005	976	991
102	187	343	524	705	865	920	924	937	944	969	998	1024	1040	991	989	877	908	1039	1031	1028	1028	1031	1033	1016	977	959	990
125	253	432	628	824	929	942	951	966	960	985	1017	1038	1024	980	979	863	876	1013	1017	1024	1028	1016	995	977	950	950	985
183	335	529	778	921	924	932	947	952	970	999	1027	1050	1019	981	964	913	896	1009	1027	1047	1051	999	968	967	956	947	974
242	429	734	929	929	919	920	930	944	972	1001	1028	1046	1005	975	953	956	978	1016	1038	1059	1057	1028	992	996	988	990	991
325	682	932	930	923	921	924	932	946	969	1000	1030	1046	998	970	956	943	946	995	1036	1040	1037	1018	998	1007	1001	1001	992
638	933	929	920	923	928	930	934	946	969	1004	1035	1047	995	966	956	943	933	973	1010	1011	1010	1020	1024	1013	1010	1006	1001
926	929	921	922	928	935	936	938	951	974	1005	1033	1041	1000	971	953	939	928	964	996	1003	1000	1012	1017	1021	1021	1012	1010
929	919	921	926	935	937	940	953	960	980	1015	1034	1041	1014	990	960	934	922	953	986	994	1000	1007	1013	1016	1015	1018	1009
917	922	928	935	935	943	946	957	977	995	1031	1042	1054	1030	1003	978	933	924	930	961	984	995	996	1000	1006	1009	1001	986
19	22	21	21	23	24	28	28	25	25	24	23	27	28	23	15	6	0	0	9	51	112	158	213	288	366	448	528
21	23	24	25	28	25	22	28	29	24	23	23	26	24	15	6	0	5	31	73	120	159	230	322	411	491	573	650
26	26	26	25	28	26	24	24	27	27	28	25	18	13	8	2	13	45	84	117	172	259	350	439	532	615	689	752
26	25	27	23	25	27	23	26	28	27	26	25	15	6	11	22	47	85	118	192	286	375	474	567	650	727	789	844
26	25	26	27	26	25	24	24	27	24	21	16	13	11	19	48	78	123	208	301	403	501	599	684	753	820	871	904
25	24	27	25	27	28	26	27	27	21	15	10	10	18	50	78	129	224	319	421	527	620	708	786	847	892	924	940
25	24	27	26	25	26	26	25	25	20	13	5	17	57	79	134	231	340	438	545	647	734	802	866	908	934	947	951
29	23	23	24	25	26	26	23	18	15	9	27	58	74	136	236	346	450	565	666	753	826	883	919	938	953	959	966
27	27	23	26	24	26	24	22	12	9	35	56	69	127	234	350	458	572	679	769	845	895	933	951	955	954	954	968
27	27	24	25	27	24	20	12	20	40	45	58	117	225	349	460	577	688	774	851	909	944	957	961	958	951	939	943
27	27	25	24	26	22	18	26	37	37	47	104	215	340	451	579	688	783	861	916	952	955	956	957	962	977	979	976
26	27	27	23	21	21	33	41	31	35	89	193	323	444	568	679	787	870	929	954	950	948	957	976	986	1003	1003	1002
29	28	27	23	25	40	38	24	25	77	169	294	418	543	669	793	885	937	944	940	945	967	987	997	989	1014	1017	1023
30	29	28	29	43	42	28	18	56	143	264	383	523	664	799	897	935	938	935	955	969	983	994	1006	1028	1017	962	939
28	27	37	48	44	27	12	35	110	223	353	495	657	814	911	932	927	934	957	975	975	992	1017	1038	1060	1059	1020	947
30	38	48	45	30	4	19	84	183	316	470	661	843	921	926	924	937	954	969	975	983	1001	1048	1074	1073	1067	1056	1054
44	51	47	28	1	18	62	138	255	445	705	888	929	921	928	941	949	969	972	972	1015	1017	1048	1070	1079	1078	1072	1073
48	49	35	12	20	38	79	197	475	802	934	931	921	921	937	948	957	978	982	1011	1047	1059	1061	1056	1067	1070	1057	1051
47	38	27	28	12	26	191	589	903	944	925	919	922	930	944	957	974	982	1001	1048	1062	1051	1056	1058	1057	1051	1047	1045
45	34	18	0	18	273	742	955	932	918	924	920	928	938	953	971	985	997	1027	1047	1058	1049	1051	1049	1056	1053	1052	1051
40	8	0	74	423	854	952	920	927	926	926	928	938	964	988	998	997	1008	1030	1040	1042	1042	1051	1059	1060	1056	1059	1043
11	32	182	561	916	939	914	916	926	937	947	956	964	987	1004	988	988	992	1013	1031	1028	1045	1064	1067	1061	1057	1050	1048
101	301	673	934	931	916	920	926	938	951	952	947	948	963	974	978	973	973	995	1017	1040	1070	1067	1067	1062	1061	1066	1075
415	743	934	923	919	928	935	950	971	974	964	956	957	966	971	973	972	979	976	1009	1051	1071	1070	1068	1065	1070	1079	1075
805	930	922	922	928	945	962	984	987	994	999	995	982	975	972	971	983	980	979	1015	1044	1058	1060	1069	1066	1069	1075	1066
927	924	923	933	939	975	999	1004	1011	1023	1022	1022	1011	1000	997	996	997	975	978	1011	1027	1043	1056	1062	1062	1069	1069	1061
918	929	944	957	963	984	1011	1027	1041	1042	1046	1050	1041	1046	1049	1040	1011	967	961	1003	1019	1034	1050	1064	1061	1056	1072	1051
943	942	947	970	987	994	1019	1027	1042	1058	1068	1063	1071	1081	1068	1046	1010	963	948	972	1009	1026	1036	1052	1060	1044	1031	1007
86	95	96	86	65	39	27	26	23	25	22	22	23	23	22	27	28	25	26	25	23	21	17	14	8	1	2	3
60	46	32	26	23	22	21	23	25	22	23	23	26	26	26	24	26	26	23	23	24	21	12	3	4	2	5	16
23	24	23	21	24	22	24	22	21	24	24	27	26	24	27	28	24	22	27	25	19	12	9	0	2	12	30	47
25	24	25	23	23	24	23	25	22	23	24	27	27	25	24	25	28	29	24	15	8	3	5	10	19	37	69	113
27	23	23	25	22	23	27	24	26	25	24	24	26	25	23	29	30	22	16	10	2	2	10	29	53	94	146	204
24	22	23	23	26	26	24	25	26	26	25	25	25	26	28	25	22	15	11	7	5	14	33	68	116	179	252	342
24	25	25	25	23	26	27	25	24	28	25	25	27	28	25	16	15	19	8	6	20	42	84	141	211	308	431	558
25	24	24	25	24	25	27	28	24	26	26	28	29	26	17	15	22	8	9	24	53	95	164	273	408	535	628	696
24	25	25	25	25	25	26	27	25	26	27	26	24	19	24	29	9	13	27	61	117	224	358	490	590	675	760	826
25	24	24	25	27	25	25	26	27	28	26	25	19	23	33	14	14	29	69	147	279	404	521	643	748	843	905	928
25	25	25	26	26	27	25	25	27	30	25	20	33	31	8	11	32	91	187	307	446	597	746	853	902	926	927	924
25	27	23	27	26	26	26	26	26	29	26	35	35	11	14	49	119	204	322	523	728	866	920	928	923	922	927	929
27	27	25	26	26	28	29	27	29	29	38	39	20	43	81	122	205	402	663	861	928	928	918	918	927	930	931	935
29	28	27	25	25	26	30	29	34	54	73	67	57	52	93	276	572	830	933	931	917	914	918	922	933	943	946	954
27	29	27	25	23	20	38	77	100	88	43	6	15	163	485	802	934	938	920	915	917	919	925	936	953	973	985	981
23	24	20	21	33	72	96	86	34	0	0	117	433	790	954	950	922	913	916	917	920	924	938	958	972	977	988	996
16	18	23	49	86	82	47	15	28	151	442	784	954	953	924	916	917	922	922	922	930	942	957	972	972	972	985	993
10	29	59	73	61	56	79	223	488	791	951	951	921	915	921	920	917	922	926	931	944	957	965	967	966	973	973	987
38	69	85	87	126	284	547	799	932	941	919	916	915	917	924	923	925	927	933	939	949	967	971	965	966	977	1001	1022
90	113	150	294	571	817	926	938	922	924	928	924	924	922	923	928	934	938	939	944	972	986	974	962	986	1027	1051	1055
177	286	540	807	929	938	937	948	961	968	973	966	950	936	931	939	960	993	1003	985	987	974	960	983	1031	1058	1069	1070
469	748	923	948	937	953	980	1002	1017	1021	1019	1013	992	965	948	939	958	1005	1009	976	963	959	970	1003	1036	1056	1054	1058
873	957	953	933	964	1005	1030	1049	1059	1063	1058	1054	1040	1008	966	947	962	973	974	965	967	967	979	1018	1020	1036	1048	1058
972	954	945	961	997	1039	1060	1072	1084	1085	1079	1075	1067	1048	999	962	952	953	951	952	958	977	985	1016	1005	1033	1062	1070
962	954	963	974	1009	1049	1069	1082	1091	1091	1087	1083	1076	1052	991	959	947	944	946	952	972	996	1012	1022	1016	1008	1047	1058
970	969	967	990	1016	1053	1077	1085	1086	1088	1087	1087	1079	1066	1056	1038	1003	966	946	957	979	1005	1030	1053	1045	1001	1021	1027
1013	1001	973	982	1022	1056	1078	1077	1078	1084	1087	1083	1086	1087	1089	1090	1076	1020	960	949	974	1012	1036	1069	1074	1019	1014	1013
1059	1038	996	950	985	1055	1071	1067	1070	1079	1081	1082	1091	1090	1089	1089	1094	1076	1020	971	971	1010	1039	1068	1080	1049	1033	1022
100	100	76	58	40	27	27	25	24	26	26	24	22	20	21	25	25	26	26	27	28	24	26	27	26	25	28	27
52	38	30	22	24	24	24	26	25	25	25	22	22	23	25	25	25	27	26	26	27	27	26	25	27	27	27	25
21	21	24	25	25	24	24	24	24	26	23	25	25	25	28	25	24	25	29	26	24	25	27	27	25	27	26	25
25	23	22	23	26	26	23	24	22	28	24	25	27	27	28	26	26	24	25	25	27	26	26	28	26	23	22	16
26	26	24	23	23	24	25	26	22	25	27	26	27	26	28	27	25	28	25	25	25	26	27	27	21	18	13	9
25	27	26	24	24	24	23	27	27	23	26	25	27	28	27	27	28	26	23	26	25	23	25	23	16	10	3	0
23	26	27	25	27	25	25	25	28	27	25	25	24	25	25	24	27	25	25	27	29	24	20	15	5	1	1	33
27	26	26	25	27	24	26	27	25	26	24	24	23	23	24	27	24	28	27	27	24	19	10	10	20	50	87	120
26	27	27	25	25	22	22	21	22	25	26	27	28	26	25	28	27	28	27	23	16	31	63	85	101	126	173	260
24	24	25	22	19	17	21	21	23	25	24	28	28	26	27	27	30	24	17	25	71	104	98	112	195	356	593	801
21	22	19	19	22	25	26	26	29	29	27	30	28	26	28	25	24	52	102	132	132	132	239	461	720	911	970	948
24	24	26	26	27	25	26	24	24	24	26	21	19	17	28	66	129	159	138	155	289	557	830	965	972	937	919	927
21	20	18	15	13	15	12	10	8	3	0	2	31	82	142	158	141	151	312	606	870	978	958	929	918	920	940	945
7	5	2	4	4	5	2	3	6	27	71	131	169	172	173	217	385	671	899	960	936	917	913	915	920	939	941	924
0	6	15	18	20	29	54	106	161	209	242	280	345	446	616	818	950	965	936	916	913	915	918	911	924	948	924	919
35	49	57	80	125	199	260	290	328	413	538	674	803	913	956	940	922	913	917	919	923	922	921	913	931	937	921	926
107	128	191	278	334	369	427	530	669	805	898	937	936	931	924	918	919	922	926	926	924	928	926	920	940	932	928	930
245	332	393	446	519	623	749	863	933	941	932	921	918	919	921	922	927	931	929	927	929	931	929	932	943	935	933	936
462	520	592	691	803	897	958	970	962	962	966	964	954	940	934	928	928	930	933	932	934	931	932	929	934	931	936	935
654	738	830	916	975	997	1004	1018	1037	1051	1051	1037	1025	1005	970	950	939	938	938	951	961	964	953	938	932	936	952	971
848	923	970	997	1018	1039	1063	1072	1078	1083	1081	1075	1068	1054	1021	982	957	964	962	976	1001	995	958	937	932	936	959	982
963	964	982	1020	1051	1072	1083	1086	1086	1086	1086	1084	1079	1073	1052	1006	959	966	972	956	960	997	981	947	938	937	961	979
958	944	986	1045	1067	1079	1086	1084	1083	1085	1086	1081	1079	1068	1064	1005	954	945	948	975	1002	1001	992	976	952	939	960	977
946	944	992	1053	1072	1080	1083	1081	1081	1082	1080	1077	1072	1059	1036	962	945	972	1017	1070	1092	1085	1053	996	961	967	985	985
964	946	963	1033	1072	1075	1078	1079	1083	1082	1083	1080	1074	1012	979	956	952	1014	1072	1107	1130	1131	1123	1067	1017	1031	1050	1047
1037	969	940	992	1047	1065	1077	1071	1075	1082	1084	1063	1030	1010	1007	990	994	1022	1058	1112	1137	1145	1139	1110	1079	1055	1053	1062
1068	1029	968	956	999	1034	1059	1068	1073	1070	1053	1049	1059	1064	1050	1035	1031	1030	1044	1099	1141	1145	1127	1107	1091	1070	1054	1063
1070	1051	1016	963	968	1007	1034	1034	1030	1030	1056	1083	1085	1083	1077	1060	1054	1040	1025	1049	1082	1095	1090	1094	1085	1079	1067	1061
22	21	21	24	26	23	26	26	27	27	23	24	24	22	25	25	25	27	27	25	24	26	27	27	26	26	28	26
23	26	24	24	27	28	25	25	26	28	27	21	23	24	24	26	27	25	26	27	26	25	26	27	27	27	26	26
25	27	26	25	23	27	28	26	24	26	25	24	23	27	28	26	27	27	27	27	27	27	26	28	27	27	27	27
27	28	25	25	25	27	26	26	26	24	27	25	24	26	26	27	29	27	26	27	28	27	26	26	27	27	32	35
26	28	27	27	24	26	25	27	27	25	26	27	27	27	25	27	26	26	20	22	26	29	32	39	43	45	45	45
25	27	25	24	23	26	21	28	28	27	28	24	25	27	26	29	34	38	41	45	51	50	46	45	44	43	44	47
22	24	26	26	24	26	24	28	26	25	32	37	43	44	54	53	54	53	50	43	43	44	45	48	48	48	47	51
28	27	25	27	27	22	25	31	40	49	57	61	56	46	46	45	41	42	44	46	50	47	46	41	34	42	63	87
27	26	25	26	29	39	61	69	66	57	47	42	42	38	39	42	42	43	43	42	42	35	38	52	78	98	105	121
21	35	56	77	92	93	87	73	56	47	45	41	38	35	39	44	45	49	53	59	68	86	111	122	123	164	318	552
46	71	81	83	67	39	28	29	37	39	48	53	58	56	55	59	54	49	52	59	77	83	90	147	325	569	783	893
39	30	24	26	31	35	46	52	66	82	93	108	118	124	127	122	131	136	137	124	116	179	337	541	713	821	881	915
73	85	102	123	147	183	214	242	264	290	313	329	335	350	359	362	349	337	334	371	476	608	711	782	833	872	902	917
235	267	304	353	403	447	483	523	547	560	571	591	612	638	665	695	717	764	822	866	891	896	907	908	911	912	918	917
462	505	564	608	645	683	717	741	767	790	817	857	887	911	920	931	936	944	943	939	940	937	941	943	941	941	925	920
696	726	755	785	817	847	869	883	908	930	943	945	934	923	919	916	918	917	918	915	921	922	923	926	938	939	925	923
830	845	868	891	908	927	942	947	947	939	932	927	925	925	924	921	924	924	927	928	924	931	931	925	942	931	921	923
906	922	933	946	962	970	972	980	985	985	993	991	993	976	955	934	925	927	931	927	926	929	931	933	956	932	921	925
949	960	959	964	1003	1020	1045	1056	1066	1067	1068	1068	1067	1051	1023	985	951	932	939	937	943	932	927	932	962	939	924	924
961	961	950	1002	1058	1074	1080	1082	1082	1081	1081	1083	1084	1078	1073	1049	1005	954	936	977	1000	969	938	926	958	944	924	927
953	937	959	1044	1073	1073	1072	1073	1074	1078	1081	1077	1077	1076	1081	1079	1046	990	945	975	1004	990	946	923	940	951	944	944
953	940	973	1047	1061	1070	1074	1071	1064	1072	1081	1080	1077	1072	1067	1074	1054	998	959	950	967	962	943	939	945	967	965	949
973	968	982	1034	1048	1070	1079	1077	1066	1070	1077	1079	1078	1066	1049	1040	1014	973	946	958	958	935	942	980	1016	989	970	928
996	995	997	1024	1048	1063	1072	1075	1061	1059	1072	1076	1080	1070	1021	966	948	975	1007	1017	1002	969	970	977	1021	1031	1003	955
1024	1026	1018	1019	1029	1042	1059	1060	1051	1064	1076	1084	1060	986	969	960	1012	1109	1126	1086	1051	1028	1038	1042	1044	1052	1043	1002
1053	1050	1051	1035	1026	1037	1050	1047	1057	1067	1062	1021	960	934	965	1001	1097	1157	1158	1139	1113	1087	1076	1057	1051	1046	1035	1018
1062	1063	1067	1059	1042	1042	1053	1058	1048	1023	975	952	963	971	980	1018	1105	1146	1153	1142	1117	1092	1070	1060	1059	1057	1051	1041
1070	1069	1076	1081	1068	1054	1058	1056	1034	977	953	980	997	1006	1001	1019	1089	1115	1123	1127	1102	1075	1064	1064	1061	1059	1060	1057
25	25	27	25	25	28	24	25	28	24	22	29	25	23	27	26	26	28	26	25	27	25	25	26	25	26	26	27
27	26	25	27	26	27	25	24	28	26	24	25	26	25	27	29	25	27	26	25	27	27	25	24	26	27	25	28
27	27	26	24	26	26	27	26	28	24	25	26	28	27	26	28	30	27	27	25	28	25	26	27	25	26	24	25
26	27	28	22	25	25	28	26	27	26	28	25	29	28	25	24	25	29	30	29	33	27	27	29	37	45	52	67
25	25	25	26	28	28	30	33	31	32	35	33	31	30	38	48	64	73	83	88	97	100	94	96	108	119	116	109
28	32	34	62	69	51	43	43	42	45	45	45	59	80	98	106	110	106	105	116	120	127	127	112	89	61	54	57
23	27	36	58	54	34	29	26	25	32	59	91	111	118	114	108	101	92	85	70	57	47	52	64	77	78	79	71
14	12	23	32	33	21	16	16	40	79	102	98	74	52	41	38	33	31	36	41	48	50	53	56	67	67	69	67
24	22	42	52	46	56	91	122	130	107	72	50	45	36	32	31	35	33	32	26	26	29	31	32	38	52	63	73
87	102	132	168	195	213	222	204	184	179	182	193	199	201	205	202	203	192	179	160	143	118	93	72	50	32	16	20
253	294	344	395	411	400	406	421	442	472	494	513	534	548	558	562	558	544	519	480	438	388	330	260	184	135	135	187
497	530	569	606	638	663	692	722	746	770	792	809	825	833	829	823	813	796	779	755	716	664	591	518	468	449	457	488
744	777	810	837	859	881	894	903	916	924	930	931	934	932	928	925	920	913	907	884	848	813	776	753	731	716	710	716
901	915	927	938	939	944	947	944	942	943	942	937	935	936	934	937	933	925	919	914	912	912	911	910	901	889	875	867
944	946	943	945	946	945	940	937	936	935	931	929	923	919	913	915	915	911	917	920	919	918	926	935	941	946	943	935
946	940	937	935	938	938	948	954	958	957	953	955	956	938	928	922	920	920	924	924	925	920	921	923	924	937	946	949
945	941	935	933	934	971	1005	1013	1021	1029	1029	1027	1019	1005	985	966	942	926	925	926	924	924	923	921	921	924	932	941
955	954	944	934	979	1040	1064	1070	1072	1073	1075	1078	1076	1065	1048	1029	1001	963	934	934	928	930	932	926	922	921	924	929
977	975	970	962	1021	1067	1073	1068	1072	1075	1076	1074	1074	1071	1051	1042	1042	1015	966	941	934	955	952	932	927	930	929	926
1015	1000	999	1000	1031	1067	1067	1067	1075	1070	1071	1066	1069	1072	1070	1059	1071	1060	1002	961	952	971	961	931	933	936	939	937
1046	1036	1029	1026	1041	1059	1070	1076	1071	1069	1071	1071	1071	1072	1075	1069	1072	1076	1040	979	961	995	993	949	943	948	957	963
1069	1066	1056	1047	1050	1071	1074	1070	1070	1070	1071	1073	1073	1076	1077	1067	1069	1074	1041	981	975	1016	1020	997	1018	1051	1013	978
1082	1081	1077	1071	1064	1073	1074	1074	1073	1071	1066	1064	1076	1085	1079	1067	1065	1059	1029	965	966	997	1003	1014	1054	1073	1041	978
1085	1086	1081	1078	1074	1075	1074	1076	1069	1054	1055	1064	1070	1069	1058	1044	1031	997	968	936	935	968	980	969	995	1030	989	961
1083	1083	1086	1079	1075	1079	1080	1077	1071	1055	1043	1028	1010	1029	1064	1091	1082	1024	972	939	933	936	943	948	953	970	974	985
1084	1082	1082	1084	1075	1078	1077	1081	1076	1067	1016	966	980	1045	1099	1140	1138	1066	1012	968	952	963	975	984	994	1012	999	1015
1081	1084	1078	1082	1081	1074	1076	1080	1079	1046	966	940	975	1041	1097	1134	1131	1073	1027	1003	992	999	1009	1026	1042	1055	1051	1055
1078	1079	1080	1079	1080	1077	1080	1081	1087	1034	952	962	978	1006	1055	1088	1104	1091	1064	1036	1017	1016	1022	1042	1071	1070	1072	1071
28	27	27	25	28	29	28	28	28	29	27	29	28	25	28	30	27	28	29	28	31	29	27	31	31	28	29	28
29	28	28	25	27	26	30	31	27	28	30	29	30	28	28	31	28	29	29	29	32	31	29	28	30	32	29	29
29	31	29	27	27	28	29	30	33	26	29	32	31	33	31	28	30	34	29	30	33	30	29	30	30	31	29	30
27	33	31	32	31	30	30	29	36	30	28	31	32	34	33	30	31	33	34	34	34	33	29	32	33	34	33	32
31	29	28	34	31	35	33	33	35	35	36	35	34	35	39	36	44	46	54	62	64	63	55	44	39	37	39	39
60	69	67	78	73	67	60	53	51	44	45	47	52	51	52	51	57	53	52	53	59	65	76	73	57	44	38	40
218	230	237	234	228	212	196	172	153	138	127	122	111	87	63	49	48	42	40	41	48	44	55	75	84	75	59	45
412	420	437	442	447	447	435	423	419	419	399	365	335	304	274	246	215	184	153	120	90	71	54	48	59	83	99	102
623	637	650	659	661	668	670	678	681	672	660	656	668	663	650	638	623	597	567	531	486	435	382	321	259	201	168	147
800	808	825	828	834	843	851	861	863	874	882	883	889	891	890	889	888	874	862	849	832	806	775	734	680	611	528	426
910	917	925	925	932	942	942	947	947	947	944	942	947	943	940	941	944	939	938	941	941	934	927	914	890	859	800	728
950	951	956	950	946	946	940	940	938	934	928	923	925	924	924	923	924	923	925	923	929	932	936	938	932	925	899	858
960	958	960	952	942	941	933	924	927	928	933	926	925	920	921	919	917	915	918	917	920	923	923	926	925	919	911	898
972	972	974	976	972	958	946	955	970	969	971	967	958	953	943	937	925	922	919	918	924	921	918	913	914	913	916	911
992	995	996	1000	993	986	988	1012	1025	1027	1023	1010	1016	1014	996	976	955	939	927	925	933	922	921	917	917	916	917	916
1019	1025	1021	1022	1016	1013	1044	1060	1062	1064	1062	1054	1058	1057	1045	1025	1001	984	960	937	937	928	926	928	924	919	921	921
1045	1045	1044	1037	1044	1050	1071	1080	1072	1070	1066	1066	1075	1075	1076	1071	1058	1034	1002	972	955	940	945	949	930	927	929	927
1069	1065	1064	1053	1053	1059	1075	1078	1070	1063	1069	1064	1061	1065	1075	1076	1080	1073	1046	1015	978	960	987	967	932	929	931	926
1085	1078	1080	1071	1056	1067	1078	1074	1071	1066	1067	1063	1064	1061	1063	1066	1074	1086	1073	1040	1000	987	982	940	936	935	935	927
1087	1086	1082	1083	1077	1075	1079	1078	1076	1067	1071	1063	1064	1060	1062	1071	1073	1079	1079	1057	1024	985	953	937	940	937	962	959
1084	1086	1081	1087	1087	1086	1078	1079	1076	1077	1069	1061	1054	1059	1062	1076	1075	1071	1071	1059	1029	996	970	958	941	970	1013	989
1081	1081	1079	1084	1082	1087	1080	1084	1078	1080	1075	1069	1056	1067	1072	1072	1066	1066	1071	1064	1026	990	979	973	964	1022	1054	1026
1075	1069	1069	1076	1078	1078	1079	1079	1078	1078	1074	1069	1035	1037	1032	1036	1052	1056	1055	1032	972	959	976	982	1000	1046	1061	1055
1076	1073	1062	1070	1083	1077	1077	1077	1071	1076	1072	1052	978	984	1055	1099	1084	1048	1001	950	937	969	1008	1032	1041	1055	1065	1074
1077	1078	1075	1071	1081	1077	1078	1080	1071	1064	1063	998	952	1053	1146	1151	1126	1051	966	940	971	1011	1040	1061	1073	1078	1082	1087
1076	1072	1077	1076	1079	1073	1068	1075	1075	1067	1047	971	989	1105	1139	1143	1140	1053	954	956	1010	1042	1062	1075	1082	1083	1087	1087
1077	1070	1068	1071	1076	1075	1072	1069	1069	1054	1026	981	1003	1096	1120	1122	1107	1020	965	997	1040	1061	1068	1069	1080	1076	1081	1085
1074	1068	1061	1066	1073	1072	1069	1062	1044	1016	1012	1000	1007	1060	1086	1085	1067	1033	1007	1026	1042	1058	1069	1073	1086	1085	1083	1086
