922	922	914	913	913	924	929	954	974	947	946	934	924	925	922	931	951	951	949	926	923	924	926	927	919	926	928	935
917	916	916	918	922	927	933	958	954	940	935	938	946	941	937	921	935	951	951	942	923	934	937	951	956	956	949	951
911	912	916	923	926	935	960	969	951	952	984	1018	1071	1085	1097	1051	987	958	951	955	939	939	954	990	1030	1055	1043	1013
909	912	915	919	932	955	979	969	972	1021	1119	1163	1188	1254	1290	1264	1206	1127	1094	1072	1035	1047	1074	1096	1121	1156	1177	1184
916	919	923	932	959	975	967	991	1042	1145	1230	1251	1297	1296	1252	1243	1211	1192	1197	1206	1154	1161	1182	1193	1176	1182	1182	1169
911	925	925	959	991	973	997	1070	1158	1245	1259	1260	1260	1214	1184	1201	1197	1180	1190	1214	1210	1203	1214	1217	1222	1189	1172	1172
925	923	960	995	987	1023	1102	1194	1268	1352	1344	1281	1259	1212	1182	1247	1241	1260	1297	1310	1291	1210	1195	1212	1177	1150	1154	1135
931	941	970	983	1025	1145	1219	1260	1341	1362	1366	1321	1303	1325	1347	1356	1343	1341	1364	1386	1304	1229	1198	1168	1141	1152	1124	1098
937	942	972	985	1102	1226	1259	1339	1385	1396	1391	1348	1371	1407	1401	1415	1401	1374	1370	1326	1253	1193	1137	1144	1142	1130	1110	1115
929	945	976	979	1084	1219	1328	1377	1403	1415	1394	1394	1406	1414	1424	1415	1392	1384	1309	1246	1192	1132	1136	1140	1124	1135	1151	1169
929	951	985	974	1064	1280	1394	1409	1397	1405	1404	1418	1411	1410	1405	1383	1372	1325	1250	1192	1146	1136	1137	1113	1140	1190	1228	1237
946	1018	981	974	1201	1380	1399	1408	1398	1384	1412	1406	1403	1399	1379	1364	1337	1273	1202	1156	1133	1112	1101	1120	1194	1244	1273	1279
976	1078	1053	1099	1281	1364	1382	1400	1403	1391	1404	1392	1398	1388	1379	1358	1298	1218	1162	1122	1100	1097	1107	1145	1200	1252	1266	1280
991	1046	1187	1298	1331	1358	1385	1403	1403	1402	1397	1389	1393	1392	1378	1295	1208	1150	1112	1101	1095	1105	1126	1171	1208	1252	1268	1274
1104	1190	1340	1379	1366	1375	1385	1392	1399	1381	1374	1379	1393	1383	1284	1177	1126	1110	1105	1104	1102	1119	1140	1187	1232	1271	1292	1294
1296	1339	1375	1368	1374	1378	1382	1390	1386	1386	1376	1377	1353	1243	1144	1123	1109	1100	1107	1104	1110	1125	1157	1194	1244	1279	1296	1297
1368	1386	1378	1372	1378	1379	1383	1395	1383	1384	1375	1297	1173	1106	1109	1121	1116	1110	1106	1107	1117	1154	1192	1220	1263	1284	1297	1300
1391	1377	1356	1366	1373	1379	1379	1374	1352	1313	1236	1132	1091	1111	1116	1115	1112	1114	1107	1120	1163	1213	1228	1233	1254	1282	1298	1296
1400	1375	1349	1344	1364	1369	1369	1330	1224	1123	1087	1090	1115	1121	1118	1113	1109	1111	1117	1152	1190	1226	1245	1249	1273	1306	1305	1262
1391	1370	1352	1340	1363	1366	1357	1265	1121	1000	1043	1101	1118	1118	1109	1106	1109	1122	1142	1186	1225	1248	1256	1263	1297	1304	1257	1223
1383	1381	1360	1350	1364	1375	1336	1222	1098	976	1017	1097	1115	1118	1116	1117	1127	1145	1179	1218	1247	1258	1272	1274	1307	1339	1260	1258
1372	1368	1372	1353	1361	1360	1305	1177	1061	991	1022	1096	1112	1114	1109	1131	1198	1221	1238	1255	1263	1275	1274	1258	1282	1312	1302	1309
1358	1357	1388	1389	1374	1352	1282	1166	1040	988	1033	1081	1110	1108	1130	1179	1226	1258	1276	1275	1276	1280	1280	1275	1266	1285	1312	1326
1358	1345	1348	1363	1354	1354	1309	1214	1062	980	1009	1072	1094	1112	1182	1232	1268	1262	1249	1247	1271	1282	1279	1288	1302	1307	1317	1323
1348	1320	1305	1339	1353	1359	1346	1300	1123	981	987	1052	1091	1109	1191	1248	1264	1254	1243	1253	1269	1289	1321	1327	1308	1315	1326	1325
1347	1328	1313	1313	1302	1316	1355	1360	1226	998	955	1027	1079	1099	1161	1240	1282	1294	1281	1274	1288	1315	1324	1315	1306	1317	1328	1323
1367	1347	1341	1323	1275	1248	1298	1329	1276	1010	907	981	1071	1091	1140	1198	1247	1275	1271	1293	1307	1309	1293	1299	1315	1321	1322	1326
1387	1360	1351	1360	1355	1295	1234	1202	1181	1015	899	941	1047	1082	1136	1233	1254	1264	1289	1291	1297	1288	1281	1307	1319	1326	1319	1312
925	936	938	943	961	965	956	953	968	973	962	960	957	955	953	958	977	978	985	976	967	963	953	936	940	927	916	914
917	928	941	955	958	952	953	968	973	965	951	943	950	945	942	945	947	954	962	968	958	957	943	936	949	955	945	936
918	930	946	955	954	955	969	977	968	948	940	954	983	999	1003	988	953	947	938	944	936	944	936	929	945	963	956	945
926	939	955	953	956	975	984	970	948	961	987	1016	1060	1127	1148	1137	1089	1045	993	973	950	961	970	981	991	1004	1013	1039
940	951	952	955	974	971	953	958	978	1027	1101	1140	1172	1240	1248	1246	1195	1174	1125	1111	1067	1051	1076	1109	1112	1090	1081	1073
943	955	958	974	973	956	960	1004	1048	1106	1154	1201	1203	1193	1231	1298	1222	1175	1183	1188	1179	1140	1157	1184	1178	1135	1133	1109
957	957	974	979	965	987	1037	1096	1170	1229	1229	1181	1193	1212	1176	1276	1285	1188	1177	1214	1260	1237	1195	1208	1170	1131	1131	1123
969	965	968	963	1021	1100	1167	1203	1273	1285	1248	1249	1239	1250	1276	1252	1314	1324	1250	1284	1311	1320	1304	1247	1203	1168	1131	1115
990	967	951	974	1161	1269	1264	1308	1319	1281	1272	1294	1317	1346	1363	1335	1347	1347	1316	1267	1242	1276	1251	1199	1182	1159	1117	1105
979	951	949	1010	1234	1321	1320	1362	1352	1341	1372	1396	1402	1402	1383	1360	1309	1262	1238	1250	1268	1261	1226	1182	1142	1114	1097	1091
959	950	959	1015	1145	1287	1359	1376	1394	1423	1417	1412	1409	1408	1373	1288	1251	1292	1332	1333	1290	1230	1185	1155	1113	1102	1112	1109
951	954	962	999	1145	1326	1381	1399	1418	1424	1412	1413	1417	1397	1314	1295	1352	1374	1340	1268	1217	1176	1156	1121	1096	1107	1130	1134
966	1014	987	1017	1246	1337	1380	1396	1411	1412	1411	1411	1414	1392	1367	1379	1366	1332	1247	1190	1168	1144	1120	1103	1098	1118	1142	1159
994	1063	1049	1050	1214	1305	1364	1383	1390	1410	1409	1415	1406	1407	1383	1334	1267	1191	1144	1126	1118	1107	1094	1094	1113	1138	1163	1175
1076	1087	1161	1171	1219	1287	1330	1359	1370	1392	1415	1418	1407	1380	1299	1210	1129	1097	1097	1097	1093	1097	1099	1097	1122	1157	1184	1172
1137	1112	1205	1251	1262	1269	1283	1331	1334	1371	1417	1400	1336	1221	1120	1086	1081	1095	1091	1099	1098	1097	1106	1112	1149	1172	1177	1163
1178	1216	1230	1277	1275	1264	1221	1257	1272	1286	1323	1247	1133	1082	1080	1090	1093	1096	1096	1101	1097	1102	1106	1132	1171	1190	1186	1180
1258	1296	1274	1286	1279	1252	1172	1108	1108	1102	1082	1041	1066	1087	1087	1091	1090	1097	1096	1099	1094	1105	1116	1143	1169	1182	1166	1185
1296	1308	1309	1297	1275	1229	1135	1017	953	954	969	1014	1072	1090	1093	1092	1098	1094	1092	1092	1094	1102	1131	1176	1202	1190	1170	1131
1330	1339	1345	1301	1266	1198	1090	985	930	922	970	1023	1067	1088	1096	1100	1098	1096	1094	1095	1108	1135	1163	1194	1192	1157	1108	1103
1352	1349	1341	1311	1266	1175	1051	964	938	937	983	1020	1068	1092	1095	1102	1098	1096	1095	1107	1139	1165	1189	1216	1203	1159	1159	1165
1339	1347	1355	1332	1277	1151	1017	955	968	973	980	1026	1073	1097	1099	1094	1097	1110	1120	1147	1179	1180	1209	1231	1234	1202	1212	1196
1352	1369	1362	1334	1271	1152	1024	961	947	956	975	1025	1074	1095	1097	1110	1122	1141	1170	1186	1174	1177	1222	1250	1247	1210	1198	1213
1378	1385	1374	1359	1321	1271	1120	992	948	954	968	1026	1080	1098	1105	1128	1172	1188	1180	1161	1156	1211	1248	1254	1242	1262	1248	1219
1383	1392	1380	1370	1374	1356	1234	1101	991	967	990	1027	1068	1096	1139	1180	1191	1210	1188	1183	1214	1237	1232	1249	1278	1272	1234	1199
1378	1388	1385	1375	1373	1368	1299	1177	1082	1044	1003	1017	1061	1092	1147	1197	1222	1222	1244	1244	1227	1200	1211	1243	1234	1222	1255	1240
1388	1384	1392	1379	1361	1369	1336	1220	1060	1004	1007	998	1052	1095	1139	1187	1205	1211	1219	1223	1211	1214	1210	1187	1161	1173	1216	1217
1413	1394	1391	1397	1358	1330	1316	1229	1075	999	1005	999	1034	1083	1103	1134	1161	1172	1202	1209	1228	1184	1141	1142	1142	1172	1223	1216
1005	1001	997	994	978	947	928	920	918	920	914	914	922	922	924	924	925	922	928	933	943	969	1004	1013	1025	1009	970	946
1006	997	991	984	959	934	923	918	918	918	916	916	925	927	930	931	926	927	932	946	951	965	993	1005	1012	1010	987	963
1007	1001	989	972	944	924	919	914	919	921	918	919	921	927	931	928	923	934	931	946	952	968	970	982	984	991	980	964
1003	994	976	953	936	924	921	916	923	926	924	918	923	936	939	940	939	934	939	944	951	958	958	961	954	954	954	941
1006	989	958	938	929	925	922	923	925	920	923	924	940	962	975	986	980	968	952	945	955	955	959	968	962	960	958	947
995	980	953	941	940	935	929	932	933	933	942	962	979	999	1019	1045	1040	1010	996	1001	1009	1001	1004	1001	1005	997	987	966
985	966	954	950	944	945	942	947	956	965	980	992	1010	1029	1028	1055	1086	1051	1030	1050	1062	1072	1071	1065	1060	1037	1021	1010
991	969	961	966	967	964	971	979	1000	1025	1043	1048	1047	1068	1077	1064	1093	1095	1064	1079	1105	1136	1160	1135	1120	1097	1065	1027
985	973	968	973	984	1003	1003	1013	1044	1083	1077	1076	1082	1081	1105	1116	1102	1099	1099	1113	1137	1151	1181	1185	1169	1139	1105	1053
1001	984	981	985	1016	1047	1040	1051	1078	1100	1115	1114	1118	1131	1146	1176	1144	1121	1131	1150	1164	1191	1216	1230	1201	1154	1125	1085
1005	987	983	992	1031	1065	1064	1087	1106	1135	1163	1157	1156	1154	1176	1226	1215	1182	1178	1194	1213	1213	1199	1203	1188	1180	1129	1077
1007	986	983	997	1014	1053	1086	1117	1161	1188	1188	1185	1194	1206	1202	1226	1232	1203	1195	1205	1208	1193	1169	1116	1078	1087	1070	1046
1007	992	989	992	1010	1068	1108	1127	1174	1193	1202	1217	1223	1216	1200	1218	1233	1237	1240	1235	1227	1200	1140	1069	1055	1052	1040	1032
1028	1046	1035	997	998	1052	1097	1119	1138	1169	1220	1241	1223	1189	1160	1139	1144	1172	1178	1170	1152	1112	1072	1056	1055	1046	1043	1032
1090	1113	1133	1098	1044	1034	1070	1098	1113	1157	1210	1189	1150	1113	1098	1085	1058	1058	1063	1067	1067	1060	1062	1059	1054	1046	1049	1046
1037	1016	1062	1108	1125	1069	1032	1043	1063	1106	1164	1117	1062	1040	1043	1027	1031	1045	1054	1065	1071	1065	1056	1054	1038	1047	1055	1062
989	977	989	1038	1088	1116	1020	978	994	1021	1047	1028	1004	1008	1026	1035	1059	1063	1059	1054	1058	1054	1041	1054	1045	1054	1060	1060
994	1000	991	1008	1061	1106	1039	940	941	942	947	968	977	1020	1044	1053	1048	1044	1045	1053	1061	1063	1060	1058	1062	1060	1060	1072
1004	1015	1002	983	1066	1117	1039	944	947	968	993	985	1017	1067	1059	1051	1052	1061	1068	1072	1063	1054	1059	1056	1062	1064	1065	1071
1035	1044	1038	996	996	1058	1074	1016	1003	1004	990	975	1027	1054	1029	1026	1043	1052	1058	1059	1057	1055	1062	1062	1060	1063	1075	1079
1064	1056	1038	1010	968	956	1012	1034	978	938	973	1013	1035	1025	1012	1035	1052	1058	1062	1063	1065	1064	1068	1068	1072	1074	1080	1078
1060	1057	1054	1024	976	942	971	1001	960	938	1008	1031	994	980	1009	1041	1046	1055	1054	1055	1065	1068	1070	1073	1082	1078	1072	1069
1079	1077	1055	1020	971	943	977	976	924	959	1020	1007	968	1013	1033	1042	1046	1046	1057	1066	1071	1079	1075	1075	1080	1081	1077	1075
1120	1125	1096	1061	1003	967	970	981	925	975	1019	996	1003	1000	1020	1044	1043	1049	1063	1072	1071	1078	1077	1079	1079	1091	1094	1079
1164	1192	1167	1116	1074	1012	945	982	952	981	1018	994	961	976	1014	1037	1042	1061	1070	1070	1071	1076	1069	1076	1082	1085	1072	1059
1156	1193	1176	1131	1100	1054	951	936	963	990	1012	969	950	973	1008	1027	1043	1053	1069	1073	1076	1072	1072	1072	1072	1073	1074	1053
1144	1186	1179	1134	1083	1074	990	927	936	965	989	943	935	967	998	1023	1039	1051	1065	1069	1073	1068	1069	1066	1065	1054	1055	1027
1145	1190	1192	1149	1056	1043	1025	944	933	951	967	934	924	947	981	1006	1030	1052	1057	1059	1066	1060	1060	1058	1053	1044	1024	990
961	959	942	940	927	919	920	916	915	916	916	909	905	904	903	899	900	902	907	902	906	910	915	925	934	953	971	997
983	971	962	956	947	941	944	933	925	921	913	914	905	906	904	901	900	891	892	904	903	904	918	928	940	960	969	985
998	986	982	975	970	965	964	951	944	936	932	929	918	915	903	906	902	897	903	899	898	901	914	929	945	954	974	993
1012	1005	999	996	990	990	988	973	968	954	951	942	937	928	920	912	908	910	901	894	893	899	907	924	938	953	976	987
1021	1018	1013	1011	1012	1007	998	989	981	975	964	953	948	939	937	930	919	911	905	906	901	907	912	924	936	953	974	983
1028	1033	1030	1035	1034	1020	1011	1009	998	986	976	968	962	960	959	947	934	928	925	918	911	911	906	920	934	953	972	985
1044	1042	1040	1042	1039	1035	1032	1019	1010	998	988	976	973	966	964	954	943	946	940	936	929	926	920	929	944	956	974	980
1045	1053	1046	1053	1044	1036	1032	1024	1019	1012	1002	988	986	972	973	973	963	964	951	947	945	938	936	943	957	962	979	980
1047	1055	1051	1056	1050	1044	1036	1030	1024	1020	1007	1002	1002	995	997	989	987	976	962	961	963	953	954	961	974	971	982	978
1058	1058	1061	1057	1047	1043	1036	1032	1030	1021	1021	1014	1004	1008	999	996	995	989	988	976	979	970	964	974	988	982	983	991
1060	1059	1053	1051	1052	1042	1038	1034	1030	1028	1023	1019	1024	1018	1012	1012	1006	1001	998	988	983	978	973	984	992	989	989	989
1063	1053	1055	1051	1054	1039	1045	1040	1043	1037	1025	1029	1025	1017	1021	1016	1011	1011	1005	1000	993	989	983	985	989	979	974	976
1059	1052	1058	1059	1057	1048	1044	1045	1043	1033	1041	1035	1031	1028	1025	1023	1020	1012	1003	1000	995	993	983	976	973	962	961	966
1052	1052	1060	1059	1055	1051	1046	1045	1039	1037	1037	1027	1029	1027	1017	1020	1013	1007	1010	1010	994	986	983	973	975	982	976	984
1051	1045	1053	1055	1064	1051	1051	1047	1051	1044	1034	1027	1024	1011	1011	1013	1009	1008	1003	999	993	989	996	993	996	992	983	988
1054	1050	1056	1059	1066	1065	1056	1054	1052	1039	1033	1030	1026	1014	1026	1008	1005	1009	1012	1019	1027	1021	1005	986	965	980	987	991
1057	1056	1059	1054	1068	1067	1056	1054	1043	1041	1036	1024	1020	1024	1023	1015	1028	1039	1033	1018	1016	1005	1001	999	1005	990	967	957
1052	1046	1054	1054	1055	1060	1060	1054	1045	1034	1033	1024	1029	1035	1036	1036	1038	1023	1007	1014	1032	1034	1018	997	1012	982	969	966
1052	1051	1050	1050	1048	1064	1061	1053	1049	1051	1057	1058	1068	1065	1060	1053	1045	1046	1053	1052	1040	1014	992	989	993	993	982	982
1048	1041	1045	1048	1051	1061	1070	1066	1062	1056	1043	1046	1048	1032	1024	1018	1035	1034	1035	1032	1010	1003	1006	1007	1000	1010	1002	991
1043	1044	1048	1050	1049	1055	1061	1059	1042	1030	1028	1027	1033	1017	1008	1012	1018	1024	1020	1013	1019	1018	1024	1017	1020	1024	1003	995
1042	1042	1050	1048	1051	1049	1053	1050	1032	1026	1025	1035	1023	1000	997	1007	1010	1013	1010	1019	1028	1026	1028	1023	1029	1021	1008	1002
1038	1036	1046	1046	1054	1047	1039	1036	1026	1020	1030	1020	1009	1011	1003	1006	1004	1009	1012	1032	1036	1040	1040	1032	1037	1022	1010	1009
1034	1032	1039	1048	1042	1035	1038	1028	1024	1019	1014	1003	1009	999	995	1010	1007	1016	1027	1035	1038	1032	1032	1033	1034	1025	1014	1014
1032	1034	1035	1033	1039	1032	1030	1017	1006	1005	997	998	992	981	985	998	1000	1019	1024	1028	1029	1033	1024	1033	1034	1032	1019	955
1037	1034	1030	1030	1027	1022	1022	1005	999	991	986	983	978	971	975	987	1000	1003	1012	1024	1024	1026	1022	1026	1032	1015	966	842
1035	1036	1023	1021	1029	1015	1004	993	984	972	968	976	975	965	972	986	983	992	1003	1000	1009	1010	1006	1007	988	911	843	686
1042	1032	1018	1021	1030	1015	999	986	977	971	960	959	962	955	962	968	973	980	977	980	993	974	943	913	866	785	663	526
1041	1046	1047	1045	1035	1023	1020	1010	1000	992	979	976	972	961	951	939	940	926	920	915	907	898	899	899	897	901	899	907
1053	1064	1052	1054	1056	1049	1045	1041	1036	1025	1015	1011	1005	998	999	982	968	955	947	938	922	913	907	903	899	897	902	905
1053	1065	1063	1058	1053	1054	1051	1046	1042	1041	1041	1035	1037	1024	1009	1005	1004	991	985	972	957	938	929	914	905	902	905	906
1056	1058	1055	1059	1056	1058	1060	1060	1053	1048	1048	1048	1045	1039	1037	1034	1023	1014	1006	998	984	968	951	930	917	907	901	902
1051	1058	1059	1054	1061	1057	1056	1059	1056	1052	1052	1049	1055	1051	1057	1052	1040	1035	1026	1011	998	989	972	952	935	924	920	908
1056	1056	1054	1058	1061	1053	1055	1057	1057	1054	1056	1058	1050	1047	1052	1045	1046	1040	1037	1031	1019	1008	995	978	960	945	938	936
1061	1062	1058	1057	1054	1054	1060	1057	1062	1056	1055	1055	1060	1054	1054	1050	1042	1042	1045	1038	1029	1020	1009	989	974	963	953	948
1058	1059	1056	1060	1061	1048	1054	1056	1058	1060	1063	1051	1054	1056	1050	1051	1044	1049	1046	1036	1025	1028	1014	1004	991	976	971	966
1057	1060	1055	1056	1060	1060	1062	1059	1063	1056	1054	1059	1062	1052	1054	1049	1052	1048	1046	1043	1038	1031	1019	1006	993	983	974	968
1060	1060	1057	1056	1063	1063	1060	1058	1061	1053	1056	1059	1057	1059	1054	1056	1054	1054	1048	1030	1033	1026	1023	1010	1007	989	979	980
1052	1055	1062	1057	1060	1057	1058	1056	1055	1053	1053	1061	1060	1049	1056	1053	1046	1047	1045	1040	1035	1033	1018	1016	1011	1003	991	982
1056	1057	1061	1058	1063	1053	1057	1064	1054	1052	1050	1057	1063	1058	1055	1051	1046	1048	1046	1045	1041	1031	1025	1025	1015	1000	989	992
1054	1056	1065	1056	1058	1062	1056	1051	1056	1050	1058	1056	1055	1054	1050	1048	1048	1053	1044	1045	1037	1030	1030	1028	1017	1008	1001	998
1059	1060	1055	1055	1059	1061	1054	1055	1057	1055	1050	1051	1055	1049	1051	1055	1052	1049	1037	1039	1037	1032	1036	1027	1027	1019	1003	999
1055	1057	1065	1067	1066	1056	1058	1059	1061	1052	1052	1054	1053	1050	1056	1047	1043	1046	1048	1042	1040	1037	1032	1036	1029	1018	1011	1001
1058	1053	1057	1063	1061	1058	1055	1058	1055	1055	1054	1054	1054	1047	1044	1052	1052	1046	1040	1048	1042	1036	1037	1032	1031	1021	1014	1003
1061	1055	1055	1053	1055	1055	1055	1064	1054	1051	1052	1054	1062	1048	1047	1044	1045	1040	1043	1046	1039	1044	1039	1036	1031	1032	1023	1014
1061	1060	1061	1056	1061	1058	1052	1054	1052	1055	1052	1053	1056	1048	1049	1048	1047	1045	1046	1045	1038	1039	1039	1037	1038	1030	1022	1016
1062	1067	1072	1063	1062	1057	1050	1058	1057	1057	1048	1048	1049	1043	1043	1041	1044	1038	1039	1037	1043	1039	1044	1039	1033	1038	1029	1024
1066	1078	1071	1057	1056	1062	1057	1057	1054	1057	1053	1057	1051	1046	1046	1046	1054	1047	1046	1043	1039	1040	1040	1036	1039	1038	1032	1026
1087	1106	1067	1056	1062	1064	1056	1053	1055	1060	1051	1050	1055	1053	1056	1052	1044	1046	1045	1038	1046	1042	1041	1039	1035	1036	1032	1025
1114	1120	1069	1062	1061	1054	1056	1063	1056	1056	1054	1060	1052	1051	1053	1046	1042	1044	1048	1044	1038	1042	1042	1040	1033	1033	1033	1032
1147	1133	1062	1066	1064	1064	1066	1057	1057	1063	1063	1056	1055	1054	1053	1050	1044	1046	1040	1042	1049	1041	1040	1034	1038	1040	1040	1036
1181	1154	1068	1069	1063	1064	1061	1061	1061	1069	1057	1051	1052	1052	1050	1046	1045	1046	1044	1040	1040	1040	1041	1041	1042	1036	1037	1042
1213	1158	1070	1069	1079	1077	1070	1062	1075	1074	1056	1062	1063	1055	1051	1048	1046	1043	1042	1042	1039	1042	1044	1045	1047	1041	1038	1037
1241	1148	1063	1061	1064	1067	1071	1075	1083	1061	1057	1054	1053	1051	1051	1049	1049	1044	1046	1046	1045	1047	1041	1043	1045	1040	1036	1025
1264	1145	1059	1062	1065	1070	1079	1093	1079	1070	1059	1050	1056	1051	1050	1049	1051	1044	1045	1049	1047	1047	1048	1047	1041	1037	1024	1007
1273	1167	1069	1069	1075	1099	1142	1100	1066	1060	1050	1051	1051	1046	1047	1044	1051	1049	1044	1042	1047	1050	1043	1036	1039	1020	997	973
1063	1056	1052	1063	1059	1059	1061	1060	1062	1058	1060	1053	1061	1060	1057	1051	1044	1035	1036	1028	1014	996	980	958	943	927	910	913
1058	1061	1057	1057	1055	1063	1059	1060	1065	1061	1062	1061	1067	1064	1057	1053	1059	1053	1056	1053	1043	1033	1024	1007	976	952	937	928
1056	1058	1057	1057	1058	1060	1058	1057	1052	1058	1056	1057	1057	1060	1059	1064	1060	1062	1058	1061	1060	1054	1050	1031	1021	1008	977	948
1059	1061	1055	1057	1054	1058	1056	1063	1060	1051	1054	1056	1059	1052	1055	1058	1058	1059	1059	1059	1057	1057	1057	1051	1042	1030	1010	989
1054	1061	1058	1061	1057	1055	1061	1052	1055	1055	1055	1056	1052	1052	1059	1049	1054	1056	1057	1052	1057	1059	1059	1057	1055	1047	1035	1016
1050	1064	1051	1054	1061	1057	1052	1055	1055	1056	1058	1052	1051	1055	1055	1057	1052	1060	1062	1055	1054	1060	1056	1057	1063	1054	1051	1044
1059	1058	1060	1058	1060	1055	1056	1050	1055	1052	1057	1059	1064	1055	1056	1053	1053	1058	1051	1057	1058	1054	1053	1062	1053	1055	1050	1042
1055	1055	1063	1065	1058	1055	1054	1055	1055	1054	1056	1057	1057	1051	1049	1053	1055	1055	1059	1056	1049	1052	1053	1052	1059	1057	1053	1054
1059	1062	1061	1054	1059	1063	1053	1058	1055	1054	1060	1062	1057	1056	1052	1054	1056	1058	1053	1055	1057	1061	1055	1056	1053	1053	1051	1048
1064	1064	1061	1056	1063	1061	1057	1057	1060	1055	1056	1056	1055	1057	1053	1060	1067	1056	1052	1049	1053	1056	1052	1054	1048	1056	1053	1048
1055	1060	1065	1060	1060	1061	1057	1051	1059	1058	1051	1056	1061	1054	1061	1056	1055	1053	1046	1055	1057	1055	1053	1058	1061	1053	1057	1049
1064	1064	1063	1060	1059	1050	1053	1058	1054	1054	1062	1066	1060	1064	1067	1059	1058	1060	1061	1061	1058	1056	1061	1057	1059	1061	1058	1057
1060	1060	1065	1062	1060	1054	1054	1056	1054	1051	1051	1058	1062	1065	1048	1055	1058	1053	1059	1062	1054	1055	1057	1048	1053	1061	1054	1052
1060	1059	1058	1053	1053	1056	1055	1056	1058	1062	1055	1054	1063	1056	1056	1061	1057	1054	1056	1056	1054	1052	1051	1047	1055	1057	1054	1042
1047	1063	1062	1057	1051	1057	1053	1053	1057	1046	1052	1060	1066	1053	1061	1051	1050	1058	1053	1055	1052	1060	1059	1063	1056	1054	1047	1039
1056	1072	1081	1068	1056	1054	1056	1054	1055	1059	1061	1060	1055	1053	1043	1056	1058	1053	1055	1056	1055	1057	1053	1059	1058	1052	1051	1038
1072	1090	1104	1077	1056	1056	1057	1055	1059	1055	1052	1058	1062	1051	1052	1054	1053	1052	1048	1049	1056	1056	1047	1052	1045	1052	1054	1042
1075	1131	1137	1075	1055	1055	1052	1059	1057	1054	1050	1053	1051	1051	1060	1060	1048	1048	1052	1050	1051	1051	1053	1049	1047	1048	1049	1036
1106	1159	1161	1077	1059	1059	1057	1060	1053	1053	1058	1054	1056	1056	1057	1049	1053	1058	1049	1053	1048	1047	1057	1051	1043	1045	1039	1038
1149	1202	1141	1059	1058	1056	1055	1057	1053	1061	1058	1058	1060	1054	1051	1050	1057	1048	1051	1055	1055	1054	1049	1045	1038	1028	1034	1032
1187	1211	1109	1055	1063	1060	1056	1055	1061	1058	1060	1059	1060	1051	1055	1051	1052	1054	1053	1052	1048	1053	1042	1043	1037	1026	1029	1025
1192	1176	1076	1058	1056	1054	1058	1052	1054	1054	1062	1056	1051	1047	1058	1049	1055	1050	1054	1059	1056	1039	1041	1047	1045	1033	1016	1014
1187	1143	1065	1060	1061	1058	1058	1053	1056	1060	1068	1057	1056	1058	1060	1052	1053	1053	1055	1056	1052	1040	1031	1043	1043	1039	1025	1021
1179	1121	1058	1058	1065	1058	1055	1055	1057	1068	1068	1057	1056	1059	1054	1054	1054	1058	1054	1051	1048	1040	1034	1040	1038	1032	1023	1013
1163	1108	1062	1061	1062	1055	1064	1059	1072	1069	1057	1054	1060	1052	1055	1061	1049	1049	1040	1051	1052	1036	1029	1040	1041	1028	1031	1030
1146	1094	1058	1060	1062	1060	1052	1059	1075	1060	1058	1050	1052	1049	1050	1057	1054	1052	1049	1049	1041	1028	1030	1042	1037	1032	1037	1031
1128	1079	1052	1053	1053	1051	1055	1076	1085	1073	1076	1069	1057	1052	1056	1047	1056	1056	1053	1053	1047	1033	1029	1034	1040	1044	1036	1038
1119	1067	1054	1060	1059	1065	1094	1079	1059	1046	1055	1053	1066	1054	1049	1037	1047	1049	1047	1055	1048	1031	1025	1036	1045	1049	1042	1043
1057	1056	1059	1056	1061	1061	1062	1070	1063	1060	1057	1061	1062	1067	1056	1065	1058	1056	1055	1059	1067	1064	1060	1058	1045	1027	995	957
1056	1056	1062	1059	1054	1057	1058	1058	1059	1059	1062	1063	1063	1061	1051	1059	1064	1052	1063	1066	1058	1061	1057	1060	1059	1055	1046	1028
1060	1058	1058	1053	1059	1059	1063	1053	1054	1064	1059	1057	1060	1061	1068	1062	1057	1058	1062	1064	1056	1057	1067	1059	1063	1055	1055	1055
1065	1064	1063	1064	1071	1063	1063	1067	1064	1063	1067	1062	1062	1060	1064	1054	1054	1063	1062	1063	1061	1054	1066	1069	1059	1065	1065	1060
1069	1061	1052	1058	1063	1056	1061	1062	1071	1062	1059	1065	1067	1065	1064	1063	1062	1062	1062	1067	1059	1060	1057	1057	1061	1063	1063	1059
1061	1064	1065	1058	1059	1063	1056	1057	1059	1065	1064	1059	1062	1062	1062	1062	1065	1071	1065	1061	1054	1059	1064	1067	1064	1067	1062	1058
1059	1060	1065	1069	1065	1056	1055	1056	1052	1059	1061	1060	1060	1068	1059	1063	1065	1065	1062	1056	1057	1064	1063	1068	1066	1063	1054	1060
1060	1061	1058	1062	1064	1060	1058	1059	1064	1057	1059	1067	1061	1055	1057	1064	1059	1060	1063	1061	1053	1056	1063	1057	1057	1060	1061	1063
1068	1065	1060	1059	1058	1060	1056	1059	1066	1060	1063	1065	1063	1068	1058	1064	1059	1057	1055	1059	1060	1066	1061	1058	1057	1056	1060	1058
1062	1064	1062	1065	1055	1061	1062	1059	1064	1062	1059	1059	1060	1066	1069	1063	1063	1059	1065	1062	1065	1068	1061	1066	1065	1068	1063	1064
1062	1067	1057	1068	1066	1066	1058	1061	1061	1059	1060	1065	1068	1061	1066	1064	1065	1066	1067	1059	1052	1059	1055	1061	1070	1061	1069	1060
1073	1060	1062	1057	1049	1051	1059	1063	1054	1054	1059	1067	1067	1071	1065	1062	1062	1062	1065	1062	1062	1061	1059	1060	1058	1057	1055	1041
1063	1058	1059	1060	1065	1061	1056	1057	1062	1066	1067	1072	1068	1075	1061	1058	1058	1068	1068	1057	1058	1054	1058	1056	1060	1050	1028	1023
1063	1080	1069	1052	1054	1048	1057	1061	1066	1068	1076	1078	1072	1066	1074	1073	1067	1067	1063	1064	1065	1061	1070	1066	1051	1038	1025	1019
1072	1104	1102	1066	1062	1063	1062	1064	1069	1067	1078	1068	1061	1055	1063	1073	1061	1059	1056	1058	1063	1063	1065	1051	1035	1039	1022	1022
1079	1132	1134	1106	1082	1072	1065	1067	1074	1085	1069	1063	1060	1060	1048	1060	1067	1063	1062	1066	1059	1048	1057	1048	1030	1030	1009	1018
1083	1133	1144	1120	1088	1081	1075	1080	1071	1063	1066	1059	1056	1062	1064	1063	1066	1055	1059	1058	1049	1043	1056	1052	1027	1017	1016	1017
1085	1121	1135	1098	1073	1069	1071	1080	1062	1062	1058	1059	1057	1060	1061	1054	1056	1064	1064	1061	1048	1044	1048	1046	1014	1000	1020	1010
1083	1097	1093	1067	1078	1072	1072	1069	1071	1061	1055	1063	1065	1055	1063	1064	1061	1057	1051	1057	1044	1038	1049	1045	1015	1005	1007	1001
1083	1091	1073	1071	1058	1062	1072	1070	1060	1065	1068	1070	1062	1060	1064	1065	1052	1058	1064	1061	1031	1031	1040	1015	1012	1001	1009	999
1074	1079	1060	1058	1067	1064	1073	1066	1061	1062	1064	1060	1064	1069	1060	1058	1060	1064	1067	1054	1024	1035	1049	1021	1005	999	1009	1003
1066	1068	1064	1066	1061	1062	1070	1071	1080	1069	1065	1072	1063	1060	1064	1064	1065	1061	1062	1046	1008	1003	1030	1033	1016	1010	1024	1008
1055	1064	1060	1066	1064	1070	1068	1062	1072	1085	1076	1072	1066	1063	1064	1062	1059	1063	1064	1042	1004	1004	1024	1039	1027	1005	1012	1002
1057	1050	1059	1054	1054	1062	1067	1070	1070	1068	1068	1068	1074	1078	1073	1063	1066	1065	1062	1038	989	1000	1028	1035	1033	1015	1007	996
1050	1048	1057	1061	1069	1065	1061	1055	1057	1072	1073	1067	1065	1069	1072	1076	1065	1060	1063	1033	985	991	1029	1030	1021	1012	1014	1016
1058	1056	1054	1059	1064	1063	1063	1063	1063	1061	1061	1063	1058	1062	1071	1067	1056	1064	1059	1023	974	985	1032	1036	1027	1017	1024	1008
1036	1054	1059	1059	1060	1058	1060	1050	1055	1056	1054	1061	1062	1054	1057	1056	1064	1067	1054	1017	970	980	1026	1030	1031	1027	1029	1015
1057	1056	1054	1058	1066	1065	1069	1061	1062	1061	1058	1056	1059	1055	1052	1049	1069	1061	1046	1012	971	978	1030	1037	1032	1029	1026	1018
1052	1062	1055	1055	1064	1065	1051	1062	1052	1061	1062	1061	1058	1059	1054	1058	1060	1053	1051	1050	1056	1056	1054	1057	1058	1060	1059	1038
1044	1054	1055	1056	1052	1049	1055	1059	1051	1055	1064	1057	1059	1055	1054	1059	1061	1049	1050	1063	1056	1049	1058	1059	1058	1051	1062	1062
1056	1056	1060	1057	1058	1055	1060	1053	1061	1060	1055	1053	1057	1058	1060	1060	1051	1064	1059	1054	1053	1058	1058	1061	1051	1053	1047	1056
1055	1057	1065	1066	1066	1055	1064	1060	1055	1060	1055	1060	1065	1052	1056	1060	1054	1066	1058	1047	1064	1063	1066	1063	1053	1063	1060	1054
1060	1058	1055	1063	1062	1054	1058	1062	1063	1063	1059	1065	1070	1057	1059	1053	1058	1053	1052	1066	1055	1056	1060	1055	1060	1055	1060	1044
1045	1064	1066	1053	1060	1064	1058	1060	1056	1056	1056	1063	1062	1067	1055	1055	1060	1054	1058	1062	1051	1052	1056	1059	1064	1052	1059	1056
1054	1060	1065	1054	1063	1063	1046	1058	1055	1062	1057	1058	1057	1066	1064	1064	1055	1058	1061	1055	1060	1055	1061	1056	1059	1061	1063	1063
1059	1054	1059	1052	1062	1059	1062	1063	1068	1055	1065	1053	1067	1072	1058	1055	1059	1058	1054	1069	1052	1056	1062	1059	1058	1062	1060	1061
1064	1053	1065	1053	1060	1056	1066	1054	1070	1060	1063	1064	1063	1063	1050	1058	1056	1057	1054	1056	1049	1059	1067	1060	1060	1060	1062	1055
1057	1059	1063	1064	1058	1057	1066	1063	1059	1061	1054	1068	1065	1061	1067	1061	1059	1066	1064	1058	1056	1060	1058	1061	1062	1059	1067	1051
1057	1066	1060	1066	1059	1058	1055	1063	1053	1059	1054	1072	1077	1068	1064	1063	1073	1071	1057	1066	1060	1052	1054	1056	1059	1046	1044	1034
1070	1060	1060	1061	1054	1060	1056	1066	1058	1059	1062	1073	1078	1070	1071	1062	1058	1062	1058	1053	1062	1059	1059	1049	1052	1034	1022	1030
1060	1059	1061	1049	1060	1060	1057	1065	1062	1057	1070	1079	1065	1070	1065	1062	1064	1065	1056	1055	1070	1050	1043	1036	1030	999	1007	1013
1061	1065	1063	1056	1056	1060	1056	1062	1068	1066	1079	1075	1065	1066	1065	1058	1062	1061	1060	1058	1061	1044	1041	1023	1015	1011	1010	1011
1071	1070	1069	1070	1072	1061	1059	1063	1070	1087	1085	1064	1065	1057	1058	1068	1058	1055	1065	1062	1035	1035	1051	1017	999	1010	993	997
1064	1075	1067	1074	1074	1066	1062	1069	1076	1088	1070	1057	1060	1059	1059	1061	1056	1063	1060	1048	1024	1024	1045	1006	983	1003	982	980
1060	1068	1062	1056	1076	1068	1065	1079	1086	1067	1070	1066	1049	1057	1065	1058	1061	1067	1061	1027	1010	1033	1037	1016	992	987	992	1001
1067	1062	1065	1054	1057	1080	1072	1075	1076	1062	1058	1059	1063	1061	1060	1052	1059	1070	1050	1018	1006	1038	1030	1014	993	986	995	1001
1058	1054	1052	1063	1063	1071	1088	1078	1061	1063	1056	1057	1064	1064	1062	1062	1066	1057	1028	1010	1000	1049	1027	1017	1006	988	1007	1010
1058	1056	1058	1068	1091	1088	1089	1070	1054	1064	1067	1061	1053	1051	1063	1065	1061	1046	1025	998	1009	1041	1022	1012	1003	1009	1009	974
1062	1078	1083	1086	1094	1082	1068	1067	1064	1060	1066	1061	1058	1059	1060	1054	1062	1042	1024	991	1006	1043	1031	1007	1020	1022	1005	962
1080	1082	1079	1069	1060	1071	1058	1064	1068	1064	1053	1062	1061	1060	1059	1063	1072	1053	1010	955	995	1041	1023	1018	1007	1013	1024	1002
1066	1065	1061	1066	1068	1080	1068	1059	1061	1062	1071	1060	1054	1065	1065	1063	1060	1032	998	956	993	1037	1029	1017	1010	982	1015	1024
1058	1062	1070	1064	1064	1067	1059	1073	1068	1064	1064	1066	1060	1062	1063	1062	1065	1034	997	960	976	1031	1026	1029	1030	987	1004	1026
1064	1059	1068	1071	1061	1066	1064	1052	1061	1062	1069	1060	1056	1061	1065	1067	1064	1030	979	938	971	1045	1049	1036	1038	1016	1020	1023
1063	1065	1058	1064	1056	1058	1061	1057	1057	1064	1066	1060	1052	1060	1071	1073	1056	1019	967	932	971	1040	1039	1028	1044	1030	1031	1017
1062	1064	1062	1048	1056	1056	1053	1059	1056	1054	1051	1058	1064	1060	1062	1066	1043	1012	972	921	956	1037	1052	1028	1046	1040	1033	1025
1068	1064	1059	1064	1063	1059	1071	1057	1066	1055	1052	1062	1052	1052	1054	1063	1048	1002	951	919	974	1045	1050	1044	1045	1038	1044	1038
1055	1058	1061	1059	1068	1063	1054	1061	1052	1057	1060	1059	1058	1064	1071	1065	1059	1052	1059	1053	1045	1051	1062	1055	1056	1058	1061	1055
1058	1057	1057	1056	1058	1055	1058	1058	1063	1054	1061	1056	1063	1062	1060	1057	1060	1050	1054	1059	1056	1058	1060	1060	1057	1059	1061	1061
1056	1055	1056	1060	1062	1059	1063	1062	1067	1059	1053	1058	1054	1059	1058	1065	1054	1058	1055	1052	1058	1061	1058	1058	1053	1053	1056	1056
1054	1054	1046	1059	1052	1058	1062	1059	1052	1055	1066	1062	1058	1060	1069	1067	1064	1058	1057	1051	1061	1061	1058	1062	1054	1060	1061	1056
1057	1057	1059	1058	1056	1054	1058	1057	1055	1053	1058	1055	1056	1059	1072	1067	1057	1058	1055	1058	1051	1063	1061	1064	1061	1053	1053	1053
1064	1064	1072	1057	1066	1064	1061	1062	1060	1056	1064	1063	1059	1074	1058	1064	1053	1056	1056	1060	1053	1053	1059	1057	1059	1053	1053	1058
1059	1064	1063	1052	1062	1063	1054	1059	1058	1060	1056	1059	1065	1066	1059	1057	1054	1061	1059	1060	1061	1054	1059	1057	1054	1052	1064	1062
1056	1062	1070	1052	1062	1061	1056	1056	1057	1053	1062	1055	1063	1060	1056	1053	1056	1054	1060	1061	1058	1055	1060	1053	1052	1064	1049	1045
1057	1058	1059	1056	1052	1063	1059	1061	1067	1062	1054	1054	1059	1058	1063	1059	1063	1061	1063	1059	1049	1058	1059	1051	1052	1037	1032	1047
1058	1054	1065	1066	1064	1064	1071	1063	1058	1063	1061	1058	1061	1054	1060	1067	1056	1058	1051	1048	1057	1041	1052	1043	1041	963	897	1020
1061	1062	1063	1068	1074	1064	1055	1060	1061	1062	1073	1063	1064	1060	1060	1063	1063	1055	1050	1065	1048	1037	1045	1023	1008	970	918	1001
1057	1064	1062	1058	1069	1069	1063	1059	1064	1064	1055	1059	1068	1068	1064	1060	1059	1060	1069	1057	1024	1029	1026	999	999	999	990	1003
1061	1059	1063	1066	1059	1066	1059	1069	1066	1062	1063	1057	1058	1062	1063	1069	1070	1065	1058	1025	999	1019	1005	982	1002	988	1001	1001
1071	1066	1065	1066	1059	1067	1074	1070	1067	1063	1068	1060	1059	1050	1053	1063	1069	1067	1041	992	991	1023	1016	987	981	993	999	996
1064	1068	1066	1073	1071	1073	1070	1062	1069	1071	1068	1072	1065	1064	1057	1061	1069	1056	1019	966	992	1029	1027	1007	983	980	991	1016
1068	1063	1063	1063	1062	1060	1056	1058	1062	1059	1065	1071	1066	1061	1074	1069	1056	1036	982	958	1020	1024	1029	1009	1004	985	987	1008
1066	1068	1069	1062	1064	1063	1067	1065	1058	1064	1066	1065	1060	1060	1065	1068	1053	1012	961	964	1035	1033	1029	1014	1002	999	996	1003
1066	1060	1062	1060	1063	1062	1061	1060	1068	1062	1060	1064	1064	1055	1067	1067	1037	992	948	968	1042	1049	1019	985	1002	992	988	1015
1058	1053	1063	1067	1059	1067	1071	1064	1061	1069	1063	1056	1060	1072	1075	1055	1025	967	939	993	1053	1054	1003	982	1015	1011	992	1021
1068	1075	1069	1060	1074	1069	1063	1062	1056	1066	1066	1057	1056	1050	1070	1047	1012	955	925	968	1055	1043	1014	1007	1018	1015	1016	1005
1071	1085	1093	1089	1073	1062	1060	1066	1069	1065	1062	1067	1063	1065	1069	1035	990	952	953	960	1055	1040	1024	1023	1032	1024	1003	981
1088	1079	1078	1072	1074	1071	1051	1055	1067	1063	1063	1062	1067	1070	1056	1039	983	941	923	937	1049	1050	1025	1032	1033	1017	1018	995
1072	1068	1069	1072	1078	1063	1070	1061	1062	1071	1058	1065	1062	1062	1058	1025	980	938	923	919	1014	1068	1023	1021	1021	1013	1041	1040
1064	1075	1072	1074	1079	1076	1063	1066	1062	1061	1069	1070	1062	1073	1063	1022	977	941	933	928	981	1051	1036	1038	1038	1019	1035	1024
1064	1064	1066	1055	1069	1075	1072	1064	1056	1058	1065	1062	1061	1071	1057	1021	967	925	914	916	953	1044	1053	1038	1032	1036	1028	1009
1062	1060	1060	1058	1056	1058	1070	1066	1067	1066	1064	1067	1066	1067	1054	1018	963	923	910	908	949	1041	1051	1049	1046	1033	1035	1012
1069	1061	1061	1073	1062	1062	1055	1061	1055	1054	1059	1063	1060	1072	1049	1010	955	923	915	912	934	1036	1055	1049	1043	1040	1043	1039
1043	1062	1066	1066	1067	1066	1065	1057	1062	1060	1073	1064	1055	1065	1039	988	941	911	912	921	951	1030	1056	1050	1054	1053	1046	1047
1061	1061	1067	1063	1061	1063	1062	1066	1065	1060	1059	1058	1061	1054	1067	1057	1060	1059	1063	1065	1059	1058	1060	1059	1061	1061	1059	1051
1060	1059	1060	1059	1062	1065	1057	1062	1062	1061	1060	1058	1057	1058	1064	1062	1066	1061	1064	1059	1058	1061	1062	1061	1061	1057	1060	1052
1060	1058	1057	1060	1067	1065	1059	1064	1059	1063	1058	1057	1062	1061	1059	1070	1071	1065	1061	1056	1061	1056	1059	1059	1058	1053	1053	1056
1063	1068	1064	1070	1062	1067	1058	1056	1060	1058	1063	1054	1059	1066	1061	1068	1070	1068	1064	1058	1062	1059	1061	1063	1062	1058	1054	1059
1064	1069	1067	1061	1053	1063	1066	1064	1054	1064	1068	1065	1052	1059	1063	1066	1064	1063	1055	1057	1060	1065	1053	1061	1059	1055	1053	1056
1077	1077	1064	1063	1061	1063	1062	1065	1063	1060	1063	1065	1056	1059	1062	1062	1063	1056	1054	1060	1060	1055	1057	1055	1055	1057	1052	1055
1075	1063	1060	1063	1059	1060	1061	1061	1058	1058	1065	1064	1067	1056	1063	1062	1059	1062	1065	1065	1057	1054	1060	1055	1054	1061	1053	1051
1080	1068	1059	1062	1060	1052	1062	1068	1062	1062	1059	1062	1065	1065	1054	1065	1062	1065	1063	1060	1066	1059	1063	1053	1039	961	1018	1019
1058	1062	1060	1060	1060	1066	1061	1075	1075	1059	1059	1062	1064	1064	1063	1058	1059	1065	1065	1064	1064	1068	1061	1046	916	521	661	871
1062	1064	1060	1059	1062	1063	1072	1064	1063	1066	1070	1062	1059	1061	1067	1058	1060	1060	1060	1043	1037	1050	1025	1029	769	267	211	728
1062	1061	1063	1065	1071	1070	1072	1061	1062	1066	1068	1061	1065	1068	1060	1060	1065	1061	1032	1006	1007	1033	975	1011	917	659	636	918
1067	1063	1064	1061	1062	1066	1069	1062	1062	1059	1064	1062	1068	1059	1060	1076	1070	1052	1012	984	1008	1023	989	959	968	986	974	1016
1058	1066	1068	1068	1068	1064	1056	1061	1066	1065	1063	1069	1064	1063	1075	1067	1045	1025	977	951	1018	1028	1011	951	957	971	982	1033
1074	1069	1064	1069	1067	1071	1061	1067	1059	1069	1073	1059	1059	1066	1064	1053	1037	984	929	941	1029	1036	1031	1006	998	1014	1031	1037
1069	1058	1060	1070	1072	1065	1071	1074	1056	1058	1070	1077	1070	1067	1067	1039	1016	969	921	953	1045	1046	1031	1031	1019	1009	1027	1030
1058	1056	1065	1064	1064	1070	1065	1063	1061	1070	1063	1067	1071	1070	1053	1020	989	943	914	957	1051	1048	1010	1001	1038	1015	1032	1024
1063	1064	1068	1057	1056	1058	1072	1064	1060	1060	1061	1071	1070	1072	1044	996	960	927	910	957	1045	1055	1041	995	1028	1035	1037	1031
1068	1064	1063	1065	1071	1066	1067	1069	1056	1067	1071	1070	1079	1059	1019	963	943	928	904	949	1036	1056	1033	1021	1027	1027	1033	1041
1069	1061	1064	1061	1068	1073	1072	1063	1071	1072	1069	1065	1073	1060	1002	959	939	924	916	936	1022	1044	1027	1026	1043	1050	1040	1048
1075	1072	1065	1073	1072	1064	1061	1075	1069	1063	1068	1072	1069	1045	1004	943	942	925	916	936	1011	1038	1044	1024	1042	1038	1035	1042
1064	1072	1071	1073	1061	1056	1067	1067	1075	1068	1073	1080	1071	1030	986	933	947	952	927	926	990	1037	1051	1033	1054	1050	1032	1043
1065	1069	1077	1067	1067	1070	1071	1068	1071	1071	1059	1067	1071	1040	970	938	942	921	913	936	975	1020	1034	1036	1040	1040	1035	1031
1063	1078	1062	1065	1062	1072	1071	1068	1076	1071	1067	1072	1065	1033	957	940	967	931	925	930	937	1001	1035	1037	1043	1044	1042	1027
1070	1070	1061	1062	1063	1075	1073	1065	1061	1070	1070	1062	1058	1017	960	923	942	962	921	914	915	968	1026	1038	1029	1018	1040	1024
1062	1063	1073	1065	1064	1075	1070	1065	1066	1072	1067	1071	1059	1014	967	924	926	958	926	915	915	945	1001	1031	1017	1031	1031	1017
1067	1065	1066	1062	1072	1068	1069	1073	1065	1072	1075	1071	1052	1005	956	931	913	940	952	918	925	939	985	1018	1030	1041	1029	1026
1069	1060	1064	1063	1068	1063	1062	1061	1072	1066	1074	1078	1045	992	942	918	927	923	953	950	933	931	976	1010	1022	1035	1037	1037
1043	1069	1068	1072	1073	1069	1064	1068	1074	1065	1062	1063	1040	986	933	917	918	917	940	975	942	921	982	1031	1024	1034	1042	1046
1062	1066	1068	1065	1060	1059	1060	1061	1059	1061	1055	1056	1062	1057	1059	1064	1056	1060	1057	1054	1063	1062	1059	1065	1061	1056	1054	1054
1059	1058	1067	1061	1056	1065	1057	1065	1058	1066	1056	1067	1059	1056	1063	1069	1067	1058	1051	1057	1059	1056	1063	1060	1049	1061	1061	1059
1061	1065	1068	1064	1065	1063	1061	1060	1063	1057	1059	1052	1055	1056	1055	1062	1064	1063	1058	1057	1057	1051	1054	1051	1057	1054	1051	1059
1059	1067	1064	1067	1069	1059	1057	1060	1064	1064	1058	1053	1059	1056	1059	1057	1054	1056	1062	1061	1060	1054	1056	1058	1052	1049	1054	1058
1067	1070	1066	1061	1056	1065	1067	1059	1058	1055	1057	1069	1064	1067	1058	1056	1061	1054	1059	1071	1056	1061	1040	1043	1044	1046	1045	1051
1065	1069	1060	1064	1058	1061	1070	1059	1057	1062	1067	1065	1059	1062	1058	1063	1067	1060	1064	1055	1051	1055	1051	1050	1044	1042	1033	1025
1066	1062	1060	1068	1058	1057	1058	1058	1062	1070	1068	1061	1058	1056	1063	1053	1055	1066	1063	1053	1056	1056	1042	1032	1012	950	954	962
1067	1062	1058	1061	1060	1058	1061	1067	1061	1058	1059	1053	1068	1068	1060	1064	1060	1064	1066	1064	1069	1052	1026	962	692	370	508	549
1063	1066	1061	1060	1067	1058	1061	1066	1078	1054	1061	1070	1064	1060	1069	1063	1060	1067	1069	1075	1054	922	799	686	274	30	87	223
1063	1067	1066	1066	1068	1064	1067	1064	1068	1069	1064	1061	1056	1059	1064	1059	1062	1049	1045	1053	994	707	457	434	175	94	80	459
1060	1059	1063	1066	1069	1059	1061	1063	1062	1056	1063	1062	1062	1067	1058	1067	1038	999	1008	1033	1015	897	755	773	724	717	761	917
1064	1059	1054	1062	1060	1060	1068	1057	1061	1061	1067	1063	1060	1059	1059	1040	1004	969	994	1047	1038	1016	992	954	952	980	1010	1037
1063	1072	1070	1069	1068	1068	1062	1066	1070	1074	1062	1058	1067	1056	1039	997	968	956	997	1047	1046	1018	1001	970	955	980	1032	1030
1063	1073	1074	1072	1065	1064	1063	1065	1063	1063	1065	1066	1055	1044	1005	958	935	926	964	1028	1059	1038	1012	1001	977	1020	1044	1011
1067	1069	1065	1068	1066	1067	1067	1070	1064	1061	1063	1063	1047	1016	965	920	921	932	937	993	1047	1054	1049	1049	1033	1042	1053	1034
1068	1071	1063	1068	1061	1067	1065	1073	1063	1066	1068	1058	1034	996	936	915	919	917	922	956	1024	1057	1056	1056	1037	1032	1049	1028
1071	1065	1062	1059	1067	1067	1071	1066	1069	1072	1057	1048	1010	969	927	913	922	912	911	909	948	1011	1051	1048	1041	1024	1015	975
1063	1057	1068	1064	1067	1068	1068	1073	1066	1066	1057	1031	993	947	917	914	911	912	913	912	933	960	999	1014	1027	1001	980	944
1069	1070	1068	1071	1068	1070	1069	1073	1070	1065	1048	1018	986	951	911	910	921	916	922	929	951	966	985	998	1001	984	969	948
1059	1054	1061	1068	1062	1059	1063	1076	1076	1068	1050	1018	980	940	916	910	914	925	922	939	931	948	970	982	981	966	952	943
1065	1066	1066	1066	1067	1076	1072	1067	1081	1069	1036	1016	981	945	927	921	925	933	927	935	923	937	950	957	960	956	952	938
1067	1072	1071	1073	1078	1072	1076	1077	1070	1066	1053	1021	980	940	936	939	928	943	943	919	910	921	938	943	948	953	941	939
1078	1084	1066	1069	1077	1080	1076	1074	1071	1066	1047	1023	968	929	916	923	929	944	938	935	930	915	935	948	947	940	941	944
1071	1067	1068	1076	1068	1070	1071	1070	1067	1056	1039	1006	965	929	924	924	919	931	937	930	962	936	925	930	945	923	924	914
1058	1065	1072	1074	1067	1069	1074	1078	1066	1064	1031	1000	953	930	932	937	939	925	925	931	943	939	924	927	934	931	927	925
1066	1061	1064	1063	1067	1071	1071	1069	1063	1067	1037	996	949	922	925	925	918	931	943	927	944	930	909	932	923	931	924	935
1060	1064	1067	1070	1075	1063	1068	1068	1072	1051	1032	994	942	924	925	918	935	931	954	936	934	925	919	930	921	928	927	928
1071	1069	1072	1074	1075	1070	1070	1068	1061	1034	1002	978	938	916	919	923	913	919	956	991	994	922	918	945	916	927	927	930
1064	1062	1069	1056	1054	1060	1053	1056	1064	1065	1053	1055	1053	1059	1055	1056	1055	1058	1051	1051	1057	1053	1057	1053	1054	1053	1044	978
1055	1056	1056	1064	1058	1057	1062	1064	1057	1064	1058	1056	1059	1054	1051	1053	1057	1054	1045	1051	1050	1045	1057	1054	1051	1070	1063	1030
1062	1061	1058	1060	1060	1053	1053	1060	1063	1056	1061	1056	1056	1054	1060	1057	1048	1058	1052	1052	1050	1055	1055	1054	1055	1053	1059	1045
1063	1064	1061	1057	1070	1059	1054	1062	1059	1064	1060	1057	1056	1052	1055	1051	1050	1063	1056	1049	1047	1060	1050	1055	1051	1054	1063	1029
1052	1062	1063	1061	1061	1058	1053	1062	1056	1058	1059	1063	1055	1062	1055	1056	1056	1050	1054	1050	1036	1045	1047	1046	1043	1048	1053	1033
1060	1058	1061	1056	1054	1059	1060	1062	1056	1067	1061	1062	1061	1062	1056	1060	1054	1053	1056	1040	1042	1049	1049	1038	1015	982	995	1020
1067	1065	1065	1060	1068	1057	1055	1055	1066	1067	1065	1057	1059	1063	1063	1060	1055	1066	1045	1039	1040	1000	951	868	650	439	443	540
1056	1062	1059	1054	1068	1062	1065	1066	1053	1053	1054	1061	1059	1059	1056	1064	1053	1063	1060	1040	937	688	521	355	115	43	44	37
1060	1062	1060	1065	1061	1059	1064	1065	1065	1061	1068	1067	1054	1047	1059	1060	1059	1060	1048	896	579	259	120	51	21	44	35	43
1069	1067	1066	1076	1064	1063	1069	1068	1065	1061	1064	1059	1061	1054	1061	1047	1041	1055	991	685	295	69	24	21	55	69	66	219
1062	1077	1068	1062	1062	1067	1064	1061	1066	1062	1072	1060	1066	1060	1034	1012	989	1024	1010	832	617	530	540	552	588	619	658	797
1063	1068	1054	1061	1067	1061	1061	1066	1065	1070	1068	1064	1060	1021	967	956	990	1035	1043	1009	941	959	955	953	974	965	963	995
1071	1074	1059	1068	1070	1071	1060	1067	1074	1072	1066	1057	1024	979	936	920	964	1041	1052	1010	967	981	991	994	971	985	1009	1031
1071	1072	1066	1077	1068	1065	1070	1077	1075	1068	1062	1048	1000	977	935	907	952	1025	1043	1013	1002	1005	993	979	934	986	1024	1023
1067	1066	1063	1070	1068	1068	1067	1064	1066	1071	1057	1022	989	965	943	929	930	997	1039	1035	1019	1008	1018	1008	1009	1035	1045	1033
1056	1073	1069	1060	1065	1074	1064	1062	1053	1046	1059	1019	988	974	965	945	916	941	1004	1039	1028	1045	1045	1033	1038	1036	1037	1019
1062	1064	1065	1067	1068	1068	1068	1068	1049	1048	1027	1000	974	979	961	940	917	911	944	998	1016	1039	1047	1042	1029	1010	988	936
1069	1059	1066	1066	1063	1063	1058	1058	1039	1026	1004	985	977	979	965	948	934	919	919	925	966	963	972	965	987	957	917	906
1068	1068	1074	1070	1066	1067	1063	1053	1037	1008	981	974	973	963	952	933	919	919	924	917	928	939	926	920	936	918	901	901
1057	1058	1061	1059	1051	1064	1057	1045	1034	1003	963	971	967	962	950	925	920	925	926	921	927	929	927	921	910	900	905	912
1076	1060	1067	1062	1066	1066	1057	1042	1021	974	946	961	961	947	932	926	916	940	957	937	922	913	911	918	917	911	912	909
1063	1070	1068	1074	1076	1067	1042	1036	989	975	966	952	945	942	936	918	922	929	943	941	921	918	925	920	912	914	912	920
1070	1082	1079	1068	1065	1050	1036	1017	991	969	945	940	931	917	917	916	915	925	914	915	917	920	912	912	910	912	912	907
1072	1064	1070	1071	1063	1047	1023	1003	976	948	926	923	929	928	915	925	918	919	917	921	918	916	913	904	917	912	910	914
1061	1063	1069	1064	1042	1035	1014	997	971	954	931	930	922	930	918	919	919	907	914	923	929	919	917	915	913	907	908	905
1065	1068	1062	1054	1042	1019	999	980	957	938	926	916	910	930	924	914	910	904	918	919	932	927	915	908	906	913	909	909
1053	1057	1044	1037	1032	1010	985	974	957	939	925	912	924	918	920	914	907	915	910	912	923	926	913	913	915	914	914	915
1054	1041	1031	1031	1014	1001	992	977	945	923	917	909	916	918	916	906	909	923	916	917	916	922	928	915	909	912	899	904
1062	1063	1061	1058	1056	1060	1056	1054	1056	1061	1055	1056	1058	1059	1058	1057	1056	1058	1057	1054	1055	1058	1065	1064	1051	998	934	914
1059	1056	1056	1069	1064	1065	1059	1057	1060	1056	1059	1054	1053	1057	1054	1056	1056	1059	1055	1061	1062	1061	1062	1060	1059	1048	987	928
1062	1064	1052	1060	1067	1054	1054	1058	1056	1061	1058	1056	1054	1057	1057	1058	1054	1060	1061	1058	1051	1056	1058	1060	1055	1042	994	960
1063	1062	1064	1063	1063	1059	1061	1060	1060	1056	1055	1060	1055	1044	1053	1048	1051	1055	1053	1048	1054	1061	1059	1059	1055	1029	989	945
1054	1055	1060	1052	1056	1060	1059	1057	1053	1056	1064	1059	1056	1056	1056	1049	1052	1050	1051	1051	1053	1056	1050	1043	1043	1031	1007	970
1055	1052	1052	1061	1063	1061	1058	1056	1064	1064	1052	1052	1053	1061	1052	1051	1056	1047	1051	1050	1059	1044	1022	1004	954	925	970	1021
1060	1061	1056	1061	1060	1061	1054	1056	1057	1054	1062	1053	1056	1054	1063	1053	1055	1049	1050	1021	857	623	539	436	262	189	309	662
1065	1062	1063	1056	1063	1062	1064	1059	1060	1060	1054	1058	1058	1055	1060	1050	1052	1056	931	642	300	80	34	22	27	23	10	190
1073	1068	1066	1061	1055	1056	1060	1068	1059	1063	1067	1061	1058	1053	1055	1064	1061	948	570	199	50	37	49	53	57	55	37	118
1076	1068	1066	1064	1066	1062	1067	1058	1056	1055	1068	1067	1065	1063	1051	1054	1009	759	280	38	21	42	52	51	42	32	24	152
1062	1070	1065	1057	1067	1065	1072	1066	1065	1063	1066	1062	1058	1021	1000	1018	1018	895	597	439	418	448	472	476	493	490	507	667
1063	1062	1060	1067	1066	1069	1064	1067	1072	1073	1061	1057	1032	1006	986	1026	1059	1019	984	952	927	925	929	935	963	976	981	995
1065	1068	1070	1060	1067	1069	1062	1069	1071	1059	1054	1045	1025	1025	1015	1008	1050	1041	1012	976	969	962	969	990	959	939	968	998
1076	1057	1065	1070	1072	1069	1069	1073	1073	1067	1058	1054	1056	1056	1045	1019	1042	1061	1017	982	971	970	978	958	972	942	975	1038
1072	1065	1068	1077	1073	1068	1067	1064	1062	1056	1057	1058	1061	1070	1061	1052	1039	1071	1056	1009	998	987	995	985	1008	1009	1025	1035
1057	1075	1069	1065	1065	1072	1068	1056	1054	1059	1066	1072	1071	1071	1070	1050	1000	1036	1071	1054	1033	1025	1035	1029	1041	1039	1044	1026
1065	1066	1066	1068	1066	1061	1060	1058	1057	1062	1066	1066	1068	1074	1073	1056	996	987	1064	1078	1070	1075	1080	1074	1071	1057	1018	962
1067	1063	1058	1057	1047	1045	1046	1048	1066	1067	1077	1075	1069	1071	1074	1062	1013	949	981	1039	1063	1061	1055	1057	1041	999	940	911
1062	1059	1052	1045	1046	1041	1052	1053	1054	1061	1076	1081	1081	1067	1069	1047	1009	941	928	941	962	981	978	959	941	909	911	912
1051	1045	1045	1050	1046	1035	1040	1057	1063	1061	1078	1085	1075	1083	1066	1047	991	928	930	936	931	930	929	920	909	911	914	916
1052	1040	1032	1028	1033	1025	1033	1041	1058	1058	1068	1075	1081	1071	1051	1040	979	923	952	957	928	921	910	915	917	917	914	909
1038	1021	1012	997	1001	1005	994	1014	1033	1056	1063	1072	1073	1063	1047	1011	952	925	930	942	931	911	914	911	914	913	918	906
1019	1023	1009	990	976	971	975	995	1016	1042	1037	1025	1016	1015	996	955	920	923	917	913	919	915	916	916	910	911	912	916
1013	1002	992	982	967	966	964	973	986	974	960	959	947	942	921	909	911	916	922	915	915	925	915	904	910	917	927	919
1001	987	968	951	945	936	923	919	912	928	925	925	921	913	915	918	910	917	918	930	923	918	915	906	913	921	918	914
968	966	945	930	923	918	912	919	920	910	916	920	923	921	917	922	922	919	925	921	927	924	920	916	908	908	919	913
963	947	933	922	916	915	913	920	925	926	930	959	993	974	928	961	956	941	942	926	914	909	919	916	914	903	912	913
953	937	922	930	919	916	927	932	940	956	965	1011	1030	1027	991	984	1004	987	998	972	946	929	922	904	913	917	907	912
1061	1063	1060	1063	1061	1057	1065	1066	1056	1060	1061	1057	1059	1059	1061	1061	1066	1058	1053	1057	1060	1063	1043	1009	951	920	918	917
1066	1062	1062	1062	1064	1059	1059	1061	1061	1057	1058	1053	1054	1062	1056	1058	1059	1065	1063	1058	1057	1064	1061	1042	982	936	912	925
1055	1059	1059	1054	1061	1057	1056	1055	1058	1062	1052	1055	1059	1055	1058	1056	1061	1059	1059	1050	1056	1057	1054	1031	994	952	937	933
1059	1056	1058	1064	1062	1063	1068	1057	1064	1061	1055	1057	1057	1053	1055	1058	1057	1051	1051	1060	1053	1051	1038	1007	967	957	962	944
1061	1066	1061	1056	1063	1063	1059	1064	1062	1057	1061	1060	1057	1058	1066	1059	1055	1060	1052	1048	1048	1045	1031	1011	1003	993	959	928
1060	1061	1057	1065	1070	1063	1066	1068	1060	1055	1058	1063	1055	1055	1062	1048	1059	1053	1055	1045	994	935	925	946	971	1010	1027	976
1058	1069	1056	1056	1061	1062	1063	1059	1058	1054	1052	1055	1066	1059	1061	1049	1048	1011	900	691	372	217	217	241	312	528	829	1007
1071	1061	1060	1059	1065	1065	1058	1055	1059	1065	1059	1064	1047	1056	1054	1041	947	619	271	88	30	28	33	26	19	94	397	851
1061	1060	1064	1060	1062	1062	1061	1066	1061	1060	1053	1053	1068	1063	1033	965	660	241	34	32	55	58	52	56	51	37	198	709
1066	1060	1067	1063	1065	1064	1063	1064	1061	1064	1057	1059	1012	907	804	677	387	133	89	102	82	52	50	40	26	9	124	632
1058	1067	1066	1064	1063	1068	1068	1061	1067	1063	1048	1001	930	873	861	831	803	750	698	694	617	522	451	426	420	445	564	846
1064	1059	1067	1059	1055	1069	1063	1061	1066	1053	1025	1005	981	988	997	1007	1009	1041	1020	1001	992	957	952	971	959	971	960	1001
1064	1063	1068	1069	1062	1068	1058	1062	1052	1049	1046	1029	1028	1026	1028	1040	1032	1036	1075	1070	1049	997	963	973	946	922	941	980
1063	1068	1064	1067	1068	1070	1060	1054	1059	1064	1056	1061	1054	1058	1057	1067	1070	1090	1122	1106	1079	1029	986	974	979	946	980	1033
1068	1067	1058	1066	1070	1068	1066	1069	1067	1065	1066	1054	1065	1065	1063	1079	1090	1124	1132	1122	1071	1029	1023	1011	1017	1025	1028	1027
1058	1058	1058	1062	1064	1064	1064	1075	1064	1067	1068	1069	1071	1070	1072	1084	1116	1116	1123	1101	1061	1049	1051	1045	1053	1062	1047	999
1053	1060	1064	1060	1062	1075	1080	1080	1077	1081	1074	1081	1073	1077	1072	1089	1084	1082	1096	1083	1069	1075	1073	1073	1070	1050	1001	1020
1061	1053	1059	1060	1063	1081	1093	1084	1089	1085	1084	1082	1079	1079	1081	1080	1073	1054	1061	1080	1087	1067	1064	1060	1029	971	959	1028
1033	1048	1055	1061	1079	1086	1098	1090	1094	1094	1097	1095	1094	1088	1091	1085	1081	1040	1000	1008	1012	1015	1021	981	936	912	928	933
1033	1041	1054	1073	1091	1097	1099	1106	1103	1093	1101	1100	1110	1114	1091	1096	1084	1004	944	930	927	937	917	907	908	926	913	916
1016	1035	1053	1063	1090	1097	1103	1102	1109	1102	1106	1100	1130	1113	1077	1100	1069	989	943	931	917	915	914	917	908	911	917	921
1000	1010	1038	1054	1077	1082	1096	1110	1109	1115	1116	1123	1123	1106	1106	1111	1031	952	924	908	919	912	913	912	916	920	927	914
992	1001	1025	1051	1070	1084	1099	1107	1110	1114	1130	1129	1107	1103	1101	1051	964	928	916	918	915	914	920	908	918	927	924	919
994	994	1003	1022	1044	1061	1074	1080	1078	1084	1070	1058	1053	1040	988	944	916	911	911	925	917	925	917	915	910	920	921	910
972	971	962	970	998	993	999	997	984	980	965	952	940	934	919	918	918	923	917	911	917	924	919	924	919	926	924	917
949	939	912	916	930	922	920	919	924	919	931	935	943	933	934	930	930	931	928	921	922	929	938	954	959	941	930	923
943	916	920	919	909	921	928	939	965	1009	1016	1015	1054	1013	959	1011	998	975	947	921	923	943	975	1003	1008	989	960	932
933	915	925	930	931	951	987	1033	1068	1082	1084	1089	1097	1086	1034	1067	1084	1037	1009	969	957	972	997	1016	1017	993	981	965
1060	1062	1071	1070	1061	1066	1062	1057	1052	1055	1056	1050	1058	1057	1061	1066	1059	1059	1070	1060	1036	982	935	917	912	921	927	924
1060	1055	1059	1058	1065	1053	1055	1063	1066	1064	1065	1063	1064	1062	1063	1059	1061	1063	1060	1060	1047	1018	973	933	927	924	914	911
1059	1065	1067	1050	1054	1062	1060	1068	1064	1070	1059	1059	1060	1053	1056	1058	1060	1055	1059	1058	1041	1009	961	925	930	947	931	919
1063	1066	1070	1056	1062	1064	1053	1054	1058	1062	1057	1062	1060	1055	1062	1066	1067	1060	1064	1039	994	966	938	939	965	964	937	933
1063	1062	1065	1060	1054	1053	1051	1064	1060	1057	1052	1063	1064	1063	1061	1058	1043	1027	989	970	966	964	979	984	965	939	925	921
1062	1061	1064	1062	1068	1071	1068	1063	1060	1064	1066	1063	1056	1054	1049	1016	1008	1013	1032	1031	996	975	976	997	1000	977	966	926
1059	1053	1056	1063	1068	1065	1058	1057	1058	1066	1063	1058	1038	1021	1015	1034	1053	943	789	603	427	392	480	642	837	1001	1022	957
1068	1066	1058	1067	1063	1063	1062	1064	1065	1062	1039	1014	998	1014	1039	985	605	227	93	44	27	33	66	167	407	782	1002	995
1067	1063	1065	1062	1069	1075	1065	1062	1043	1015	993	1002	1053	1060	952	459	36	0	11	31	41	30	18	42	196	549	917	1025
1069	1065	1065	1071	1061	1060	1049	1038	1021	1022	1042	1035	901	628	290	58	25	68	104	83	50	26	14	22	122	419	843	1022
1068	1067	1073	1069	1063	1048	1030	1037	1050	1040	996	932	768	614	595	587	631	707	731	667	556	465	420	409	501	699	933	1025
1063	1054	1056	1043	1032	1040	1056	1061	1011	976	964	988	1003	1005	998	1002	1032	1028	1031	1019	1001	959	943	942	942	979	997	1018
1063	1058	1038	1037	1052	1063	1069	1048	1030	1040	1040	1032	1027	1026	1037	1065	1068	1027	1079	1103	1090	1016	972	943	937	994	1019	999
1032	1019	1032	1062	1070	1060	1042	1053	1057	1053	1035	1048	1050	1061	1058	1093	1093	1132	1145	1155	1116	1035	1015	1017	986	1020	1026	999
1000	1035	1054	1074	1068	1057	1059	1059	1055	1061	1069	1056	1069	1065	1084	1136	1166	1166	1114	1148	1094	1045	1030	1044	1038	1051	1029	985
1017	1055	1063	1064	1064	1063	1073	1077	1068	1067	1071	1073	1070	1071	1094	1141	1157	1183	1146	1127	1095	1068	1065	1065	1064	1043	994	937
1051	1064	1059	1062	1071	1074	1072	1071	1077	1077	1079	1099	1092	1079	1088	1132	1115	1101	1126	1106	1086	1077	1075	1067	1034	993	964	964
1064	1076	1074	1070	1088	1097	1091	1090	1087	1097	1098	1111	1120	1098	1089	1118	1115	1104	1083	1077	1070	1055	1052	1026	981	956	1023	1043
1068	1084	1091	1088	1103	1105	1104	1101	1100	1093	1099	1115	1116	1115	1117	1116	1092	1078	1061	1042	1023	1001	974	935	927	991	1042	948
1089	1094	1090	1095	1103	1112	1101	1101	1097	1106	1110	1103	1115	1123	1105	1089	1086	1044	979	937	930	921	913	930	960	1022	952	909
1090	1109	1116	1105	1110	1104	1106	1107	1108	1107	1114	1103	1116	1116	1109	1099	1062	992	923	915	913	908	916	930	985	966	911	921
1091	1109	1137	1123	1114	1109	1103	1106	1103	1112	1114	1099	1111	1103	1098	1072	992	932	917	912	918	919	928	963	999	941	919	917
1078	1096	1106	1114	1114	1109	1107	1098	1101	1099	1105	1112	1116	1101	1079	1006	939	924	925	924	923	923	929	950	938	929	917	922
1080	1081	1089	1095	1095	1099	1106	1099	1105	1100	1106	1090	1074	1031	977	933	912	910	914	921	916	921	918	916	912	913	918	932
1055	1049	1065	1079	1082	1084	1077	1072	1056	1046	1028	1002	972	940	912	912	921	923	920	918	928	938	957	981	967	966	931	953
994	990	993	1000	999	985	965	954	952	935	919	908	919	916	938	925	918	930	933	948	975	1028	1063	1082	1088	1074	1025	1012
936	924	933	932	928	923	926	931	935	933	936	928	938	930	925	920	923	930	952	1002	1037	1070	1078	1091	1100	1101	1090	1055
927	927	923	928	962	1020	1042	1020	1015	989	986	981	964	939	935	957	948	935	968	1021	1075	1084	1065	1094	1094	1092	1086	1076
1064	1054	1068	1061	1062	1054	1061	1056	1048	1062	1068	1063	1052	1052	1059	1065	1054	1036	999	961	928	924	919	914	912	922	907	915
1058	1067	1058	1061	1049	1059	1057	1063	1058	1055	1054	1057	1061	1054	1061	1057	1059	1049	1018	982	949	921	934	932	934	919	922	912
1065	1061	1058	1062	1060	1061	1061	1057	1066	1056	1059	1063	1060	1058	1068	1065	1050	1028	1006	973	932	911	906	919	934	919	911	909
1058	1053	1061	1059	1058	1062	1050	1051	1057	1057	1057	1059	1055	1058	1056	1055	1037	997	967	933	921	922	934	933	918	910	912	930
1059	1064	1060	1053	1050	1056	1058	1062	1051	1055	1060	1058	1060	1042	1024	992	957	924	920	926	950	963	969	941	919	923	933	948
1063	1057	1062	1048	1058	1052	1053	1062	1062	1057	1063	1040	1019	974	944	914	918	932	955	995	1007	981	949	942	927	912	946	937
1062	1058	1051	1060	1058	1067	1062	1064	1057	1042	1010	970	940	921	919	952	994	993	987	953	936	931	971	995	981	956	952	950
1055	1057	1060	1066	1067	1068	1058	1042	1012	975	936	917	929	968	1008	1013	914	837	742	624	570	607	716	868	996	975	959	982
1064	1063	1066	1061	1054	1045	1022	985	945	917	930	954	1008	1043	1014	730	517	422	340	285	279	366	510	687	907	1009	981	934
1059	1060	1050	1035	1007	972	951	935	937	967	1007	1042	1028	954	705	434	299	240	210	216	219	297	423	615	857	1010	980	931
1044	1018	1002	981	961	941	966	1025	1034	1052	1049	1023	947	853	771	736	702	707	692	694	658	645	720	797	939	1012	975	947
994	970	957	940	944	997	1053	1067	1040	1033	1019	1018	1006	998	996	1001	1011	996	964	924	928	950	984	990	1002	1010	988	954
947	936	930	966	1019	1064	1070	1044	1043	1042	1036	1026	1023	1034	1050	1077	1070	1054	1059	1019	1017	1003	1008	1007	1001	1002	992	944
920	926	981	1043	1074	1065	1059	1062	1047	1051	1059	1053	1050	1067	1061	1107	1093	1101	1100	1070	1048	1035	1024	1021	1010	995	966	942
932	1010	1064	1081	1063	1054	1053	1051	1056	1061	1061	1070	1086	1083	1101	1147	1115	1127	1095	1080	1057	1045	1041	1019	998	962	933	938
1014	1065	1069	1067	1060	1059	1072	1073	1074	1075	1083	1093	1093	1091	1128	1162	1140	1144	1098	1075	1059	1048	1030	1014	977	950	921	934
1062	1066	1061	1057	1070	1083	1075	1087	1090	1087	1084	1093	1082	1124	1144	1147	1079	1074	1100	1076	1047	1010	995	980	972	948	943	935
1068	1071	1057	1066	1082	1099	1101	1096	1096	1101	1096	1092	1108	1129	1133	1116	1102	1083	1063	1027	987	972	948	954	933	939	951	933
1071	1085	1079	1085	1099	1098	1101	1100	1100	1115	1103	1105	1116	1122	1100	1079	1070	1031	1002	968	949	924	911	927	924	937	924	927
1078	1087	1089	1095	1096	1098	1104	1108	1112	1114	1106	1107	1105	1124	1092	1061	1043	971	932	919	947	977	950	949	948	949	927	913
1084	1085	1095	1097	1100	1099	1111	1100	1106	1124	1126	1101	1089	1106	1075	1042	989	927	910	911	923	989	1003	943	956	934	917	916
1099	1094	1103	1120	1106	1111	1099	1099	1099	1110	1109	1108	1093	1071	1021	968	924	920	913	921	912	941	1046	1011	968	922	914	911
1107	1115	1094	1113	1128	1106	1100	1099	1101	1095	1094	1081	1049	1001	960	925	913	920	927	922	924	910	958	989	929	915	914	917
1096	1101	1090	1096	1111	1098	1091	1092	1077	1053	1040	1006	960	929	924	908	918	929	927	918	918	920	906	916	921	924	911	917
1079	1065	1075	1066	1069	1056	1058	1038	1015	978	958	945	927	913	914	919	918	915	923	933	942	957	966	968	953	945	926	1005
1061	1054	1047	1039	1014	982	957	946	927	923	916	914	920	916	924	924	915	909	955	1009	1053	1078	1057	1044	1035	1037	1000	1067
989	969	953	937	932	918	917	926	923	910	920	918	917	922	922	918	912	962	1053	1086	1091	1085	1084	1072	1070	1060	1056	1085
927	919	921	931	942	977	990	957	931	923	925	921	914	920	923	925	927	1034	1080	1089	1097	1090	1094	1091	1075	1054	1046	1055
1077	1064	1063	1067	1061	1061	1062	1059	1060	1063	1063	1065	1060	1049	1031	1000	964	922	914	917	916	915	921	912	919	919	915	907
1054	1064	1070	1068	1055	1056	1064	1064	1056	1058	1070	1071	1066	1063	1043	1008	976	940	906	904	904	909	920	911	914	911	911	916
1063	1065	1059	1071	1070	1063	1059	1057	1062	1060	1063	1062	1062	1050	1031	993	963	933	916	917	911	909	907	909	915	915	915	917
1058	1055	1053	1065	1054	1057	1058	1057	1061	1052	1060	1067	1047	1026	988	950	927	915	921	910	921	926	921	913	908	914	904	917
1060	1059	1056	1054	1055	1055	1058	1053	1058	1059	1047	1023	986	952	929	911	912	913	923	941	959	937	912	914	918	920	910	947
1059	1054	1055	1061	1061	1061	1056	1057	1039	1004	970	936	919	919	920	920	928	955	959	959	939	928	925	918	918	915	943	986
1065	1064	1063	1062	1057	1051	1032	1005	969	934	915	907	912	911	917	944	982	970	939	929	948	943	934	914	922	926	953	998
1057	1052	1056	1043	1023	1001	970	932	917	912	908	906	925	937	967	979	982	985	979	984	975	965	951	951	945	921	933	997
1037	1023	1009	981	958	937	929	913	914	915	912	923	939	982	1002	1002	1012	996	976	961	946	965	972	966	952	921	913	984
979	959	938	940	936	917	919	925	914	911	929	959	989	1024	1044	1041	1002	963	951	930	932	969	978	974	957	926	920	1005
939	927	962	948	919	914	921	932	937	946	971	1010	1031	1028	1022	1019	998	994	989	975	976	980	968	954	942	930	925	974
945	965	941	921	920	934	963	1005	999	1009	1024	1036	1037	1032	1026	1032	1023	1020	999	994	997	975	960	950	943	935	931	939
983	943	917	929	948	988	1011	1028	1036	1041	1039	1045	1044	1052	1053	1056	1041	1031	1028	1007	1003	991	968	957	934	912	928	923
928	922	933	964	999	1022	1038	1040	1045	1058	1068	1064	1058	1066	1062	1061	1062	1056	1035	1018	995	987	954	932	927	909	918	930
917	930	983	1021	1028	1031	1053	1051	1051	1058	1068	1068	1082	1076	1077	1075	1057	1044	1023	1005	1000	985	961	935	913	903	914	929
958	994	1027	1035	1046	1049	1056	1069	1075	1079	1085	1081	1075	1070	1067	1067	1057	1025	1001	996	1003	984	971	952	917	926	917	927
992	1022	1030	1029	1044	1058	1065	1065	1068	1070	1068	1061	1056	1074	1062	1040	1029	1014	985	988	965	935	928	944	955	943	945	942
1011	1021	1046	1056	1059	1077	1078	1073	1068	1074	1074	1077	1062	1056	1034	1012	997	985	980	954	935	942	940	933	923	927	938	937
1031	1051	1068	1053	1076	1074	1069	1068	1068	1077	1073	1073	1049	1026	1009	979	976	977	1012	1054	1029	940	922	919	908	912	915	926
1036	1077	1070	1063	1078	1068	1071	1067	1061	1068	1061	1060	1034	1016	995	959	938	925	935	961	1045	1027	917	908	915	909	917	914
1033	1100	1060	1058	1056	1043	1041	1046	1051	1054	1047	1033	1018	983	945	929	914	912	914	908	932	1002	955	926	913	910	906	913
1034	1109	1050	1072	1050	1034	1031	1017	1010	1017	1004	994	971	950	929	921	926	920	916	916	918	927	941	903	898	906	916	916
1041	1109	1059	1066	1058	1012	1007	1001	989	981	968	947	932	921	910	911	914	907	911	909	909	906	917	911	918	914	914	913
1008	1058	1079	1054	1058	1007	976	965	956	948	935	932	918	913	909	913	909	916	917	914	917	917	908	919	921	913	910	920
983	985	1032	1039	1042	1030	1006	977	956	939	931	918	923	928	920	915	921	918	916	925	928	923	917	918	917	923	920	951
963	939	940	953	948	962	980	985	992	994	993	951	921	919	918	921	916	930	965	996	993	970	937	930	929	916	924	1009
919	920	915	917	914	917	915	917	935	969	1011	1019	927	916	923	917	928	1014	1080	1095	1080	1037	1003	976	963	938	933	996
909	905	916	912	911	912	904	928	911	915	995	1040	935	920	910	908	947	1074	1085	1087	1079	1082	1052	1003	979	967	952	963
1075	1061	1069	1061	1068	1063	1064	1059	1046	1041	1027	1000	974	944	918	914	915	917	914	922	917	912	916	920	917	916	923	912
1063	1066	1071	1067	1059	1060	1064	1065	1058	1050	1046	1015	977	953	929	918	918	918	912	912	917	925	921	921	915	916	910	912
1066	1064	1066	1070	1061	1056	1052	1048	1049	1038	1025	1004	976	944	928	915	912	916	915	911	911	917	916	914	918	925	919	923
1067	1057	1056	1067	1067	1061	1051	1050	1038	1021	1007	978	957	948	922	904	909	910	917	912	915	913	915	921	931	918	915	922
1069	1067	1069	1059	1061	1046	1038	1022	1002	964	945	932	933	939	934	914	912	913	922	937	928	922	920	945	931	902	954	962
1061	1058	1057	1054	1028	1004	987	961	935	922	911	919	920	928	929	919	912	916	916	938	925	929	954	956	943	957	1023	1025
1037	1029	1006	997	971	948	919	914	912	916	919	920	917	915	914	920	922	913	924	944	935	937	947	893	941	974	942	1032
973	960	946	932	916	910	907	906	911	913	917	915	921	931	949	939	921	914	910	929	920	936	936	909	953	932	744	951
930	918	918	914	915	924	928	925	925	921	921	941	957	957	936	928	930	915	922	955	936	941	917	901	935	893	745	972
916	914	917	942	963	979	978	978	967	974	985	990	953	922	921	927	944	938	938	939	950	925	930	963	960	940	921	1039
932	928	940	949	951	949	939	939	940	952	961	951	940	930	932	930	948	942	933	931	927	924	910	951	985	980	1014	1039
932	955	954	932	930	930	929	932	935	941	944	944	943	940	940	946	957	937	934	924	922	921	912	921	949	979	1012	996
959	939	925	921	917	921	923	927	931	936	949	943	938	938	941	957	956	936	924	918	916	916	911	915	936	955	974	957
925	924	930	927	927	933	928	936	940	941	947	942	945	942	938	947	952	944	933	920	920	911	920	917	924	939	954	943
917	914	916	917	923	950	956	960	954	949	964	966	963	949	943	938	952	954	955	915	920	921	919	930	930	936	942	940
923	918	918	922	978	1010	993	990	987	970	955	951	946	942	939	933	936	943	921	926	929	932	936	925	920	928	922	912
924	921	927	1023	1057	993	987	999	994	1009	1008	979	946	924	913	927	938	973	926	923	927	919	924	931	943	927	921	936
923	922	1015	1074	1002	992	1009	997	981	983	1001	1022	995	958	949	945	938	962	951	927	930	916	916	922	933	933	919	926
921	975	1060	977	990	1002	964	939	931	937	946	951	989	1000	996	1003	1026	1049	1033	983	944	917	918	908	912	917	916	920
923	1008	996	958	983	946	932	942	933	932	927	926	926	960	999	1026	1041	1007	960	935	922	910	910	908	911	910	919	921
942	1000	951	960	952	925	916	913	915	920	914	911	924	920	922	934	930	918	911	908	911	905	918	932	936	932	924	920
937	987	943	959	932	921	926	925	917	908	916	914	912	918	919	908	922	918	918	914	917	938	964	984	976	961	951	939
929	977	947	953	936	911	909	917	920	926	920	910	913	921	919	919	913	916	912	925	960	996	1005	1009	1012	1005	979	946
919	966	977	946	949	925	925	919	922	923	926	931	925	920	918	920	909	911	937	983	1013	1022	1038	1038	1047	1026	1012	978
934	926	978	1014	1016	1013	1003	995	986	977	936	920	930	923	926	917	929	945	1001	1038	1040	1039	1050	1047	1038	1030	1015	968
935	939	933	954	990	1015	1016	1008	1013	1021	1021	966	924	917	922	922	924	1001	1069	1073	1064	1061	1049	1049	1039	1033	1010	999
916	927	935	941	928	920	916	920	924	935	973	1003	937	918	920	922	944	1056	1091	1099	1089	1081	1073	1055	1043	1008	983	973
932	926	919	937	956	943	930	932	925	924	939	984	935	920	917	910	939	1057	1092	1090	1087	1079	1057	1040	1023	986	976	951
1047	1032	1033	1016	1008	987	970	960	941	930	924	915	902	901	913	919	917	920	917	913	921	921	918	919	916	914	910	907
1055	1051	1047	1035	1020	1005	986	963	951	933	923	921	913	921	923	919	919	915	916	919	917	914	924	916	919	919	913	911
1043	1042	1036	1025	1015	990	977	967	947	929	926	918	923	956	948	916	919	923	912	915	916	915	918	922	920	922	917	920
1046	1034	1031	1018	1004	975	961	946	931	920	917	928	983	953	987	949	917	919	919	948	978	966	938	928	939	925	927	888
1024	1017	999	975	966	946	937	932	936	926	942	984	984	892	954	987	939	943	948	899	970	1000	982	982	956	950	993	848
974	972	967	946	929	918	917	912	913	930	954	974	1003	972	986	998	972	973	970	871	944	990	1025	1015	958	1034	1039	904
925	925	915	912	910	913	909	910	918	939	953	949	959	970	980	1007	1004	977	989	956	937	974	1040	1025	1006	1016	1019	1006
916	910	911	913	906	906	905	909	937	950	957	953	932	919	954	972	1004	994	1000	960	901	924	1037	1030	1009	999	998	996
924	913	917	922	916	919	916	915	926	947	962	952	926	927	955	893	854	944	991	960	935	945	1019	1031	982	985	1017	1024
915	918	930	929	924	924	914	926	931	947	967	951	940	930	972	804	628	879	1016	1005	973	989	1017	1051	1012	1002	1011	1028
909	909	915	917	905	917	919	922	930	950	956	947	933	915	931	937	892	955	969	998	997	989	993	1038	1037	1006	1021	1034
918	926	931	922	916	919	922	922	938	938	920	922	922	912	913	937	954	948	953	946	944	951	969	965	1020	990	1008	1026
908	917	916	921	921	918	913	933	944	934	920	911	908	907	913	921	925	930	928	925	943	954	950	932	967	982	989	996
934	921	918	920	912	915	916	939	936	915	911	919	917	921	918	923	923	920	927	923	938	939	925	931	953	915	946	953
943	928	909	908	929	939	937	943	938	916	921	918	912	919	918	918	923	923	948	920	925	915	907	917	932	935	973	973
930	926	928	921	955	995	1007	1004	981	981	964	939	918	915	902	910	925	946	952	937	917	922	917	917	914	930	937	942
936	930	953	964	980	990	986	966	968	1027	1037	989	927	911	918	931	940	958	941	937	928	923	913	916	931	927	924	932
926	926	929	960	967	942	947	950	939	953	978	1012	963	923	921	926	923	952	937	939	926	912	921	923	922	938	932	921
919	911	906	913	912	914	919	925	919	930	924	952	1004	989	948	933	935	944	959	959	935	917	926	932	941	946	920	923
914	904	904	909	904	909	910	908	920	918	919	920	937	985	992	970	936	936	950	930	918	925	928	945	976	973	967	981
916	909	913	910	914	909	916	908	902	903	912	911	916	926	932	926	913	906	916	916	916	941	990	1030	1042	1057	1050	1047
924	918	926	917	920	924	928	920	913	921	923	917	913	909	906	907	916	911	909	904	939	1033	1070	1082	1088	1074	1058	1057
925	920	918	928	930	927	923	928	935	927	915	915	914	921	920	916	917	913	918	958	1050	1092	1082	1093	1089	1076	1070	1075
918	927	913	921	928	917	928	924	927	931	931	934	934	931	924	916	913	924	957	1057	1094	1089	1090	1074	1077	1080	1087	1090
946	929	925	910	905	910	910	926	931	921	928	932	932	922	926	928	932	969	1055	1084	1075	1081	1086	1083	1071	1086	1094	1081
963	972	952	921	909	917	918	909	914	914	919	920	922	926	933	930	927	992	1059	1074	1085	1086	1092	1089	1091	1091	1088	1079
912	930	958	970	940	918	919	922	924	921	920	911	917	926	916	929	940	986	1048	1079	1091	1087	1087	1080	1073	1082	1087	1067
919	916	918	947	983	962	923	914	911	914	914	915	926	927	927	931	934	964	1010	1048	1064	1078	1089	1091	1098	1082	1045	1011
919	919	918	915	906	912	911	910	906	915	914	914	913	905	905	920	915	921	923	918	925	909	904	906	912	909	908	900
935	931	924	922	918	910	911	911	911	907	907	907	907	913	917	925	920	933	927	911	910	908	922	915	923	926	914	909
934	937	924	920	914	908	914	908	908	912	920	914	912	940	946	916	917	914	907	917	914	911	941	867	844	917	919	926
922	924	917	918	916	919	920	916	914	915	920	910	941	978	996	970	947	963	956	961	980	978	914	886	843	913	934	842
913	915	919	908	920	936	937	876	931	951	828	658	839	1020	1024	1058	994	1014	1042	1028	1066	1059	1002	982	968	968	894	643
923	912	907	932	924	954	963	929	970	988	859	799	932	1040	1042	1085	860	973	1063	1034	994	1001	1039	1043	1029	1030	920	809
929	895	894	942	933	948	964	969	993	1004	940	946	1017	1050	1063	1036	910	1021	1036	1018	965	979	996	1040	1052	1042	1020	961
937	924	923	957	939	937	955	946	992	980	895	982	1005	1005	1029	1021	994	1024	1002	1001	935	937	1005	1019	1032	1055	1021	956
922	927	945	949	937	953	967	955	1004	976	826	988	1020	998	1016	974	928	1002	983	913	929	980	990	1005	1000	1033	1025	1006
920	927	926	941	923	949	958	957	971	992	949	955	1026	1003	986	903	878	990	993	957	941	963	999	1014	1000	1040	1032	1019
924	934	939	938	907	922	941	946	925	988	991	964	1004	1001	1011	1007	1001	1029	1004	1055	987	942	980	1007	1003	1034	984	985
923	923	943	922	913	912	925	916	913	941	973	981	968	995	1008	996	980	1002	964	1040	946	871	961	992	1015	982	960	958
924	926	918	920	927	929	912	926	934	925	922	936	949	964	951	944	920	978	967	1018	1010	894	909	947	967	942	954	964
931	919	916	921	932	920	915	931	936	910	913	920	926	931	918	936	991	970	936	965	984	962	928	939	932	912	898	942
929	923	916	922	923	904	908	953	944	918	933	927	915	920	913	909	926	955	960	951	939	949	953	932	911	913	942	961
915	920	924	920	923	924	918	946	914	926	938	928	925	915	903	917	918	921	923	924	918	917	916	920	924	976	1041	1030
906	920	924	928	910	912	929	933	919	937	924	920	916	919	915	918	914	909	917	912	912	906	932	950	987	1046	1059	1047
920	912	921	931	935	921	932	938	929	943	916	900	901	913	917	905	919	918	924	930	944	971	1018	1050	1043	1054	1063	1037
922	913	913	917	921	913	928	945	930	948	931	904	902	905	912	915	919	919	938	978	1013	1037	1048	1057	1055	1038	1020	1016
922	907	915	913	928	924	929	943	943	958	931	916	909	913	902	902	913	928	995	1030	1043	1060	1068	1078	1081	1041	1021	1070
923	922	917	913	915	927	931	939	949	964	921	914	921	926	915	916	912	969	1024	1033	1044	1062	1071	1083	1073	1070	1068	1089
923	922	923	920	926	932	946	936	943	942	933	964	977	966	945	941	946	1005	1028	1030	1035	1056	1077	1053	1051	1070	1075	1081
920	928	919	922	922	918	923	946	961	983	989	988	1010	993	989	960	961	1009	1039	1027	1022	1034	1051	1051	1054	1071	1068	1074
953	923	917	907	913	931	976	1000	1010	1026	1029	1008	1016	1013	1003	987	987	1047	1047	1050	1057	1044	1037	1054	1063	1078	1084	1084
988	945	922	943	970	1004	1016	1022	1026	1041	1043	1036	1030	1023	1016	1004	992	1027	1052	1077	1078	1085	1072	1061	1063	1076	1084	1077
1013	962	941	986	996	1017	1018	1028	1045	1037	1042	1044	1033	1021	1005	980	967	978	1027	1068	1092	1094	1084	1078	1075	1063	1076	1081
1027	1005	1000	1026	1037	1038	1051	1041	1041	1045	1008	997	990	970	955	945	937	926	931	986	1043	1063	1083	1084	1072	1076	1083	1073
1011	1015	1032	1032	1040	1042	1040	1040	1021	998	938	911	919	927	929	942	951	925	918	924	949	984	1019	1032	1034	1028	1005	983
916	927	916	922	921	927	918	922	915	920	918	917	914	913	913	919	916	912	911	913	913	911	913	912	919	916	910	911
919	917	913	913	920	913	916	918	915	920	919	916	917	917	911	913	916	916	912	913	920	916	916	920	923	911	917	911
910	911	916	914	911	909	918	920	931	924	916	910	916	926	937	925	920	920	935	885	905	912	939	923	849	889	924	917
912	925	916	910	919	930	945	956	950	928	919	930	965	991	997	966	950	989	986	641	676	921	753	874	794	834	926	919
935	975	982	949	942	997	1029	895	973	978	817	779	914	1036	1032	1056	1045	1060	1015	857	782	972	835	881	890	947	963	918
963	851	817	971	1001	1014	940	886	999	1034	883	861	929	965	984	1057	1007	1027	996	970	1029	1030	981	887	889	943	967	919
952	749	770	990	1035	969	688	713	993	1067	995	940	984	986	999	1007	1003	1022	989	996	1019	1017	1000	962	907	950	978	921
942	892	893	985	1040	1027	840	810	1033	1033	940	979	983	976	980	1007	1006	983	981	1001	994	1006	993	966	949	1011	958	924
919	897	895	954	1037	1036	992	990	1064	1014	923	981	966	984	984	1000	996	989	1003	1004	995	1002	988	996	991	992	928	917
969	880	889	936	1002	1042	1015	1015	1056	1015	947	902	982	984	973	979	989	1007	1008	1010	990	990	991	1015	982	963	926	914
1008	944	961	948	957	991	1021	1007	1014	1036	1019	949	964	987	1020	987	1005	1013	974	980	1003	988	965	985	986	972	914	917
981	989	1002	977	942	933	982	988	970	997	993	989	962	947	1030	1036	1000	999	961	967	1024	915	900	936	999	963	918	915
945	951	938	934	920	925	950	941	930	934	974	974	954	957	992	1038	986	993	977	981	1038	828	746	862	970	929	910	915
930	924	927	929	919	931	935	932	924	905	971	979	975	958	974	978	1011	990	941	998	1000	909	843	874	927	909	913	918
920	922	922	924	926	936	922	941	929	914	938	965	975	967	949	915	947	982	950	982	957	957	952	933	914	915	919	919
919	906	918	920	928	940	941	928	916	914	920	928	952	940	929	918	914	927	940	938	942	939	925	924	923	930	966	960
923	917	913	917	919	927	937	942	928	931	929	919	931	934	913	914	912	925	936	935	932	918	919	932	930	955	994	969
921	914	917	928	938	948	960	975	958	964	952	951	942	919	920	917	915	910	914	932	936	946	966	969	943	953	990	978
918	911	907	928	952	977	986	989	972	980	973	961	952	940	922	926	916	919	929	938	966	988	991	987	972	936	946	947
922	916	921	936	970	992	976	985	976	983	980	974	960	941	915	907	915	923	975	990	993	994	1000	996	978	934	914	938
924	915	912	925	949	985	965	963	962	975	959	958	964	961	962	949	948	992	1016	1014	986	977	975	974	960	939	951	979
929	922	914	921	931	957	952	940	935	934	961	1003	1016	1017	1053	1001	1019	1055	1039	1012	963	957	955	938	932	938	963	993
935	928	928	923	916	913	935	952	960	979	1023	1035	1036	1035	1058	1054	1049	1067	1064	1000	935	935	931	920	934	951	966	1017
954	922	916	917	913	932	1001	1032	1010	1007	1037	1047	1056	1060	1078	1075	1074	1077	1065	1014	976	960	926	931	933	948	980	1056
1012	947	921	948	991	1030	1041	1031	1030	1043	1038	1066	1077	1081	1069	1071	1074	1068	1061	1032	1021	1023	1006	962	952	977	1010	1065
999	968	967	1022	1032	1033	1037	1055	1052	1039	1004	1046	1068	1076	1086	1088	1071	1051	1049	1036	1042	1047	1038	1021	1038	1058	1061	1074
1019	1026	1047	1052	1047	1060	1076	1061	1056	1028	975	973	1007	1016	1015	1002	970	961	955	975	1016	1039	1064	1070	1075	1086	1068	1062
1038	1064	1062	1054	1068	1071	1066	1066	1037	991	921	914	930	922	924	926	929	924	922	924	931	974	1018	1045	1054	1056	1055	1043
922	931	920	939	937	922	920	923	914	919	916	918	916	918	909	913	919	915	912	914	910	917	914	916	922	916	919	913
927	917	912	918	917	915	919	927	915	908	913	919	927	927	930	925	911	917	916	916	916	914	915	917	918	908	912	910
924	914	915	910	917	917	915	818	696	781	898	919	948	984	959	968	926	917	922	885	908	913	915	923	920	916	919	918
922	941	956	951	935	931	960	819	706	880	941	964	1005	983	969	985	976	935	957	766	742	912	932	926	928	918	911	912
1010	1008	998	1051	1035	1032	1002	1040	1017	1015	1032	1027	985	944	907	960	1013	984	983	858	684	896	936	910	930	930	916	906
1018	973	986	1061	1068	1053	991	959	916	1044	1063	1045	978	959	909	963	1020	1016	988	899	860	944	932	907	920	929	924	915
987	1000	1031	997	1036	1011	903	848	907	1045	1043	1027	987	963	945	976	1025	1020	987	936	960	969	937	931	929	928	930	914
934	985	985	962	1001	1016	930	936	984	1006	1014	1030	1001	983	945	1003	1018	996	986	984	995	965	933	935	934	925	915	919
929	927	951	932	970	963	947	974	1007	997	1011	970	985	977	924	1021	1023	993	995	1005	984	955	934	918	913	917	914	916
983	932	930	941	1016	971	924	975	978	996	994	925	951	976	984	1010	1014	985	984	982	962	944	928	922	923	916	913	918
1014	923	895	950	1021	1075	1003	951	982	1040	1009	942	962	917	975	1010	1002	990	985	937	927	942	937	932	928	919	916	910
1023	964	849	934	1007	1022	1014	973	986	1049	904	862	941	913	937	1010	1003	983	969	911	917	944	924	939	962	943	924	915
1003	969	894	937	982	967	1000	979	988	961	900	940	949	943	959	1015	1002	992	976	959	956	937	952	998	987	963	936	916
976	965	944	964	973	913	943	959	951	917	956	984	950	931	981	1020	1008	1027	1020	1004	1005	977	1017	1040	1014	962	917	909
931	954	958	962	934	919	911	918	940	915	925	973	957	960	997	1007	1029	1049	1057	1051	1046	1044	1034	1027	993	934	915	914
925	919	923	918	922	914	911	912	916	912	914	919	928	937	954	992	1022	1047	1063	1061	1053	1042	995	951	927	923	914	924
922	914	917	912	917	919	946	957	954	953	977	985	980	966	954	968	1009	1047	1069	1068	1045	981	917	910	917	919	925	914
939	951	959	970	984	1021	1048	1054	1045	1055	1062	1056	1023	994	955	933	974	1015	1021	1024	991	923	918	922	916	913	919	911
957	987	1015	1045	1061	1074	1077	1066	1075	1083	1053	1062	1047	1042	1013	997	987	967	942	915	917	920	917	918	917	919	908	909
945	986	1030	1058	1072	1068	1071	1069	1058	1065	1082	1084	1083	1074	1026	1008	993	955	939	909	909	934	911	906	908	907	917	914
918	933	976	1021	1056	1065	1066	1066	1034	1039	1072	1080	1058	1002	990	1004	1000	980	939	919	919	913	907	911	915	916	913	909
919	923	916	938	965	994	1002	982	939	935	991	1018	986	957	991	977	992	1012	1008	989	939	922	917	916	914	914	921	926
907	921	922	921	914	925	931	925	921	914	927	939	954	990	1020	1040	1038	1041	1037	1034	1011	957	929	929	923	919	917	933
926	932	919	922	928	932	927	927	921	931	943	949	969	994	1045	1062	1064	1060	1047	1035	1044	1004	930	930	928	918	920	962
934	922	923	930	926	928	934	942	931	932	930	953	976	1004	1034	1065	1079	1068	1076	1071	1053	1006	946	920	937	924	927	958
909	927	924	927	934	932	932	935	936	925	912	924	943	973	1003	1068	1086	1090	1090	1072	1044	986	924	910	939	958	947	956
915	926	922	923	925	940	937	937	928	917	912	916	930	930	943	977	1025	1058	1056	1029	979	946	940	957	961	969	952	949
931	942	936	938	932	941	938	929	921	917	910	917	933	914	921	909	923	939	931	934	922	913	922	931	949	953	957	938
918	936	927	936	926	914	919	922	925	918	910	908	915	921	908	915	920	914	915	926	911	915	925	912	906	911	916	914
919	932	914	920	927	922	926	932	901	886	908	921	922	919	912	914	916	919	910	917	909	919	915	909	915	910	910	907
901	890	973	958	927	925	925	762	605	700	894	928	928	947	929	920	920	916	921	921	914	912	905	912	918	912	915	916
801	869	1010	1028	982	924	924	728	705	876	989	960	942	934	935	941	956	925	920	932	934	917	913	908	906	914	914	909
970	939	891	1001	1053	979	972	974	931	883	948	991	933	925	916	950	956	927	916	910	931	923	910	916	916	911	906	917
950	877	864	978	1051	1031	1010	1004	940	956	999	995	933	955	906	948	962	931	915	906	903	906	906	917	914	915	919	911
984	928	954	969	989	1025	1024	1021	996	1012	1029	984	969	983	962	959	949	928	917	919	916	913	905	915	917	914	918	919
961	984	979	991	980	1000	1011	1025	1009	1007	1027	984	962	979	978	970	947	916	919	916	914	915	915	920	919	907	906	912
989	994	995	994	986	1000	1001	1015	998	1005	994	970	957	963	954	954	931	910	906	913	910	909	912	911	917	934	939	919
1004	996	953	954	981	972	940	992	992	1004	993	959	952	943	932	924	917	913	918	908	914	915	911	924	995	1010	985	949
1027	940	834	919	985	985	963	968	961	1003	971	948	907	902	957	939	932	906	916	909	903	907	913	971	1039	1051	1037	974
970	906	818	930	940	972	971	976	980	992	944	944	963	975	1003	1018	1001	949	923	918	910	912	927	1003	1071	1069	1044	971
959	938	883	906	909	943	949	979	1013	990	986	1018	1025	1025	1042	1056	1051	1014	946	920	921	916	949	1054	1084	1076	1041	948
974	958	937	957	971	919	941	960	1011	1003	1010	1028	1018	1025	1052	1072	1072	1051	991	947	941	927	951	1021	1070	1039	953	905
946	963	967	970	927	920	932	950	980	1020	1025	1020	1029	1043	1057	1080	1070	1053	993	955	960	945	932	974	979	944	925	914
1005	976	925	913	906	913	910	920	944	974	996	996	1015	1025	1060	1074	1051	1019	972	959	948	933	921	915	918	923	937	935
1049	1037	964	902	911	905	920	913	911	917	932	950	971	992	1022	1003	1017	1001	993	975	947	917	915	913	947	935	927	915
1062	1070	1032	952	941	939	935	926	928	942	952	972	954	970	975	855	903	931	1004	986	937	914	919	930	922	912	919	917
1076	1095	1079	1010	970	945	956	943	946	952	981	995	972	1021	1045	1045	1045	1024	1019	1019	955	922	936	927	908	917	913	910
1079	1090	1043	994	972	965	969	946	938	946	997	993	991	1025	1083	1092	1080	1074	1058	1027	968	934	925	912	905	917	922	929
975	974	965	951	947	956	940	950	921	936	974	986	964	954	1027	1081	1090	1072	1053	1022	975	945	925	929	927	921	907	918
921	924	922	929	933	915	922	918	918	922	935	944	926	914	921	999	1040	1051	1047	1029	997	949	942	939	926	915	937	932
908	918	918	917	916	927	930	932	928	925	918	921	923	913	922	933	971	1012	1042	1054	1041	1021	959	933	925	917	918	922
948	947	929	936	939	923	918	932	932	932	939	920	913	920	925	952	977	1003	1059	1055	1046	1067	1011	941	934	916	918	912
915	927	924	936	929	940	936	927	929	928	927	924	935	929	943	967	991	1055	1079	1075	1075	1081	1049	946	918	908	914	918
910	926	913	914	914	916	928	917	912	909	926	927	920	907	917	939	982	1060	1092	1073	1080	1085	1041	946	904	917	915	913
912	918	908	905	906	911	910	914	911	923	911	913	920	915	916	921	948	1002	1071	1077	1069	1021	940	907	912	909	900	906
911	912	919	925	916	914	923	914	921	918	922	920	917	926	915	916	917	918	940	963	946	913	911	933	952	928	912	957
932	935	914	903	909	907	905	917	917	915	915	912	919	912	912	915	912	914	908	905	913	918	923	938	936	960	990	997
918	944	933	917	921	919	924	919	919	909	914	917	907	912	907	917	924	920	907	910	916	911	905	907	911	913	927	930
914	925	976	937	921	922	944	926	935	931	927	918	914	908	920	915	917	919	915	911	913	912	903	904	914	909	914	906
906	930	983	986	936	918	919	916	942	941	928	907	914	915	917	913	913	927	911	913	914	916	912	911	913	910	916	907
970	946	898	932	962	911	900	912	927	909	935	914	908	920	909	919	913	912	921	914	916	910	911	912	912	912	907	908
910	913	898	892	954	919	911	925	935	915	930	913	912	911	912	924	911	913	908	910	911	907	907	914	910	908	914	907
924	949	937	942	950	926	918	928	944	946	939	915	905	916	921	923	909	915	909	907	917	917	910	908	911	915	912	913
992	985	953	969	948	918	916	925	919	923	916	917	906	914	918	908	909	911	908	908	906	913	925	915	913	912	914	917
962	974	971	951	934	937	924	920	919	914	909	910	908	916	910	911	917	908	904	915	911	913	916	908	923	957	963	938
948	940	935	951	944	962	965	937	939	913	910	912	918	917	918	916	915	913	922	908	911	916	903	924	989	1033	1062	1040
943	904	863	957	979	982	1013	1017	1024	985	929	919	920	921	914	917	919	913	919	907	909	918	918	964	1022	1055	1076	1079
937	887	897	960	991	1012	1050	1058	1054	1062	1030	995	999	1003	984	967	945	913	912	914	914	909	925	953	1016	1036	1061	1060
928	931	946	947	983	1032	1064	1067	1070	1073	1071	1050	1039	1026	1017	998	948	921	909	913	915	909	911	928	980	1007	1021	981
917	926	930	934	932	1014	1068	1078	1081	1075	1057	1052	1035	1034	1025	1001	966	943	930	911	916	923	912	919	934	935	923	909
936	920	927	922	911	929	1010	1063	1071	1070	1049	1047	1037	1017	1002	968	943	928	914	922	927	921	908	914	910	914	919	921
1017	974	931	915	913	918	920	958	995	1017	1012	1007	1012	986	958	945	926	913	911	918	918	913	916	917	926	944	930	916
1063	1029	957	925	931	939	920	908	920	923	918	945	942	934	928	931	932	909	935	908	913	911	918	939	945	916	917	919
1070	1035	952	915	922	914	918	932	917	909	898	908	905	906	944	969	944	763	927	985	926	919	929	945	923	925	919	917
1065	1030	962	922	916	901	913	939	937	917	915	901	906	934	953	1000	1024	905	939	1060	1001	927	949	938	920	918	917	915
1034	989	929	919	915	912	914	915	930	939	930	917	923	932	955	1020	1054	1066	1053	1059	1064	978	943	954	900	915	922	938
953	931	911	911	912	913	907	909	915	921	914	912	915	915	933	1017	1050	1067	1076	1069	1064	1036	945	929	928	927	946	939
920	915	911	920	927	917	924	917	911	915	909	914	913	916	911	979	1041	1075	1090	1089	1083	1057	1030	944	939	920	931	911
948	931	921	923	937	936	914	932	934	925	922	914	915	927	918	917	951	1013	1062	1075	1081	1076	1054	984	931	926	919	924
937	932	923	929	931	932	929	945	947	925	929	921	918	921	916	921	927	970	1068	1094	1072	1055	1058	1023	939	924	925	928
918	923	915	915	917	923	919	915	924	923	920	921	925	930	922	924	925	1030	1085	1075	1078	1061	1062	1013	920	907	914	915
921	919	915	912	911	910	909	913	911	918	920	919	917	921	922	916	921	1014	1075	1064	1069	1069	1041	965	906	912	909	917
918	910	915	917	909	917	911	911	914	913	915	913	916	916	917	917	910	938	1011	1027	1012	997	943	912	922	934	958	966
929	940	949	949	946	942	931	928	930	924	923	918	914	916	908	915	918	920	914	946	937	913	919	928	985	1061	1058	1007
1003	988	969	945	936	922	926	926	923	922	923	921	921	919	916	925	929	933	943	960	967	991	1015	1036	1048	1050	1045	1054
942	931	927	914	913	921	920	915	917	911	913	910	913	911	925	921	909	915	915	913	922	926	936	960	970	995	1013	1034
914	913	928	912	912	926	925	913	914	913	914	915	916	918	921	915	917	912	915	916	917	908	907	916	918	924	937	952
917	911	919	927	931	938	924	912	917	912	913	910	913	923	920	912	919	914	911	914	919	919	921	915	912	906	907	908
924	923	926	971	929	917	925	913	912	916	916	911	908	917	919	912	912	910	919	919	910	913	913	915	914	914	914	912
915	922	932	936	917	906	912	908	906	907	907	913	913	910	909	916	921	914	913	915	914	915	920	914	908	908	912	912
909	923	922	912	905	910	920	919	914	909	910	920	910	918	917	921	919	913	920	917	919	916	915	915	915	917	914	916
909	916	925	932	938	918	913	912	915	920	915	920	917	917	922	929	913	911	916	912	916	915	916	914	910	919	919	915
917	916	933	968	992	972	925	917	921	917	923	919	918	916	919	920	920	916	916	916	915	924	920	912	916	917	917	919
913	923	964	1021	1060	1063	989	937	922	916	912	915	916	909	911	919	914	914	919	909	914	912	913	913	912	916	956	987
914	939	1013	1068	1083	1072	1019	975	954	934	918	915	912	913	908	914	914	918	920	919	917	915	906	912	919	935	1029	1069
904	924	1005	1069	1087	1059	1000	983	970	964	937	924	927	924	913	918	917	913	918	907	906	915	916	921	921	933	1026	1069
918	918	920	978	1026	1002	980	974	977	966	938	925	919	925	920	928	917	915	911	913	928	924	922	924	916	914	957	1004
928	922	935	933	932	955	967	974	970	959	945	930	924	924	928	940	919	917	916	932	927	917	915	913	914	920	914	908
919	925	938	938	926	924	934	944	944	931	926	924	922	926	919	915	922	929	929	934	915	912	922	917	909	908	928	941
921	921	919	922	945	955	956	937	919	924	912	914	908	917	919	924	937	941	935	920	914	916	920	926	934	950	947	928
941	930	916	921	917	928	948	948	907	911	907	919	908	907	913	924	926	921	920	919	917	918	931	958	941	924	915	915
949	917	911	907	913	915	921	968	932	917	904	910	901	910	912	912	922	931	922	925	917	934	958	930	913	914	917	918
944	918	918	922	915	918	915	941	938	911	920	916	922	922	909	912	923	930	933	936	948	983	970	922	920	925	915	933
920	916	913	934	925	920	919	916	933	918	917	920	927	919	912	914	941	951	966	969	964	954	957	933	923	924	939	932
921	929	926	929	949	948	924	910	918	919	927	931	931	922	917	925	943	965	982	993	984	949	934	927	913	934	954	916
957	964	934	929	953	930	944	933	937	942	930	924	925	918	916	914	921	946	990	1007	989	973	955	921	920	914	919	920
939	937	921	924	931	925	924	938	944	933	928	932	922	919	921	920	925	955	994	998	1001	986	956	929	919	919	922	918
919	924	916	910	911	923	924	924	932	930	926	938	931	923	924	928	925	946	996	1010	991	973	955	933	918	918	917	924
933	966	944	930	922	910	915	917	908	920	922	920	925	922	916	924	919	939	980	983	979	956	939	927	917	910	914	916
955	971	953	926	921	942	931	914	912	923	929	928	923	923	925	920	925	949	958	957	941	935	924	925	921	921	918	911
999	979	945	937	929	939	932	931	930	919	920	923	918	909	913	913	910	913	913	926	929	924	911	917	918	923	948	999
997	1004	1019	976	966	933	914	963	970	917	913	918	920	921	912	908	919	925	912	919	928	926	926	936	922	931	993	1018
1040	1038	1039	1026	1004	983	969	967	995	964	958	954	953	946	950	980	1027	1033	1034	1043	1028	1024	1046	1068	1069	1042	1029	1038
1032	1012	998	974	955	946	939	931	948	923	929	929	933	936	943	945	959	973	982	1000	998	1017	1049	1057	1054	1057	1057	1058
974	960	945	933	924	915	920	926	921	919	919	922	925	921	922	920	923	926	935	937	940	958	976	990	1011	1025	1050	1056
930	926	925	918	943	950	930	916	919	918	918	917	914	916	915	910	912	915	908	911	916	918	925	921	931	946	973	990
911	914	910	923	930	938	948	947	924	912	911	916	918	917	928	922	918	920	912	917	919	913	905	913	917	921	915	919
918	915	910	913	914	912	920	938	924	920	922	917	912	921	937	931	920	919	915	912	910	915	917	917	916	913	912	913
924	915	919	917	920	917	916	920	927	908	912	916	918	920	922	916	915	924	914	922	913	913	913	917	923	912	919	919
922	924	929	987	1025	998	947	916	926	925	910	913	919	924	914	914	917	918	919	917	920	920	914	921	923	924	915	913
920	918	988	1080	1090	1069	983	915	919	929	931	920	921	918	911	918	922	931	922	916	916	919	921	919	915	920	936	948
918	937	1042	1096	1091	1074	983	918	919	913	938	934	918	920	913	911	917	917	917	918	918	914	914	918	916	944	1021	1044
916	947	1035	1076	1076	1031	955	918	923	916	923	914	917	919	919	921	918	917	917	921	921	914	919	915	915	971	1063	1083
911	919	975	997	994	967	924	918	920	920	935	939	925	920	918	922	917	919	925	913	920	932	927	919	928	979	1064	1079
928	930	930	935	941	927	915	915	916	920	919	932	939	923	915	919	914	918	916	930	941	931	926	930	929	930	998	1021
929	931	942	933	922	917	914	909	914	911	907	914	937	933	931	926	920	918	934	937	926	919	914	918	912	912	916	908
921	919	925	942	937	941	925	914	912	922	919	912	931	934	934	931	920	930	943	925	912	919	921	915	919	913	913	919
914	910	917	932	949	950	950	927	921	919	925	923	931	944	930	922	935	946	922	914	919	921	919	917	925	940	951	940
918	915	918	912	911	912	944	963	922	912	917	915	928	942	929	938	955	927	925	919	913	914	929	932	932	928	924	918
916	909	920	923	925	919	929	979	927	925	926	921	936	932	923	938	921	920	930	931	942	942	928	921	916	920	922	921
912	922	927	920	926	919	925	961	927	925	933	935	938	928	936	927	921	931	938	943	948	935	923	917	918	911	923	942
922	918	922	950	965	981	960	955	940	919	924	944	935	938	923	917	930	944	952	953	945	939	934	925	933	943	965	946
927	923	944	956	971	966	939	923	914	916	926	926	928	932	923	929	921	959	948	950	942	930	943	954	954	952	923	905
924	929	929	922	925	918	923	924	927	926	932	927	921	933	936	927	944	944	930	940	927	943	936	930	935	920	917	926
926	930	922	920	928	928	926	922	924	929	926	917	922	926	937	950	957	928	935	928	941	927	917	909	913	918	921	918
909	919	920	919	926	920	918	931	943	923	933	930	922	914	939	961	931	921	937	937	928	921	912	912	922	910	920	919
937	954	945	932	921	919	926	946	959	922	937	973	935	932	956	939	937	943	932	918	910	914	916	920	915	917	921	924
985	1003	951	923	927	942	927	950	1010	944	938	987	964	953	928	924	951	947	920	923	907	917	919	911	916	916	925	915
952	973	959	938	954	973	925	948	1011	963	945	1003	963	923	930	957	953	935	914	919	936	943	953	966	939	923	917	929
919	933	952	930	948	962	936	966	975	939	1032	981	927	923	960	963	945	935	932	944	946	954	962	983	976	911	916	936
1041	1061	1062	1050	1048	1038	1009	978	973	1024	1024	986	981	982	1001	1032	1050	1051	1043	1048	1041	1008	1001	1017	1034	1033	1027	1027
1041	1042	1046	1042	1025	1001	1003	974	992	992	987	971	952	949	961	1014	1050	1051	1053	1051	1037	1028	1052	1051	1044	1033	1032	1043
1044	1031	1023	1009	983	952	965	960	975	964	948	949	932	937	940	972	990	1006	1013	1026	1002	1038	1060	1062	1067	1055	1051	1041
1018	998	981	961	948	936	937	932	932	929	925	932	922	919	927	927	933	940	945	959	958	971	999	1015	1034	1055	1049	1065
958	944	930	921	925	926	937	937	927	919	915	913	916	928	919	921	919	929	927	926	932	931	931	950	962	993	997	1005
918	916	914	917	919	915	919	936	930	935	938	925	918	917	916	921	913	922	920	912	911	910	917	916	921	922	922	930
924	922	922	919	918	920	914	921	934	929	918	932	929	916	919	916	912	912	910	916	916	919	915	915	918	912	917	918
925	922	924	947	986	1018	986	929	918	912	913	914	912	928	917	908	918	914	920	919	916	923	912	921	927	922	916	910
921	922	938	987	1052	1088	1072	971	923	912	930	931	917	913	909	917	908	913	919	909	917	913	923	917	915	921	938	942
909	919	946	1018	1082	1093	1078	985	920	908	926	923	925	928	930	914	917	919	928	927	923	913	912	927	960	1015	1057	1046
917	915	925	983	1042	1056	1022	945	919	912	912	915	918	913	919	920	918	917	921	923	915	905	914	945	1014	1063	1079	1083
909	909	919	918	915	937	939	912	918	924	920	917	916	924	918	922	917	919	916	907	914	922	920	964	1037	1062	1080	1084
916	920	907	917	915	912	911	917	924	926	926	923	929	916	915	912	920	917	920	936	934	926	924	946	1012	1052	1080	1071
933	932	922	912	915	915	909	911	915	915	924	923	934	918	907	919	920	906	928	930	917	916	905	908	934	980	1014	1001
925	917	942	943	921	914	920	919	914	918	928	935	955	927	919	913	909	920	945	928	915	918	919	922	918	918	924	919
922	914	922	945	930	920	910	908	919	918	919	936	947	916	905	922	909	914	916	932	916	916	929	924	921	917	920	926
911	909	917	932	934	944	935	933	932	923	914	928	938	917	928	924	924	915	931	949	922	927	922	916	939	936	935	925
912	915	919	922	920	913	918	942	955	954	935	920	943	937	926	927	925	925	928	940	936	947	947	936	933	928	913	920
917	923	919	920	912	913	922	944	937	932	931	942	957	941	935	929	910	935	935	926	932	916	911	912	914	909	922	923
938	924	916	918	925	932	948	949	955	916	930	975	954	950	942	924	922	929	919	910	915	924	924	915	910	926	946	950
954	953	933	924	943	964	966	959	936	911	948	971	948	955	947	931	917	922	923	917	927	925	918	937	955	959	960	936
926	946	953	928	924	956	962	964	954	948	964	942	934	947	932	921	924	926	928	924	938	933	943	954	944	935	916	916
922	933	948	935	927	922	948	961	971	992	957	916	920	925	932	936	932	925	937	953	955	948	935	918	917	921	919	923
930	936	955	925	930	918	946	971	979	968	976	946	931	922	940	953	918	923	961	994	977	959	947	935	929	927	913	910
919	947	922	924	917	923	932	990	963	926	931	949	925	934	963	943	939	964	978	943	925	926	924	935	928	914	915	920
919	945	919	917	914	907	898	942	977	925	921	957	955	957	941	941	974	966	950	929	928	919	917	913	905	902	914	915
955	965	942	915	921	932	911	917	935	942	942	964	944	933	913	933	941	957	934	944	957	943	951	961	932	914	916	918
1003	1002	946	907	916	934	934	947	942	932	950	949	923	910	913	936	959	947	920	943	934	924	936	980	957	949	945	930
978	986	983	989	978	972	965	948	933	953	988	946	936	951	957	958	970	982	975	981	969	949	940	955	962	953	950	936
1035	1044	1041	1051	1040	1025	1024	978	978	1015	1022	978	967	997	1008	1034	1037	1040	1044	1040	1026	994	983	1010	1019	1015	1022	1024
1034	1036	1044	1051	1041	1025	1020	991	1013	1029	1020	981	941	963	987	1036	1049	1052	1047	1045	1022	1033	1032	1048	1045	1039	1047	1040
1034	1036	1037	1037	1004	983	988	988	983	991	951	961	956	945	964	994	1013	1037	1039	1035	1013	1042	1046	1054	1051	1045	1031	1027
1028	1016	998	976	957	939	933	937	932	947	921	920	932	928	932	934	951	970	981	971	954	1000	1013	1030	1045	1042	1045	1051
972	962	942	936	924	916	924	924	924	929	934	922	930	918	923	917	920	924	928	930	940	949	966	980	994	1005	1015	1028
921	914	926	923	915	914	916	916	928	939	942	922	931	921	912	915	911	918	910	910	919	918	921	917	928	939	934	948
914	909	916	924	926	941	975	963	919	910	920	916	909	922	912	919	917	918	914	917	920	923	915	915	910	914	920	916
922	918	917	919	950	1031	1073	1080	1001	927	922	917	928	926	915	909	905	909	915	912	914	919	919	913	922	924	923	915
919	925	912	921	979	1062	1092	1077	1040	946	923	920	929	923	925	920	918	913	914	910	914	923	949	1002	1037	1014	970	935
921	909	917	911	945	1026	1071	1052	1018	950	915	918	926	926	921	913	916	916	914	920	913	925	1001	1069	1081	1065	1052	997
920	916	914	918	916	936	1004	1011	984	929	910	912	916	912	914	919	920	907	908	912	914	950	1018	1064	1083	1073	1062	1021
916	921	914	918	924	914	931	958	956	933	923	922	932	923	920	922	917	921	916	922	918	944	982	1031	1064	1063	1063	1003
930	921	923	916	908	918	912	923	919	919	932	927	924	926	917	928	940	935	925	922	933	923	947	952	961	982	994	957
932	919	924	919	916	913	923	924	915	915	930	934	923	924	936	965	974	970	937	927	919	919	922	921	920	917	917	920
927	931	930	924	910	916	915	925	924	916	920	923	936	961	992	1017	1011	980	944	937	917	918	920	917	920	914	921	920
928	919	925	932	924	925	920	912	924	924	942	978	1014	1029	1035	1034	1039	992	940	939	919	917	925	911	917	920	932	924
919	913	904	915	919	909	917	927	944	949	992	1025	1033	1043	1040	1035	1039	992	917	918	918	927	932	917	933	938	919	919
912	919	919	917	916	925	933	943	943	968	1009	1032	1044	1044	1036	1033	1007	965	915	916	922	915	918	915	919	916	916	921
913	917	923	920	925	931	911	908	921	976	1031	1052	1049	1048	1052	1023	965	928	926	913	932	916	925	923	916	916	921	936
919	916	924	920	915	906	907	915	934	969	1018	1041	1055	1052	1045	997	931	916	927	911	923	929	923	923	928	923	948	967
925	926	920	918	923	926	921	917	922	940	970	989	1011	1009	983	925	918	909	926	935	920	931	934	928	933	948	933	925
919	920	922	921	916	918	921	913	924	927	937	928	927	926	919	915	922	920	920	920	923	937	935	924	934	934	916	925
928	945	939	922	915	908	928	916	905	919	925	930	933	929	924	922	919	920	912	918	922	938	938	939	950	933	912	912
958	1004	988	933	923	917	906	922	915	914	914	920	915	925	931	929	935	937	933	933	920	921	930	973	971	916	925	917
1022	1048	1014	925	910	922	915	911	908	917	893	905	919	910	917	926	928	920	917	920	921	916	929	942	945	930	914	924
1064	1081	1024	917	933	918	914	910	921	852	792	858	952	954	937	923	914	917	921	915	929	931	932	931	962	945	930	934
1083	1062	982	908	916	920	919	919	958	896	856	949	999	957	931	886	854	881	920	925	921	926	923	949	938	975	948	928
