93	92	88	104	114	123	129	131	131	126	111	95	76	52	69	80	91	105	114	120	136	135	125	122	116	120	122	132
100	83	86	107	117	121	125	129	133	129	118	107	93	112	104	95	90	98	100	119	129	123	117	113	112	113	120	125
90	65	79	109	118	126	132	135	137	134	128	115	109	134	109	99	101	76	83	104	107	94	97	117	115	122	118	123
76	70	74	107	127	136	143	147	152	151	147	142	129	121	105	90	106	96	82	87	83	87	99	123	135	121	121	119
87	91	84	107	125	137	140	138	135	136	136	141	119	110	101	103	112	95	80	76	77	86	96	114	129	122	117	123
122	116	114	118	122	129	130	128	124	116	118	113	119	117	106	99	87	95	92	76	76	78	86	96	105	120	130	121
125	122	133	131	119	121	126	124	125	125	127	123	127	118	100	74	58	85	80	59	92	85	89	91	91	102	131	136
113	108	120	144	124	118	119	118	122	122	123	129	134	118	91	69	69	70	70	49	102	108	99	94	88	85	111	136
96	94	107	130	130	114	106	103	102	112	122	129	127	111	92	78	58	55	80	60	84	122	106	98	89	88	110	122
85	62	86	120	110	113	113	99	90	104	119	128	130	112	102	103	67	50	94	75	66	111	103	101	96	101	108	109
49	48	63	91	99	104	112	105	94	92	100	112	122	127	124	122	106	87	98	89	46	77	93	95	95	100	109	111
30	33	35	58	98	113	102	92	93	91	80	89	114	125	122	123	129	115	89	99	54	56	93	94	95	87	105	114
23	28	29	39	76	110	108	97	89	81	87	103	111	112	112	116	115	119	96	103	64	38	91	102	97	96	112	116
15	18	23	29	38	79	110	95	88	82	98	117	110	106	105	106	109	112	108	100	84	38	79	104	92	103	113	112
71	59	40	25	40	90	112	82	93	101	133	144	125	100	102	103	106	104	115	93	92	45	69	99	86	112	117	113
57	67	87	88	107	120	119	100	108	121	110	121	114	103	96	99	98	96	102	101	82	48	69	102	105	114	115	113
57	55	81	86	91	88	93	93	93	115	133	138	148	138	110	102	104	102	100	107	81	46	70	98	108	108	114	108
71	63	71	82	91	86	80	87	75	69	102	110	98	108	122	107	100	92	94	96	85	46	65	100	117	115	117	103
42	65	61	67	75	83	70	89	106	90	82	91	127	123	113	108	94	85	90	92	78	52	66	115	114	114	110	93
79	79	61	68	68	66	71	76	86	75	77	79	143	170	123	116	128	116	103	94	72	67	91	127	120	117	109	98
95	88	67	61	62	69	74	76	75	73	70	66	110	136	117	88	113	150	131	100	75	80	123	127	122	115	100	106
91	83	73	67	61	55	70	73	72	64	73	92	81	96	118	88	89	137	150	123	92	92	131	122	117	114	92	101
91	86	67	66	54	45	60	63	64	65	58	84	94	68	72	71	84	107	110	112	103	107	109	108	119	112	90	97
84	84	69	69	52	48	60	58	55	55	56	76	97	114	83	69	86	98	90	115	108	105	99	90	105	105	93	94
72	68	89	87	56	57	54	60	56	54	55	71	120	140	101	91	92	102	73	106	114	115	110	101	109	106	93	97
21	28	58	106	97	60	45	47	56	57	51	82	147	156	110	95	93	86	76	82	106	110	113	111	109	107	98	99
30	27	11	22	82	108	54	41	44	46	54	104	143	145	132	90	88	78	68	80	96	99	102	106	102	106	103	91
66	68	40	14	13	85	122	67	54	58	87	116	149	141	123	88	83	89	78	81	90	97	96	99	97	96	102	91
145	133	129	155	155	156	161	168	170	175	154	150	158	133	186	203	161	148	161	175	164	128	136	140	144	145	159	169
138	119	124	150	151	152	154	162	168	166	160	172	158	161	190	175	146	166	171	172	149	119	143	152	141	145	156	168
145	131	128	146	153	156	158	161	170	166	148	151	169	188	187	157	162	175	172	160	135	121	126	145	146	150	157	169
163	169	159	151	152	162	169	175	186	186	166	141	169	177	170	183	175	164	157	144	132	126	119	119	126	135	142	160
171	162	176	173	162	163	173	181	184	197	188	180	182	175	178	177	173	167	153	140	137	125	120	115	118	145	155	167
133	122	159	185	168	158	163	170	171	186	191	170	151	132	137	153	151	167	161	122	119	112	112	121	119	155	171	166
106	112	132	182	189	166	160	160	151	144	162	160	155	149	129	118	138	147	132	65	109	106	113	125	122	149	170	180
83	109	119	151	184	176	152	148	142	130	127	129	114	135	158	125	127	121	76	29	98	115	113	127	125	150	171	161
41	65	89	125	150	177	168	147	138	131	122	118	110	123	160	182	154	108	85	54	85	130	115	125	119	147	173	158
22	27	34	93	133	150	167	149	129	124	127	120	110	122	139	172	178	102	99	87	59	122	114	124	121	143	166	166
18	22	25	51	107	136	146	139	127	124	123	112	128	140	151	152	155	110	105	110	55	102	119	130	127	143	166	163
19	19	23	26	59	118	134	118	110	119	134	125	136	142	150	155	149	158	98	115	77	67	123	130	129	142	157	158
20	15	17	22	26	69	140	120	102	121	150	142	130	139	144	151	153	167	135	107	94	43	115	140	124	142	151	158
27	23	13	15	11	65	150	124	126	155	165	163	126	138	141	139	145	146	155	121	107	39	95	142	124	153	153	154
92	86	79	49	37	118	170	133	147	211	192	172	159	133	135	134	135	138	156	127	123	59	80	139	138	154	151	154
34	51	91	105	116	140	141	140	184	195	156	163	171	156	124	128	125	122	138	136	142	78	68	133	146	151	160	163
47	37	70	114	105	107	102	103	117	141	193	197	167	177	160	132	132	129	129	130	131	76	69	134	154	154	154	154
71	63	51	57	101	110	122	117	113	103	150	165	166	154	170	155	136	131	122	126	134	77	77	142	163	151	155	153
49	65	69	66	49	85	117	136	119	107	78	180	249	161	145	130	108	134	124	118	112	86	96	155	164	162	156	140
39	28	62	88	59	35	57	87	107	103	96	168	210	170	122	131	103	154	160	142	105	95	132	173	167	165	157	136
85	63	46	92	98	94	102	87	82	95	103	110	140	134	125	110	119	190	194	184	134	116	179	172	179	158	153	130
70	96	63	115	121	84	129	125	110	88	90	117	101	103	119	106	115	151	181	202	166	148	160	163	160	152	144	136
105	75	70	134	88	45	109	113	112	115	97	109	103	81	72	80	114	160	154	161	138	148	139	149	158	154	141	135
71	55	109	111	77	53	99	95	89	103	103	99	102	107	93	83	87	135	144	142	138	147	147	145	149	161	126	125
92	89	95	87	91	87	96	97	82	97	111	134	181	180	116	105	104	104	101	130	159	158	145	148	153	159	120	125
60	51	74	118	91	98	86	83	90	105	123	184	222	208	160	118	111	95	97	97	151	163	150	152	157	160	112	115
31	25	25	62	137	114	85	79	105	106	113	195	217	181	149	123	126	106	98	103	132	154	144	150	151	156	121	114
84	84	49	20	83	177	150	85	99	92	111	173	204	163	114	111	121	116	109	102	118	123	125	139	151	147	123	110
162	150	163	199	224	236	238	242	218	115	94	126	137	159	204	182	177	202	214	206	163	156	164	183	195	189	191	200
198	161	177	208	219	227	239	255	212	142	141	137	152	189	172	144	180	216	208	186	169	163	155	156	190	209	206	201
221	204	208	223	229	242	241	246	224	166	148	144	159	174	129	155	189	195	196	175	169	162	158	147	159	190	206	205
197	197	218	229	235	237	230	214	220	182	166	167	192	159	155	184	195	191	189	168	160	154	152	146	159	206	208	208
147	139	174	218	227	226	195	168	197	210	183	211	174	173	206	209	198	189	195	141	150	150	148	150	163	198	197	197
111	110	130	161	193	203	177	145	141	207	181	142	180	189	177	183	187	200	187	80	123	145	145	154	162	202	198	198
60	74	91	126	168	182	168	163	107	126	174	134	165	206	199	166	163	184	154	34	96	146	142	156	158	196	202	197
18	27	42	79	136	168	172	178	166	121	152	123	142	168	207	192	130	141	126	46	101	162	151	159	156	188	190	179
9	9	10	33	101	157	163	167	177	148	157	131	145	169	169	205	146	140	137	72	111	163	148	157	152	187	195	191
8	8	6	13	64	134	153	156	181	169	169	151	154	174	168	170	208	162	120	84	98	155	141	157	160	182	186	194
10	8	11	12	30	91	139	145	184	189	193	156	167	170	160	164	186	208	126	74	95	146	145	159	162	182	186	194
15	11	14	17	19	46	129	144	173	208	196	159	167	170	158	157	174	170	171	106	95	115	149	149	161	180	187	197
17	14	13	18	19	30	135	152	184	193	184	163	146	161	154	152	162	164	180	135	96	76	139	153	166	187	183	193
15	11	12	22	25	93	193	165	192	228	206	187	140	152	149	147	153	175	205	159	92	65	134	164	167	184	171	180
102	100	77	87	110	158	190	200	203	231	221	201	159	127	148	140	147	164	192	199	141	67	113	161	173	189	182	210
61	67	106	127	132	124	130	146	200	203	196	198	191	130	112	133	134	138	154	135	184	99	90	177	182	191	198	198
48	37	73	124	132	131	117	122	138	176	215	224	207	212	176	142	148	145	148	150	170	100	69	181	180	187	197	180
85	71	35	65	137	145	135	123	130	129	181	173	185	213	232	209	173	170	171	181	193	98	70	190	186	183	190	176
76	79	78	41	46	110	141	137	132	112	122	257	249	161	190	201	203	198	185	204	203	82	92	198	199	195	190	190
44	35	79	112	50	29	48	80	114	130	147	269	257	167	149	141	110	207	220	234	231	88	169	218	211	199	191	171
75	65	77	94	111	117	121	94	71	89	98	155	159	147	137	109	63	168	203	237	222	143	207	195	190	188	196	168
67	81	117	109	146	116	117	136	122	99	82	73	121	147	130	134	74	131	186	198	177	176	170	174	183	189	187	149
77	82	142	136	128	106	99	87	105	119	124	110	105	116	155	224	238	205	205	185	171	196	191	175	189	192	169	135
107	123	165	147	133	103	98	74	80	107	115	136	122	100	99	119	160	208	187	194	183	184	164	193	189	199	144	125
96	103	120	127	138	118	98	80	70	83	92	136	137	132	117	118	125	125	133	191	198	180	180	192	198	198	140	141
44	43	54	76	100	136	102	71	73	75	87	152	188	219	255	153	132	163	149	141	200	196	185	187	194	188	112	152
66	42	25	37	91	136	119	78	83	78	84	173	234	218	231	171	141	148	133	121	154	184	175	195	200	168	122	161
114	106	57	25	68	158	128	74	76	80	81	152	240	213	204	181	150	154	116	119	148	146	129	154	173	153	125	150
165	157	158	189	190	173	157	202	222	87	30	36	30	44	110	193	221	221	219	197	180	177	163	180	215	219	221	225
170	150	161	186	189	197	172	200	198	104	48	44	43	69	127	194	210	212	216	215	185	179	174	170	212	223	220	212
164	159	172	178	186	187	168	167	196	155	106	63	68	102	153	208	205	206	219	199	156	173	176	171	208	231	221	202
132	146	140	141	134	125	123	113	125	137	156	137	122	148	201	206	208	206	195	110	100	166	167	164	195	227	233	220
88	106	75	76	67	82	104	127	146	159	161	153	203	214	218	230	251	234	149	35	76	171	170	165	184	216	216	224
39	49	34	30	40	68	127	145	154	202	195	168	202	248	209	215	253	249	151	40	57	168	176	172	182	217	203	213
12	13	17	23	40	56	119	134	91	184	192	203	157	198	238	181	172	186	172	73	63	174	179	174	179	213	216	206
11	12	13	14	25	60	136	169	122	143	189	191	186	152	205	187	128	164	181	105	88	190	185	177	182	195	203	193
7	6	9	8	14	51	121	185	162	157	198	206	177	170	159	202	159	116	172	125	102	182	182	178	185	203	203	205
11	5	4	6	10	32	93	151	181	173	222	220	181	165	153	154	192	152	135	134	110	171	171	176	181	204	201	203
22	17	14	17	22	25	74	140	208	192	251	247	189	163	143	147	162	211	166	120	112	177	173	178	182	195	188	197
36	32	33	37	39	30	60	146	209	230	243	191	172	162	136	136	161	185	222	193	120	153	169	173	185	201	191	193
39	36	36	41	39	39	134	163	209	243	269	194	155	157	129	125	145	158	215	250	139	131	181	183	222	201	197	205
26	25	23	33	48	116	209	181	208	244	256	232	155	164	165	134	125	182	212	246	146	127	203	213	214	194	198	193
58	56	73	113	150	169	195	231	213	255	267	213	179	131	160	170	186	207	211	234	167	111	195	190	198	197	199	227
113	128	149	153	133	128	139	178	227	200	190	205	210	172	143	190	206	208	205	236	214	95	156	237	202	194	223	223
94	99	138	157	152	144	138	139	158	185	229	230	217	199	180	179	197	211	227	231	258	111	81	216	193	198	206	205
107	89	88	142	160	149	139	144	141	149	145	173	207	224	232	247	243	244	235	240	255	130	38	185	212	209	223	219
118	102	101	84	108	123	116	128	145	142	169	249	177	182	240	251	242	219	231	286	305	120	49	202	215	216	220	207
111	120	153	161	112	109	102	98	122	112	218	335	281	170	196	214	220	224	217	239	275	141	160	248	223	225	219	184
97	105	123	141	175	140	119	122	114	125	161	265	192	175	150	148	111	190	220	210	203	201	216	197	207	215	203	181
108	116	150	133	129	125	121	110	123	122	110	106	141	158	154	119	26	128	219	196	190	187	187	180	200	216	218	189
138	139	138	108	124	170	169	139	119	144	146	138	135	136	247	292	159	133	223	219	204	216	216	207	208	220	206	171
102	99	110	131	151	150	165	155	147	120	167	174	155	147	185	227	223	189	208	214	213	207	215	217	215	217	171	153
40	38	43	80	174	164	137	160	161	122	125	197	192	171	143	137	143	171	182	215	197	203	212	223	228	216	162	165
67	31	17	70	160	180	126	138	155	136	111	175	218	247	181	141	151	194	171	179	189	193	205	215	218	174	136	180
123	91	33	92	187	150	135	134	150	137	118	141	183	226	201	131	161	187	175	162	140	127	132	159	165	121	161	183
120	127	80	68	184	159	133	141	136	125	113	146	152	158	183	192	154	182	158	147	100	53	52	72	141	127	182	179
85	166	91	166	212	220	195	110	87	20	5	7	7	8	23	179	224	230	226	221	198	183	175	171	212	181	219	233
85	154	76	145	205	221	198	102	102	28	7	7	8	5	71	207	225	234	255	231	134	153	174	168	207	225	214	225
87	123	62	108	175	199	174	88	121	55	15	12	10	25	122	208	225	236	207	101	44	107	174	172	198	243	222	213
75	94	46	35	111	152	107	95	141	105	45	31	39	99	192	234	246	245	116	15	21	121	180	174	187	232	232	220
53	66	12	7	74	106	66	117	148	159	142	150	185	214	254	284	283	248	136	68	51	141	186	179	185	225	223	230
55	39	4	7	29	39	66	156	193	229	214	238	273	275	240	224	203	204	164	144	70	140	186	178	183	218	212	235
38	14	4	5	5	2	109	146	145	210	193	194	199	230	248	173	174	188	186	175	101	135	185	176	174	215	215	221
9	1	3	4	3	2	116	142	139	186	181	166	185	189	184	210	176	175	187	185	149	137	188	177	172	203	215	224
0	0	1	2	3	0	31	125	145	207	259	171	157	214	206	178	204	177	180	191	177	147	191	172	168	196	196	218
2	0	1	2	3	14	43	92	153	216	289	217	142	192	219	195	169	202	160	171	185	140	179	165	165	214	201	222
11	8	5	7	8	43	97	134	185	203	299	246	165	196	199	210	180	172	190	161	186	143	177	159	170	209	194	214
22	18	14	18	16	63	114	141	199	195	271	249	205	218	207	191	191	175	191	259	209	140	183	164	200	219	205	212
26	21	22	21	17	66	163	117	183	210	227	257	249	241	217	172	167	167	182	239	237	154	191	205	239	218	223	220
31	31	28	24	46	82	203	169	208	222	211	248	260	254	232	152	158	166	178	212	245	165	211	235	230	204	212	222
33	33	35	95	155	164	209	252	239	222	225	206	192	237	253	196	158	162	170	187	232	152	214	222	220	210	213	210
50	70	145	176	136	141	171	221	228	224	205	187	147	206	255	266	219	202	203	212	235	134	158	233	223	211	206	216
65	111	164	158	146	129	149	171	178	202	206	214	147	163	247	259	281	258	266	266	267	120	73	196	210	197	219	231
93	102	132	144	133	117	136	156	166	168	197	203	202	176	210	253	237	221	224	236	251	96	43	131	229	226	227	225
108	106	113	125	124	133	122	138	139	144	181	192	173	191	171	175	184	193	219	254	277	110	70	142	204	206	237	214
115	123	112	122	140	160	161	143	138	115	191	321	252	141	218	231	234	232	249	248	254	163	128	234	264	258	225	199
70	85	83	99	138	142	122	130	137	160	228	336	269	159	191	244	235	229	234	226	216	226	217	199	205	215	210	203
66	47	58	94	117	156	140	126	122	126	156	211	199	180	161	167	127	102	200	225	227	225	219	220	214	218	207	193
60	53	55	105	115	154	171	131	151	171	161	153	149	189	325	258	83	52	133	209	214	214	209	215	208	200	174	157
40	29	47	145	120	146	177	154	158	179	194	175	185	248	296	321	162	109	173	158	167	185	188	190	185	178	158	155
80	45	23	123	129	120	147	179	188	210	234	231	215	206	220	213	159	172	233	172	118	152	173	180	185	163	152	145
125	92	43	83	143	78	148	195	184	160	189	232	216	167	119	137	152	168	153	184	130	114	138	168	181	152	153	138
131	125	88	68	99	53	95	159	175	192	178	170	198	178	153	111	143	149	146	140	107	50	31	75	165	147	141	137
131	136	110	46	52	31	71	131	201	246	190	176	153	153	165	157	132	134	148	78	14	3	3	4	98	147	138	137
113	217	126	232	267	253	235	91	10	8	7	7	7	11	14	129	213	253	246	197	133	104	196	165	174	155	206	229
108	231	99	174	245	246	256	132	33	8	7	7	9	7	54	195	219	222	179	113	49	48	164	173	185	203	213	218
110	238	80	171	226	220	265	163	88	11	8	12	7	26	172	240	251	203	90	24	24	30	141	179	187	215	229	211
159	214	95	92	165	176	227	184	182	67	12	39	89	149	223	267	277	195	135	65	92	58	155	187	181	225	229	213
123	160	81	8	60	160	196	139	156	159	101	174	201	247	245	244	207	184	176	163	169	79	164	191	172	218	241	227
119	104	21	7	36	97	100	119	132	136	198	211	214	251	283	194	169	177	180	182	172	88	169	190	166	206	228	229
138	70	6	7	6	43	147	187	215	197	193	251	301	276	252	238	174	155	180	179	196	115	165	184	164	194	226	221
95	48	8	8	3	92	156	163	209	237	179	177	225	266	244	238	263	166	151	185	202	135	160	177	160	189	235	244
56	34	12	7	3	82	141	125	160	227	193	155	181	205	233	273	269	222	171	186	199	139	159	174	155	192	226	246
54	32	14	8	4	98	175	141	195	251	264	179	183	199	242	270	254	242	207	197	187	141	163	173	160	207	231	217
36	29	16	9	5	118	176	149	178	204	272	250	199	210	223	265	257	212	214	244	186	151	171	170	169	225	221	214
43	42	32	19	13	115	164	99	169	191	247	275	247	198	202	224	247	198	187	237	249	208	200	183	203	242	237	238
62	57	54	42	24	78	187	123	136	179	189	251	260	220	194	201	204	192	188	196	249	248	201	170	205	224	232	236
87	77	72	90	106	86	153	197	143	164	158	186	175	248	211	197	197	180	200	186	211	218	188	183	199	193	212	228
99	83	77	101	131	161	155	230	221	180	173	143	131	211	251	184	200	196	198	190	190	201	198	227	202	188	199	219
86	73	73	85	76	127	185	234	252	220	204	177	150	198	311	229	185	182	182	182	175	187	144	178	189	192	198	215
97	92	90	97	71	89	141	191	217	216	186	203	195	207	255	288	215	176	177	184	185	174	63	129	176	192	219	222
133	113	114	102	88	71	115	139	146	188	182	172	193	182	180	249	256	213	186	191	193	99	64	79	127	197	219	233
157	139	136	125	113	116	114	121	118	129	168	175	150	157	152	121	168	210	208	182	120	54	140	109	161	222	273	256
104	133	134	153	134	115	128	144	139	126	120	180	201	87	115	202	153	160	184	164	138	145	161	151	198	214	203	192
54	79	95	129	129	124	136	124	128	140	161	290	313	158	94	199	257	224	143	143	189	196	185	195	188	156	158	177
47	44	103	138	92	138	127	115	160	193	203	293	300	213	127	120	166	109	161	180	176	162	206	191	175	170	133	154
46	33	95	161	59	162	181	126	171	261	264	211	231	207	205	170	107	46	33	95	98	109	161	148	140	114	56	26
79	58	56	103	49	135	202	184	191	249	219	212	271	257	289	268	116	56	28	18	36	78	127	98	99	101	55	21
125	108	52	37	30	73	152	181	203	210	194	227	238	273	300	277	132	99	88	38	29	49	87	90	90	100	72	29
135	134	107	38	19	34	87	157	179	137	193	265	262	269	270	191	99	134	134	81	49	40	43	90	107	122	119	63
138	133	131	59	22	30	49	95	122	185	273	286	280	280	259	127	37	94	137	79	45	29	17	36	101	139	147	105
134	135	131	57	37	37	35	54	108	197	249	262	269	247	151	65	37	55	75	24	9	7	7	4	47	123	140	125
117	201	240	130	148	178	67	3	6	7	8	8	5	4	11	138	278	241	178	123	82	50	146	198	83	122	214	210
111	199	235	119	142	160	127	17	6	7	7	8	3	9	95	225	237	171	104	39	47	21	119	205	113	120	216	208
97	193	182	89	173	151	157	59	7	5	3	7	20	109	231	258	223	165	138	64	78	24	86	193	147	120	217	205
94	169	132	97	148	163	174	188	95	41	62	51	145	251	268	236	196	182	193	134	176	60	85	180	159	143	202	203
90	128	142	112	96	166	173	189	218	208	213	239	280	222	188	161	183	196	185	191	201	93	91	178	161	150	193	211
110	104	90	62	61	149	178	140	156	151	186	200	189	246	222	180	174	201	188	189	203	133	106	181	163	149	193	218
113	122	99	85	82	118	165	167	177	171	219	268	286	294	260	247	198	114	166	223	208	150	110	173	161	147	200	223
114	121	135	108	101	165	173	200	208	174	195	227	254	265	249	217	236	177	151	223	192	180	123	167	156	143	203	228
152	140	134	92	92	158	212	219	195	165	152	222	208	226	248	272	252	233	210	213	178	156	130	169	150	141	212	252
168	141	120	86	94	145	193	184	223	230	162	206	201	204	242	228	244	233	259	229	172	167	118	156	142	144	214	220
132	119	104	85	100	154	200	167	206	246	214	187	204	200	202	211	220	221	238	228	177	162	113	136	111	143	212	217
134	135	117	100	103	143	216	194	172	205	272	244	211	195	176	172	183	182	199	210	193	165	160	145	116	131	190	225
130	125	117	103	114	141	205	185	149	143	156	149	169	205	173	164	164	171	179	191	189	154	122	92	79	98	174	237
112	120	102	83	106	140	163	152	115	112	140	149	132	196	194	183	164	162	170	170	144	119	104	92	84	93	149	233
141	145	130	91	104	124	165	173	143	113	142	153	168	189	204	171	159	142	143	134	127	134	133	140	114	97	133	219
167	167	157	128	105	129	141	173	193	150	128	138	169	205	212	154	145	129	120	128	134	135	141	106	91	95	119	204
187	177	158	149	126	117	138	138	176	167	124	129	178	140	130	162	143	139	137	157	150	139	96	69	133	134	147	202
218	197	194	176	150	122	124	116	140	150	130	96	114	112	96	158	162	139	149	137	130	119	76	129	152	169	187	189
208	156	172	198	207	141	96	82	90	101	92	80	84	68	82	95	173	148	106	103	108	117	153	168	171	197	221	239
54	119	133	146	202	188	100	78	72	74	57	59	79	30	20	57	120	157	151	142	145	178	169	155	165	148	135	171
35	66	151	90	131	188	156	99	126	108	72	135	200	134	17	21	105	163	143	148	190	171	141	153	161	154	182	179
61	48	101	75	57	129	136	121	145	168	124	155	314	283	77	7	30	107	125	149	110	58	86	132	148	150	161	183
85	71	67	53	35	100	151	122	104	175	186	167	239	205	71	23	15	23	55	39	16	35	87	121	94	41	37	71
121	111	82	46	43	75	127	151	119	184	198	193	147	76	79	45	31	16	13	16	26	42	55	23	9	7	11	27
126	128	85	39	42	60	99	127	142	131	114	131	54	70	113	79	31	28	9	17	32	38	28	14	17	27	27	30
128	131	105	43	32	31	46	75	82	53	67	82	53	93	103	65	36	62	33	17	22	29	39	78	81	78	70	57
129	134	114	55	32	32	37	45	38	43	80	69	46	62	61	41	34	56	75	25	11	9	15	49	87	116	132	115
132	136	120	57	42	46	63	61	40	44	52	71	71	35	33	14	11	14	20	10	6	7	5	2	21	85	122	141
80	145	247	149	219	117	17	3	7	6	5	3	10	30	90	205	229	171	141	49	98	93	133	189	130	132	210	195
35	81	238	136	174	164	110	27	10	4	3	4	30	72	155	221	197	172	157	83	100	37	91	206	159	97	202	186
21	61	158	109	151	172	150	104	51	23	15	42	86	153	208	188	193	189	183	104	149	81	37	186	188	91	180	192
30	58	97	92	151	192	223	165	134	144	173	134	188	200	173	174	199	193	191	172	183	143	38	188	191	124	154	209
43	51	77	129	167	188	221	239	238	211	211	239	259	222	165	179	180	220	183	191	198	164	53	145	193	137	126	215
30	52	80	111	142	176	175	141	126	147	142	166	156	230	206	216	172	149	183	253	217	177	80	125	195	140	105	198
27	53	81	90	127	152	164	154	162	154	173	210	228	270	238	199	211	104	174	264	193	180	104	126	200	148	79	187
35	44	46	36	60	133	163	163	171	150	156	185	217	223	228	199	202	161	177	165	162	188	139	112	200	143	74	187
43	43	37	25	38	98	170	188	181	169	146	156	164	204	208	182	175	172	171	106	155	168	146	115	171	125	73	183
48	55	31	23	36	89	171	182	171	171	156	146	150	169	184	159	147	155	150	118	134	200	189	127	130	85	73	188
73	80	49	46	75	126	171	171	188	172	133	122	118	145	149	134	131	128	116	102	91	164	187	125	108	50	75	189
63	129	123	110	140	164	184	176	140	172	160	131	119	111	124	120	117	115	94	90	82	49	137	122	92	46	75	197
34	120	170	167	209	208	179	169	154	120	111	113	111	113	122	125	113	102	107	124	127	52	55	101	78	52	96	204
39	101	176	191	229	257	207	149	120	96	103	111	105	113	122	125	111	99	116	138	128	99	43	69	76	50	126	210
68	144	208	191	235	261	241	200	141	96	110	103	103	113	110	106	102	103	122	131	103	100	86	64	59	59	149	220
162	184	212	226	238	241	217	205	216	148	112	109	122	150	110	84	93	109	129	111	103	105	103	54	53	86	156	223
161	225	213	227	246	167	169	179	207	213	173	109	98	118	114	76	84	112	126	101	102	106	79	77	120	130	170	182
254	114	185	222	177	64	55	79	151	204	201	165	67	54	120	138	109	107	102	85	76	70	92	139	147	151	187	204
274	117	35	119	171	77	19	22	41	123	176	178	139	33	43	85	93	72	79	100	113	135	133	132	138	152	193	219
121	107	57	33	96	106	13	18	20	26	71	132	156	91	16	21	48	94	106	100	109	114	98	84	119	150	191	188
106	97	85	47	34	81	38	9	17	18	16	65	153	155	37	9	13	68	104	98	83	62	49	62	111	163	182	170
129	124	107	74	46	47	69	35	16	13	9	25	135	178	62	7	10	20	47	47	35	26	28	67	121	171	232	218
134	127	130	99	48	33	51	57	55	35	14	12	48	97	50	11	12	14	18	28	44	42	42	82	96	114	180	212
130	125	135	110	50	28	35	54	86	76	39	17	10	22	17	12	9	10	13	16	23	32	40	55	61	82	133	169
133	129	132	117	69	37	35	48	64	55	46	25	15	8	1	6	7	8	10	16	27	24	30	48	51	65	131	155
137	135	126	116	89	57	43	41	52	63	47	19	9	3	0	4	8	6	8	11	25	43	47	42	24	34	100	149
131	132	123	114	103	83	70	73	70	68	60	38	15	3	2	7	11	28	41	12	9	9	12	13	9	19	77	140
127	130	127	116	113	107	127	144	109	98	91	80	34	5	6	10	14	20	22	7	6	6	5	3	3	8	49	127
67	117	136	167	163	80	49	33	8	9	25	54	90	132	173	185	182	180	170	128	104	90	133	200	198	206	173	184
11	29	117	142	135	66	36	66	54	48	61	86	147	158	145	164	201	184	178	116	144	69	89	194	201	198	189	168
8	0	10	43	69	96	99	130	131	121	133	151	162	137	151	137	179	187	180	168	181	150	46	141	215	190	196	182
5	1	0	6	37	80	123	151	191	211	200	173	151	156	162	157	144	171	175	189	206	197	79	129	218	179	193	197
17	1	0	3	23	33	104	199	208	166	143	133	140	151	154	174	145	148	153	213	247	184	123	129	219	194	192	208
20	7	3	3	8	8	59	160	127	98	99	108	115	123	148	165	150	100	154	212	195	190	152	83	176	197	189	202
15	12	7	0	0	20	61	131	105	104	108	109	109	119	124	144	153	95	123	122	154	191	168	85	149	192	188	201
12	15	7	4	32	53	89	124	96	93	90	89	96	114	110	134	122	96	97	64	98	166	176	101	174	196	185	201
14	15	2	36	78	80	113	114	96	97	104	107	111	124	117	112	88	80	75	72	88	130	173	125	152	213	181	203
45	40	21	57	82	103	128	102	93	83	79	94	111	132	119	89	82	84	90	95	101	102	172	158	132	207	184	211
90	77	47	67	94	127	135	97	95	84	75	87	104	127	127	81	78	79	79	80	119	132	125	179	138	168	190	216
125	146	123	126	175	177	133	98	97	89	77	89	109	119	130	107	82	72	66	74	105	104	100	172	167	142	177	218
144	189	210	266	289	232	165	107	88	85	84	91	108	125	128	117	96	72	64	76	95	89	88	165	180	162	160	221
154	163	221	301	291	223	178	144	95	74	83	89	97	124	118	108	115	88	82	90	93	82	66	117	176	168	177	215
253	264	232	247	216	134	112	141	124	87	89	91	89	99	103	99	108	101	101	108	95	83	81	68	151	156	204	259
186	246	280	221	138	88	81	99	137	106	104	96	88	83	86	91	98	105	113	106	92	88	95	65	93	141	205	253
47	98	183	201	137	73	73	77	113	120	119	106	96	94	87	86	93	120	116	92	86	86	95	71	43	117	189	183
88	19	55	117	119	95	59	58	75	115	130	128	101	98	101	97	100	119	105	98	92	89	90	72	39	94	173	225
132	75	31	36	72	86	56	46	50	72	92	105	107	89	102	99	90	95	103	91	89	87	72	44	32	68	173	212
135	140	97	38	26	63	52	39	31	31	49	72	88	86	79	79	52	57	73	56	60	53	28	19	24	52	175	200
138	142	140	85	34	33	65	38	23	16	21	28	43	49	50	47	32	29	34	27	25	22	15	11	14	41	154	184
132	134	143	129	72	34	54	54	35	13	11	13	13	12	15	33	27	14	17	13	11	14	12	5	4	26	127	189
130	126	136	140	114	65	49	46	49	26	15	19	13	8	17	25	21	12	6	10	10	10	8	9	8	14	106	182
131	128	136	142	134	99	57	34	38	36	31	32	36	38	39	25	14	17	4	4	8	12	12	14	7	10	71	173
130	132	137	142	140	124	83	35	39	45	34	36	30	24	16	15	19	19	7	3	5	8	9	7	1	2	40	145
134	138	138	139	142	136	112	62	44	52	54	31	12	6	4	12	16	8	11	4	2	4	2	0	0	0	14	103
136	134	135	136	137	142	135	100	83	57	57	67	19	9	6	8	8	9	14	4	2	3	2	0	0	0	2	59
131	134	136	135	135	139	138	131	114	80	81	82	31	6	8	18	9	7	4	3	3	2	2	2	2	2	0	28
156	91	48	51	50	59	109	141	125	120	163	161	144	182	161	127	175	198	176	154	135	95	128	191	219	206	168	199
95	74	94	103	70	19	74	140	177	170	146	149	144	154	144	139	148	172	185	166	183	136	94	186	226	211	191	200
56	22	31	49	69	47	87	164	196	139	128	101	90	100	127	143	118	122	180	184	175	212	103	119	222	215	195	191
32	6	4	2	11	69	124	165	156	122	94	79	99	123	119	139	133	100	122	171	230	230	166	87	230	223	202	200
13	7	5	2	0	41	162	224	152	98	80	82	117	126	108	106	132	105	84	117	211	207	194	129	174	213	213	203
10	5	2	0	17	114	218	198	99	75	68	92	114	120	104	97	108	88	67	71	104	162	190	135	143	218	213	207
16	11	13	35	134	228	220	140	77	69	62	91	133	143	107	102	110	85	71	69	76	134	187	143	122	199	221	208
44	30	48	120	229	289	211	105	80	73	67	117	184	190	124	108	115	93	87	94	89	101	171	154	105	171	228	209
183	145	144	207	223	244	182	94	81	82	101	167	207	198	179	117	110	100	94	104	126	115	148	163	122	174	219	215
233	205	219	262	234	205	144	95	78	94	141	185	204	189	201	123	108	92	87	91	124	135	93	174	132	170	211	224
236	210	225	249	246	193	119	94	82	105	154	176	185	222	194	129	110	87	73	70	79	104	46	145	153	158	202	228
232	213	250	250	218	174	97	84	85	106	153	189	194	232	218	192	154	91	65	66	67	66	63	97	173	154	189	226
240	235	245	262	224	160	88	73	90	97	145	194	198	210	228	209	191	132	68	65	77	80	90	80	160	166	177	233
241	244	276	266	224	154	100	79	93	109	134	178	210	201	211	200	181	162	82	67	86	84	87	86	125	177	167	224
248	276	269	252	216	129	104	87	96	124	127	158	189	184	177	175	170	150	86	90	96	79	84	92	98	174	168	223
110	143	157	199	185	104	106	96	96	119	127	138	156	169	167	160	163	129	93	102	92	77	79	93	81	151	178	201
29	28	36	64	148	128	112	108	95	110	127	126	132	144	144	139	135	100	98	97	87	79	77	92	80	128	183	166
54	55	43	29	67	160	122	118	102	100	120	114	107	112	112	111	107	97	97	96	93	86	79	88	87	98	162	201
132	123	83	45	43	113	134	119	113	107	116	113	99	91	90	98	106	108	103	101	101	93	82	78	91	66	139	182
136	139	134	100	53	76	127	120	109	110	113	109	103	99	98	102	112	120	115	105	99	93	83	77	84	53	110	167
130	137	140	130	89	68	112	120	107	97	103	104	100	95	96	101	111	116	114	106	92	85	79	78	84	70	81	164
129	131	132	133	116	75	100	111	117	99	97	94	88	82	83	93	98	94	106	100	88	84	79	72	69	71	53	152
133	129	129	132	122	84	91	93	106	100	92	89	80	73	76	81	72	77	81	90	78	74	72	65	56	53	42	131
131	126	130	131	123	98	81	79	91	97	91	78	73	68	64	53	48	56	56	65	66	62	59	54	48	34	15	95
131	131	132	133	122	105	73	69	84	93	102	78	63	56	51	42	30	37	35	43	51	50	56	49	40	26	4	47
130	132	138	136	123	107	78	63	68	79	97	113	101	75	52	38	30	27	22	29	42	46	49	45	37	23	4	14
136	136	139	134	116	113	105	85	84	85	89	126	121	96	78	51	39	32	28	23	35	42	44	42	36	21	3	6
135	137	139	129	119	115	108	103	121	122	113	117	106	95	101	98	54	40	36	30	32	37	38	37	29	16	2	4
78	37	9	10	8	83	203	191	165	171	195	232	200	175	179	186	168	168	180	171	167	135	126	181	224	198	199	173
46	55	19	15	15	77	175	161	178	193	213	169	110	93	116	143	149	146	159	183	173	172	110	154	229	205	193	199
35	36	32	19	23	86	145	161	171	194	153	104	100	161	167	163	152	132	140	159	183	195	154	94	200	216	192	202
43	12	18	26	46	105	154	154	174	169	111	105	184	240	208	174	165	128	118	144	158	203	175	98	191	240	200	198
26	15	25	39	49	84	154	174	166	116	113	148	222	241	226	187	178	148	125	145	166	143	174	144	115	215	209	207
23	21	28	35	54	98	179	168	121	106	162	223	206	195	203	215	205	166	158	143	118	111	138	172	107	184	218	203
36	29	45	85	121	164	195	160	103	107	184	236	201	153	146	165	197	182	164	149	113	91	112	175	135	167	221	215
67	66	126	163	212	245	205	158	103	136	206	212	184	139	136	136	166	188	161	132	112	99	113	157	141	140	204	219
179	149	184	187	208	200	163	128	111	181	245	215	166	131	148	134	140	157	145	115	107	115	121	139	155	125	186	214
143	134	190	169	196	159	116	117	110	211	234	186	148	136	141	134	142	150	128	113	97	99	104	124	164	135	171	226
107	124	124	136	189	132	113	116	132	235	213	135	136	142	139	150	153	170	135	106	91	88	94	106	163	146	154	225
106	127	93	109	143	120	111	111	154	245	207	104	127	150	150	164	176	197	142	81	84	91	101	78	140	157	148	208
106	144	102	91	117	124	110	101	172	231	216	117	161	155	165	181	199	227	132	74	83	86	99	98	103	164	147	194
117	141	106	89	109	128	98	105	180	216	220	166	190	139	166	212	208	245	137	78	87	92	85	108	86	147	156	181
83	96	116	101	114	114	105	133	198	219	230	201	159	123	169	205	177	249	138	83	98	98	90	107	99	109	162	163
55	60	87	86	116	116	112	149	207	225	226	199	157	159	192	198	207	237	105	95	101	98	97	104	101	86	148	164
63	73	76	80	106	117	122	144	197	231	227	219	214	198	200	186	242	146	91	100	99	99	102	106	97	87	123	166
50	72	88	83	96	116	123	140	189	220	222	225	214	201	194	209	173	87	90	93	98	99	104	99	95	79	99	162
89	101	105	99	101	118	118	148	175	189	219	234	198	188	169	146	102	95	89	91	98	100	104	95	93	79	78	153
123	105	128	106	109	119	121	137	155	170	204	198	163	143	112	100	97	99	94	94	96	98	100	90	89	84	72	143
130	118	117	113	107	123	117	123	136	152	175	159	124	103	105	108	105	102	99	98	95	96	93	89	87	89	71	127
133	132	111	119	103	125	121	111	113	127	137	123	108	98	104	117	119	109	105	97	91	93	88	87	92	100	74	106
139	133	121	118	102	119	127	114	98	109	116	105	102	100	110	126	118	118	111	98	96	95	87	90	98	103	99	93
141	130	124	115	97	115	135	124	99	104	110	106	105	103	116	120	113	115	115	105	102	95	94	98	103	102	94	74
141	138	128	123	89	118	138	132	108	105	112	108	109	108	118	117	107	108	107	105	102	95	98	101	107	100	90	40
132	139	124	115	91	122	134	134	113	100	109	108	107	107	112	107	101	103	101	97	102	99	98	101	107	102	85	31
135	135	104	92	90	124	136	135	119	105	102	102	99	102	114	118	105	101	102	94	99	100	97	98	105	108	74	17
132	120	83	79	95	125	128	131	118	106	98	96	96	111	114	119	103	99	101	96	94	95	98	96	101	102	76	17
99	89	87	82	78	118	150	167	169	169	201	239	216	182	215	249	245	190	154	168	180	171	155	185	225	226	201	148
97	98	98	85	78	102	116	129	157	192	263	237	185	211	254	243	224	203	172	138	174	184	164	145	201	235	202	174
103	98	91	83	88	107	116	133	153	201	192	200	190	221	249	237	231	200	182	150	142	215	185	132	156	228	211	196
103	90	91	98	116	116	120	154	135	144	188	172	158	185	200	225	215	190	184	167	105	125	172	155	123	216	224	204
98	86	98	108	120	114	131	128	108	177	236	187	189	221	185	204	229	220	215	218	191	97	99	172	124	177	226	207
90	84	103	114	116	107	134	120	148	212	253	238	236	237	250	251	244	240	235	252	216	129	87	133	150	147	230	203
91	89	115	115	103	103	139	153	170	202	250	246	201	164	172	190	167	163	211	219	201	131	112	95	165	134	205	223
108	99	111	101	104	110	143	163	168	218	235	242	168	114	118	112	119	114	148	161	167	158	112	71	157	151	169	223
105	96	89	94	104	109	123	160	191	214	212	217	175	109	97	92	96	108	129	161	179	160	114	64	136	159	154	200
102	84	74	84	100	103	118	193	225	192	189	192	166	112	103	98	100	102	117	162	166	155	115	78	109	162	142	195
84	76	75	73	91	95	121	203	224	200	255	204	134	112	106	101	99	105	145	194	175	133	104	107	88	164	143	178
92	91	68	54	101	102	118	191	217	225	245	164	113	113	103	103	96	142	225	210	145	97	92	116	87	148	155	168
72	155	102	77	129	126	123	194	225	229	196	112	112	118	99	105	124	229	217	117	88	88	83	102	110	124	165	156
54	133	189	149	117	135	125	214	237	209	170	94	104	104	97	120	183	242	139	75	80	78	76	91	111	104	167	158
63	72	112	113	108	113	121	218	240	199	149	114	104	91	118	171	220	235	112	79	84	78	74	84	103	79	144	167
72	87	105	103	102	102	115	205	230	198	170	115	103	112	165	226	219	213	99	86	97	85	80	80	93	82	103	172
122	108	105	99	105	96	121	212	245	209	182	126	122	137	188	237	236	174	105	115	116	96	87	82	79	83	76	155
101	139	109	101	102	101	145	227	245	207	181	158	158	175	217	262	196	124	124	122	114	102	92	86	76	75	77	137
77	118	118	104	106	104	177	231	245	214	195	175	165	195	267	245	119	111	105	108	108	99	93	91	81	72	79	108
101	98	110	110	110	105	187	235	242	228	223	198	176	221	234	139	110	113	96	96	102	99	101	99	85	73	87	86
115	99	105	114	110	103	168	234	241	227	211	201	199	200	146	105	104	101	97	85	99	106	107	105	90	76	92	74
126	102	97	108	110	105	144	213	236	217	225	204	179	146	108	101	100	102	92	86	96	104	104	105	94	81	92	83
129	113	107	110	116	109	124	175	229	233	208	170	144	118	104	105	104	104	98	85	93	101	106	106	93	81	91	94
127	125	110	116	120	116	118	144	171	174	135	121	110	104	109	112	105	103	96	87	93	99	111	105	89	84	98	129
132	132	103	125	125	123	121	124	120	115	104	98	100	102	107	105	102	104	95	89	95	104	112	101	86	92	109	115
136	133	92	138	123	132	127	125	107	103	100	97	101	102	110	106	100	98	94	93	96	107	106	96	91	99	117	100
141	111	88	142	123	126	125	122	107	104	99	99	107	106	110	100	97	94	96	96	95	104	100	96	97	105	122	65
131	76	107	127	128	126	123	117	108	99	98	104	108	110	107	97	93	92	96	91	94	102	105	104	109	114	118	58
127	115	110	93	98	104	109	115	127	132	168	180	183	206	207	234	226	207	166	116	149	183	190	168	217	205	186	120
124	115	108	92	101	105	111	116	119	149	176	162	161	167	184	209	225	227	251	148	127	171	194	169	186	216	190	151
122	115	108	94	104	105	107	110	102	99	102	139	143	154	197	209	214	193	185	186	108	129	187	172	149	208	194	163
124	114	110	94	102	105	101	98	105	138	146	127	120	168	212	227	211	199	189	163	161	79	134	179	146	194	214	177
119	117	109	96	103	106	102	110	182	254	227	166	173	201	202	209	202	185	181	140	145	146	55	165	169	156	207	191
119	115	110	101	107	106	100	168	259	236	216	237	230	220	217	215	220	235	223	213	229	171	95	75	173	148	185	200
117	110	105	102	107	110	97	203	252	182	166	216	159	169	200	219	205	177	218	220	238	204	110	39	123	160	165	198
113	104	105	105	110	114	150	242	197	143	146	186	129	148	153	167	196	145	141	142	139	213	119	38	72	164	162	191
114	106	107	106	110	123	216	246	152	108	128	154	138	124	122	107	121	139	139	167	146	186	155	59	52	159	168	196
108	109	111	108	112	138	210	219	153	128	111	137	106	98	111	103	108	121	107	120	115	155	171	89	41	135	171	186
102	107	110	114	109	130	220	230	162	135	162	146	97	93	107	103	102	102	98	99	95	189	145	95	52	108	171	166
111	113	117	103	88	139	222	247	182	178	172	123	101	95	106	103	98	100	177	224	190	190	107	102	82	74	168	162
110	111	106	112	169	137	221	261	225	185	126	123	135	138	124	111	104	164	247	247	177	98	98	106	107	59	152	163
84	81	94	138	160	122	214	202	207	137	101	108	139	154	135	111	135	235	206	131	79	86	95	94	106	73	125	172
80	75	100	107	115	126	215	232	205	119	97	91	113	165	121	97	204	226	108	79	76	88	85	76	89	100	95	168
92	103	108	106	107	117	221	233	171	119	96	98	98	154	137	116	234	216	102	76	85	85	82	74	74	105	97	154
124	120	107	101	99	98	202	230	175	118	83	95	90	128	158	185	250	214	140	84	108	107	93	74	65	91	93	133
126	109	106	102	95	101	195	227	157	107	92	94	86	123	159	253	259	231	192	140	117	140	99	70	64	81	94	109
120	107	107	106	100	150	207	231	199	129	110	96	93	92	177	284	175	207	184	124	134	141	84	70	67	74	101	86
116	115	110	104	110	197	226	213	239	191	115	95	93	99	249	247	152	194	151	140	163	106	72	71	69	72	103	71
118	116	112	106	109	187	253	244	236	179	100	94	96	160	290	204	134	158	158	152	128	82	71	72	70	72	101	72
128	112	108	107	100	168	258	264	214	166	140	114	116	219	276	164	119	135	133	120	97	82	77	77	73	72	94	88
142	117	101	104	99	136	240	272	239	208	197	174	187	248	213	127	110	119	106	94	85	86	86	83	75	84	102	109
135	131	106	127	124	97	171	258	269	231	209	212	218	200	142	123	118	105	92	87	92	88	87	81	83	98	105	107
129	141	109	87	135	101	117	180	211	198	185	170	153	130	126	125	113	97	88	91	92	86	82	77	81	99	109	100
139	135	112	109	132	124	105	120	134	138	136	125	115	117	123	114	100	92	87	88	87	87	82	77	75	83	106	87
144	114	141	138	126	134	124	110	117	119	118	113	111	108	103	99	100	96	88	87	85	85	84	76	75	79	100	82
114	110	146	123	122	127	132	119	117	120	104	108	103	101	102	99	94	90	88	84	83	85	81	80	90	93	105	127
124	106	92	87	97	110	111	110	105	96	93	94	102	105	110	125	130	120	108	98	93	105	151	178	191	198	152	55
117	98	92	88	93	102	109	108	98	88	87	86	84	87	95	107	130	138	157	163	152	112	135	180	180	199	180	100
112	97	92	92	94	94	97	96	93	87	77	74	83	109	132	112	161	182	199	173	184	140	111	175	174	183	192	136
103	96	93	95	94	91	91	96	133	185	153	137	163	173	178	156	203	236	202	194	174	125	89	154	174	182	204	153
103	93	94	92	93	88	89	129	252	299	259	226	206	204	211	200	198	235	225	134	142	126	58	100	188	170	187	173
95	90	91	88	96	96	92	238	273	237	229	218	213	224	211	208	214	224	259	222	164	147	81	46	160	176	169	188
90	86	88	93	103	105	104	253	212	174	167	197	202	169	178	202	229	184	187	228	267	218	96	39	72	174	163	193
90	89	87	91	107	113	185	269	236	170	150	150	179	171	139	207	237	195	169	144	177	239	115	42	21	134	164	176
87	88	91	90	102	133	243	250	202	146	137	138	145	149	124	152	188	159	141	146	134	186	140	61	14	88	168	178
96	90	95	97	105	173	253	211	118	106	128	158	129	109	115	95	95	95	90	104	93	162	144	88	27	61	165	183
114	101	108	107	123	177	252	240	167	120	133	185	149	107	98	89	89	87	79	77	96	190	127	107	47	41	151	176
121	108	116	118	165	153	236	270	246	183	150	186	207	153	83	91	93	87	112	151	198	196	108	127	66	29	123	177
122	111	111	122	185	147	234	253	240	202	149	187	225	228	115	95	96	119	210	249	214	108	98	114	79	24	92	175
113	106	99	112	121	121	237	217	211	181	152	140	175	218	133	91	149	239	219	216	131	75	106	105	94	33	59	168
109	103	110	114	99	146	262	224	202	160	149	146	141	208	144	140	260	229	180	190	99	96	115	90	93	65	36	145
122	127	120	101	94	176	264	222	151	149	139	136	132	210	213	227	273	218	206	162	100	96	100	82	82	85	35	111
128	141	110	88	107	177	250	210	134	135	149	121	125	176	243	271	252	207	213	172	99	89	95	78	71	90	46	76
106	103	94	80	142	206	238	184	130	127	173	187	168	211	242	288	240	213	237	209	123	95	92	79	68	87	61	44
99	98	91	81	152	258	230	168	126	114	160	202	182	173	240	286	220	197	233	226	146	106	94	82	66	83	73	35
99	98	91	81	160	272	176	122	204	190	162	184	180	168	258	280	200	206	207	210	155	109	88	78	68	82	76	30
103	101	98	85	170	265	208	148	234	189	139	155	174	198	294	275	210	246	234	235	164	98	77	73	70	79	87	33
108	101	102	90	158	248	225	180	198	177	190	142	116	209	316	236	222	230	225	235	141	84	74	74	73	83	115	40
106	108	103	91	115	217	216	162	169	156	236	247	209	277	276	193	212	203	223	183	111	79	76	80	84	97	110	58
115	115	105	89	91	151	229	234	256	235	266	259	281	276	175	178	203	216	191	127	88	80	81	88	99	104	108	60
124	119	121	104	93	100	165	230	261	242	241	254	237	168	131	174	182	170	132	98	83	85	86	91	100	103	112	78
136	126	122	123	117	90	99	140	178	201	202	188	146	122	135	149	157	134	96	85	87	89	93	89	90	89	108	106
139	132	113	119	138	116	92	91	99	115	132	136	131	125	119	119	120	105	83	86	88	93	92	87	84	76	101	127
113	112	111	112	128	139	119	98	96	112	118	125	124	118	110	106	96	87	86	90	93	93	90	82	79	73	85	120
122	100	90	95	91	91	95	93	90	88	87	87	96	100	101	100	95	86	86	92	94	72	72	127	176	186	113	15
104	83	92	94	89	89	95	91	89	90	86	84	83	87	96	102	102	96	90	91	99	92	79	123	174	185	148	43
89	85	94	93	93	90	93	91	86	90	85	82	80	85	86	98	112	126	119	111	99	137	84	106	175	184	177	100
81	87	92	91	95	91	95	93	90	89	93	105	136	152	147	167	193	213	174	141	141	173	139	87	174	177	191	145
82	91	92	89	97	97	103	102	112	132	149	164	205	243	254	244	228	264	228	109	127	181	159	91	163	172	187	168
91	91	89	89	106	117	111	127	141	165	188	211	236	227	216	217	232	264	274	173	85	133	172	94	136	185	176	185
103	91	86	91	111	129	124	144	169	199	204	242	219	178	179	206	248	216	210	197	138	93	166	135	89	170	170	187
110	95	85	88	105	112	127	169	202	184	228	217	227	169	152	207	249	198	162	168	186	117	122	140	62	125	170	190
116	100	83	85	92	92	113	169	184	176	222	190	200	176	166	208	218	157	140	150	186	170	113	139	60	63	162	182
118	107	88	91	92	101	128	172	164	178	208	188	165	188	231	139	116	118	138	156	181	174	101	141	70	36	141	187
121	115	98	98	106	138	165	192	154	192	201	193	182	200	176	99	86	104	156	187	196	167	96	120	96	25	113	177
123	118	104	97	129	121	134	193	195	176	214	250	259	184	123	97	83	93	164	232	221	159	97	106	116	25	70	172
121	121	102	101	112	116	149	203	226	213	213	244	248	177	131	103	86	100	136	219	215	134	101	105	122	38	38	155
115	110	99	94	86	101	154	199	209	219	220	239	242	210	182	153	133	123	115	219	200	132	109	105	113	58	21	130
103	119	99	87	84	90	151	189	197	207	201	227	236	223	211	203	205	123	139	195	211	130	108	104	110	73	17	95
104	124	105	86	89	148	184	189	199	213	195	205	232	240	247	201	155	135	152	177	209	107	107	106	109	93	22	59
108	114	104	82	117	212	215	223	228	218	192	198	235	258	267	194	135	149	159	210	172	103	107	110	103	104	30	36
104	112	100	82	147	222	210	225	228	222	211	215	241	252	282	220	133	154	188	237	139	104	108	114	95	115	44	22
94	108	100	81	146	212	231	231	202	218	233	224	240	262	272	170	122	160	225	248	129	102	113	106	83	116	67	22
96	102	96	83	155	226	213	204	207	189	224	261	245	264	266	140	146	182	237	217	104	107	109	88	76	112	94	21
97	96	93	88	178	221	207	197	207	162	183	257	253	254	265	201	172	221	247	174	100	105	94	71	73	105	122	27
97	91	96	94	186	200	205	225	225	202	196	221	234	250	258	208	173	215	212	162	103	97	79	71	79	102	130	42
96	91	94	97	181	224	222	188	186	189	177	210	229	263	260	191	180	223	199	140	100	82	76	77	88	103	123	70
100	93	97	94	157	238	208	184	188	216	225	257	258	261	249	246	236	234	177	121	88	79	77	84	94	96	116	97
106	98	103	100	102	189	244	245	261	242	243	261	251	229	237	255	227	197	142	101	79	84	87	97	100	101	103	112
113	97	106	105	96	96	146	183	200	212	200	174	166	164	183	211	219	175	107	85	83	88	97	104	104	105	95	103
127	105	102	105	105	94	87	94	105	107	107	108	118	105	111	158	147	103	84	87	93	98	98	101	108	104	92	93
121	115	106	104	105	100	92	87	91	95	101	105	114	110	99	100	87	85	90	97	102	102	100	106	109	97	87	95
92	82	87	95	96	87	83	85	87	85	85	83	83	81	84	97	99	97	102	107	109	99	94	64	152	172	73	4
75	82	94	99	95	83	89	96	98	97	95	87	82	83	86	92	97	106	111	109	113	104	93	68	136	185	127	15
80	88	97	95	92	87	100	106	110	110	105	100	91	86	86	88	96	102	111	118	110	104	88	76	134	186	169	45
86	93	94	91	87	96	114	117	107	111	110	108	102	100	96	103	113	122	135	121	115	101	94	75	127	180	190	76
98	98	90	85	87	102	120	119	105	104	102	97	102	133	140	127	122	123	130	117	113	102	115	68	109	166	198	101
115	107	87	78	86	106	112	103	99	104	105	133	171	191	149	115	132	138	111	91	93	102	131	91	96	165	189	132
125	113	90	75	84	99	111	100	106	124	150	193	207	188	155	138	172	189	150	99	87	92	141	151	97	160	181	163
129	119	94	76	81	88	93	87	91	94	166	199	206	162	169	164	174	193	180	130	104	92	138	192	109	139	176	182
124	122	102	79	80	79	77	72	75	82	157	212	218	195	204	204	199	187	205	174	119	82	100	195	132	101	167	190
123	124	106	89	84	78	69	68	71	85	165	223	231	239	234	215	223	214	221	223	188	114	77	173	115	58	154	188
124	122	109	93	83	81	68	71	69	105	181	237	227	225	209	163	165	203	248	229	211	190	104	154	134	41	131	175
125	123	111	94	84	85	83	72	73	132	193	237	212	185	180	158	164	205	210	166	208	206	120	142	140	51	94	167
122	123	108	95	87	93	94	81	88	113	173	223	235	191	166	161	175	182	122	150	221	210	119	113	133	56	58	159
120	124	114	94	89	107	97	94	113	143	118	185	244	237	181	162	167	146	123	186	211	217	117	94	113	61	38	144
115	127	113	95	105	119	90	95	117	152	115	135	229	242	196	186	145	134	165	186	229	186	97	89	118	69	39	116
111	125	116	99	116	115	84	95	123	138	95	129	222	249	202	153	114	150	180	196	186	111	91	91	126	88	37	81
113	115	117	102	142	143	132	146	154	146	93	141	226	251	223	162	169	202	181	192	121	93	95	101	118	99	39	52
113	111	106	97	147	149	169	188	199	163	109	131	217	242	244	227	216	217	215	173	99	100	102	106	111	115	45	34
114	109	105	100	149	191	224	214	217	176	138	124	184	240	240	210	211	191	203	161	97	102	111	108	100	108	53	22
115	111	103	105	183	220	213	208	206	189	149	140	169	212	234	193	219	222	187	131	99	108	106	99	101	109	79	22
115	110	105	114	187	217	213	211	195	191	178	164	169	192	225	227	225	208	155	111	101	109	99	94	90	102	88	31
109	115	107	115	184	208	218	219	196	201	198	183	181	171	198	220	214	185	133	99	103	99	91	88	88	94	90	39
99	113	109	105	166	246	241	231	208	211	200	182	164	158	196	217	211	164	105	96	100	92	86	87	87	92	97	47
89	104	110	104	119	212	228	213	209	190	191	178	148	146	195	224	190	133	92	90	93	89	86	89	91	90	100	64
97	94	105	108	100	113	145	161	176	172	168	151	138	131	152	156	120	105	87	79	85	91	93	94	95	89	98	75
104	84	95	103	96	91	99	100	102	109	106	96	121	104	100	111	95	90	77	75	78	88	93	96	97	96	98	86
118	97	85	90	97	82	92	90	84	82	85	86	105	100	90	94	79	74	74	76	76	79	90	95	99	97	100	101
119	109	85	86	89	84	83	91	86	84	85	86	89	94	92	80	75	77	77	79	79	77	80	82	85	85	89	103
60	64	84	94	100	97	81	94	111	118	115	111	107	106	109	126	127	123	124	125	112	103	89	64	174	100	12	3
42	75	86	99	102	93	87	108	129	106	101	94	107	110	111	118	121	121	115	113	109	102	96	49	159	141	30	3
65	84	93	99	95	87	96	111	117	104	107	101	96	116	117	115	120	122	116	106	99	96	87	48	124	171	72	4
79	92	97	98	87	86	99	105	100	100	96	99	101	93	108	112	117	125	126	118	107	96	90	57	95	183	110	9
95	100	99	93	84	84	93	91	88	91	89	94	99	91	95	110	100	111	126	131	122	110	101	73	75	185	137	15
112	106	95	84	79	75	84	81	80	83	86	89	97	96	70	84	104	97	97	115	128	118	102	93	70	168	162	28
121	114	98	80	78	75	81	77	76	80	84	85	100	109	86	87	100	97	84	92	111	117	101	102	71	149	180	68
127	114	105	79	78	73	79	75	80	87	87	93	102	87	85	97	103	86	91	93	96	107	92	94	62	138	189	124
127	118	110	84	76	73	76	75	80	87	94	98	98	84	92	101	110	109	96	103	104	85	79	108	115	118	187	162
126	120	114	90	78	78	78	71	71	83	97	108	95	87	101	121	144	115	99	106	113	87	61	115	131	94	177	184
125	120	117	98	78	80	77	74	71	82	97	113	99	100	108	138	143	134	129	133	121	101	83	108	116	53	158	188
124	122	121	107	81	80	79	74	67	76	96	118	138	127	126	134	153	160	144	142	133	120	106	132	127	35	130	183
118	123	125	111	81	81	84	76	66	76	103	118	132	127	123	144	160	164	155	152	145	113	95	137	115	37	99	179
119	124	125	113	86	87	91	78	72	79	90	97	132	154	142	142	145	153	157	149	139	117	88	117	131	42	68	167
120	128	127	114	92	93	90	81	82	99	121	109	121	147	156	146	141	153	155	156	128	107	92	116	138	48	47	150
117	125	124	115	99	101	85	76	79	94	117	137	136	150	155	148	138	153	143	129	108	105	100	113	136	54	42	129
115	127	123	120	108	104	83	80	79	84	94	98	116	132	145	145	148	141	133	103	87	90	89	105	136	59	28	102
112	126	123	116	116	112	93	84	91	80	84	91	102	116	137	146	148	133	113	88	77	80	78	91	132	83	24	72
113	120	120	115	126	152	150	124	105	84	83	88	92	99	123	145	138	105	90	76	74	78	75	84	119	109	31	42
112	120	121	121	138	166	177	161	120	97	89	86	94	85	113	145	142	93	76	73	78	80	74	83	106	114	47	23
107	119	127	122	134	174	189	170	131	104	91	93	94	96	104	120	117	80	67	75	81	79	81	89	94	113	65	20
102	108	126	126	121	158	189	181	132	108	98	98	108	97	98	110	92	70	67	76	83	86	90	92	91	110	82	21
99	102	119	127	116	146	172	151	119	102	101	99	88	83	93	102	84	69	71	79	89	90	88	87	89	100	88	29
100	95	112	127	114	103	114	111	95	87	94	94	89	83	90	88	76	69	75	85	91	86	82	84	85	95	95	41
102	92	99	122	113	86	85	93	81	76	85	89	88	90	88	77	74	76	81	83	85	82	80	81	85	92	102	52
108	98	95	112	108	79	82	92	85	78	88	93	92	97	87	75	75	84	86	85	79	78	76	73	75	79	102	61
112	101	89	100	96	73	81	88	85	84	93	95	95	92	80	76	81	87	83	79	77	74	73	71	70	72	98	67
110	107	92	91	84	75	77	82	86	89	95	99	95	83	77	83	87	87	80	76	75	72	72	69	68	73	100	74
115	98	107	97	96	106	99	103	115	127	125	127	133	133	130	121	114	113	111	111	92	48	49	167	107	11	4	4
74	79	92	91	96	105	96	102	116	119	111	113	128	133	136	127	115	110	102	102	82	72	35	129	150	35	2	4
55	73	89	96	98	99	93	97	112	111	102	102	109	118	127	135	123	112	102	93	78	75	39	87	176	75	3	3
56	82	94	99	98	94	89	92	105	103	93	97	90	105	120	120	130	126	116	108	107	100	56	52	166	119	13	2
71	89	96	99	95	90	88	89	97	101	97	99	104	106	110	116	116	126	130	128	122	116	78	36	140	159	28	0
83	95	101	98	90	85	85	88	96	102	103	108	112	112	114	117	112	112	122	130	128	118	97	49	107	176	54	0
95	101	104	93	85	84	86	89	101	105	105	109	120	117	114	114	120	121	119	123	125	117	103	85	81	179	90	3
100	105	103	91	84	82	85	94	103	104	111	121	121	117	111	106	111	108	113	116	120	113	104	86	55	165	133	26
110	110	100	87	82	76	82	96	110	123	104	90	106	122	118	111	102	100	99	103	105	106	94	82	46	160	175	58
116	109	99	87	80	72	77	87	100	104	95	90	86	110	121	120	109	106	103	101	99	91	77	87	53	146	207	94
120	112	102	89	82	75	82	76	82	90	97	93	92	99	110	124	123	119	118	116	113	111	105	118	80	113	201	127
121	113	102	90	81	76	81	74	73	84	99	96	117	119	117	119	119	118	118	121	120	120	110	113	110	77	186	154
120	113	107	94	79	78	79	74	72	82	96	102	103	101	98	114	121	121	120	120	110	104	102	93	79	44	168	173
119	114	111	100	79	75	79	75	74	81	92	96	96	107	101	99	109	115	116	120	116	102	82	68	59	28	145	189
119	114	114	103	80	73	80	79	75	82	88	92	98	102	101	96	97	108	114	111	111	123	117	97	72	23	113	195
117	119	120	109	83	74	81	77	77	85	92	93	99	108	105	83	93	110	117	120	117	113	112	95	88	42	82	189
115	124	126	114	88	77	83	80	78	83	97	98	94	70	99	87	91	103	116	111	110	111	106	87	105	80	43	176
118	122	123	118	96	81	86	77	73	91	102	102	95	59	80	87	93	106	99	99	96	97	98	92	112	71	21	150
115	116	118	121	102	81	83	76	77	95	99	99	92	70	84	97	102	97	95	85	79	83	91	97	119	88	17	127
110	114	122	121	98	80	89	80	77	95	99	95	93	92	100	97	93	92	82	71	70	79	84	93	117	110	22	94
108	110	119	118	102	84	89	85	83	93	94	90	97	105	97	96	89	80	75	69	74	81	91	100	108	127	36	62
106	102	110	116	106	82	87	87	83	92	92	92	102	92	96	93	81	78	77	73	83	102	114	113	110	132	58	38
106	102	105	109	106	80	81	86	81	87	96	102	105	94	95	87	84	84	80	82	97	101	100	106	109	128	78	23
106	100	97	103	106	85	82	86	79	88	103	107	96	92	98	91	88	86	86	93	96	101	106	104	95	116	94	22
102	97	99	100	101	84	82	88	80	98	107	101	86	100	94	81	78	79	100	96	102	104	101	103	104	136	114	23
106	103	102	98	96	85	80	84	89	105	108	104	111	100	83	76	78	92	106	104	103	101	105	109	100	118	128	30
109	104	98	89	88	81	81	85	93	107	107	106	113	91	74	77	94	105	108	104	102	103	94	87	82	82	93	38
108	105	100	88	84	80	83	88	101	109	104	105	100	78	76	89	110	112	113	99	96	85	81	75	72	74	91	42
135	140	134	123	117	116	119	110	105	112	120	130	133	133	127	123	115	112	104	87	55	43	155	128	17	3	5	4
135	130	124	108	108	112	114	106	105	112	120	131	136	130	125	117	109	110	111	105	77	32	113	172	52	1	4	4
127	114	115	101	104	108	109	106	106	113	120	129	131	131	130	128	119	118	118	106	75	34	71	193	100	5	2	4
109	106	103	96	100	106	106	105	113	114	116	121	121	131	130	134	131	126	116	107	80	52	40	168	136	19	0	4
96	101	98	100	99	104	103	106	115	117	118	126	129	126	126	132	133	134	127	118	100	68	39	134	161	38	0	4
91	101	100	103	101	108	101	108	115	119	125	129	131	131	131	132	134	132	126	123	110	81	56	118	173	61	0	3
93	103	104	101	101	106	99	109	117	122	128	134	136	134	135	133	130	126	117	111	109	88	56	92	173	95	3	2
98	105	103	100	104	104	100	111	117	119	124	131	134	130	128	123	121	123	120	116	101	91	64	55	152	134	18	0
100	105	101	96	104	100	99	110	115	121	121	123	132	136	127	119	113	112	115	114	106	87	91	48	123	170	57	0
104	104	99	100	103	97	95	106	114	113	107	120	126	135	133	126	118	111	109	105	92	74	90	56	99	182	91	3
108	107	101	97	100	94	95	96	111	117	114	113	126	129	137	136	133	127	122	117	114	108	100	74	73	186	121	10
112	107	100	96	99	95	95	95	108	117	119	116	124	125	133	133	132	129	129	129	126	118	104	76	70	171	149	25
118	107	99	97	93	96	96	100	111	115	117	118	122	130	134	123	118	119	115	114	108	104	88	108	84	139	178	52
115	104	98	99	92	96	96	100	114	119	119	120	124	130	126	124	117	105	96	103	100	103	104	99	27	108	187	86
117	106	103	100	93	96	94	104	111	116	116	117	120	119	117	121	115	108	111	102	108	115	116	108	41	75	195	131
121	108	106	99	90	92	90	97	106	109	110	111	107	102	115	119	120	122	123	120	123	123	116	106	50	47	183	160
123	115	112	101	94	90	89	93	102	102	101	106	111	112	127	120	127	131	131	129	120	115	116	106	69	37	149	181
125	119	113	105	97	88	90	87	96	101	108	110	107	106	115	125	128	119	115	113	109	114	116	108	103	33	115	192
126	118	111	107	100	90	92	85	95	109	110	106	98	99	119	125	116	108	107	107	107	112	116	118	103	33	78	194
125	115	112	106	98	90	92	88	96	110	105	101	94	102	120	120	115	109	111	107	110	119	122	121	104	44	49	186
127	115	108	104	101	94	90	88	102	108	102	93	99	103	117	117	121	117	117	112	119	122	116	116	105	57	32	164
122	111	107	106	102	91	88	90	110	108	100	91	105	106	113	115	116	109	109	112	116	116	113	113	111	72	23	137
119	109	107	101	96	87	85	96	113	111	99	113	117	102	100	106	118	118	118	114	113	116	113	118	120	89	22	109
114	108	107	100	95	88	89	96	109	104	104	105	107	110	108	116	121	121	111	105	114	122	126	123	120	100	29	80
111	105	107	102	95	88	90	96	96	96	98	102	94	104	107	100	102	102	114	112	114	114	115	114	114	105	41	54
115	108	106	102	95	87	89	90	88	96	104	102	99	106	109	106	106	109	113	109	105	109	109	107	103	132	91	35
116	110	106	104	95	87	86	89	97	107	103	97	106	113	108	104	106	108	107	104	109	108	99	93	88	173	92	21
109	112	107	104	95	88	87	92	106	105	99	109	115	112	104	106	111	111	110	105	109	103	103	93	83	91	73	20
128	136	137	140	138	133	129	124	122	121	119	118	117	122	124	121	108	86	52	53	105	154	109	19	1	4	4	4
134	137	140	137	133	132	124	114	112	119	120	124	118	115	117	114	106	87	58	50	76	141	139	56	2	3	4	4
138	141	140	131	128	127	115	108	110	120	126	124	116	112	113	109	103	82	77	54	55	116	165	86	8	2	4	4
137	138	134	124	121	119	113	109	113	123	127	122	118	116	110	103	106	92	88	59	44	91	163	113	14	1	4	4
136	135	125	119	119	117	111	106	110	124	125	119	117	114	111	98	98	103	95	69	43	76	150	129	26	0	4	4
136	132	120	119	114	111	104	105	113	124	120	118	114	114	110	117	106	108	108	79	46	64	144	153	48	0	3	4
133	126	119	115	110	109	104	108	116	121	120	119	112	112	114	117	116	104	101	93	66	51	118	165	75	2	2	3
133	124	117	112	109	106	105	112	116	119	118	116	114	110	117	120	110	100	90	93	80	53	70	156	108	13	1	3
130	125	118	111	111	106	107	115	122	123	122	121	119	116	123	123	118	113	112	107	93	60	50	131	140	35	0	4
128	121	117	116	113	107	107	120	124	129	129	131	129	125	127	128	129	126	117	110	107	85	51	104	164	62	0	3
129	123	114	112	114	110	109	119	124	128	131	132	130	125	120	119	120	122	115	109	105	102	72	77	167	95	5	1
129	122	112	112	113	107	112	120	125	130	128	124	118	116	115	109	109	109	107	95	89	91	79	68	163	129	19	0
128	124	116	114	114	107	111	121	126	127	121	117	114	111	108	102	100	99	100	95	98	87	64	88	142	156	40	0
129	124	122	118	115	108	108	119	125	124	124	123	120	115	106	100	96	90	97	97	109	109	79	46	105	168	65	0
128	126	125	118	117	110	108	120	125	126	123	124	125	120	116	101	93	94	105	108	118	118	106	71	73	176	102	11
130	129	125	118	116	112	109	117	125	129	126	123	121	117	114	109	111	111	115	118	124	119	116	65	47	159	142	32
131	132	129	121	121	119	112	115	124	130	130	129	128	124	122	123	126	129	126	124	118	114	108	69	41	132	167	56
130	133	133	120	119	118	115	116	121	126	129	131	133	135	134	132	131	129	124	121	116	112	106	78	42	104	185	86
132	133	132	121	118	116	115	116	119	123	123	126	129	133	133	131	127	123	119	117	112	111	115	103	50	73	185	114
132	132	129	121	116	113	110	111	116	123	120	120	124	130	130	128	126	120	121	116	115	102	94	95	44	55	175	141
130	131	122	112	109	111	111	111	114	118	119	116	123	128	130	126	125	120	118	115	111	103	99	88	57	39	153	169
129	123	109	103	106	110	109	111	117	120	121	122	126	130	130	125	120	120	117	113	109	109	111	105	73	29	120	183
126	121	108	100	103	103	104	111	117	125	124	131	128	128	124	124	122	119	118	117	114	117	117	110	82	29	92	193
123	123	107	99	102	100	102	111	116	121	121	123	122	123	122	122	122	121	123	125	125	121	120	113	86	38	63	178
126	121	104	101	101	101	102	109	119	123	120	118	119	122	122	120	126	129	130	123	116	112	113	108	90	47	42	168
128	125	105	99	105	103	100	105	116	120	118	119	117	119	120	125	130	130	123	110	107	108	106	94	79	55	30	146
129	127	110	103	103	99	98	105	118	122	120	121	122	123	125	128	129	125	117	108	101	98	93	81	118	117	26	124
128	131	113	105	106	103	101	109	120	123	124	126	131	128	127	126	123	118	115	109	100	99	94	99	161	94	25	106
131	130	117	111	119	126	112	105	113	124	116	106	101	81	72	63	51	74	137	159	120	46	2	2	4	3	2	1
135	127	118	112	119	129	125	119	126	123	114	110	107	91	74	73	57	53	89	145	151	86	13	0	3	3	3	1
134	126	117	116	125	134	133	130	124	120	116	115	112	101	85	83	65	52	71	129	160	112	34	0	2	3	3	2
135	130	122	124	130	135	131	126	127	128	122	117	111	105	102	84	67	52	60	106	151	129	50	0	1	4	4	2
135	135	129	129	130	136	132	129	131	131	127	115	111	101	99	96	86	55	54	87	147	142	60	3	0	4	4	3
135	137	134	132	132	131	127	128	129	127	127	123	114	111	102	93	75	61	60	71	126	153	78	9	0	4	4	3
135	136	134	133	133	125	126	128	126	125	124	126	125	117	112	103	80	59	59	56	102	155	108	24	0	3	3	3
136	134	124	131	130	124	131	126	123	121	121	118	119	118	113	109	87	57	57	54	87	140	136	53	2	2	4	3
138	130	126	133	128	124	125	114	111	114	115	116	115	111	110	106	92	76	71	62	71	111	141	87	9	0	3	3
137	135	137	136	128	122	121	111	105	102	104	113	111	108	105	102	93	89	86	83	78	92	133	110	23	0	3	4
138	136	132	132	131	129	128	118	110	105	106	106	106	111	111	85	76	88	88	66	78	98	123	130	47	0	1	4
137	134	126	133	130	128	128	120	117	113	110	106	101	92	84	66	56	72	79	65	58	59	97	144	81	5	1	4
134	134	135	134	131	124	124	119	117	116	113	109	102	98	93	86	88	95	102	93	77	58	74	146	112	16	0	4
135	136	136	134	132	120	122	117	116	113	113	109	108	108	108	105	108	103	112	109	92	65	59	137	131	30	0	3
134	139	137	135	132	121	119	120	111	112	112	111	111	113	110	111	112	111	113	115	96	76	64	113	141	50	0	2
133	139	140	137	133	124	121	125	118	116	115	112	112	116	114	114	112	114	115	116	102	96	76	93	142	80	8	0
132	137	138	136	134	132	125	131	131	123	119	119	118	117	115	111	115	117	117	113	110	90	57	75	140	114	25	0
132	135	135	135	134	134	129	132	134	129	126	127	121	115	111	110	114	117	117	115	111	83	51	60	130	138	52	0
132	134	136	134	131	133	129	131	133	134	134	131	123	118	115	113	118	118	116	114	114	92	62	56	114	157	81	4
129	133	132	133	131	130	129	127	128	134	133	131	127	121	117	119	120	120	119	114	109	94	67	49	99	160	109	14
130	134	132	130	126	124	128	125	127	132	131	132	128	125	121	121	118	119	118	115	103	91	70	45	82	153	128	29
131	130	127	124	122	119	121	120	124	130	130	130	128	125	122	120	118	118	115	113	109	107	82	54	71	138	150	52
128	127	122	118	118	117	118	119	121	127	130	127	127	122	119	120	115	114	114	115	115	111	86	60	58	116	164	76
130	128	122	117	115	113	113	115	117	126	129	129	126	122	120	114	114	115	115	116	115	112	90	62	48	103	168	100
129	128	121	117	112	109	111	114	119	127	131	129	123	123	120	117	115	117	118	114	114	111	89	60	42	88	169	121
128	127	123	119	112	111	111	116	121	126	130	125	121	123	120	119	116	114	114	113	112	110	92	58	40	76	164	132
128	129	127	121	114	111	113	118	122	129	128	121	121	119	118	116	115	114	112	112	110	108	93	62	47	64	157	141
128	126	127	123	116	111	115	117	121	125	124	121	121	119	117	116	116	116	117	114	111	108	93	71	69	61	141	140
119	115	100	93	99	114	119	102	91	88	79	63	60	58	78	115	161	184	124	42	2	0	3	3	2	1	0	0
128	112	97	99	106	119	121	110	109	98	81	69	65	56	60	91	135	168	142	73	14	0	2	3	2	1	0	0
120	108	86	104	113	110	109	111	105	97	98	99	81	64	52	72	116	162	155	102	33	0	0	4	3	2	0	0
121	107	91	100	118	118	104	101	106	109	104	95	80	67	60	61	93	135	166	128	50	4	0	3	3	2	1	0
127	115	104	101	110	128	123	121	122	120	113	102	86	65	58	58	76	119	163	152	74	9	0	3	3	2	1	0
128	113	102	106	118	132	130	120	112	107	106	102	93	79	59	50	61	99	150	162	97	21	0	2	3	3	1	0
121	103	102	113	130	127	115	104	101	95	89	91	97	89	72	63	58	85	137	167	122	40	0	1	3	3	1	0
126	110	105	116	132	126	116	115	118	116	109	95	85	89	84	76	65	70	108	157	148	68	7	0	3	3	2	1
125	112	111	124	132	133	126	125	128	127	120	108	87	83	80	81	64	53	86	144	150	98	24	0	2	4	3	1
122	110	110	118	125	134	133	127	118	113	115	112	101	91	86	75	59	54	91	126	144	114	44	1	0	3	3	2
127	115	108	108	115	128	136	124	109	103	106	101	91	78	83	72	63	79	89	94	133	122	65	7	0	3	3	2
131	127	117	105	114	127	133	127	115	109	106	106	103	81	61	74	82	97	81	86	118	125	85	19	0	3	3	3
132	131	116	111	118	130	130	129	127	123	120	121	115	103	82	68	125	96	81	75	101	126	108	41	0	2	4	3
131	127	116	115	125	133	132	129	126	128	127	120	112	102	94	102	135	82	76	79	90	116	119	67	5	0	4	4
132	125	118	121	132	132	132	131	129	126	121	115	112	107	109	116	93	67	67	76	85	104	114	89	17	0	3	4
131	125	121	125	126	127	131	128	126	123	120	116	114	115	116	111	106	75	66	73	86	103	116	100	27	0	2	4
131	127	122	122	122	122	128	131	131	125	122	121	118	117	117	112	107	74	64	70	88	103	122	117	41	0	1	4
132	130	127	125	125	122	123	131	133	129	127	121	117	117	119	114	106	79	71	74	84	97	124	127	64	5	0	3
129	132	133	130	125	123	126	132	131	131	129	125	119	120	115	111	107	89	82	103	101	89	117	140	85	16	0	2
130	130	130	127	125	126	130	128	121	120	122	123	119	114	110	111	110	94	96	99	84	84	112	136	101	29	0	2
129	130	129	122	126	128	123	117	112	109	110	118	122	117	113	115	113	103	98	84	76	81	110	134	109	42	1	0
131	131	126	124	126	123	117	115	114	112	111	114	120	123	120	116	114	111	103	88	76	79	103	129	118	57	7	0
127	128	125	122	122	121	119	120	121	120	114	112	115	119	122	122	116	113	106	90	71	72	93	124	129	75	19	0
130	125	126	125	122	121	121	126	129	128	122	115	113	119	119	120	118	116	109	91	72	66	81	118	134	95	36	0
130	123	124	131	126	125	125	128	127	125	124	122	116	114	119	120	116	115	108	92	73	66	76	119	142	120	54	2
129	124	122	130	130	128	124	122	121	119	121	122	121	116	118	122	119	113	107	92	78	68	72	111	142	138	74	7
129	128	125	128	129	127	123	118	115	116	116	118	121	120	118	121	121	111	107	98	71	71	69	104	145	154	95	9
127	127	122	126	127	128	118	115	109	106	111	116	117	118	116	115	115	107	88	69	76	75	69	96	138	164	107	8
110	103	90	67	79	69	66	59	58	68	92	120	147	167	166	140	83	34	1	1	3	4	2	1	0	0	0	0
110	105	95	69	71	68	67	63	55	58	74	93	123	155	172	170	119	50	6	0	2	4	3	1	0	0	0	0
110	112	91	81	97	94	82	73	63	61	67	76	101	131	166	183	150	75	16	0	0	3	3	2	1	0	0	0
117	105	96	89	100	99	87	77	74	64	58	63	78	111	150	175	166	99	36	2	0	3	4	2	1	0	0	0
122	102	91	93	104	107	92	78	70	62	55	56	67	94	130	161	169	127	59	12	0	2	3	2	1	0	0	0
115	99	91	105	116	114	102	88	77	67	49	52	62	79	115	155	172	145	87	24	0	1	3	3	1	0	0	0
105	80	95	115	117	103	91	77	69	59	49	52	59	69	95	129	160	157	114	44	1	0	3	3	2	0	0	0
106	84	100	118	115	90	75	71	73	76	69	61	55	61	83	118	151	162	131	62	8	0	3	4	2	1	0	0
107	86	101	121	124	115	107	98	91	92	83	72	59	64	74	103	137	159	137	75	16	0	1	4	3	1	0	0
102	67	92	113	119	127	122	117	104	95	92	81	72	59	61	89	119	144	140	90	25	0	0	3	3	1	0	0
95	72	75	93	102	115	128	122	108	97	96	87	76	57	51	72	111	130	143	104	41	4	0	2	3	2	1	0
109	107	98	65	92	111	127	121	107	99	103	99	86	70	56	75	117	139	138	122	61	10	0	1	3	2	1	0
125	115	103	87	105	118	125	119	111	111	112	107	102	90	69	95	99	107	136	142	80	19	0	0	3	2	1	0
123	113	97	101	114	124	122	123	120	121	115	109	102	87	88	103	105	104	129	147	99	30	3	0	2	3	2	1
124	107	94	104	119	124	126	126	121	111	104	92	81	86	90	101	86	96	124	148	112	44	7	0	2	3	2	1
125	104	85	99	109	113	124	124	110	99	86	80	89	97	106	82	79	86	114	145	123	60	14	0	0	3	2	1
125	105	84	91	98	99	110	124	114	103	97	105	109	117	92	83	80	80	111	139	135	79	25	0	0	3	3	1
127	109	106	106	104	96	104	122	121	116	115	113	121	110	93	77	83	77	104	134	138	98	40	5	0	3	3	1
130	121	119	119	111	102	103	115	124	122	118	115	119	107	97	90	87	85	100	129	132	109	59	12	0	2	3	2
130	127	125	116	108	105	108	116	121	117	115	112	108	97	99	101	89	78	94	117	130	124	77	22	0	0	3	2
126	127	121	108	106	109	111	115	111	104	102	105	94	99	102	87	77	72	81	104	130	133	93	30	0	0	2	2
123	127	119	108	105	109	110	109	104	103	102	91	74	85	92	87	78	67	73	98	131	136	107	40	0	0	1	2
122	124	119	107	104	102	98	99	103	109	111	109	99	86	94	89	74	66	69	93	123	137	120	51	4	0	0	2
121	125	119	105	103	94	92	102	112	120	121	117	106	83	88	87	77	68	69	89	114	145	131	67	14	0	0	2
117	122	120	111	108	108	109	115	122	123	118	114	106	84	77	85	78	70	69	81	111	139	142	86	26	0	0	2
118	115	119	121	121	122	121	121	121	120	114	113	109	91	79	84	76	69	69	79	108	136	142	104	43	4	0	2
118	115	121	125	124	123	122	122	120	117	117	113	106	79	83	92	84	72	71	81	103	137	143	119	63	13	0	2
117	114	116	123	121	120	120	119	118	114	112	113	114	95	88	87	86	75	69	81	103	130	140	125	75	21	0	2
81	78	68	62	75	100	126	151	160	172	166	138	94	57	26	6	0	0	3	2	1	0	0	0	0	0	0	0
61	60	64	69	62	73	99	131	153	167	176	167	126	88	50	21	0	0	3	3	2	1	0	0	0	0	0	0
63	73	72	78	73	64	79	106	134	157	178	172	155	119	77	39	5	0	2	3	2	1	0	0	0	0	0	0
81	80	68	55	55	54	65	85	109	140	162	170	168	149	108	56	14	0	0	3	3	1	0	0	0	0	0	0
92	85	68	45	50	51	57	71	93	120	146	168	174	166	133	79	27	0	0	3	3	2	1	0	0	0	0	0
99	90	72	67	61	57	56	63	76	100	125	153	171	171	155	105	40	4	0	2	4	3	1	0	0	0	0	0
104	86	62	73	67	53	56	57	70	88	110	139	165	180	170	128	58	13	0	0	3	3	2	0	0	0	0	0
106	81	58	75	76	57	52	53	62	76	99	129	145	163	170	146	79	23	0	0	2	3	2	1	0	0	0	0
102	72	61	77	86	71	61	55	57	64	77	103	134	158	172	152	97	36	2	0	2	3	2	1	0	0	0	0
90	44	55	84	97	78	66	56	57	57	67	89	118	141	165	161	115	51	8	0	0	3	3	1	0	0	0	0
75	43	42	64	96	87	73	59	51	50	60	74	92	119	149	156	127	65	19	0	0	3	3	2	1	0	0	0
101	92	65	40	78	91	86	68	50	44	53	66	76	102	129	148	134	84	36	4	0	2	3	2	1	0	0	0
114	108	96	55	73	91	94	78	51	51	54	66	77	99	126	148	143	107	55	15	0	2	3	2	1	0	0	0
118	112	100	74	77	92	96	82	78	74	63	74	84	97	130	139	147	125	73	26	0	0	3	2	1	0	0	0
118	112	99	80	77	92	95	89	84	90	71	64	89	107	113	135	150	133	88	36	2	0	2	2	1	0	0	0
118	112	99	86	76	91	98	99	86	92	89	67	87	83	104	130	145	138	99	45	6	0	2	3	2	1	0	0
120	114	99	88	72	82	97	98	90	85	61	73	73	82	102	123	145	146	113	57	11	0	1	3	2	1	0	0
117	113	108	101	82	74	95	99	97	76	64	57	78	77	93	119	143	152	128	67	15	0	0	2	2	1	0	0
116	115	111	105	104	86	86	102	96	81	69	55	80	80	90	114	136	151	137	77	21	0	0	1	2	1	0	0
119	121	121	115	109	101	88	96	91	82	73	71	75	68	90	112	135	152	141	86	29	2	0	1	3	1	0	0
110	112	117	120	114	107	90	86	89	85	81	82	61	65	81	102	130	147	141	95	38	7	0	0	2	1	0	0
101	106	110	114	112	106	92	85	95	101	90	62	43	58	78	102	127	147	144	102	51	16	0	0	2	1	0	0
102	106	112	109	106	102	86	103	100	84	69	61	55	56	71	103	129	140	142	116	67	23	0	0	1	1	1	0
108	107	106	104	105	106	112	101	83	79	75	67	57	54	71	93	124	137	146	133	81	33	3	0	1	1	1	0
108	109	104	103	106	108	104	100	94	86	76	65	59	56	70	94	124	139	153	134	88	42	6	0	0	2	1	0
106	110	113	108	112	113	111	107	98	87	77	66	58	57	72	90	118	144	157	140	92	46	11	0	0	2	1	0
106	106	117	120	121	116	112	108	98	89	82	72	55	54	73	90	111	144	157	144	94	52	15	0	0	1	1	0
108	104	108	115	116	115	113	107	98	87	80	72	70	63	72	85	106	131	165	146	97	56	16	0	0	0	1	1
133	147	154	157	157	142	115	87	55	34	14	1	0	0	0	1	1	0	0	0	0	0	0	0	0	0	0	0
115	128	144	157	167	157	141	119	84	58	31	13	1	0	0	1	2	1	1	0	0	0	0	0	0	0	0	0
99	114	127	142	157	163	157	141	117	88	55	28	9	0	0	0	2	2	1	0	0	0	0	0	0	0	0	0
81	93	110	131	150	161	166	159	139	117	81	47	20	5	0	0	2	2	1	0	0	0	0	0	0	0	0	0
71	81	98	116	139	151	162	165	159	135	104	67	38	16	3	0	1	3	2	1	0	0	0	0	0	0	0	0
61	74	90	102	120	143	156	171	166	151	128	93	57	28	7	0	0	2	2	1	0	0	0	0	0	0	0	0
58	66	76	87	103	124	147	162	165	160	142	111	79	45	17	1	0	1	2	2	1	0	0	0	0	0	0	0
55	59	63	78	93	110	131	151	158	158	151	124	92	59	29	5	0	1	2	2	1	0	0	0	0	0	0	0
52	58	59	66	82	100	119	140	152	155	158	136	108	75	40	10	0	0	3	3	2	0	0	0	0	0	0	0
55	48	56	63	75	86	106	125	142	146	156	146	121	89	54	18	0	0	2	3	1	0	0	0	0	0	0	0
52	45	50	61	70	71	88	105	127	143	150	145	129	104	66	26	1	0	1	3	2	1	0	0	0	0	0	0
62	59	51	56	61	67	80	95	112	129	141	145	137	107	71	34	5	0	0	2	2	1	0	0	0	0	0	0
65	67	61	55	48	53	71	84	98	114	134	142	135	112	81	41	11	0	0	1	2	1	0	0	0	0	0	0
66	63	55	47	49	55	71	76	88	111	129	137	138	115	90	51	17	0	0	0	2	1	0	0	0	0	0	0
67	63	55	46	48	58	67	72	87	108	127	133	138	124	94	59	23	2	0	0	3	2	0	0	0	0	0	0
71	64	61	55	48	56	69	78	87	104	125	132	137	128	98	63	30	6	0	0	3	2	1	0	0	0	0	0
73	66	64	60	47	48	65	74	86	101	121	132	139	133	101	68	37	12	0	0	2	2	1	0	0	0	0	0
86	69	64	60	49	48	59	70	88	95	112	131	136	128	105	74	41	18	0	0	1	2	1	0	0	0	0	0
99	72	64	58	52	49	51	68	77	91	110	137	135	130	108	81	47	23	3	0	1	2	1	0	0	0	0	0
109	81	68	59	57	59	63	67	71	87	105	121	142	129	112	85	53	25	4	0	0	2	1	1	0	0	0	0
110	93	71	61	62	69	61	58	64	89	107	125	140	134	119	89	62	30	6	0	0	1	1	1	0	0	0	0
110	101	74	70	76	66	56	62	70	84	100	119	133	146	126	97	67	35	8	0	0	1	1	1	0	0	0	0
112	118	82	75	67	60	65	78	72	78	98	116	129	131	118	103	75	41	13	0	0	0	1	1	0	0	0	0
101	123	116	84	82	81	88	69	62	76	94	113	129	135	126	104	81	46	21	1	0	0	1	1	0	0	0	0
96	98	103	94	83	74	57	57	63	72	89	113	127	134	126	112	87	56	28	5	0	0	1	1	0	0	0	0
89	100	90	69	65	64	56	59	63	74	88	109	129	140	133	114	90	67	35	6	0	0	0	1	0	0	0	0
91	85	103	76	69	61	58	59	66	76	91	109	129	143	140	119	97	77	43	7	0	0	1	1	0	0	0	0
95	87	85	95	64	60	61	58	65	74	91	106	131	145	145	124	107	86	49	8	0	0	0	1	1	0	0	0
51	45	35	25	13	3	0	0	0	0	1	1	0	1	0	0	0	0	0	0	0	0	0	0	0	0	0	0
73	65	55	43	29	14	4	0	0	0	0	1	1	0	0	0	0	0	0	0	0	0	0	0	0	0	0	0
97	89	74	62	47	27	12	2	0	0	0	0	1	1	1	0	0	0	0	0	0	0	0	0	0	0	0	0
113	107	99	83	64	41	24	11	2	0	0	0	0	1	1	0	0	0	0	0	0	0	0	0	0	0	0	0
127	123	115	95	80	58	36	21	9	0	0	0	0	0	1	1	0	0	0	0	0	0	0	0	0	0	0	0
135	131	122	107	91	75	54	35	18	6	0	0	0	0	1	1	0	0	0	0	0	0	0	0	0	0	0	0
131	132	122	118	101	85	67	49	26	11	3	0	0	0	0	1	1	0	0	0	0	0	0	0	0	0	0	0
134	142	136	126	113	96	79	60	36	17	7	0	0	0	0	1	1	0	0	0	0	0	0	0	0	0	0	0
132	134	135	132	124	111	93	77	50	27	13	2	0	0	0	1	1	0	0	0	0	0	0	0	0	0	0	0
126	128	135	130	125	120	105	88	62	38	18	5	0	0	0	0	1	1	0	0	0	0	0	0	0	0	0	0
117	124	131	130	123	118	108	92	75	49	25	9	1	0	0	0	1	1	0	0	0	0	0	0	0	0	0	0
110	119	126	128	125	119	112	102	80	55	36	15	2	0	0	0	1	1	1	0	0	0	0	0	0	0	0	0
105	113	118	123	126	123	117	106	87	64	46	22	6	0	0	0	1	1	1	0	0	0	0	0	0	0	0	0
99	103	110	122	127	126	117	108	89	72	52	27	10	0	0	0	1	1	0	0	0	0	0	0	0	0	0	0
90	102	109	117	126	128	123	106	90	74	54	31	13	1	0	0	0	1	0	0	0	0	0	0	0	0	0	0
90	99	110	120	123	122	121	109	94	73	59	36	16	2	0	0	0	1	1	0	0	0	0	0	0	0	0	0
85	95	106	114	122	124	121	117	100	78	65	43	20	4	0	0	0	0	0	0	0	0	0	0	0	0	0	0
83	91	102	111	122	129	123	119	108	91	70	48	22	5	0	0	0	0	1	0	0	0	0	0	0	0	0	0
85	87	99	110	121	127	122	118	110	97	75	52	25	5	0	0	0	0	1	1	0	0	0	0	0	0	0	0
86	87	95	110	122	130	129	124	120	102	78	50	28	10	0	0	0	0	0	1	0	0	0	0	0	0	0	0
93	96	102	115	124	126	130	124	113	108	80	55	31	10	0	0	0	0	0	1	0	0	0	0	0	0	0	0
94	88	100	107	116	118	128	125	115	101	80	56	31	12	1	0	0	0	0	1	0	0	0	0	0	0	0	0
91	92	94	107	115	122	122	121	119	104	84	58	34	14	3	0	0	0	0	0	0	0	0	0	0	0	0	0
85	97	99	108	110	124	124	124	120	107	91	61	36	16	4	0	0	0	0	0	0	0	0	0	0	0	0	0
81	92	96	107	110	123	130	130	121	116	95	67	40	20	6	0	0	0	0	0	0	0	0	0	0	0	0	0
75	84	89	104	114	122	129	128	121	118	97	71	46	24	8	0	0	0	0	0	0	0	0	0	0	0	0	0
74	81	91	94	110	125	129	131	128	115	100	74	53	31	11	1	0	0	0	0	1	0	0	0	0	0	0	0
75	80	89	99	110	123	127	129	127	118	103	79	62	34	14	3	0	0	0	0	0	0	0	0	0	0	0	0
0	0	0	0	0	0	0	0	0	0	0	0	0	0	0	0	0	0	0	0	0	0	0	0	0	0	0	0
0	0	0	0	0	0	0	0	0	0	0	0	0	0	0	0	0	0	0	0	0	0	0	0	0	0	0	0
0	0	0	0	0	0	0	0	0	0	0	0	0	0	0	0	0	0	0	0	0	0	0	0	0	0	0	0
0	0	0	0	0	0	0	0	0	0	0	0	0	0	0	0	0	0	0	0	0	0	0	0	0	0	0	0
3	0	0	0	0	0	0	0	0	0	0	0	0	0	0	0	0	0	0	0	0	0	0	0	0	0	0	0
9	4	0	0	0	0	0	0	0	0	0	0	0	0	0	0	0	0	0	0	0	0	0	0	0	0	0	0
13	8	2	0	0	0	0	0	0	0	0	0	0	0	0	0	0	0	0	0	0	0	0	0	0	0	0	0
21	15	8	2	0	0	0	0	0	0	0	0	0	0	0	0	0	0	0	0	0	0	0	0	0	0	0	0
28	20	13	6	1	0	0	0	0	0	0	0	0	0	0	0	0	0	0	0	0	0	0	0	0	0	0	0
36	26	16	9	3	0	0	0	0	0	0	0	0	0	0	0	0	0	0	0	0	0	0	0	0	0	0	0
38	30	20	13	5	0	0	0	0	0	0	0	0	0	0	0	0	0	0	0	0	0	0	0	0	0	0	0
46	36	26	18	9	3	0	0	0	0	0	0	0	0	0	0	0	0	0	0	0	0	0	0	0	0	0	0
53	43	30	22	14	6	0	0	0	0	0	0	0	0	0	0	0	0	0	0	0	0	0	0	0	0	0	0
59	47	35	27	18	11	2	0	0	0	0	0	0	0	0	0	0	0	0	0	0	0	0	0	0	0	0	0
55	51	41	32	22	12	3	0	0	0	0	0	0	0	0	0	0	0	0	0	0	0	0	0	0	0	0	0
63	55	45	36	26	14	5	0	0	0	0	0	0	0	0	0	0	0	0	0	0	0	0	0	0	0	0	0
62	57	50	36	27	17	7	1	0	0	0	0	0	0	0	0	0	0	0	0	0	0	0	0	0	0	0	0
64	58	51	40	31	22	9	2	0	0	0	0	0	1	1	0	0	0	0	0	0	0	0	0	0	0	0	0
68	60	51	43	33	23	11	3	0	0	0	0	0	0	1	0	0	0	0	0	0	0	0	0	0	0	0	0
68	65	54	45	38	23	12	4	0	0	0	0	0	0	1	0	0	0	0	0	0	0	0	0	0	0	0	0
76	68	60	51	39	26	13	5	0	0	0	0	0	0	1	0	0	0	0	0	0	0	0	0	0	0	0	0
76	65	59	52	38	25	14	7	1	0	0	0	0	0	0	0	0	0	0	0	0	0	0	0	0	0	0	0
73	68	56	51	39	27	15	6	1	0	0	0	0	0	0	0	0	0	0	0	0	0	0	0	0	0	0	0
78	71	59	52	40	31	19	7	2	0	0	0	0	0	0	0	0	0	0	0	0	0	0	0	0	0	0	0
82	74	62	55	42	34	22	10	3	0	0	0	0	0	0	0	0	0	0	0	0	0	0	0	0	0	0	0
82	76	63	54	44	34	23	12	4	0	0	0	0	0	0	0	0	0	0	0	0	0	0	0	0	0	0	0
81	77	67	53	44	35	24	15	6	0	0	0	0	0	0	0	0	0	0	0	0	0	0	0	0	0	0	0
83	72	64	53	43	36	25	15	7	0	0	0	0	0	0	0	0	0	0	0	0	0	0	0	0	0	0	0
0	0	0	0	0	0	0	0	0	0	0	0	0	0	0	0	0	0	0	0	0	0	0	0	0	0	0	0
0	0	0	0	0	0	0	0	0	0	0	0	0	0	0	0	0	0	0	0	0	0	0	0	0	0	0	0
0	0	0	0	0	0	0	0	0	0	0	0	0	0	0	0	0	0	0	0	0	0	0	0	0	0	0	0
0	0	0	0	0	0	0	0	0	0	0	0	0	0	0	0	0	0	0	0	0	0	0	0	0	0	0	0
0	0	0	0	0	0	0	0	0	0	0	0	0	0	0	0	0	0	0	0	0	0	0	0	0	0	0	0
0	0	0	0	0	0	0	0	0	0	0	0	0	0	0	0	0	0	0	0	0	0	0	0	0	0	0	0
0	0	0	0	0	0	0	0	0	0	0	0	0	0	0	0	0	0	0	0	0	0	0	0	0	0	0	0
0	0	0	0	0	0	0	0	0	0	0	0	0	0	0	0	0	0	0	0	0	0	0	0	0	0	0	0
0	0	0	0	0	0	0	0	0	0	0	0	0	0	0	0	0	0	0	0	0	0	0	0	0	0	0	0
0	0	0	0	0	0	0	0	0	0	0	0	0	0	0	0	0	0	0	0	0	0	0	0	0	0	0	0
0	0	0	0	0	0	0	0	0	0	0	0	0	0	0	0	0	0	0	0	0	0	0	0	0	0	0	0
0	0	0	0	0	0	0	0	0	0	0	0	0	0	0	0	0	0	0	0	0	0	0	0	0	0	0	0
0	0	0	0	0	0	0	0	0	0	0	0	0	0	0	0	0	0	0	0	0	0	0	0	0	0	0	0
0	0	0	0	0	0	0	0	0	0	0	0	0	0	0	0	0	0	0	0	0	0	0	0	0	0	0	0
0	0	0	0	0	0	0	0	0	0	0	0	0	0	0	0	0	0	0	0	0	0	0	0	0	0	0	0
0	0	0	0	0	0	0	0	0	0	0	0	0	0	0	0	0	0	0	0	0	0	0	0	0	0	0	0
0	0	0	0	0	0	0	0	0	0	0	0	0	0	0	0	0	0	0	0	0	0	0	0	0	0	0	0
0	0	0	0	0	0	0	0	0	0	0	0	0	0	0	0	0	0	0	0	0	0	0	0	0	0	0	0
0	0	0	0	0	0	0	0	0	0	0	0	0	0	0	0	0	0	0	0	0	0	0	0	0	0	0	0
0	0	0	0	0	0	0	0	0	0	0	0	0	0	0	0	0	0	0	0	0	0	0	0	0	0	0	0
0	0	0	0	0	0	0	0	0	0	0	0	0	0	0	0	0	0	0	0	0	0	0	0	0	0	0	0
0	0	0	0	0	0	0	0	0	0	0	0	0	0	0	0	0	0	0	0	0	0	0	0	0	0	0	0
0	0	0	0	0	0	0	0	0	0	0	0	0	0	0	0	0	0	0	0	0	0	0	0	0	0	0	0
0	0	0	0	0	0	0	0	0	0	0	0	0	0	0	0	0	0	0	0	0	0	0	0	0	0	0	0
0	0	0	0	0	0	0	0	0	0	0	0	0	0	0	0	0	0	0	0	0	0	0	0	0	0	0	0
0	0	0	0	0	0	0	0	0	0	0	0	0	0	0	0	0	0	0	0	0	0	0	0	0	0	0	0
0	0	0	0	0	0	0	0	0	0	0	0	0	0	0	0	0	0	0	0	0	0	0	0	0	0	0	0
0	0	0	0	0	0	0	0	0	0	0	0	0	0	0	0	0	0	0	0	0	0	0	0	0	0	0	0
