11	21	38	50	93	191	337	463	565	603	588	575	540	457	442	485	538	506	498	520	442	329	252	206	230	226	207	203
15	29	43	56	121	233	367	476	584	607	623	598	566	549	463	393	413	432	439	468	463	388	307	247	244	243	211	199
15	35	44	64	129	246	386	499	589	613	645	653	583	574	593	516	472	448	408	408	424	423	373	285	226	254	258	187
20	36	45	68	134	264	402	525	605	630	680	709	652	549	556	618	571	524	481	388	376	403	349	287	249	293	261	203
26	39	45	71	136	251	374	474	546	619	691	710	708	684	656	616	563	543	526	501	425	401	347	285	275	307	264	220
27	38	43	62	123	211	308	388	439	530	621	670	707	716	747	754	697	583	463	473	435	391	364	301	268	309	288	273
28	38	47	55	97	169	246	311	340	368	433	495	562	618	661	686	744	726	638	579	514	408	383	315	277	299	293	278
36	35	38	42	71	126	187	233	252	250	259	282	309	339	384	462	598	701	735	699	709	546	399	333	290	289	247	225
32	42	43	40	52	83	119	143	146	151	156	151	142	145	154	178	235	408	568	633	611	553	499	377	302	264	231	255
24	34	41	36	42	58	83	96	99	109	100	87	86	81	76	69	82	120	213	367	540	575	553	492	330	282	300	344
20	22	28	34	39	42	60	74	87	85	86	82	71	62	52	45	39	38	52	110	361	569	483	465	351	274	313	400
11	19	27	33	40	45	55	66	79	86	90	75	62	51	53	46	39	42	36	31	117	398	527	447	379	353	308	443
6	14	24	32	39	39	44	58	79	97	104	91	68	45	40	44	46	41	40	34	29	159	431	488	355	352	347	547
3	10	22	28	30	26	36	68	99	114	116	99	68	45	36	39	45	40	42	35	30	74	325	483	479	359	318	468
1	6	16	22	28	26	35	61	84	102	109	91	72	44	33	38	44	39	40	37	32	52	285	503	537	376	334	330
6	8	13	24	28	29	34	54	75	94	102	100	72	46	42	39	43	41	33	27	22	30	232	534	592	385	368	214
11	10	16	23	28	33	35	39	61	77	74	66	45	39	50	56	52	52	41	33	21	27	208	534	595	363	423	107
7	7	15	21	29	32	29	32	39	53	48	51	37	30	37	39	38	36	29	34	28	35	202	525	518	416	427	83
12	11	13	20	27	34	28	30	33	42	37	39	24	38	45	48	44	34	28	26	28	53	201	480	471	566	267	84
6	6	9	16	26	32	34	29	28	27	30	32	31	31	32	27	22	19	25	32	29	59	231	481	482	547	177	92
4	4	6	6	15	22	34	37	36	32	29	21	22	20	21	25	33	26	24	30	26	64	265	455	539	392	61	27
6	4	5	2	1	4	9	13	15	17	21	19	23	21	26	22	20	19	22	30	29	80	286	429	520	208	32	43
7	6	5	5	4	7	11	12	18	22	23	25	23	24	25	21	17	16	20	22	28	150	313	448	480	112	40	168
6	5	4	1	4	6	9	10	13	12	15	19	17	19	19	20	18	16	21	22	62	232	400	526	445	62	37	162
6	3	1	1	2	3	6	9	11	14	17	19	16	14	17	19	17	18	24	29	141	396	436	595	529	69	30	93
3	3	5	3	4	2	3	9	9	9	12	16	14	18	14	13	16	14	18	34	223	491	376	572	698	137	37	67
5	5	6	2	4	3	1	9	5	5	9	13	13	15	16	20	17	17	27	69	296	432	337	463	668	224	22	37
5	4	4	1	0	2	4	9	7	4	8	10	11	14	15	17	14	25	34	107	354	465	391	452	514	232	44	41
195	350	568	667	665	566	473	369	272	222	239	265	268	212	176	190	221	276	367	330	260	173	134	108	117	144	108	25
223	441	616	641	636	534	441	388	329	273	234	241	224	210	170	149	179	186	286	386	382	142	72	66	44	135	126	31
287	540	620	628	652	577	469	389	344	302	253	239	218	286	250	218	182	135	220	330	205	82	56	42	36	84	125	45
354	556	622	631	587	532	470	431	346	299	291	273	295	309	353	314	201	154	188	223	224	228	86	38	55	43	92	106
428	571	596	596	588	532	426	357	308	290	299	317	397	449	501	461	306	216	196	227	185	288	170	52	39	44	142	166
409	542	571	549	519	480	449	392	327	358	363	325	407	509	564	526	380	288	245	255	219	210	134	66	76	82	126	96
417	533	554	538	486	445	440	474	468	430	423	493	469	465	542	605	645	497	382	315	271	402	268	125	101	179	125	62
390	473	510	491	467	491	530	520	502	533	576	571	508	531	489	487	522	526	484	418	327	402	359	178	191	178	66	54
383	439	479	517	516	509	535	569	599	625	631	604	603	600	560	502	454	397	341	390	389	318	252	132	127	127	36	38
321	382	466	484	518	561	578	581	589	586	576	556	562	554	574	585	592	588	535	461	529	445	316	156	141	195	68	64
247	297	392	520	570	592	570	556	563	539	510	495	497	510	529	570	606	631	637	502	494	521	414	222	171	249	256	156
188	300	472	537	533	532	500	478	446	408	400	381	390	446	498	572	605	619	606	552	566	590	429	295	178	207	341	311
156	278	391	481	531	472	417	375	345	326	313	297	325	371	437	507	574	574	555	524	480	437	395	334	173	264	308	155
123	198	297	389	390	348	323	319	322	315	311	328	336	348	398	437	509	548	498	466	463	395	333	327	267	217	262	198
96	131	202	270	331	330	323	335	287	269	297	327	363	371	375	420	473	502	459	435	407	384	303	258	218	180	167	236
61	72	144	256	310	321	329	253	218	205	201	227	289	364	371	423	443	450	404	363	321	331	349	258	187	168	56	214
39	58	123	219	291	326	291	214	210	186	174	191	231	313	386	400	409	388	350	302	262	320	374	312	192	134	22	178
33	42	96	199	281	317	288	216	199	172	159	188	229	289	343	319	312	286	252	297	307	386	436	293	213	103	43	198
30	45	99	182	263	338	316	255	218	198	177	200	247	326	367	351	283	231	158	215	302	428	364	178	454	340	237	507
46	65	91	170	273	357	374	331	289	282	298	321	368	356	274	194	155	159	213	268	298	357	293	267	498	577	451	229
54	80	93	118	203	299	392	439	416	352	302	255	224	201	189	202	229	233	240	245	301	342	363	323	425	469	167	57
10	15	28	46	60	77	100	140	164	172	194	224	236	260	274	253	203	202	219	260	353	392	364	291	457	152	34	108
5	15	31	41	50	59	86	135	179	221	241	241	252	256	228	197	193	205	261	307	389	387	294	371	409	105	195	107
8	18	30	37	43	62	103	126	146	179	210	215	228	211	192	186	206	254	313	372	451	348	294	484	329	113	369	205
2	13	24	32	35	40	63	92	130	171	186	177	172	168	172	206	255	292	318	408	441	329	310	534	255	28	175	165
1	11	19	27	36	37	44	60	82	102	110	120	134	156	193	239	257	276	312	358	289	270	307	602	283	12	22	61
0	12	23	34	37	36	44	57	59	65	82	113	150	191	221	235	240	233	325	290	239	276	281	695	625	69	12	40
0	9	24	37	50	56	49	48	62	84	103	142	176	190	198	206	195	250	352	266	328	285	276	587	678	213	9	33
507	398	321	237	182	156	150	161	193	290	306	326	363	258	174	180	174	150	172	202	198	215	244	259	201	151	167	146
514	405	325	245	196	197	251	330	378	413	210	147	269	293	121	102	129	139	161	183	208	205	216	243	190	170	239	187
486	399	315	263	290	322	417	474	372	316	316	241	225	281	228	202	180	143	150	159	195	187	173	207	206	172	331	244
490	411	309	240	259	360	397	407	447	485	474	404	379	407	375	314	280	151	122	149	182	175	143	166	270	177	260	292
459	369	272	219	317	422	418	441	445	443	360	347	401	496	521	482	379	262	165	158	185	177	174	239	202	224	281	267
447	345	236	228	341	394	412	428	427	414	454	502	456	478	658	595	285	199	222	172	183	189	248	280	222	245	225	57
402	296	207	280	361	343	367	411	484	575	652	686	546	474	547	424	530	421	259	206	266	274	137	99	137	221	133	46
354	231	200	255	284	332	424	512	565	599	584	533	544	519	299	308	403	579	425	186	248	401	334	163	232	271	126	77
258	191	200	235	298	386	430	452	491	512	532	479	490	429	349	327	278	328	392	215	194	167	334	404	432	572	317	335
240	242	265	295	363	469	433	345	305	263	246	253	316	340	408	462	470	478	294	293	330	195	138	60	229	379	376	380
280	265	304	406	496	382	221	146	96	78	69	72	98	157	269	522	681	660	494	406	421	310	175	100	158	255	190	182
338	361	454	431	260	119	91	84	90	86	77	73	77	90	113	275	586	665	570	584	422	317	196	163	72	182	419	237
430	451	369	222	117	90	86	96	98	100	94	88	80	77	85	119	336	564	514	613	539	313	238	159	67	325	646	379
514	408	240	154	107	94	101	95	98	97	97	85	85	76	81	94	200	396	386	519	625	421	284	382	283	251	254	318
529	354	192	142	109	98	100	97	102	99	109	95	93	83	84	97	143	317	398	444	652	502	297	280	187	90	69	227
404	272	188	148	112	94	104	101	120	129	133	120	104	85	87	104	144	267	369	433	629	600	314	256	152	60	28	137
285	262	212	158	121	97	113	112	133	138	147	130	118	95	101	110	161	257	372	461	645	667	368	406	231	56	96	193
259	276	249	176	133	109	112	117	143	147	154	143	129	105	109	120	174	272	351	430	618	555	385	533	449	272	432	550
263	331	341	242	164	120	112	120	135	145	143	149	121	110	123	152	208	318	323	379	534	501	331	490	568	531	195	162
326	455	484	374	240	150	128	125	129	131	133	127	109	148	151	191	304	344	359	409	493	407	246	423	317	286	45	130
253	402	476	446	349	218	160	131	135	129	129	131	167	181	192	273	308	310	403	370	365	428	451	410	327	183	73	472
65	103	184	258	302	286	217	179	177	177	186	192	204	225	281	290	257	356	365	436	588	569	594	391	318	88	214	552
76	132	228	311	335	337	289	255	229	217	223	245	260	278	230	229	302	405	600	639	597	668	648	392	281	226	408	263
123	191	265	351	357	342	320	291	280	286	279	275	227	194	233	313	414	584	681	674	709	714	596	365	168	468	764	395
109	177	257	323	346	318	337	298	269	255	241	230	211	271	318	438	595	638	674	765	639	666	468	309	100	195	714	745
128	186	226	284	344	325	294	331	352	341	309	292	294	346	465	611	625	651	614	387	394	499	421	347	120	32	74	208
141	223	304	371	394	392	386	351	364	331	322	353	440	553	620	575	500	411	251	102	258	426	425	518	249	22	24	10
133	221	308	400	490	521	488	385	291	293	332	429	547	537	475	436	328	181	80	64	174	399	383	692	783	235	49	15
149	190	180	119	138	179	208	225	261	197	223	226	217	214	230	242	233	229	270	281	283	278	275	260	249	197	174	163
201	282	313	199	179	145	145	155	153	138	158	147	136	138	182	215	232	256	274	295	310	284	272	254	251	190	197	196
248	348	405	380	377	295	206	123	120	125	106	104	125	98	88	150	217	234	243	254	272	263	245	221	201	172	247	185
309	464	559	394	228	220	241	219	164	161	214	233	324	298	174	81	127	207	226	241	261	268	238	194	147	161	248	194
334	477	489	422	395	318	287	286	322	368	237	357	340	290	255	150	95	113	190	285	244	258	237	215	177	163	143	159
392	508	490	449	373	419	553	707	744	748	646	603	637	696	578	569	358	106	115	185	234	226	245	220	170	135	251	156
447	581	500	453	672	871	920	822	781	713	554	540	522	579	760	818	796	425	117	84	181	277	270	216	185	177	380	195
474	469	493	734	863	652	481	429	423	461	582	686	630	427	386	384	413	679	416	299	182	188	240	230	161	252	471	304
353	434	690	754	446	388	483	466	326	257	299	273	391	583	551	540	506	585	701	401	303	265	121	175	166	273	845	794
279	614	833	513	477	628	485	364	283	273	250	247	289	445	581	682	742	629	474	340	268	127	236	126	274	342	753	855
383	587	545	467	550	337	221	193	178	171	184	201	187	172	305	533	691	672	404	384	386	99	210	233	253	413	245	580
474	648	414	340	255	182	152	128	114	109	117	123	135	136	164	293	553	638	608	518	460	218	98	340	166	264	221	214
515	486	252	201	180	137	106	87	85	77	76	80	97	123	134	188	355	584	607	650	618	347	147	185	184	205	362	166
503	317	158	185	137	104	76	70	68	71	68	74	78	101	106	139	234	483	668	622	666	455	212	173	270	303	408	263
476	268	150	162	106	78	70	71	71	76	79	84	80	81	93	112	179	364	488	503	649	499	339	236	104	220	366	282
465	251	170	142	95	75	76	74	79	79	74	78	81	82	89	102	142	277	343	496	638	556	348	288	103	178	238	269
419	245	175	130	93	82	74	79	72	77	70	74	72	81	75	87	127	251	349	443	635	593	330	278	198	171	168	262
407	261	179	135	97	90	85	90	95	92	81	79	78	73	63	82	113	259	355	360	590	598	359	174	345	441	421	328
432	284	200	151	96	86	80	85	77	76	74	76	75	74	74	93	144	267	265	280	543	624	367	153	324	526	234	366
418	377	240	159	98	93	85	89	82	78	79	81	69	78	87	95	177	286	303	352	511	609	318	206	271	385	76	427
308	379	276	187	157	102	90	76	71	72	72	74	69	81	80	132	236	323	505	563	523	551	297	261	346	319	97	519
256	370	406	297	249	169	100	81	82	74	81	73	79	86	120	212	248	428	576	631	622	608	498	270	231	122	201	666
341	377	415	451	278	238	168	126	87	79	86	87	124	155	189	202	324	558	631	621	608	632	324	186	322	57	311	566
448	449	423	485	388	300	239	179	155	138	141	157	209	239	285	385	450	597	598	592	569	440	113	339	299	177	509	341
490	533	490	518	501	378	406	310	204	186	234	306	257	244	391	545	606	685	840	760	549	307	213	301	97	351	820	860
529	592	557	563	600	484	393	577	567	523	436	340	386	499	614	715	833	825	692	619	399	280	350	252	42	283	554	640
588	663	644	621	623	630	531	406	508	538	543	539	595	640	752	720	517	273	129	103	196	394	618	503	53	53	157	200
553	631	629	601	573	584	601	512	390	373	401	453	519	602	507	234	47	7	33	36	90	473	688	805	435	66	54	28
205	237	248	222	228	247	256	249	220	225	226	229	219	215	233	236	246	269	286	281	258	237	224	221	221	194	207	239
173	196	207	206	209	242	245	256	264	248	230	244	234	213	217	221	230	241	262	271	272	248	230	217	203	181	207	232
150	158	189	154	140	203	223	233	255	236	187	191	177	162	169	199	227	227	247	262	274	270	264	249	225	192	190	245
134	197	311	167	104	115	116	131	139	148	178	154	151	198	195	164	188	236	244	262	261	282	277	264	245	211	184	238
175	245	314	305	145	123	97	113	125	147	195	221	204	197	243	222	177	196	218	239	264	255	248	252	251	190	193	227
294	272	328	379	260	260	267	315	439	473	351	450	533	502	392	324	225	134	173	219	247	248	238	235	239	176	190	235
300	360	418	322	429	517	611	631	652	705	626	576	524	645	747	744	564	276	136	160	235	258	254	222	185	170	215	224
334	378	373	504	554	581	533	453	427	486	652	814	821	535	671	624	621	620	397	246	197	297	276	233	186	202	232	166
442	426	485	582	587	516	491	495	492	373	270	274	475	676	536	500	542	647	747	569	245	174	224	224	179	271	410	174
395	471	597	554	506	540	619	635	616	600	504	410	383	421	458	659	651	517	486	540	512	176	221	324	190	211	592	332
447	563	569	453	529	638	623	582	547	543	543	520	472	430	549	646	678	628	372	351	428	325	166	311	262	95	435	438
526	735	472	477	620	564	480	428	382	357	376	414	474	494	593	708	662	679	535	293	365	401	142	59	226	123	264	396
476	540	421	535	530	435	346	285	270	274	282	283	309	370	454	626	665	591	657	489	485	409	238	103	216	173	174	248
514	451	385	514	423	349	273	258	250	245	212	176	148	182	310	477	693	742	863	823	647	340	247	228	220	255	128	232
486	405	400	485	369	290	256	247	221	207	171	114	124	110	178	367	609	738	567	733	675	312	131	205	169	350	235	214
391	366	504	439	330	279	260	239	200	181	159	132	147	152	159	305	524	645	512	632	718	381	70	112	144	355	289	262
308	355	478	399	268	242	241	218	195	182	165	179	161	158	170	296	471	624	511	587	636	323	67	145	148	386	294	257
323	349	410	412	265	241	224	234	200	172	182	199	211	233	280	335	475	596	515	531	523	314	100	153	333	461	270	319
315	314	406	423	272	267	231	226	187	190	201	193	233	258	279	326	482	483	324	335	485	239	46	74	321	348	167	313
333	353	354	365	247	199	188	192	203	227	214	220	239	254	282	384	546	594	267	225	444	268	154	207	258	198	247	349
262	432	366	326	296	221	226	233	235	237	236	247	248	304	403	502	598	705	661	587	573	392	209	287	395	316	257	327
217	448	503	495	485	430	363	302	283	267	274	268	336	411	437	486	595	644	651	688	576	352	252	375	356	318	129	422
331	492	568	599	549	517	473	392	330	315	323	333	442	460	541	545	593	586	522	510	380	185	232	139	228	172	366	561
380	506	566	605	566	537	537	530	461	379	388	494	617	667	567	511	559	476	390	359	333	174	94	147	243	45	490	328
369	495	540	592	583	575	544	552	573	562	581	701	587	347	311	514	462	437	450	368	244	249	185	241	91	225	391	321
320	477	528	588	578	584	575	555	575	613	597	395	304	413	486	511	454	411	241	90	67	191	263	145	73	612	739	562
249	468	508	548	573	580	588	631	624	620	625	539	610	566	518	416	228	46	0	17	84	270	362	100	90	384	670	643
193	440	598	523	534	563	566	612	664	695	683	673	627	488	314	88	16	16	25	37	57	338	561	252	48	168	239	232
227	256	262	246	250	245	242	251	254	226	201	213	242	261	274	265	270	278	275	262	238	224	216	209	206	183	220	237
241	264	255	244	232	234	228	246	256	225	194	222	244	252	257	251	251	261	271	273	250	231	227	210	196	180	213	234
246	259	249	232	209	214	209	234	246	232	229	240	248	250	245	244	236	246	259	280	273	255	247	234	209	194	233	249
241	241	226	224	196	177	191	230	250	229	237	244	244	251	249	248	237	251	263	276	278	269	268	252	221	201	239	246
207	206	207	197	156	132	148	170	181	164	179	177	176	200	199	187	204	238	256	257	257	245	253	261	237	225	236	245
172	157	176	135	103	131	128	104	99	131	171	220	202	169	148	161	160	175	224	237	227	216	202	239	249	215	218	243
117	94	214	175	89	126	152	230	225	333	406	362	386	362	353	257	227	147	165	221	222	214	202	221	242	233	230	257
197	162	184	213	202	281	358	409	480	485	561	491	555	541	470	465	363	286	202	208	225	254	273	235	246	230	239	237
248	312	367	298	392	443	466	451	487	524	383	481	556	648	534	542	553	506	462	353	192	251	327	272	216	191	210	188
307	300	344	477	538	555	562	553	556	600	597	414	326	329	562	577	581	517	522	464	288	270	282	250	137	126	177	147
345	362	395	511	565	585	615	629	583	520	499	383	274	298	381	529	624	573	395	497	435	333	267	372	221	69	98	112
302	338	395	485	571	603	619	599	604	627	561	644	705	637	520	536	667	693	417	282	384	374	185	87	267	172	135	140
300	458	513	525	567	615	630	663	688	696	703	677	640	633	686	708	601	603	831	352	398	459	291	43	180	224	214	248
295	541	508	572	622	683	753	762	712	644	590	521	486	458	565	641	621	780	1003	810	541	321	248	71	131	231	310	351
268	476	465	564	679	768	796	730	629	585	547	434	403	335	438	611	657	815	634	862	657	206	184	123	96	269	308	479
253	394	537	591	650	710	681	620	551	550	519	370	259	254	329	608	719	811	593	772	765	192	138	185	63	355	221	273
286	426	468	552	578	624	633	582	553	516	506	379	259	218	284	590	751	756	570	647	525	83	245	403	191	494	571	393
242	354	408	494	547	569	569	597	569	498	526	496	409	435	570	693	639	576	598	561	305	118	241	387	315	259	381	466
195	332	410	416	526	582	566	554	511	493	529	572	629	665	727	819	861	538	373	376	169	68	185	258	221	76	362	530
176	333	436	406	417	442	478	483	472	498	519	575	660	732	843	857	884	707	372	211	121	124	346	359	283	66	431	376
167	313	465	450	363	361	443	456	450	502	579	642	681	820	805	693	560	528	529	367	364	373	448	230	205	212	453	200
153	283	433	439	462	545	609	619	632	636	660	654	759	741	533	431	286	269	266	259	177	247	270	175	500	429	182	163
151	262	432	488	531	549	600	645	659	664	674	690	750	503	394	300	247	213	54	95	205	102	223	365	571	371	182	152
159	235	425	512	574	548	558	608	630	665	656	682	551	322	258	175	169	23	0	0	176	191	62	63	52	120	231	165
177	198	381	476	542	548	520	568	629	638	624	586	308	203	198	147	29	0	0	0	58	285	184	5	0	125	349	154
203	161	320	432	483	517	528	550	618	599	609	506	269	265	143	6	0	0	0	15	26	287	231	18	81	456	616	283
236	166	274	376	457	499	524	507	533	565	534	435	372	166	15	0	0	11	19	20	21	270	270	44	244	855	1064	630
277	295	407	366	385	459	514	537	582	571	434	310	264	34	0	19	25	23	21	25	27	265	250	19	154	526	623	563
242	251	252	232	228	227	239	231	228	231	210	217	246	258	267	268	283	286	285	267	247	250	246	222	174	193	229	235
238	239	239	219	210	229	228	234	233	223	205	216	227	239	257	266	277	291	290	262	241	241	245	230	203	210	238	254
239	220	217	205	195	213	229	228	231	225	225	251	240	227	236	258	267	282	280	282	252	241	237	226	208	205	236	254
240	199	190	195	202	199	228	234	233	217	219	218	226	220	222	247	258	271	262	271	268	247	236	235	207	201	234	246
239	196	186	195	207	197	213	224	222	220	222	221	223	211	223	239	252	250	251	246	261	266	254	262	211	203	244	268
231	206	179	192	188	198	206	214	207	206	199	203	201	199	208	227	240	254	252	245	244	264	271	257	210	231	249	265
225	216	202	198	180	172	185	180	193	186	184	192	195	170	167	185	207	244	260	254	234	241	262	276	246	232	232	252
256	213	223	166	149	162	189	202	219	205	205	225	227	244	223	202	187	179	221	249	249	247	274	293	259	219	209	243
192	235	358	272	256	231	212	233	280	284	296	364	344	402	360	277	263	209	195	217	243	314	379	282	258	233	197	245
347	280	251	336	367	398	379	337	315	368	544	477	343	485	520	389	343	390	335	246	172	242	222	221	215	236	190	199
389	378	323	361	374	432	452	476	426	348	364	529	466	265	435	566	458	388	347	307	228	135	72	156	176	154	176	143
368	322	310	322	399	401	424	418	457	510	405	490	672	476	329	438	585	434	274	396	354	116	33	54	122	97	155	182
407	356	337	341	352	360	391	458	512	541	569	563	537	689	580	568	599	632	574	325	311	96	1	14	44	122	111	253
337	339	303	373	356	391	470	508	504	546	639	737	727	722	577	486	522	663	853	553	220	107	4	19	8	97	235	367
319	312	295	265	348	470	535	497	495	547	623	697	658	561	552	441	444	604	637	774	366	107	63	9	5	56	345	594
390	297	266	269	302	373	389	391	423	498	563	561	407	317	331	458	468	637	633	846	537	97	157	47	23	51	276	330
416	379	216	264	318	343	364	421	416	469	538	442	362	351	361	428	489	690	733	778	646	309	338	161	47	101	374	401
363	400	228	230	292	333	335	399	444	427	483	470	410	449	519	603	556	755	571	576	489	59	195	245	161	163	256	552
310	341	239	224	293	299	302	358	382	357	420	529	554	507	634	1047	1240	885	357	467	168	57	135	322	271	137	378	685
273	366	291	237	328	357	340	358	314	305	360	399	449	660	1035	980	810	658	589	331	53	52	67	162	211	101	389	426
252	370	353	280	325	326	269	228	194	262	327	429	574	862	754	459	345	332	490	223	77	51	42	50	126	329	307	140
226	352	340	291	340	341	317	336	371	400	448	521	697	663	411	321	255	272	275	258	179	240	223	211	343	435	240	252
210	323	347	342	347	350	370	378	426	435	491	551	575	245	23	2	40	140	219	113	145	215	351	670	717	285	32	469
214	271	325	354	418	386	378	407	425	454	538	601	358	7	0	0	0	50	164	108	69	95	106	309	284	165	252	520
224	241	306	324	404	408	402	415	468	552	646	517	138	0	0	0	0	0	17	60	46	49	151	185	141	107	157	309
240	229	283	297	352	402	419	414	509	571	563	377	42	0	0	0	0	0	0	0	18	113	213	107	157	230	166	232
244	229	259	287	329	354	403	388	476	452	343	163	0	0	0	0	0	0	0	0	0	103	186	58	343	623	581	283
241	209	229	266	283	295	391	452	498	309	97	5	0	0	0	5	3	0	0	0	0	67	181	209	576	672	488	228
263	265	250	246	246	253	240	240	247	250	247	244	254	254	265	276	273	274	268	250	227	224	237	218	197	210	231	253
256	240	242	236	246	243	240	223	224	253	253	235	232	240	267	275	275	278	275	259	240	228	236	219	238	223	237	261
234	202	205	211	232	249	230	191	195	249	254	255	235	235	245	269	281	288	283	268	249	246	235	244	256	229	256	276
219	167	179	199	234	238	216	188	229	245	243	236	237	232	239	266	285	248	260	283	272	253	245	238	225	231	253	270
214	171	187	211	222	229	221	222	248	252	239	228	230	220	233	257	253	243	241	261	275	262	241	259	232	237	256	282
210	196	185	213	222	232	228	217	243	251	237	234	236	225	223	244	251	246	230	232	267	267	257	246	234	243	257	284
199	195	191	216	219	217	214	217	209	233	230	233	237	236	223	236	256	253	240	223	241	265	268	260	232	215	243	260
195	182	189	182	193	208	201	212	196	200	223	214	197	214	217	223	237	241	238	235	227	248	270	273	248	183	203	248
220	205	227	262	233	205	189	186	174	160	170	152	160	189	176	181	201	226	230	235	235	230	248	274	272	220	169	234
231	230	197	176	215	241	218	195	192	146	104	161	209	267	243	221	216	199	195	212	219	245	294	285	279	265	178	207
197	193	189	173	183	223	236	225	213	297	311	379	389	268	390	399	258	217	224	192	203	211	215	218	183	188	191	154
204	212	204	222	234	233	227	261	247	240	317	419	575	453	334	414	337	271	219	212	202	162	86	72	67	73	112	118
197	202	194	211	219	199	210	232	222	219	262	305	392	656	404	282	338	345	215	201	234	94	42	51	109	113	63	116
169	157	179	183	183	176	174	164	219	297	363	414	419	538	569	385	353	339	362	288	210	101	42	69	109	99	46	92
167	152	172	174	159	160	169	172	222	277	311	359	414	394	456	429	327	303	345	348	219	67	29	65	49	53	76	220
186	181	130	111	128	148	170	189	191	225	267	349	392	321	278	301	251	251	357	408	277	123	71	67	31	19	161	294
205	219	167	108	87	123	157	187	177	219	279	340	383	369	383	365	308	377	613	521	519	352	150	74	45	12	177	493
236	242	214	188	130	120	116	143	176	177	239	288	361	400	419	410	467	721	537	518	604	200	158	136	47	54	78	375
239	225	241	224	168	163	127	120	144	178	231	286	306	275	304	556	781	569	310	564	373	229	131	178	185	110	52	432
240	254	275	266	220	181	163	168	175	205	223	209	198	302	481	510	488	501	580	415	144	83	89	158	208	177	304	402
225	261	276	276	257	200	172	179	184	192	172	198	265	412	444	375	530	778	816	406	106	46	73	75	157	240	203	153
221	260	268	275	305	259	205	202	193	186	196	248	355	430	405	462	581	702	624	445	189	71	27	140	338	348	147	132
267	256	254	259	286	288	232	203	207	204	229	294	322	241	236	262	234	417	501	290	206	156	99	297	474	232	157	276
284	276	242	252	272	285	274	231	218	226	290	329	259	244	227	226	268	372	486	374	253	180	249	494	411	211	345	412
284	298	259	229	224	232	260	216	224	280	358	347	338	355	333	328	382	379	331	262	206	159	296	335	154	257	478	346
305	332	311	309	335	380	403	404	406	433	454	478	389	325	289	283	358	385	320	283	263	225	354	229	134	211	486	475
269	350	384	429	480	528	581	601	579	525	490	424	331	316	262	252	287	351	358	346	369	351	275	165	244	105	129	382
228	351	353	382	423	399	420	439	410	351	424	431	375	288	194	187	230	269	300	300	345	412	283	329	476	311	141	356
198	190	200	226	238	244	221	244	262	263	267	263	271	271	266	274	273	271	241	233	218	191	242	253	262	256	257	251
219	209	233	250	256	233	232	232	238	254	263	260	266	258	262	270	278	281	266	243	237	208	224	239	257	241	254	253
226	224	255	254	254	236	223	210	218	252	254	260	264	271	271	278	277	285	283	258	248	237	218	258	273	237	260	267
231	236	278	295	280	223	211	193	223	244	258	264	268	267	273	272	259	246	273	274	264	251	233	234	240	250	273	283
223	255	276	295	305	256	223	205	220	231	251	249	255	263	276	266	253	245	242	265	258	236	197	197	223	250	279	290
206	235	272	288	285	276	236	185	215	235	238	231	241	255	272	264	245	229	224	249	256	226	165	170	210	245	275	291
163	200	230	300	314	259	220	187	196	231	228	230	221	239	255	263	254	228	213	230	255	245	197	176	163	208	264	284
155	130	175	254	268	227	177	181	173	207	228	232	230	232	241	254	255	239	213	218	241	252	240	217	162	173	235	268
199	181	163	155	176	190	166	176	163	196	207	214	230	236	242	242	246	252	231	229	229	256	244	196	214	192	194	245
222	226	213	183	144	158	164	172	184	153	158	173	200	202	201	212	217	232	239	226	232	248	248	220	275	240	228	234
248	240	226	209	180	195	207	192	153	119	158	141	159	189	187	190	218	239	235	220	230	237	276	285	226	158	185	188
213	238	233	229	208	193	204	208	161	108	123	212	231	220	204	244	194	166	165	158	195	215	205	116	51	78	76	116
196	215	237	237	226	217	214	204	177	145	122	123	196	325	214	209	355	308	212	165	183	190	117	44	86	92	24	80
168	201	230	237	245	247	241	222	199	142	115	101	106	178	287	230	303	462	365	221	237	200	42	37	69	73	19	59
126	162	199	219	236	256	241	219	188	188	184	150	119	125	244	331	266	339	345	298	219	105	24	37	22	33	41	79
142	116	141	163	204	242	249	236	214	222	206	196	150	132	188	252	291	257	308	364	206	65	29	17	7	8	56	117
174	157	147	147	155	208	238	244	238	238	222	201	187	164	188	284	331	254	279	470	292	35	8	9	15	10	91	276
186	197	193	191	177	173	187	221	235	243	238	207	189	180	175	216	254	378	503	532	391	114	20	6	27	48	48	190
227	228	235	216	214	223	209	188	211	232	246	237	223	217	190	179	226	277	516	532	314	142	72	65	83	73	71	272
215	215	220	228	237	242	242	231	225	239	239	243	246	233	198	200	282	383	469	336	157	36	52	101	112	74	111	257
192	194	198	218	227	246	244	250	236	236	223	225	208	201	201	231	310	465	476	326	84	20	38	41	44	55	115	139
182	190	196	210	215	209	225	226	223	222	214	200	196	187	206	249	293	364	505	271	22	27	25	3	0	5	96	95
203	197	202	208	208	207	204	212	211	215	207	199	165	205	289	296	235	274	421	212	37	52	57	52	95	106	89	40
213	191	188	187	181	165	159	165	165	161	152	129	134	241	243	257	296	337	355	206	125	83	137	227	234	184	117	0
228	205	161	175	161	140	111	120	132	138	146	174	261	298	290	351	488	509	363	175	159	153	199	253	183	307	345	35
379	332	195	176	167	170	185	208	208	235	274	344	334	332	381	409	494	529	400	297	246	300	417	304	47	314	559	365
481	404	337	321	396	474	494	427	331	302	294	280	328	376	412	384	406	455	408	399	527	594	678	322	36	328	493	488
446	468	380	432	621	650	559	454	324	283	319	381	416	459	462	465	385	429	448	626	698	700	550	138	21	187	499	546
207	206	217	222	227	238	242	249	251	249	247	250	249	248	248	247	253	252	230	200	128	172	225	251	257	237	225	221
220	219	235	234	241	238	239	255	256	250	239	242	251	248	244	249	254	262	239	218	140	134	215	238	256	237	225	219
233	240	262	255	262	245	243	262	261	255	241	241	253	261	256	251	253	266	249	233	175	124	206	236	259	253	233	230
233	253	273	276	278	243	245	256	261	258	258	253	255	270	276	262	252	261	254	240	204	126	197	236	244	261	248	246
232	251	261	264	278	254	253	247	254	253	261	261	260	273	276	255	251	253	257	238	243	162	130	210	225	264	276	253
205	237	254	265	265	254	255	247	244	256	265	263	265	273	265	240	242	236	249	250	236	226	145	169	219	250	278	258
130	198	232	270	272	249	234	239	243	252	255	252	246	251	243	231	229	220	221	254	249	235	190	162	196	236	267	271
117	122	182	252	253	230	208	218	229	243	245	244	235	235	238	234	224	203	210	227	246	236	186	159	177	234	265	277
137	145	155	182	189	199	203	207	208	224	224	222	231	238	247	242	236	224	215	231	254	187	136	173	223	209	254	275
157	150	162	165	141	142	161	195	191	194	225	229	233	227	230	233	226	218	208	227	240	168	166	196	225	275	300	242
226	184	143	160	164	158	156	174	216	181	182	214	216	227	231	227	217	236	278	237	225	200	200	192	248	232	184	172
242	223	201	159	160	147	128	100	138	180	186	165	119	187	218	225	193	165	174	156	219	236	218	166	142	41	85	185
236	251	223	216	237	203	193	167	187	214	185	157	123	127	245	255	253	213	210	192	209	246	194	120	48	8	72	198
205	250	260	230	219	232	233	235	216	171	151	139	124	97	210	271	311	463	615	568	296	145	107	94	59	55	60	208
189	231	268	240	234	258	242	216	203	188	191	161	133	116	118	146	186	456	706	754	324	74	54	100	123	82	106	309
189	185	232	239	260	273	275	227	217	210	215	218	188	154	135	177	207	246	317	302	184	75	106	185	95	59	125	294
228	206	216	232	259	256	268	266	241	236	228	224	204	196	188	162	187	247	282	328	209	70	215	148	54	29	78	169
249	229	222	259	269	260	264	292	259	270	238	220	204	202	217	195	176	212	317	273	103	150	242	108	24	0	25	96
252	248	249	279	255	245	240	263	245	253	251	245	250	237	217	202	187	227	365	241	88	198	255	126	8	0	9	58
217	215	220	242	240	227	230	239	225	230	230	221	247	247	235	204	187	195	269	195	106	205	174	36	0	0	14	35
199	190	213	238	225	225	226	217	208	203	208	210	208	228	227	224	187	172	223	282	175	106	31	1	0	3	12	60
194	209	220	245	224	213	208	216	207	212	209	214	196	205	210	214	188	181	278	269	88	7	7	16	11	0	0	39
188	219	233	238	225	209	208	225	231	234	225	222	207	193	197	208	201	177	244	188	27	11	12	6	0	0	0	15
186	196	222	223	219	192	202	215	222	222	215	212	201	180	165	184	189	179	203	126	10	6	14	18	28	0	0	14
197	204	198	228	211	199	200	223	234	228	223	210	196	172	157	173	222	241	226	134	32	30	50	96	164	164	115	111
220	224	198	193	175	165	187	200	229	231	225	200	188	188	226	241	246	266	240	131	61	152	229	293	309	315	190	176
233	170	156	147	160	196	238	224	205	178	172	175	191	218	254	231	213	319	375	183	198	268	465	507	313	343	307	260
301	256	205	236	315	337	298	311	254	199	175	182	180	237	247	231	188	259	523	488	402	381	391	322	487	632	507	227
221	219	233	249	249	247	245	243	243	243	244	252	258	253	245	241	233	230	247	209	197	225	238	241	246	240	241	239
220	228	242	231	240	242	245	249	246	239	243	247	250	245	235	236	243	243	244	219	192	215	244	249	254	244	249	232
202	219	232	243	246	253	253	257	248	232	239	247	245	242	245	229	243	252	245	232	192	194	236	254	259	257	245	227
177	203	213	230	250	250	246	249	247	250	248	250	247	242	253	252	257	257	248	246	206	179	223	250	256	262	239	219
145	182	216	225	242	243	246	250	244	240	234	246	241	250	259	255	244	238	252	246	224	186	196	240	240	251	242	222
129	176	213	229	245	242	241	248	251	241	238	249	247	261	254	244	243	241	253	239	214	211	217	233	243	241	254	237
103	155	211	223	232	238	248	254	254	255	245	254	260	284	265	244	245	248	247	235	225	226	197	182	228	245	244	247
92	118	183	210	224	234	250	259	247	246	240	237	261	270	271	253	241	238	246	230	184	143	159	163	153	169	218	249
102	140	138	195	220	241	255	258	257	242	237	230	229	235	243	250	242	217	229	215	163	110	115	182	170	163	203	213
110	131	103	147	201	222	236	244	249	249	239	246	232	239	266	256	243	224	216	207	169	178	211	227	232	270	274	252
127	109	124	186	212	209	210	219	247	253	231	216	217	236	252	258	239	201	191	176	157	214	247	219	221	224	222	242
183	152	160	205	199	205	207	203	213	228	205	182	179	203	210	216	197	158	164	165	160	181	176	170	184	148	161	217
225	227	196	202	237	233	240	233	219	231	191	157	146	162	192	186	161	133	167	182	169	162	163	152	130	112	131	164
252	245	207	214	230	262	255	255	245	234	178	127	75	122	261	214	154	137	297	431	181	126	130	142	97	99	84	121
251	259	265	249	263	265	249	253	251	228	205	143	149	130	149	128	119	149	344	599	232	105	112	155	231	274	320	391
236	235	254	258	273	273	256	241	252	237	225	202	204	154	165	147	141	119	158	321	391	296	341	384	364	379	432	462
239	242	246	260	261	268	273	260	257	255	238	225	210	201	195	189	180	140	158	239	351	527	567	327	311	388	417	427
226	220	245	270	265	257	277	290	278	271	249	238	220	224	222	235	203	140	140	192	434	597	466	198	186	356	412	427
175	211	242	265	263	245	272	271	274	276	266	262	228	235	237	221	205	169	165	143	226	317	211	66	79	284	362	402
171	213	225	241	243	228	246	244	267	267	262	254	220	241	245	214	209	155	212	235	96	128	107	65	132	212	186	256
188	201	231	246	225	214	231	223	246	244	242	234	233	248	235	215	203	161	233	346	250	246	126	149	141	75	81	92
217	223	233	233	217	216	232	242	238	238	240	237	247	243	221	220	207	174	221	378	406	183	28	8	21	179	233	219
220	224	227	224	209	204	217	244	243	224	206	216	239	241	234	228	209	181	278	442	215	39	14	19	14	106	226	277
205	198	203	204	198	184	212	242	238	226	209	218	235	240	244	232	215	201	264	289	99	19	5	2	1	44	129	185
186	184	185	190	173	171	210	241	243	228	224	219	233	232	235	222	205	209	280	236	51	0	0	0	15	27	66	142
161	160	179	194	184	198	214	236	252	231	217	206	218	220	214	197	195	240	268	148	41	84	103	145	167	98	108	248
199	134	134	144	152	173	204	228	231	224	215	217	197	182	203	232	247	307	342	270	209	84	144	249	298	293	308	409
191	152	147	171	156	160	193	221	224	223	224	198	165	162	179	145	133	303	595	454	233	207	552	743	622	463	527	843
221	228	239	253	258	256	252	239	245	254	253	255	257	261	260	258	231	242	248	236	246	253	252	241	240	230	233	235
224	238	243	249	258	258	259	240	251	253	254	251	249	249	257	260	268	267	263	260	256	253	249	234	230	230	240	238
224	229	245	254	256	252	267	249	256	249	245	251	248	259	255	251	261	259	252	228	231	253	258	238	240	241	244	240
217	227	247	250	251	251	258	251	258	254	244	249	263	264	247	246	259	258	249	215	190	241	251	258	259	265	262	247
193	227	239	251	252	254	262	247	251	249	256	261	254	249	255	248	251	250	254	250	181	201	244	235	259	255	251	246
175	205	245	249	250	253	252	222	260	256	259	257	254	251	258	259	269	264	258	254	227	174	228	228	234	246	239	227
157	203	237	251	251	258	241	202	238	258	253	267	267	265	264	269	255	268	274	284	265	208	190	227	217	255	203	182
147	195	222	243	259	260	262	253	238	243	247	264	233	200	225	233	225	253	270	302	254	234	185	212	208	217	215	190
172	211	220	241	266	264	252	257	258	253	224	194	145	175	134	103	131	159	121	189	236	259	220	223	224	225	245	207
141	199	208	226	252	258	250	247	247	241	203	133	136	134	137	214	166	89	119	199	238	251	265	277	285	243	227	191
178	183	197	221	244	257	265	257	251	237	193	156	125	117	145	197	211	111	66	169	208	205	245	294	369	322	224	181
217	205	208	227	240	246	257	265	253	252	214	175	131	112	136	173	204	152	75	116	173	170	187	216	327	373	268	205
264	233	232	249	260	249	256	261	253	238	229	215	187	132	183	186	169	174	109	114	141	147	158	166	211	328	304	244
273	265	260	272	279	276	263	252	244	248	226	215	208	171	225	221	165	155	154	144	130	140	148	160	151	194	227	167
273	280	280	280	282	277	255	255	242	241	248	237	198	189	226	221	201	170	159	186	148	184	322	393	363	348	371	363
259	261	279	284	255	223	198	225	237	233	234	248	227	214	225	226	212	194	171	214	244	301	238	296	369	536	572	580
249	271	297	285	243	199	173	185	215	235	246	243	234	211	208	235	219	192	188	198	289	347	192	177	156	448	532	540
231	272	291	277	251	202	179	161	172	210	246	246	228	193	214	232	212	176	217	419	503	347	235	294	378	454	505	473
229	266	271	253	252	235	190	154	146	161	202	219	201	208	225	233	209	182	272	624	447	180	185	451	643	507	530	477
230	262	254	248	241	243	250	193	182	197	226	243	229	235	233	224	211	185	293	457	267	73	199	621	718	532	489	457
243	252	243	244	240	232	258	260	255	226	214	227	244	242	233	213	204	199	332	353	188	120	325	614	402	304	327	350
255	253	246	230	217	230	230	252	255	221	209	211	220	218	220	205	178	231	346	299	156	196	325	272	370	496	404	427
238	232	237	228	217	221	228	236	241	239	232	224	209	213	200	178	199	271	304	285	91	175	188	156	286	340	412	413
237	230	233	233	206	206	225	228	244	237	230	227	226	218	198	188	289	289	293	216	82	107	112	167	166	176	247	315
228	226	231	234	217	209	217	235	239	241	235	240	225	214	198	253	309	295	287	173	84	131	158	157	109	114	149	177
220	219	231	235	229	225	229	226	230	235	235	231	227	220	213	309	317	292	235	130	214	272	322	263	220	192	195	208
224	216	220	226	218	218	227	233	221	222	224	234	225	215	233	283	276	249	245	283	509	619	470	376	392	383	334	290
218	211	203	206	205	198	215	226	215	207	226	232	216	225	250	253	271	327	426	437	492	792	759	828	822	814	769	750
212	222	244	248	248	252	246	249	250	261	265	259	270	271	262	260	245	181	142	192	245	251	256	266	251	235	228	226
204	212	243	250	247	254	247	239	237	262	259	253	261	272	265	265	252	212	147	166	241	262	249	253	244	229	239	237
213	217	235	253	248	245	244	239	239	253	256	253	249	261	265	267	255	255	178	129	223	260	248	248	246	240	241	252
216	224	233	241	245	238	232	237	244	251	246	243	251	257	256	250	254	254	228	135	189	259	252	257	250	242	245	236
220	227	238	241	246	244	241	242	245	252	248	244	246	248	251	253	253	249	257	195	157	244	248	242	234	231	251	191
212	218	236	244	242	243	234	242	250	246	256	256	251	247	254	255	256	251	246	244	172	209	250	241	224	220	254	229
211	221	232	236	237	241	242	236	251	257	255	257	262	271	269	266	260	257	249	255	231	199	236	248	233	241	263	236
212	219	231	239	246	235	214	241	241	243	255	264	253	247	268	272	270	256	258	258	260	229	230	245	230	234	241	226
220	225	240	254	265	260	255	250	242	237	237	280	266	199	211	196	226	238	244	243	232	248	234	244	254	224	209	206
220	220	253	263	265	270	272	268	255	253	239	229	217	181	154	194	176	168	166	169	183	184	151	148	239	238	246	253
205	231	251	266	274	259	249	250	242	243	232	215	216	217	188	170	154	140	137	117	113	182	140	135	215	181	189	217
237	242	248	262	263	245	219	209	221	220	224	219	226	218	223	204	188	167	121	89	131	165	141	102	187	173	148	159
253	261	261	246	220	175	158	149	187	208	219	239	238	225	230	239	221	203	128	146	176	114	102	88	120	144	122	164
273	272	227	172	136	111	118	112	140	176	199	220	238	229	223	245	220	198	178	162	169	82	98	97	77	145	121	127
265	255	188	115	101	107	104	104	105	156	205	219	217	216	217	249	242	215	206	181	158	99	129	110	95	130	124	121
261	251	233	140	79	88	84	92	98	147	215	228	231	222	220	240	254	224	176	161	128	114	102	95	78	142	150	160
253	229	226	220	113	71	74	94	119	163	199	207	230	207	203	244	241	216	186	150	139	117	90	93	46	111	135	143
240	209	179	214	189	87	81	101	130	155	193	200	206	192	195	238	222	178	247	351	254	148	115	137	111	100	118	131
231	187	146	194	218	162	90	103	132	147	176	207	213	206	214	230	204	175	310	395	271	187	138	200	193	130	137	151
219	168	150	202	211	226	171	109	129	176	217	235	244	238	232	220	211	256	318	354	206	187	176	236	230	159	159	170
211	172	167	203	209	214	232	215	210	229	213	221	229	238	235	215	233	259	226	330	236	130	218	227	209	169	173	164
218	177	151	183	193	211	222	246	254	231	210	216	208	228	228	194	183	177	172	253	289	113	213	200	175	188	161	206
210	180	145	178	190	209	221	224	235	231	221	211	214	193	177	159	138	145	183	267	326	158	209	172	132	158	163	186
181	165	168	174	171	191	199	227	222	206	219	217	201	203	236	211	163	152	230	298	297	173	251	164	108	147	162	163
166	169	160	147	135	160	182	220	237	205	199	187	185	276	354	270	192	170	338	364	302	202	210	140	108	146	174	143
168	170	179	158	112	147	157	217	244	210	185	186	252	347	401	384	416	407	465	516	435	190	202	187	178	210	189	136
143	202	203	147	121	225	211	237	268	252	209	188	260	392	537	645	509	367	397	592	559	305	366	319	273	284	253	219
200	224	242	231	244	336	354	312	273	238	128	118	319	476	521	464	346	187	231	431	470	420	425	448	400	404	373	318
239	258	275	272	263	267	257	256	257	271	271	264	257	249	264	256	247	226	224	237	248	266	273	278	258	219	213	216
232	258	274	266	259	269	264	262	261	269	268	266	265	258	260	262	246	207	204	217	233	255	262	267	247	204	214	219
235	248	267	267	251	264	270	265	265	271	277	286	277	264	262	259	260	219	186	202	236	249	255	262	256	210	225	229
234	241	257	268	252	251	265	269	270	269	271	263	264	260	262	255	262	257	197	171	233	255	261	257	264	224	247	252
235	234	253	263	253	250	260	264	265	261	255	254	255	254	258	249	251	267	247	167	213	266	251	259	256	252	252	243
223	236	247	265	255	253	261	261	262	256	255	256	256	258	259	263	261	269	269	236	225	264	259	259	258	264	268	227
222	246	248	262	259	258	259	254	255	253	260	265	268	265	261	258	257	258	267	261	244	239	263	250	250	258	259	257
232	240	259	259	257	252	257	254	251	259	264	263	267	274	270	257	253	251	267	256	212	192	255	253	256	262	251	239
239	254	266	253	255	267	259	252	250	248	264	216	229	255	274	274	270	257	270	314	269	165	175	286	293	266	259	232
257	268	270	272	269	256	243	256	255	265	250	184	185	222	243	272	271	267	262	268	238	176	155	184	226	239	238	212
263	270	260	239	211	191	159	150	172	211	219	230	209	198	218	251	261	267	260	249	229	176	172	186	204	233	229	212
270	241	190	150	132	118	110	108	111	114	151	203	232	230	232	223	227	242	239	236	230	181	152	169	187	215	222	201
260	175	124	108	102	103	108	112	111	113	124	152	204	233	230	210	218	219	217	219	228	217	176	157	185	204	225	213
247	131	106	99	100	97	101	107	107	129	173	205	236	247	232	228	197	203	223	219	237	239	234	217	221	221	230	228
268	164	90	93	106	136	173	205	221	221	236	235	236	231	234	292	234	179	230	240	240	243	247	234	225	226	239	235
253	243	178	109	128	185	214	229	230	232	234	233	248	216	231	309	229	161	184	238	239	262	254	245	237	241	238	244
223	218	242	195	152	212	227	236	227	220	217	220	224	237	227	233	222	212	193	235	241	246	250	247	239	230	233	244
201	198	228	248	237	218	226	230	230	210	208	201	219	244	240	237	213	196	211	246	251	244	244	239	246	239	232	238
201	170	221	246	263	242	234	232	236	228	233	243	255	256	246	237	205	188	211	233	242	246	244	238	235	224	226	242
232	191	225	240	245	243	245	238	241	245	251	254	261	255	242	221	198	170	203	249	246	238	244	240	238	213	218	233
227	209	220	237	222	219	225	238	255	241	234	240	244	229	213	223	199	169	165	180	197	228	249	237	236	221	216	226
235	231	223	230	212	214	223	240	244	237	216	219	236	257	178	175	196	168	141	150	193	210	235	240	221	206	189	207
233	241	217	181	198	216	219	230	229	222	218	223	235	269	250	199	185	157	171	170	188	202	256	236	210	201	184	164
214	215	208	219	231	224	210	206	209	214	199	196	159	139	166	175	154	142	137	149	148	165	231	214	193	202	190	169
132	96	160	165	181	283	233	201	174	190	189	179	116	90	156	170	171	183	142	137	150	148	194	183	185	217	168	153
73	77	118	160	202	142	133	191	242	263	226	154	52	36	83	116	194	241	159	149	157	152	154	170	177	196	165	93
73	63	93	158	205	136	107	298	347	363	246	166	117	117	78	145	259	317	244	177	200	162	152	157	165	190	184	109
122	73	63	97	121	81	190	276	79	204	355	262	217	155	130	168	258	290	404	215	151	235	206	183	203	206	215	164
202	220	241	255	261	250	241	243	251	256	254	252	262	262	265	259	261	247	250	248	253	259	266	256	253	249	235	211
184	226	237	252	255	264	244	238	254	264	260	263	275	269	264	263	253	232	237	230	255	257	273	275	266	247	223	213
202	233	256	266	259	271	246	237	244	265	259	266	274	266	258	262	258	232	226	222	259	264	270	275	261	247	234	231
229	231	259	269	263	273	265	248	238	252	266	266	270	259	249	251	251	243	213	205	253	258	257	271	264	250	245	253
233	232	258	272	266	275	273	258	244	242	257	265	270	269	259	254	261	251	242	222	258	261	270	277	273	259	270	219
226	228	258	268	273	273	270	271	252	244	252	254	264	266	265	261	259	259	255	256	265	267	267	269	265	254	251	220
235	234	259	270	269	272	270	270	258	250	244	240	251	261	270	267	261	256	260	267	274	263	259	263	266	267	255	252
253	255	262	269	271	277	274	273	268	263	249	240	247	255	263	269	274	261	262	262	274	267	267	277	279	277	260	249
272	276	268	259	267	272	274	267	268	262	248	246	248	255	262	276	283	274	269	267	262	261	265	293	284	272	264	248
283	262	217	229	260	223	218	228	229	255	256	252	251	257	260	272	275	273	277	273	266	253	250	277	282	274	264	254
229	160	160	227	238	231	205	164	214	386	274	248	261	257	251	257	265	271	276	280	276	256	236	277	290	289	268	262
133	118	158	175	147	180	247	288	287	272	232	215	237	261	262	258	247	249	267	287	291	287	238	237	288	284	269	265
106	102	99	105	113	164	212	244	225	223	221	209	191	214	255	262	251	245	250	267	275	284	280	255	269	269	266	264
107	95	91	92	152	215	222	233	226	226	222	213	200	188	224	221	245	253	252	253	264	280	279	265	267	271	271	265
214	131	86	123	212	222	224	237	237	231	228	220	156	102	184	195	210	264	248	254	264	279	274	262	271	274	262	256
246	243	163	166	223	215	222	217	233	237	222	201	176	155	171	192	234	242	246	246	260	263	264	261	268	267	268	257
222	224	249	250	237	231	237	225	231	233	243	243	224	232	225	207	238	252	230	237	247	254	261	267	276	272	267	264
207	212	233	252	247	238	238	236	248	255	267	265	265	247	238	235	253	258	249	243	241	250	258	271	269	268	264	261
214	188	226	243	238	223	227	233	253	261	261	258	249	225	218	218	248	261	265	252	240	247	250	259	258	260	263	247
235	213	219	245	238	223	220	220	241	250	238	234	218	215	194	195	238	258	268	258	236	238	246	255	263	271	262	250
242	269	255	241	231	217	209	221	239	233	226	180	168	163	155	194	222	249	268	263	239	251	251	259	270	277	267	260
190	190	216	255	232	198	185	204	212	213	167	157	193	243	194	185	214	244	254	256	251	243	253	241	256	267	250	253
119	93	75	101	155	147	153	145	135	151	123	139	168	209	229	214	198	205	243	266	275	247	247	239	252	269	263	256
54	52	64	60	69	88	97	106	115	196	212	168	110	118	131	170	170	148	201	257	275	262	244	244	242	253	258	249
39	53	52	74	104	117	113	118	132	179	189	134	92	120	140	131	127	121	169	217	237	250	247	247	250	251	251	246
42	136	140	120	143	113	98	96	107	145	135	87	43	60	123	153	142	152	161	198	262	277	259	244	238	241	248	251
83	136	91	93	120	126	87	58	54	71	71	49	49	52	88	123	128	165	175	161	186	249	263	243	231	240	261	262
44	28	41	51	72	65	40	29	44	44	36	40	60	58	60	106	130	161	177	194	181	227	247	235	220	226	264	251
182	243	262	290	287	271	261	259	259	267	274	274	269	264	258	253	235	154	161	232	258	269	268	259	254	252	238	250
161	245	265	284	278	273	271	266	270	263	270	272	269	270	262	253	232	146	147	205	266	265	260	260	254	238	237	249
204	255	278	295	287	279	274	265	267	269	262	265	266	267	269	259	251	170	163	201	249	264	262	254	260	244	240	246
243	265	278	295	298	281	278	271	269	273	264	261	261	264	264	258	266	235	181	201	237	268	260	254	266	249	237	243
256	272	287	283	286	286	281	281	274	273	270	260	262	256	252	259	267	272	240	200	256	259	262	266	268	253	246	247
268	277	283	280	274	282	280	274	278	279	275	267	264	254	247	256	257	261	270	271	266	259	254	256	261	253	243	249
276	276	278	274	277	280	271	270	277	278	269	265	255	255	261	255	255	267	271	268	269	259	257	258	263	256	242	246
278	271	277	276	278	266	269	262	265	259	260	258	249	252	254	253	258	255	267	266	261	263	256	252	265	269	252	246
280	263	246	247	259	254	251	247	217	209	220	249	246	251	248	256	262	259	252	250	253	259	249	251	258	268	263	247
247	177	264	264	201	181	198	208	187	162	158	222	249	253	247	253	253	243	239	241	245	251	239	234	253	263	272	253
125	235	377	202	181	212	219	226	203	160	197	209	226	245	245	241	245	250	266	257	224	228	242	225	238	256	269	261
108	248	180	90	177	255	254	245	248	213	165	168	177	226	251	243	242	256	251	247	228	231	245	232	232	245	256	256
99	95	90	106	221	249	240	246	250	253	157	159	177	204	234	198	235	243	244	245	255	244	249	249	249	242	239	250
91	96	93	123	229	246	237	241	261	278	218	142	168	204	166	156	216	256	259	260	255	259	257	261	260	258	250	241
200	131	101	145	232	251	252	259	267	279	265	184	162	218	192	215	211	249	261	265	260	265	276	269	270	267	260	250
259	260	224	228	259	255	257	251	251	258	269	250	206	237	280	281	206	237	260	265	269	263	259	263	267	264	261	257
255	247	271	264	239	226	241	226	226	242	260	260	246	242	257	215	218	253	257	257	256	258	260	272	266	260	253	248
234	233	251	258	242	230	228	214	213	233	241	242	240	266	210	183	257	254	260	257	257	257	268	271	266	249	250	248
213	224	231	260	256	250	237	218	207	225	232	241	245	212	163	238	263	258	260	259	259	253	264	263	256	248	246	246
207	209	217	244	254	260	248	226	212	223	240	250	255	157	192	256	250	257	263	260	260	255	259	260	257	252	251	253
107	183	193	225	260	274	260	243	227	243	204	207	214	168	237	244	250	247	261	270	256	252	252	251	258	251	253	249
37	45	101	138	161	178	199	207	229	210	141	137	136	163	248	256	250	255	257	256	249	246	244	247	257	254	256	252
45	33	35	43	43	45	72	122	138	127	131	134	138	168	222	258	247	247	249	255	263	259	255	253	255	259	259	252
68	63	50	61	73	87	89	101	136	112	106	113	118	138	166	220	231	240	246	255	263	261	260	267	260	264	261	254
69	81	57	53	47	68	77	132	143	108	123	109	111	127	202	216	235	244	246	256	258	260	253	254	251	251	261	259
37	46	50	40	29	56	81	105	141	143	121	118	117	154	202	173	190	232	256	260	251	266	268	253	247	254	262	261
53	43	58	36	25	49	71	81	135	172	156	141	137	136	139	136	159	209	228	242	245	264	270	246	241	254	259	262
23	36	57	33	27	37	52	74	71	125	154	146	145	136	116	133	173	150	158	196	244	264	268	249	239	252	251	247
258	271	276	272	267	273	269	256	261	269	276	266	254	247	239	212	188	221	184	223	272	238	244	260	260	268	254	253
266	272	277	271	269	274	267	265	267	267	266	261	259	251	245	210	210	229	198	190	244	240	234	255	261	258	249	252
275	274	277	265	277	268	263	266	265	259	261	258	259	252	244	217	230	202	201	207	245	256	250	251	259	261	253	256
275	278	261	263	281	265	264	270	266	252	257	253	240	237	233	234	238	247	251	239	254	254	251	254	256	253	248	248
275	261	253	273	281	265	272	263	259	250	251	255	251	246	250	253	261	262	264	256	248	252	266	266	257	255	254	251
266	258	246	271	278	270	273	252	263	258	248	241	244	243	220	246	256	270	271	260	235	253	257	272	273	259	243	241
271	250	249	273	260	270	264	264	249	227	213	214	214	229	242	263	265	282	275	266	246	257	258	273	279	264	242	222
264	220	223	224	224	236	220	197	167	166	164	175	183	233	211	222	264	273	272	278	247	262	272	261	264	253	249	243
188	124	207	166	174	180	157	145	128	142	165	181	187	181	160	177	234	263	264	275	266	266	275	270	275	262	257	248
89	125	358	189	206	194	174	188	179	204	210	214	206	163	138	148	189	231	253	275	268	253	257	260	272	263	254	245
75	219	307	135	233	250	234	233	241	252	270	271	253	216	136	120	204	233	249	260	259	248	235	248	261	254	243	258
118	203	143	107	216	245	241	246	263	279	284	276	267	247	170	138	160	211	243	245	248	246	232	238	249	244	252	254
112	108	111	114	203	240	239	245	265	283	277	266	254	231	170	167	154	177	234	231	238	258	252	245	249	250	240	248
138	119	123	141	213	229	241	250	259	261	252	254	238	209	218	279	167	167	230	232	231	254	263	240	246	249	237	237
236	193	194	211	239	241	245	254	253	240	250	251	225	229	284	273	169	171	228	232	233	250	260	247	241	250	241	237
273	269	251	243	236	229	232	231	235	230	229	238	233	274	288	231	183	179	234	230	237	256	249	240	238	248	249	245
275	271	245	229	201	203	205	210	217	217	218	248	264	252	254	237	192	207	239	231	246	258	253	240	233	242	248	255
253	256	255	230	215	219	222	232	227	221	231	261	244	238	247	221	197	218	236	238	248	258	256	246	244	238	243	247
245	244	248	249	234	237	240	237	228	241	256	250	244	239	263	236	237	241	234	243	254	246	236	238	239	239	242	246
253	232	234	242	250	253	240	232	235	239	223	239	250	217	230	261	253	246	242	249	259	254	242	245	244	236	241	248
258	257	244	235	238	236	231	272	268	241	247	240	233	226	258	251	261	258	254	259	255	249	245	250	244	231	238	243
181	196	198	230	245	244	238	217	222	240	242	248	256	270	267	264	271	260	260	264	262	256	245	242	245	244	249	243
111	105	124	168	196	203	219	224	236	233	228	236	268	267	262	265	264	264	258	263	270	253	236	239	245	248	248	233
69	66	84	115	120	144	175	199	202	210	228	235	249	265	263	259	259	252	241	242	262	249	235	237	243	238	242	236
73	106	116	125	157	163	164	173	166	207	261	207	216	247	247	253	252	254	256	246	257	254	249	240	243	240	243	241
115	124	114	105	138	171	167	180	189	201	172	160	202	243	246	257	255	255	256	264	252	253	258	241	232	240	245	246
113	119	109	98	97	125	144	177	193	203	194	193	211	240	256	266	261	259	256	256	238	246	256	255	241	235	236	246
113	161	151	95	81	94	99	154	199	205	221	234	241	250	262	250	237	257	243	246	244	255	252	250	262	242	240	259
279	251	227	204	160	214	263	233	214	221	225	236	244	230	217	171	139	270	367	333	349	273	190	239	235	259	253	263
276	248	221	185	182	261	244	216	209	212	213	233	247	232	212	161	143	222	318	340	250	242	173	214	220	236	244	261
275	241	212	183	218	229	208	204	204	194	199	217	226	232	207	156	184	190	209	240	242	185	128	177	221	232	235	246
275	234	179	187	233	231	208	198	197	181	190	196	193	185	167	164	174	174	170	223	213	169	173	189	212	225	223	217
265	192	133	195	282	229	197	164	169	177	169	160	169	186	198	186	175	175	176	182	159	180	217	220	216	205	198	184
226	128	106	235	301	206	174	141	156	149	155	165	191	205	199	183	176	188	198	208	190	192	235	228	229	195	141	147
169	96	127	301	248	184	167	172	172	166	179	190	211	235	222	185	215	219	234	237	218	203	214	221	237	217	151	130
123	89	211	354	204	189	188	180	180	211	220	229	257	261	227	153	194	198	207	224	220	208	221	217	227	226	196	138
93	124	349	289	131	196	213	203	230	249	270	277	273	265	219	164	170	174	222	250	228	196	217	232	240	232	204	173
81	176	334	148	119	188	232	240	252	267	277	279	273	268	207	148	147	157	207	240	238	210	220	230	251	236	203	175
94	145	141	96	156	242	252	253	253	277	281	273	259	246	189	173	216	173	170	194	205	202	182	225	240	240	208	217
130	111	131	187	231	253	247	256	263	261	255	255	246	229	165	240	221	168	162	184	192	187	148	180	216	220	216	208
217	215	240	249	258	253	254	246	245	258	260	260	248	211	214	305	228	198	172	190	193	198	167	154	222	240	218	211
274	254	246	235	240	242	242	235	229	242	240	242	233	209	272	267	242	231	204	215	227	218	198	146	211	249	227	217
269	250	243	216	222	224	233	235	229	198	206	225	210	251	263	246	252	250	213	204	235	237	228	153	186	239	241	228
272	255	246	236	230	222	227	227	224	182	184	222	230	244	234	242	254	259	221	198	228	247	217	160	165	212	246	229
278	275	261	259	248	241	240	234	230	226	243	269	236	232	240	239	251	252	206	209	238	253	209	166	154	183	236	253
275	266	260	259	253	255	249	254	260	263	255	235	237	241	244	242	259	245	204	210	244	246	201	170	146	173	200	253
267	258	255	257	252	246	256	265	250	231	241	234	231	244	241	251	249	227	190	201	250	233	200	159	135	168	183	214
252	245	234	230	243	259	254	215	187	229	240	236	241	251	256	244	226	213	182	209	246	221	187	155	131	154	179	207
228	219	230	246	240	235	219	201	194	222	232	240	251	258	261	251	249	248	224	240	250	208	173	150	138	154	171	200
230	228	232	227	207	190	211	222	210	218	232	248	260	260	260	255	248	238	239	249	243	194	160	165	174	164	171	178
223	230	215	199	209	227	231	244	244	238	246	273	261	255	257	253	254	245	241	245	236	184	167	178	190	190	172	170
188	198	183	220	236	246	232	244	250	252	265	267	257	259	255	255	259	253	246	239	224	209	188	183	192	188	176	188
171	201	174	199	243	243	244	240	253	265	276	268	261	262	258	262	261	255	251	242	220	234	201	192	201	195	174	180
213	217	221	194	223	244	249	271	289	275	271	265	265	260	257	268	264	268	255	217	219	246	226	199	203	185	200	215
243	241	234	219	212	236	261	240	237	296	264	259	266	264	269	271	276	270	235	203	238	237	222	202	201	183	220	233
236	249	215	235	209	183	215	218	206	214	224	248	267	280	263	246	249	238	208	219	246	247	224	194	207	191	192	200
266	124	84	90	87	111	197	235	121	106	88	140	242	245	261	271	248	212	314	337	230	350	241	169	202	228	244	249
239	99	83	78	89	189	294	196	105	94	121	173	235	261	274	263	221	179	273	393	288	390	287	157	142	184	234	256
208	86	81	87	137	252	235	145	94	101	144	194	250	277	280	247	208	194	143	137	147	135	124	143	147	153	198	238
175	73	79	102	176	254	182	114	101	126	162	228	268	278	281	260	236	186	139	194	134	102	110	116	144	160	169	188
146	70	78	125	282	286	142	89	103	150	208	257	275	281	275	257	212	159	113	126	140	136	132	152	151	164	141	144
115	80	88	212	346	222	108	95	112	177	256	265	277	276	258	237	206	135	104	98	122	125	157	149	150	152	144	127
99	85	110	279	250	127	98	97	122	209	264	260	261	265	253	225	192	139	118	126	131	151	144	120	125	136	162	136
100	80	212	330	167	89	90	90	142	247	266	272	267	253	242	224	196	150	144	157	137	145	154	129	132	162	183	185
109	111	222	167	103	88	74	108	220	268	262	262	241	228	249	255	260	189	178	152	132	125	154	161	149	166	189	213
131	130	119	81	81	100	163	232	266	267	250	246	244	247	248	258	279	225	216	157	157	164	194	188	169	151	188	212
165	118	101	118	174	231	247	250	249	257	251	258	258	249	242	327	257	236	217	191	197	202	213	198	183	182	202	225
237	189	209	249	259	242	234	231	229	235	244	253	251	238	314	304	219	246	237	236	211	201	209	221	198	203	227	234
276	275	263	254	252	249	239	227	220	229	238	246	247	280	295	236	237	238	244	254	225	211	216	230	233	213	219	240
272	261	247	236	236	246	240	216	201	226	220	218	271	285	237	241	244	237	242	256	239	216	225	237	243	239	230	247
273	259	244	208	190	210	209	208	207	170	189	264	261	238	234	244	244	234	254	259	240	232	237	251	262	241	242	253
271	267	249	226	206	219	230	227	220	154	252	255	223	235	233	234	243	243	252	253	245	242	238	250	254	245	242	243
264	273	266	256	248	255	256	243	241	283	328	239	235	229	237	238	242	240	256	257	251	238	241	247	255	266	268	258
267	261	253	257	259	250	241	256	282	252	247	248	241	237	237	248	253	256	268	260	249	252	236	236	244	266	262	262
259	249	240	235	230	240	271	261	241	234	247	257	250	232	247	262	272	269	267	266	251	253	223	200	221	265	245	228
241	226	206	234	258	268	237	231	250	228	245	246	246	246	251	272	292	281	267	265	242	223	165	158	185	224	210	201
226	207	211	252	253	233	217	234	248	228	229	241	259	248	257	279	278	253	240	249	248	187	135	148	168	183	175	173
225	227	213	229	229	243	233	237	242	238	241	257	267	258	275	269	261	239	232	239	225	127	110	197	240	235	180	132
218	211	198	224	223	244	251	247	247	244	248	282	262	258	278	255	260	252	243	243	180	99	168	255	288	290	200	155
214	230	228	217	222	233	234	239	256	252	278	283	255	268	263	252	257	256	249	234	119	170	247	256	283	298	223	238
234	228	242	231	220	223	237	240	254	266	292	273	260	274	257	257	250	258	255	230	156	237	227	221	277	281	220	186
230	236	239	242	241	234	227	242	246	284	294	261	262	272	259	256	251	263	243	164	178	265	220	199	265	259	230	210
236	264	261	282	283	254	253	261	239	291	281	258	275	257	264	254	271	264	203	138	254	266	229	197	258	255	280	241
244	261	261	315	278	224	305	323	247	251	251	277	305	271	230	237	268	254	221	242	286	262	258	196	180	267	294	192
264	161	111	90	100	108	135	146	101	124	131	154	218	261	269	282	274	252	238	237	181	197	134	113	168	210	253	257
237	150	114	94	94	123	196	159	106	116	137	151	217	268	272	272	273	261	240	193	152	154	140	62	140	177	242	250
222	148	118	97	128	181	194	139	117	126	143	161	236	283	276	272	258	249	243	191	139	131	134	122	113	133	210	252
212	146	114	111	148	134	156	142	125	144	151	191	261	269	272	278	249	252	217	167	123	113	134	136	148	155	182	251
201	147	118	135	149	146	149	125	146	152	185	248	260	248	243	251	224	206	191	142	115	150	138	142	150	166	157	153
196	149	112	119	148	150	124	132	150	189	227	227	233	220	210	205	197	191	177	132	145	183	165	156	163	191	216	166
197	155	116	104	121	115	114	138	161	213	233	208	217	226	204	214	237	228	168	175	201	222	205	178	178	204	237	216
201	161	115	92	106	94	109	127	184	247	249	247	252	262	249	257	258	250	197	230	225	229	220	197	213	228	237	229
217	170	124	101	92	87	91	156	246	263	251	257	256	259	257	241	289	240	210	243	239	228	229	232	239	250	244	237
250	185	153	137	121	131	189	254	259	261	258	254	257	261	242	265	320	201	227	244	241	244	239	244	240	248	251	251
276	239	209	206	222	253	268	260	250	245	255	243	253	250	248	344	247	211	242	251	253	248	242	241	243	237	245	253
271	279	275	271	270	266	259	250	242	232	237	228	235	235	307	269	210	234	243	249	248	237	242	240	244	242	238	245
266	273	271	258	257	256	257	252	250	230	223	227	235	270	240	221	224	227	244	241	239	236	242	244	245	242	238	240
273	281	260	251	243	242	243	245	245	232	206	199	266	246	217	232	226	232	240	243	237	243	248	249	254	246	246	249
273	275	271	238	208	225	217	220	216	229	224	260	234	225	224	225	225	227	240	241	232	244	252	252	250	251	253	258
266	274	277	255	234	235	236	229	200	208	360	291	219	238	224	219	226	235	249	247	244	260	260	256	255	254	255	262
249	275	276	272	265	264	261	248	254	267	297	241	225	234	237	236	239	243	252	256	266	260	253	259	263	256	252	253
247	270	274	272	261	257	253	285	277	249	246	243	226	227	236	244	243	252	260	268	272	263	253	250	258	258	255	254
261	262	253	244	248	260	261	258	249	245	267	271	251	229	247	262	253	267	279	273	269	262	255	265	262	266	258	255
250	249	257	283	262	248	237	244	244	238	256	250	245	244	258	259	251	269	263	256	259	253	242	238	243	238	237	260
242	254	235	235	242	246	238	255	252	246	251	253	254	253	260	254	262	260	254	260	258	252	226	219	229	219	197	221
250	246	228	235	240	254	257	261	256	263	263	244	255	261	259	256	265	263	271	252	250	232	192	235	255	253	213	181
237	242	236	227	224	232	242	245	246	271	274	256	265	274	269	265	251	257	244	240	227	175	171	238	252	273	253	188
244	247	247	243	254	232	226	264	268	274	280	264	275	282	271	261	253	246	234	231	174	181	219	241	251	271	261	217
244	252	260	264	260	247	234	249	252	257	259	263	271	263	253	241	246	233	246	211	205	226	233	236	255	262	265	243
231	244	257	270	265	237	227	245	269	269	273	278	272	273	260	243	242	235	230	222	235	230	239	253	252	257	259	248
257	256	271	280	265	239	231	258	292	285	286	294	291	283	277	264	241	259	252	247	245	250	246	255	265	272	263	242
283	291	287	273	260	266	258	282	303	294	267	283	287	291	274	264	259	261	281	281	262	261	263	267	249	275	278	265
251	270	218	178	154	132	137	151	168	188	216	246	246	251	256	239	219	232	227	232	183	166	133	141	194	207	234	246
282	264	214	178	145	124	133	152	177	198	222	249	248	240	244	234	211	223	237	218	172	166	120	160	206	184	218	230
286	270	216	178	135	130	155	174	194	203	230	253	242	222	223	222	221	235	240	210	171	167	133	136	222	173	219	250
284	269	214	174	131	150	163	187	206	228	247	241	209	221	248	270	237	236	225	209	159	145	137	132	197	186	181	265
284	267	217	172	136	166	182	205	237	253	249	233	211	230	245	270	261	260	254	205	152	135	140	168	191	194	191	205
280	265	215	170	144	181	205	214	231	233	211	209	222	212	230	261	273	262	251	187	157	156	165	178	186	202	204	198
277	264	216	168	166	188	181	182	215	225	223	221	238	259	271	269	258	244	217	189	183	170	176	186	188	181	187	222
274	276	225	173	171	173	176	209	255	248	260	261	261	263	266	257	250	252	206	183	178	183	182	203	214	194	193	232
276	287	245	195	172	172	190	242	256	261	265	269	267	266	258	250	248	251	202	179	169	192	215	224	229	214	205	217
271	280	271	241	225	222	237	257	258	262	265	257	246	254	248	237	272	226	194	179	200	194	233	241	242	235	217	213
271	280	281	272	268	267	263	268	271	267	264	222	225	245	242	261	250	204	188	190	232	218	241	241	240	247	232	218
270	280	279	273	259	255	267	269	269	275	265	233	233	240	247	245	216	191	187	219	238	236	243	253	250	251	247	232
268	283	278	268	260	258	263	253	242	263	272	269	251	246	238	219	192	182	201	222	238	245	248	247	243	247	251	236
272	281	280	267	255	242	230	213	204	242	266	270	261	249	228	203	205	221	234	240	240	244	259	248	234	235	236	228
270	277	279	275	267	248	232	220	211	226	246	270	259	244	219	217	227	231	228	237	237	241	249	253	250	249	236	239
264	267	270	282	277	266	257	247	228	203	282	293	261	246	221	224	230	237	242	242	246	245	236	237	242	243	237	248
248	255	261	271	277	268	261	251	256	250	257	233	229	241	240	241	243	243	244	252	255	243	219	217	234	240	241	249
235	244	253	261	261	258	268	290	289	260	264	245	237	243	243	248	247	245	242	255	254	241	237	247	249	252	244	242
239	248	247	250	262	301	337	285	268	266	259	240	237	247	255	254	243	258	266	256	252	244	251	253	263	260	251	236
234	232	247	265	261	252	265	250	260	255	253	245	246	243	251	261	257	266	257	254	256	246	242	252	257	252	249	253
212	235	255	253	228	235	246	256	261	265	249	244	252	252	241	256	257	262	254	255	260	249	252	258	264	270	265	266
247	251	234	254	237	241	250	260	274	271	252	267	293	284	267	280	286	278	277	286	292	291	284	254	243	249	263	269
252	246	217	227	247	242	237	246	244	251	281	276	269	277	302	292	287	287	279	280	287	299	278	261	260	261	266	265
258	249	261	243	275	263	263	281	242	237	287	281	289	294	277	256	263	253	259	264	256	274	254	262	257	273	255	243
213	215	245	259	265	256	241	248	239	253	252	264	278	266	254	250	257	257	261	263	236	241	248	255	247	254	253	256
236	243	244	251	259	265	269	269	267	269	265	271	270	276	286	277	272	270	268	258	260	260	253	243	255	259	260	245
256	252	251	256	271	283	283	276	274	270	274	276	279	278	282	287	277	276	279	280	266	248	238	239	256	261	259	247
259	250	254	265	270	266	269	268	268	265	275	278	279	279	282	292	292	285	287	273	237	236	240	235	258	260	252	240
241	272	286	283	263	237	225	236	261	250	240	247	243	233	219	218	203	210	226	222	216	206	171	200	253	237	263	246
264	270	288	283	252	233	231	253	266	245	238	249	244	227	220	214	194	203	219	226	235	236	173	206	261	246	269	240
261	274	286	284	247	240	255	263	253	225	233	245	231	211	212	210	206	233	244	258	251	245	180	209	272	239	252	242
257	275	281	279	241	255	263	256	240	233	243	239	210	224	233	239	256	264	267	264	247	239	168	218	284	253	259	255
259	276	281	270	239	271	263	254	249	254	248	239	223	246	261	256	260	265	266	262	243	241	132	140	248	233	253	256
261	278	284	269	250	276	271	246	235	227	240	260	243	250	266	269	268	259	255	246	217	216	115	132	233	219	229	255
261	277	282	269	269	280	248	202	217	246	258	262	263	268	274	269	262	252	248	236	211	192	122	132	222	206	207	250
263	276	277	273	272	275	253	240	261	259	259	268	272	269	266	263	259	253	247	231	201	191	139	146	228	217	210	245
268	278	281	283	273	272	275	265	260	262	264	264	265	261	253	259	251	244	239	205	184	189	188	174	221	220	221	214
272	276	279	279	280	277	271	261	258	262	267	266	252	250	256	259	241	220	206	204	203	186	218	202	229	214	225	217
274	278	278	275	275	268	274	271	269	274	265	260	253	255	255	251	255	212	171	212	216	186	195	199	213	210	217	224
270	274	275	278	264	248	254	250	245	262	272	277	267	267	262	261	249	214	195	195	195	157	181	196	201	204	201	209
269	273	273	277	258	248	254	242	228	257	270	279	267	260	267	255	216	203	189	211	212	153	184	182	184	210	193	209
261	272	277	283	262	239	222	219	219	248	262	272	251	253	260	234	217	200	201	241	200	187	187	183	193	253	186	210
259	269	267	280	272	249	239	229	235	245	253	252	267	274	255	226	221	215	227	222	208	205	206	231	239	228	210	221
264	267	261	270	277	272	259	257	249	233	245	247	287	274	234	223	226	237	245	237	228	200	205	227	228	219	206	221
266	264	259	263	269	269	263	257	242	276	264	240	240	250	243	245	239	242	255	256	233	213	210	229	231	222	213	232
264	254	246	254	246	244	255	270	313	276	205	245	231	238	238	253	253	249	253	247	229	228	244	262	254	245	233	245
244	244	243	230	254	320	401	340	297	269	243	239	250	246	247	247	246	245	250	245	244	247	254	243	231	238	256	248
222	213	206	224	281	310	355	310	283	267	254	267	266	257	259	262	271	266	255	257	258	246	245	255	263	253	250	253
293	222	210	226	229	233	239	252	259	257	241	234	240	250	245	254	273	278	279	280	282	269	262	269	266	261	274	276
216	213	235	232	220	222	227	248	272	258	257	259	257	265	289	290	285	285	293	306	306	301	296	276	251	256	262	276
203	207	219	220	214	251	254	267	271	247	262	283	259	249	294	290	288	296	304	290	290	298	284	264	255	246	261	252
208	191	228	209	222	236	245	247	238	229	258	277	259	247	255	253	270	274	276	264	264	261	241	251	263	258	262	264
239	225	235	236	246	241	243	247	257	267	267	277	269	258	257	264	268	276	269	271	272	271	267	260	257	258	264	267
250	255	255	248	249	260	265	267	268	270	267	266	273	278	280	279	275	281	280	281	277	264	264	254	248	257	257	255
246	261	264	260	256	261	261	257	259	260	268	270	271	267	269	272	277	278	278	279	263	246	255	240	239	249	245	251
226	245	248	244	254	254	251	249	254	255	250	246	257	265	277	274	274	276	274	275	250	245	249	225	237	236	232	238
272	268	264	268	274	278	267	258	262	253	251	267	272	259	244	250	250	252	246	248	246	211	218	236	237	241	263	255
268	271	261	250	264	275	266	260	258	250	252	270	273	263	246	233	231	225	221	233	251	217	209	224	242	248	264	259
269	275	270	254	265	273	262	262	254	250	258	270	266	262	247	232	219	211	220	231	246	212	194	238	245	237	241	238
263	272	267	257	262	264	262	268	263	259	267	270	263	258	246	241	221	212	222	232	228	191	179	244	261	242	253	249
261	263	262	265	266	271	274	270	266	243	252	263	263	255	250	236	241	236	235	221	204	201	175	197	259	251	257	262
262	253	259	268	275	280	274	268	251	220	243	269	266	259	250	248	257	258	256	254	244	224	178	213	324	256	243	253
258	255	266	275	282	275	267	268	248	239	254	266	270	269	270	271	264	255	251	258	266	242	185	194	282	265	248	235
260	251	263	274	275	275	269	271	267	268	266	270	271	274	268	268	268	264	260	259	261	241	174	180	246	259	255	242
254	247	260	274	274	272	264	265	261	264	268	270	270	268	262	263	256	247	250	265	262	239	165	180	243	249	263	247
244	257	262	273	279	277	270	262	256	252	260	270	275	272	274	267	256	226	236	270	253	238	165	177	246	232	252	254
261	262	264	277	280	270	269	261	249	245	254	262	281	280	271	262	267	230	220	265	234	248	151	153	244	224	235	255
264	266	272	274	267	251	246	238	230	219	246	268	279	272	264	257	256	247	228	244	231	306	148	131	234	216	217	234
264	263	270	274	266	251	252	261	230	205	251	268	269	264	258	249	249	227	173	230	297	329	117	108	225	229	215	231
262	265	269	271	257	242	237	247	225	213	259	265	265	259	264	260	239	197	157	240	340	296	84	103	226	257	228	248
256	259	262	270	263	255	249	243	226	211	258	260	261	269	266	240	227	215	214	296	345	287	148	129	228	225	238	254
251	248	246	255	261	264	258	251	236	208	246	254	264	268	255	231	224	237	274	349	327	324	276	201	267	246	229	227
252	247	243	254	261	267	269	256	242	250	242	251	258	283	280	238	257	320	267	239	210	200	200	207	277	281	250	228
237	236	235	247	250	249	245	259	278	218	183	255	269	284	271	248	250	265	241	232	223	217	206	187	263	281	217	207
295	232	221	225	238	261	281	260	230	213	228	226	237	234	242	247	242	239	248	249	242	241	241	175	213	254	208	191
384	378	308	256	277	290	288	269	245	250	239	238	242	242	242	231	230	243	262	276	273	252	247	211	177	251	199	196
342	242	255	259	239	247	231	238	251	259	251	241	232	232	229	223	237	252	260	250	257	269	261	241	150	195	177	183
289	183	155	181	209	217	230	259	270	270	261	247	227	222	246	239	233	259	269	257	242	240	264	254	157	183	200	160
429	455	325	215	210	223	239	248	250	260	259	263	252	249	250	249	240	254	271	261	239	200	218	202	125	166	181	134
339	359	267	238	233	236	241	246	246	250	265	263	250	250	255	258	261	270	272	254	255	209	181	166	138	188	189	191
201	242	223	262	235	239	249	261	263	265	266	261	251	254	252	253	256	256	255	253	258	203	179	167	155	195	214	243
106	140	147	210	251	260	261	260	264	260	261	257	258	262	255	244	238	239	250	265	270	249	197	167	165	190	219	248
102	131	130	170	227	245	253	251	259	259	257	250	241	237	244	237	247	259	263	272	272	258	232	174	178	188	203	249
88	106	114	129	180	215	240	253	249	225	218	236	242	252	259	258	256	260	266	271	265	245	233	181	169	179	208	240
250	210	172	205	241	256	258	262	265	271	271	265	265	264	261	259	254	250	246	240	204	210	248	257	253	257	250	252
251	210	207	225	215	200	228	261	267	269	273	269	264	258	251	254	249	242	235	236	202	208	244	262	258	257	259	264
249	215	230	239	233	230	252	259	266	265	268	268	263	244	215	238	243	232	235	231	208	206	236	258	251	250	253	254
246	208	229	246	252	255	258	268	272	269	270	264	256	252	231	230	229	230	236	238	215	194	238	251	251	243	248	251
231	214	236	247	257	266	270	273	272	256	259	263	253	239	228	236	239	237	236	238	194	190	247	256	228	239	256	257
209	226	249	257	263	269	271	272	266	246	254	265	254	227	199	220	246	242	245	250	208	194	253	265	245	240	249	258
208	226	248	259	263	266	266	265	261	256	261	262	247	232	208	217	236	234	238	249	222	207	247	254	240	274	255	249
226	226	230	243	255	261	264	263	267	263	261	256	249	239	233	240	255	254	246	248	227	211	234	248	245	241	254	254
237	233	237	248	257	265	261	262	264	260	247	244	250	245	249	256	257	253	257	263	245	205	216	244	254	232	238	250
250	252	252	260	267	263	259	261	260	260	258	253	255	249	247	256	259	256	254	258	250	224	213	230	259	238	238	244
268	263	259	263	266	262	258	257	254	254	260	260	278	279	252	254	259	255	245	254	245	258	236	219	262	237	243	245
264	271	269	259	257	259	253	252	239	241	253	264	268	280	280	259	262	253	239	232	189	370	306	203	274	249	251	255
262	274	269	269	259	256	261	261	215	203	247	261	266	267	268	270	262	246	218	222	191	474	376	198	269	255	252	253
264	267	270	268	241	246	246	253	236	208	240	262	270	273	266	256	255	244	229	234	266	469	442	230	244	252	255	249
257	259	262	271	270	250	261	259	231	212	257	273	271	271	267	259	256	253	245	272	298	467	454	293	242	236	265	265
250	246	238	243	253	250	250	261	245	208	237	277	272	271	271	260	250	243	257	296	284	391	360	177	265	286	276	281
222	235	230	233	239	239	260	267	264	216	213	240	282	282	278	249	252	275	261	265	217	312	410	152	112	335	321	220
176	220	251	251	240	238	251	290	260	200	213	239	245	263	271	273	244	287	281	258	304	350	434	298	107	266	350	285
220	236	245	241	282	258	282	333	272	265	245	287	284	278	307	357	360	345	309	281	275	304	311	394	180	189	264	303
234	230	252	243	270	197	218	316	310	310	293	267	291	290	262	263	292	296	269	251	262	285	249	349	348	229	455	342
108	113	251	269	176	192	237	262	251	245	247	231	226	236	243	237	246	262	254	228	233	232	251	257	398	291	315	331
101	102	168	298	334	271	211	144	135	170	211	228	221	221	222	226	230	227	232	219	177	202	191	209	310	383	316	312
228	245	215	239	250	149	105	107	157	205	229	250	258	260	259	264	263	249	237	226	211	174	160	188	275	381	315	283
217	169	135	165	136	141	176	183	209	236	251	257	263	258	257	258	249	239	241	238	216	127	122	160	199	299	261	226
281	150	85	101	114	137	157	178	198	224	242	250	249	257	256	241	240	243	245	246	227	137	99	146	170	216	227	229
249	155	63	68	78	89	113	134	155	189	212	223	234	230	226	232	237	240	245	244	242	193	142	158	210	189	202	208
290	191	108	67	80	81	85	97	119	143	156	169	165	175	206	217	225	230	240	241	237	231	213	201	260	246	215	220
353	258	225	131	115	105	97	93	92	83	94	126	142	164	187	195	199	206	203	196	199	236	277	304	377	370	315	277
258	209	200	227	215	209	206	224	253	253	257	258	254	258	262	260	255	242	233	204	193	230	245	256	254	257	258	256
236	206	234	246	240	232	218	207	241	246	245	246	250	255	259	259	262	253	253	230	192	240	243	249	254	261	262	258
209	219	245	261	255	245	242	226	223	234	234	244	256	256	241	254	263	260	265	242	193	236	243	250	256	258	256	249
217	227	246	259	264	259	260	254	247	242	255	259	262	258	245	250	258	259	260	243	201	227	246	251	256	253	250	252
200	236	255	254	260	266	269	268	270	271	264	265	261	250	237	244	255	257	261	240	201	231	246	251	245	251	255	254
184	243	259	260	261	265	268	269	266	267	265	261	258	248	230	235	254	254	260	227	184	227	243	250	240	248	256	260
171	223	250	256	260	261	263	261	260	257	256	255	255	246	229	227	241	256	257	227	183	221	244	249	248	262	261	263
196	232	245	250	260	262	263	260	262	250	227	236	251	248	239	235	247	261	254	237	182	218	247	252	252	255	257	249
198	240	260	264	263	264	260	260	261	257	205	196	244	247	244	241	245	256	257	229	182	222	250	259	257	246	242	239
185	221	253	266	265	262	259	262	262	260	246	190	206	238	242	245	248	256	251	209	191	230	258	255	246	241	230	234
171	196	234	261	262	265	264	262	263	265	260	240	201	206	214	231	238	243	216	219	222	233	257	249	241	245	246	238
161	188	208	252	258	260	258	254	253	262	263	259	251	251	246	213	202	212	211	266	270	270	273	245	240	242	249	246
133	189	204	233	245	252	253	248	245	254	260	261	257	258	257	247	188	197	255	364	388	337	298	241	235	236	236	248
103	161	191	206	225	250	252	252	260	259	256	262	260	261	250	255	240	228	303	454	519	379	316	243	232	233	241	250
86	126	156	199	225	257	269	258	267	268	265	265	269	255	226	264	265	262	353	503	574	423	274	245	228	223	237	246
103	108	135	171	205	231	259	285	293	274	260	273	274	246	243	258	248	298	358	404	503	476	288	202	203	232	247	262
118	91	106	149	181	217	268	285	280	262	246	257	261	267	292	266	237	161	241	286	389	518	458	236	165	266	267	253
155	119	106	111	143	209	235	257	262	250	237	247	272	283	224	198	123	100	207	266	344	459	501	426	245	237	271	258
278	164	98	88	162	233	259	294	332	418	393	349	276	213	129	100	104	117	146	224	228	305	412	458	386	264	242	268
288	136	77	73	112	136	227	327	364	298	292	281	222	190	148	109	114	116	130	137	139	223	315	319	338	356	418	355
357	244	164	109	75	103	159	166	133	142	162	174	147	182	169	160	176	213	235	226	199	238	306	300	321	274	365	416
496	360	292	225	160	123	96	62	75	129	160	170	181	194	192	197	215	246	283	281	214	216	246	235	293	346	329	337
535	445	373	322	213	103	74	73	112	148	149	158	173	187	196	202	188	164	156	159	200	236	269	328	379	401	335	319
591	476	419	369	295	186	118	85	73	72	71	79	89	103	111	122	127	131	144	206	267	282	327	380	413	434	381	322
708	581	500	422	380	289	179	126	90	83	84	70	69	77	92	101	118	154	190	225	241	244	290	327	383	363	347	343
646	664	584	518	445	355	266	177	137	104	75	62	62	61	64	83	101	124	160	177	185	182	222	244	281	281	275	246
609	661	642	587	510	441	356	280	220	161	146	106	97	79	70	80	86	89	102	108	119	139	135	155	189	204	177	142
592	623	663	633	578	500	436	360	285	246	223	167	174	156	140	134	139	131	118	115	126	127	110	125	157	152	130	106
108	148	193	231	238	235	230	226	227	220	218	208	217	236	250	227	201	170	89	105	218	228	237	248	251	240	239	257
115	121	171	226	242	250	254	242	246	241	232	231	236	245	249	233	206	169	98	105	211	237	238	251	254	243	242	264
115	104	156	194	227	248	254	252	248	246	236	241	243	244	240	241	206	166	98	110	211	237	243	251	251	245	252	268
123	108	165	185	208	241	261	261	257	254	247	252	243	239	240	219	195	161	87	105	210	233	244	250	250	245	255	268
151	98	149	185	186	222	255	264	265	261	254	256	253	242	241	233	199	152	79	99	215	234	237	249	254	250	258	268
169	100	115	160	165	207	248	266	263	260	250	255	258	250	252	249	205	135	75	101	218	239	236	246	256	252	259	265
190	102	96	136	148	182	229	261	263	260	235	241	255	253	254	254	207	122	73	108	219	242	236	243	254	249	261	265
206	108	89	124	137	159	199	250	264	257	239	226	242	253	254	253	193	105	68	127	221	246	242	244	256	256	263	258
229	129	87	105	136	160	181	216	253	262	247	229	223	243	249	243	172	87	63	168	222	249	242	243	254	264	258	241
285	164	98	88	124	158	193	207	226	258	253	234	221	225	231	230	150	64	50	171	231	249	251	246	249	266	253	221
356	217	128	93	114	150	188	206	222	250	255	245	237	217	210	204	119	51	38	152	251	247	248	240	248	264	269	253
416	279	172	110	100	124	161	196	224	244	253	251	259	238	225	197	84	46	48	160	279	247	246	243	250	266	256	242
478	366	241	150	88	91	127	172	207	229	228	233	245	240	234	202	65	43	77	200	329	258	249	245	251	268	251	240
561	437	297	199	115	83	94	145	185	201	203	210	232	234	220	201	71	55	104	210	379	271	230	244	249	267	257	235
593	486	373	263	174	106	85	123	187	213	224	222	238	211	211	216	93	91	152	260	370	315	191	228	247	266	244	225
622	546	429	323	229	153	82	105	150	195	215	222	222	180	215	194	118	139	197	283	377	367	239	222	240	258	246	231
662	600	533	428	269	220	120	95	115	144	167	177	186	181	205	186	143	148	206	282	407	436	290	251	236	252	242	242
675	656	608	518	368	290	198	114	105	98	112	133	145	148	175	154	122	142	213	268	383	477	356	263	226	202	204	226
692	668	622	553	465	367	273	194	144	130	132	119	111	120	119	102	113	133	187	249	329	395	407	332	274	225	176	155
677	685	641	594	535	453	358	277	205	126	110	101	82	84	80	77	99	116	139	191	231	279	328	321	318	320	263	175
618	667	657	629	597	536	443	338	254	183	134	108	73	68	70	74	79	102	132	153	179	216	262	272	240	254	285	286
580	618	669	675	648	593	559	452	365	305	260	192	128	89	82	67	70	86	102	113	120	136	177	185	164	181	198	203
483	586	662	690	678	640	605	573	489	426	354	284	210	155	135	98	80	78	59	57	62	85	109	123	126	126	125	121
362	490	586	623	672	678	674	631	558	477	415	353	298	260	145	131	106	75	59	64	95	110	102	109	113	105	107	99
297	393	500	578	607	650	661	647	597	566	497	410	384	310	162	179	137	123	101	83	107	140	154	148	161	143	133	132
221	315	417	518	595	654	643	658	665	603	555	469	381	333	323	258	199	187	148	127	142	168	184	196	204	195	174	142
160	255	348	456	557	591	629	651	651	636	609	553	459	404	576	455	302	268	230	233	218	219	227	250	263	266	231	182
111	198	289	375	493	531	582	628	659	669	667	633	569	422	359	479	482	407	361	325	296	276	258	276	268	260	241	234
524	592	549	407	304	203	146	124	144	177	202	219	237	261	284	256	193	172	173	233	290	285	249	254	258	252	253	258
578	554	565	438	323	205	142	123	152	177	198	219	228	229	270	206	156	171	165	237	288	256	245	249	255	249	254	256
603	548	521	458	299	197	131	113	134	173	198	209	213	208	245	206	143	163	168	246	261	227	237	250	257	247	246	250
609	599	467	408	298	187	108	103	121	161	203	218	219	212	240	186	130	171	191	253	274	241	258	261	248	235	239	248
582	599	521	372	327	205	119	99	114	160	199	211	213	216	250	187	152	179	219	305	295	243	257	246	236	236	243	255
585	593	589	418	332	232	141	99	108	154	190	204	200	206	249	203	185	208	220	286	256	244	242	240	249	247	244	247
557	627	592	471	323	270	169	109	98	143	170	180	175	196	254	203	201	229	238	263	224	232	251	253	248	248	250	250
556	629	643	574	361	292	226	136	97	121	153	157	151	180	240	211	187	202	240	270	224	224	249	258	255	254	256	254
569	667	648	571	478	323	268	170	115	102	120	126	129	166	217	209	187	185	230	283	217	210	232	257	262	261	260	256
549	573	590	574	551	396	304	240	157	109	112	115	122	139	177	200	185	197	242	293	227	202	222	249	245	251	250	244
562	595	641	640	567	508	332	290	201	140	116	109	112	121	168	198	193	190	215	273	246	194	218	239	226	236	230	223
601	607	628	645	600	520	438	359	297	215	156	115	107	120	148	166	164	164	184	240	262	199	208	219	209	204	204	226
584	589	592	655	664	622	492	440	423	263	207	154	115	124	137	147	145	148	167	202	246	210	187	201	187	190	189	208
575	602	611	639	661	630	532	443	476	401	279	187	154	129	138	145	130	140	151	176	212	208	181	192	161	171	182	188
570	601	614	615	658	639	631	523	363	496	353	248	201	156	153	154	130	136	133	142	174	188	191	198	161	159	153	146
507	565	602	614	631	662	681	647	479	360	452	379	272	237	209	186	165	167	151	150	170	182	172	193	174	145	125	118
409	496	583	621	606	637	620	664	643	444	433	567	426	335	289	252	209	199	200	192	189	186	167	178	168	137	120	115
340	445	516	590	637	621	649	660	674	625	461	468	481	384	340	321	286	290	281	245	230	225	192	179	173	164	159	149
258	376	485	521	591	631	677	653	625	690	603	553	502	471	411	412	371	363	369	337	301	300	272	271	247	230	228	214
179	297	396	479	555	587	586	635	688	676	664	666	614	589	553	521	457	430	410	423	398	385	391	346	311	328	352	344
111	207	295	395	493	556	564	566	617	675	682	569	686	764	611	547	542	511	504	481	458	453	453	406	425	440	426	406
61	126	217	310	392	480	544	578	554	551	648	622	602	672	745	684	657	612	580	545	511	525	540	544	488	476	483	488
41	69	131	205	293	386	460	485	495	541	573	630	606	593	641	675	659	603	600	585	599	617	518	515	533	542	557	569
24	46	66	110	178	270	354	378	409	467	540	584	626	612	614	595	576	615	604	630	604	544	594	577	582	569	565	576
11	28	46	66	107	175	230	260	296	361	435	515	564	554	572	613	606	568	593	641	579	547	558	557	532	535	543	515
3	13	30	45	68	107	147	188	219	255	328	406	448	494	534	542	567	549	529	523	519	488	464	478	463	474	468	465
0	4	18	33	50	61	84	118	158	203	254	323	381	441	496	519	506	517	500	458	453	444	422	410	433	414	417	442
0	2	10	22	42	50	60	78	119	159	197	258	317	357	394	448	455	454	474	455	453	444	434	450	448	452	464	463
63	109	161	211	296	403	477	523	539	544	522	465	454	434	420	384	324	287	275	237	224	230	208	173	149	153	142	126
65	101	167	223	306	413	501	549	571	568	495	477	450	440	394	325	299	302	272	254	249	242	208	183	148	136	135	128
68	107	158	226	322	412	496	535	562	528	501	474	458	443	380	329	327	300	267	260	257	236	230	190	141	141	132	124
67	114	163	228	304	410	507	549	547	508	497	447	436	404	363	376	343	304	283	280	267	259	238	193	148	141	125	116
63	107	166	232	296	402	454	497	525	502	455	489	421	395	351	363	330	335	302	303	286	272	242	203	170	156	130	125
61	101	165	220	316	367	429	507	538	545	508	477	463	446	411	373	366	363	336	346	318	274	257	213	183	166	145	134
51	98	157	207	309	378	403	511	547	591	558	471	477	406	433	418	430	392	392	372	315	277	248	212	200	184	163	146
49	91	142	206	261	358	394	469	528	591	575	559	472	453	481	461	444	425	385	367	356	349	317	266	235	215	208	196
48	81	120	181	256	328	433	433	524	526	574	558	484	470	506	495	475	424	448	445	413	367	329	309	294	262	232	235
40	59	106	161	230	287	364	447	486	538	606	607	585	557	515	499	518	511	527	497	466	399	370	368	335	305	282	277
36	53	89	135	204	258	325	424	466	519	566	579	586	585	579	539	524	583	542	564	535	480	449	423	379	348	322	320
38	47	73	114	157	217	315	384	432	525	587	551	567	581	589	593	615	621	592	556	533	513	457	450	445	443	415	383
33	41	57	98	134	198	270	350	421	491	568	522	538	620	638	602	635	613	596	631	600	534	519	521	469	467	461	445
31	38	48	76	112	159	228	290	388	453	486	474	499	546	599	634	610	628	645	661	629	602	604	568	576	546	516	510
29	35	43	60	95	130	200	251	315	408	444	440	446	481	526	557	584	616	657	648	631	648	629	628	603	581	577	596
24	31	37	49	74	117	169	209	255	338	391	389	392	460	492	521	580	598	593	612	615	615	624	612	628	638	646	593
17	23	33	43	58	88	123	165	217	268	323	348	367	425	481	498	500	521	520	545	573	549	575	587	569	638	591	568
12	19	27	36	49	66	97	133	170	213	262	289	320	359	469	441	421	443	468	498	514	507	554	560	568	570	556	564
7	14	23	29	39	53	80	97	121	157	205	246	272	314	417	403	399	408	426	441	438	442	476	518	533	547	542	502
2	8	16	24	33	40	53	69	87	115	160	203	232	253	287	309	320	347	363	377	386	395	419	442	456	481	459	406
0	3	9	17	27	33	38	45	58	78	106	135	180	229	243	255	272	290	308	311	312	329	328	334	349	359	357	338
0	0	3	9	17	25	32	36	38	44	71	94	117	161	203	215	230	239	254	260	243	255	278	283	292	294	289	289
0	0	0	4	9	15	23	27	29	34	43	59	78	96	128	160	172	179	190	190	185	200	194	217	227	238	233	233
0	0	0	0	1	8	14	18	21	27	34	43	56	68	85	102	125	147	151	148	140	137	146	149	151	160	155	162
0	0	0	0	0	4	5	7	11	16	23	31	38	43	55	71	90	95	100	106	100	94	95	90	87	86	92	93
0	0	0	0	0	0	1	3	5	8	15	21	28	31	38	40	53	57	57	57	56	52	48	44	42	42	42	46
1	0	0	0	0	0	0	0	2	4	7	13	20	25	25	28	32	34	35	31	31	30	29	27	31	28	31	34
2	0	0	0	0	0	0	0	0	1	3	8	14	19	23	24	25	26	28	27	28	29	29	30	31	31	35	34
