972	963	957	961	955	911	860	775	697	615	531	426	365	329	285	262	364	329	345	270	280	302	449	374	277	240	84	64
995	987	962	958	952	943	898	829	762	671	585	491	412	365	306	303	369	355	318	253	284	309	458	382	280	286	183	58
989	979	959	958	961	973	935	874	804	720	629	551	472	403	342	371	310	353	287	246	269	303	458	384	287	273	268	92
973	962	973	967	980	985	961	907	836	762	677	595	513	439	385	415	320	378	250	265	261	296	451	389	286	267	282	193
998	973	974	982	1001	992	977	937	866	790	717	637	547	463	447	396	376	373	241	251	269	291	448	390	287	269	273	271
997	964	959	984	991	986	984	954	897	827	757	665	571	508	505	373	457	303	248	241	265	296	448	390	288	267	271	275
979	957	955	965	967	982	981	946	916	850	778	685	629	604	448	460	407	273	251	240	261	294	447	391	287	265	267	270
962	958	956	950	952	981	963	925	929	928	871	800	725	562	492	477	315	285	254	253	253	287	444	391	289	264	267	268
960	957	954	953	959	992	959	994	1069	976	828	782	649	597	523	362	309	281	262	253	254	276	439	391	289	265	266	264
953	951	949	967	989	982	991	1075	977	836	738	686	668	583	406	342	309	282	262	256	256	275	435	392	281	264	270	266
956	950	949	980	995	973	1003	994	903	805	722	683	670	470	395	339	302	277	255	259	258	272	433	389	271	262	269	268
963	962	958	978	969	976	970	926	844	781	699	706	558	451	389	327	289	267	251	253	259	275	421	372	267	262	267	271
977	964	964	956	955	953	924	859	787	731	704	642	486	423	371	320	282	257	249	245	250	279	409	380	267	262	265	269
946	951	965	973	938	886	865	789	724	682	692	527	454	400	353	309	271	250	240	239	250	291	402	376	267	264	267	268
928	926	930	927	854	816	794	717	668	689	571	473	423	378	330	295	269	251	241	243	246	285	396	365	263	264	267	267
915	842	815	828	787	755	727	661	653	593	478	424	394	349	317	295	268	247	239	240	244	278	380	356	261	259	264	268
782	751	739	729	691	690	668	625	582	467	437	410	382	350	321	286	266	245	237	237	245	279	369	352	259	258	272	261
692	700	671	639	626	628	623	575	469	435	416	394	366	339	309	284	257	245	236	235	233	259	354	358	269	264	204	128
615	616	602	578	574	540	491	454	435	412	385	367	350	327	303	282	255	240	224	210	212	247	359	370	219	141	115	107
603	567	554	520	480	445	426	421	406	386	370	352	338	317	293	263	232	211	199	201	217	255	307	260	123	92	73	62
468	444	439	429	406	394	392	379	367	355	342	324	299	278	251	224	209	202	207	206	194	162	193	199	72	52	62	66
366	361	365	352	342	338	331	319	308	297	286	272	262	250	239	224	212	189	157	105	67	63	138	174	72	56	62	63
297	291	292	281	279	270	268	262	263	263	266	262	249	223	189	148	103	62	27	12	19	45	130	180	77	53	58	97
248	252	248	247	248	246	247	249	243	231	205	172	131	95	56	29	8	1	7	11	24	48	126	174	73	99	187	214
195	202	192	184	171	151	148	139	117	93	71	49	25	12	5	6	2	8	11	15	20	40	139	258	219	193	131	73
57	59	55	51	52	47	40	29	25	15	13	16	14	13	9	5	0	0	3	25	82	163	276	302	122	55	61	67
0	1	0	5	7	10	12	16	18	18	15	17	19	10	1	7	31	81	139	171	154	111	135	188	85	58	64	65
11	13	7	11	13	13	14	24	26	26	30	29	44	87	140	173	172	137	90	45	30	45	125	198	92	58	65	63
1039	1037	1028	1023	1021	1023	1061	1108	1123	1070	990	933	884	812	719	610	468	332	189	90	21	0	0	150	180	63	51	68
1022	1025	1022	1024	1013	1008	1046	1056	1036	1009	986	960	921	857	772	672	538	405	252	130	30	0	10	174	182	55	38	65
1020	1013	1017	1017	1016	1010	1022	1031	1028	1018	1002	984	951	891	816	719	605	460	314	164	49	0	9	169	183	53	25	61
1020	1023	1016	1013	1013	1018	1022	1037	1039	1033	1020	999	963	913	845	746	644	497	359	205	68	0	4	157	185	57	23	49
1001	1026	1029	1012	1008	1015	1021	1036	1036	1035	1027	1012	973	929	856	771	665	532	392	237	89	0	3	151	184	58	27	39
993	1015	1029	1020	1011	1012	1015	1027	1036	1034	1030	1016	985	932	860	788	675	568	422	252	103	0	0	151	184	56	24	37
1001	1018	1026	1031	1035	1019	1013	1028	1036	1036	1040	1015	983	926	872	782	699	590	444	279	120	8	0	139	183	56	22	39
1010	1018	1038	1039	1034	1022	1025	1029	1037	1034	1029	996	970	939	869	783	723	604	465	315	144	28	0	129	178	57	25	39
1011	1019	1033	1026	1024	1018	1028	1028	1017	1020	1025	992	970	921	863	810	736	623	488	333	172	40	0	125	179	52	24	38
1013	1015	1015	1014	1015	1020	1029	1019	1021	1024	1019	994	961	908	866	804	730	625	493	344	191	47	0	118	180	58	25	42
1017	1019	1022	1021	1021	1030	1021	1023	1025	1018	1005	983	943	908	855	791	724	623	495	356	193	56	0	114	174	65	24	43
1023	1023	1023	1028	1030	1034	1030	1027	1019	1014	999	964	935	892	839	781	713	617	494	358	202	61	0	108	161	65	27	39
1025	1029	1028	1034	1038	1037	1038	1030	1025	1008	986	954	918	869	823	773	699	603	491	364	217	80	13	99	147	64	28	41
1031	1035	1032	1032	1035	1036	1033	1024	1017	995	964	940	898	852	809	761	688	596	483	362	218	94	35	97	146	65	31	38
1034	1032	1033	1032	1036	1033	1021	1014	999	976	952	917	875	836	794	748	680	583	471	351	222	110	56	106	151	63	27	38
1027	1032	1034	1030	1033	1027	1010	1004	981	959	931	896	853	819	783	735	668	576	461	338	223	122	57	106	155	62	24	37
1030	1033	1028	1027	1026	1017	1000	983	961	945	905	869	836	806	773	725	657	568	459	342	222	119	49	101	157	62	23	37
1026	1022	1021	1022	1013	998	984	961	942	912	883	845	821	799	759	714	642	567	453	350	218	105	43	92	155	64	31	53
1012	1018	1006	1003	988	977	960	940	913	881	854	825	809	783	752	702	632	554	448	336	215	100	31	84	160	82	42	57
980	984	976	969	958	949	925	906	878	852	827	811	792	773	740	688	619	537	436	323	201	94	21	85	176	95	49	63
945	941	941	929	917	900	881	857	836	816	800	790	778	757	719	668	599	513	414	297	181	80	18	85	182	105	50	60
893	892	887	873	860	843	824	801	788	776	776	768	755	727	680	628	563	473	380	265	155	73	15	80	189	117	51	63
825	829	823	807	792	771	755	744	740	743	741	732	713	681	637	583	519	436	333	225	125	47	0	75	199	133	57	60
739	735	725	707	690	679	677	684	689	699	685	680	663	634	585	526	475	381	273	179	93	22	2	80	204	128	38	44
611	607	599	591	592	604	623	632	631	638	635	641	614	590	526	472	442	327	232	139	70	15	2	75	189	124	45	58
481	486	493	502	517	536	565	575	592	591	594	594	576	560	480	447	398	281	201	118	39	0	0	75	205	143	51	55
377	397	425	438	462	481	496	522	547	559	567	564	562	526	468	435	359	248	155	61	13	0	16	96	208	146	49	53
297	323	357	382	413	434	450	483	510	518	534	530	501	455	404	323	233	137	65	24	18	13	17	106	215	149	48	53
927	925	938	930	931	934	936	948	990	1021	1022	1013	1032	1046	1052	1062	1053	1025	960	861	725	540	314	73	72	220	144	60
925	917	922	921	921	920	926	938	957	963	974	995	1023	1036	1044	1056	1056	1031	982	894	759	565	302	89	110	208	130	57
911	930	922	916	916	917	923	938	952	972	982	996	1010	1028	1041	1051	1055	1032	994	916	792	597	343	156	152	215	128	57
760	787	890	926	917	921	932	950	961	978	990	996	1010	1033	1044	1045	1048	1030	997	935	828	651	409	185	166	220	137	58
924	774	795	971	971	935	939	973	985	1001	1012	1010	1021	1037	1046	1038	1037	1026	992	945	853	705	475	216	162	228	141	58
981	996	998	1022	1018	986	973	993	993	1015	1029	1035	1035	1044	1047	1035	1027	1021	988	947	867	733	523	260	148	232	151	59
975	1038	1014	999	1006	1008	1006	1007	1000	1013	1031	1042	1048	1050	1050	1036	1018	1014	987	950	877	753	550	293	157	231	153	58
949	1004	1019	1025	1011	1011	1013	1008	1008	1022	1040	1053	1055	1059	1052	1034	1000	1005	986	955	893	780	582	319	173	228	148	56
929	911	966	1010	995	1002	999	1014	1019	1042	1047	1050	1057	1060	1052	1029	991	993	982	950	905	804	600	331	194	222	138	55
919	931	959	975	981	987	1016	1028	1018	1046	1055	1052	1061	1059	1050	1020	983	986	969	946	909	824	619	334	189	226	132	55
919	925	928	931	936	952	1012	1018	1037	1041	1045	1054	1055	1062	1044	1007	981	974	962	945	914	828	630	343	182	228	144	63
926	921	924	924	926	942	981	1010	1037	1028	1034	1049	1056	1060	1033	999	972	967	959	948	915	833	632	361	211	218	142	60
928	927	923	931	935	948	969	964	991	1013	1037	1053	1065	1053	1021	991	966	957	953	947	919	838	651	436	293	216	138	60
942	963	946	940	942	961	997	982	1005	1025	1046	1063	1068	1046	1009	979	957	952	947	947	925	850	708	537	359	235	131	60
953	976	974	960	945	963	1007	1033	1048	1049	1060	1070	1059	1029	997	971	949	943	949	951	931	868	764	574	374	271	139	59
972	989	996	985	967	989	1019	1047	1061	1062	1072	1069	1048	1008	983	954	940	945	955	952	933	879	787	593	405	302	142	59
997	1002	1012	1011	996	999	1025	1055	1065	1072	1068	1058	1024	996	965	938	937	946	956	953	935	884	788	612	445	302	141	55
1002	1019	1034	1066	1047	1015	1037	1054	1068	1070	1066	1038	1001	983	940	934	942	950	956	958	936	884	781	621	440	313	149	56
1003	993	1073	1081	1051	1039	1055	1066	1076	1069	1052	1009	988	952	932	940	948	953	959	957	935	881	778	599	401	311	158	60
1020	1033	1088	1064	1041	1063	1071	1076	1075	1059	1023	991	961	931	933	942	956	960	962	953	930	879	756	555	381	299	167	61
1045	1075	1078	1056	1060	1069	1079	1078	1062	1041	1008	968	937	935	943	949	958	958	961	952	927	861	735	546	349	278	166	62
1064	1069	1085	1071	1073	1079	1079	1070	1043	1010	979	948	942	944	951	954	959	960	963	945	905	841	715	507	292	222	165	73
1070	1068	1080	1086	1084	1087	1076	1053	1016	976	951	943	951	956	958	957	960	966	961	932	887	803	616	372	178	172	180	85
1085	1085	1087	1090	1091	1079	1059	1025	982	959	948	954	960	959	957	959	962	960	942	908	841	704	496	290	124	161	194	87
1092	1091	1091	1086	1081	1059	1032	988	961	954	957	956	954	955	961	961	960	950	923	872	796	637	454	252	90	156	204	91
1082	1078	1077	1071	1060	1024	991	962	953	958	957	952	955	955	959	957	953	939	910	866	771	592	387	164	57	164	211	90
1052	1059	1053	1046	1020	978	962	951	957	953	956	953	952	955	957	956	952	937	896	795	617	416	236	97	54	164	206	90
1022	1032	1025	1008	973	955	953	946	954	952	955	959	958	965	956	946	920	861	769	639	502	354	210	96	70	160	200	93
1041	1071	1084	1082	1078	1078	1071	1058	1037	1015	1005	986	970	955	961	962	978	1014	1029	1035	1023	984	946	815	475	239	241	215
980	1031	1053	1054	1051	1046	1039	1027	1017	1005	983	961	942	930	929	943	970	999	1014	1029	1027	989	945	822	635	456	333	211
965	1001	1013	1016	1016	1013	1005	1001	995	975	962	942	923	918	925	946	971	994	1011	1030	1033	990	945	879	754	556	357	202
807	846	974	997	987	988	984	978	957	948	936	928	917	922	931	946	965	991	1008	1045	1037	993	953	897	781	553	349	208
959	855	870	994	1040	992	988	996	999	988	978	941	917	926	936	945	968	995	1023	1056	1034	995	957	916	774	509	330	209
1013	1033	1009	1042	1047	1027	1035	1004	994	991	1003	1004	964	936	933	948	976	1003	1040	1061	1034	988	955	930	756	433	284	207
986	1033	1025	1035	1009	1028	1064	984	986	996	989	1007	1016	945	934	956	983	1015	1053	1056	1030	983	950	942	776	432	291	208
965	1029	1016	998	1013	1052	1077	1045	1001	962	985	990	1015	969	942	964	991	1032	1060	1057	1018	974	951	954	820	541	342	220
986	997	991	987	1024	1066	914	897	988	986	1005	991	1021	975	949	977	1002	1047	1067	1052	1006	959	952	955	844	613	402	231
1001	1011	1007	1020	978	988	639	738	1004	1036	1046	1005	1021	971	959	997	1017	1055	1066	1044	994	943	947	958	850	634	423	229
944	996	998	999	950	954	928	956	1031	1056	1058	1020	1012	959	977	1015	1036	1062	1060	1026	975	933	952	957	853	650	419	222
921	919	930	948	947	926	959	990	1007	1034	1001	1024	1004	968	994	1033	1049	1061	1050	1006	950	930	955	963	894	683	411	233
961	928	990	990	974	958	918	831	972	1027	1020	1010	988	995	1018	1055	1060	1050	1033	978	929	928	953	964	939	735	435	236
1012	834	1022	1020	964	978	1001	916	1019	1031	1027	992	994	1014	1041	1066	1058	1035	1001	946	915	928	951	964	950	784	492	246
1040	1027	1053	1039	946	958	1007	1006	1010	1032	1016	988	1000	1030	1059	1066	1039	1002	962	921	915	929	940	958	949	846	546	239
1051	1060	1058	1045	973	1006	992	969	961	1028	1010	989	1027	1047	1062	1060	1010	960	926	911	917	923	937	952	956	872	554	242
1050	1040	1048	1014	923	976	1021	998	998	1032	1031	1027	1042	1061	1062	1039	968	929	914	912	914	921	938	952	959	856	590	272
1050	1038	951	667	534	787	982	1003	1019	1019	1018	1041	1062	1071	1057	996	928	913	916	913	917	922	936	955	952	864	644	295
1023	944	702	490	396	569	950	988	996	1006	1037	1061	1074	1068	1022	947	915	916	917	911	916	925	938	960	959	879	654	293
1006	890	685	749	639	626	946	1014	1026	1036	1059	1074	1074	1029	965	921	916	919	917	913	917	928	946	961	962	877	646	319
1044	937	866	1017	962	945	1008	1035	1044	1064	1069	1074	1043	979	927	916	920	917	917	915	922	932	945	959	963	866	629	329
1051	1015	854	945	1003	1035	1041	1045	1055	1075	1078	1048	989	936	920	918	919	916	916	918	922	930	942	966	958	801	557	303
1049	1043	963	921	989	1030	1047	1064	1067	1073	1057	1002	942	920	920	919	919	922	919	917	920	935	953	966	904	674	359	250
1022	991	987	996	1023	1052	1062	1072	1066	1049	1008	946	923	924	921	921	919	921	918	920	927	948	961	946	844	539	248	237
995	1000	1022	1037	1053	1065	1070	1063	1034	985	936	915	920	922	924	918	915	916	921	924	937	952	969	944	792	441	208	234
1034	1051	1051	1054	1060	1070	1067	1020	956	913	898	905	914	920	922	917	914	916	919	926	945	962	972	884	649	311	160	238
1057	1068	1069	1060	1065	1054	1009	952	917	894	894	894	908	915	918	912	912	913	921	937	953	959	917	788	567	272	151	219
1057	1066	1068	1052	1040	1017	989	977	944	915	906	901	909	912	914	910	915	927	936	948	960	952	913	789	595	326	182	207
1005	1117	1129	1131	1128	1122	1124	1115	1119	1120	1116	1113	1107	1101	1093	1069	1021	970	949	961	999	1042	1003	941	960	923	791	587
1045	1106	1119	1129	1125	1119	1119	1116	1116	1113	1112	1105	1095	1076	1045	1001	953	925	931	945	996	1052	1011	940	950	957	881	705
1029	1060	1111	1125	1124	1120	1117	1115	1110	1104	1101	1088	1070	1037	991	942	926	923	921	943	1010	1061	1021	938	932	953	886	668
1015	1052	1079	1113	1119	1115	1110	1106	1099	1091	1081	1062	1024	984	941	932	925	924	926	952	1009	1065	1030	941	930	951	882	622
992	1076	1066	1068	1097	1102	1095	1079	1073	1067	1046	1020	973	942	932	931	929	919	928	959	1015	1069	1037	942	930	954	878	594
989	1048	1046	1023	1042	1075	1075	1051	1054	1037	1000	964	936	935	935	926	925	919	931	966	1029	1073	1034	939	936	956	845	533
1021	969	990	1000	987	1000	999	991	1008	975	955	945	930	924	927	924	921	919	936	974	1033	1076	1026	927	933	959	826	516
1017	863	958	995	977	986	963	972	977	942	947	941	939	922	929	927	916	923	946	986	1042	1076	1014	923	929	970	887	637
1024	943	1001	1009	995	999	927	891	946	946	951	945	944	927	926	925	916	929	957	1004	1058	1075	996	918	927	964	930	734
1008	1014	1002	1012	974	956	930	902	958	956	960	957	949	927	922	923	919	935	980	1028	1070	1064	972	915	930	957	942	753
974	984	979	974	939	928	963	953	977	992	989	974	951	928	921	923	926	953	1000	1048	1078	1044	943	914	929	962	936	710
986	1009	1046	1065	1050	959	918	924	981	1006	985	977	961	930	920	926	943	966	1021	1071	1075	1012	921	914	926	963	940	681
972	1016	1087	1083	1085	1007	940	971	1009	995	996	957	937	932	927	938	960	991	1044	1077	1059	972	913	917	922	954	952	719
930	899	1035	1054	1069	1004	948	929	1004	994	985	949	936	932	931	949	974	1017	1067	1076	1016	933	919	920	917	946	957	770
947	947	999	1039	1036	986	914	833	952	1009	975	940	931	924	938	962	995	1043	1075	1043	960	913	916	913	912	934	956	799
953	958	996	1017	1003	996	998	976	983	978	889	877	928	926	946	977	1018	1059	1057	988	917	911	912	908	912	930	956	813
946	973	1012	997	989	1037	1022	994	999	927	845	895	923	934	960	995	1040	1055	1014	938	908	913	909	905	912	933	964	842
962	1002	969	722	732	1040	1040	1031	1008	937	893	922	927	949	984	1026	1041	1014	957	914	914	908	914	910	914	937	970	873
970	1015	774	750	788	973	1041	1004	1006	945	934	931	946	973	1016	1047	1004	956	920	909	917	916	911	916	920	936	972	845
991	944	770	1015	976	957	1025	1018	1022	965	945	948	973	1011	1045	1016	952	920	918	912	911	911	918	919	915	930	969	851
1039	920	777	1023	987	973	1000	1046	1031	969	947	969	1011	1042	1020	958	923	918	919	913	906	911	915	909	909	934	972	863
1071	1015	716	939	1054	1040	1031	1032	988	956	974	1002	1035	1026	964	930	918	915	913	912	912	917	910	909	918	948	977	813
1081	1056	938	909	1006	1044	1024	1001	962	978	1006	1024	1021	967	930	923	916	916	917	914	914	918	910	916	930	970	927	556
1054	1020	937	932	985	1003	982	974	976	999	1020	1009	950	915	912	915	916	919	917	915	914	912	912	918	940	980	847	405
1013	939	902	924	998	976	963	983	1013	1074	1073	988	922	904	900	904	910	917	917	918	913	914	916	926	955	984	820	389
953	903	1000	1011	970	959	986	1104	1246	1259	1152	1032	968	918	904	909	916	918	916	916	916	917	919	940	968	961	733	353
942	978	983	962	965	1022	1162	1344	1378	1291	1198	1121	1007	920	909	908	919	910	916	914	912	913	921	945	966	940	738	391
985	993	973	972	1099	1254	1389	1499	1481	1373	1305	1159	982	938	928	917	909	910	916	914	912	914	920	934	962	950	801	477
779	996	1012	1027	1074	1104	1110	1112	1114	1114	1111	1113	1111	1113	1114	1125	1134	1127	1051	962	953	1007	1032	1020	934	922	941	957
936	987	999	1029	1067	1094	1102	1104	1103	1106	1109	1109	1107	1104	1111	1120	1112	1045	966	942	931	981	1041	1023	937	915	929	946
1022	972	979	1017	1053	1086	1096	1102	1101	1102	1103	1106	1110	1103	1105	1082	1014	951	935	938	928	961	1039	1037	940	912	922	952
995	950	950	994	1035	1066	1087	1095	1100	1103	1104	1106	1103	1098	1058	975	935	934	932	933	925	950	1023	1046	950	908	921	954
990	992	957	964	1001	1036	1066	1087	1099	1101	1100	1100	1080	1033	950	922	938	930	928	928	923	948	1028	1050	947	906	928	957
995	1023	964	939	954	986	1030	1064	1090	1100	1102	1076	1008	946	919	926	942	935	928	924	929	947	1028	1050	940	909	937	960
1013	1011	934	924	927	932	955	992	1024	1037	1021	984	941	925	919	925	931	929	925	923	921	954	1038	1039	925	907	939	969
1030	964	932	939	934	934	929	922	926	938	935	947	935	919	919	923	926	924	923	922	925	967	1055	1019	915	909	925	971
1029	971	944	940	948	948	936	943	931	929	930	930	920	922	928	924	923	922	927	922	934	1004	1069	986	910	917	919	961
1021	1009	982	944	935	967	971	948	932	919	928	924	920	930	928	927	924	920	935	935	957	1030	1064	956	912	920	915	954
1042	1039	1032	1016	945	949	986	981	979	942	920	926	927	926	926	928	929	929	932	938	973	1043	1041	928	917	910	920	957
1064	1087	1077	1077	1043	979	940	938	964	961	920	924	931	925	923	926	931	926	936	949	994	1060	997	915	917	911	926	962
1022	1061	1059	1068	1061	1032	972	932	951	929	926	930	928	930	930	927	927	923	930	962	1029	1056	954	917	918	913	923	960
943	977	985	1043	1045	1036	1002	950	948	923	926	928	926	933	932	929	925	927	942	992	1057	1027	922	921	917	913	918	957
924	923	972	1043	1046	1036	984	944	949	923	924	928	924	925	928	928	927	926	955	1027	1061	962	913	921	916	909	914	952
922	936	999	1017	1032	1003	931	949	962	920	925	930	927	925	931	928	916	927	987	1057	1013	916	910	914	913	908	914	945
953	1003	1008	1014	1010	970	921	939	968	924	923	921	923	925	930	923	920	955	1028	1049	949	910	911	909	908	912	916	939
992	1026	1020	996	982	949	949	947	971	933	925	919	914	920	920	919	938	991	1048	991	916	910	912	917	918	916	914	939
993	1008	1037	905	874	970	985	985	985	929	922	916	915	922	917	935	968	1028	1006	929	913	914	915	929	926	916	914	941
983	1002	988	959	952	973	987	1011	967	927	921	919	922	920	934	969	997	1003	945	908	912	913	922	920	915	909	913	949
972	981	957	978	977	999	999	1015	965	923	920	925	925	930	954	986	996	953	916	910	912	916	914	915	910	913	923	956
969	950	955	1014	1031	1006	997	986	944	924	921	930	931	940	972	990	969	926	915	913	918	917	914	913	913	923	923	959
986	934	919	1058	1065	1046	1009	977	937	932	929	929	931	980	991	978	940	918	917	917	914	915	914	914	917	916	933	960
989	985	947	1045	1068	1073	1005	954	941	943	934	972	1133	1238	1084	959	914	914	920	917	916	915	914	917	917	919	943	947
978	1000	1064	1049	1055	1040	1009	960	946	996	1152	1362	1456	1328	1143	1011	931	899	912	918	916	914	917	918	919	923	949	965
998	993	1066	1075	1043	1017	1005	974	1044	1212	1392	1451	1418	1312	1143	1022	939	905	911	914	920	917	918	917	919	921	963	960
1007	1039	1041	1028	979	975	979	1033	1136	1247	1334	1393	1383	1239	1090	994	953	921	912	914	913	920	915	918	914	923	958	965
1041	1027	997	984	955	963	1007	1094	1182	1229	1261	1337	1293	1165	1066	1018	990	945	914	915	913	916	913	915	916	924	943	968
965	938	925	920	944	977	1015	1060	1083	1089	1093	1100	1099	1101	1095	1084	1074	1077	1045	968	976	972	970	989	1017	944	923	926
957	944	929	923	938	978	1035	1086	1101	1099	1100	1100	1096	1078	1071	1065	1048	1018	971	950	945	932	939	1000	1023	944	919	921
1002	972	933	927	932	976	1052	1111	1126	1129	1122	1111	1093	1062	1040	1026	998	948	949	940	933	927	925	994	1032	941	915	922
981	1007	955	929	930	980	1061	1124	1147	1142	1140	1123	1101	1065	1038	993	948	932	934	937	934	927	920	993	1034	940	913	918
933	989	968	927	937	989	1066	1129	1158	1154	1148	1136	1113	1090	1048	987	941	934	933	936	935	925	925	1000	1035	933	912	919
943	989	952	933	947	998	1055	1117	1155	1162	1161	1150	1145	1124	1063	983	937	939	944	935	932	924	926	1001	1027	926	914	917
950	956	931	953	953	990	1042	1088	1129	1157	1163	1168	1163	1124	1048	975	946	947	937	930	924	928	925	1012	1007	913	914	916
968	937	922	940	971	998	1024	1060	1093	1127	1156	1167	1139	1085	1012	967	945	932	931	923	927	921	932	1026	980	908	916	929
1018	989	933	922	964	998	1005	1029	1056	1079	1108	1111	1073	1023	984	959	936	929	929	920	928	915	949	1032	942	913	917	937
1035	1025	980	945	984	1001	994	1011	1016	1026	1042	1019	984	986	971	942	931	930	928	923	921	914	980	1020	918	918	926	930
1031	1024	1014	997	994	1002	978	982	983	988	985	973	958	958	941	934	934	929	927	925	914	923	1022	978	919	924	927	922
1023	1009	1000	991	957	951	959	964	965	960	957	942	945	944	941	941	933	926	930	930	913	962	1033	935	923	920	916	918
994	1007	998	984	958	947	945	940	944	941	938	927	932	948	947	940	933	930	943	933	925	1004	992	921	918	918	917	918
999	1025	1016	1003	983	949	929	919	932	928	924	927	934	938	938	935	934	943	961	935	958	1027	943	919	923	917	914	921
1000	999	1009	1014	1012	984	924	914	917	922	926	930	932	930	929	929	934	962	960	943	999	996	919	922	925	915	914	920
980	993	1000	1015	1007	990	928	911	915	921	931	934	933	926	919	928	954	969	952	964	1023	944	917	917	916	912	915	917
944	954	979	1016	1005	992	933	916	924	929	932	926	939	923	929	954	966	975	962	998	997	920	915	907	912	915	919	918
962	943	983	1010	1007	981	927	924	933	929	929	931	936	935	948	940	973	984	983	1014	940	914	913	908	917	918	920	915
947	990	1015	1022	1001	949	923	936	937	926	928	938	941	944	933	949	995	988	1005	981	915	912	913	925	924	918	921	922
956	1007	1025	1028	1006	962	950	954	937	927	933	945	942	927	948	978	1005	1004	1011	939	908	917	933	934	918	911	913	926
970	1008	1021	1032	1009	985	977	970	922	925	938	936	926	928	944	987	1013	1027	988	919	906	932	935	917	913	915	924	934
953	988	1017	1021	1002	980	992	961	926	933	934	932	927	925	939	999	1040	1028	961	914	914	922	915	913	914	933	941	925
941	956	951	994	985	970	995	971	934	938	943	938	926	937	992	1036	1038	1001	939	914	914	915	916	918	928	929	922	930
953	986	947	990	1004	995	1012	957	933	946	953	940	987	1221	1429	1351	1187	1034	931	914	918	919	918	920	926	919	922	930
975	1013	1011	1006	1009	1007	996	954	934	935	921	952	1116	1352	1471	1416	1301	1159	978	903	914	921	919	921	926	926	921	929
1006	1030	1004	1005	990	994	993	953	922	911	917	1002	1168	1349	1419	1369	1250	1105	968	909	916	922	923	914	926	932	920	929
1005	1019	1024	976	966	971	949	922	914	920	965	1074	1227	1400	1418	1281	1153	1065	995	935	921	917	919	919	926	932	922	927
1022	1018	1015	988	971	949	924	911	919	949	1014	1110	1254	1380	1331	1206	1109	1065	1032	964	923	914	921	915	915	923	921	921
957	936	941	943	951	1035	1137	1172	1168	1172	1168	1165	1154	1141	1144	1114	1074	1012	945	944	947	925	944	980	990	1008	987	939
950	942	938	938	983	1114	1178	1191	1182	1183	1177	1172	1168	1145	1150	1142	1104	1030	953	947	935	929	936	969	986	1008	982	938
948	945	937	951	1051	1160	1180	1170	1156	1180	1189	1181	1184	1172	1167	1166	1130	1031	947	946	933	930	930	958	993	1007	969	939
954	945	938	985	1105	1179	1174	1132	1118	1154	1184	1181	1180	1185	1197	1181	1134	1011	943	945	932	930	940	952	996	1002	966	928
972	959	946	1008	1133	1183	1175	1142	1109	1110	1168	1181	1185	1185	1186	1170	1115	985	942	941	930	935	950	954	999	996	956	925
967	979	991	1040	1129	1185	1181	1168	1144	1130	1141	1166	1184	1192	1192	1166	1077	971	948	935	930	943	957	961	1004	985	941	916
927	967	1052	1107	1148	1181	1172	1172	1177	1180	1165	1161	1173	1190	1189	1152	1040	957	940	932	939	962	961	970	1008	961	926	912
924	958	1051	1130	1166	1178	1175	1175	1183	1190	1192	1174	1179	1193	1181	1120	980	943	932	931	953	978	966	984	1007	940	917	912
938	966	1057	1130	1168	1178	1169	1176	1180	1193	1191	1182	1185	1187	1161	1040	949	940	929	938	979	985	977	1008	988	929	915	916
956	981	1072	1142	1167	1175	1186	1188	1184	1199	1192	1186	1171	1164	1090	959	947	940	931	968	1006	1004	992	1014	953	924	923	920
1002	1005	1089	1142	1165	1168	1184	1190	1186	1193	1180	1159	1133	1091	985	943	945	937	952	1008	1023	1018	1008	989	931	934	925	917
983	964	1042	1105	1141	1156	1166	1174	1170	1170	1164	1117	1052	982	945	947	943	936	987	1039	1039	1025	1009	952	944	939	917	917
974	957	1009	1072	1111	1133	1147	1145	1148	1149	1130	1061	977	951	955	948	937	956	1034	1063	1048	1032	990	944	942	921	921	916
1023	1015	1036	1073	1091	1100	1105	1105	1111	1108	1085	997	946	950	951	944	935	996	1069	1075	1054	1036	963	932	922	920	916	918
1023	1023	1026	1047	1070	1074	1073	1079	1071	1050	1013	949	944	945	938	931	939	1035	1085	1074	1049	1016	941	923	919	916	918	921
1009	1018	1014	1007	1022	1039	1038	1035	1002	968	944	931	931	930	926	926	958	1061	1082	1061	1035	975	929	915	917	914	917	914
966	982	986	984	986	999	985	967	943	927	924	924	925	926	926	932	976	1072	1079	1055	1025	948	921	909	915	916	916	913
938	944	972	987	986	964	932	938	935	927	927	931	931	931	934	933	987	1076	1074	1057	1010	943	917	921	922	915	915	915
948	965	980	988	1008	965	941	934	936	930	933	947	941	942	938	930	1006	1071	1074	1058	979	925	922	925	917	919	918	919
951	972	990	1027	1037	1025	1000	951	932	928	932	947	956	935	938	939	1016	1070	1076	1038	948	919	923	922	921	913	915	921
985	977	996	1032	1033	1033	1030	997	938	930	939	946	934	927	928	947	1009	1058	1074	1015	934	930	930	916	917	911	913	921
1049	1001	973	1014	1042	1057	1059	1032	971	945	942	937	929	928	923	950	976	1029	1070	1008	954	941	921	915	919	926	926	924
1051	999	1011	1040	1050	1048	1055	1051	990	949	949	940	938	926	934	958	971	1024	1039	1000	948	919	915	921	936	936	930	922
1021	977	1027	1035	1037	1038	1043	1021	957	951	946	941	934	912	960	1126	1327	1349	1221	1045	938	921	931	956	945	923	922	921
978	951	1033	1048	1044	1031	1010	956	950	940	938	934	909	914	1027	1264	1471	1484	1431	1194	971	922	935	938	929	928	923	927
950	950	1045	1066	1038	1023	968	939	952	940	935	921	911	960	1163	1422	1449	1344	1257	1110	994	919	915	920	923	929	928	925
984	972	995	1029	1021	1026	998	939	942	934	924	920	926	1035	1312	1505	1383	1252	1160	1086	1024	935	917	919	926	926	925	921
998	1003	962	1000	1031	1028	1006	946	931	925	917	922	951	1108	1367	1467	1293	1184	1119	1087	1041	950	915	926	919	916	921	920
961	949	975	961	962	1032	1104	1131	1132	1118	1093	1081	1075	1118	1152	1184	1190	1181	1042	938	953	1000	1033	1047	1071	1072	1068	1051
958	946	970	993	1035	1109	1117	1108	1133	1159	1166	1161	1163	1158	1145	1180	1196	1172	1004	939	962	1011	1038	1044	1069	1070	1075	1054
941	944	955	1020	1115	1099	1104	1108	1120	1159	1170	1173	1178	1181	1170	1179	1199	1137	968	947	973	1023	1054	1049	1067	1071	1068	1052
942	941	954	1072	1154	1101	1027	1025	1056	1113	1161	1173	1175	1176	1183	1192	1195	1080	949	956	994	1039	1062	1059	1067	1070	1070	1041
947	995	1076	1135	1134	1098	1083	1031	1001	1031	1123	1172	1177	1174	1178	1186	1171	1010	941	962	1015	1057	1078	1068	1064	1071	1072	1039
978	1091	1185	1170	1127	1061	1052	1084	1023	1030	1077	1149	1154	1171	1194	1185	1110	959	946	982	1042	1069	1081	1072	1062	1066	1066	1029
976	1131	1200	1170	1079	1039	994	1042	1092	1045	1095	1108	1135	1181	1194	1164	1023	941	958	1012	1061	1077	1082	1066	1057	1064	1050	1018
998	1156	1189	1155	1060	1001	1031	1017	1115	1107	1152	1130	1164	1195	1183	1094	959	942	971	1042	1078	1087	1079	1059	1056	1059	1035	1008
1024	1172	1194	1149	1095	1017	1018	1027	1069	1139	1176	1169	1193	1191	1143	1007	948	948	996	1062	1085	1085	1078	1052	1058	1051	1027	1002
1037	1182	1201	1156	1104	1038	1043	1050	1074	1160	1188	1200	1203	1166	1063	948	947	956	1031	1080	1085	1088	1067	1045	1058	1042	1016	990
1030	1170	1202	1164	1125	1111	1063	1085	1133	1183	1196	1199	1187	1104	971	938	942	969	1065	1088	1087	1088	1052	1045	1053	1027	1004	983
985	1153	1204	1180	1169	1144	1114	1131	1150	1183	1202	1187	1127	995	936	941	937	983	1080	1085	1085	1081	1034	1046	1040	1020	994	970
948	1104	1201	1204	1190	1159	1149	1162	1188	1206	1202	1156	1023	947	944	943	940	991	1081	1087	1088	1063	1019	1052	1032	1012	986	955
929	1010	1168	1203	1201	1175	1176	1200	1212	1202	1163	1049	954	947	945	945	937	1014	1079	1087	1088	1058	1028	1051	1017	1002	973	943
940	942	1075	1179	1197	1205	1204	1206	1191	1147	1042	951	935	940	935	935	940	1000	1058	1087	1079	1032	1025	1041	1003	987	962	932
935	930	953	1064	1160	1192	1194	1172	1109	997	936	928	929	927	925	926	936	969	1039	1080	1061	994	1014	1020	983	971	947	922
938	934	932	936	1015	1094	1102	1044	958	923	924	924	922	922	923	925	917	955	1032	1079	1048	987	1009	995	968	954	933	916
943	936	933	929	924	936	941	933	925	930	929	926	925	922	924	921	915	949	1033	1081	1041	986	999	985	957	938	919	915
945	932	927	930	923	921	924	932	929	934	937	934	932	922	924	919	913	953	1052	1078	1015	981	991	970	939	924	914	915
933	928	930	938	931	925	928	924	930	934	938	934	936	921	919	919	914	971	1066	1069	990	972	972	947	925	918	916	918
952	935	934	928	933	934	930	924	925	933	939	931	922	918	920	912	916	958	1060	1067	990	971	963	939	923	914	913	919
970	933	928	929	938	942	945	939	933	934	942	934	921	920	921	917	920	961	1064	1073	997	966	957	932	921	918	921	927
990	962	948	950	955	967	966	962	945	943	942	938	924	928	934	932	939	966	1026	1060	1013	977	954	930	921	924	927	927
987	963	950	959	955	974	988	958	948	948	939	933	930	932	932	910	950	1055	1159	1187	1072	1000	968	933	921	921	925	924
951	938	953	956	968	981	967	945	950	942	935	929	922	922	913	913	1028	1296	1412	1388	1295	1110	986	945	930	926	928	930
948	938	960	973	982	984	965	953	953	942	930	918	921	920	915	984	1218	1402	1363	1276	1259	1239	1076	945	935	930	931	932
1007	988	950	965	984	989	979	960	961	931	918	919	926	919	963	1135	1434	1425	1263	1227	1190	1152	1079	984	932	927	931	929
1011	1016	957	978	1014	1013	997	965	948	919	911	922	925	954	1063	1315	1505	1288	1181	1171	1151	1114	1031	962	917	920	926	926
953	982	1052	1043	1102	1086	1005	964	968	963	977	1008	1052	1114	1149	1185	1173	1095	983	1015	1066	1075	1044	1072	1078	1076	1076	1082
950	984	1082	1079	1070	1082	1038	1017	1053	1067	1092	1118	1144	1159	1173	1181	1152	1050	961	1026	1078	1071	1042	1070	1078	1078	1077	1081
961	986	1088	1103	1001	1003	1043	1042	1022	1086	1156	1162	1172	1180	1192	1177	1126	996	959	1036	1085	1071	1042	1068	1075	1078	1076	1080
951	984	1036	1063	1028	1002	970	997	1009	1094	1153	1175	1179	1184	1189	1159	1076	957	966	1058	1092	1071	1040	1073	1076	1076	1078	1078
940	969	1015	1033	1007	1024	1006	979	1012	1083	1136	1178	1182	1182	1170	1118	1013	937	986	1074	1093	1073	1037	1074	1078	1077	1082	1079
956	1065	1091	1073	1035	999	980	991	1050	1094	1143	1171	1182	1176	1142	1063	959	935	1017	1086	1090	1071	1037	1076	1077	1074	1082	1085
995	1135	1156	1130	1059	1020	988	990	1089	1104	1148	1160	1177	1151	1085	995	940	940	1042	1087	1074	1067	1045	1076	1077	1070	1081	1086
1031	1166	1162	1139	1092	1080	1081	1052	1117	1132	1159	1166	1157	1108	1024	951	939	946	1053	1081	1068	1057	1058	1076	1079	1066	1076	1083
1049	1164	1157	1154	1133	1110	1113	1099	1136	1157	1149	1161	1130	1058	979	954	942	948	1055	1075	1068	1051	1066	1074	1080	1073	1074	1082
1042	1153	1164	1162	1148	1134	1123	1124	1151	1173	1145	1123	1082	1009	964	963	945	946	1051	1062	1063	1060	1072	1073	1079	1079	1074	1081
1015	1137	1161	1160	1163	1158	1139	1149	1167	1176	1145	1086	1025	980	976	961	946	939	1031	1071	1062	1066	1073	1076	1078	1082	1074	1078
981	1103	1146	1152	1160	1159	1159	1158	1165	1157	1117	1051	994	985	979	963	939	931	1001	1074	1069	1064	1077	1075	1077	1083	1076	1075
948	1051	1119	1141	1154	1153	1154	1154	1155	1124	1067	1024	1006	1004	989	968	937	929	984	1073	1064	1065	1076	1071	1082	1084	1077	1071
935	982	1079	1113	1132	1135	1135	1131	1114	1075	1026	1009	1014	1013	996	962	933	929	985	1074	1066	1073	1079	1070	1082	1083	1075	1061
937	945	1012	1064	1087	1095	1096	1086	1058	1021	1005	1013	1019	1015	987	945	921	920	968	1071	1060	1073	1084	1073	1080	1081	1071	1040
933	934	945	983	1017	1033	1040	1025	1013	1005	1016	1022	1025	1011	972	932	916	906	966	1070	1050	1067	1080	1073	1075	1076	1060	1010
930	933	934	935	948	968	988	996	1014	1022	1030	1030	1028	1002	959	923	912	903	967	1066	1041	1070	1081	1074	1069	1067	1027	981
933	931	931	934	941	962	987	1013	1025	1037	1043	1040	1027	993	945	919	912	910	988	1072	1052	1072	1082	1075	1065	1048	993	963
935	932	930	929	945	979	1007	1028	1042	1050	1054	1045	1027	989	938	916	913	915	1013	1073	1066	1076	1084	1075	1055	1022	978	948
942	937	929	934	960	993	1023	1039	1050	1053	1057	1048	1021	975	932	918	917	916	1027	1062	1063	1078	1083	1072	1041	998	965	938
945	942	929	941	976	1006	1033	1046	1050	1056	1055	1041	1008	963	931	917	915	920	1015	1053	1059	1072	1077	1065	1031	986	958	936
967	950	937	956	1001	1029	1044	1055	1061	1065	1057	1038	1001	961	929	917	921	936	1017	1062	1062	1072	1073	1059	1017	978	956	934
992	959	948	971	1014	1046	1055	1063	1068	1071	1057	1032	996	960	927	918	930	957	1005	1026	1068	1071	1068	1048	1005	970	947	929
964	968	960	997	1030	1051	1065	1069	1072	1069	1053	1026	988	941	925	915	929	955	953	975	1050	1061	1061	1036	996	966	939	931
960	966	965	1010	1049	1059	1066	1069	1068	1060	1044	1016	969	926	917	915	901	936	1031	1088	1118	1117	1068	1038	995	963	940	931
971	972	977	1032	1055	1057	1068	1065	1065	1057	1036	1001	948	919	916	917	912	1008	1193	1211	1194	1234	1182	1067	1007	970	943	936
971	983	999	1042	1047	1057	1064	1060	1056	1050	1024	978	932	923	929	964	1012	1251	1418	1285	1185	1209	1282	1237	1076	970	946	935
965	999	1013	1040	1054	1063	1061	1055	1059	1043	1010	955	929	945	1021	1066	1372	1649	1458	1275	1216	1191	1233	1271	1180	994	946	937
991	1047	1138	1135	1110	1074	1043	1032	994	1062	1136	1165	1168	1161	1133	1083	1030	987	1036	1091	1085	1048	1073	1083	1084	1082	1085	1086
980	1016	1125	1096	1041	1018	981	1059	1053	1050	1152	1154	1149	1148	1117	1067	1024	981	1045	1088	1063	1048	1070	1080	1084	1081	1082	1080
988	1027	1019	978	953	974	955	1053	1051	1077	1152	1140	1137	1135	1101	1054	1021	982	1046	1088	1069	1047	1060	1080	1083	1082	1080	1076
977	1053	984	952	988	986	974	1020	1001	1097	1148	1147	1139	1125	1086	1044	1023	1002	1051	1088	1073	1055	1064	1081	1082	1084	1079	1076
949	961	992	997	1008	993	962	994	1012	1096	1141	1135	1128	1117	1075	1037	1027	1011	1065	1074	1061	1058	1057	1087	1084	1087	1084	1077
954	941	989	1024	1006	975	942	964	1019	1070	1116	1126	1117	1087	1055	1038	1042	1024	1066	1053	1055	1050	1060	1086	1086	1085	1085	1080
951	966	990	1000	968	946	944	949	999	1041	1059	1077	1074	1050	1039	1044	1046	1025	1050	1033	1044	1049	1063	1087	1082	1081	1086	1080
966	981	981	966	971	980	991	1006	1029	1038	1049	1065	1065	1049	1053	1063	1042	1015	1048	1114	1073	1054	1070	1084	1083	1079	1081	1080
980	966	956	974	997	1016	1035	1063	1075	1056	1048	1062	1060	1057	1072	1073	1050	1005	1055	1218	1185	1063	1081	1084	1085	1083	1080	1079
980	946	956	978	1000	1026	1050	1093	1102	1083	1059	1060	1064	1070	1080	1074	1051	991	1037	1160	1133	1069	1084	1083	1085	1085	1082	1076
970	931	952	967	989	1006	1044	1085	1092	1083	1067	1062	1073	1084	1089	1078	1047	980	1032	1051	1053	1073	1085	1085	1080	1077	1079	1071
967	921	933	951	966	984	1030	1062	1067	1063	1065	1066	1071	1075	1081	1079	1036	958	995	1060	1066	1080	1084	1083	1079	1077	1078	1069
963	915	922	935	948	985	1035	1065	1072	1067	1075	1081	1082	1077	1079	1081	1025	948	980	1061	1063	1076	1077	1085	1084	1079	1076	1072
975	922	917	927	936	999	1047	1068	1076	1085	1090	1093	1094	1094	1093	1083	1012	960	974	1049	1070	1075	1076	1080	1083	1079	1071	1075
974	927	915	919	946	1015	1055	1074	1082	1086	1089	1091	1088	1089	1089	1069	1009	964	995	1048	1067	1072	1078	1079	1084	1078	1068	1074
969	931	925	927	976	1032	1056	1075	1081	1078	1080	1078	1082	1079	1074	1050	994	1006	1013	1048	1071	1071	1081	1081	1084	1082	1072	1072
976	938	930	944	1018	1068	1071	1085	1090	1086	1083	1085	1087	1084	1075	1039	961	1056	1068	1034	1074	1072	1079	1079	1082	1080	1077	1063
983	952	927	958	1052	1085	1094	1095	1095	1093	1085	1086	1082	1081	1069	1034	945	976	1054	1046	1075	1078	1080	1079	1083	1084	1078	1054
1000	958	936	982	1072	1085	1097	1099	1094	1092	1088	1084	1086	1077	1064	1017	918	905	1012	1058	1060	1079	1085	1085	1086	1087	1078	1042
995	971	950	1019	1085	1089	1092	1096	1089	1087	1086	1087	1079	1083	1073	1000	917	923	1003	1068	1053	1071	1083	1086	1085	1086	1075	1031
978	976	964	1042	1087	1084	1088	1088	1080	1077	1079	1078	1070	1073	1055	962	931	954	997	1062	1062	1064	1078	1082	1086	1083	1072	1017
973	973	989	1068	1089	1087	1092	1092	1089	1087	1084	1081	1076	1073	1021	940	939	990	966	1039	1064	1065	1075	1086	1086	1086	1068	1004
963	988	1016	1082	1093	1094	1097	1095	1096	1097	1093	1094	1089	1071	971	920	944	992	938	993	1051	1068	1070	1082	1087	1083	1064	996
962	1012	1048	1093	1093	1096	1097	1094	1092	1092	1092	1091	1082	1027	928	917	948	1007	975	972	1017	1061	1067	1071	1080	1076	1054	993
971	1036	1071	1093	1089	1090	1094	1092	1087	1084	1078	1072	1058	970	914	917	938	1014	996	988	999	1034	1065	1072	1075	1070	1047	991
986	1059	1089	1086	1086	1086	1091	1088	1079	1074	1076	1076	1035	943	937	946	977	1005	963	978	1016	1031	1049	1079	1080	1067	1048	989
999	1066	1096	1086	1086	1087	1087	1085	1086	1086	1089	1067	982	945	964	957	962	967	994	1005	1030	1102	1098	1078	1085	1072	1053	992
994	1068	1098	1084	1081	1081	1085	1079	1089	1091	1087	1042	958	964	972	1001	1147	1464	1372	1118	1085	1121	1162	1149	1125	1084	1051	1003
988	1060	1127	1105	1052	1029	1018	998	992	1032	1069	1076	1074	1065	1053	1050	1048	1036	1053	1179	1123	1062	1069	1076	1086	1085	1084	1085
991	1022	1004	974	982	995	1014	1031	1053	1045	1093	1132	1105	1067	1059	1045	1050	1046	1037	1025	1036	1067	1073	1076	1083	1079	1082	1083
1019	1047	938	935	944	958	958	962	1019	1059	1139	1198	1188	1149	1088	1059	1067	1074	1060	1027	1036	1068	1073	1081	1087	1081	1082	1079
1031	1017	935	937	938	964	942	940	1014	1060	1081	1087	1099	1120	1109	1068	1066	1078	1062	1044	1045	1060	1082	1082	1087	1084	1082	1079
1009	970	929	943	942	938	942	959	1052	1078	1089	1088	1086	1089	1091	1079	1068	1058	1040	1069	1097	1076	1089	1090	1086	1087	1082	1081
1035	953	936	949	952	933	938	995	1077	1092	1133	1154	1144	1134	1128	1095	1077	1059	1041	1095	1141	1185	1105	1089	1090	1087	1083	1081
1052	1005	983	946	943	923	930	1013	1084	1117	1194	1225	1190	1148	1148	1112	1083	1068	1112	1114	1126	1185	1105	1082	1091	1086	1081	1080
1065	1024	996	962	929	904	918	1023	1079	1094	1105	1126	1118	1112	1094	1076	1085	1087	1160	1258	1164	1131	1084	1085	1087	1087	1082	1082
1073	1034	1000	956	929	918	941	1046	1064	1069	1083	1102	1116	1112	1079	1084	1094	1078	1150	1393	1189	1081	1083	1088	1082	1089	1085	1084
1045	1020	1005	951	931	923	966	1052	1049	1062	1085	1099	1109	1100	1058	1077	1080	1062	1162	1251	1095	1074	1087	1090	1083	1087	1085	1081
1078	1024	981	954	945	943	1012	1081	1076	1095	1110	1113	1113	1091	1048	1057	1064	1037	1003	1016	1067	1076	1087	1085	1085	1083	1083	1081
1057	1053	1003	959	962	983	1098	1124	1151	1142	1150	1162	1228	1224	1092	1055	1064	1033	1001	1011	1063	1084	1083	1082	1083	1081	1083	1078
1071	1080	1012	976	968	1026	1127	1096	1105	1115	1136	1171	1230	1287	1162	1085	1063	1046	1065	1070	1060	1086	1077	1085	1087	1084	1083	1074
1020	1042	1013	1018	995	1051	1088	1099	1100	1106	1099	1100	1095	1105	1101	1097	1064	1054	1111	1175	1127	1078	1076	1083	1088	1087	1082	1075
989	1017	1059	1076	1019	1122	1155	1102	1104	1110	1116	1134	1154	1158	1131	1101	1057	1062	1136	1186	1218	1099	1079	1081	1082	1080	1074	1073
993	992	1059	1081	1023	1139	1212	1129	1121	1153	1185	1200	1208	1193	1196	1130	1113	1181	1139	1145	1193	1106	1079	1082	1080	1076	1075	1076
997	1006	1034	1077	1046	1049	1144	1138	1105	1118	1120	1127	1129	1136	1157	1127	1183	1234	1224	1163	1156	1082	1081	1081	1080	1079	1076	1074
978	987	1024	1098	1103	1054	1040	1048	1051	1083	1091	1101	1121	1139	1157	1165	1117	1190	1168	1088	1063	1080	1086	1082	1080	1077	1072	1074
973	949	977	1070	1118	1097	1045	1046	1066	1087	1085	1092	1127	1162	1159	1164	1141	1141	1030	994	1042	1077	1076	1077	1082	1082	1075	1073
974	956	981	1005	1107	1110	1064	1057	1088	1099	1094	1108	1118	1102	1018	1001	1022	1035	1011	1004	1048	1069	1072	1077	1081	1081	1078	1069
982	935	972	1012	1098	1108	1067	1072	1128	1151	1150	1153	1151	1122	1051	985	1010	1051	1034	1077	1055	1067	1071	1081	1082	1082	1084	1068
999	931	1000	1096	1117	1115	1077	1074	1115	1144	1175	1204	1215	1159	1064	1021	1030	1101	1141	1195	1089	1065	1075	1082	1084	1086	1087	1071
1009	960	1068	1121	1129	1110	1067	1079	1101	1105	1112	1118	1113	1094	1041	994	996	1079	1216	1262	1132	1034	1067	1071	1075	1083	1090	1077
997	1040	1110	1123	1117	1078	1053	1077	1092	1099	1109	1129	1140	1127	1073	1035	1109	1134	1149	1201	1150	1022	1053	1055	1063	1080	1089	1073
995	1103	1120	1119	1080	1067	1062	1056	1077	1097	1147	1196	1203	1155	1124	1179	1246	1170	1176	1217	1066	1016	1050	1038	1057	1076	1086	1074
1032	1119	1123	1103	1058	1085	1065	1059	1133	1136	1158	1160	1118	1113	1142	1217	1155	1188	1198	1077	989	1024	1050	1041	1060	1064	1085	1080
1060	1121	1116	1095	1060	1078	1080	1043	1018	1008	1052	1085	1106	1128	1167	1215	1226	1194	1169	1110	1000	1016	1037	1051	1070	1076	1080	1084
1060	1123	1113	1093	1065	1067	1080	1062	1015	986	1007	1050	1105	1125	1083	1107	1103	1184	1248	1276	1166	1026	1011	1033	1059	1076	1077	1083
963	983	981	984	1012	1019	1015	1062	1205	1233	1210	1225	1236	1238	1288	1336	1372	1389	1377	1576	1501	1147	1077	1079	1086	1092	1092	1089
1021	1016	959	947	959	976	1006	1072	1234	1228	1215	1252	1246	1211	1251	1350	1285	1234	1488	1535	1421	1062	1055	1058	1074	1085	1085	1078
1038	1021	974	948	955	955	984	1096	1267	1225	1280	1323	1322	1277	1275	1307	1074	1036	1184	1455	1441	1071	1060	1069	1074	1081	1084	1071
1017	1009	953	936	950	1003	1030	1062	1163	1195	1224	1237	1272	1308	1353	1337	1105	1062	1102	1382	1581	1249	1046	1076	1075	1078	1083	1074
1092	1052	956	928	941	1199	1176	1071	1117	1110	1110	1106	1106	1105	1115	1136	1075	1124	1411	1530	1632	1499	1063	1070	1076	1076	1080	1081
1207	1172	1034	936	1033	1433	1282	1133	1170	1154	1155	1162	1174	1210	1284	1276	1139	1326	1574	1577	1565	1576	1108	1063	1073	1073	1078	1076
1148	1197	1206	1018	1224	1549	1464	1413	1287	1275	1295	1291	1284	1323	1336	1467	1532	1515	1555	1557	1498	1488	1117	1086	1084	1075	1077	1068
1153	1171	1188	1175	1122	1349	1392	1311	1220	1185	1163	1146	1131	1219	1241	1317	1411	1446	1511	1530	1557	1327	1081	1092	1087	1078	1074	1076
1156	1159	1155	1160	1015	1029	1297	1234	1182	1190	1191	1191	1183	1255	1305	1382	1313	1290	1551	1496	1259	1124	1065	1088	1086	1083	1086	1086
1156	1159	1157	1182	1050	971	1227	1263	1184	1212	1226	1219	1228	1309	1366	1446	1375	1521	1676	1485	979	1037	1057	1074	1073	1074	1073	1079
1179	1174	1150	1167	1048	1015	1375	1353	1222	1207	1194	1205	1243	1340	1333	1140	1074	1487	1739	1560	1032	1051	1060	1077	1073	1073	1069	1060
1173	1182	1165	1169	1071	1261	1712	1536	1296	1218	1226	1276	1341	1378	1345	1158	1045	1118	1534	1640	1153	1049	1067	1079	1073	1074	1080	1056
1203	1200	1172	1180	1164	1185	1318	1266	1251	1246	1251	1273	1314	1367	1416	1298	1080	1241	1526	1672	1391	1057	1074	1080	1073	1068	1079	1055
1159	1207	1172	1179	1174	1096	1100	1125	1124	1117	1105	1105	1097	1110	1161	1137	1106	1482	1628	1663	1625	1135	1062	1077	1071	1069	1077	1060
1147	1190	1185	1184	1205	1184	1182	1147	1156	1151	1142	1155	1197	1353	1448	1335	1277	1609	1642	1605	1683	1219	1060	1088	1075	1070	1070	1058
1112	1153	1174	1185	1187	1409	1513	1427	1298	1275	1267	1283	1337	1398	1465	1640	1651	1603	1653	1592	1634	1167	1076	1091	1082	1078	1081	1069
1093	1159	1165	1204	1110	1403	1689	1449	1214	1175	1163	1168	1184	1251	1345	1494	1572	1594	1669	1653	1463	1090	1083	1085	1081	1074	1079	1080
1084	1132	1163	1159	1038	1078	1338	1243	1193	1189	1179	1180	1203	1305	1441	1436	1406	1597	1699	1365	1129	1074	1077	1085	1080	1073	1074	1077
1076	1074	1068	1043	1046	1033	1195	1307	1262	1240	1227	1245	1290	1479	1551	1363	1561	1835	1754	1357	1014	1078	1070	1082	1083	1078	1078	1069
1086	1037	987	983	1051	1063	1109	1250	1236	1214	1212	1250	1309	1403	1284	1080	1189	1583	1813	1704	1130	1063	1069	1085	1087	1078	1081	1073
1097	1016	961	1021	1073	1054	1152	1248	1229	1235	1247	1290	1370	1408	1401	1200	1162	1272	1730	1865	1408	1052	1084	1098	1089	1078	1081	1079
1006	985	983	1093	1100	1067	1120	1228	1276	1281	1285	1296	1323	1312	1243	1141	1340	1551	1737	1812	1579	1096	1097	1095	1086	1079	1080	1079
1005	989	1029	1102	1121	1091	1081	1141	1153	1146	1143	1135	1139	1186	1297	1233	1389	1638	1699	1747	1599	1134	1088	1081	1080	1074	1077	1084
1050	988	1051	1111	1124	1099	1089	1139	1158	1171	1176	1212	1300	1418	1477	1611	1554	1604	1658	1642	1533	1135	1076	1085	1084	1078	1081	1083
1052	993	1047	1114	1119	1098	1091	1203	1288	1318	1317	1346	1338	1321	1428	1561	1441	1484	1694	1592	1330	1075	1070	1090	1094	1080	1073	1068
1040	1014	1028	1116	1119	1107	1226	1405	1465	1369	1279	1247	1231	1292	1536	1453	1408	1647	1847	1572	1086	1036	1052	1077	1087	1071	1073	1067
1035	1027	994	1101	1115	1105	1166	1202	1253	1291	1298	1305	1299	1410	1495	1198	1481	1886	1971	1817	1329	1056	1039	1064	1071	1077	1077	1081
1018	1037	972	1048	1105	1099	1076	1155	1216	1322	1447	1434	1501	1712	1468	1130	1264	1767	1922	1897	1740	1256	1054	1075	1084	1086	1086	1091
1111	1094	1122	1103	986	968	970	1285	1371	1241	1223	1194	1197	1222	1218	1244	1185	1112	1189	1562	1769	1416	1185	1111	1102	1093	1100	1087
1127	1138	1174	1153	985	968	996	1246	1248	1159	1146	1136	1158	1224	1255	1300	1157	1068	1245	1585	1949	1543	1357	1267	1201	1168	1164	1171
1137	1146	1145	1121	1000	969	1066	1262	1176	1133	1157	1178	1206	1247	1249	1288	1110	1038	1144	1606	1824	1427	1267	1244	1226	1207	1190	1246
1152	1153	1181	1134	986	1021	1149	1263	1273	1259	1252	1219	1213	1245	1305	1357	1138	1071	1087	1438	1772	1789	1430	1255	1264	1239	1214	1221
1215	1236	1260	1076	963	1177	1198	1135	1146	1132	1117	1113	1114	1108	1137	1204	1108	1095	1155	1269	1501	1868	1761	1424	1309	1286	1249	1230
1195	1219	1153	970	1022	1329	1216	1157	1148	1133	1125	1124	1134	1170	1272	1239	1069	1121	1194	1210	1368	1560	1462	1320	1263	1277	1269	1274
1143	1131	1170	1009	1126	1409	1493	1367	1252	1222	1214	1216	1236	1259	1264	1278	1080	1123	1220	1180	1290	1252	1062	1090	1148	1242	1327	1381
1134	1124	1198	1134	1044	1263	1510	1247	1136	1139	1130	1136	1163	1163	1169	1232	1074	1116	1322	1174	1217	1108	1047	1073	1077	1131	1221	1184
1132	1122	1176	1234	1037	1009	1419	1299	1176	1168	1148	1145	1173	1167	1231	1239	1060	1112	1362	1403	1303	1139	1099	1114	1099	1088	1093	1084
1141	1143	1124	1194	1083	987	1382	1357	1222	1208	1189	1173	1201	1184	1204	1158	1039	1121	1312	1707	1569	1366	1294	1220	1229	1231	1237	1130
1122	1114	1086	1092	1032	1029	1295	1256	1161	1163	1158	1169	1210	1208	1241	1142	1013	1138	1322	1647	1532	1366	1297	1224	1250	1236	1308	1313
1101	1115	1096	1139	1002	1135	1427	1219	1174	1205	1208	1230	1252	1236	1250	1195	1031	1074	1303	1555	1633	1407	1252	1226	1258	1212	1213	1344
1108	1177	1174	1159	1034	1099	1315	1323	1261	1226	1188	1183	1202	1267	1381	1279	1056	1070	1188	1394	1740	1594	1298	1255	1279	1251	1205	1342
1070	1225	1173	1130	1061	1099	1127	1135	1122	1107	1106	1114	1108	1126	1185	1155	1081	1085	1113	1157	1485	1650	1372	1278	1286	1291	1222	1343
1061	1175	1137	1087	1103	1117	1125	1146	1148	1143	1144	1153	1211	1355	1372	1169	1058	1106	1117	1145	1359	1373	1097	1059	1144	1298	1269	1330
1013	1083	1104	1092	1080	1245	1341	1284	1222	1217	1220	1233	1255	1250	1311	1238	1059	1131	1142	1183	1302	1089	1007	1025	1032	1188	1304	1236
1040	1085	1098	1102	1024	1385	1420	1152	1131	1134	1136	1171	1165	1152	1328	1226	1052	1157	1141	1176	1153	1041	1016	1026	1031	1106	1169	1096
1062	1110	1102	1071	1004	1122	1373	1188	1157	1148	1134	1175	1170	1186	1329	1131	1035	1144	1159	1121	1079	1043	1011	1025	1040	1119	1160	1143
1126	1136	1110	1082	1048	1045	1376	1272	1220	1180	1160	1214	1217	1206	1310	1066	998	1125	1205	1218	1059	1033	1018	1024	1028	1114	1171	1245
1153	1150	1108	1099	1087	1050	1295	1243	1203	1163	1157	1212	1236	1223	1319	1171	1033	1114	1204	1333	1186	1033	1024	1007	1024	1141	1160	1237
1166	1142	1102	1112	1097	1122	1336	1198	1194	1224	1237	1285	1306	1338	1418	1319	1090	1083	1188	1262	1300	1049	1020	1016	1074	1172	1173	1211
1052	1041	1100	1115	1110	1111	1282	1322	1265	1221	1181	1164	1152	1182	1204	1144	1154	1108	1150	1168	1250	1066	1021	1064	1113	1164	1213	1208
936	999	1114	1121	1119	1112	1148	1154	1138	1135	1124	1121	1113	1183	1295	1227	1148	1156	1152	1162	1180	1066	1042	1081	1122	1169	1203	1133
932	966	1103	1123	1119	1115	1138	1150	1166	1169	1169	1187	1241	1341	1325	1327	1126	1180	1161	1163	1137	1047	1022	1051	1070	1089	1134	1108
950	944	1055	1112	1109	1096	1221	1378	1277	1230	1224	1248	1228	1182	1208	1308	1074	1196	1203	1114	1099	1030	992	1008	1020	1051	1187	1232
951	938	994	1081	1085	1179	1528	1399	1129	1147	1141	1140	1150	1174	1264	1226	1016	1172	1282	1261	1122	1062	1190	1213	1107	1157	1191	1275
950	935	954	1014	1037	1107	1410	1444	1192	1162	1174	1180	1270	1314	1376	1285	1049	1143	1301	1385	1381	1373	1476	1536	1334	1179	1179	1185
940	944	942	956	987	992	1115	1476	1296	1353	1431	1384	1500	1542	1629	1610	1237	1115	1238	1344	1468	1577	1547	1571	1339	1162	1132	1099
1139	1187	1136	1100	1023	997	1021	1115	1270	1241	1185	1183	1193	1226	1237	1270	1268	1211	1304	1666	1624	1227	1117	1104	1100	1098	1098	1084
1121	1159	1123	1126	1031	1011	1024	1150	1244	1202	1155	1157	1183	1250	1296	1352	1304	1179	1409	1667	1826	1293	1184	1179	1146	1134	1136	1133
1096	1123	1121	1086	1023	996	1053	1207	1208	1159	1164	1182	1211	1255	1273	1332	1174	1043	1209	1694	1850	1334	1131	1145	1141	1138	1131	1170
1075	1106	1161	1107	1005	986	1094	1249	1265	1258	1257	1234	1235	1270	1338	1397	1161	1063	1096	1490	1864	1637	1199	1144	1150	1143	1133	1147
1058	1151	1152	1107	1033	989	1096	1150	1169	1150	1124	1112	1111	1109	1151	1252	1144	1131	1252	1452	1700	1786	1379	1216	1164	1156	1140	1128
1060	1116	1077	1094	1052	999	1109	1164	1154	1136	1122	1116	1119	1152	1260	1220	1092	1249	1446	1465	1549	1672	1393	1184	1152	1149	1145	1144
1009	1075	1089	1108	1051	986	1251	1325	1254	1225	1217	1225	1246	1288	1311	1354	1252	1366	1454	1450	1492	1516	1199	1079	1112	1132	1169	1174
997	1082	1102	1106	1064	976	1171	1259	1169	1157	1139	1148	1173	1188	1210	1351	1289	1352	1573	1488	1449	1434	1138	1070	1089	1102	1144	1115
992	1089	1107	1106	1096	1017	1109	1296	1220	1190	1155	1129	1161	1191	1245	1325	1166	1268	1668	1506	1351	1232	1100	1086	1099	1092	1087	1079
997	1098	1105	1101	1111	1064	1198	1326	1206	1179	1158	1149	1195	1219	1280	1324	1165	1312	1628	1655	1236	1122	1150	1119	1141	1137	1139	1092
1020	1103	1110	1105	1100	1040	1189	1266	1171	1155	1147	1165	1244	1280	1355	1274	1104	1450	1695	1843	1381	1164	1140	1111	1147	1134	1151	1191
1052	1104	1109	1104	1088	1041	1229	1242	1171	1191	1211	1248	1302	1304	1330	1193	1031	1160	1563	1782	1545	1200	1113	1122	1158	1124	1118	1204
1064	1094	1096	1097	1085	1057	1239	1301	1276	1261	1252	1241	1261	1325	1420	1298	1076	1172	1397	1607	1721	1221	1111	1134	1167	1132	1119	1164
1068	1090	1103	1106	1096	1088	1126	1138	1130	1116	1113	1113	1108	1139	1217	1151	1160	1350	1351	1435	1711	1177	1083	1125	1130	1119	1122	1153
1059	1095	1110	1117	1101	1103	1130	1140	1150	1148	1141	1154	1205	1321	1402	1268	1252	1346	1280	1338	1448	1050	1010	1036	1048	1072	1110	1167
1054	1103	1110	1121	1106	1128	1292	1270	1234	1222	1247	1267	1280	1259	1360	1506	1288	1269	1284	1299	1303	1035	1000	1020	1033	1031	1064	1118
1028	1114	1122	1126	1116	1149	1362	1218	1158	1141	1154	1171	1189	1215	1399	1355	1187	1213	1246	1237	1199	1013	988	1011	1040	1054	1067	1073
1024	1112	1122	1126	1133	1053	1249	1272	1203	1164	1135	1161	1190	1259	1466	1224	1183	1236	1275	1158	1056	971	982	1016	1039	1095	1109	1105
1037	1118	1127	1126	1127	1060	1318	1309	1247	1197	1172	1204	1237	1350	1431	1125	1213	1306	1311	1112	999	961	978	1025	1034	1090	1117	1153
1098	1107	1123	1122	1104	1135	1353	1248	1198	1170	1199	1269	1330	1367	1369	1171	1110	1238	1282	1152	995	979	984	1027	1041	1095	1108	1136
1142	1115	1109	1102	1054	1265	1479	1251	1230	1278	1314	1340	1336	1398	1443	1242	1159	1155	1193	1183	1026	997	984	1023	1061	1103	1088	1110
1145	1118	1099	1063	1041	1103	1229	1281	1266	1199	1152	1126	1137	1163	1189	1144	1178	1102	1095	1122	1040	988	975	1044	1083	1091	1080	1094
1091	1051	1070	1056	1035	1102	1153	1130	1119	1119	1121	1130	1147	1278	1380	1265	1116	1058	1039	1054	1027	999	999	1061	1074	1075	1085	1049
985	963	1008	1039	1035	1102	1125	1164	1189	1185	1193	1225	1304	1334	1310	1370	1082	1053	1028	1022	1029	1019	996	1047	1039	1035	1037	1013
980	928	941	991	1052	1156	1338	1396	1232	1206	1213	1213	1234	1190	1275	1399	1064	1032	1009	1027	1036	1033	999	1009	1024	1025	1060	1073
961	935	925	958	1031	1445	1710	1325	1146	1160	1168	1146	1173	1190	1357	1404	1082	1037	996	1012	1032	1033	1056	1031	1049	1117	1137	1127
964	941	926	948	984	1140	1422	1404	1209	1280	1339	1257	1320	1421	1561	1561	1146	1037	1044	1040	1028	1024	1097	1155	1212	1203	1192	1105
965	954	928	945	983	948	1156	1466	1415	1473	1455	1424	1552	1600	1648	1712	1331	1092	1054	1042	1028	1024	1121	1238	1281	1254	1212	1110
1048	1123	1113	1108	1116	1072	995	986	1046	1161	1172	1189	1208	1226	1249	1276	1271	1270	1229	1317	1388	1125	1050	1066	1089	1090	1092	1086
1049	1118	1117	1111	1116	1090	1046	1038	1130	1178	1160	1156	1176	1213	1260	1275	1255	1234	1306	1327	1205	1036	1055	1061	1078	1081	1090	1081
1054	1111	1114	1116	1119	1084	1037	1053	1141	1164	1184	1207	1206	1219	1242	1241	1094	1044	1115	1174	1159	1055	1069	1068	1078	1084	1087	1076
1040	1101	1105	1117	1117	1052	976	1040	1109	1189	1216	1256	1301	1337	1345	1319	1136	1049	1058	1095	1176	1107	1064	1072	1078	1081	1085	1080
1019	1080	1098	1111	1109	1032	978	1054	1097	1126	1118	1114	1125	1141	1171	1194	1122	1065	1161	1263	1356	1232	1058	1069	1078	1076	1084	1080
992	1061	1096	1105	1097	1011	1010	1063	1120	1136	1137	1133	1133	1150	1179	1138	1075	1133	1299	1364	1396	1403	1093	1072	1082	1080	1080	1075
1003	1059	1091	1097	1091	985	1044	1159	1176	1226	1311	1307	1294	1304	1337	1330	1300	1308	1317	1331	1321	1431	1179	1083	1090	1084	1077	1077
1028	1061	1075	1087	1076	983	993	1123	1171	1174	1197	1216	1180	1187	1222	1257	1329	1362	1323	1344	1321	1414	1191	1085	1096	1087	1077	1082
1034	1050	1067	1074	1056	1003	981	1033	1157	1181	1165	1176	1177	1188	1200	1188	1188	1215	1280	1561	1334	1226	1097	1092	1090	1085	1084	1084
1026	1038	1066	1077	1050	1014	992	1048	1146	1176	1184	1194	1204	1225	1244	1310	1275	1311	1469	1396	1044	1051	1079	1083	1084	1081	1079	1082
1050	1055	1076	1083	1057	994	963	1058	1151	1152	1157	1182	1196	1234	1204	1163	1168	1371	1436	1208	1016	1062	1078	1079	1078	1078	1078	1070
1095	1085	1089	1084	1064	989	972	1145	1213	1208	1235	1232	1251	1259	1190	1045	1020	1108	1281	1245	1054	1057	1070	1082	1081	1078	1079	1068
1092	1087	1089	1087	1057	975	1011	1138	1200	1232	1271	1291	1344	1340	1272	1118	1047	1168	1347	1349	1168	1052	1076	1086	1082	1078	1079	1072
1086	1090	1095	1091	1055	981	1044	1104	1112	1111	1108	1118	1116	1114	1121	1078	1075	1337	1474	1529	1372	1074	1084	1090	1088	1079	1078	1077
1097	1099	1099	1081	1044	981	1048	1103	1125	1136	1154	1185	1239	1288	1277	1183	1197	1389	1449	1497	1473	1101	1083	1095	1092	1078	1075	1075
1063	1069	1068	1068	1022	966	1048	1169	1225	1259	1274	1285	1304	1328	1376	1451	1428	1390	1402	1415	1480	1120	1083	1093	1089	1087	1077	1082
1022	990	1013	1061	1031	962	1031	1166	1224	1179	1187	1182	1219	1259	1243	1271	1303	1378	1470	1441	1330	1086	1092	1088	1082	1086	1079	1087
1019	1012	1020	1071	1056	978	971	1061	1126	1150	1181	1188	1266	1298	1326	1328	1410	1439	1474	1248	1085	1057	1076	1083	1079	1079	1075	1077
1008	1023	1055	1098	1096	1021	979	1044	1117	1154	1174	1213	1298	1324	1264	1284	1533	1518	1378	1073	1024	1038	1056	1076	1077	1076	1073	1069
1018	1017	1088	1115	1111	1101	1063	1095	1173	1185	1199	1242	1291	1194	1057	1022	1205	1487	1544	1282	1036	1030	1056	1076	1078	1078	1075	1067
1074	1052	1089	1100	1092	1142	1154	1232	1302	1344	1399	1486	1480	1368	1203	1069	1383	1616	1723	1610	1104	1032	1066	1076	1071	1077	1076	1073
1111	1124	1109	1063	1061	1086	1090	1139	1178	1187	1198	1226	1256	1212	1154	1088	1430	1645	1682	1705	1183	1032	1062	1076	1067	1075	1073	1075
1120	1150	1132	1080	1048	1094	1133	1141	1124	1133	1146	1185	1241	1345	1411	1481	1526	1497	1512	1586	1180	1012	1037	1064	1054	1068	1067	1072
1070	1133	1121	1090	1063	1091	1138	1174	1255	1305	1332	1344	1373	1400	1514	1664	1376	1331	1434	1438	1096	1007	1018	1051	1048	1068	1064	1071
975	1043	1094	1112	1097	1198	1304	1479	1433	1269	1235	1231	1241	1279	1475	1429	1190	1239	1361	1300	1046	1002	1014	1041	1046	1064	1061	1059
937	981	1037	1111	1093	1224	1352	1328	1265	1237	1251	1248	1248	1345	1504	1203	1124	1298	1549	1591	1256	997	1033	1030	1039	1051	1049	1048
930	958	1008	1064	1102	1078	1097	1102	1217	1364	1447	1451	1443	1566	1450	1208	1214	1534	1634	1577	1527	1085	1026	1018	1017	1041	1039	1041
929	969	1024	1067	1109	1068	1026	1095	1353	1576	1636	1654	1690	1757	1835	1697	1375	1727	1563	1526	1476	1162	1021	1018	1002	1036	1041	1046
1074	1058	1035	1049	1078	1050	983	1048	992	943	992	1031	1043	1046	1046	1055	1058	1062	1061	1186	1213	1055	1088	1091	1091	1087	1088	1083
1084	1062	1035	1041	1056	1056	962	974	970	936	995	1027	1042	1054	1056	1054	1051	1054	1044	1066	1085	1072	1081	1090	1093	1086	1086	1084
1094	1079	1056	1039	1034	1033	991	956	922	947	1026	1069	1071	1066	1063	1067	1075	1073	1060	1045	1064	1072	1079	1087	1089	1084	1086	1082
1089	1081	1058	1024	1017	996	946	945	935	978	1051	1083	1104	1101	1086	1079	1085	1081	1065	1049	1068	1076	1083	1084	1089	1083	1085	1080
1089	1075	1044	1032	1017	989	922	927	963	1022	1070	1091	1093	1096	1094	1085	1079	1077	1047	1024	1055	1061	1083	1082	1088	1084	1083	1077
1075	1051	1040	1014	1014	990	927	927	965	1035	1088	1105	1097	1096	1089	1080	1068	1060	1018	1020	1054	1058	1074	1081	1083	1081	1078	1073
1068	1042	1025	1011	1018	1004	923	917	967	1051	1126	1135	1112	1100	1086	1054	1053	1038	996	1018	1057	1074	1072	1080	1081	1081	1078	1074
1074	1063	1024	1025	1036	1028	937	915	979	1069	1103	1114	1092	1084	1067	1055	1056	1043	1101	1098	1064	1076	1078	1081	1086	1087	1080	1072
1035	1065	1045	1044	1037	1050	964	927	1000	1073	1075	1075	1086	1071	1058	1071	1068	1065	1194	1289	1094	1076	1083	1083	1086	1085	1081	1070
1010	1062	1064	1061	1046	1064	985	936	1037	1073	1075	1081	1082	1063	1059	1072	1054	1053	1195	1282	1083	1086	1086	1084	1084	1081	1081	1065
1061	1080	1071	1065	1066	1080	984	982	1071	1074	1074	1077	1071	1059	1060	1063	1043	1007	1046	1063	1051	1072	1084	1086	1084	1080	1080	1064
1080	1084	1068	1060	1071	1078	979	1034	1081	1087	1096	1094	1084	1061	1076	1076	1039	975	1020	1052	1069	1071	1086	1088	1086	1083	1082	1064
1080	1076	1061	1066	1077	1053	979	1068	1081	1079	1088	1098	1093	1075	1068	1077	1017	960	1031	1046	1073	1082	1086	1091	1088	1090	1086	1064
1081	1079	1069	1073	1092	1013	1014	1092	1091	1088	1092	1094	1088	1088	1075	1072	998	968	1035	1054	1059	1083	1086	1091	1086	1092	1083	1058
1053	1070	1086	1086	1068	981	1053	1091	1084	1086	1089	1090	1096	1080	1064	1040	968	993	1037	1076	1080	1080	1085	1086	1086	1086	1082	1051
1018	992	1024	1029	1010	992	1070	1077	1075	1091	1100	1106	1096	1074	1056	1001	1034	1129	1042	1077	1088	1084	1085	1088	1088	1085	1084	1050
968	939	925	970	995	1019	1069	1072	1074	1075	1079	1075	1058	1043	1047	1011	1083	1230	1067	1048	1075	1086	1089	1089	1088	1084	1085	1046
953	935	914	986	996	1038	1066	1067	1065	1062	1063	1060	1037	1029	1030	1017	1027	1093	1046	1011	1063	1089	1086	1083	1085	1080	1083	1041
962	938	940	1019	1014	1055	1052	1065	1065	1067	1061	1053	1021	1017	1022	975	952	987	1007	1047	1066	1083	1076	1080	1082	1080	1080	1039
971	940	989	1038	1056	1075	1050	1062	1075	1073	1070	1061	1028	1014	1024	968	985	995	1002	1059	1081	1073	1072	1080	1081	1079	1081	1042
968	963	1019	1061	1085	1086	1048	1059	1085	1101	1125	1140	1105	1037	1016	991	1001	1024	1080	1077	1085	1074	1070	1079	1086	1081	1080	1044
972	1010	1048	1077	1102	1097	1075	1069	1080	1094	1114	1129	1118	1061	1008	984	1010	1065	1160	1144	1080	1086	1076	1079	1079	1082	1080	1043
989	1048	1073	1095	1109	1108	1099	1087	1102	1111	1125	1144	1136	1085	1009	1096	1133	1100	1133	1167	1080	1065	1065	1067	1078	1083	1079	1043
985	1039	1086	1113	1115	1103	1109	1089	1127	1172	1185	1160	1114	1086	1116	1224	1145	1123	1147	1163	1035	1045	1058	1057	1074	1087	1082	1048
1011	1012	1074	1121	1115	1096	1106	1106	1124	1102	1096	1079	1077	1075	1124	1150	1140	1154	1170	1067	999	1036	1038	1042	1064	1085	1087	1052
988	979	1047	1113	1117	1094	1076	1081	1046	1043	1071	1075	1096	1116	1156	1167	1121	1047	1123	1133	1033	1021	1034	1028	1047	1072	1082	1061
952	960	1022	1098	1119	1114	1090	1076	1008	1018	1015	1069	1102	1077	1014	1007	1019	1173	1284	1227	1157	1030	1036	1039	1046	1065	1067	1066
931	951	996	1087	1118	1117	1101	1065	1000	1028	1073	1175	1168	1135	1138	1145	1278	1681	1647	1284	1247	1080	1017	1049	1054	1049	1039	1056
1045	1060	1066	1064	1086	1081	1043	1102	1047	958	954	962	969	1022	1032	1000	972	964	1021	1089	1073	1047	1077	1079	1079	1085	1086	1080
1048	1055	1070	1080	1071	1079	998	1036	992	945	976	976	958	996	1008	974	954	962	1018	1078	1060	1043	1072	1079	1080	1081	1082	1075
1041	1055	1094	1092	1080	1090	993	990	1036	979	996	1001	984	1004	989	965	960	967	1011	1074	1070	1046	1065	1086	1076	1079	1077	1074
1012	1056	1087	1087	1072	1071	992	962	985	991	999	998	977	977	972	968	975	974	1011	1068	1067	1044	1065	1082	1076	1079	1080	1070
1016	1065	1084	1089	1069	1073	996	918	943	984	993	980	984	982	973	981	993	982	1021	1062	1062	1041	1068	1073	1076	1077	1076	1066
1020	1088	1099	1087	1069	1079	1020	923	959	985	976	972	990	987	987	997	1009	988	1037	1058	1058	1035	1070	1068	1075	1072	1073	1065
999	1077	1102	1081	1070	1087	1023	938	971	977	960	976	989	993	1004	1022	1023	982	1041	1053	1046	1044	1078	1076	1073	1070	1072	1061
959	1039	1101	1087	1079	1094	1011	948	970	969	980	997	1006	1016	1028	1046	1013	958	1029	1059	1028	1057	1082	1082	1078	1071	1070	1058
977	1032	1087	1082	1074	1087	999	956	948	979	1007	1017	1030	1036	1048	1053	989	949	1050	1138	1052	1070	1075	1078	1077	1072	1069	1047
1017	1041	1067	1068	1071	1068	996	954	943	1005	1030	1035	1048	1055	1066	1047	971	954	1050	1139	1036	1070	1073	1078	1077	1076	1071	1044
1059	1031	1067	1069	1064	1061	1000	953	976	1027	1047	1061	1067	1072	1074	1023	967	960	1038	1069	1021	1074	1075	1073	1080	1079	1071	1042
1063	1061	1056	1062	1059	1055	991	967	1018	1052	1068	1080	1082	1084	1076	1024	987	942	1001	1069	1036	1066	1077	1073	1078	1080	1074	1050
1063	1051	1045	1045	1042	1022	959	992	1051	1069	1081	1086	1094	1092	1073	1039	963	915	971	1069	1044	1055	1077	1078	1075	1081	1076	1054
1069	1047	1046	1038	1029	977	955	1024	1072	1082	1089	1091	1094	1091	1075	1026	926	918	980	1069	1054	1065	1077	1082	1079	1083	1075	1045
1073	1019	1006	1002	982	944	977	1054	1083	1089	1086	1086	1086	1086	1081	990	917	925	1013	1062	1058	1066	1080	1078	1077	1081	1074	1027
1080	1037	948	950	950	945	1017	1080	1085	1092	1091	1086	1087	1088	1066	954	924	958	1021	1067	1075	1068	1084	1084	1083	1085	1073	1001
1075	1064	984	939	949	961	1056	1085	1092	1095	1095	1093	1092	1094	1035	936	920	998	1045	1069	1084	1080	1083	1088	1088	1085	1070	986
1067	1059	1010	942	952	1007	1076	1085	1089	1091	1091	1091	1092	1081	990	929	920	999	1055	1071	1082	1089	1088	1084	1085	1080	1061	978
1039	1025	987	951	966	1049	1085	1087	1087	1088	1091	1088	1093	1057	976	928	916	945	1035	1076	1077	1087	1089	1086	1082	1071	1045	967
964	961	941	970	1001	1073	1093	1086	1085	1086	1090	1092	1089	1044	989	922	915	943	1056	1077	1076	1084	1086	1087	1079	1061	1040	962
977	946	941	997	1036	1081	1088	1087	1081	1077	1077	1076	1068	1044	965	921	934	931	1024	1081	1080	1082	1086	1085	1078	1060	1038	958
1033	968	999	1020	1057	1080	1088	1088	1079	1084	1084	1079	1068	1029	939	929	981	959	950	1012	1067	1077	1078	1081	1080	1061	1038	954
973	977	1040	1025	1078	1090	1093	1091	1084	1091	1086	1084	1062	992	924	934	999	986	989	985	1024	1065	1071	1080	1082	1061	1029	955
996	992	1014	1028	1084	1088	1089	1089	1079	1080	1076	1072	1043	953	916	942	979	972	984	1017	1047	1075	1078	1083	1082	1069	1031	957
1052	1030	1031	1047	1085	1085	1085	1084	1081	1083	1083	1074	1014	939	940	966	963	956	981	1060	1097	1120	1122	1107	1089	1069	1038	965
1003	1023	1025	1058	1086	1083	1082	1086	1090	1087	1082	1052	974	943	945	987	1022	1182	1161	1093	1098	1137	1167	1153	1144	1076	1035	976
989	979	1006	1069	1083	1080	1083	1085	1086	1085	1079	1023	964	963	967	1083	1362	1671	1634	1278	1197	1225	1228	1203	1207	1172	1065	992
1014	982	1015	1068	1077	1081	1079	1081	1080	1078	1058	998	986	998	1066	1356	1398	1534	1723	1384	1255	1243	1234	1225	1226	1261	1221	1034
1062	1062	1060	1050	1007	1025	1047	1099	1103	1040	982	1014	1111	1168	1176	1170	1140	1047	953	999	1066	1068	1072	1072	1069	1073	1079	1075
1060	1056	1058	1037	1020	1026	1029	1093	1098	1033	993	1019	1111	1159	1164	1151	1086	985	936	1014	1077	1066	1073	1070	1070	1068	1075	1073
1030	1009	1013	1037	1042	1034	1017	1050	1113	1041	985	1034	1104	1145	1145	1107	1023	943	929	1013	1088	1071	1068	1076	1079	1072	1076	1069
965	979	1029	1056	1059	1032	1014	1025	1057	1038	1031	1027	1084	1122	1118	1054	973	922	934	1024	1087	1071	1066	1079	1080	1072	1080	1061
930	984	1051	1049	1055	1042	1024	1054	1074	1048	1051	1003	1063	1102	1068	1001	937	917	939	1045	1092	1063	1063	1075	1078	1072	1073	1048
932	987	1045	1044	1046	1044	1043	1076	1121	1116	1097	1073	1094	1082	1026	960	921	920	966	1076	1089	1054	1064	1072	1077	1071	1069	1039
995	996	1033	1044	1051	1051	1050	1082	1129	1136	1118	1103	1079	1038	984	931	926	930	1015	1092	1081	1053	1075	1075	1078	1071	1064	1031
963	962	999	1040	1044	1015	1017	1084	1130	1133	1116	1080	1035	992	943	925	931	939	1055	1086	1074	1053	1077	1073	1084	1068	1058	1013
1006	941	960	997	999	971	985	1070	1114	1118	1089	1039	992	949	927	927	929	950	1069	1064	1058	1050	1074	1070	1081	1064	1050	1006
1057	982	941	962	973	953	953	1035	1086	1088	1053	987	946	928	937	936	923	956	1066	1058	1050	1054	1067	1068	1078	1065	1046	1012
1062	977	934	961	968	940	936	983	1042	1041	995	952	934	938	945	931	916	950	1063	1071	1053	1070	1064	1068	1076	1061	1040	1004
1061	1028	968	956	954	936	936	944	976	983	966	949	950	963	954	929	915	942	1047	1073	1059	1060	1072	1063	1075	1057	1029	990
1067	1076	1046	960	931	929	928	936	938	949	961	972	978	979	952	925	919	933	1040	1073	1053	1050	1072	1066	1066	1048	1024	980
1066	1084	1077	964	924	927	926	929	946	964	975	983	996	978	944	925	917	932	1054	1077	1034	1058	1075	1067	1053	1038	1004	970
1073	1095	1045	941	922	923	928	931	960	975	984	995	1005	975	941	924	918	932	1058	1070	1029	1050	1075	1061	1040	1030	991	953
1073	1083	975	924	929	924	924	945	973	996	1000	1016	1011	973	938	924	918	938	1058	1066	1045	1053	1071	1061	1030	1019	978	935
1083	1074	963	928	934	921	931	962	999	1014	1019	1033	1012	977	931	921	918	950	1030	1071	1062	1057	1067	1052	1015	1011	960	927
1081	1060	973	926	933	944	950	989	1012	1026	1035	1036	1006	960	918	918	941	954	1033	1072	1061	1064	1062	1027	1003	990	943	929
1051	1028	993	941	947	967	982	1015	1023	1035	1050	1032	993	934	914	915	920	925	1032	1057	1058	1061	1049	1010	989	962	931	924
967	967	965	946	959	957	998	1028	1038	1050	1055	1027	979	920	915	917	924	918	1009	1042	1056	1064	1049	1010	983	945	930	923
924	925	941	961	962	979	1025	1042	1049	1058	1053	1021	957	916	911	914	923	904	970	1035	1068	1063	1046	1000	971	948	932	929
932	927	973	1007	984	1027	1052	1056	1059	1068	1053	1014	951	921	912	914	916	954	1009	1083	1152	1098	1047	999	964	941	934	934
965	945	995	948	979	1042	1059	1068	1065	1070	1055	1002	943	919	922	912	922	1019	1120	1169	1193	1201	1100	1016	968	941	937	938
965	971	964	960	1015	1050	1059	1072	1067	1069	1044	992	938	923	923	917	964	1085	1199	1219	1225	1238	1248	1084	987	955	940	937
934	972	992	982	1030	1063	1071	1066	1068	1067	1033	984	933	924	945	984	1057	1246	1326	1238	1189	1208	1254	1253	1028	959	939	934
949	964	1008	1026	1036	1064	1073	1063	1073	1066	1026	971	927	955	1030	1059	1310	1523	1387	1236	1194	1207	1222	1284	1168	971	939	938
1051	1024	963	1032	1066	1071	1070	1066	1072	1058	1018	956	935	993	1053	1294	1495	1416	1321	1263	1257	1250	1238	1273	1216	1062	967	939
1053	1049	1013	1037	1067	1064	1066	1066	1064	1041	992	939	976	1051	1189	1439	1289	1294	1273	1266	1256	1266	1238	1248	1173	1102	1048	945
1060	1065	1071	1038	975	1130	1203	1194	1176	1141	1072	1117	1171	1185	1179	1178	1192	1185	1057	934	950	1033	1047	1062	1072	1079	1056	1022
1072	1071	1053	983	943	1115	1196	1184	1177	1159	1096	1075	1134	1173	1179	1179	1186	1159	989	933	959	1032	1032	1055	1072	1074	1054	1008
1051	1049	983	938	932	1070	1198	1191	1159	1095	1027	1036	1069	1146	1188	1194	1192	1113	950	933	974	1035	1033	1035	1062	1061	1044	983
962	966	936	940	939	1032	1191	1192	1123	1044	1017	996	1031	1114	1177	1192	1167	1039	941	937	986	1045	1043	1023	1038	1037	1014	965
970	948	935	966	951	1005	1173	1200	1141	1022	1028	982	1005	1132	1186	1188	1121	973	936	948	1010	1049	1026	1018	1032	1029	994	947
989	954	991	986	947	986	1164	1202	1144	1025	1043	1009	1057	1172	1190	1161	1055	943	931	986	1046	1042	995	1014	1027	1012	971	934
1033	1022	979	930	941	974	1157	1203	1154	1099	1102	1090	1138	1184	1184	1121	995	935	950	1034	1069	1018	986	1012	1023	989	950	925
990	975	926	927	938	963	1147	1208	1171	1127	1152	1167	1176	1188	1158	1061	951	936	997	1065	1071	975	991	1013	1002	971	939	922
1008	956	919	923	935	951	1104	1209	1194	1157	1175	1193	1189	1167	1101	988	935	951	1042	1081	1043	948	995	1000	984	962	941	928
1066	995	923	918	950	944	1029	1190	1203	1187	1190	1192	1159	1110	1018	943	929	988	1072	1084	1011	954	999	992	979	955	937	922
1069	1012	942	928	945	942	958	1122	1205	1205	1190	1158	1096	1022	949	934	931	1027	1085	1079	1004	969	992	985	975	952	931	915
1056	1056	993	930	940	938	932	989	1130	1174	1141	1073	998	942	934	938	936	1049	1089	1069	1024	981	987	975	968	942	925	911
1047	1060	1038	948	937	938	935	929	964	1003	987	955	935	929	935	935	940	1059	1084	1066	1038	983	977	963	957	934	920	912
1022	1063	1057	941	939	939	936	928	926	925	930	928	930	925	935	927	939	1052	1082	1076	1023	969	962	961	941	925	917	914
982	1037	1015	917	941	938	928	927	921	923	923	923	928	926	927	916	942	1039	1079	1082	1014	968	963	954	937	923	916	914
970	966	944	931	941	929	930	931	922	922	920	920	923	927	921	918	950	1048	1082	1084	1013	967	962	944	938	925	917	917
967	940	921	927	939	943	931	933	929	922	925	922	925	919	918	923	977	1048	1083	1084	1016	961	952	936	931	921	919	923
942	931	925	938	910	804	899	934	939	925	930	922	918	915	915	927	959	1009	1063	1080	1020	942	942	926	921	919	922	926
932	896	781	797	719	625	877	945	930	921	927	919	909	915	915	919	920	987	1052	1073	1014	936	928	921	916	922	925	920
935	883	673	714	732	883	942	948	924	923	925	915	907	917	904	907	925	951	988	1055	1024	957	933	924	923	928	924	924
920	940	897	945	890	964	970	960	926	930	928	916	911	917	897	904	1001	1112	1168	1161	1055	983	936	930	936	930	933	928
960	980	979	1000	995	973	975	944	931	939	929	918	917	915	906	943	1102	1280	1297	1373	1287	1035	951	950	935	926	931	928
818	1031	971	967	978	968	978	946	942	944	925	914	917	914	910	1007	1210	1294	1280	1266	1279	1170	981	940	927	923	929	926
843	995	1010	1010	969	958	942	949	951	940	920	913	916	916	944	1106	1326	1344	1255	1199	1177	1138	1039	933	928	927	928	927
1012	959	972	1012	975	976	946	947	956	934	916	915	917	934	1021	1188	1397	1334	1213	1178	1163	1111	1027	946	919	929	928	930
1029	1000	910	1000	966	964	985	963	951	930	917	916	952	1015	1073	1234	1389	1234	1178	1163	1145	1110	1016	949	913	925	926	927
1060	1054	981	987	989	976	961	962	944	930	921	930	1006	1085	1074	1296	1295	1196	1170	1145	1124	1099	1024	997	942	919	923	926
1060	1051	1014	990	980	975	959	950	931	921	920	936	1046	1085	1085	1296	1227	1209	1183	1145	1119	1094	1058	1061	986	930	922	927
1012	995	962	963	951	968	1072	1150	1185	1192	1191	1201	1188	1194	1191	1187	1191	1185	1063	936	953	1087	1014	1039	1048	1006	949	924
994	967	954	970	936	974	1085	1155	1185	1197	1191	1189	1172	1187	1181	1185	1190	1175	1015	931	952	1038	999	1031	1040	994	938	918
955	933	964	973	935	969	1086	1162	1193	1205	1183	1175	1153	1140	1163	1184	1196	1161	979	927	921	987	980	997	1021	977	928	917
947	958	983	953	938	962	1084	1167	1187	1180	1150	1138	1110	1117	1155	1190	1194	1120	949	923	911	970	991	984	988	956	924	920
990	1019	1009	999	994	977	1068	1160	1187	1176	1145	1129	1097	1122	1172	1200	1195	1057	932	927	914	979	1012	998	970	938	919	920
998	976	999	1020	1012	1014	1061	1154	1194	1185	1174	1152	1136	1163	1189	1193	1167	984	934	930	926	960	998	998	946	923	913	919
975	948	963	977	963	1010	1055	1131	1178	1182	1176	1158	1156	1186	1194	1189	1097	941	936	930	939	962	1015	983	930	919	914	921
975	989	987	975	965	998	1030	1108	1163	1179	1181	1173	1172	1196	1198	1173	1007	937	936	935	949	984	1024	957	918	915	916	923
1030	996	969	971	971	973	982	1071	1145	1176	1185	1189	1191	1206	1200	1101	946	933	939	950	959	1009	999	933	916	910	916	922
1053	1018	982	957	983	976	984	1029	1109	1159	1178	1197	1207	1202	1148	989	932	939	953	967	963	1024	966	921	918	914	913	919
1045	973	838	876	967	985	981	996	1047	1108	1150	1174	1181	1142	1009	938	936	951	983	966	990	1007	931	918	917	915	922	923
984	880	810	921	937	943	958	967	988	1026	1069	1086	1057	980	937	936	940	973	996	971	1009	961	919	916	912	924	923	917
955	976	907	820	876	875	968	983	972	950	957	948	941	933	941	935	946	1008	1003	1001	991	939	923	914	926	926	916	921
1011	939	547	503	758	798	978	972	972	927	930	929	935	936	934	930	974	1031	1021	1022	970	929	920	929	935	921	920	923
1037	796	393	536	881	1005	1010	971	963	930	925	927	933	931	933	928	1005	1040	1044	1017	940	926	941	937	918	923	922	924
1036	930	856	1004	1040	1007	1004	987	956	941	926	929	928	935	931	946	1033	1058	1058	999	931	937	946	926	920	922	918	926
1003	1014	1016	1026	997	1001	995	985	948	937	924	931	933	931	937	973	1055	1072	1058	985	932	933	930	924	926	922	922	926
942	973	1000	1015	1013	977	989	975	948	922	927	930	931	924	935	991	1048	1072	1045	972	926	920	925	925	925	923	920	916
938	933	809	853	900	927	987	983	960	925	922	926	921	919	927	958	1006	1037	1024	961	920	921	929	923	916	923	916	915
960	947	671	745	824	957	1019	1005	952	929	926	923	907	910	1005	1099	1127	1084	1021	956	926	928	924	921	920	923	923	922
959	1026	978	971	963	1017	988	927	984	937	928	910	893	939	1111	1308	1428	1396	1251	1030	933	927	925	929	944	933	925	921
1004	1040	1068	1034	1020	1023	1006	977	978	939	922	906	908	971	1138	1306	1350	1311	1280	1143	947	918	923	946	941	933	925	918
1007	1066	1056	1044	1038	1005	1040	998	957	936	918	905	920	1006	1207	1379	1345	1229	1170	1079	952	905	915	927	927	927	919	916
1022	1046	1049	1059	1060	1021	969	947	932	924	914	913	940	1022	1245	1421	1329	1202	1146	1075	977	915	908	919	920	922	920	923
1005	1022	1004	1027	1065	1054	946	926	935	925	917	923	956	1042	1216	1347	1245	1159	1117	1078	1002	935	909	916	917	922	924	923
973	977	967	970	1046	1054	984	925	935	921	915	940	1001	1075	1182	1273	1182	1133	1091	1070	1025	949	908	912	921	922	920	919
914	959	943	915	994	1052	989	936	937	911	915	927	1008	1090	1178	1258	1171	1112	1074	1072	1040	970	928	924	920	921	919	919
1026	996	910	943	951	930	970	931	918	907	913	937	1035	1097	1212	1251	1164	1101	1069	1076	1043	994	999	969	929	923	927	922
946	980	982	969	940	920	926	943	972	1003	1042	1063	1081	1102	1116	1110	1098	1034	945	924	1033	1145	1037	1014	946	919	922	945
941	977	924	945	972	923	929	944	979	1019	1053	1080	1096	1114	1123	1124	1102	1020	936	934	1112	1106	1024	1002	935	910	913	942
995	1014	959	921	981	950	921	944	991	1042	1074	1097	1114	1125	1133	1126	1091	1004	924	977	1138	1039	1028	993	926	912	915	921
1040	1055	1043	992	999	976	926	942	1007	1055	1089	1116	1128	1131	1136	1125	1078	990	920	1015	1073	1004	1030	978	922	914	923	929
1016	1011	1012	1026	1033	803	907	955	1004	1053	1088	1120	1138	1132	1136	1107	1046	958	928	981	1004	1029	1035	955	920	914	919	925
1021	955	978	1016	1004	763	924	965	996	1046	1083	1113	1128	1139	1130	1091	1019	946	928	932	994	1044	1025	938	916	911	915	921
1026	903	971	1053	957	946	983	967	983	1032	1071	1098	1123	1128	1106	1053	982	939	926	949	1020	1048	999	926	911	912	916	929
1038	965	1039	1020	952	1026	990	972	955	1005	1043	1071	1101	1089	1059	996	946	929	926	981	1036	1055	965	918	911	910	918	934
1000	1068	1061	1038	1057	1013	979	942	937	965	1009	1044	1060	1043	1003	954	934	922	926	981	1045	1043	932	916	916	913	922	927
949	1047	1084	1072	1038	1012	1014	975	939	941	977	1012	1014	995	955	936	931	922	938	991	1066	1004	912	917	918	918	927	937
939	1029	1023	1032	1030	988	1010	983	953	924	939	964	967	947	935	935	924	919	947	1019	1060	951	917	922	913	924	938	946
960	989	982	1019	979	909	901	960	975	924	924	930	929	930	937	930	919	925	978	1058	1006	921	921	920	912	936	929	956
1032	1039	974	891	826	863	902	960	973	946	930	932	928	938	933	921	916	948	1023	1046	946	917	921	920	926	926	919	975
1092	868	447	562	752	899	979	961	1004	976	921	930	929	935	925	916	933	996	1040	984	924	925	924	923	920	915	937	979
1062	407	170	705	827	917	1038	1026	1021	943	928	927	930	925	921	927	970	1022	1002	931	923	936	931	917	918	917	932	971
1051	407	407	830	973	994	1057	1063	967	925	929	923	928	927	935	963	1008	1007	955	920	921	932	922	921	918	914	922	972
1088	912	884	1001	1033	1043	1045	1042	961	926	928	927	927	932	958	995	1001	980	939	919	924	923	917	918	918	919	923	965
1055	1043	1053	1049	1039	1034	1046	1033	954	947	925	924	921	920	951	985	993	967	927	915	915	913	922	925	922	920	913	950
1011	989	1019	1007	1020	980	1018	991	964	964	923	916	904	923	969	984	984	950	917	910	912	921	924	918	914	917	918	953
940	875	966	901	950	972	980	974	964	931	923	935	1023	1214	1312	1165	1036	955	920	914	921	925	919	922	929	937	923	962
1009	1002	1019	989	945	999	995	967	955	917	954	1072	1272	1448	1456	1341	1177	1015	924	912	924	924	924	933	938	929	920	965
1003	968	1011	1007	1028	1021	1014	997	959	931	966	1079	1225	1338	1340	1247	1140	1029	936	903	919	919	921	928	925	921	925	971
1021	889	973	977	1038	1025	1018	989	962	948	983	1085	1226	1344	1329	1216	1128	1044	960	912	918	919	917	919	920	923	928	967
1016	1044	1005	1005	1025	985	964	941	938	974	1013	1097	1225	1315	1299	1182	1112	1064	995	932	914	919	920	920	919	920	927	968
955	1022	1071	1033	1012	963	930	931	934	972	1046	1103	1197	1249	1234	1140	1090	1070	1023	952	918	919	923	922	916	919	924	965
977	946	1017	1012	998	965	938	928	948	971	1042	1122	1187	1213	1192	1119	1077	1071	1044	976	925	914	923	915	919	914	920	958
977	945	969	987	986	964	941	935	956	992	1049	1125	1197	1222	1176	1101	1068	1074	1054	989	930	917	919	915	920	917	924	959
1004	972	947	981	971	933	932	940	965	1017	1069	1159	1240	1242	1170	1088	1069	1075	1061	1003	936	924	926	921	928	922	930	960
1103	1112	1104	1087	1078	1060	1045	1026	1002	963	941	922	921	934	929	938	936	912	937	979	1028	1040	974	924	924	956	967	845
1075	1099	1061	1039	1051	1020	1004	986	958	933	915	913	927	933	925	942	943	920	942	993	1035	1031	955	921	918	938	968	866
1068	1091	1050	1000	1017	999	967	958	929	915	909	919	929	929	936	941	943	950	954	1016	1067	1026	941	919	916	924	954	960
1055	1079	1066	1030	1013	982	944	934	919	909	914	928	928	928	939	932	939	953	963	1060	1091	1021	932	919	922	925	947	957
1037	1045	1023	1022	1010	803	905	929	914	916	921	926	934	935	931	924	942	935	971	1073	1083	1021	928	915	921	923	948	958
1049	991	984	1036	998	837	915	933	914	916	919	922	929	935	924	924	945	925	952	1034	1081	1022	923	911	912	915	945	959
1022	966	1018	1037	982	975	962	950	916	917	915	915	925	929	924	920	938	941	983	1059	1084	1010	910	911	915	917	950	964
1016	996	1035	925	991	1004	923	939	923	920	915	915	921	919	921	925	925	943	1026	1080	1079	986	910	914	911	919	960	972
983	1040	811	869	1042	1007	958	932	925	922	919	910	913	910	929	928	919	962	1038	1082	1064	952	912	914	913	926	967	968
940	935	737	996	1037	1006	982	966	932	921	917	914	908	921	933	915	933	1007	1069	1082	1025	923	912	917	916	941	976	938
926	968	1037	1053	1041	1039	993	947	959	930	917	919	917	932	922	926	972	1037	1078	1063	963	915	918	917	917	943	976	892
999	1018	1033	1012	1009	1016	985	961	964	940	927	922	934	931	921	944	1002	1058	1066	1006	919	918	920	919	924	945	974	873
1063	980	928	941	920	947	942	961	948	934	934	936	931	927	938	966	1024	1062	1023	941	913	921	920	927	926	961	977	796
1041	895	899	918	884	899	959	970	988	958	932	938	931	936	965	1005	1045	1029	956	917	923	925	922	925	918	966	935	592
1038	848	844	849	855	926	1003	1011	974	931	922	929	951	959	992	1027	1023	968	919	915	923	922	918	917	920	955	903	613
1050	900	804	841	942	1043	1005	986	944	920	933	949	962	976	1007	1013	984	932	913	911	913	918	914	916	918	944	964	700
1086	996	931	993	1041	1007	956	952	959	955	946	944	960	994	1000	981	952	919	910	919	919	915	918	917	914	945	973	794
1091	1055	994	1001	995	959	950	957	957	944	929	939	971	987	964	944	927	911	915	919	914	914	924	919	912	940	962	802
1088	1024	942	951	979	974	952	938	933	930	925	941	968	956	940	926	915	915	913	915	914	918	916	912	921	953	958	732
1060	995	974	991	1002	975	932	942	991	978	983	1050	1069	1022	958	917	912	914	919	917	917	917	911	913	932	956	961	688
1050	1008	991	1000	996	964	955	1026	1121	1237	1354	1411	1311	1131	1002	930	900	909	923	920	913	919	918	921	923	946	980	796
1017	966	956	962	966	969	1027	1133	1229	1345	1440	1430	1304	1143	1027	958	919	909	915	920	921	921	922	927	925	960	959	726
959	940	945	959	965	1004	1057	1116	1187	1218	1295	1330	1245	1121	1047	995	949	919	913	920	922	920	917	921	930	969	934	648
929	973	954	962	986	1000	1022	1059	1110	1151	1209	1253	1214	1121	1067	1039	998	945	920	914	919	918	920	918	927	967	924	638
957	986	985	971	986	1007	1037	1062	1100	1167	1218	1215	1177	1107	1075	1067	1033	967	928	919	916	917	921	916	923	958	947	673
983	981	992	984	1009	1042	1067	1083	1116	1178	1222	1211	1152	1094	1076	1071	1056	985	926	911	918	919	917	916	916	951	954	692
989	981	983	1012	1033	1052	1071	1092	1139	1190	1230	1214	1132	1080	1068	1073	1066	1009	933	913	915	920	915	917	916	954	940	667
1002	1002	1027	1040	1062	1079	1093	1130	1193	1234	1253	1216	1128	1073	1071	1076	1075	1029	948	912	911	918	915	913	924	963	920	630
1122	1125	1124	1122	1122	1124	1126	1128	1125	1120	1111	1090	1031	944	920	929	953	1018	1056	1056	1021	968	957	977	927	731	466	268
1120	1118	1127	1125	1111	1123	1125	1120	1117	1104	1084	1034	957	925	915	920	943	1008	1057	1052	1013	946	942	963	966	876	611	307
1116	1119	1125	1129	1119	1120	1119	1110	1099	1071	1031	962	935	920	917	917	945	1007	1043	1048	1003	930	924	949	966	937	781	444
1104	1115	1113	1113	1110	1104	1098	1085	1062	1020	967	938	927	920	918	917	943	995	1024	1047	1000	925	920	947	961	943	809	474
1096	1097	1113	1099	1083	1091	1059	1034	1001	958	937	928	923	920	909	920	946	990	1048	1058	1003	926	919	934	958	955	810	480
1063	1067	1092	1096	1062	1046	1019	987	943	926	922	926	918	914	910	918	941	1006	1075	1066	1001	927	916	925	951	959	826	487
992	1025	1034	1061	1018	1003	967	951	934	923	922	921	917	917	915	918	960	1037	1080	1059	995	918	915	930	955	956	833	492
950	970	993	973	958	965	936	948	930	922	926	923	918	919	919	944	996	1065	1082	1049	972	914	918	944	957	934	824	502
932	954	935	898	932	927	937	943	926	927	923	920	918	919	926	961	1033	1076	1070	1024	947	908	922	952	959	887	751	477
938	970	912	912	925	922	932	928	924	924	922	915	917	918	942	998	1062	1074	1045	986	923	912	926	955	961	852	634	387
974	945	936	939	934	925	934	937	926	926	918	915	921	946	992	1042	1075	1055	1011	944	917	918	926	960	963	856	598	338
956	951	960	962	960	944	944	950	931	928	919	920	948	995	1039	1067	1066	1020	960	916	913	910	924	969	952	837	596	334
942	959	952	957	980	964	946	943	934	923	921	943	988	1030	1066	1074	1027	966	923	910	913	916	927	968	952	766	521	309
931	909	940	950	988	972	944	937	923	918	942	975	1026	1060	1078	1052	971	927	912	918	921	923	922	959	976	777	429	290
945	928	967	969	982	963	938	924	925	943	986	1022	1057	1080	1065	993	924	913	920	918	916	923	924	947	983	817	362	271
959	963	991	967	961	948	929	927	955	996	1022	1042	1069	1071	1016	939	912	915	912	910	915	923	933	951	963	788	448	252
1010	1006	970	956	948	939	947	982	1019	1020	1022	1051	1074	1036	952	915	913	914	913	915	915	918	932	954	955	825	553	297
1070	1062	978	926	932	965	1005	1020	1016	1014	1036	1064	1039	965	914	907	912	912	916	917	912	913	928	951	959	835	550	301
1072	1023	946	954	999	1014	1007	1007	1022	1043	1049	1034	969	921	911	909	916	914	913	914	914	916	924	956	972	812	479	247
975	969	1004	1026	996	966	994	1032	1092	1083	1034	971	917	905	916	916	919	915	920	917	910	913	928	961	971	813	470	244
1014	1026	1005	986	972	975	1023	1120	1166	1107	1001	921	897	901	910	914	911	916	914	914	913	917	931	960	967	824	551	313
992	955	940	956	986	1050	1176	1256	1230	1166	1078	986	924	911	915	914	913	916	912	915	921	926	947	974	924	695	414	260
935	941	947	976	1119	1289	1389	1423	1408	1338	1242	1028	939	919	918	916	911	918	918	920	914	926	946	971	912	653	354	234
959	960	981	1188	1393	1455	1454	1443	1437	1339	1190	1023	981	955	942	924	909	924	926	914	910	922	939	967	921	677	378	272
997	1020	1253	1484	1477	1378	1360	1386	1292	1192	1117	1049	1025	1001	981	945	917	920	921	913	912	919	932	965	948	733	417	268
1053	1332	1483	1433	1383	1338	1309	1298	1223	1165	1099	1064	1052	1035	1010	971	928	912	912	916	919	921	925	955	964	778	440	263
1366	1472	1363	1311	1336	1317	1260	1240	1214	1138	1087	1068	1066	1060	1033	987	942	916	916	916	917	918	919	948	970	758	389	245
1465	1312	1246	1262	1288	1285	1231	1231	1211	1133	1086	1072	1073	1071	1055	1010	952	911	913	919	921	917	916	948	959	691	343	250
1122	1125	1128	1122	1117	1113	1108	1106	1106	1090	1061	1035	1011	1001	1019	1045	1054	1042	1012	985	949	873	703	455	272	226	132	72
1121	1124	1128	1127	1119	1113	1106	1100	1085	1065	1039	1001	973	974	1004	1036	1053	1036	1002	981	961	915	800	606	428	313	140	70
1124	1126	1125	1133	1118	1119	1105	1093	1074	1054	1009	963	945	958	1000	1034	1050	1029	999	975	958	948	892	745	577	412	153	51
1123	1126	1127	1129	1122	1115	1100	1087	1065	1025	964	936	940	960	998	1030	1044	1025	995	964	951	964	937	819	652	452	162	49
1122	1127	1132	1125	1124	1109	1095	1071	1024	963	932	932	943	962	999	1024	1037	1023	989	955	948	963	952	857	700	477	166	51
1126	1124	1126	1118	1114	1100	1077	1019	954	925	923	931	940	962	1001	1030	1024	1012	993	951	939	954	951	860	701	484	180	52
1114	1115	1113	1102	1090	1071	1013	940	926	922	923	926	940	967	1008	1040	1023	1007	985	941	938	955	944	840	658	461	180	54
1064	1067	1061	1047	1019	970	932	924	921	922	928	934	949	983	1030	1054	1021	996	967	932	938	964	939	769	548	417	179	53
948	951	950	944	935	921	922	942	925	921	929	945	975	1014	1052	1056	1010	973	943	923	940	967	926	733	481	348	162	56
918	919	927	924	926	920	918	927	930	925	939	968	1001	1041	1066	1045	994	949	923	917	942	969	902	719	488	321	155	68
939	921	918	917	925	924	919	933	935	939	964	995	1038	1071	1063	1032	971	922	914	921	945	974	908	666	490	353	167	77
961	930	917	917	926	929	945	944	941	958	995	1031	1070	1079	1053	1012	941	908	916	927	945	972	938	655	417	340	177	75
952	966	931	932	930	927	951	944	962	991	1025	1061	1081	1071	1045	975	920	911	924	930	945	970	958	718	405	309	185	85
929	962	944	931	932	942	949	964	997	1027	1061	1077	1077	1056	1007	935	917	921	924	935	955	975	969	807	485	310	192	89
920	934	948	931	942	957	975	1005	1038	1063	1079	1076	1065	1023	947	911	919	926	930	947	962	971	938	813	572	319	182	91
930	932	944	943	956	982	1014	1043	1066	1076	1073	1067	1027	957	915	915	922	923	939	955	964	951	861	700	440	286	169	89
940	948	958	970	993	1019	1052	1071	1078	1078	1072	1036	966	920	915	919	923	929	942	954	962	942	844	673	409	287	174	83
973	980	991	1010	1036	1054	1067	1076	1079	1073	1036	975	923	915	916	919	920	928	936	949	961	944	853	690	424	285	171	83
1013	1010	1024	1044	1054	1058	1074	1078	1065	1031	975	923	911	916	917	916	919	921	926	939	952	960	887	718	425	274	168	90
1033	1047	1057	1052	1057	1074	1087	1064	1023	969	926	915	914	919	922	916	920	921	924	938	951	971	923	758	461	290	185	97
1057	1050	1057	1063	1071	1077	1060	1004	946	919	913	918	916	917	917	916	912	918	925	944	967	962	889	696	428	308	197	93
1055	1049	1056	1071	1068	1035	977	932	910	910	902	911	916	918	916	912	910	924	936	962	970	912	762	509	282	256	194	100
1066	1065	1066	1057	1020	975	960	953	948	922	898	909	918	915	914	919	919	939	948	967	961	911	770	501	260	246	203	103
1071	1064	1045	1019	1014	1092	1154	1152	1070	943	913	916	914	913	918	919	924	940	946	961	960	928	814	549	292	267	218	107
1058	1028	1012	1095	1182	1184	1245	1239	1032	932	929	928	917	911	913	918	927	938	942	953	962	951	871	643	354	276	215	109
1008	1004	1131	1250	1240	1142	1090	1059	971	948	940	943	933	910	911	918	925	926	934	948	961	969	931	747	435	292	212	110
1013	1162	1268	1196	1123	1069	1020	1011	980	968	963	953	944	930	912	910	918	921	924	931	942	966	978	834	472	272	214	116
1169	1235	1141	1065	1048	1035	1009	1012	993	996	992	975	960	946	928	911	907	914	916	919	923	945	991	857	427	256	218	123
1058	1054	1052	1051	1050	1078	1132	1181	1154	1083	1044	1044	1042	1018	995	951	885	780	641	467	281	115	12	88	238	91	53	63
1050	1044	1042	1037	1043	1082	1084	1051	1028	1035	1045	1052	1051	1032	1008	989	941	848	725	570	380	190	51	89	230	84	55	63
1043	1040	1033	1031	1033	1029	1027	1030	1023	1026	1038	1054	1051	1043	1019	1004	963	901	797	661	488	305	136	117	229	78	52	64
1042	1037	1028	1024	1024	1022	1019	1021	1026	1024	1037	1049	1049	1051	1037	1004	968	938	858	734	580	416	223	150	237	76	47	61
1036	1027	1020	1010	1007	997	999	1004	1015	1033	1044	1049	1060	1051	1046	993	969	952	894	789	649	492	288	178	240	71	45	63
1022	1011	1006	992	985	978	981	993	1014	1031	1046	1055	1060	1054	1031	990	964	951	912	823	681	521	321	192	242	75	50	64
995	989	978	970	963	966	974	992	1012	1030	1045	1056	1059	1054	1023	983	961	952	924	841	713	523	305	194	244	79	51	63
971	962	958	956	953	960	977	995	1010	1035	1048	1059	1059	1049	1013	975	956	952	930	855	721	534	268	160	253	84	52	63
949	950	955	952	955	966	978	992	1017	1038	1056	1064	1061	1038	1000	969	952	949	933	869	733	514	232	154	267	93	53	66
952	950	955	958	966	978	993	1008	1032	1052	1066	1072	1058	1025	988	958	951	951	939	885	750	496	195	172	282	100	53	67
959	961	964	973	985	997	1010	1028	1048	1068	1073	1069	1040	1010	973	950	953	958	943	891	771	526	193	170	293	103	53	65
975	976	982	987	1000	1017	1033	1050	1068	1078	1073	1054	1025	990	961	952	959	957	941	894	781	558	230	152	296	108	53	66
1013	997	999	1008	1023	1038	1055	1073	1079	1078	1063	1035	1011	979	955	958	961	954	938	882	761	568	278	152	287	112	53	67
1011	1012	1018	1029	1042	1061	1076	1079	1076	1071	1052	1023	991	962	951	963	963	953	920	844	720	543	296	150	267	111	52	65
1028	1036	1040	1050	1064	1078	1084	1081	1069	1054	1027	1012	976	952	953	962	955	934	874	758	624	432	216	130	243	105	57	68
1053	1059	1065	1072	1078	1086	1085	1075	1055	1036	1009	988	961	956	957	953	936	894	808	660	510	304	108	88	233	106	56	63
1077	1073	1083	1089	1088	1090	1080	1064	1041	1014	994	969	957	958	954	948	923	877	786	620	490	290	102	83	231	106	53	62
1088	1087	1094	1096	1091	1082	1068	1047	1020	986	961	961	965	964	957	949	923	878	795	640	519	318	111	88	235	105	52	63
1089	1090	1092	1090	1083	1070	1044	1016	982	955	954	963	970	965	956	948	936	908	848	722	606	401	156	94	240	111	55	66
1080	1086	1086	1085	1071	1047	1011	974	954	951	960	957	957	960	958	956	954	938	896	814	686	483	203	115	244	120	57	68
1073	1078	1075	1064	1040	1004	980	960	953	953	950	946	946	949	952	954	959	948	904	808	633	393	161	124	262	120	55	67
1062	1068	1059	1031	998	967	962	958	955	949	941	945	945	944	956	962	948	896	787	615	409	218	89	106	286	133	55	65
1043	1046	1031	992	966	956	962	953	953	951	945	951	955	954	953	928	877	797	689	549	377	222	108	96	279	135	54	67
1021	1015	990	967	954	954	948	941	944	951	954	960	956	943	925	903	867	806	718	588	428	268	119	84	281	134	52	65
986	975	960	951	946	948	944	943	953	956	953	950	944	936	924	917	891	842	766	661	519	341	160	89	271	141	56	63
930	937	933	935	939	947	952	957	949	946	945	942	944	940	939	933	917	883	830	753	625	452	246	127	275	146	52	62
878	888	893	896	905	915	935	952	947	946	939	942	942	940	947	952	942	927	902	865	780	625	369	157	276	152	55	61
762	765	797	849	895	921	941	949	949	948	943	943	940	948	953	962	958	956	956	943	913	820	569	227	284	165	57	62
1050	1044	1029	1008	978	945	879	817	742	674	606	538	480	407	332	240	158	83	35	20	16	28	51	280	102	62	65	68
1054	1046	1035	1023	999	976	927	881	834	769	711	658	600	527	435	333	229	134	65	22	10	17	53	283	100	61	65	69
1049	1050	1039	1034	1028	1002	978	942	899	854	804	749	682	606	508	410	302	191	99	40	10	11	45	283	102	60	64	69
1051	1050	1042	1044	1039	1028	1007	984	956	915	871	814	747	672	583	481	364	255	138	63	28	13	32	282	103	59	63	68
1055	1048	1051	1049	1039	1042	1032	1009	989	959	913	856	793	719	636	542	424	299	181	85	33	8	36	279	100	56	63	67
1055	1055	1062	1050	1048	1049	1045	1031	1005	982	936	884	821	753	674	585	476	334	203	120	42	12	41	273	104	58	65	68
1056	1058	1060	1057	1054	1057	1052	1038	1012	986	950	895	836	774	700	615	507	371	221	129	55	16	32	283	106	58	67	68
1059	1060	1061	1061	1059	1055	1048	1031	1012	984	949	898	841	784	711	630	524	391	242	131	61	12	32	288	106	59	68	69
1062	1058	1059	1063	1057	1046	1039	1028	1005	971	938	889	840	783	714	635	529	400	255	136	74	14	56	302	106	56	67	68
1061	1057	1057	1058	1049	1044	1035	1017	991	960	926	880	830	774	710	632	532	404	263	139	85	37	75	322	111	57	65	66
1057	1055	1051	1056	1044	1036	1021	1001	978	948	908	863	816	767	700	622	521	402	268	139	69	45	76	318	115	54	68	67
1044	1043	1043	1042	1026	1021	1005	986	961	931	891	843	806	748	681	606	507	386	255	136	43	21	49	294	113	58	67	69
1023	1022	1025	1016	1006	993	979	961	932	909	864	822	787	723	649	576	466	351	230	122	27	0	23	279	116	57	68	69
998	997	991	985	973	965	942	918	890	869	826	793	740	678	600	512	406	294	183	82	11	0	5	271	116	55	69	68
953	963	947	942	929	915	897	869	844	814	773	730	677	616	532	431	326	225	122	36	0	0	10	267	117	60	67	71
893	894	890	881	872	858	833	804	768	733	698	657	610	538	450	351	250	162	74	13	0	0	19	265	118	56	66	70
806	813	813	809	798	783	756	720	680	650	639	605	551	482	398	309	222	137	63	10	0	0	24	264	116	55	65	68
686	701	709	715	712	705	693	672	628	598	600	569	523	464	381	304	225	141	70	11	0	0	23	267	113	56	66	66
573	609	634	642	651	645	651	648	619	598	605	588	557	508	427	356	280	196	111	39	3	0	16	267	119	56	67	69
518	558	584	596	606	624	649	666	668	666	673	668	651	609	530	466	382	280	183	90	22	0	11	268	123	56	69	71
471	510	532	569	598	636	670	700	713	730	735	726	711	671	612	535	431	303	181	86	28	10	24	269	122	54	72	71
421	452	487	543	600	647	687	720	746	771	759	741	708	668	590	467	326	186	82	28	22	38	40	269	125	59	68	68
357	408	462	527	602	651	693	728	749	759	740	712	647	532	386	254	154	79	39	21	31	41	37	267	135	55	71	67
310	376	441	513	578	630	677	702	707	681	622	524	420	322	266	210	162	107	66	36	31	33	25	268	140	52	68	68
263	328	400	471	526	587	620	599	530	461	413	380	360	330	298	249	196	137	82	59	43	24	18	263	145	53	68	70
217	270	329	391	435	445	404	361	354	374	388	388	380	364	333	293	241	185	135	83	36	23	23	260	148	48	66	67
133	172	209	223	229	247	282	323	364	394	417	439	439	427	397	363	322	272	214	147	90	41	15	266	162	49	66	66
57	73	91	127	185	245	297	349	408	457	487	505	511	511	502	482	462	434	382	308	208	117	60	279	175	49	68	69
396	349	300	247	186	139	89	50	23	7	0	0	0	0	0	13	29	36	42	33	62	69	100	235	59	71	75	75
436	400	351	299	243	190	140	98	64	35	19	3	0	0	0	0	13	22	35	40	66	60	102	239	59	70	75	73
469	440	404	353	307	246	192	149	110	73	47	29	7	0	0	0	0	13	24	50	64	58	108	238	61	72	74	72
486	465	435	401	354	297	242	195	155	119	84	55	27	6	0	0	0	1	14	56	63	60	109	238	58	71	73	71
498	483	467	432	383	338	295	239	201	155	121	81	43	20	0	0	0	0	6	60	60	55	110	243	58	65	70	75
504	498	488	454	410	368	328	284	235	188	145	103	62	32	8	0	0	0	0	56	59	52	109	243	56	68	72	76
499	500	490	460	430	389	348	308	261	209	161	119	78	40	13	0	0	0	0	48	65	54	109	245	57	69	73	76
488	489	472	451	422	390	352	314	269	216	172	126	84	47	18	0	0	0	0	34	69	60	115	248	57	71	73	76
464	459	448	432	401	371	338	305	261	207	165	125	83	45	15	0	0	0	0	18	63	70	121	252	56	69	72	76
425	419	414	395	369	345	315	282	241	195	157	117	77	41	13	0	0	0	0	7	36	63	122	253	57	69	73	74
375	371	365	353	330	310	285	252	218	180	145	104	71	38	11	0	0	0	0	3	15	38	100	253	60	72	73	74
322	317	311	301	285	272	244	223	191	161	126	91	59	27	8	0	0	0	0	2	11	32	90	253	63	72	72	77
266	264	259	248	236	221	202	183	161	135	102	72	45	17	0	0	0	0	0	5	14	30	98	253	65	70	68	78
204	209	201	193	179	172	159	143	124	100	72	50	27	5	0	0	0	0	0	7	12	31	100	251	64	69	71	76
144	153	150	141	136	124	115	99	83	62	42	26	9	0	0	0	0	0	9	13	15	29	106	248	62	71	73	76
94	95	98	90	85	74	65	56	42	29	19	8	0	0	0	0	0	5	12	19	16	28	106	247	64	72	72	77
38	42	44	44	42	41	34	28	18	10	4	0	0	0	0	0	0	5	12	18	15	25	102	247	64	70	71	75
5	10	15	19	18	18	18	14	7	1	0	0	0	0	0	0	0	4	12	15	13	29	98	249	61	68	72	75
0	1	3	4	8	5	6	2	0	1	0	0	0	0	0	0	0	0	6	14	11	27	97	255	61	68	71	76
0	0	0	0	3	4	6	9	13	12	15	18	7	0	0	0	0	0	1	11	13	23	99	258	63	67	71	77
0	0	0	0	2	6	10	19	27	30	33	39	31	11	0	0	0	0	4	10	15	22	97	255	65	68	73	74
0	0	0	0	2	8	19	31	40	51	48	39	32	13	4	0	3	15	24	22	17	24	95	258	61	70	74	74
0	0	2	3	6	11	21	29	40	43	36	25	8	6	8	15	24	26	28	26	19	23	93	261	63	68	71	75
6	1	2	4	3	7	17	28	30	22	8	0	0	3	14	20	18	27	28	24	18	21	88	265	66	68	70	74
5	3	4	3	3	9	15	14	12	6	5	11	14	25	34	31	28	25	25	23	17	20	80	268	65	68	71	76
12	13	15	13	7	5	5	7	17	18	19	24	28	29	25	20	14	16	12	11	13	17	72	265	68	65	70	73
19	12	6	1	4	13	17	14	10	6	14	21	24	30	28	24	19	17	16	20	25	24	76	267	70	66	68	72
17	11	17	26	26	22	19	17	19	30	43	48	49	50	52	50	47	46	34	30	28	31	77	270	75	67	71	74
