24	26	25	24	27	27	27	26	25	26	26	27	27	27	26	26	24	24	25	24	26	25	24	24	26	23	24	25
26	24	23	23	26	23	25	26	26	28	29	27	28	28	27	29	26	25	23	24	25	25	24	22	26	25	26	24
25	25	35	67	68	64	58	39	26	25	26	26	30	31	28	30	27	24	23	25	25	23	24	24	24	24	23	23
49	18	58	50	25	32	44	62	66	49	35	28	28	23	22	22	22	18	20	24	23	21	24	23	22	23	24	23
78	68	48	65	28	44	55	40	30	51	95	135	147	129	108	77	40	11	3	7	17	24	25	25	24	21	25	22
73	179	148	63	49	30	5	60	254	515	693	792	849	862	839	787	693	562	369	176	30	0	8	19	23	25	22	22
31	47	77	67	71	155	373	641	846	934	961	959	954	950	951	959	971	981	988	932	722	421	151	8	6	23	24	22
751	775	787	788	817	879	930	941	936	923	917	915	912	916	917	913	909	906	919	923	960	985	905	583	172	1	16	24
945	939	940	943	941	932	917	907	910	913	914	918	915	917	917	914	915	918	915	913	909	909	925	978	913	453	43	9
919	920	923	922	924	923	919	917	925	928	923	924	922	921	925	929	929	920	918	915	914	913	913	914	935	991	667	92
920	917	924	930	928	918	920	925	934	935	926	922	931	929	933	930	918	921	931	928	926	923	923	920	915	917	976	744
923	917	912	915	923	955	1003	976	970	946	921	927	922	919	925	924	924	922	917	920	927	942	924	925	921	917	914	952
911	916	966	1059	1021	1079	1169	1139	1154	1308	1256	1132	1062	1002	949	915	919	917	923	923	918	930	925	918	933	923	913	910
992	1005	1070	1294	1104	1172	1117	1076	1076	1197	1372	1335	1333	1399	1379	1110	980	938	920	918	925	923	928	925	931	927	920	918
1237	1240	1182	1123	1036	1058	1067	1009	918	851	773	689	636	750	992	994	1035	1084	1011	953	935	924	919	921	926	920	927	930
1127	1115	1119	1055	1037	995	957	945	932	927	859	717	484	336	197	213	332	588	1019	1069	986	924	920	921	920	931	924	943
1068	1080	1088	1102	1093	1083	1070	1041	1010	1027	1037	1018	847	516	266	191	130	49	303	944	1156	1082	935	913	918	938	918	949
1085	1094	1103	1106	1101	1096	1101	1087	1077	1085	1096	1097	1093	926	499	185	101	79	67	185	940	1288	1157	949	917	921	923	941
1094	1104	1105	1108	1100	1098	1089	1092	1096	1095	1096	1097	1097	1109	849	278	66	87	126	90	176	882	1239	1093	947	923	926	935
1101	1108	1106	1108	1099	1093	1088	1101	1103	1094	1098	1095	1097	1107	1039	411	70	115	136	174	124	190	701	1113	1015	947	929	929
1102	1114	1109	1107	1098	1090	1096	1106	1102	1099	1100	1099	1102	1098	1100	643	126	153	153	146	142	169	167	767	1042	982	944	926
1089	1103	1107	1103	1095	1089	1100	1105	1102	1102	1099	1105	1101	1098	1119	826	217	111	141	173	154	155	160	357	1030	1028	980	944
1093	1102	1106	1092	1091	1093	1103	1105	1104	1105	1103	1108	1105	1104	1118	926	286	131	149	232	219	157	160	152	867	1136	1019	967
1100	1109	1104	1098	1096	1098	1102	1107	1107	1107	1105	1104	1105	1107	1117	971	327	186	258	402	304	174	149	96	616	1283	1094	1014
1103	1108	1105	1104	1103	1104	1105	1105	1105	1107	1108	1106	1106	1108	1115	946	310	266	317	386	281	218	150	101	381	1256	1167	1051
1102	1111	1108	1106	1107	1105	1109	1106	1107	1110	1107	1108	1106	1108	1121	869	282	261	359	435	253	162	119	145	195	1071	1195	1060
1110	1110	1113	1107	1105	1105	1103	1104	1107	1105	1108	1110	1109	1104	1113	791	342	280	421	294	186	133	122	143	137	857	1144	1073
1115	1103	1106	1104	1105	1102	1106	1101	1107	1108	1107	1106	1106	1101	1082	690	291	250	304	191	163	139	139	151	158	764	1046	1064
23	24	24	23	24	24	23	24	25	25	25	23	23	26	27	26	25	23	24	24	25	24	24	25	25	23	26	25
23	23	22	28	28	23	22	24	25	26	25	24	24	25	27	28	27	24	22	25	26	26	26	23	26	25	26	25
24	24	53	68	66	67	59	34	24	24	25	23	23	27	25	26	29	26	23	26	25	26	24	23	26	25	24	24
27	19	70	26	22	28	40	65	57	37	31	28	27	28	27	26	25	23	22	25	24	25	25	24	25	25	24	26
84	68	67	40	25	37	44	47	63	75	71	64	66	65	58	52	49	42	33	23	23	22	25	24	26	25	23	25
92	194	87	25	39	49	47	36	23	31	78	142	211	264	272	253	212	157	103	57	18	7	10	20	21	21	20	18
10	21	27	34	34	22	20	61	173	312	435	541	635	705	747	777	781	755	700	599	430	232	68	1	7	15	15	17
713	739	759	765	749	718	702	720	777	840	884	914	931	947	954	957	960	965	975	976	973	926	762	391	70	0	14	20
943	936	937	938	941	943	943	940	944	932	927	932	929	936	944	947	950	950	944	944	943	956	984	994	776	289	16	15
919	917	917	917	921	917	918	915	919	918	916	912	913	912	913	915	917	920	930	929	929	926	935	943	985	960	487	41
921	918	918	921	922	920	921	920	918	921	920	921	924	915	918	917	918	914	915	925	930	926	930	928	929	962	989	579
920	920	920	922	917	924	940	941	940	919	908	911	915	913	923	919	916	916	918	915	919	930	926	928	929	933	943	973
920	930	977	1019	1059	1019	1040	1119	1052	992	993	973	942	926	923	915	913	913	918	919	922	924	923	924	927	926	927	943
919	943	969	1078	1148	1077	1102	1269	1220	1074	1053	1059	1055	1046	1008	1008	980	937	914	919	929	930	925	922	922	923	923	930
1151	1152	1202	1057	1098	1058	1063	1156	1290	1170	955	935	941	947	936	949	996	1026	1014	955	914	930	930	924	923	925	922	937
1081	1092	1093	1053	1061	1036	1021	1019	971	984	983	983	943	901	837	796	798	932	1122	1142	1072	939	928	925	919	920	930	945
1050	1091	1105	1111	1104	1100	1088	1081	1058	1066	1071	1073	1056	972	869	794	743	613	792	1160	1249	1189	972	924	920	918	917	932
1101	1108	1108	1110	1107	1104	1095	1092	1095	1097	1101	1097	1098	1092	1002	775	528	428	379	540	917	1118	1128	951	924	919	916	926
1112	1114	1109	1109	1109	1098	1092	1090	1097	1097	1097	1095	1095	1098	1104	861	433	191	226	351	292	340	899	1050	950	931	928	921
1114	1112	1110	1112	1108	1093	1091	1096	1101	1100	1097	1098	1097	1097	1110	997	493	152	158	286	303	206	267	992	1096	988	941	927
1103	1110	1110	1110	1102	1092	1098	1101	1106	1105	1104	1107	1106	1097	1103	1064	627	294	257	390	377	282	159	521	1234	1119	980	935
1119	1113	1115	1113	1100	1094	1100	1104	1105	1106	1109	1110	1101	1098	1097	1068	764	467	495	676	689	419	265	192	1002	1261	1071	960
1120	1117	1116	1106	1095	1095	1099	1106	1107	1107	1104	1104	1104	1093	1091	1048	840	627	659	819	836	647	490	334	611	1258	1113	1009
1113	1115	1109	1096	1096	1097	1098	1106	1109	1108	1105	1104	1099	1095	1094	1038	881	659	599	759	909	785	610	352	285	1079	1113	1052
1098	1108	1105	1099	1098	1105	1101	1108	1107	1105	1108	1111	1104	1094	1097	1004	760	663	662	866	912	792	563	248	94	827	1087	1041
1091	1106	1103	1100	1103	1109	1105	1111	1108	1108	1109	1104	1100	1093	1108	834	655	839	887	933	873	737	501	237	81	650	1032	1017
1089	1100	1099	1102	1108	1112	1108	1110	1107	1109	1106	1109	1099	1094	1081	646	734	898	860	852	797	665	432	204	101	600	1002	1018
1098	1092	1111	1113	1112	1105	1108	1107	1108	1106	1106	1103	1100	1111	944	495	604	683	730	749	737	615	403	218	147	553	1046	1032
24	25	24	23	22	24	25	25	24	26	27	25	28	26	25	27	26	26	25	23	25	25	24	23	24	23	23	24
24	22	25	34	30	24	22	27	26	27	27	26	26	27	26	27	27	27	23	25	23	25	25	24	22	23	24	23
23	30	67	63	65	70	54	25	25	26	27	27	25	27	27	27	28	27	24	25	23	25	25	22	22	24	23	24
16	38	61	19	23	29	55	69	43	28	26	29	28	30	28	25	24	23	24	27	25	24	25	22	22	23	21	23
94	72	68	24	27	26	26	41	67	76	73	72	70	72	70	71	72	63	38	25	23	22	23	22	21	22	22	21
128	168	46	22	26	31	38	40	41	42	38	31	25	20	19	17	19	31	56	60	45	27	16	21	21	21	19	23
0	0	3	7	4	0	0	0	0	0	0	8	28	56	84	104	109	98	78	65	62	55	43	25	16	16	19	21
677	701	719	721	712	677	621	543	455	394	361	338	323	338	375	416	456	475	467	429	367	285	186	93	32	13	12	16
950	953	945	945	947	949	961	975	982	983	978	962	921	865	803	755	745	756	770	765	733	698	624	477	253	77	22	18
919	922	922	923	925	922	920	922	919	917	922	923	932	948	965	965	935	898	879	875	873	849	822	773	673	414	124	34
923	923	919	924	925	923	918	925	927	925	927	926	922	919	924	930	944	962	952	927	919	914	898	865	820	739	485	149
922	924	927	941	934	933	958	965	955	932	923	919	924	924	926	921	923	928	935	947	946	928	928	917	895	851	752	462
931	948	1012	1031	1023	1073	1056	1036	1021	1025	1016	984	949	929	923	921	919	918	920	924	933	936	928	932	924	891	841	705
971	974	1062	1001	1142	1262	1103	1087	1352	1167	1060	1026	1031	1027	1016	1001	980	950	911	913	912	915	928	931	923	916	874	799
1034	959	1191	1030	1065	1147	1100	1075	1494	1467	1276	1052	966	969	988	1054	1161	1115	1066	950	907	912	911	928	937	916	900	844
944	946	986	1001	1022	1021	990	1006	1001	1059	1033	997	959	929	926	947	1117	1186	1152	1195	1070	951	924	909	933	941	892	865
967	1030	1070	1091	1088	1079	1045	1021	1053	1061	1071	1088	1072	1002	941	932	928	1005	1085	1000	1103	1097	1002	937	914	943	935	850
1037	1069	1083	1092	1097	1094	1096	1094	1088	1088	1089	1091	1091	1080	997	944	944	923	885	526	367	808	1123	1066	959	920	955	905
1085	1087	1088	1096	1099	1093	1091	1084	1085	1089	1093	1089	1089	1086	1075	981	936	829	827	521	161	137	766	1264	1142	964	924	963
1082	1088	1090	1098	1097	1090	1081	1083	1087	1096	1098	1099	1095	1087	1089	1023	938	808	755	720	408	235	165	973	1308	1107	940	932
1062	1096	1096	1095	1098	1090	1079	1082	1092	1104	1103	1101	1092	1086	1084	1033	973	762	576	708	674	691	390	346	1104	1223	990	933
1111	1096	1097	1098	1098	1084	1080	1086	1095	1101	1103	1100	1092	1081	1081	1054	964	573	387	335	592	940	785	404	540	1143	1023	951
1111	1107	1100	1098	1091	1081	1082	1087	1095	1097	1096	1095	1094	1084	1084	1067	911	667	566	556	865	981	947	764	372	882	1020	974
1107	1104	1101	1094	1085	1082	1085	1091	1094	1096	1096	1096	1091	1084	1086	1072	616	102	81	504	998	959	965	920	512	677	1018	996
1105	1104	1102	1090	1084	1085	1086	1091	1099	1099	1098	1097	1091	1084	1076	1020	475	45	10	563	991	949	966	892	433	502	1023	996
1099	1099	1095	1090	1084	1086	1089	1095	1104	1101	1097	1091	1087	1085	1068	964	605	247	513	946	947	947	962	878	426	358	1033	1016
1101	1100	1097	1086	1089	1094	1098	1100	1097	1100	1093	1090	1084	1087	1024	933	957	899	1003	947	943	954	961	832	397	261	1055	1083
1099	1096	1095	1089	1088	1094	1096	1097	1099	1096	1090	1089	1087	1086	881	906	1034	1013	960	942	943	953	936	772	342	233	1031	1135
23	23	22	21	21	22	25	26	24	24	25	24	24	24	25	25	23	25	24	23	23	23	23	21	23	25	22	24
24	22	34	40	33	22	22	25	26	24	25	24	23	25	26	24	23	25	24	23	20	23	24	22	23	23	23	23
21	52	70	56	63	68	35	18	23	25	25	25	23	23	27	24	23	22	22	24	21	22	25	22	22	22	24	22
10	64	35	19	20	30	68	52	25	24	26	29	27	25	25	24	23	20	22	24	22	21	25	23	22	23	22	24
111	78	43	28	34	30	26	53	66	66	66	68	69	71	69	64	68	59	25	19	21	21	24	21	21	21	23	25
169	120	43	40	39	41	48	39	33	35	36	36	38	35	40	40	34	47	70	53	34	22	16	19	21	21	24	24
0	1	8	11	9	5	3	6	7	2	0	1	17	23	28	35	36	30	29	41	53	63	50	26	17	21	22	23
706	728	743	752	751	738	717	670	598	501	376	228	93	0	0	0	2	16	22	21	11	9	39	69	49	18	17	23
960	957	951	951	950	954	958	963	974	988	994	972	899	744	508	244	66	14	31	54	50	38	25	18	44	63	27	19
923	924	919	921	925	929	924	923	922	923	918	924	943	976	1010	985	813	508	230	114	110	117	92	59	19	16	62	36
921	921	918	917	921	923	920	921	926	924	926	927	923	921	922	939	990	1031	918	600	308	200	192	160	98	33	8	65
923	927	948	954	960	971	984	1003	999	979	952	932	925	927	926	925	931	936	977	1024	885	540	287	230	213	140	47	7
972	976	1031	1060	1020	1031	1059	1042	1034	1043	1043	1033	1014	978	950	936	934	924	916	928	987	1000	723	347	239	234	155	57
959	936	1061	1076	969	1163	1211	1061	1021	1010	1021	1030	1051	1063	1063	1037	996	956	929	919	915	948	1020	841	379	225	196	114
906	898	956	933	955	1121	1181	1049	1039	1213	1394	1498	1491	1461	1528	1543	1470	1268	1064	982	935	908	915	1001	872	340	188	135
917	900	897	918	931	961	1007	1008	995	1074	1122	1085	1063	1033	1057	1144	1379	1270	1075	1096	1057	1029	964	920	992	856	248	137
961	973	1025	1050	1052	1037	1010	977	993	1016	1045	1052	1048	970	918	913	933	921	507	525	842	1165	1170	1049	925	1002	764	117
1005	1072	1085	1098	1103	1100	1104	1085	1077	1083	1087	1087	1100	1074	967	926	928	967	549	87	157	560	1180	1243	1062	926	1017	582
1061	1080	1093	1102	1102	1102	1101	1097	1088	1085	1091	1096	1098	1093	1044	940	950	966	942	556	396	175	483	1140	1234	986	940	998
1077	1084	1094	1097	1096	1097	1085	1089	1086	1090	1100	1098	1090	1083	1067	985	923	727	569	443	536	751	487	589	1090	1072	953	944
1072	1091	1094	1094	1097	1102	1087	1086	1085	1091	1096	1094	1085	1080	1071	1029	790	214	116	127	226	894	991	667	671	1058	980	934
1090	1093	1096	1097	1095	1092	1086	1084	1089	1089	1090	1084	1085	1087	1070	846	515	209	233	110	465	952	979	950	687	949	1006	944
1096	1094	1097	1096	1098	1091	1085	1081	1082	1081	1082	1083	1084	1087	1010	641	546	680	424	305	819	946	936	963	860	857	1044	999
1098	1097	1098	1097	1093	1083	1079	1075	1079	1076	1075	1081	1073	1070	970	652	317	417	220	616	729	871	938	944	936	695	1073	1049
1103	1100	1099	1100	1092	1080	1076	1074	1073	1073	1075	1072	1068	1055	1001	831	330	230	232	713	772	917	928	954	966	614	1024	1108
1105	1101	1094	1102	1091	1075	1075	1075	1076	1075	1075	1069	1066	1034	995	971	726	526	803	949	912	931	928	947	952	615	902	1165
1107	1100	1093	1105	1075	1077	1079	1077	1076	1074	1068	1061	1055	1010	984	1052	945	954	1052	935	934	937	949	952	944	607	765	1160
1107	1100	1086	1088	1058	1080	1082	1078	1074	1072	1066	1053	1037	994	962	1065	1096	1090	1003	923	935	941	932	963	922	631	651	1105
25	23	22	22	23	26	26	28	26	25	25	25	26	26	25	26	23	26	25	26	25	24	24	25	24	26	25	24
24	26	45	48	35	24	26	26	27	25	26	26	25	26	26	25	25	24	26	24	25	25	24	26	25	24	24	25
29	71	58	52	69	58	23	25	27	26	27	24	24	25	25	24	25	25	22	25	24	26	23	26	24	25	25	24
27	67	20	22	21	55	66	32	24	26	30	32	29	27	29	33	26	22	22	24	25	25	25	25	26	25	25	24
121	67	25	30	33	37	56	78	75	74	73	70	73	84	75	66	68	47	20	19	24	25	26	24	25	22	22	23
143	48	26	28	26	28	33	36	42	45	47	50	55	50	58	30	29	59	63	45	32	23	20	23	22	24	22	23
103	122	139	155	168	169	161	152	127	89	51	18	0	0	8	23	23	23	34	48	60	66	43	20	17	21	20	22
873	888	904	920	928	931	930	924	902	866	809	721	586	418	254	125	27	0	9	20	22	24	55	70	39	18	21	24
938	938	933	935	931	930	932	930	937	942	958	973	990	990	947	831	633	381	141	11	0	15	19	27	65	59	24	24
923	925	926	926	928	930	929	930	927	928	925	921	925	924	931	952	971	937	784	499	168	0	0	25	24	49	72	27
922	924	919	920	923	938	927	923	922	915	918	920	923	919	919	919	921	931	950	935	782	418	63	0	31	33	48	73
937	958	984	983	1004	1017	1013	1015	1023	1023	1018	994	971	953	935	919	922	920	916	930	950	908	619	148	0	31	42	47
975	959	999	1036	1046	1019	1087	1009	1013	999	995	1011	1027	1027	1018	985	939	919	917	921	925	946	952	723	182	0	34	46
927	924	949	981	959	1079	1212	1276	1218	1100	1048	1046	1006	985	976	980	968	981	975	954	938	931	943	970	759	146	0	37
927	937	929	918	920	983	1099	1201	1149	1085	1260	1328	1569	1583	1357	1217	1098	1051	1026	1087	1169	1085	954	930	973	710	66	4
949	929	901	903	912	918	961	979	965	968	1048	1068	1078	1059	1035	1019	1014	970	861	977	1343	1253	1137	978	928	978	564	6
1025	1007	1004	991	987	977	949	936	938	945	968	974	948	914	905	925	934	911	438	256	541	1013	1191	1163	960	929	960	357
1067	1096	1102	1099	1098	1093	1089	1056	1034	1029	1042	1047	1032	979	912	919	948	959	575	403	318	272	664	1125	1063	945	948	883
1086	1099	1101	1102	1098	1099	1105	1106	1089	1081	1072	1068	1068	1029	945	953	947	769	561	606	828	739	427	642	1072	1011	929	955
1096	1095	1095	1102	1100	1101	1101	1105	1093	1079	1079	1077	1061	1030	999	996	871	453	484	460	718	1010	939	805	940	1055	972	923
1094	1096	1099	1101	1099	1098	1101	1100	1092	1081	1082	1079	1053	1040	986	634	603	587	624	533	619	760	954	945	899	1066	1046	943
1094	1100	1102	1100	1098	1105	1100	1096	1091	1084	1085	1080	1057	1072	818	26	163	911	810	586	479	406	904	939	949	1072	1154	1001
1097	1100	1101	1100	1104	1106	1095	1095	1091	1088	1088	1079	1058	1076	606	0	348	1008	852	518	411	651	940	930	933	1021	1220	1095
1091	1097	1102	1101	1103	1099	1093	1088	1095	1093	1089	1066	1049	1047	569	0	459	935	548	234	224	705	961	931	940	944	1170	1128
1092	1094	1102	1098	1101	1100	1093	1089	1094	1096	1083	1065	1054	989	851	224	387	873	377	140	280	876	947	926	943	944	1031	1107
1093	1088	1103	1101	1100	1096	1092	1095	1096	1091	1074	1064	1022	935	939	935	951	1024	908	771	887	946	925	917	927	957	902	1059
1094	1075	1089	1106	1096	1094	1093	1091	1088	1086	1067	1047	970	924	921	969	1013	990	963	944	936	925	922	925	930	955	870	1018
1102	1078	1055	1074	1081	1087	1084	1080	1080	1071	1059	1001	932	921	926	950	994	1012	953	922	938	930	928	937	937	958	868	997
25	21	20	21	25	26	24	26	25	25	23	26	26	24	23	24	24	23	26	26	25	25	25	24	24	25	23	24
22	37	53	48	26	23	24	25	26	25	25	24	26	25	24	25	25	25	24	25	26	25	24	25	23	24	24	24
47	68	48	55	71	35	22	24	25	25	23	24	25	23	23	24	26	27	23	24	25	24	25	24	23	25	24	24
58	37	18	22	32	71	41	23	25	30	33	32	29	29	38	38	25	24	26	23	24	24	24	24	24	24	24	23
107	49	35	35	36	48	79	82	79	78	76	71	77	76	66	66	69	31	20	21	20	23	23	23	24	22	23	22
66	5	3	0	0	1	6	16	14	12	11	17	27	38	24	16	36	71	56	41	26	18	17	20	22	21	20	20
337	374	408	441	472	487	480	467	436	394	333	259	173	112	52	5	0	0	29	49	63	56	31	16	18	19	19	19
975	981	984	980	981	984	984	984	981	984	979	969	939	875	784	626	407	193	43	0	12	43	66	62	28	18	23	22
920	924	928	922	920	920	921	919	923	919	915	919	926	939	961	984	987	925	729	410	116	2	25	55	73	47	18	23
916	929	924	923	921	918	921	923	927	924	921	924	921	916	917	911	919	943	977	982	817	407	53	14	57	71	58	22
916	927	918	925	930	954	971	954	955	947	950	944	939	928	923	920	920	917	916	924	968	973	667	148	2	53	64	65
947	950	980	1003	1046	1027	1005	1019	997	989	989	996	1016	1017	993	991	959	942	935	919	913	938	996	803	204	5	44	50
937	924	938	957	1014	1025	1206	1189	1102	1197	1155	1075	1035	1022	1018	1054	1102	1103	1084	1003	947	914	920	992	831	188	14	32
912	916	918	920	938	1012	1117	1107	1567	1600	1410	1250	1116	1031	1019	1006	1078	1141	1302	1388	1151	978	927	920	985	765	109	18
949	957	970	971	972	984	1022	1087	1148	1140	1145	1112	1193	1115	945	942	939	962	1042	1438	1692	1316	1031	922	913	995	602	22
994	981	950	937	932	945	959	979	964	942	943	956	983	950	919	911	918	934	860	672	1216	1406	1156	1004	928	935	972	324
1008	1011	995	970	954	936	935	925	922	922	916	913	912	917	923	922	952	975	925	494	337	484	873	1085	986	927	956	834
1038	1047	1053	1053	1038	1032	1030	1018	987	961	947	941	928	920	928	941	980	886	420	372	598	574	445	853	1067	975	916	970
1071	1077	1085	1088	1084	1077	1075	1077	1078	1044	982	968	957	935	949	977	974	520	16	44	379	851	897	772	1047	1073	945	920
1084	1087	1088	1097	1096	1086	1084	1086	1086	1064	1026	973	962	968	996	976	987	765	210	325	810	942	984	963	1031	1168	1035	924
1091	1092	1094	1095	1097	1088	1083	1088	1088	1079	1063	993	974	988	1005	776	879	733	305	499	844	792	619	908	960	1174	1156	963
1094	1095	1096	1097	1094	1090	1090	1087	1086	1084	1077	1020	982	1023	952	488	464	511	297	424	640	410	361	889	947	1069	1209	1043
1096	1097	1096	1093	1088	1089	1089	1091	1096	1093	1074	1029	1008	1042	867	317	416	936	776	626	668	631	698	938	942	973	1136	1063
1087	1093	1092	1092	1086	1087	1087	1091	1094	1087	1065	1033	1037	1035	854	275	269	879	1036	927	858	951	957	940	933	938	1056	1032
1087	1088	1086	1084	1082	1087	1085	1085	1082	1079	1067	1066	1077	991	932	639	509	898	945	808	836	925	944	933	926	950	1040	1040
1076	1087	1084	1075	1077	1079	1069	1065	1072	1067	1061	1084	1026	950	952	970	956	927	915	915	928	926	929	933	932	927	1001	1045
1057	1070	1079	1078	1063	1044	1038	1054	1053	1058	1071	1079	971	968	982	981	976	942	924	920	926	926	930	936	934	925	977	1042
1023	1048	1069	1065	1031	1017	1011	919	890	977	1074	1043	994	984	1017	1011	975	948	935	927	922	930	930	931	934	926	968	1049
26	23	24	24	25	24	26	27	25	26	27	24	26	25	24	25	26	25	24	24	25	25	25	24	25	24	24	23
29	50	53	35	22	26	27	26	27	26	26	26	24	26	26	25	24	27	24	23	24	25	25	25	23	25	23	24
72	58	49	70	52	23	25	26	26	26	25	23	26	23	24	22	26	25	24	22	25	24	26	26	24	25	25	25
67	22	31	31	65	48	24	25	29	34	37	30	30	37	45	37	24	24	26	25	23	24	27	23	24	25	23	21
72	55	54	51	57	77	73	67	68	70	72	73	71	65	61	69	51	21	20	22	21	22	21	21	23	21	22	22
19	3	5	9	19	36	49	49	43	32	19	9	4	0	0	1	48	61	46	36	20	12	14	21	20	19	18	18
612	652	682	714	741	762	770	777	771	746	704	647	575	494	380	247	125	54	29	45	66	49	21	17	18	18	19	20
971	981	969	962	959	952	949	949	951	953	963	975	981	989	987	961	881	722	469	194	34	46	77	51	21	20	21	24
923	926	928	923	924	925	922	923	920	922	926	919	916	914	918	921	942	970	989	919	638	229	19	60	78	37	19	24
923	928	924	922	922	920	919	932	951	953	942	932	933	935	931	924	922	917	918	942	991	931	531	75	27	72	46	19
922	924	935	950	964	983	1009	1011	989	986	1002	1011	1026	1002	978	967	973	959	956	942	915	940	999	726	141	6	70	58
953	937	973	1030	1064	1056	1028	1029	1170	1269	1230	1059	1015	1053	1136	1168	1105	1076	1080	1063	961	917	919	990	781	126	3	62
914	917	919	925	960	1005	1042	1180	1320	1401	1409	1336	1348	1345	1235	1343	1433	1350	1259	1127	1012	949	910	908	988	716	47	8
917	922	918	920	930	971	990	978	1022	1187	1279	1332	1314	1169	1099	1076	1150	1194	1281	1297	1124	1030	966	923	925	1004	513	0
926	932	946	967	971	972	974	994	1022	1057	1091	1096	1082	1069	1029	980	981	978	999	1082	1150	1075	1030	971	930	939	951	208
964	971	975	987	991	1003	1025	1049	1058	1080	1070	1046	1031	1027	1013	1008	1003	964	950	851	803	985	1035	1022	969	930	978	707
1018	1019	1026	1035	1035	1027	1030	1037	1047	1049	1041	1036	1042	1038	1017	1002	987	1004	1004	959	841	732	844	1090	1063	962	921	969
1054	1053	1051	1054	1049	1047	1043	1038	1033	1041	1040	1030	1027	1031	1011	988	1029	1041	954	902	800	867	902	1031	1123	1033	935	934
1071	1069	1071	1073	1071	1061	1049	1046	1047	1052	1034	1039	1045	1000	1017	1051	1044	966	838	685	346	490	854	1001	1135	1127	977	927
1079	1078	1077	1083	1086	1075	1067	1063	1065	1057	1055	1060	1054	1039	1056	1056	1035	1010	929	952	545	472	804	967	1044	1174	1051	932
1088	1081	1079	1079	1079	1074	1066	1060	1068	1078	1079	1064	1070	1071	1049	1058	1015	900	961	982	322	122	429	817	914	1098	1096	973
1089	1085	1081	1075	1069	1067	1067	1064	1081	1093	1085	1070	1065	1069	1057	1100	877	529	560	554	393	82	164	328	814	1015	1080	1032
1088	1087	1077	1069	1068	1069	1071	1081	1092	1093	1086	1075	1067	1075	1072	1050	779	630	779	313	350	465	541	562	925	976	1058	1038
1073	1073	1062	1065	1070	1074	1075	1086	1086	1093	1088	1079	1070	1065	1037	977	926	845	928	811	722	906	959	938	946	945	1048	1055
1039	1042	1045	1048	1062	1072	1076	1089	1088	1094	1091	1076	1066	1045	981	1031	933	966	962	967	961	928	926	932	929	926	1027	1070
988	1001	1032	1039	1051	1059	1074	1087	1092	1087	1083	1072	1044	1028	977	961	861	977	986	939	929	928	930	931	936	949	997	1075
956	1016	1072	1063	1034	1011	1037	1080	1091	1084	1082	1079	1059	1040	1015	1007	991	1003	1019	943	923	927	929	931	936	934	961	1126
938	1036	1081	1055	1000	994	982	1029	1061	1081	1081	1053	961	926	1075	1097	1058	1060	1016	942	922	931	927	928	932	930	967	1189
24	23	24	26	26	25	25	27	27	25	28	27	27	28	27	26	26	25	25	24	25	24	25	24	26	24	24	23
37	55	48	26	26	26	29	27	27	26	27	29	27	26	28	27	26	26	26	24	23	26	25	25	25	23	24	23
71	44	59	70	29	25	27	27	27	25	27	27	26	24	24	26	26	26	27	25	23	24	24	24	24	24	26	24
32	31	34	54	67	28	27	30	36	41	40	36	36	49	53	33	25	26	27	26	24	20	24	25	24	25	24	20
39	40	31	35	44	50	47	51	53	49	57	66	72	63	59	75	31	21	20	22	22	19	21	21	21	22	20	20
89	101	125	155	199	225	241	238	231	213	187	149	103	61	29	21	35	24	31	29	18	15	13	19	19	19	18	18
859	887	903	916	928	942	946	951	959	954	943	919	885	831	753	643	497	325	145	46	39	35	19	16	19	20	20	21
940	937	930	928	930	926	926	927	925	923	933	943	939	949	958	969	984	977	895	663	323	82	44	38	22	20	21	22
924	920	923	924	928	928	926	927	926	933	941	929	926	924	923	916	915	910	933	980	980	741	281	45	55	29	21	25
923	923	922	921	926	925	929	941	965	989	994	988	976	1019	1054	1022	984	958	929	925	924	970	955	530	54	59	36	18
937	931	959	987	998	1020	1036	1046	1060	1051	1051	1127	1343	1384	1315	1102	1107	1220	1226	1085	986	921	933	993	625	41	64	47
942	932	985	1033	1051	1057	1063	1049	1040	1114	1262	1271	1240	1113	1106	1087	1072	1112	1291	1208	1079	1002	922	922	997	531	7	70
916	924	921	918	929	948	978	976	1011	1049	1009	955	987	1067	1092	1068	1044	1009	1014	1019	1030	1111	1005	922	926	970	305	0
916	922	923	929	940	952	970	991	994	882	686	722	806	890	1004	1054	1013	999	981	948	959	1093	1114	974	920	959	820	74
954	976	997	1022	1041	1052	1063	1091	1066	901	702	645	704	743	926	1051	1004	986	970	958	956	990	1153	1068	965	921	993	451
1064	1070	1076	1083	1087	1090	1097	1113	1072	962	918	642	586	638	929	996	1008	969	1021	1037	994	949	1107	1258	1034	941	939	886
1091	1093	1090	1092	1094	1093	1102	1119	1102	1016	988	828	704	601	942	1044	1003	1020	1032	977	989	1023	1014	1448	1289	979	924	962
1090	1091	1088	1086	1091	1090	1097	1111	1108	1071	1045	1099	1094	975	1001	1006	1032	1015	976	1001	1048	1042	980	1222	1274	1056	951	926
1087	1086	1089	1087	1084	1079	1081	1082	1083	1091	1087	1087	1086	1057	1034	1018	1021	994	1034	1046	989	657	524	951	1104	1081	992	926
1086	1084	1080	1080	1086	1085	1081	1079	1078	1084	1058	1040	1071	1071	1054	1039	1021	1017	1069	1068	812	414	574	899	1031	1075	1033	942
1086	1082	1084	1089	1091	1090	1089	1087	1087	1075	1047	1038	1069	1083	1059	1054	1046	1046	1026	923	695	678	888	949	950	1037	1055	975
1095	1093	1087	1089	1089	1087	1090	1094	1090	1085	1050	1046	1067	1068	1036	1035	1037	1055	886	388	321	812	904	808	849	996	1056	1013
1083	1083	1076	1078	1082	1088	1087	1097	1097	1079	1052	1026	1062	1039	1051	1051	1067	1034	944	346	66	684	1011	701	847	991	1063	1038
1081	1079	1077	1077	1080	1090	1091	1095	1100	1075	1036	998	1062	1038	960	1036	1039	1046	1023	850	407	665	1024	929	923	961	1090	1080
1088	1081	1079	1081	1093	1093	1093	1092	1089	1059	1022	1033	1075	1062	953	931	799	955	1052	1007	944	932	936	927	930	927	1073	1166
1067	1046	1033	1062	1078	1085	1095	1092	1070	1048	1033	1072	1052	1041	1044	942	841	1053	1064	1006	945	944	914	931	937	936	1009	1250
1025	1027	1063	1083	1083	1051	1038	1035	1022	1018	1056	1070	1051	1092	1124	1119	1007	1041	1065	1027	936	935	925	924	941	929	971	1239
1005	1047	1078	1087	1085	1084	1054	1037	1037	1053	1088	1076	1016	1064	1120	1138	1107	1071	1081	996	924	933	928	926	945	948	952	1147
24	24	25	28	26	25	26	27	28	26	27	27	27	27	27	26	28	25	24	23	22	23	26	25	25	25	24	23
49	58	38	24	29	26	27	27	28	28	26	27	27	27	27	28	26	25	24	24	22	25	25	24	26	24	24	23
54	45	74	45	26	28	25	27	26	25	25	26	26	24	24	28	26	26	24	25	23	21	24	24	24	25	24	24
39	48	41	73	39	27	28	37	42	47	39	35	45	65	54	25	27	26	25	25	24	20	21	25	25	23	24	22
19	6	15	19	32	28	36	41	41	37	36	36	36	23	50	50	20	22	20	23	23	20	18	23	22	21	21	20
287	323	364	413	455	492	513	507	492	471	441	385	310	223	134	83	31	12	20	22	18	22	18	20	21	21	20	22
969	975	970	972	969	972	969	971	974	978	981	981	979	960	910	832	707	521	297	111	26	18	23	17	24	24	24	23
925	923	919	921	922	920	919	920	918	920	921	924	923	924	933	944	963	982	978	868	582	216	35	22	22	25	24	23
924	925	923	924	928	927	922	925	924	929	925	929	932	928	927	926	922	916	919	943	988	942	572	120	26	27	23	24
924	924	923	922	925	931	935	942	953	972	984	1004	1016	1027	1039	1021	983	956	940	936	916	929	995	822	210	34	30	22
941	942	981	1008	1015	1037	1050	1057	1067	1070	1055	1046	1064	1106	1124	1089	1134	1223	1241	1122	1016	945	918	970	882	200	46	41
931	933	964	1001	1021	1036	1042	1049	1038	1044	1049	1067	1054	1056	1039	1022	1082	1166	1245	1195	1162	1101	957	920	967	805	93	66
915	916	915	910	919	932	943	949	968	811	522	418	370	470	764	996	974	965	983	1020	1120	1346	1102	945	920	986	561	15
937	959	990	1019	1048	1069	1098	993	651	221	13	8	38	66	274	853	1005	941	958	966	960	1280	1280	1023	930	932	931	195
1063	1083	1091	1094	1093	1107	1089	874	410	102	39	20	32	27	170	522	1000	955	966	994	968	1002	1296	1157	978	922	973	616
1095	1092	1091	1087	1088	1111	1023	726	377	132	114	13	4	19	209	359	977	966	960	981	947	933	1112	1249	1038	941	925	941
1085	1085	1083	1090	1106	1105	975	726	436	176	133	114	34	54	607	887	1050	976	943	936	938	971	974	1178	1131	984	919	935
1085	1088	1084	1091	1110	1108	1018	808	599	436	415	530	625	608	878	1047	1084	1003	934	935	957	1002	1011	1043	1092	1024	943	920
1094	1092	1087	1086	1087	1087	1094	1094	1088	1095	1119	1038	1066	1118	1037	1022	1081	1028	950	955	1015	1053	1000	972	1013	1030	972	926
1088	1087	1083	1086	1090	1090	1089	1093	1098	1101	1067	1064	1093	1102	1073	1009	1053	1050	977	989	1017	782	460	682	1029	1041	1021	936
1088	1093	1092	1091	1088	1090	1094	1095	1076	1039	981	993	1084	1096	1073	1062	1056	1069	1000	950	996	798	502	735	970	1031	1042	959
1097	1097	1097	1096	1087	1084	1085	1081	1032	981	963	983	1061	1099	1021	990	1033	1092	1027	904	968	1085	1010	1054	948	1018	1069	1001
1088	1089	1092	1090	1086	1085	1078	1060	1013	969	972	961	1066	1085	1007	973	1089	1092	1053	882	792	1028	1015	1019	896	1020	1147	1069
1080	1088	1087	1083	1087	1089	1087	1063	1014	954	968	947	1066	1094	1093	1109	1070	1067	1072	975	852	953	1034	888	706	1000	1190	1136
1092	1094	1089	1088	1092	1089	1076	1046	1001	959	998	1007	1064	1099	1106	1029	1043	1048	1058	1003	986	985	1042	906	914	926	1097	1191
1059	1035	1026	1041	1054	1036	1013	995	1008	979	967	1051	1101	1099	1108	1113	1113	1094	1074	1004	965	975	956	948	948	926	988	1155
1027	967	973	1016	1036	992	963	951	977	989	1013	1090	1109	1131	1131	1140	1094	1083	1073	1020	932	922	928	928	930	930	947	1068
1043	991	1003	1049	1064	1060	1045	1005	1001	1011	1056	1101	1135	1142	1132	1128	1110	1087	1077	988	919	921	927	929	928	937	935	1019
25	26	27	29	27	28	26	28	26	26	28	26	27	27	27	25	26	24	23	21	23	25	26	24	25	26	25	24
57	50	27	27	29	28	29	28	26	28	26	27	28	27	25	24	25	25	23	23	22	26	27	24	24	25	24	23
44	65	61	27	28	29	27	26	25	26	26	26	25	24	23	25	26	24	22	25	23	24	25	26	24	24	24	25
51	43	70	48	26	29	32	39	45	47	37	39	56	66	36	21	23	23	23	22	24	20	21	22	21	22	22	23
0	5	21	42	44	47	53	51	40	34	34	25	5	0	41	12	13	17	17	20	22	20	18	20	22	23	22	22
536	580	620	664	695	722	739	740	729	703	660	590	493	365	236	132	46	15	15	16	19	22	17	20	23	24	24	22
982	976	967	959	955	955	949	948	953	959	964	969	977	983	954	887	754	550	312	113	13	6	18	20	27	25	26	25
924	924	925	925	925	923	923	922	924	925	920	914	913	916	921	937	958	981	977	862	584	223	25	12	22	27	24	23
924	929	926	928	931	930	926	925	933	927	924	924	924	921	926	926	923	922	925	943	978	949	611	133	8	25	24	23
926	927	925	929	930	934	936	942	951	958	960	963	972	966	957	942	930	925	924	922	917	926	986	848	254	16	25	25
941	946	992	1017	1031	1048	1054	1061	1062	1066	1067	1062	1059	1049	1047	1042	1023	991	964	941	937	931	921	957	910	255	40	34
931	935	955	991	1006	1019	1023	1045	1064	1044	1035	1075	1093	1098	1097	1048	1063	1136	1245	1239	1106	986	936	919	953	851	146	60
920	922	928	946	962	968	966	865	628	301	182	263	292	337	625	1030	1001	992	1031	1117	1249	1137	1010	941	917	973	648	45
1011	1045	1072	1088	1101	1100	774	290	19	0	9	1	0	0	0	592	1045	944	950	946	987	1165	1127	1009	930	920	963	300
1103	1099	1094	1088	1111	960	409	79	15	34	38	40	36	38	0	285	1043	961	957	948	949	1034	1243	1087	978	926	953	767
1093	1088	1091	1098	1093	707	236	42	19	32	33	38	38	14	204	734	1029	942	951	939	936	956	1116	1069	1022	938	925	963
1091	1084	1096	1121	968	490	150	28	0	7	4	15	15	0	528	1046	1046	942	931	936	946	953	1014	1039	1033	977	935	924
1087	1088	1087	1079	949	587	301	165	118	127	169	141	246	560	886	1082	1060	968	935	938	942	955	980	1032	1033	1014	939	925
1096	1086	1082	1088	1101	1097	1079	1061	1053	1063	1082	927	960	1113	1091	1072	1057	987	946	937	940	979	1025	1045	1042	1042	965	933
1089	1069	1071	1100	1113	1117	1128	1138	1140	1141	1140	1135	1114	1094	1088	1062	1050	954	891	944	949	917	917	966	1048	1052	1010	929
1076	1054	1042	1081	1102	1115	1128	1130	1129	1129	1110	1049	1048	1071	1083	1074	1071	840	751	946	909	435	625	932	1113	1198	1047	955
1064	1049	1035	1036	1062	1090	1106	1110	1100	1072	1008	961	987	1058	1078	1083	1082	929	830	959	951	780	896	971	1028	1194	1106	1018
1064	1051	1042	1032	1021	1028	1028	1023	1010	968	937	954	990	1050	1063	1072	1060	1022	1006	993	1013	1012	1003	1003	946	1069	1129	1073
1058	1052	1042	1032	1018	1000	981	955	939	932	937	927	977	1050	1073	1071	1058	1048	1038	946	943	1062	1036	1022	935	965	1083	1062
1032	1030	1033	1015	1003	1017	1012	998	980	981	967	937	968	1043	1068	1070	1067	1065	1050	844	864	1040	1010	1031	947	933	1001	1062
978	963	967	963	1009	1025	973	994	997	972	945	961	999	1043	1061	1074	1058	1044	1016	980	991	981	988	990	937	929	958	1059
954	944	956	961	1018	989	961	1020	1032	1001	943	983	1020	1050	1058	1075	1053	1029	1007	971	979	991	976	963	930	927	928	1043
990	954	943	972	999	976	991	974	1008	1020	962	987	1034	1067	1072	1070	1051	1019	975	929	924	934	959	942	929	926	928	1022
23	26	27	28	26	27	25	28	27	26	28	27	27	27	26	25	25	24	26	24	24	26	25	25	25	25	24	24
53	33	25	26	29	28	27	28	26	26	28	27	29	23	26	25	24	25	26	24	25	27	25	25	26	23	23	24
51	74	30	27	28	28	26	26	26	27	28	26	23	24	27	26	25	26	26	26	23	25	25	24	24	24	23	23
43	54	60	23	23	28	35	40	44	40	31	44	67	61	27	26	23	25	24	25	24	21	23	22	22	20	23	23
15	37	68	75	86	105	110	104	90	80	64	32	0	16	23	7	17	20	21	23	24	20	19	23	20	22	23	22
699	739	771	797	820	842	853	855	836	804	759	676	562	411	264	125	43	15	16	18	23	24	21	23	23	25	23	22
960	959	948	946	942	936	934	933	939	943	948	958	967	976	958	881	729	500	254	71	5	14	20	23	24	24	23	23
923	924	925	926	927	927	924	926	929	926	921	917	913	911	915	931	963	982	954	792	464	137	12	16	24	24	22	20
922	925	925	927	931	931	929	930	933	925	924	926	922	919	918	923	923	917	922	951	983	883	473	73	7	22	22	23
926	926	928	930	933	931	935	941	938	938	938	939	941	932	929	924	926	922	920	918	917	940	988	735	163	5	23	22
947	950	996	1012	1023	1026	1034	1030	1036	1038	1043	1031	1028	1013	993	970	942	928	929	922	923	919	916	969	850	207	33	25
924	929	959	995	1013	1028	1054	1077	1087	1066	1062	1070	1096	1079	1057	1042	1011	966	949	958	941	925	921	916	964	830	144	46
924	931	941	954	956	965	873	627	309	266	239	289	511	700	961	1055	1031	1037	1032	1008	1010	995	943	925	915	975	675	64
1050	1072	1088	1094	1065	647	98	0	0	0	0	0	0	36	292	901	993	975	1010	1035	1008	1053	1036	953	926	917	977	402
1096	1094	1090	1100	1082	302	0	22	33	30	21	14	10	18	128	725	1029	967	949	978	1030	1030	1126	1032	954	924	932	886
1093	1090	1094	1116	1041	177	0	29	28	34	22	9	20	65	458	1013	1002	953	952	941	963	1018	1180	1084	1001	919	916	948
1090	1085	1060	715	305	6	9	23	17	15	0	0	0	5	582	1089	968	934	947	949	951	965	1152	1136	1033	966	923	922
1073	1064	1057	584	283	63	70	101	110	116	127	186	405	790	1015	1029	950	931	944	958	961	957	1018	1165	1063	1022	933	919
1035	1028	1085	1120	1127	1044	1030	1034	1031	1032	1040	1071	1111	1102	1044	999	958	955	956	947	956	937	949	1240	1169	1032	955	929
1004	979	1095	1160	1173	1179	1170	1162	1151	1138	1130	1098	1064	1040	989	1009	1035	913	821	966	949	956	949	1058	1224	1047	1005	927
963	945	1022	1137	1161	1150	1142	1136	1138	1137	1115	1017	1000	945	889	965	1073	726	204	745	991	887	920	943	1263	1187	1038	962
945	960	973	1025	1107	1143	1149	1142	1141	1100	1014	950	970	901	887	937	1040	812	234	596	930	431	776	941	1066	1202	1048	1019
957	986	1012	989	1010	1062	1082	1081	1040	970	952	952	982	977	973	981	1052	958	919	983	976	469	541	946	934	987	1050	1044
958	1008	1051	1018	1003	983	945	945	943	926	939	962	962	977	973	995	1049	936	902	1012	1003	1004	876	953	932	926	1017	1044
965	1044	1043	974	952	995	961	948	944	947	933	932	943	957	967	972	1002	1000	918	1014	1001	984	1021	996	932	931	986	1056
994	1049	998	993	982	1037	977	959	935	941	932	925	922	938	972	963	962	989	1003	1045	1009	963	991	991	936	924	944	1058
1006	1027	987	957	1014	1054	976	999	962	954	933	924	919	926	936	954	958	959	983	1040	1019	933	999	977	932	927	924	1033
1021	1024	992	983	998	1000	1053	994	980	970	950	933	934	939	944	940	927	918	928	956	968	924	971	948	931	930	938	1037
24	25	27	27	26	25	22	24	27	28	27	27	27	27	26	26	26	25	24	23	26	23	23	24	25	26	26	25
36	23	24	27	27	26	24	25	27	27	29	28	27	25	28	27	24	26	25	23	25	25	23	27	24	26	25	26
67	44	23	29	28	26	25	23	25	27	30	27	22	26	28	28	26	26	26	24	23	25	24	24	23	25	25	24
45	66	25	20	22	28	32	35	37	30	32	57	70	43	29	27	25	26	23	24	21	22	23	23	25	23	24	23
47	80	100	114	137	152	151	143	122	98	68	22	0	33	11	16	21	23	23	23	22	21	22	23	24	22	22	23
785	807	824	858	881	888	894	891	870	837	784	682	532	356	192	80	29	14	17	21	25	26	24	25	23	23	23	24
948	945	935	936	931	923	923	928	932	935	945	961	971	978	931	814	631	390	165	31	11	22	24	25	22	24	23	22
921	921	921	923	925	923	922	924	925	927	923	922	915	918	925	945	966	977	899	661	305	60	11	22	25	25	23	23
926	926	924	923	927	930	929	930	931	927	930	932	928	922	921	924	912	917	931	967	964	739	286	24	14	25	27	24
925	926	921	924	927	929	932	931	931	929	933	935	937	930	932	928	919	920	917	915	917	958	951	555	71	14	24	25
945	956	986	999	986	975	987	990	995	993	989	987	983	964	949	937	930	929	928	922	919	912	922	985	713	130	32	25
926	931	971	994	991	1009	1059	1077	1090	1074	1072	1050	1037	1014	1011	1002	966	943	931	926	924	924	918	915	977	745	119	31
922	919	914	909	920	932	759	641	526	569	622	705	937	1025	1033	1040	1027	1006	988	961	941	927	925	923	917	983	642	57
1061	1061	1027	996	927	390	104	85	71	79	132	308	599	774	912	1000	1003	1031	1055	1033	1013	984	941	923	927	919	979	422
1094	1096	1085	1081	963	199	82	115	108	90	147	309	467	601	880	1001	977	956	974	1029	1045	1015	1023	967	928	923	929	901
1093	1087	1081	1066	1127	552	44	103	100	78	171	388	583	746	1016	1000	989	979	943	951	986	1042	1093	1072	975	930	914	936
1080	1077	1024	711	906	641	63	44	67	95	222	376	521	649	958	978	962	957	937	938	924	964	1030	1162	1072	966	924	913
1080	1071	1081	859	740	518	172	97	167	253	424	664	824	915	976	949	939	942	927	943	938	931	978	1077	1127	1027	940	924
1067	1056	1084	1140	1138	1085	1051	1019	1014	1016	1031	1091	1062	998	952	971	964	946	929	934	947	933	952	1019	1068	1054	975	929
1027	1038	1051	1133	1157	1150	1154	1151	1117	1084	1060	1038	1021	1040	1025	1006	968	1004	963	950	945	944	942	963	1036	1029	1029	934
1046	1030	980	1058	1111	1127	1125	1108	1081	1052	1010	902	983	980	914	860	924	1034	891	817	949	945	944	937	977	1019	1039	974
1022	1064	1043	983	1019	1060	1071	1054	1013	962	966	965	1001	877	810	839	1003	1073	792	579	948	839	899	937	939	997	1036	1016
1021	1046	1057	1029	1057	1045	996	966	946	943	966	1010	1039	972	898	883	1035	1035	948	951	1024	854	819	943	933	951	1030	1031
1050	1037	1074	1072	1082	1055	1000	962	947	941	966	977	1011	1015	964	939	1057	955	912	980	1056	1022	912	934	933	938	1005	1035
1031	1015	1007	975	991	1034	1039	992	955	970	951	944	950	987	1006	1005	1040	917	824	969	1059	1020	985	935	930	928	964	1047
1010	1021	978	960	967	1004	1018	1024	980	996	953	928	927	932	945	960	997	971	973	994	1006	988	977	934	929	933	947	1060
1020	1035	994	969	984	993	977	1028	1028	1025	1003	938	929	937	937	925	963	989	1012	1037	971	887	959	946	931	929	942	1080
1055	1035	1021	1041	1020	978	1042	1046	1073	1062	1038	998	950	957	972	936	926	936	951	979	976	912	968	968	934	933	934	1080
26	26	28	29	28	27	25	25	30	28	26	29	28	23	26	27	25	25	22	23	23	23	25	25	24	25	25	23
25	25	26	27	29	29	27	27	30	30	28	28	27	24	27	27	25	24	23	23	23	24	23	25	25	26	24	23
60	26	26	30	29	28	28	25	28	29	30	24	23	26	25	27	26	23	24	22	22	20	22	23	24	23	22	22
70	35	17	23	30	36	37	36	31	27	33	68	65	23	24	24	23	22	22	22	19	22	22	21	25	23	24	22
84	104	116	147	171	170	161	140	112	79	46	3	17	23	13	20	19	21	22	20	20	22	22	21	23	24	22	24
824	845	860	883	912	917	909	895	861	805	710	569	395	227	92	32	19	19	20	19	22	21	24	21	21	25	24	25
947	944	938	931	929	926	931	935	935	944	956	967	974	941	834	657	427	201	58	9	14	20	20	22	22	23	25	21
924	922	925	926	929	928	927	930	923	925	921	916	910	919	938	965	975	920	729	418	129	14	14	22	24	23	25	24
928	927	927	929	929	936	932	934	929	930	928	926	922	918	916	912	915	924	959	977	855	490	110	5	18	23	24	22
927	926	924	925	930	935	938	938	933	934	928	922	921	921	924	924	919	917	914	917	935	980	821	321	13	16	19	26
946	955	970	966	958	967	987	995	984	973	970	957	941	929	930	931	929	929	920	919	913	915	949	953	491	55	27	24
940	946	983	973	968	991	1026	1034	1035	1011	1008	1014	1013	1000	981	965	942	933	926	929	926	918	911	922	980	558	60	22
917	909	909	914	927	941	956	936	906	927	987	858	791	904	1023	1035	1003	970	945	930	926	928	922	912	917	979	497	23
1020	970	921	940	963	905	715	645	654	694	813	539	415	567	932	970	1038	1044	1017	984	962	932	922	919	914	927	956	315
1091	1083	1057	1012	988	837	591	552	575	659	667	451	413	561	881	769	770	914	1026	1039	1016	1008	977	933	919	916	943	853
1013	1067	1082	1076	1036	954	718	700	650	717	752	423	311	346	738	651	461	654	908	965	1030	1034	1037	1026	944	927	913	948
879	1098	1089	1055	1085	1038	768	705	754	852	947	628	343	373	862	699	499	664	907	944	955	1014	1045	1109	1045	949	927	913
1013	1099	1099	1107	1102	1068	856	740	842	905	985	837	576	775	983	857	774	905	962	977	965	938	984	1077	1224	1049	961	927
1103	1103	1082	1097	1093	1067	1071	1046	1016	982	973	924	983	1000	958	964	967	964	966	979	955	943	925	977	1135	1189	1018	951
1007	1076	988	1032	1047	1043	1037	1018	998	994	1001	840	917	1013	1042	1018	968	960	955	948	933	931	944	929	992	1209	1092	988
1044	1031	1000	1010	1022	1005	985	967	963	1012	960	833	844	873	1008	1025	954	968	955	943	932	929	947	927	923	1103	1202	1009
1070	1063	1056	1041	1046	1032	994	947	964	983	967	869	833	795	938	1023	983	973	972	971	937	951	946	929	918	988	1194	1048
1086	1080	1082	1079	1080	1063	1044	1000	967	957	994	928	851	867	1009	1032	977	975	992	973	940	960	958	930	927	937	1159	1091
1104	1100	1093	1098	1093	1077	1082	1061	1019	964	986	978	948	906	1029	982	955	974	980	981	965	939	947	941	930	922	1158	1164
1097	1042	1023	1066	1090	1081	1095	1070	1038	977	955	982	1000	1024	997	971	976	962	954	962	950	938	946	947	938	925	1088	1331
1037	995	988	983	1059	1077	1090	1066	1048	1043	997	987	955	934	941	942	977	966	959	954	947	945	942	946	941	930	1001	1357
1010	1046	992	951	969	1023	1093	1078	1055	1055	1035	1006	969	971	949	931	957	969	947	942	944	951	964	953	938	931	949	1131
1078	1058	996	1031	991	963	1082	1105	1062	1040	1026	1001	976	981	951	938	956	960	948	940	944	942	840	847	945	942	930	1026
24	26	26	25	25	26	26	26	26	28	26	27	29	26	27	25	24	26	25	25	24	25	26	26	27	25	24	25
23	26	26	25	26	27	27	27	29	28	27	28	27	26	28	25	25	27	24	27	26	26	26	26	26	25	25	23
28	23	25	27	26	26	26	26	27	29	27	24	25	29	27	27	27	25	26	25	24	24	25	23	25	25	22	23
50	13	19	22	28	35	38	36	31	28	46	69	47	24	24	25	24	25	25	25	24	25	26	23	26	25	23	24
116	125	152	176	184	166	138	109	75	50	31	5	52	21	23	23	25	28	26	25	27	26	24	24	25	24	23	25
857	871	890	912	918	914	896	859	787	698	558	371	211	99	41	36	40	31	25	25	27	25	26	24	23	24	26	23
941	936	930	926	923	927	931	935	944	955	968	975	925	799	606	375	172	65	35	26	24	24	27	23	24	24	26	24
924	925	922	922	922	922	922	922	920	920	917	917	922	941	964	968	883	658	373	149	40	24	26	27	26	24	27	23
927	929	923	925	926	929	928	932	926	928	926	925	921	918	915	916	930	960	962	852	541	185	30	22	26	27	22	24
928	926	924	924	930	928	924	928	930	929	928	928	925	929	924	920	918	917	917	942	977	885	492	99	15	21	20	25
949	948	949	952	962	978	989	992	990	977	966	958	938	928	925	930	933	923	921	915	914	936	976	753	217	31	23	22
952	961	966	969	994	1014	1034	1064	1079	1057	1052	1046	1056	1010	973	947	931	930	926	924	920	917	915	965	879	291	29	18
917	924	922	928	944	939	759	527	513	604	831	898	816	936	1051	1035	975	948	934	931	928	929	921	913	946	895	262	13
927	920	932	961	918	446	154	85	85	103	228	268	22	422	592	777	1035	1053	980	949	931	926	926	921	910	953	838	151
1035	1026	1004	992	877	235	95	61	73	139	92	57	0	359	236	37	267	691	1026	1036	1003	976	932	924	922	912	968	712
982	1041	1063	1013	908	376	194	146	115	209	187	17	17	177	29	35	0	2	454	1013	1051	1032	1012	951	921	923	907	959
677	1046	1062	1020	978	751	377	237	238	479	606	68	0	187	142	56	4	9	408	1048	1077	1053	1053	1021	976	937	921	914
981	1077	1059	1026	984	965	920	815	818	927	1000	768	494	801	724	259	100	335	906	1120	1089	1039	1041	1063	1038	1000	942	926
1090	1041	1016	1014	989	979	960	909	940	945	963	693	573	843	1013	913	830	999	1117	1097	1069	1041	993	1014	1073	1050	995	939
1092	1045	995	982	970	952	937	930	916	980	1021	823	604	542	1003	965	959	1013	1071	1086	1062	1020	978	933	1036	1089	1045	976
1072	1083	1080	1062	1033	980	944	972	988	1025	1011	931	840	804	1009	980	945	934	942	962	965	939	933	923	952	1088	1110	1010
1072	1061	1063	1069	1056	1047	996	974	977	1022	1014	911	877	881	997	973	928	927	931	929	933	928	929	928	921	1019	1169	1036
1099	1087	1084	1084	1065	1049	1033	999	962	969	1029	946	872	871	1013	957	931	928	941	933	931	934	929	929	923	950	1164	1070
1101	1104	1087	1070	1062	1025	1024	1010	1015	997	974	903	835	882	989	943	936	945	959	953	933	928	928	928	929	919	1121	1105
1097	1069	1042	1030	1050	1034	1005	1011	1017	975	992	1096	1042	992	955	938	957	1005	1013	993	971	940	939	929	924	916	1043	1133
1057	1022	1083	1005	1014	1053	991	1017	1026	1023	1099	1139	1121	1005	976	951	983	1033	1030	1023	998	944	951	952	931	923	977	1125
1048	1054	1017	950	960	1020	1012	992	1014	1042	1137	1134	1137	1084	1065	1007	995	1064	1053	1036	1001	971	832	765	939	938	945	1049
1092	1065	1047	1021	962	963	996	983	958	959	1078	1116	1077	1079	1077	1037	992	1046	1071	1037	973	638	163	110	597	965	939	1011
26	27	26	27	25	25	25	24	26	26	25	25	26	25	24	23	25	25	23	23	26	24	25	25	26	26	25	25
25	25	28	26	25	25	25	27	27	27	25	25	25	24	24	24	24	26	24	27	25	25	26	25	26	25	26	25
23	24	28	27	27	26	24	25	27	26	23	24	27	25	25	26	26	25	26	26	23	26	23	25	25	25	24	25
18	17	19	22	29	34	34	31	29	24	49	57	29	24	23	24	25	24	25	24	24	24	26	24	25	25	23	27
90	120	149	166	156	125	90	56	30	31	37	47	46	21	21	24	27	23	26	26	24	26	24	24	26	25	24	25
820	859	879	897	896	872	822	737	615	479	313	152	70	34	37	41	33	23	27	25	24	26	24	25	25	23	24	25
944	942	931	928	933	936	935	949	965	970	961	895	731	527	328	154	59	36	32	26	25	28	27	25	25	24	26	26
921	924	923	922	924	927	922	918	917	915	915	928	951	971	966	882	678	389	142	40	31	32	29	25	26	26	27	25
925	926	924	926	929	928	927	926	923	923	921	922	918	916	922	933	961	972	870	566	201	45	36	29	27	29	28	26
929	928	927	927	924	927	923	924	924	926	924	929	930	926	929	921	918	918	937	975	909	542	147	33	27	25	26	27
936	937	941	950	959	968	969	968	960	960	948	936	928	924	929	925	923	921	922	915	931	977	835	364	61	43	23	27
966	978	996	1019	1042	1066	1081	1091	1093	1092	1084	1049	1016	976	949	930	928	932	929	923	919	915	946	964	564	91	32	21
919	927	937	946	964	959	712	658	741	797	835	936	1036	1058	1076	1033	961	935	930	930	927	919	916	923	982	620	84	25
929	941	949	951	943	370	12	5	18	10	0	205	492	666	382	641	972	1037	960	933	928	931	920	914	917	979	534	42
959	971	973	983	827	71	32	41	34	15	11	172	348	420	0	0	200	747	1027	1021	980	946	927	921	914	921	950	428
1021	990	962	962	890	205	0	21	27	9	21	259	443	358	11	33	15	18	349	1010	1047	1018	975	931	921	919	925	929
1015	989	967	944	957	736	267	73	13	0	123	345	390	351	0	27	50	19	177	1013	1082	1044	1059	1013	945	924	918	919
987	1007	987	938	954	1001	943	626	607	753	815	884	784	549	108	0	1	76	706	1145	1105	1092	1074	1054	1013	937	913	921
964	1000	1012	943	968	995	817	540	716	908	1054	1001	818	834	752	656	657	918	1160	1116	1099	922	985	1074	1048	1020	942	925
1022	1012	1034	986	958	986	871	856	920	932	992	1010	855	842	973	963	982	1103	1119	1121	1162	863	846	1056	1047	1059	1007	936
1094	1065	1034	1036	987	969	993	924	999	928	905	921	911	914	948	920	930	946	968	1045	1105	1060	1032	965	989	1066	1046	970
1097	1084	1046	1063	986	976	976	994	1011	953	923	966	1007	1002	956	932	933	943	947	937	974	988	966	931	934	1034	1058	1025
1094	1100	1082	1053	968	975	949	967	991	971	992	1037	1052	1019	960	938	947	950	974	962	938	920	927	933	921	977	1058	1045
1090	1097	1079	1043	1020	992	941	944	988	973	971	992	988	979	948	944	951	1023	1092	1111	1085	1008	927	934	926	934	1042	1054
1090	1051	1032	1068	1005	994	945	1018	1077	1079	1025	1027	1021	961	944	940	982	1115	1138	1139	1136	1086	974	945	931	917	1024	1061
1066	1022	1013	1001	956	1000	1037	1135	1144	1130	1119	1108	1096	1029	1052	1032	1013	1115	1125	1119	1115	1099	992	974	949	923	1004	1064
1074	1050	1015	971	936	987	1050	1111	1141	1125	1128	1111	1123	1121	1142	1144	1084	1115	1126	1144	1121	1049	870	794	948	944	968	1062
1092	1091	1113	1077	1006	974	1006	1017	1067	1041	1052	1110	1104	1131	1138	1145	1115	1122	1157	1151	1095	817	388	285	565	958	944	1045
27	24	25	27	24	25	26	26	26	27	26	26	26	26	25	24	27	25	26	25	24	26	26	25	27	25	26	24
24	24	25	27	24	25	26	28	27	27	26	25	25	25	24	23	25	26	26	27	25	27	26	26	27	24	26	25
25	26	27	27	26	26	26	26	27	26	25	26	25	25	23	26	26	26	28	28	26	26	26	25	25	24	26	25
20	21	23	25	30	29	26	24	25	26	42	35	23	25	23	25	25	25	27	27	27	25	26	25	25	25	25	25
38	70	89	95	85	66	42	17	4	29	57	66	22	23	22	25	26	26	27	27	26	26	27	25	25	25	25	26
730	791	823	830	813	761	688	582	446	292	117	50	14	18	33	29	21	28	29	25	27	26	27	24	23	24	24	26
955	950	939	938	940	945	961	967	976	959	891	729	522	315	146	58	20	19	27	26	27	28	28	25	25	26	26	28
921	925	922	922	923	921	922	916	915	918	924	948	969	961	880	693	432	197	50	13	22	27	28	25	26	26	25	27
925	923	923	925	929	927	924	924	922	922	919	915	915	915	931	955	974	917	696	338	74	17	20	28	28	27	27	28
929	928	925	926	928	931	927	928	925	931	928	925	927	922	917	915	916	926	963	971	757	313	39	16	24	27	27	25
927	922	929	934	941	941	942	938	930	933	926	924	924	925	926	919	916	915	917	920	960	962	631	156	30	31	24	22
972	1002	1025	1036	1055	1062	1062	1055	1044	1046	1027	1001	967	944	930	925	922	927	928	916	913	919	983	858	288	31	20	23
930	951	973	979	993	1016	976	1002	1039	1012	1013	1029	1066	1065	1051	997	934	927	931	920	913	913	913	951	917	328	35	22
938	944	938	915	593	425	124	134	357	301	259	330	783	883	709	813	966	993	941	913	918	926	919	910	944	904	237	11
939	940	967	957	563	269	61	8	138	258	152	158	617	226	111	160	439	964	1028	971	941	928	926	923	913	958	820	176
960	953	806	898	910	577	246	3	135	232	142	245	576	13	124	55	72	320	567	1037	1043	994	944	932	922	915	963	820
963	973	923	965	942	992	886	567	432	228	153	509	620	9	156	117	74	255	257	773	1047	1052	1036	962	927	926	913	943
942	982	1009	937	980	991	1019	1014	925	856	770	910	874	224	95	250	392	326	504	826	1048	1081	1074	1041	970	930	920	910
961	1068	991	965	1031	930	921	919	901	1014	1030	979	1000	829	485	649	866	775	907	1046	1101	1089	997	1080	1051	965	926	916
956	978	981	949	993	941	915	924	918	918	945	974	997	967	967	978	1000	1039	1106	1128	1141	846	615	1050	1067	1035	955	924
1021	963	954	956	958	989	966	889	899	820	835	970	1008	947	938	950	952	952	1003	1083	1121	1004	1049	1089	1029	1062	1028	943
1065	1043	982	964	944	955	1018	958	926	806	902	1007	990	947	933	938	936	932	924	946	1088	1109	1097	1056	1007	1055	1053	993
1078	1101	1080	985	941	956	981	987	940	951	975	997	957	940	937	937	939	977	1003	978	971	1008	1045	1055	1017	1022	1066	1033
1088	1069	1037	1025	981	953	972	961	965	949	973	949	941	942	939	944	984	1106	1140	1147	1101	1060	1073	1133	1091	1013	1060	1041
1087	1058	1001	1092	982	944	1018	1072	1077	1063	997	949	959	952	959	965	1018	1123	1139	1145	1141	1135	1122	1144	1128	1039	1048	1056
1063	1056	1015	978	951	1032	1129	1175	1172	1141	1081	1004	998	1026	1039	1015	1007	1098	1122	1110	1108	1124	1128	1156	1138	1065	1026	1065
986	974	976	953	966	1052	1112	1152	1154	1155	1068	1025	1084	1114	1132	1118	1045	1075	1109	1127	1122	1095	1092	1118	1109	1053	982	1068
1011	977	1000	1034	1012	1028	1054	1091	1088	1076	1016	980	1064	1124	1138	1137	1113	1096	1123	1162	1162	1082	987	1037	1039	973	959	1065
25	24	24	24	24	23	25	26	25	24	24	26	27	26	26	25	27	22	25	24	22	24	26	26	25	25	25	24
23	24	25	25	25	23	26	26	26	26	27	24	26	25	25	25	25	23	25	24	25	28	25	26	25	25	26	24
25	24	25	27	24	24	27	26	26	24	24	24	27	25	25	26	25	26	25	25	26	26	24	25	25	25	25	24
24	20	22	23	23	24	23	26	28	26	28	25	27	28	25	25	26	25	26	25	25	25	25	25	24	25	25	24
17	37	42	44	41	28	7	6	6	45	79	49	26	27	28	26	26	24	24	27	25	25	25	26	26	24	24	24
621	683	702	689	654	576	476	363	237	124	22	33	10	31	32	27	28	26	26	28	26	26	26	26	24	24	23	27
966	965	953	952	961	961	971	969	939	861	700	466	274	132	45	17	14	22	27	28	27	24	27	24	25	26	25	26
921	922	919	919	920	917	916	920	919	934	960	976	950	845	654	407	174	40	11	15	24	29	27	26	25	25	24	25
923	922	921	921	922	923	921	919	917	923	919	915	919	935	966	974	895	680	368	106	13	17	27	27	25	25	24	24
928	926	926	923	922	926	928	927	927	929	928	924	923	920	913	914	932	967	968	822	452	98	5	22	26	26	23	24
924	920	919	919	923	925	925	927	925	924	925	925	929	931	922	923	915	911	912	951	984	778	286	26	23	26	26	25
959	986	1003	1007	1019	1017	1021	1020	1004	984	964	948	935	929	928	927	919	913	914	914	913	961	951	541	92	20	21	24
949	976	998	1009	1011	1019	1046	1058	1089	1103	1102	1076	1031	1006	970	943	927	917	919	916	913	910	932	989	666	110	28	24
940	942	956	901	252	131	208	211	299	415	500	793	1002	1007	1047	997	983	971	928	927	923	917	915	920	991	628	64	13
942	924	982	942	321	0	12	11	31	79	71	202	835	807	659	379	367	825	1024	954	925	925	924	918	916	981	515	58
938	908	861	924	978	474	57	9	56	115	91	218	788	414	263	51	5	62	533	1030	1001	947	928	926	915	926	972	581
992	996	937	968	957	984	788	662	438	167	162	609	896	306	234	109	35	39	0	447	1051	1035	982	939	925	914	917	964
999	988	953	884	957	1053	1015	915	992	895	867	954	950	495	156	177	151	38	0	156	943	1060	1064	1008	940	929	915	915
955	1002	987	974	978	1025	924	966	1019	966	974	941	949	874	367	247	258	95	116	549	991	1056	1065	1060	996	940	926	910
952	1034	1025	1006	1016	980	883	955	998	903	975	972	945	946	915	812	746	702	768	1002	1092	1090	1085	1057	1057	1000	939	918
965	1000	1032	994	1000	1017	882	899	972	934	981	968	955	939	964	977	976	972	1016	1116	1117	1055	1064	1105	1057	1046	991	927
995	990	986	986	989	990	917	963	998	982	999	963	943	956	960	954	945	942	963	1039	1135	1073	1035	1168	1102	1033	1030	960
1053	1098	1061	955	966	989	967	1006	928	974	994	948	942	949	948	948	944	951	971	994	1083	1144	1153	1206	1164	1063	1027	1007
1085	1086	1043	1009	968	964	988	959	933	976	965	950	946	948	942	949	972	1050	1059	1060	1043	1137	1220	1232	1216	1125	1040	1028
1085	1074	1030	1095	994	959	1015	1056	1038	978	962	971	980	995	989	980	1037	1128	1117	1110	1063	1123	1144	1123	1173	1160	1069	1022
1034	1041	1057	1013	1008	1090	1139	1160	1129	1070	1006	1020	1045	690	881	1006	1057	1128	1088	1115	1107	1079	1099	1115	1115	1147	1075	1038
945	940	983	998	1092	1136	1148	1141	1133	1067	1017	1081	1174	820	909	1126	1094	1102	1116	1118	1125	1077	1092	1123	1116	1042	1010	1050
949	942	946	980	1051	1112	1131	1115	1101	1017	998	1107	1138	1149	1155	1140	1123	1119	1105	1134	1136	979	863	1062	1040	951	979	1043
26	28	27	25	25	26	25	26	25	25	24	24	27	26	25	23	26	24	24	25	23	25	26	23	25	25	25	25
26	25	26	24	27	25	25	25	27	26	26	25	26	24	25	24	23	24	24	25	25	25	25	25	25	26	25	24
25	24	26	26	27	28	28	27	27	26	24	25	25	23	24	25	24	27	25	25	25	24	24	25	25	25	24	25
24	22	21	24	25	27	27	28	29	26	23	25	25	26	24	26	25	26	25	24	24	24	23	26	25	24	25	24
15	18	18	21	17	9	10	20	21	50	61	26	26	25	25	25	25	24	25	26	23	24	24	26	27	25	24	23
411	464	461	420	351	266	194	120	49	36	37	28	23	28	27	26	26	26	26	27	25	24	26	26	25	23	24	26
976	975	975	968	961	942	912	841	715	547	337	154	72	40	21	18	25	26	27	25	27	24	26	24	24	25	25	25
925	921	921	923	919	922	926	941	956	973	963	883	723	496	265	100	17	8	17	25	30	26	24	25	23	26	25	26
924	924	922	924	921	920	920	921	917	917	919	937	956	975	932	766	508	249	66	8	18	27	27	26	24	25	25	27
927	925	926	925	922	924	922	920	923	925	924	919	920	913	928	957	974	915	719	387	97	11	25	27	28	23	28	26
926	922	921	921	922	920	920	922	925	925	926	931	931	923	920	915	915	930	969	966	763	313	27	14	24	28	29	28
944	957	968	972	964	956	954	954	949	938	932	927	926	927	929	924	919	916	910	925	975	934	557	147	27	25	28	27
970	1012	1032	1043	1056	1069	1091	1095	1098	1082	1047	1015	976	953	931	920	926	923	916	915	911	936	983	764	242	22	26	25
951	930	932	968	711	359	484	524	561	686	802	916	1010	1013	1050	1003	977	941	928	928	922	916	919	983	814	212	19	21
915	990	947	976	725	28	0	0	0	0	31	112	698	930	535	403	656	936	973	930	929	925	915	917	982	724	131	29
887	990	992	1001	999	746	203	8	25	24	21	22	563	403	0	0	9	240	795	1008	949	931	926	917	919	967	761	232
961	956	929	927	1017	1036	906	650	252	0	10	233	761	125	0	32	34	0	58	702	1039	1002	947	925	915	908	963	804
1037	958	789	853	936	1023	996	779	884	641	603	828	935	149	0	31	32	40	2	139	972	1076	1027	952	923	915	906	954
1023	985	858	894	885	960	1035	771	900	1008	979	964	988	595	12	0	0	2	5	318	914	1046	1070	1032	959	925	914	912
1004	1011	982	917	855	939	1028	885	917	978	946	940	934	961	722	376	202	212	480	908	1011	1068	1065	1063	1041	964	925	913
973	975	993	987	951	1001	1030	963	1021	973	954	949	946	943	970	985	928	912	989	1115	1100	1116	1094	1066	1058	1031	952	918
943	959	958	972	998	1031	933	843	1001	975	953	958	972	969	957	957	964	990	1055	1127	1083	1119	1106	1107	1066	1034	1004	939
1012	1050	1041	941	951	980	970	1002	982	967	966	956	958	961	973	966	973	1045	1075	1119	1120	1118	1086	1130	1119	1033	1020	983
1064	1094	1091	1026	988	943	969	979	939	947	949	938	946	955	959	961	969	990	1032	1066	1130	1151	1100	1093	1137	1072	1011	1019
1058	1073	1063	1080	1035	965	957	985	1009	1005	1000	987	1000	1006	988	971	977	1045	988	997	1053	1131	1157	1131	1130	1094	1023	1019
995	1037	1053	1033	1030	1042	1062	1062	1043	998	1005	1030	1051	926	974	1013	1031	1065	616	872	1097	1123	1117	1118	1118	1085	1038	1018
951	948	1008	1057	1084	1105	1125	1113	1057	951	1092	1077	1120	1022	997	1057	1116	1084	1037	1154	1120	1099	1104	1124	1117	1004	1034	1023
954	950	983	1057	1132	1137	1141	1131	1072	986	1084	1143	1107	1123	1121	1069	1141	1148	1165	1166	1122	709	584	855	941	954	1026	1030
26	25	25	24	24	23	24	25	25	26	27	27	23	25	28	26	26	24	25	26	26	25	27	24	25	24	25	23
26	25	24	22	24	25	25	25	26	26	26	26	26	26	26	26	24	24	26	25	25	24	25	26	26	26	25	24
23	25	25	25	25	25	26	24	27	27	26	26	25	26	24	25	24	26	26	27	25	26	25	25	26	25	25	24
24	26	25	26	26	27	27	25	26	25	24	25	26	25	26	24	26	27	24	27	24	25	23	25	25	25	25	24
24	23	21	21	18	20	24	25	25	31	29	24	26	24	24	23	26	26	24	25	25	23	24	26	26	26	25	26
156	175	156	119	69	34	32	22	9	65	61	23	24	24	25	26	27	27	26	25	26	24	27	27	27	26	25	24
885	896	877	833	761	677	583	443	281	143	63	16	33	31	24	27	27	25	26	26	25	26	27	28	27	25	25	24
940	937	937	951	958	966	972	972	933	863	698	473	264	109	20	6	15	25	27	26	27	25	28	28	27	24	24	26
922	922	920	921	921	920	919	923	931	939	964	978	926	781	527	253	76	15	6	20	29	27	27	27	26	24	26	25
924	921	923	923	925	923	923	917	917	917	916	917	931	954	979	918	729	434	172	36	7	24	28	25	26	26	27	25
925	923	924	925	925	925	924	923	924	923	924	921	921	911	916	931	963	965	838	546	199	15	12	24	27	25	25	25
928	929	934	940	935	931	925	921	919	921	919	924	927	928	923	913	911	920	953	971	828	421	78	20	23	26	27	25
980	1024	1041	1048	1036	1039	1034	1017	1022	997	969	960	945	929	923	916	919	916	912	923	960	956	672	228	22	20	25	21
957	953	963	982	980	778	814	918	956	988	1037	1049	1032	995	970	954	929	924	922	922	915	936	984	795	250	36	25	22
860	989	959	950	938	436	105	160	149	222	458	703	903	985	916	869	981	983	934	926	923	917	922	983	784	179	27	40
839	1060	984	1015	1011	953	536	52	2	0	18	209	354	715	485	192	360	770	986	952	930	927	919	918	974	766	307	70
910	885	914	971	853	959	1008	725	161	3	81	231	252	488	214	0	0	104	612	979	982	952	928	916	913	967	873	298
986	909	903	902	872	949	1021	1006	727	262	261	237	391	469	164	10	35	0	97	700	1048	1042	969	930	915	910	963	769
1018	994	901	855	930	962	1033	937	952	925	771	660	798	720	221	17	22	9	9	420	1015	1079	1060	993	933	915	910	962
994	993	995	794	850	1031	1042	881	913	939	963	965	954	939	648	241	0	0	141	693	975	1032	1072	1060	999	926	911	918
953	967	977	918	869	941	1025	954	948	931	934	940	932	927	967	809	379	580	842	1004	1021	1055	1060	1059	1051	984	920	913
960	938	956	957	969	1002	984	906	935	944	960	960	969	950	942	972	996	1021	1037	1046	1030	1089	1097	1050	1055	1050	971	914
958	989	1012	948	954	970	959	958	948	963	983	958	951	958	952	949	996	1113	1126	1138	1085	967	858	939	1060	1053	1032	942
1055	1063	1093	1040	1024	952	938	943	942	963	945	951	958	966	952	951	1022	1103	1115	1138	1108	900	391	775	1085	1028	1040	978
1062	1074	1033	1029	1014	975	955	964	962	951	949	969	977	969	964	975	1001	1016	1028	1047	1108	1180	1130	1172	1095	1020	1027	1009
967	1084	1085	1040	1019	999	996	987	970	969	1000	1034	1032	1013	1011	1040	1014	992	969	1043	1113	1158	1217	1204	1118	1046	1016	1038
937	984	1099	1110	1082	1068	1055	1007	942	1000	1116	1127	1143	1137	1061	907	885	1074	1002	1102	1129	1129	1174	1160	1129	1049	1013	1030
967	949	1043	1122	1123	1131	1124	1067	1000	1024	1116	1131	1133	1124	1100	1030	996	1129	1152	1148	1150	896	681	859	1006	1008	1026	1030
23	24	24	25	24	24	23	24	26	27	24	26	26	26	25	26	25	25	25	26	26	25	26	26	25	24	23	24
25	24	24	24	25	24	25	25	27	25	24	26	26	24	27	27	24	24	25	25	24	25	24	26	24	24	25	23
24	23	24	24	26	24	26	25	26	27	26	26	25	25	25	24	26	24	25	25	25	26	26	25	24	26	26	24
24	25	26	26	25	25	27	27	27	26	26	24	24	26	25	25	25	25	26	27	26	24	26	25	24	27	24	24
27	26	26	27	26	26	24	27	25	23	25	26	26	27	27	24	25	25	26	27	26	25	27	25	26	25	25	26
37	28	15	9	6	12	30	30	29	62	34	27	29	28	26	26	26	27	27	25	28	26	26	26	26	25	25	24
468	484	438	358	270	202	144	83	42	53	37	29	38	28	28	28	27	25	25	26	27	28	27	26	24	24	24	26
978	978	972	953	917	864	787	668	502	330	201	96	48	22	20	27	26	25	27	28	27	27	27	25	25	24	26	25
936	936	938	942	949	965	969	977	974	939	850	685	466	243	86	17	9	19	29	29	28	25	27	25	24	26	25	24
922	921	924	923	920	927	921	921	935	941	959	975	967	893	707	434	180	36	2	13	26	26	26	25	25	26	23	22
926	923	924	924	921	926	926	923	918	918	919	916	930	951	977	957	838	577	259	48	1	26	30	23	23	24	22	22
921	918	918	923	921	925	923	921	920	920	919	922	921	918	927	932	961	980	885	594	223	29	37	49	31	20	21	23
978	1010	1020	1027	1020	1018	995	964	954	941	929	923	919	924	929	918	918	925	953	977	855	484	133	74	79	50	24	23
933	980	1015	1042	1051	1055	1026	1039	1040	1027	1055	1033	1000	964	937	924	918	916	912	926	967	961	675	205	98	117	66	29
489	606	832	869	934	950	771	633	654	728	861	978	1034	1070	1020	978	951	921	918	914	915	939	982	762	222	90	133	71
525	688	783	717	805	963	535	58	15	33	57	140	229	514	955	876	898	984	940	918	917	913	928	979	771	257	124	141
911	986	834	866	749	943	767	214	0	27	26	8	0	84	745	534	358	715	1023	983	941	918	911	921	987	884	352	87
907	972	927	911	819	950	901	711	266	0	0	3	0	170	618	245	39	124	662	1035	1039	983	932	914	913	970	894	301
882	1003	977	860	791	962	537	383	775	609	275	100	148	556	539	90	99	214	219	647	1070	1065	1019	944	910	915	971	888
948	1038	1064	816	502	836	417	176	703	1001	961	857	858	980	539	104	332	645	626	774	978	1042	1064	1027	945	912	919	966
973	978	1017	1020	653	769	879	692	920	943	945	952	940	922	917	516	487	969	982	934	936	1000	1055	1061	1029	940	912	927
954	944	953	966	975	1044	1101	1013	957	977	945	938	931	919	955	941	828	1061	957	941	975	1002	1042	1050	1065	1014	927	918
1056	1001	1018	961	975	953	968	930	928	949	967	949	950	941	960	1019	1034	1072	1050	1021	986	673	918	1068	1059	1051	978	918
1116	1099	1091	1038	1049	944	931	944	969	952	957	961	951	952	943	979	1060	1122	1142	1110	1050	359	527	1093	1041	1048	1022	934
1083	1106	1089	1007	983	976	941	945	985	960	931	959	943	953	939	981	1077	1128	1129	1089	1134	1183	1158	1162	1057	1032	1046	978
1028	1045	1126	1098	1028	1006	966	962	969	963	1063	1082	995	953	985	986	1112	1097	1063	1062	1098	1178	1226	1190	1091	1036	1049	1018
1022	979	1092	1137	1122	1074	995	962	940	1067	1141	1142	1108	1023	1050	735	988	1118	1074	1087	1109	1129	1156	1161	1064	1039	1047	1036
983	926	1009	1112	1132	1125	1056	985	1006	1131	1129	1122	1113	1043	1118	878	916	1135	1133	1129	1119	1098	1061	1038	966	1029	1057	1058
26	25	25	25	26	24	24	24	27	25	23	24	27	26	24	25	24	26	24	25	23	26	25	24	27	25	24	24
26	25	26	25	26	24	24	24	27	22	23	27	25	25	26	25	25	27	25	24	25	26	25	27	25	24	25	25
26	25	27	25	26	24	25	25	23	22	26	27	24	25	25	25	28	26	24	24	26	26	26	26	22	24	25	22
26	24	25	25	24	26	26	25	24	24	25	25	25	26	24	27	29	25	24	24	27	26	24	24	22	24	24	25
24	22	26	26	26	28	25	28	24	25	25	25	24	25	24	27	27	25	25	28	25	24	25	24	23	25	25	23
35	19	20	20	22	25	25	28	24	28	24	25	25	26	25	27	26	27	28	27	26	25	25	24	23	26	24	25
59	62	49	30	26	42	49	33	47	72	25	24	26	26	28	26	26	28	30	25	26	26	22	23	25	24	26	23
469	487	469	419	341	254	180	124	74	47	47	54	39	23	24	23	25	27	27	24	26	23	22	25	23	25	25	23
884	890	869	860	845	791	722	620	503	359	222	117	64	29	21	25	29	34	31	26	23	23	24	24	22	26	24	22
950	949	947	952	960	967	964	949	933	883	783	658	475	282	134	59	37	47	66	72	51	30	20	24	25	26	23	23
922	919	921	927	928	934	924	930	943	948	963	965	929	827	646	437	236	95	54	81	116	101	53	25	21	25	21	23
916	915	916	919	921	924	923	921	923	919	922	925	942	963	965	918	787	554	277	95	73	120	123	74	35	21	22	23
940	963	968	972	976	977	968	954	942	929	923	920	918	920	928	948	972	933	791	530	234	82	110	127	75	36	22	27
932	988	1084	1112	1088	1083	1078	1050	1031	1027	1010	974	943	925	926	926	924	940	965	933	746	393	118	104	125	78	33	24
684	594	566	666	958	1021	976	918	1008	1051	1086	1094	1079	1026	963	942	931	916	915	945	966	864	520	139	77	97	80	35
423	525	56	0	371	1021	611	126	249	404	506	657	827	952	981	971	964	931	919	910	922	956	922	619	199	63	100	72
681	933	337	61	161	988	860	82	0	0	0	0	56	248	866	1004	981	992	961	925	916	913	951	955	734	287	59	75
936	1006	602	126	199	919	954	688	217	15	0	29	14	3	632	898	736	849	1036	1019	980	933	910	935	954	763	311	75
925	929	946	327	205	822	468	544	859	636	281	25	213	393	781	832	870	983	1029	1052	1037	1021	964	920	939	955	776	280
972	966	1010	711	296	754	445	504	866	978	934	706	781	886	935	873	1045	1147	1050	1012	1032	1066	1049	983	922	943	930	697
978	946	949	970	771	876	915	874	951	940	930	962	945	931	974	995	1065	1171	566	285	792	1084	1068	1054	980	917	945	897
946	945	950	949	978	1004	1017	984	963	958	943	949	932	912	1000	1034	1012	1081	807	371	538	1027	1060	1067	1045	960	919	939
1029	992	1032	1027	977	941	952	940	962	967	961	946	932	915	987	1063	1017	753	757	817	668	914	1033	1066	1057	1021	929	932
1089	1094	1094	1034	1002	933	928	954	992	964	965	950	938	924	942	1029	895	669	622	984	987	907	1042	1068	1060	1042	993	918
1088	1070	1092	1023	957	968	932	985	1015	982	972	940	959	932	919	971	946	915	904	1051	1125	1145	1164	1093	1056	1063	1039	944
1106	1052	1055	1103	998	966	1002	994	974	1001	1057	1000	959	931	937	967	1023	1057	1076	1120	1121	1146	1165	1124	1048	1062	1045	983
1134	1041	986	1064	1083	995	956	958	998	1090	1124	1081	982	933	966	1010	1081	1090	1079	1118	1143	1138	1124	1095	999	1058	1063	1021
1064	956	927	982	1039	1007	999	1022	1108	1131	1139	1112	980	926	959	987	1005	1062	1085	1141	1157	1162	1149	1013	943	1043	1072	1038
25	23	24	24	24	25	25	24	25	27	25	26	26	27	24	27	25	25	25	26	25	26	25	26	27	26	25	23
25	24	24	23	26	25	25	25	25	26	25	26	25	25	26	27	25	26	26	26	25	26	24	27	27	24	24	23
25	24	24	24	26	24	26	24	26	25	27	26	25	25	25	26	26	27	26	27	25	26	25	26	24	25	25	24
23	23	24	26	25	25	26	26	26	25	26	25	27	25	24	27	28	26	26	27	26	26	24	24	25	24	24	23
20	19	21	24	25	27	26	27	27	26	26	26	26	24	24	28	26	26	27	25	26	25	24	25	24	24	24	22
21	27	22	21	22	24	22	27	26	26	23	25	24	24	25	26	27	27	26	24	27	25	26	24	23	25	23	23
45	28	21	21	26	35	34	23	39	45	43	39	27	19	21	24	26	29	28	25	25	27	23	23	24	23	24	23
43	51	50	53	53	51	62	51	80	74	73	79	85	76	52	33	25	26	26	23	25	25	23	24	22	24	23	23
227	233	195	188	186	128	90	80	79	49	61	81	95	101	121	124	108	78	41	24	23	26	24	24	22	24	24	23
812	769	682	695	695	604	550	447	352	249	130	81	60	71	92	103	120	126	112	79	44	27	25	25	24	23	25	23
965	956	966	963	963	974	955	928	896	816	699	565	347	176	91	72	82	84	89	89	76	46	30	22	21	24	25	23
917	917	917	918	921	931	921	927	937	949	961	959	895	759	539	319	150	83	76	73	65	51	34	31	24	23	23	23
927	923	923	929	939	936	933	931	921	920	918	918	932	959	966	876	654	353	153	75	76	76	54	86	54	17	21	24
944	981	1038	1065	1071	1071	1057	1040	1026	995	953	924	913	915	922	944	962	882	669	349	104	60	96	127	113	48	26	23
954	953	914	911	983	1062	1087	1087	1088	1085	1066	1037	999	948	925	922	930	950	973	859	554	211	24	64	85	51	47	32
813	1011	519	277	379	615	541	698	685	761	916	984	1042	1078	1000	951	936	925	924	958	947	706	323	60	73	67	65	43
552	1040	597	310	415	507	274	501	316	175	285	230	156	400	926	1001	997	961	937	919	932	971	821	408	104	46	45	70
700	952	682	390	595	751	769	905	761	597	518	85	0	0	299	918	1064	1075	1039	987	946	924	959	841	452	89	21	66
951	946	911	730	801	962	982	964	946	941	914	309	0	22	256	1018	1159	1092	1102	1063	1040	981	928	966	849	435	77	0
950	929	950	953	937	936	952	959	932	920	1009	857	270	192	784	1058	1105	1117	974	1068	1063	1044	1013	940	968	800	339	37
940	928	922	933	951	939	970	954	921	954	1033	997	953	905	998	940	1026	1184	891	618	841	1077	1066	1026	944	971	679	245
955	955	964	950	937	927	964	1011	969	1011	1083	943	956	967	967	985	893	754	907	491	221	1016	1085	1057	1016	942	937	525
996	1023	1075	1045	939	929	929	950	965	1047	1087	956	936	936	971	933	283	10	381	750	89	901	1090	1074	1038	987	948	842
1047	1050	1056	972	951	934	932	957	972	1072	1024	946	938	926	983	790	70	74	112	850	441	916	1019	1060	1060	1042	956	960
1100	1050	974	940	970	984	957	981	987	1093	986	930	933	919	958	853	521	670	705	995	1119	1193	1030	1016	1077	1070	1013	932
1103	1110	1059	990	936	933	959	964	1034	1123	987	921	924	919	960	889	752	855	918	1022	1141	1171	1063	993	1055	1065	1045	950
1102	1103	1013	993	966	928	932	1030	1162	1151	1039	954	941	921	935	985	984	1003	997	1025	1046	1132	1084	1006	1019	1067	1063	979
1101	1057	965	947	940	951	1006	1117	1208	1167	1080	984	945	937	919	954	972	977	982	998	1024	1056	1054	988	983	1066	1077	1001
24	24	24	24	24	25	24	24	24	25	25	25	25	27	24	24	24	24	25	27	24	25	24	26	24	26	26	25
24	24	24	24	25	23	24	25	25	25	24	24	25	24	25	25	24	24	26	26	24	25	25	24	26	25	24	24
23	21	23	24	25	25	25	25	24	24	24	24	24	25	24	25	26	24	26	27	24	24	25	25	25	23	25	26
34	29	20	23	26	25	26	25	24	24	24	24	25	26	25	24	25	24	25	27	23	25	25	26	23	26	26	23
81	118	66	32	27	23	24	24	23	23	26	24	24	25	26	24	23	25	26	26	26	24	24	25	26	25	25	24
110	167	129	99	79	49	55	61	51	30	24	22	25	25	28	25	26	26	24	24	26	25	25	26	25	25	23	24
101	157	136	117	119	90	95	104	114	112	87	52	27	23	24	26	25	25	25	23	26	28	25	25	24	23	24	25
93	103	92	96	105	98	106	101	133	127	135	138	127	93	57	35	28	25	25	24	25	27	25	25	23	24	26	26
75	79	75	75	71	56	58	87	123	95	106	110	103	98	90	71	48	30	23	26	24	26	26	25	25	25	24	24
349	319	284	270	230	176	139	106	96	47	48	60	85	91	91	75	50	34	26	22	23	24	25	26	25	24	23	22
997	948	933	918	897	868	817	716	596	442	293	158	75	46	54	69	83	65	33	19	21	20	25	20	21	23	23	24
939	932	933	934	935	958	953	968	986	995	958	841	620	363	164	65	43	60	82	67	34	16	18	49	36	22	22	22
926	916	920	927	924	924	920	917	914	919	933	952	993	988	839	539	234	79	50	69	92	75	35	154	119	17	20	23
982	985	1001	1021	1027	1025	1020	1003	975	948	931	919	913	918	947	992	911	607	253	71	40	82	106	152	207	96	48	20
946	965	1044	1059	1067	1102	1110	1092	1078	1057	1012	975	944	915	909	910	941	1001	926	547	171	50	22	95	117	106	100	75
942	949	988	779	428	462	695	987	1011	985	1002	1046	1075	1029	956	929	924	919	943	1006	817	332	88	69	122	91	81	97
397	963	778	731	168	0	308	865	939	928	1003	909	748	787	966	995	985	938	924	914	981	960	498	118	74	80	50	79
220	908	968	988	785	539	767	925	944	971	1098	705	213	79	438	1037	1093	1057	1003	960	925	944	999	598	140	45	34	49
665	958	940	964	990	989	975	932	940	938	1093	839	261	135	493	1113	1111	1113	1080	1060	1021	953	932	999	639	150	36	17
941	937	942	934	943	938	945	913	920	931	1103	1139	779	421	715	1123	844	696	1003	1102	1054	1036	971	925	1002	601	137	32
931	928	932	939	929	935	982	948	939	984	1158	1137	1013	741	802	1032	987	729	817	1115	1066	1053	1043	988	930	981	490	113
944	961	967	936	932	928	938	959	940	1018	1170	1037	1011	947	918	983	912	986	884	986	1016	1045	1060	1029	978	940	933	342
955	1034	1021	969	933	930	932	939	937	1053	1150	964	984	956	958	936	392	415	845	1052	987	1050	1057	1061	1031	976	962	796
969	993	991	992	950	939	947	964	955	1091	1047	953	956	968	978	942	370	401	529	1010	1040	1039	1049	1075	1062	1042	936	974
1080	1045	953	925	935	974	993	958	996	1096	942	961	955	938	955	993	592	593	653	973	1099	1068	1113	1047	1074	1057	995	924
1108	1113	1064	965	926	932	948	946	1104	1027	922	957	954	926	944	1000	828	757	803	956	1169	1296	1171	1007	1067	1065	1038	935
1101	1109	1074	1006	947	954	933	1043	1186	1029	928	946	933	926	936	1014	970	927	926	990	1047	1244	1131	956	1054	1073	1059	964
1104	1111	1046	939	934	1004	964	1039	1156	1074	947	980	945	925	932	955	1019	1015	1009	1004	971	1003	970	946	1033	1074	1063	985
24	24	23	25	23	21	24	25	26	24	24	24	26	27	24	25	25	26	26	28	26	25	25	25	24	27	25	27
25	24	22	24	22	23	24	26	26	24	26	25	26	25	25	24	26	25	28	26	25	25	25	24	25	26	26	25
20	21	24	25	23	26	24	26	25	25	26	25	25	25	25	24	25	26	25	26	25	26	25	26	24	27	26	28
69	45	20	22	24	23	27	26	25	26	25	25	26	25	25	24	26	27	26	27	24	27	26	25	26	26	26	26
200	182	86	48	28	22	25	25	24	23	26	27	25	25	27	24	27	27	26	24	23	25	27	25	27	26	27	24
216	201	174	147	94	68	58	46	30	23	27	27	26	27	26	24	27	24	24	24	24	28	27	27	27	26	25	26
138	179	178	150	148	109	84	69	54	41	30	24	27	25	30	28	25	24	24	26	25	28	28	29	25	25	27	26
112	146	159	129	127	100	96	83	94	96	71	46	28	28	27	25	25	25	25	27	24	28	26	25	24	25	26	26
127	133	110	115	91	65	47	70	106	64	70	85	60	30	25	19	20	24	25	24	23	25	24	26	27	26	24	27
542	528	492	445	409	343	281	215	178	94	48	28	65	81	76	74	49	30	20	22	27	22	23	27	27	26	25	26
989	968	959	941	936	926	900	851	773	653	502	323	166	70	25	38	73	86	55	24	17	21	25	21	22	25	24	27
929	927	928	926	919	937	939	941	956	969	982	928	810	609	366	158	37	21	75	102	63	26	16	53	49	24	26	25
933	921	923	926	938	933	924	919	916	921	923	930	965	988	937	777	513	237	57	35	80	115	55	136	153	24	20	24
1002	974	971	983	980	968	965	953	932	923	920	924	922	916	925	963	974	850	557	229	44	39	91	114	214	118	65	20
995	1027	1061	1077	1093	1081	1076	1062	1051	1006	966	944	930	926	917	915	920	956	978	821	461	143	26	87	111	109	109	93
915	933	989	993	887	947	1029	1042	1039	1028	1040	1023	986	952	926	919	918	911	919	961	959	668	257	64	106	100	65	100
175	826	905	752	167	563	387	341	466	687	998	1061	1079	1043	987	949	934	926	926	919	945	991	813	365	80	82	77	82
106	860	892	904	556	520	187	196	282	448	952	1192	1079	967	995	993	1034	1009	965	947	929	935	980	882	432	75	16	40
771	954	952	969	986	760	458	520	513	680	1063	1163	1067	936	944	987	931	1064	1073	1032	1000	946	924	965	911	466	74	10
952	927	927	943	948	960	972	955	929	940	1055	1098	1025	975	949	1030	775	670	1056	1091	1067	1031	969	923	960	896	428	55
934	932	941	937	936	937	979	957	964	950	1024	1053	967	956	963	1012	966	680	821	1029	1091	1068	1033	966	918	960	851	353
967	945	940	937	931	928	954	945	954	948	1023	1001	977	958	933	1003	994	1050	816	889	1144	1067	1049	1019	976	917	962	757
1022	1016	955	952	927	929	935	932	950	962	1013	974	1025	971	932	1034	935	958	1051	1008	1179	1102	1043	1037	1039	968	921	949
954	958	948	998	971	949	964	943	950	978	977	935	1004	929	918	1021	904	886	1125	1283	1261	1171	1037	1045	1046	1037	939	935
1045	1047	970	931	934	937	975	975	958	961	955	955	935	966	955	988	961	956	978	1152	1220	1149	1079	1049	1055	1050	993	917
1111	1113	1084	979	935	923	930	928	961	938	972	970	943	944	972	1003	921	834	944	990	1101	1179	1057	1041	1074	1066	1032	936
1101	1107	1093	1004	957	983	923	935	973	929	944	964	953	942	948	976	1004	955	948	995	1027	1152	1106	980	1070	1069	1054	963
1102	1124	1109	936	948	1020	958	964	955	957	988	965	943	934	954	984	1018	915	896	1011	1029	1069	1018	970	1065	1049	1045	981
24	24	22	23	23	23	23	25	24	25	24	26	24	25	25	23	27	26	25	26	27	26	26	24	26	26	24	24
25	23	24	23	23	24	25	25	24	24	26	24	24	25	25	24	26	26	26	25	27	27	24	25	27	25	24	25
23	23	26	24	24	25	25	24	26	24	26	25	26	23	25	23	24	26	26	25	26	26	25	25	27	25	25	24
31	24	25	26	26	25	25	25	26	24	24	27	25	25	23	22	22	27	26	28	25	26	26	26	25	25	24	24
77	34	24	24	23	27	26	26	25	26	24	25	25	26	24	23	23	25	26	26	25	26	27	24	26	26	25	23
86	60	40	30	25	22	22	24	26	25	23	25	25	26	25	24	24	23	24	25	27	26	26	25	26	26	26	25
92	120	142	98	79	48	26	20	21	40	32	20	26	27	26	26	23	24	26	24	27	27	27	27	26	26	27	23
83	103	108	93	91	88	69	64	52	77	65	56	24	23	24	24	24	24	23	24	24	26	26	26	24	25	24	23
323	321	299	286	248	190	121	97	99	48	30	56	67	48	46	30	20	20	22	25	22	25	26	25	25	24	23	25
945	932	917	898	879	841	791	712	624	483	332	190	111	72	53	77	76	51	25	19	21	23	23	24	23	23	24	25
932	935	937	938	941	944	948	959	967	964	931	854	701	493	267	107	46	61	78	51	22	21	24	18	19	26	25	24
921	920	921	917	916	933	920	916	921	922	940	952	979	974	896	717	443	182	62	86	94	51	15	63	55	21	25	25
927	924	921	922	932	956	938	932	928	921	921	913	921	924	941	972	963	828	524	194	60	109	74	135	172	40	21	22
979	960	944	943	943	939	932	923	916	918	920	923	921	918	912	915	935	967	966	822	472	126	63	83	205	133	95	43
1014	1057	1050	1047	1046	1029	1036	1025	1005	969	938	920	919	925	923	921	915	914	928	966	959	713	279	78	110	104	84	106
941	994	1060	1084	1092	1090	1098	1092	1096	1101	1070	1011	958	930	925	919	920	920	913	912	947	976	842	407	123	114	64	85
592	783	354	712	588	965	631	691	635	653	901	1065	1057	1012	964	939	924	920	925	922	918	931	969	904	492	127	75	91
661	834	139	451	473	623	222	366	41	0	403	1149	1060	1097	1115	1021	1017	985	942	940	935	933	921	957	938	562	103	35
952	953	663	768	983	803	496	509	25	56	767	1130	1034	1056	1062	706	788	1094	1050	1005	975	939	923	919	953	950	576	84
940	940	967	958	963	964	976	895	519	701	982	989	976	971	935	650	253	643	1103	1067	1046	1018	957	924	919	950	935	534
941	947	940	939	937	943	964	958	979	959	931	942	948	960	957	991	519	241	1063	1129	1058	1049	1021	981	926	919	954	891
948	926	942	942	931	936	969	955	953	953	947	954	961	956	952	1001	1090	1045	1255	1197	1084	1065	1049	1029	992	925	918	948
1026	964	961	971	928	935	950	936	929	935	946	948	955	981	984	936	999	1151	1160	1129	1112	1064	1062	1053	1052	979	921	921
964	951	944	997	981	960	968	950	972	950	935	937	983	992	1007	988	954	1066	1151	1148	1153	1039	1052	1059	1039	1047	948	919
1045	1036	957	929	946	943	935	957	961	959	961	937	1011	994	953	1024	946	945	1050	1162	1225	1296	1099	1019	1048	1057	1001	926
1110	1111	1064	961	933	923	928	924	925	943	964	936	954	1015	1023	1027	947	938	934	1044	1211	1250	1027	1008	1064	1046	1038	941
1099	1101	1098	990	969	988	954	957	938	935	968	952	949	965	900	904	921	944	956	972	1060	1093	992	989	1070	1029	1045	963
1103	1119	1094	931	962	1018	1003	1000	975	972	958	950	939	1009	893	948	937	882	990	1007	988	1052	1028	980	1072	1044	1045	979
24	27	26	25	26	25	26	26	25	26	25	25	24	26	26	25	24	26	25	26	26	25	25	25	25	26	23	24
24	26	27	25	26	25	26	27	25	24	26	25	23	25	27	26	26	25	24	26	24	26	24	25	26	25	23	25
26	26	28	26	27	27	25	25	25	23	25	26	27	24	25	25	26	24	23	26	25	26	24	25	25	25	24	25
24	26	30	27	26	27	24	25	26	24	26	27	26	27	24	23	24	26	24	25	25	25	26	26	23	25	25	26
16	18	20	22	25	28	28	24	25	26	27	27	26	28	23	23	23	26	25	23	25	26	26	23	25	26	25	24
35	56	66	57	51	32	24	25	28	24	23	25	26	27	26	25	22	24	23	23	25	27	25	24	26	25	25	25
83	111	145	110	84	71	49	48	28	52	65	31	23	27	27	25	24	23	25	23	24	26	25	24	25	23	25	23
101	112	102	115	110	95	69	55	43	61	47	69	34	21	22	21	22	23	21	22	22	23	26	24	23	23	25	24
731	747	765	760	730	674	581	472	354	229	108	49	60	49	63	49	30	22	19	24	24	22	23	26	24	24	23	25
967	959	957	960	960	965	974	979	970	927	843	704	499	284	121	69	78	81	47	21	22	23	21	25	25	24	23	24
919	920	921	921	921	916	913	915	916	928	947	975	991	957	812	545	243	72	53	71	42	23	23	19	22	24	25	24
923	923	923	922	921	932	925	921	923	922	920	919	920	940	962	997	951	718	353	112	91	74	24	61	59	17	24	25
926	923	921	925	922	927	928	924	925	926	920	919	918	921	916	918	933	981	985	749	325	83	62	123	179	50	27	19
957	942	935	937	924	925	923	920	917	920	922	921	923	918	917	918	916	912	922	983	978	622	177	55	190	141	103	57
1035	1053	1041	1039	1018	1005	1001	979	959	940	927	920	920	922	922	924	919	918	913	913	940	998	839	326	100	105	75	98
975	1062	1084	1083	1086	1070	1063	1063	1083	1066	1029	984	939	929	924	920	923	923	918	915	913	915	971	931	444	104	64	76
958	682	389	730	904	1065	1048	995	918	996	1058	1094	1079	1009	958	938	923	919	926	924	921	916	913	950	966	514	73	73
974	645	239	609	810	1036	939	374	60	97	637	960	805	805	1071	1017	1014	977	940	931	929	922	913	911	942	987	549	47
931	955	702	775	1008	1000	988	279	0	26	843	876	779	936	1079	650	879	1108	1035	991	958	933	921	918	915	933	989	536
940	959	979	962	969	897	935	648	114	564	1087	1099	1120	1087	1021	569	329	811	1098	1055	1033	1000	956	926	918	915	936	967
944	948	950	985	1030	975	874	1107	968	1038	976	956	956	959	1018	1023	669	601	1068	1052	1070	1043	1023	985	928	916	917	936
955	935	941	994	1061	1049	1080	1091	1026	967	959	952	953	945	946	1077	1196	1160	1004	1028	1088	1063	1049	1033	1004	930	917	917
969	982	943	961	967	968	981	981	960	938	938	934	948	937	938	945	1003	1106	1136	1126	1118	1051	1061	1071	1055	988	920	917
944	951	963	984	966	946	943	928	956	961	950	943	935	937	948	948	950	1024	1128	1119	1129	1037	1016	1072	1047	1049	948	917
1066	994	936	973	987	964	939	965	981	970	930	958	1023	1003	1018	984	935	958	1053	1130	1138	1164	1022	1035	1058	1060	1004	925
1119	1101	979	930	932	930	942	984	950	949	946	932	1013	1006	1051	1026	939	955	953	1113	1262	1238	989	1008	1056	1020	1038	941
1098	1103	1036	966	948	962	951	971	982	958	964	933	993	1013	925	925	887	896	981	1055	1153	1078	945	999	1051	1018	1050	959
1115	1140	994	928	961	990	974	1002	992	937	942	934	943	1128	931	929	738	705	1100	1160	720	864	970	994	1049	1061	1060	966
24	26	26	26	26	25	25	24	24	25	26	27	25	26	26	25	26	25	27	26	26	25	26	25	28	26	26	26
24	26	24	27	26	25	24	26	26	24	27	25	26	24	26	27	27	25	26	26	25	26	27	27	25	27	25	25
27	27	26	27	27	27	24	26	26	24	26	27	26	27	25	27	27	25	24	27	26	26	26	27	25	26	25	26
26	25	28	27	26	26	26	25	25	27	27	26	27	28	26	25	25	26	26	24	27	26	27	27	26	25	27	25
24	29	22	23	27	26	28	25	26	28	25	27	25	27	27	26	24	29	25	24	26	28	28	25	24	26	26	25
62	98	140	104	73	49	22	25	25	27	27	25	26	27	28	26	28	26	26	27	27	28	25	25	25	26	26	25
76	81	79	76	72	66	51	63	47	37	81	53	23	24	23	24	25	24	24	26	23	22	24	24	24	23	25	24
242	278	300	309	301	252	176	104	76	55	45	52	51	25	20	18	20	26	25	23	21	23	25	24	24	24	25	25
935	945	958	958	953	939	898	824	682	524	369	224	126	61	56	57	43	31	23	21	26	26	24	25	25	26	24	27
928	925	923	920	921	923	926	942	963	976	972	942	832	616	352	139	63	84	70	35	22	26	22	24	26	25	26	24
924	921	920	922	920	922	926	920	917	915	915	918	940	976	984	869	556	221	58	56	62	27	24	17	20	24	25	22
924	923	922	922	925	926	924	921	921	919	918	917	912	925	910	935	988	952	699	302	83	66	32	66	98	20	17	24
925	925	925	927	927	922	918	922	919	919	923	918	914	924	917	913	911	919	970	984	705	236	50	121	242	97	40	19
948	929	927	930	924	922	922	924	920	922	921	919	921	922	925	919	916	917	910	924	978	942	504	101	190	195	145	109
1039	1031	1025	1016	995	981	962	941	934	924	919	927	922	919	921	922	924	924	917	914	913	932	993	689	178	117	76	100
1029	1072	1078	1083	1077	1075	1058	1033	1041	1023	981	948	924	924	925	924	926	926	926	918	916	914	914	989	799	242	60	73
988	1016	986	1023	1027	1035	1054	1057	1094	1106	1089	1087	1021	982	950	931	923	915	924	928	918	914	912	911	971	869	274	36
1027	1055	995	980	979	851	560	455	316	546	869	824	1075	1060	1043	1014	1007	970	931	926	929	922	914	918	912	959	900	280
964	1000	1024	963	942	842	499	306	67	527	828	719	1085	1121	1132	1139	1113	1080	1039	989	948	929	927	919	916	917	950	905
949	942	956	925	972	874	758	876	793	1068	1170	1122	1091	1105	1166	1033	776	844	1156	1069	1032	994	950	930	923	925	920	943
945	941	1001	1132	1139	1020	797	1151	1144	1173	1086	970	960	995	1098	1128	994	992	972	948	1085	1051	995	972	931	917	922	925
946	940	983	1131	1151	1174	1221	1203	1153	1089	962	954	952	958	973	1093	1242	1182	368	569	1116	1050	1063	1050	983	928	925	922
961	975	928	957	1048	1048	1066	1116	1055	970	947	948	951	944	942	970	1015	1187	1204	1197	1091	977	1064	1080	1056	975	926	917
949	957	964	942	945	942	937	947	935	944	960	945	947	947	942	948	940	1039	1190	1167	1007	1051	1012	1066	1066	1047	948	922
975	950	935	992	994	949	941	936	958	947	931	997	993	991	980	947	950	967	1096	1232	1174	1159	990	1045	1062	1058	1002	933
1078	1029	933	936	940	940	946	951	947	957	931	986	902	851	1044	999	963	867	970	1188	1250	1154	983	1015	1044	1045	1047	941
1103	1088	958	947	939	938	945	947	980	977	957	965	968	920	1026	848	998	1069	1059	1147	1142	1016	975	998	1020	1070	1062	954
1107	1077	951	971	972	952	999	1027	1029	957	947	942	967	1087	1109	854	1106	1183	1179	1187	982	920	997	992	998	1057	1047	949
24	26	23	22	23	26	24	23	25	26	25	25	27	26	26	28	27	25	27	27	26	26	28	27	26	26	27	24
25	23	23	26	25	24	24	25	25	25	26	26	26	26	27	28	26	25	27	26	27	27	27	27	25	27	26	24
22	24	25	25	25	24	25	25	25	25	27	26	25	27	27	25	27	27	27	27	27	26	29	26	26	27	27	24
23	21	23	25	22	26	26	26	25	27	26	26	26	26	26	27	26	28	28	28	27	28	28	26	27	27	26	24
30	48	40	35	32	26	26	27	27	28	25	25	26	28	26	28	27	28	28	28	27	28	26	28	28	24	25	25
76	99	157	117	75	58	27	34	25	29	30	29	26	28	26	27	29	26	28	28	27	28	26	28	26	24	24	24
54	59	44	51	63	53	33	50	50	24	77	70	28	24	22	25	25	26	26	27	23	26	28	27	25	24	24	24
426	468	499	500	490	440	351	241	153	76	45	23	52	31	24	20	22	26	27	26	26	27	28	27	24	25	26	24
971	972	971	970	969	971	970	946	886	771	608	412	237	116	61	56	50	34	24	24	30	27	28	26	25	26	25	23
914	917	916	916	917	912	912	919	930	944	964	972	935	794	546	267	97	73	81	52	28	26	26	25	26	26	25	23
919	921	918	917	919	918	926	920	913	916	916	912	918	941	976	950	738	360	130	72	74	39	24	23	21	24	25	25
920	917	916	921	918	921	920	921	918	918	917	915	914	931	915	916	953	976	818	444	121	69	42	52	97	27	20	25
923	921	922	920	921	920	919	923	921	922	920	920	921	923	918	912	912	910	949	999	843	394	84	82	183	99	40	25
930	922	922	923	936	924	924	924	922	926	921	920	923	923	923	922	924	914	916	914	943	984	690	174	116	155	105	93
1006	992	988	981	964	945	931	919	920	922	919	922	926	918	920	921	921	925	919	915	913	916	973	857	304	80	36	65
1068	1080	1075	1078	1079	1064	1041	1013	988	977	948	933	926	919	920	924	927	924	929	924	917	916	911	953	939	436	62	71
1005	1040	1040	1035	1034	1065	1092	1103	1117	1095	1071	1042	1006	976	971	941	924	922	927	930	920	914	917	914	935	976	499	41
1004	1013	970	941	957	756	347	367	529	829	1072	1100	1109	1074	866	924	1025	985	940	920	924	925	917	915	914	924	976	565
981	961	944	934	922	597	11	0	197	876	1063	1092	1103	1093	608	675	1117	1083	1044	1006	949	927	928	916	915	919	919	966
954	940	956	963	897	797	597	638	995	1155	1113	1031	999	1044	958	1133	1083	979	1096	1058	1041	983	936	933	922	923	919	919
947	952	990	1093	1084	1060	1165	1159	1145	1140	1075	971	876	836	1030	1168	1133	1104	989	973	1054	1051	1009	956	933	921	923	922
960	970	988	1086	1042	998	1123	1176	1146	1076	964	957	933	832	878	1004	1071	1131	838	730	1066	1042	1075	1034	960	927	921	918
951	951	947	992	1009	1070	1083	1112	1031	956	943	958	957	957	953	947	967	1098	1196	1197	1048	992	1038	1058	1032	955	926	918
954	960	968	955	988	1009	962	947	938	935	938	944	943	948	943	944	949	1091	1207	1162	1047	1029	1000	1034	1024	1020	941	928
950	948	951	970	965	972	946	941	949	932	966	1014	1004	1012	977	928	936	1084	1230	1238	1209	1053	1020	1008	1028	1053	987	934
977	943	944	956	956	952	948	935	956	937	949	995	958	928	1045	957	890	761	1109	1275	1211	997	1036	1001	1007	1059	1014	933
1094	1005	937	938	934	960	945	993	989	943	943	1018	978	953	1017	920	1118	1068	1121	1126	1002	947	1065	1061	1030	1034	1012	941
1109	1029	953	981	973	951	1018	1070	1065	1025	950	955	996	1005	957	965	1193	1239	1200	1040	917	951	1155	1244	1228	1082	983	959
