917	910	912	912	925	937	939	938	938	942	950	991	1132	1230	1184	1087	1045	999	936	935	923	922	919	918	921	923	918	917
929	924	925	923	921	923	925	921	923	922	928	929	963	1075	1207	1215	1172	1099	1003	942	925	923	923	927	922	916	911	920
953	947	940	939	944	947	946	938	932	926	921	917	919	932	1099	1282	1280	1240	1162	997	950	925	916	919	924	922	911	917
1005	998	990	968	951	943	949	949	934	931	941	938	932	926	979	1172	1270	1281	1239	1131	1046	982	934	916	918	927	912	914
1044	1046	1042	1032	1023	999	974	952	938	931	939	945	934	926	920	1002	1233	1269	1244	1250	1165	1052	977	933	908	917	926	914
1054	1053	1054	1049	1048	1045	1028	997	969	950	936	942	937	943	931	922	1048	1267	1231	1220	1172	1092	1031	985	943	917	917	923
1054	1060	1056	1059	1060	1060	1045	1021	1004	974	949	939	936	938	934	927	931	1088	1281	1146	1082	1132	1131	1027	966	924	911	925
1058	1059	1058	1059	1058	1057	1051	1042	1023	994	969	948	933	939	946	930	935	893	926	1176	1122	1080	1163	1106	991	939	919	919
1059	1055	1058	1060	1053	1051	1053	1048	1034	1026	1013	985	954	956	963	939	935	810	335	619	1132	1143	1091	1186	1079	983	942	917
1052	1052	1055	1058	1060	1060	1057	1056	1048	1038	1023	998	966	951	959	928	930	743	228	196	507	1073	1143	1130	1231	1040	977	924
1050	1053	1051	1053	1052	1055	1056	1064	1066	1051	1034	1012	973	934	940	922	905	583	169	164	236	536	1103	1132	1222	1178	1015	954
1053	1054	1051	1051	1052	1061	1059	1062	1067	1066	1061	1043	996	950	931	922	857	409	143	155	242	190	547	1080	1147	1250	1049	994
1052	1053	1055	1055	1059	1066	1064	1063	1062	1065	1054	1039	1015	980	942	926	857	320	130	159	206	167	197	635	1064	1173	1114	992
1052	1056	1051	1056	1058	1059	1060	1061	1060	1064	1058	1030	998	969	951	930	771	249	121	161	160	171	205	250	714	1054	1119	991
1060	1056	1057	1061	1063	1061	1060	1062	1064	1062	1053	1029	995	958	937	929	613	197	136	139	174	177	223	209	354	823	1044	1002
1059	1059	1059	1061	1060	1061	1063	1062	1063	1063	1053	1032	985	938	930	881	417	143	126	188	177	188	218	235	292	593	954	1007
1057	1059	1062	1064	1058	1059	1062	1064	1059	1056	1037	1010	973	936	940	704	242	138	129	147	140	172	207	220	343	544	887	980
1056	1060	1062	1064	1061	1056	1057	1057	1056	1049	1027	986	954	937	814	373	166	123	173	134	129	196	181	177	239	435	812	965
1058	1058	1056	1053	1052	1059	1056	1061	1049	1039	1005	950	925	833	486	220	183	127	174	133	135	203	158	162	184	204	502	917
1056	1062	1063	1062	1059	1067	1063	1056	1042	1015	969	934	885	628	268	180	149	109	167	144	178	194	175	183	182	184	267	694
1060	1063	1062	1066	1065	1067	1068	1048	1019	978	945	923	769	376	173	157	152	141	144	162	169	168	147	147	153	158	164	414
1059	1066	1062	1069	1074	1076	1074	1051	1004	967	947	879	543	260	153	129	149	134	125	137	153	157	147	145	159	155	135	225
1062	1068	1069	1081	1084	1088	1076	1036	994	975	957	777	394	227	161	149	149	129	121	134	141	133	135	159	143	122	126	150
1070	1069	1077	1085	1093	1098	1070	1024	1009	983	943	666	286	168	114	129	127	115	111	117	123	113	140	139	118	130	149	135
1066	1068	1080	1090	1099	1091	1031	994	969	893	805	477	216	121	104	109	123	108	108	101	102	143	138	135	117	131	150	129
1061	1070	1079	1091	1092	1042	968	909	818	687	486	293	177	108	104	95	112	102	112	105	135	154	131	146	117	153	142	137
1062	1070	1069	1069	1017	903	792	664	556	431	259	207	116	97	106	99	101	96	110	128	168	115	133	128	129	151	129	145
1058	1046	1013	936	760	592	462	363	305	246	211	138	101	92	92	101	131	150	150	160	137	162	190	191	224	148	150	162
919	913	911	913	915	916	922	927	935	970	1025	1099	1157	1168	1167	1148	1104	1025	949	929	922	918	918	920	929	923	918	916
943	927	915	911	909	914	906	908	910	913	917	948	1027	1137	1172	1163	1153	1135	1048	958	950	930	918	921	923	926	915	921
944	936	933	932	934	930	919	914	914	911	908	908	916	974	1113	1166	1144	1149	1159	1099	1061	991	935	914	918	926	917	912
937	930	926	920	928	922	924	921	916	921	921	910	908	904	964	1118	1153	1130	1138	1160	1235	1129	999	928	915	921	923	912
961	958	959	944	938	922	923	922	911	909	917	919	904	905	906	967	1092	1138	1129	1142	1209	1260	1089	986	925	912	922	923
1002	996	990	982	974	955	938	923	910	910	916	922	916	906	908	909	964	1082	1148	1176	1182	1241	1173	1019	965	919	916	919
1027	1027	1021	1016	1010	971	955	930	914	916	920	920	923	919	907	904	904	969	1136	1273	1214	1111	1200	1084	1014	962	925	915
1049	1045	1041	1034	1029	994	964	950	926	919	913	914	920	922	915	911	906	909	923	945	1066	1086	1099	1171	1055	1022	958	921
1063	1059	1051	1045	1031	1003	981	963	948	945	933	923	925	942	919	905	906	887	584	339	527	944	1080	1164	1108	1038	1013	945
1058	1056	1040	1041	1027	1019	999	984	975	954	939	932	933	947	916	905	906	879	537	210	167	353	804	1065	1122	1037	1045	1004
1051	1047	1045	1031	1029	1034	1023	1004	982	957	946	930	930	947	927	906	904	820	572	288	156	151	347	715	1035	1034	1029	1037
1049	1054	1055	1038	1043	1037	1024	1016	997	975	959	939	936	942	933	919	915	773	535	327	188	149	182	285	734	993	1003	1034
1051	1059	1060	1049	1046	1037	1035	1024	1004	983	963	947	941	944	923	912	903	637	416	349	268	192	171	166	329	837	995	1018
1061	1064	1059	1060	1050	1043	1038	1026	1009	985	968	969	961	943	919	924	820	406	299	310	349	301	205	174	154	501	962	1031
1065	1067	1071	1069	1062	1052	1048	1036	1020	985	958	955	962	941	923	925	613	241	253	277	327	405	361	250	189	252	789	1031
1072	1071	1078	1076	1067	1061	1055	1041	1025	999	965	944	935	935	927	847	355	200	242	282	331	398	510	499	376	299	655	977
1079	1077	1078	1068	1069	1064	1052	1034	1020	996	963	942	932	930	917	553	215	233	244	298	360	451	553	648	614	468	706	917
1076	1078	1077	1076	1073	1070	1055	1034	1009	984	954	937	937	930	696	277	217	251	297	349	427	500	499	431	369	294	468	854
1077	1080	1077	1075	1071	1076	1050	1013	989	972	949	934	927	749	384	283	312	299	333	391	401	378	273	172	145	125	163	644
1069	1076	1079	1081	1079	1080	1053	998	972	958	943	940	846	460	304	300	277	267	281	291	226	167	139	140	131	129	125	365
1076	1081	1081	1079	1083	1085	1041	991	968	945	927	881	556	250	192	199	179	158	153	152	133	130	131	137	119	162	134	190
1078	1082	1079	1073	1072	1066	1010	959	938	890	831	662	242	131	134	134	139	138	132	133	124	139	123	144	142	147	125	138
1081	1075	1071	1052	1038	1005	927	873	837	756	650	397	118	118	139	133	132	128	120	135	143	132	121	174	173	149	137	140
1084	1069	1052	1012	959	890	797	734	644	529	413	240	105	119	129	144	121	112	110	119	146	133	180	152	135	145	148	143
1073	1054	1018	951	871	750	606	513	404	307	224	148	109	121	124	155	126	111	112	128	173	185	175	129	140	137	140	139
1045	1004	942	854	720	551	401	303	216	160	137	112	129	126	130	163	137	116	127	197	194	176	123	151	171	135	130	141
981	918	808	640	451	325	229	180	129	128	125	114	141	139	140	180	149	116	210	243	178	121	138	201	169	137	137	142
871	757	570	374	238	165	142	134	134	135	141	125	120	134	152	175	149	181	242	180	139	158	247	209	162	147	163	172
1006	993	978	958	946	928	914	909	906	918	949	998	1064	1119	1144	1149	1147	1100	987	980	1003	948	926	925	928	930	923	912
998	996	972	953	936	924	909	901	902	906	906	921	953	1020	1093	1144	1154	1151	1154	1179	1054	1002	947	924	924	925	920	919
998	991	983	965	947	926	918	909	904	905	907	908	910	929	985	1074	1134	1151	1172	1321	1200	1027	1004	946	922	925	921	914
997	985	976	968	951	933	919	913	913	907	908	909	913	914	923	972	1055	1143	1184	1240	1365	1097	1029	1004	939	925	926	913
986	971	965	952	941	934	919	919	914	912	910	915	911	909	908	915	956	1086	1201	1206	1302	1308	1050	1037	982	930	923	921
972	964	951	941	932	923	921	918	915	915	912	911	907	910	911	910	908	957	1108	1214	1273	1419	1118	1032	1030	968	930	922
974	961	951	941	927	913	922	923	916	921	924	918	910	909	907	907	904	901	902	982	1194	1205	1108	1037	1048	1026	968	928
990	970	951	937	929	920	912	914	911	914	918	919	920	906	909	906	901	910	845	490	535	846	1039	1041	1053	1058	1032	967
1013	988	971	942	922	910	917	928	932	926	921	922	918	917	916	913	911	914	882	486	234	337	758	991	1021	1050	1057	1030
1017	989	990	945	930	930	935	940	929	919	919	923	924	917	910	908	911	917	892	627	317	181	313	794	964	1030	1039	1039
990	988	977	954	943	948	948	929	910	907	916	924	925	915	913	910	914	918	920	793	503	294	204	396	860	980	1018	1017
996	1000	985	975	968	951	936	929	926	916	913	924	929	913	912	913	914	924	925	870	695	469	316	251	630	922	998	1003
1013	1021	1003	982	960	937	926	924	928	937	936	935	922	910	913	909	913	926	911	893	817	656	498	369	462	854	951	1023
1023	1021	1009	987	966	953	938	931	929	944	945	942	924	913	913	917	915	900	876	878	886	823	702	570	485	717	907	986
1013	1017	1014	998	976	952	941	934	927	933	938	931	920	909	910	911	896	854	848	867	884	894	860	790	686	648	834	923
1035	1040	1053	1019	986	969	950	935	930	932	930	916	916	910	915	919	872	827	840	871	891	910	922	898	823	692	748	883
1060	1063	1061	1038	1003	980	957	945	940	937	923	911	907	910	912	895	851	835	851	875	878	849	774	637	464	327	454	845
1056	1058	1045	1035	1009	980	952	937	922	908	911	916	909	901	874	818	778	753	721	685	610	494	351	223	144	122	184	713
1051	1044	1034	1005	976	957	933	931	920	908	886	858	808	749	684	622	563	496	430	359	277	188	137	121	116	143	138	484
1047	1032	991	944	905	879	887	909	871	818	744	653	574	490	431	385	296	238	203	166	137	128	136	118	110	139	142	271
1028	970	921	860	792	755	769	771	699	616	489	369	287	251	231	212	144	134	128	131	123	118	159	138	116	152	142	169
959	896	821	743	658	590	559	520	445	361	263	188	147	129	175	138	139	146	127	140	131	128	185	147	120	152	151	152
857	782	696	591	506	408	335	299	246	184	157	120	122	130	208	155	155	148	127	156	142	180	188	112	144	169	132	151
755	625	529	465	344	263	199	175	139	137	127	104	116	130	160	209	166	140	128	162	175	196	156	122	151	151	133	169
638	532	433	341	223	180	188	167	119	133	108	112	117	138	144	225	140	126	129	208	294	222	141	124	166	161	152	150
504	451	372	255	147	147	197	175	168	157	131	131	129	161	187	212	146	131	144	263	214	135	122	144	221	182	180	165
409	323	266	195	140	195	160	152	194	200	128	130	192	234	160	183	135	125	206	219	120	123	132	175	215	180	183	180
292	209	202	189	207	181	146	152	185	268	150	185	240	168	164	180	120	153	272	161	138	144	145	154	157	148	170	157
942	956	968	979	1001	1008	1002	998	983	983	965	944	949	990	1055	1113	1146	1152	1070	976	1006	998	975	932	920	921	921	911
936	955	960	971	990	1003	1001	990	983	977	958	946	929	930	954	1027	1097	1148	1213	1089	982	999	1007	969	929	923	917	921
936	946	958	976	996	1004	1004	994	982	973	951	935	917	912	915	938	1009	1096	1144	1182	1054	961	1004	1018	962	929	922	915
944	958	972	995	1009	1007	997	989	976	963	940	929	921	912	911	914	932	1006	1076	1126	1089	971	986	1037	1010	951	924	916
955	971	986	998	1003	1004	1000	988	972	954	938	922	914	911	909	914	914	933	1004	1045	1023	1015	1003	1028	1031	987	932	924
976	982	988	987	992	996	996	981	969	951	933	917	909	909	914	915	920	919	931	960	980	1007	1031	1034	1037	1030	983	935
974	981	994	996	994	991	990	989	976	950	931	916	909	910	911	910	915	917	911	896	910	941	977	1031	1046	1044	1041	996
984	993	991	990	991	993	987	980	973	951	932	917	915	911	919	918	919	918	916	879	815	826	914	995	1045	1025	1035	1040
982	1001	1012	990	980	977	974	976	979	963	939	918	914	912	917	919	923	912	923	911	824	723	799	947	1021	1013	997	1009
990	1006	1048	1001	984	978	978	975	968	959	938	920	909	912	909	909	920	923	915	925	877	770	739	878	953	1020	993	965
989	1004	1030	1023	992	984	984	983	977	961	932	913	909	907	913	913	921	929	911	921	922	864	801	843	912	951	1009	972
991	993	1010	1029	1000	988	984	980	972	953	927	912	904	906	913	916	917	913	906	910	923	917	876	847	898	915	963	1000
995	1001	1006	998	989	985	992	990	976	946	924	912	904	902	902	903	910	911	912	909	914	926	919	891	893	913	907	987
986	993	992	995	1000	1010	1003	990	963	942	919	905	901	901	900	903	906	905	905	906	905	911	924	924	918	923	894	913
988	984	983	993	1006	1011	1003	984	959	936	921	910	906	902	900	899	902	918	922	918	914	913	914	910	859	779	834	887
989	984	986	991	1000	1000	990	972	950	927	916	913	905	889	877	876	880	884	880	869	841	805	720	557	391	282	470	861
995	985	988	989	989	993	993	976	944	926	919	897	838	761	717	702	685	641	595	537	455	375	257	144	127	128	187	700
998	996	992	979	961	944	965	967	956	913	826	683	542	442	390	345	312	254	214	174	150	126	121	114	131	136	134	457
1009	1000	974	899	763	682	747	928	917	688	515	405	271	192	161	131	140	100	104	126	124	129	168	136	155	138	143	250
1012	993	899	757	581	484	489	598	548	392	275	201	157	161	119	116	105	86	160	135	116	184	173	167	162	138	164	162
992	911	804	654	491	383	336	343	251	239	186	151	165	126	104	109	91	124	148	106	123	222	158	201	132	134	172	157
896	770	632	481	403	328	264	277	211	187	201	195	166	127	108	100	114	149	112	112	162	216	156	163	136	156	179	166
734	605	480	364	326	305	238	229	215	193	231	190	146	137	147	106	160	131	106	118	204	150	127	164	169	141	215	164
531	404	341	347	328	290	253	248	210	240	220	163	158	147	136	148	189	128	115	154	201	121	198	203	138	143	195	149
393	323	253	257	245	275	289	242	223	230	173	160	144	138	144	166	116	123	126	197	147	137	157	122	133	169	150	154
287	265	250	241	198	202	247	245	271	243	189	166	144	152	199	174	144	129	141	198	117	113	114	118	160	205	192	187
220	228	259	253	206	213	224	182	217	202	163	167	160	176	164	146	143	130	153	153	104	100	105	121	238	183	138	165
201	208	221	230	197	194	193	190	179	185	167	163	174	157	143	139	123	117	138	138	113	109	105	132	240	135	130	155
922	921	914	910	917	917	932	947	963	981	994	998	986	967	958	969	1015	1084	1107	1022	980	1011	1011	1004	952	918	916	903
924	914	911	914	916	923	938	954	978	989	999	1009	1007	981	947	925	926	961	976	937	947	957	980	1017	994	942	921	916
925	917	916	918	914	924	935	947	971	990	1000	1009	1010	995	961	929	918	917	913	902	935	942	937	989	1017	981	930	917
945	925	916	913	914	919	931	955	975	996	1002	1013	1009	981	956	936	923	908	896	893	904	954	955	973	1004	1016	966	928
964	951	943	920	915	919	940	962	976	991	1007	1011	1003	977	952	930	917	901	898	902	901	924	963	966	992	1028	1018	977
986	980	956	926	922	925	938	948	973	996	1012	1012	988	959	942	922	918	921	914	910	901	907	946	982	1002	1016	1038	1013
1000	986	976	957	932	924	942	960	972	986	1009	1000	994	973	939	908	917	925	910	911	907	899	916	962	1008	1025	1030	1030
1012	1003	983	969	943	928	938	952	970	994	1006	1004	1000	980	951	919	927	925	911	906	906	912	897	914	966	1064	1070	997
1022	1010	995	983	960	941	945	959	977	992	998	1009	1007	977	937	921	913	900	901	899	907	919	909	904	948	1059	1099	994
1027	1015	1002	999	972	948	951	953	962	989	1018	1022	997	963	932	915	903	900	896	898	907	919	920	907	938	993	1070	1015
1031	1021	1019	1003	971	936	941	956	980	1005	1010	1008	990	963	943	918	906	903	898	900	906	904	913	909	905	938	999	1042
1029	1023	1021	1003	971	938	944	956	982	1012	1031	1018	990	974	950	920	906	896	892	898	898	900	902	903	905	917	963	1053
1037	1030	1018	1000	971	931	945	973	1011	1043	1045	1026	993	970	936	912	899	897	903	896	891	895	901	904	901	904	931	1050
1034	1029	1013	1008	976	943	951	993	1030	1051	1046	1024	989	968	942	920	902	895	886	878	880	887	891	885	866	856	873	1054
1047	1040	1032	1013	994	958	968	1017	1057	1075	1057	1037	1013	984	961	923	871	806	738	710	703	689	649	566	444	338	449	885
1067	1042	1038	1019	996	964	980	1034	1069	1065	1055	1042	1019	994	907	757	615	483	392	337	303	261	198	138	114	90	145	514
1050	1049	1041	1023	1020	1002	1012	1049	1062	1049	1028	1035	969	848	678	504	365	254	167	101	103	86	95	123	121	130	119	269
1055	1056	1042	1038	1037	1025	1029	1048	1054	1038	1015	955	845	732	622	489	367	259	200	121	121	93	150	120	138	154	103	158
1070	1063	1060	1058	1051	1021	996	1031	1034	971	929	889	823	750	675	573	460	347	273	202	117	108	143	73	150	125	104	136
1078	1074	1075	1069	1060	1018	953	949	967	926	884	842	793	751	699	637	552	440	356	253	152	127	101	88	106	82	134	137
1080	1085	1086	1081	1055	1002	932	920	905	884	851	811	772	730	700	666	623	548	445	324	237	175	89	96	77	83	140	149
1092	1093	1088	1064	1027	980	912	888	868	859	831	797	760	731	696	666	644	605	529	432	325	242	149	113	103	149	166	176
1096	1086	1064	1020	985	927	870	855	864	838	817	791	766	735	704	678	653	624	587	518	412	315	225	157	139	116	167	142
1074	1050	1015	982	954	892	862	859	839	817	803	790	777	742	722	698	675	646	604	552	476	393	299	243	157	116	134	111
1034	1000	959	927	890	855	840	833	820	802	792	788	770	758	731	704	681	659	617	558	504	432	334	264	176	174	163	122
978	937	914	893	843	815	804	790	785	792	799	790	777	766	741	715	689	657	620	568	510	440	350	271	207	208	125	101
919	900	875	845	809	792	778	772	778	784	787	783	774	755	744	727	694	668	628	561	492	420	344	276	235	167	87	110
848	847	828	803	788	778	766	766	769	778	786	777	773	767	743	719	697	661	602	546	477	411	337	264	235	161	113	149
927	919	910	909	910	906	904	904	905	905	906	917	921	934	952	969	970	973	1033	1110	1123	1094	1059	1048	1032	983	938	921
958	934	911	910	913	906	906	905	902	903	909	911	921	939	951	963	954	938	921	950	1029	1064	1056	1060	1045	1030	968	921
1003	972	945	910	901	904	905	901	898	901	905	912	930	949	959	976	966	949	923	904	906	969	1054	1166	1082	1047	1029	958
1033	1013	992	943	914	911	905	904	900	901	909	923	939	949	966	984	985	961	934	908	896	902	1021	1200	1159	1061	1061	1012
1044	1038	1030	995	932	912	910	907	901	900	912	926	943	956	969	991	998	963	931	910	904	899	921	1132	1212	1068	1044	1054
1048	1052	1039	1025	978	913	907	906	901	899	907	931	945	960	986	1009	993	953	929	907	908	910	904	1092	1199	1142	1093	1026
1050	1052	1049	1042	1014	923	894	897	900	899	912	927	945	976	1005	1012	991	954	918	904	904	903	904	1031	1180	1326	1219	999
1046	1046	1050	1044	1022	929	899	901	900	899	906	921	947	993	1023	1026	1003	978	935	912	891	898	899	938	1129	1363	1334	1112
1045	1040	1034	1021	987	921	899	905	904	904	905	933	966	1005	1031	1024	997	990	945	902	897	899	897	906	1054	1322	1322	1240
1040	1029	1007	982	957	918	904	904	899	900	915	944	985	1021	1029	1019	1001	978	942	917	903	896	896	889	992	1219	1231	1226
1021	1001	983	966	944	910	904	903	902	904	923	961	1006	1030	1042	1028	1000	978	948	921	903	899	902	898	917	1172	1188	1157
1016	999	985	967	945	918	906	892	901	910	937	976	1015	1039	1041	1017	1006	982	947	920	903	895	896	895	891	1003	1173	1077
1021	1012	994	975	950	913	904	906	906	922	952	988	1021	1037	1025	1018	1015	994	968	950	916	901	904	912	905	903	1083	1133
1028	1017	1002	987	955	911	900	905	909	935	972	997	1020	1023	1031	1033	1021	997	948	836	710	667	679	700	733	796	911	1205
1028	1025	1014	996	966	920	899	905	916	947	967	990	1003	1018	1041	1039	1001	918	774	596	445	319	203	162	175	247	482	945
1026	1023	1023	997	967	922	895	906	925	949	966	975	997	1019	1024	1005	952	846	721	574	431	295	187	132	133	136	146	376
1026	1021	1017	996	973	934	891	908	933	946	948	970	996	1007	1011	993	961	895	803	685	550	387	280	213	116	166	144	127
1016	1015	1002	996	972	923	899	912	923	933	953	977	994	994	987	982	966	934	883	800	687	530	378	255	175	174	136	124
1018	1013	1006	990	968	938	909	915	928	931	948	963	973	971	969	963	971	969	945	888	795	670	504	346	242	170	120	150
1027	1011	1009	996	971	947	916	923	931	935	952	951	953	950	954	964	974	985	991	961	886	774	653	498	351	256	200	174
1034	1029	1022	1003	982	945	919	930	933	934	938	940	939	943	953	968	980	992	1001	991	948	865	757	643	504	376	285	215
1038	1041	1030	1017	986	945	915	916	925	932	928	931	930	938	948	958	973	986	993	989	968	923	839	744	638	496	379	304
1039	1043	1040	1019	992	951	910	907	918	922	927	927	934	939	945	951	963	967	969	975	968	953	903	818	728	598	451	329
1043	1049	1053	1034	1001	954	912	917	918	923	916	920	930	931	941	944	947	956	960	961	958	960	939	876	793	672	497	368
1051	1040	1041	1030	1002	958	923	911	915	920	920	924	927	932	937	936	935	941	946	949	953	958	949	911	829	711	563	387
1051	1045	1031	1024	994	967	943	931	915	916	919	926	924	931	929	926	933	935	937	941	949	945	935	908	844	735	601	399
1056	1043	1029	1008	995	976	956	934	916	920	923	922	925	922	926	937	934	933	940	940	938	938	932	917	876	785	629	404
1054	1046	1023	1003	991	988	967	950	926	918	922	924	922	925	923	925	929	932	930	935	933	932	932	919	879	798	658	417
992	950	924	927	917	916	906	915	914	910	913	926	911	903	905	913	925	938	958	1016	1096	1140	1148	1123	1083	1048	981	928
1044	1017	963	915	916	917	909	915	910	904	910	911	914	908	913	918	928	941	949	967	1027	1125	1153	1143	1112	1077	1033	945
1052	1053	1034	972	921	915	912	907	910	909	910	913	912	910	909	917	933	953	962	963	973	1049	1147	1158	1129	1079	1057	1001
1055	1048	1054	1038	964	924	919	914	908	907	910	908	902	904	903	913	937	968	990	997	966	963	1099	1161	1149	1117	1060	1044
1051	1049	1051	1048	1001	931	930	934	916	907	907	911	910	903	909	923	951	994	1022	1011	970	925	995	1142	1139	1128	1072	1028
1052	1046	1047	1046	1013	944	933	920	929	915	910	904	904	910	916	934	969	1009	1024	1001	955	918	921	1084	1143	1140	1129	1029
1054	1045	1032	1028	1004	940	914	902	921	937	919	915	912	906	917	947	992	1023	1031	996	961	933	913	1019	1144	1136	1146	1084
1044	1029	1009	984	969	938	919	922	927	942	924	916	906	908	926	960	1004	1036	1042	1012	966	931	917	965	1129	1130	1127	1137
1034	1019	984	943	941	934	909	918	912	928	929	908	902	912	933	972	1014	1045	1039	1013	985	945	916	919	1067	1141	1114	1138
1016	999	978	950	934	925	915	913	909	926	922	901	900	915	940	976	1014	1035	1039	1032	997	951	917	898	971	1124	1122	1124
1005	1003	989	969	953	927	913	915	918	927	922	897	904	919	942	966	992	1019	1032	1032	1007	963	927	909	914	1113	1173	1170
1001	999	998	995	989	950	931	916	916	917	920	902	905	917	935	957	981	1003	1024	1036	1019	971	936	913	892	1028	1291	1205
999	1004	1009	1000	1002	972	927	912	911	913	919	913	904	910	925	934	953	977	1005	1015	1008	994	968	948	916	906	1095	1156
1002	999	1008	1007	1004	992	934	907	912	908	916	926	915	912	919	932	944	954	963	971	955	899	819	770	789	851	927	1105
992	995	1006	1014	1012	1006	948	910	897	899	903	914	918	911	912	918	924	939	958	956	929	862	728	531	415	427	637	934
986	999	1014	1016	1002	997	952	910	904	903	901	900	900	916	912	907	923	929	938	951	952	925	837	655	477	352	309	549
999	1001	1000	1003	1006	998	957	911	907	906	904	902	906	904	914	916	916	920	930	945	970	975	939	822	629	455	362	359
1006	999	996	1016	1017	998	961	921	906	903	903	903	903	905	902	905	907	909	925	949	974	998	1011	958	843	670	529	416
991	989	1001	1016	1017	995	964	909	900	898	901	906	902	899	898	904	903	901	909	930	964	996	1024	1012	950	845	711	587
995	1003	1014	1015	1015	1004	954	904	901	909	917	912	910	906	907	903	896	905	908	917	940	971	989	1003	993	945	856	769
1002	1003	1010	1018	1017	998	945	913	901	906	915	917	912	905	899	901	902	902	899	907	915	937	953	965	973	970	928	855
989	1001	1015	1027	1029	1007	950	914	908	905	914	908	903	904	898	900	898	897	895	903	907	919	930	939	950	962	947	910
1008	995	1006	1027	1032	1017	977	926	908	906	907	904	903	904	904	897	896	900	902	900	896	906	918	923	934	954	950	916
1006	1001	1006	1013	1021	1018	999	948	913	916	908	898	902	904	902	898	903	902	904	901	901	904	905	917	926	941	953	931
1026	989	980	989	1015	1022	1016	971	930	908	901	902	901	903	903	904	898	904	899	899	898	904	904	911	920	931	951	941
1031	1009	973	980	999	1019	1015	998	967	926	903	898	900	899	899	898	896	894	904	898	897	898	902	905	912	929	966	977
1022	1020	1012	994	1009	1002	1017	1009	992	949	916	903	901	904	900	903	905	902	898	895	906	905	902	907	916	938	980	993
1035	1034	1033	1022	1009	1023	1010	1018	1003	974	937	902	898	897	899	898	895	899	896	894	894	898	902	908	919	947	995	1004
1053	1027	965	939	917	929	916	922	921	915	916	922	915	919	922	923	918	918	922	931	959	999	1059	1083	1058	1017	1013	948
1061	1067	1043	964	923	919	920	923	919	916	914	919	929	916	918	920	919	914	922	928	936	1002	1067	1107	1120	1068	1031	975
1051	1056	1068	1044	951	921	919	913	915	914	916	916	912	916	918	918	922	922	914	924	967	1007	1047	1111	1151	1118	1024	998
1060	1061	1056	1063	1013	932	917	923	912	912	914	906	919	922	914	923	919	925	926	948	1000	1042	1023	1101	1146	1143	1069	1022
1054	1052	1056	1060	1007	931	917	912	912	923	920	916	917	918	922	917	913	922	940	970	1031	1043	996	1059	1135	1144	1111	1021
1054	1055	1054	1018	967	935	922	917	927	895	889	894	908	920	919	915	915	919	948	999	1031	1031	977	1016	1126	1142	1132	1051
1060	1044	1024	990	952	943	936	914	879	816	798	843	913	923	916	910	910	920	956	1011	1047	1043	999	994	1107	1142	1146	1086
1035	1022	1016	987	954	944	936	811	695	695	764	864	926	922	917	913	909	932	972	1016	1051	1043	998	987	1057	1135	1150	1128
1029	1039	1030	1006	955	945	917	859	819	866	887	932	956	924	915	912	916	940	963	1000	1041	1050	1032	1001	1036	1129	1146	1146
1021	1019	1028	1052	987	936	924	952	906	935	973	960	949	917	909	912	916	924	947	983	1015	1041	1044	1010	990	1075	1144	1157
1015	1022	1024	1038	1028	942	930	958	932	961	958	961	951	918	911	914	912	917	930	955	994	1023	1026	998	956	992	1108	1182
1001	1025	1027	1035	1052	966	936	948	954	966	954	953	941	920	909	907	910	915	918	945	970	985	1000	998	997	995	1137	1216
979	991	1034	1018	1045	1021	929	931	940	940	960	944	923	912	908	903	904	913	916	925	934	946	968	986	985	969	1016	1130
981	978	1030	1025	1026	1050	965	932	927	927	942	944	927	913	911	907	902	912	907	910	912	924	938	950	946	952	964	999
989	986	1017	1004	1021	1053	1023	934	923	939	939	941	941	925	904	914	906	910	918	912	918	928	938	951	938	918	967	1014
992	997	1015	1022	1028	1038	1042	953	918	914	933	932	919	934	930	914	909	909	911	914	916	918	933	960	964	949	952	993
984	995	1001	1022	1027	1029	1041	961	917	914	922	924	932	929	944	944	940	917	908	911	904	912	924	960	995	1004	999	1004
990	995	978	1000	1035	1035	1051	984	930	917	926	940	940	933	923	925	942	952	939	908	901	904	914	950	982	1015	1029	1035
999	1002	987	1006	1036	1036	1055	976	918	912	929	940	930	920	916	908	906	915	944	938	910	905	910	921	947	972	995	1018
1011	993	999	1019	1025	1040	1051	957	928	874	829	846	855	877	919	917	909	906	912	931	922	908	903	903	915	927	942	962
1009	983	985	1025	1026	1033	1046	967	939	869	788	836	908	922	923	918	905	905	907	907	922	912	907	902	903	907	917	935
1015	972	985	1022	1024	1030	1058	990	932	900	835	868	926	939	926	910	907	910	908	909	907	907	907	910	903	904	908	922
1020	994	984	1002	1032	1034	1048	1041	971	936	914	925	920	929	936	920	931	922	915	908	907	914	906	904	908	915	912	907
1028	1023	1008	990	1023	1035	1034	1045	991	938	929	942	936	929	931	924	932	922	912	907	908	907	906	911	908	903	908	914
1034	1021	1016	1012	1022	1028	1033	1039	1040	982	923	917	944	943	950	942	932	916	906	912	903	901	905	909	904	904	912	905
1042	1032	1016	1016	1016	1016	1024	1024	1033	1032	981	920	923	930	940	934	923	918	912	905	906	908	911	911	904	902	899	909
1038	1045	1027	1021	1018	1019	1015	1022	1031	1035	1017	948	915	923	908	907	911	926	928	911	913	910	906	907	900	905	902	912
1042	1041	1043	1035	1032	1033	1027	1021	1028	1035	1037	994	950	933	919	908	903	901	908	916	916	904	906	904	895	898	905	910
1049	1052	1008	956	917	918	918	920	915	908	907	919	918	910	922	918	918	913	923	925	954	1030	1081	1082	1027	999	1002	950
1053	1057	1055	1014	933	915	921	917	908	909	909	920	918	922	918	919	913	907	914	921	924	984	1047	1085	1099	1042	999	968
1054	1055	1059	1061	986	919	914	913	901	906	907	910	904	917	922	917	907	924	924	918	921	970	993	1079	1135	1086	999	985
1058	1058	1063	1063	1003	932	911	911	916	924	919	923	915	916	913	909	909	916	920	916	929	982	1013	1045	1143	1129	1056	1018
1056	1056	1048	1018	962	915	915	916	919	915	946	978	950	926	915	911	910	912	918	916	933	979	1012	995	1112	1147	1092	1015
1051	1048	1036	978	929	911	917	942	929	873	905	926	990	951	929	922	915	916	914	914	928	977	1024	983	1087	1174	1126	1043
1038	1033	1041	1024	934	920	939	903	713	651	690	705	949	975	944	925	919	915	909	926	944	988	1041	1011	1054	1167	1144	1079
1023	995	1021	1044	959	930	855	553	594	742	821	846	944	1001	951	924	917	916	913	922	953	986	1006	995	1018	1086	1140	1081
976	1032	1013	1038	974	937	814	676	859	960	971	962	1018	1009	967	933	913	912	908	905	923	967	984	1043	1058	1035	1065	1050
1008	1028	1016	1047	982	938	927	934	952	982	1004	993	1022	1003	963	928	914	910	918	902	919	943	988	1042	1059	1015	1031	1050
1004	1035	1016	1034	995	941	991	966	951	955	958	975	1006	994	958	939	921	917	910	914	909	912	935	956	958	955	969	1042
1011	1033	1022	1035	1009	937	1011	1004	961	969	971	981	1008	975	964	945	918	916	916	917	907	906	916	928	998	1038	957	976
999	1022	1030	1032	1026	963	967	997	979	962	1000	1008	992	962	928	932	924	913	912	909	912	913	910	915	936	971	948	933
982	1015	1042	1017	1029	1002	943	968	980	981	1018	1011	992	984	943	925	915	916	915	909	910	915	916	914	913	935	965	919
986	1017	1019	1005	1022	1032	960	938	983	1010	989	996	996	992	949	922	924	910	920	908	915	911	909	915	908	924	1022	1030
1009	1014	1030	1023	1025	1034	1000	937	958	993	997	993	993	981	967	930	915	910	911	907	926	909	912	904	910	912	997	1064
991	1012	1021	1039	1033	1036	1017	958	934	970	1003	998	970	1006	998	937	908	908	907	906	903	901	903	904	903	905	973	1072
987	997	1018	1031	1036	1039	1035	949	919	965	1007	984	960	983	1002	979	941	927	919	907	903	900	899	898	900	904	925	1013
999	1000	1005	1029	1044	1043	1048	952	928	1001	1015	989	954	915	963	992	952	908	915	924	909	909	907	901	907	911	913	927
1010	1009	1009	1020	1024	1039	1047	948	925	764	763	844	887	895	926	984	946	910	909	928	931	917	904	907	913	902	904	907
1027	988	993	1032	1015	1028	1050	951	928	661	651	840	924	948	951	986	943	911	904	911	937	938	916	904	899	905	904	917
1023	986	1008	1030	1014	1020	1055	971	929	856	753	852	912	934	958	981	879	894	911	905	917	954	942	909	902	902	900	917
1029	1022	1005	1026	1018	1022	1050	1037	951	932	926	934	940	974	957	776	636	802	909	908	907	921	910	907	904	907	903	907
994	1016	1017	1019	1025	1033	1044	1057	1002	909	936	951	913	841	682	566	599	782	905	911	906	902	907	904	901	899	902	908
993	1002	1033	1024	1034	1030	1033	1026	1055	1002	924	873	740	642	605	638	708	852	912	920	904	903	900	903	910	906	907	901
1025	1019	1034	1050	1040	1029	1035	1016	1017	1049	1015	914	803	728	730	787	867	922	910	907	898	911	911	906	908	901	897	898
1043	1041	1029	1034	1029	1023	1024	1024	1025	1029	1041	1009	917	908	896	910	914	911	920	926	911	915	901	904	903	902	904	903
1038	1045	1032	1031	1039	1030	1040	1007	1022	1036	1036	1042	985	958	938	926	909	905	924	925	919	907	902	912	906	908	913	906
1053	1058	1008	964	920	920	914	910	912	907	915	915	915	915	924	936	944	959	1002	1023	1030	1047	1079	1072	1014	1002	977	934
1057	1063	1058	1003	925	915	917	921	922	918	920	916	912	915	916	912	909	916	935	961	1028	1044	1090	1118	1072	1005	964	967
1061	1059	1061	1042	955	921	916	929	852	847	909	946	917	913	910	909	904	917	916	917	956	1033	1056	1135	1134	1077	983	977
1054	1052	1056	1016	952	920	922	805	811	945	949	976	976	939	924	911	916	909	918	922	930	1003	1036	1104	1142	1135	1057	970
1069	1057	1033	970	938	930	849	633	946	953	963	1007	1032	998	971	954	934	918	918	918	928	949	1012	1071	1137	1141	1117	1015
1050	1034	1039	1011	924	925	843	698	988	1023	1035	1021	1043	1014	966	929	965	947	912	916	919	910	946	1017	1109	1153	1148	1081
904	918	1009	1044	941	916	926	960	1016	1036	1041	1008	1023	1010	981	941	948	937	918	907	921	918	925	992	1058	1146	1146	1124
577	907	1003	1037	967	917	928	1010	1066	1020	979	956	993	1017	1006	965	942	938	927	913	917	924	925	957	1009	1073	1123	1112
582	1002	1013	1031	978	917	954	1019	1057	1031	1018	988	991	998	1043	997	952	932	920	914	916	921	914	943	1019	1013	1054	1052
992	1028	1027	1036	959	941	1018	964	991	1008	1008	1029	1019	1035	1048	1033	976	921	919	911	920	920	910	923	997	1001	996	1022
1038	1021	1012	1037	942	971	998	929	892	872	964	989	1002	1024	1012	1012	988	935	917	916	916	919	912	922	927	958	937	972
1033	1008	1013	1017	936	958	1011	1001	868	773	929	916	975	941	979	946	975	935	918	918	914	916	917	920	936	1007	948	917
1020	1022	1032	1009	934	940	1012	971	971	963	960	934	951	940	954	944	960	912	917	913	921	918	914	917	921	936	916	912
1012	1019	1025	996	953	950	984	922	973	975	983	1019	968	1013	993	987	972	922	916	920	920	911	910	909	915	936	965	923
1026	1023	1024	1004	972	949	973	977	1031	998	977	1014	1029	1062	959	772	834	909	919	913	914	910	911	915	914	931	1007	1020
1042	1028	1023	1002	983	970	943	943	1013	1031	1011	1015	1049	1071	843	449	585	762	904	909	917	911	920	915	921	919	961	1034
1038	1028	1007	1009	1002	989	944	921	942	1021	1056	1026	1014	1067	1024	830	704	799	935	916	911	907	914	915	915	908	958	1049
1030	1036	1031	1025	1021	994	933	923	949	1033	1051	997	957	994	987	1004	943	958	960	919	910	901	910	907	911	909	920	1038
1034	1034	1030	1025	1020	997	948	919	921	986	1026	979	969	924	912	956	978	964	944	912	909	910	909	902	908	913	915	998
1036	1039	1031	1020	1017	1002	954	921	963	987	993	980	949	945	929	962	1006	998	943	905	906	901	910	910	911	910	909	943
1034	1030	1027	1014	1017	1003	969	917	964	1004	999	977	941	946	936	997	973	920	931	907	896	904	906	906	907	908	910	916
1036	1026	1034	1025	1015	1006	974	921	928	1007	1007	974	962	958	975	982	592	723	946	907	905	926	939	914	900	908	905	913
1040	1023	1024	1033	1027	1019	999	949	909	949	1021	985	1016	1013	958	742	470	602	940	908	905	930	962	922	904	907	902	906
1027	1026	1022	1029	1030	1030	1021	998	935	913	914	762	820	850	797	761	651	628	911	912	906	920	950	919	904	908	904	905
1021	1027	1050	1040	1036	1029	1034	1034	1010	960	882	625	668	732	778	774	738	837	922	913	903	914	921	909	905	902	908	909
1036	1044	1041	1043	1037	1036	1022	1035	1037	1019	951	705	584	689	773	830	918	954	909	903	907	912	921	912	907	902	908	908
1048	1046	1044	1037	1039	1032	1040	1035	1037	1039	1019	947	874	842	903	965	957	915	904	911	913	902	909	907	912	903	905	905
1049	1049	1042	1046	1039	1041	1038	1043	1031	1052	1043	1014	955	938	944	935	919	914	922	906	903	901	907	909	907	913	912	912
1060	1041	976	934	917	920	911	916	912	910	916	922	920	924	948	1000	1047	1064	1068	1035	971	943	952	970	994	991	948	920
1061	1062	1029	952	919	916	917	913	917	917	915	916	910	915	920	922	945	989	1034	1064	1066	1022	972	960	959	962	956	947
1059	1056	1044	952	920	920	910	905	951	997	1010	987	948	933	913	919	914	914	942	982	1031	1072	1025	1020	1007	954	935	963
1050	1045	1000	934	916	918	867	832	954	1003	989	997	1034	1017	974	929	915	910	914	925	952	1048	1046	1028	1086	1100	991	945
1052	1045	1018	953	920	915	862	860	980	974	937	913	988	1000	1007	978	914	921	922	919	925	1013	1061	1026	1129	1186	1069	981
852	848	989	1022	936	916	892	860	972	990	963	935	972	955	971	985	962	968	927	910	918	952	1027	1035	1112	1146	1125	1051
237	375	943	1042	955	917	934	986	1008	1003	1010	996	978	990	995	981	968	969	929	909	916	929	963	998	1067	1135	1128	1102
53	666	1020	1026	975	922	927	1026	1038	982	981	984	985	987	987	953	904	951	938	916	913	923	919	955	1006	1132	1139	1137
411	889	1043	1033	965	920	949	1019	1055	1005	992	958	954	991	1008	962	929	957	920	919	913	922	924	936	966	1079	1148	1143
993	1027	1019	1038	951	943	958	935	1026	1028	1028	1026	1011	1034	1047	1022	969	921	914	918	911	917	921	915	923	1010	1115	1122
1036	1015	1016	1016	935	992	962	969	920	898	997	1034	1029	1030	1005	996	969	918	914	919	912	916	917	922	906	953	1060	1102
1017	1005	1040	964	938	974	928	945	902	843	931	955	986	990	962	959	932	922	919	911	912	916	921	914	914	954	1020	1074
1006	1039	1006	927	922	776	868	937	952	956	955	950	991	965	902	824	752	859	924	917	917	910	926	920	924	927	995	1058
1032	1006	944	916	918	893	896	935	938	935	964	1026	995	965	951	937	935	914	914	916	916	911	914	912	916	922	1002	1059
998	950	924	923	912	951	1006	980	997	1012	1011	1028	1004	971	947	874	757	840	916	915	913	907	908	908	909	935	1033	1094
967	947	929	919	908	908	934	963	975	990	993	984	975	998	914	763	781	793	901	915	906	905	915	922	909	922	1008	1105
955	944	933	938	921	931	919	902	918	951	932	1011	1052	1030	940	937	961	950	970	931	910	912	911	923	927	916	992	1110
962	945	937	948	952	946	916	916	976	1012	992	959	980	989	960	951	927	953	987	932	909	910	919	911	918	911	959	1094
954	950	953	940	969	943	918	942	964	931	925	912	906	938	949	908	937	987	997	937	921	916	909	899	904	906	921	1068
958	955	956	943	959	950	919	944	944	935	926	948	924	969	969	938	976	1032	946	864	912	914	908	905	906	908	910	1004
955	957	946	937	947	966	937	942	994	986	967	960	950	992	989	986	949	929	872	815	922	911	902	910	906	908	905	932
959	949	947	942	954	953	949	928	946	1013	1011	1012	1005	1000	994	971	856	858	921	900	947	912	902	902	900	905	909	916
957	954	965	951	942	955	953	918	922	972	1031	1016	987	945	944	970	942	952	989	968	940	905	916	915	909	902	905	910
962	965	963	973	959	950	940	923	907	930	976	923	934	926	924	952	958	1030	1013	940	921	915	936	947	908	900	904	906
989	990	989	986	976	972	957	932	916	933	964	951	946	952	933	957	975	1041	991	911	898	918	959	973	912	900	903	909
994	1000	1008	1010	1004	1003	988	972	946	925	930	931	973	967	924	961	1011	1016	944	914	914	919	982	961	906	909	911	911
1005	1021	1030	1028	1030	1011	1013	999	980	959	942	936	983	980	991	1025	1015	962	926	919	914	904	973	938	911	910	911	909
1031	1045	1038	1040	1044	1044	1030	1031	1010	983	967	930	917	939	952	892	848	816	864	922	906	908	976	949	913	913	910	910
1025	955	926	914	913	913	917	915	909	910	919	912	912	930	989	1051	1070	1078	1053	997	969	977	999	1001	980	936	914	918
1054	1010	953	919	916	912	929	931	945	943	931	924	913	911	911	933	995	1051	1076	1072	1035	968	941	951	997	974	935	924
1046	1016	947	913	920	916	884	843	954	1009	1011	1026	1006	993	952	919	913	939	1021	1072	1067	1046	1004	947	943	948	945	947
1030	977	928	907	920	838	653	693	919	995	1014	1032	1029	1018	1019	957	924	913	923	981	1046	1061	1057	1017	1002	1014	965	957
1021	1012	1000	932	921	887	850	926	981	999	944	943	983	971	989	1020	932	913	914	915	964	1045	1070	1032	1074	1224	1130	974
491	646	979	998	916	957	987	1007	1003	989	928	943	970	1021	990	1029	951	915	916	908	913	986	1067	1054	1034	1210	1238	1048
31	166	907	1049	947	943	991	1030	1008	982	956	977	961	1013	1005	1034	976	925	924	916	917	935	1040	1079	1042	1089	1151	1087
41	403	999	1037	969	931	975	1016	1011	983	981	936	965	982	1003	978	940	923	918	919	918	919	966	1067	1054	1061	1082	1131
264	633	1037	1032	966	919	934	1001	1020	986	973	948	953	988	1028	1003	931	912	909	916	907	917	928	1036	1050	1095	1083	1103
942	990	1015	1020	959	928	926	959	1014	1035	1013	992	1003	1030	1022	968	913	919	914	916	913	918	926	988	1036	1091	1123	1093
1014	1025	1000	1007	935	936	946	969	997	1029	1025	1032	1033	998	962	922	911	919	916	925	916	913	908	927	973	1061	1120	1093
1024	1015	1028	961	920	935	945	951	972	981	978	986	967	949	920	918	911	921	915	912	915	909	909	922	935	1026	1129	1106
1024	1023	984	917	916	869	819	812	878	928	935	962	957	947	900	878	895	916	920	918	916	912	914	916	929	980	1118	1121
1038	985	918	925	932	905	833	796	833	916	959	971	959	934	935	928	914	911	913	915	919	909	918	915	917	944	1071	1124
954	915	928	940	920	919	927	921	956	952	953	941	925	923	924	929	914	909	919	907	915	933	942	920	909	935	1049	1119
912	919	953	953	912	915	922	929	941	933	932	923	919	928	942	956	953	918	916	917	912	939	987	944	907	920	1041	1128
912	912	924	965	926	926	927	923	914	922	914	947	969	952	934	941	951	944	928	917	916	919	946	957	938	912	991	1111
908	909	905	946	955	919	912	911	926	946	951	940	963	980	962	952	952	948	941	917	914	911	908	925	967	943	958	1048
912	908	918	922	942	929	914	914	910	913	917	942	944	1006	1000	985	978	990	914	951	928	908	911	903	935	967	931	973
910	912	914	913	933	935	925	919	910	947	948	976	988	1021	1023	960	952	934	943	959	905	920	916	911	912	939	923	932
907	913	908	906	919	937	928	922	929	971	932	971	971	967	985	937	920	907	882	920	957	924	915	911	905	915	921	924
906	911	914	910	924	930	925	909	929	1006	972	956	883	887	965	942	918	927	889	903	954	924	910	907	908	924	918	914
908	911	911	912	921	940	961	920	932	949	966	929	822	859	921	1004	1000	968	911	933	947	919	909	923	943	929	920	909
906	906	903	910	908	923	977	947	918	942	958	968	853	863	915	983	1020	1026	922	862	883	924	917	964	961	912	901	904
919	906	912	911	903	912	953	970	918	942	970	969	908	964	988	999	1021	1053	967	838	890	943	925	952	937	901	898	906
917	906	918	920	919	905	918	944	921	915	934	985	1016	1031	966	971	1006	1036	1009	924	943	958	943	924	913	911	908	903
923	930	926	932	928	927	921	927	912	917	928	921	972	992	973	1000	975	1017	1023	983	963	953	936	915	914	919	916	924
941	947	950	944	949	955	938	933	920	912	934	922	916	947	977	944	900	919	957	962	973	938	930	927	911	913	908	903
930	919	916	917	909	906	921	926	919	909	925	916	913	935	988	1045	1074	1079	1049	1038	1040	1032	1010	963	932	919	918	921
971	937	920	910	911	911	934	939	930	938	944	932	936	948	932	935	977	1039	1075	1064	1051	1021	1007	994	964	934	913	916
964	936	920	914	919	928	958	969	927	963	1019	1008	959	979	979	960	933	925	986	1049	1066	1059	1037	982	956	959	934	921
961	927	909	912	935	937	935	965	930	929	975	895	778	944	999	988	966	935	919	953	1034	1065	1075	1058	997	950	961	951
1015	1024	971	919	941	952	952	941	926	985	959	922	887	961	950	1018	980	943	914	912	951	1023	1064	1068	1055	1010	975	964
473	792	1031	972	940	995	968	939	973	976	860	966	981	983	910	995	1012	934	914	917	910	941	1006	1058	1067	1063	1027	977
22	392	1019	1034	933	993	989	932	961	972	897	862	938	978	948	1000	1004	915	922	910	907	922	963	1034	1061	1067	1059	1018
25	392	1011	1028	940	956	1009	909	932	937	958	869	912	926	956	982	971	922	924	932	920	917	935	984	1034	1056	1057	1052
259	609	1023	1026	948	913	980	1026	961	950	955	947	946	927	965	1019	949	913	918	923	913	921	911	952	1016	1044	1033	1056
942	973	1011	1017	936	923	928	985	975	965	945	949	959	957	1014	1002	919	919	908	909	916	908	914	945	999	1024	1017	1022
953	1001	1029	987	917	915	911	932	1006	989	955	959	949	982	1001	931	910	921	909	920	908	911	912	918	957	1004	1014	1008
1003	1027	1014	949	923	924	908	908	935	986	1004	997	983	977	931	914	909	921	909	919	917	916	912	918	931	981	1017	993
1041	1002	968	920	918	920	914	913	911	923	939	931	923	923	918	919	916	914	930	920	914	911	914	922	927	957	990	993
1036	975	981	932	913	912	924	919	908	911	910	910	915	923	913	915	920	920	925	916	912	918	910	913	920	933	970	993
949	931	992	945	910	912	911	905	915	909	911	912	911	919	917	914	912	916	922	917	915	927	932	936	922	921	945	970
908	917	934	923	909	915	917	910	915	913	925	917	912	921	921	915	914	911	915	907	915	944	994	960	923	918	947	977
913	913	917	907	917	914	907	917	916	912	910	909	920	917	914	914	909	914	913	915	921	927	951	923	910	906	924	951
912	915	913	912	914	912	910	920	920	911	917	919	919	908	915	906	906	911	915	916	915	915	911	910	918	916	920	942
916	913	916	921	912	907	911	909	907	909	928	916	925	923	924	913	908	904	907	920	919	922	913	910	927	938	911	920
918	911	915	912	908	910	912	919	917	912	923	944	954	956	941	941	938	903	934	932	909	911	914	915	910	952	937	921
924	914	908	902	909	909	913	910	903	917	915	950	965	965	958	953	937	949	951	929	915	903	913	912	907	947	947	916
912	917	915	916	911	912	905	905	908	925	938	953	919	915	963	957	925	941	945	932	913	911	919	912	909	935	942	911
920	914	910	910	908	909	908	908	911	907	951	962	887	899	963	971	960	953	927	891	897	917	914	913	932	960	942	908
905	913	917	907	911	911	912	909	912	932	965	968	973	971	953	963	1006	971	843	840	873	940	919	911	931	920	906	911
916	916	910	912	918	908	921	945	910	918	941	978	980	869	737	713	892	988	918	889	921	967	942	905	912	903	910	912
901	907	920	912	908	908	915	971	932	911	911	949	892	631	658	799	936	958	959	948	956	985	964	914	910	912	913	907
916	909	909	913	903	904	915	991	951	940	933	939	783	678	833	962	967	975	940	945	968	999	891	875	903	916	913	909
920	911	912	906	909	912	943	964	922	920	943	923	884	888	957	950	953	968	973	937	1028	978	825	808	851	923	912	906
918	917	913	912	909	910	917	916	914	915	917	918	915	932	967	1016	1052	1066	1061	1057	1055	1046	998	939	920	919	917	919
932	926	912	913	909	913	914	916	915	921	920	922	945	960	939	922	941	993	1043	1065	1059	1053	1044	1006	942	925	923	923
941	923	925	916	919	913	927	943	945	976	990	982	990	1004	984	957	934	913	934	987	1045	1068	1065	1030	979	952	927	914
932	918	916	914	913	939	957	969	1002	1030	1022	947	901	942	961	960	920	915	916	915	953	999	1051	1072	1055	1001	956	934
1015	965	934	918	920	953	968	988	1008	1024	1007	979	963	959	936	973	887	907	926	923	913	921	967	1020	1054	1060	1020	971
861	1008	979	937	921	952	967	988	1001	1001	998	981	987	1003	942	967	981	930	915	925	920	913	914	942	986	1029	1061	1037
314	873	1026	980	926	933	960	1011	994	992	972	829	954	987	956	997	992	919	914	930	925	924	916	927	958	994	1034	1062
110	731	1038	1001	929	912	966	1002	1005	1003	972	915	990	994	955	1002	951	916	912	936	927	910	921	920	927	964	996	1035
315	808	1035	995	920	912	938	1011	1014	1016	994	998	990	954	995	991	930	915	914	920	913	908	918	920	922	935	964	999
904	992	1018	970	913	928	930	945	968	991	983	989	982	923	979	953	917	910	911	914	914	904	913	942	916	927	952	971
957	1005	1025	948	911	921	914	919	944	971	964	960	960	954	980	928	910	916	913	913	907	904	934	956	911	924	952	974
1017	1019	991	923	915	923	926	921	934	957	984	981	978	972	945	922	909	917	921	917	916	915	925	951	917	917	940	957
1035	1008	958	912	931	937	915	915	916	920	939	947	944	932	913	917	913	913	917	918	914	914	915	940	945	922	928	943
1015	990	1027	954	936	922	912	914	913	914	913	916	913	915	914	915	909	913	916	911	912	913	912	935	956	914	919	926
940	924	963	937	918	912	915	910	913	914	908	911	908	905	915	914	915	918	915	916	923	915	913	965	959	926	919	915
913	913	904	906	912	916	910	905	905	906	916	914	913	912	911	910	914	917	909	912	919	916	924	950	938	934	931	931
913	917	917	916	917	915	913	920	916	918	914	916	914	916	913	919	917	912	911	911	916	915	917	918	907	910	907	909
910	918	919	915	914	911	916	911	920	912	914	908	910	913	913	910	914	912	912	920	912	919	908	911	911	913	908	917
918	913	913	922	933	923	918	915	911	919	917	915	916	915	907	909	917	907	914	914	911	918	913	912	913	908	911	914
921	913	914	934	952	944	924	910	912	913	911	912	910	908	909	916	913	911	909	903	910	917	913	908	904	903	911	914
918	914	923	946	969	970	957	940	916	909	918	916	915	909	912	912	913	908	910	912	904	915	918	904	908	914	909	905
919	915	918	945	971	984	988	974	934	913	916	923	924	923	920	910	916	908	911	907	905	915	918	909	912	911	916	913
915	917	924	947	975	994	992	975	931	912	911	923	929	925	915	917	908	906	911	909	911	912	914	913	909	910	922	907
930	925	927	950	982	992	987	977	955	925	911	924	912	918	905	901	913	930	936	942	925	917	913	916	910	906	914	915
936	928	917	938	959	984	984	970	960	944	916	912	923	814	725	800	870	917	956	945	944	933	921	918	913	910	910	917
940	936	917	911	943	966	980	984	980	960	933	914	855	667	818	893	900	891	959	974	964	924	860	883	919	906	907	912
935	928	925	916	921	945	969	991	974	963	939	919	848	877	959	933	923	982	1016	1030	1006	786	604	636	814	913	907	900
930	920	924	923	912	929	971	1008	960	935	925	912	915	945	976	976	1004	1012	1030	1035	1016	853	784	842	805	908	909	913
918	915	908	910	912	916	925	920	910	925	923	915	918	919	957	1009	1052	1064	1059	1050	1054	1047	998	946	920	921	917	916
926	916	915	917	919	923	917	915	927	935	939	935	924	919	919	916	942	990	1038	1063	1063	1056	1049	1028	967	929	922	923
934	926	936	925	930	935	924	935	961	969	954	948	950	951	938	919	910	910	926	974	1036	1065	1067	1050	1013	974	926	914
920	935	924	922	935	971	947	972	1032	1055	1044	1017	999	968	954	947	922	905	909	909	922	969	1036	1061	1046	1015	962	934
947	918	928	945	948	969	988	1029	1052	1028	1015	1041	1028	969	943	946	928	924	928	914	913	913	924	976	1044	1070	1039	975
1000	951	917	945	945	945	994	1045	1031	1013	976	1008	1029	997	970	959	945	939	948	936	930	920	913	910	936	1020	1072	1054
918	1005	945	954	950	955	986	1040	1024	998	988	961	1009	966	968	959	933	921	934	942	935	942	932	917	911	922	1007	1073
770	1015	984	937	937	944	970	1037	1049	1018	1011	1011	1022	988	939	924	915	911	910	919	917	928	943	934	913	913	928	1013
795	1014	974	931	929	920	927	963	1011	1031	1011	1000	991	963	942	913	915	912	909	915	909	905	921	943	925	913	910	936
979	1014	967	932	915	923	920	919	932	954	960	976	968	936	909	911	918	910	910	910	909	908	922	952	927	911	916	916
1016	1010	960	924	916	916	909	907	913	915	931	938	932	919	912	912	912	921	924	916	913	915	923	927	916	911	917	921
1031	1005	944	924	918	919	925	923	924	915	917	913	913	905	911	916	918	917	915	914	914	914	915	912	907	910	913	916
1021	955	926	924	923	925	923	919	916	911	914	910	910	917	916	914	912	915	914	921	921	911	906	912	914	910	917	930
988	1006	971	924	917	914	912	918	914	911	914	910	911	912	908	915	911	913	915	916	916	913	915	914	921	915	913	917
967	982	947	918	915	914	918	916	911	914	914	916	913	907	914	914	917	914	913	918	921	916	914	918	926	916	912	915
931	918	913	912	911	913	916	917	911	909	911	914	920	917	919	917	915	914	913	922	916	917	910	906	926	924	923	927
910	912	907	918	918	917	910	915	915	910	913	915	910	911	912	913	908	908	913	907	918	918	916	917	921	926	925	919
912	912	914	937	962	961	945	913	915	916	917	911	914	917	913	913	920	920	915	911	914	909	919	913	907	912	913	917
920	923	950	1009	1033	1028	1009	941	920	916	917	920	910	916	910	910	916	920	912	905	911	918	919	919	911	912	911	915
912	928	987	1044	1051	1054	1047	973	916	922	915	914	916	917	914	917	912	907	911	910	912	911	910	909	909	909	912	912
915	952	1020	1053	1062	1066	1062	1026	955	918	913	914	905	897	912	917	910	912	908	910	908	912	919	915	914	914	912	907
931	967	1027	1053	1056	1065	1062	1058	1009	925	916	913	911	913	913	907	912	910	907	908	908	910	913	912	907	913	914	916
995	997	1037	1053	1067	1070	1062	1070	1032	937	908	909	913	912	906	910	915	911	907	903	902	914	911	911	912	909	913	919
1041	1026	1040	1063	1070	1071	1064	1063	1053	1007	939	909	924	918	913	914	911	909	912	912	907	906	908	911	912	911	909	905
1044	1038	1031	1047	1059	1064	1061	1065	1053	1049	1024	942	918	928	941	937	918	912	921	917	911	906	913	911	907	905	908	914
1043	1041	1011	1021	1052	1059	1066	1065	1066	1063	1046	989	929	938	931	925	911	915	909	912	919	907	882	893	917	913	910	914
1047	1041	1000	985	1037	1054	1059	1059	1060	1058	1054	1016	939	926	929	918	914	919	936	962	965	924	875	882	909	906	907	911
1035	1021	994	955	979	1028	1043	1050	1054	1050	1035	1008	943	913	930	926	919	949	1003	1012	1013	980	975	989	949	914	908	908
915	914	919	918	915	915	914	906	896	866	856	897	918	918	958	1020	1062	1077	1061	1058	1057	1052	1005	952	922	921	926	922
919	921	926	919	938	953	961	941	864	660	571	675	861	920	915	912	940	997	1048	1077	1066	1051	1049	1043	994	932	922	912
928	933	943	984	1011	1002	1007	1013	974	851	682	550	720	914	918	915	917	914	934	977	1042	1066	1066	1065	1069	1023	942	919
921	916	910	967	986	969	968	1018	1019	1026	1024	784	716	906	913	910	910	906	905	910	924	982	1047	1067	1068	1045	987	944
922	900	940	968	922	965	930	964	994	980	1042	997	869	910	916	914	908	941	939	916	917	916	924	980	1045	1062	1042	978
935	918	948	1002	955	970	972	988	975	979	1017	1043	959	914	915	916	922	973	939	919	914	912	912	915	936	1006	1067	1059
955	926	925	994	1005	991	997	997	961	981	1033	1063	963	920	915	911	911	920	915	908	908	911	914	913	911	920	980	1053
1000	944	910	938	1006	1020	973	954	1011	1032	1049	1013	941	923	912	908	916	918	913	905	906	912	909	904	913	911	907	951
999	932	911	913	947	983	979	986	992	975	959	949	924	916	913	915	914	914	907	907	917	910	918	919	910	906	918	918
990	944	921	923	926	897	934	962	963	948	932	923	910	917	912	908	911	908	909	911	902	908	923	915	907	919	919	913
980	944	915	927	921	916	917	933	937	930	923	919	922	918	919	909	908	916	919	915	918	919	912	905	914	925	931	920
962	938	925	936	927	920	917	921	924	919	929	934	918	912	912	916	922	916	911	913	914	914	912	917	915	908	911	917
945	924	927	946	941	933	926	933	933	926	928	914	914	917	916	915	909	911	911	915	925	918	911	911	909	916	913	924
960	943	933	932	915	915	922	921	919	916	909	913	909	910	908	910	912	919	921	919	918	917	922	915	916	922	915	916
973	939	924	907	907	910	919	916	910	911	911	911	909	910	905	905	905	906	902	913	922	923	916	914	912	914	909	912
934	913	912	913	919	920	915	918	916	915	909	908	907	915	909	910	908	911	914	921	919	920	922	913	912	913	910	910
915	916	911	924	932	929	921	915	916	913	906	907	921	916	908	906	912	913	910	904	910	913	914	914	911	912	931	924
907	914	925	1000	1039	1035	1022	948	922	910	918	920	914	914	911	912	914	910	913	905	908	906	919	913	913	918	924	921
914	949	1030	1067	1076	1073	1075	1013	928	912	912	913	911	912	915	916	912	920	914	911	912	914	918	921	911	911	911	919
928	1012	1062	1057	1060	1055	1065	1024	944	920	913	914	922	935	932	939	937	927	926	919	923	928	914	911	917	919	909	906
950	1044	1062	1067	1067	1067	1057	1013	952	921	933	949	965	953	947	946	936	929	932	928	929	919	917	920	916	910	908	912
1017	1061	1071	1064	1062	1061	1054	1004	946	927	959	989	992	976	950	938	936	932	932	930	940	938	930	921	912	911	914	913
1069	1063	1061	1056	1068	1075	1050	1016	963	949	979	999	1011	998	950	947	939	923	921	920	927	939	931	922	911	909	906	909
1054	1057	1069	1064	1066	1068	1059	1046	986	972	1000	1021	1032	1011	995	1004	989	922	909	925	922	926	929	923	907	907	912	908
1056	1059	1070	1054	1060	1063	1060	1055	1030	1033	1047	1037	1028	1029	1041	1034	1009	967	923	912	910	912	912	908	912	903	907	915
1062	1053	1058	1068	1049	1061	1072	1063	1064	1070	1072	1067	1046	1044	1061	1038	1018	991	939	912	904	912	913	906	917	921	912	914
1059	1066	1063	1062	1066	1068	1061	1058	1057	1054	1060	1061	1037	1035	1030	1022	1008	994	944	911	911	926	919	917	926	909	914	917
1063	1070	1049	1041	1049	1061	1053	1056	1061	1067	1066	1054	1025	1012	1009	1000	989	959	930	919	937	938	918	910	911	909	913	919
920	918	921	924	923	918	909	917	863	653	631	822	909	905	938	985	1037	1066	1060	1055	1068	1062	1004	952	925	926	923	915
921	941	871	852	925	949	967	932	526	151	60	235	716	918	920	908	923	965	1022	1069	1065	1047	1056	1044	1000	933	917	916
935	805	518	535	815	1037	1064	983	764	573	359	79	360	897	925	916	915	908	924	961	1022	1065	1072	1064	1076	1034	950	928
937	699	428	548	902	1030	1027	1028	996	873	780	388	256	841	919	921	928	930	919	918	917	965	1036	1066	1078	1074	1032	949
934	731	531	762	1011	994	970	979	992	943	844	623	505	884	906	907	912	938	944	921	919	912	921	979	1045	1072	1048	988
962	842	731	940	1015	973	966	991	971	938	878	833	869	915	907	925	916	935	932	920	910	912	917	914	927	993	1056	1078
931	979	954	1019	1023	979	976	993	956	984	1021	1009	927	912	907	917	915	916	916	918	914	913	915	916	911	919	957	1020
924	970	979	1004	1035	1010	990	989	992	983	1030	947	907	914	916	912	918	924	916	909	906	899	911	907	917	913	911	919
937	929	943	963	990	1012	978	940	975	956	958	929	908	918	923	915	910	914	906	909	920	910	921	927	912	916	924	911
933	920	930	953	952	911	947	961	960	981	958	920	913	924	920	909	907	921	918	910	907	914	915	920	918	911	909	905
937	920	915	923	920	925	932	968	966	949	921	913	919	925	923	910	918	916	908	906	916	907	912	914	920	920	914	915
929	924	914	914	911	914	908	922	917	917	921	930	921	922	918	915	910	909	913	913	914	919	919	918	915	907	914	925
923	929	925	925	923	912	910	923	917	921	929	925	926	927	931	938	930	920	924	910	910	919	921	905	906	913	921	911
930	918	918	917	905	905	913	915	916	914	916	920	939	947	971	972	965	950	933	915	911	919	912	917	914	919	912	910
923	910	909	910	912	921	910	913	913	914	939	959	966	983	975	969	971	966	944	923	923	916	923	923	917	916	912	913
912	911	909	912	922	921	921	917	922	941	974	995	990	968	945	951	952	949	937	930	918	914	923	917	912	912	907	917
916	914	916	921	931	929	925	903	922	959	988	999	983	930	934	945	956	956	935	937	931	915	907	907	905	908	915	920
916	917	929	999	1036	1033	1007	967	944	969	994	998	971	942	952	958	961	966	945	943	946	933	933	921	916	919	920	920
909	944	1028	1058	1064	1063	1063	1064	988	969	993	990	973	974	995	994	1000	993	977	978	971	928	959	956	931	912	913	913
931	1029	1065	1068	1057	1057	1056	1059	1028	946	970	1004	1033	1046	1036	1040	1053	1035	1020	1019	1006	991	987	984	960	923	912	909
999	1067	1062	1064	1059	1068	1062	1061	1019	958	1023	1053	1061	1065	1060	1058	1059	1045	1034	1033	1021	1010	992	994	979	942	921	910
1050	1067	1062	1059	1063	1063	1058	1055	1027	1022	1062	1072	1063	1066	1057	1049	1054	1043	1030	1042	1030	996	968	1004	989	954	937	928
1053	1049	1061	1058	1058	1067	1055	1051	1033	1057	1066	1073	1071	1066	1054	1053	1041	1026	1023	1036	1024	971	984	1023	995	948	935	929
1054	1052	1049	1047	1055	1062	1055	1053	1026	1045	1060	1066	1075	1069	1065	1069	1069	1024	1014	1033	1017	986	1002	1022	973	933	939	936
1062	1063	1032	1001	1048	1061	1059	1054	1033	1055	1066	1067	1067	1062	1074	1069	1072	1066	1010	1002	1016	1010	999	985	932	918	923	927
1063	1049	1029	988	1014	1050	1062	1054	1050	1064	1073	1065	1070	1067	1071	1064	1070	1066	1020	956	964	972	972	935	907	918	916	916
1063	1067	1049	1004	982	1046	1059	1061	1048	1056	1066	1072	1067	1062	1064	1072	1070	1076	1014	910	908	916	922	913	915	908	907	909
1064	1060	1058	1019	968	1014	1047	1058	1052	1049	1063	1064	1081	1078	1069	1071	1062	1063	997	917	910	921	918	899	897	902	921	912
916	919	923	925	908	905	904	915	914	884	884	916	912	909	927	972	1025	1056	1071	1057	1066	1059	1010	950	915	911	912	920
935	938	877	879	957	963	926	912	797	690	702	808	924	923	906	907	924	960	1014	1050	1065	1055	1060	1042	993	935	915	916
831	916	684	468	644	956	960	885	757	591	593	683	871	950	936	926	910	908	918	951	1008	1058	1070	1066	1063	1032	956	921
759	961	789	547	719	966	1001	942	841	657	575	637	804	912	919	925	920	915	917	915	923	951	1009	1050	1067	1072	1043	960
963	976	871	864	963	991	985	1001	963	811	642	693	844	910	906	904	906	912	911	906	920	910	914	952	1027	1076	1058	1000
982	991	944	955	1003	936	960	991	1021	926	783	854	911	918	916	917	911	908	910	909	910	912	919	916	922	986	1053	1061
975	1006	974	982	999	978	986	992	1033	1000	941	929	924	917	916	908	917	920	923	922	918	917	911	911	916	926	962	1025
945	1002	1003	1000	1000	1011	1009	1013	1054	1000	941	910	908	912	917	916	914	916	919	914	914	912	905	912	908	920	925	941
966	1001	1025	1018	989	1014	1012	1019	1036	960	926	919	918	914	917	915	914	916	920	913	915	915	913	914	911	912	911	915
974	963	990	1018	985	981	976	1001	993	939	927	923	923	919	912	919	916	918	913	915	914	910	915	915	921	924	913	907
941	945	956	964	949	943	935	967	933	915	915	914	915	918	920	907	912	916	915	911	909	917	918	914	918	910	913	914
925	930	933	935	927	925	921	922	915	913	912	917	915	915	918	920	926	917	907	914	912	912	912	905	912	919	923	913
924	910	921	946	922	911	921	917	913	915	917	916	944	990	1005	1017	1012	996	963	941	928	911	917	912	919	913	914	917
920	921	934	940	923	920	919	918	916	910	921	969	1046	1064	1061	1067	1071	1063	1040	1006	975	937	923	918	916	916	918	909
924	922	918	920	915	913	913	915	915	950	1020	1050	1062	1067	1070	1068	1076	1067	1062	1048	1010	959	935	916	913	912	914	920
915	912	911	912	912	911	916	911	944	1026	1064	1063	1046	1052	1057	1063	1065	1061	1057	1043	1021	988	950	930	919	917	911	917
906	911	909	907	914	916	915	917	1002	1058	1059	1062	1065	1053	1057	1058	1063	1067	1065	1064	1060	1035	1009	976	932	916	918	914
912	919	917	944	959	966	942	947	1030	1060	1069	1068	1067	1060	1061	1065	1071	1067	1062	1060	1039	985	1014	1019	965	928	915	916
908	922	965	1012	1038	1038	1030	1031	1053	1074	1078	1067	1049	1047	1047	1051	1046	1041	1026	1050	959	780	955	1023	1011	942	924	918
919	976	1040	1056	1061	1059	1065	1058	1066	1055	1052	1028	1033	1043	1051	1050	1057	1030	984	1045	1027	1005	961	973	1036	998	953	946
976	1043	1055	1065	1061	1057	1064	1065	1053	994	996	1005	1028	1038	1057	1061	1057	1056	1030	1054	1056	1066	955	935	1045	1048	1018	1009
991	1036	1050	1066	1066	1068	1059	1067	1051	1010	1010	997	1019	1048	1059	1067	1072	1062	1032	1058	1050	1002	874	929	1055	1052	1036	1023
959	1011	1044	1060	1058	1059	1057	1062	1046	1020	1020	1010	999	1012	1032	1051	1050	1065	1070	1060	1015	858	928	1040	1065	1053	1039	1030
958	948	983	1046	1066	1065	1065	1059	1042	1020	1007	996	992	998	1017	1025	1039	1051	1064	1061	1014	836	971	1066	1059	1044	1046	1043
966	963	942	1006	1062	1069	1053	1057	1041	1013	1021	1018	1024	1040	1039	1036	1028	1021	1045	1068	1066	1030	1027	1052	1021	1025	1032	1043
990	969	941	944	1051	1056	1054	1059	1047	1014	1031	1038	1044	1040	1042	1037	1034	1009	970	1009	1047	1062	1041	979	962	1010	1031	1028
989	975	947	938	1013	1056	1060	1060	1047	1019	1036	1021	993	1037	1054	1028	1022	997	957	948	979	999	987	963	950	965	989	990
992	994	964	937	983	1045	1060	1056	1044	1020	1049	1019	911	972	1036	1014	1021	1051	1043	1016	1002	1012	1023	1005	981	937	920	916
910	912	909	910	909	917	919	917	910	920	943	942	926	914	917	954	1003	1047	1072	1063	1063	1051	1011	951	921	905	910	919
955	960	966	961	951	933	911	911	930	935	934	928	928	911	910	911	911	951	1005	1048	1068	1060	1056	1040	993	935	911	910
827	893	942	1014	966	973	952	906	893	945	946	936	927	919	911	918	919	915	919	949	1013	1054	1067	1067	1058	1034	967	924
540	693	824	820	827	1008	1024	971	805	886	932	935	925	908	912	924	912	913	912	910	919	961	1018	1063	1073	1067	1054	984
944	949	995	927	889	985	1001	999	903	896	940	932	922	913	913	910	908	914	908	911	913	908	924	966	1036	1072	1073	1028
994	989	941	924	937	927	987	986	983	986	937	918	915	908	910	909	911	910	913	910	912	913	918	917	930	989	1052	1058
985	947	893	894	954	998	1015	979	951	943	911	908	912	912	919	911	905	920	915	909	912	916	911	906	913	924	963	1032
992	957	853	849	916	993	972	1013	987	926	914	918	907	910	920	920	914	915	912	908	921	915	906	910	909	926	928	921
997	994	964	949	981	962	972	1010	974	929	920	912	907	914	909	914	916	912	915	912	917	917	916	918	918	913	917	911
1004	1002	989	989	998	975	990	981	948	924	917	915	921	920	910	916	924	916	914	918	912	912	910	916	909	919	930	915
994	1021	982	944	959	973	964	947	934	920	914	911	915	909	916	913	911	914	913	908	908	920	915	905	914	922	921	911
945	988	953	939	975	907	905	927	924	916	918	922	923	907	919	917	912	914	909	912	912	911	914	919	924	921	915	919
919	923	958	975	968	935	926	913	911	914	918	921	931	950	951	958	959	979	999	994	975	952	934	917	914	916	912	919
936	911	915	915	921	921	915	917	915	937	954	970	1005	1021	1002	997	999	1035	1068	1066	1064	1043	989	927	920	921	918	909
921	914	913	912	911	906	908	918	950	985	991	986	997	1006	997	994	993	1027	1070	1071	1065	1062	1038	969	917	920	917	918
919	918	917	910	905	906	912	935	986	1013	1004	969	951	963	963	956	958	983	1022	1056	1074	1071	1051	1006	940	916	917	919
904	906	904	907	912	921	951	971	1002	999	970	959	973	970	973	980	988	990	1022	1046	1059	1065	1073	1062	1007	940	915	913
912	904	900	913	916	940	975	983	977	968	977	992	1006	1006	996	998	1015	1025	1049	1054	1050	1039	1051	1066	1068	1022	979	947
937	907	908	910	951	996	1015	990	975	981	1002	1019	1028	995	956	986	1001	995	985	993	998	990	1028	1048	1067	1051	1022	990
954	918	924	957	1000	1055	1046	984	988	1000	1001	991	972	937	944	961	947	938	943	976	976	1024	1011	1006	1039	1053	1047	1038
954	951	959	989	1010	1035	1042	1011	1003	972	945	923	929	933	959	969	957	962	968	1009	1030	1038	1017	1021	1025	1045	1056	1045
957	956	961	987	1018	1037	1037	1032	1004	948	923	917	918	921	946	970	964	965	973	1004	1030	1031	1013	1013	1041	1056	1043	1053
933	933	938	968	1010	1029	1041	1051	1052	1020	983	943	923	916	928	943	942	957	973	1002	1018	1015	1008	1004	1047	1058	1036	986
945	931	922	962	993	1032	1048	1056	1059	1048	1017	987	934	914	917	930	931	939	964	998	995	971	984	1007	1060	1058	1062	1042
947	930	942	971	984	1039	1055	1063	1065	1061	1038	1015	971	942	941	926	919	920	939	963	976	978	965	990	1057	1067	1066	1066
967	947	955	935	995	1058	1060	1062	1063	1059	1049	1036	1012	941	939	925	920	911	919	949	992	1004	1000	995	1041	1062	1063	1058
978	952	944	930	1022	1064	1063	1066	1059	1048	1035	1004	943	943	942	929	919	910	962	1033	1059	1065	1058	1051	1049	1049	1038	1053
963	964	915	936	1046	1065	1066	1057	1065	1051	1034	975	828	868	925	913	934	973	1049	1076	1070	1065	1066	1069	1066	1036	985	972
916	923	922	909	903	916	912	916	916	905	916	915	915	913	910	930	966	1035	1066	1058	1060	1061	1031	966	925	914	919	922
888	880	918	939	909	909	950	918	913	914	917	909	904	905	909	915	916	942	1007	1064	1064	1060	1070	1050	1009	945	913	915
726	799	942	1031	936	923	1010	967	926	916	914	910	910	913	909	916	915	907	926	960	1026	1065	1055	1056	1057	1037	977	927
725	889	1014	996	973	963	993	1008	977	921	910	916	917	912	916	923	915	919	911	909	924	968	1031	1070	1057	1052	1067	1005
955	989	1029	994	965	964	970	984	997	932	919	915	911	910	909	909	911	911	906	905	909	909	918	975	1037	1069	1063	1036
1000	996	974	981	984	952	955	992	989	929	916	915	918	910	916	912	905	919	910	915	916	914	913	910	934	1002	1056	1065
968	971	975	978	958	948	1005	1018	956	925	919	917	919	916	918	917	915	913	922	918	917	916	914	913	918	924	977	1039
938	937	957	952	1005	1022	1008	972	917	918	917	916	913	917	910	916	908	911	912	911	908	913	909	909	909	916	929	928
901	795	944	1004	1014	967	956	935	918	922	918	915	909	908	910	911	910	909	906	903	914	917	916	912	915	910	918	918
850	809	935	1007	994	906	966	920	908	924	921	912	916	914	916	916	915	917	911	912	916	915	915	913	912	911	913	902
891	911	949	1015	995	971	956	916	909	914	921	916	921	917	916	909	905	919	918	923	921	919	916	910	909	917	908	912
924	946	972	982	974	960	929	915	927	927	921	923	922	916	924	933	923	918	915	915	915	908	913	921	917	918	916	917
966	964	956	937	939	933	921	929	940	959	972	993	1009	1009	1022	1034	1015	987	975	959	958	957	934	914	914	918	917	924
937	933	922	925	923	932	944	944	964	1032	1065	1067	1065	1059	1063	1060	1058	1049	1050	1043	1051	1047	1012	952	917	915	923	914
935	933	920	920	936	952	956	969	1048	1075	1063	1062	1059	1056	1060	1043	1024	1001	1011	1043	1057	1070	1071	1043	961	929	919	920
910	919	923	948	962	973	989	1050	1073	1065	1065	1040	1013	991	975	956	937	945	949	971	1034	1079	1062	1063	1035	963	921	917
950	937	937	977	1003	1022	1058	1074	1071	1044	977	934	939	932	925	914	916	917	915	939	991	1052	1062	1066	1047	1001	942	924
1017	985	966	984	1014	1049	1061	1064	1040	956	918	913	911	919	915	912	910	915	933	951	952	1020	1075	1064	1065	1063	1043	980
1050	1019	987	995	1050	1068	1077	1066	986	916	926	916	914	908	908	916	920	923	940	942	949	999	1047	1057	1058	1061	1054	1045
1067	1026	989	976	1033	1074	1060	1022	978	949	918	917	930	920	917	922	918	924	921	911	929	961	998	1013	1031	1056	1060	1067
1052	1022	985	959	968	1010	1030	1013	998	967	934	923	930	913	913	916	917	916	910	918	937	959	971	963	1013	1046	1052	1059
1034	1005	961	956	960	982	1007	998	980	970	943	917	919	922	922	920	908	906	914	924	932	932	932	938	989	1033	1053	1050
1012	999	957	946	945	975	998	1023	1036	1031	1013	957	920	916	915	921	916	909	916	921	916	921	921	930	978	1030	1039	1031
944	949	950	946	948	965	1008	1057	1054	1049	1072	1033	953	911	918	937	923	907	909	913	919	928	925	925	963	1004	1030	1033
922	923	932	937	934	964	1042	1066	1059	1067	1059	1048	989	927	919	940	944	943	937	926	916	909	911	921	963	1000	1018	1037
921	935	929	924	944	990	1039	1063	1063	1059	1060	1062	1024	940	919	908	916	927	937	929	932	937	927	924	944	963	981	1038
974	946	937	925	952	1009	1042	1065	1068	1064	1060	1054	1026	962	935	925	923	920	931	952	966	971	973	965	963	951	951	1030
1027	977	951	962	983	1006	1032	1057	1057	1057	1052	1039	1026	953	924	929	955	919	958	1000	1000	991	988	1014	1041	1046	1007	1030
914	927	918	902	905	907	913	913	913	913	912	910	912	919	906	929	956	1006	1047	1057	1067	1070	1019	956	916	914	923	915
403	446	799	933	911	921	926	913	912	911	919	915	908	906	913	909	909	918	964	1018	1037	1059	1067	1045	1001	950	920	919
356	407	696	1003	967	954	944	934	917	908	907	907	908	918	911	922	915	913	918	918	984	1044	1051	1053	1058	1031	974	932
828	887	855	925	1002	961	961	957	927	913	915	923	904	911	912	911	912	914	913	905	919	944	1012	1056	1052	1048	1069	1010
959	899	866	947	1011	868	892	958	941	905	915	913	916	908	912	908	918	914	910	909	913	906	916	963	1041	1069	1061	1054
1007	971	941	960	1004	752	794	947	943	913	909	909	914	912	916	914	906	909	913	914	908	908	915	910	941	1007	1061	1068
989	983	901	976	1029	862	900	943	927	918	915	911	903	918	915	912	909	912	916	913	918	920	913	915	911	910	963	1034
973	961	957	1037	1007	970	936	914	913	911	914	917	921	914	904	917	906	909	910	908	909	909	912	910	908	907	917	956
973	900	974	1015	989	937	917	917	921	915	911	915	911	912	911	913	904	911	920	913	918	922	915	912	910	906	921	924
968	887	925	974	966	927	918	908	914	910	908	913	920	923	920	911	907	918	912	913	918	916	906	911	906	914	910	910
932	890	901	992	951	917	910	928	932	926	932	948	949	945	928	912	915	918	913	918	914	913	913	912	908	920	917	912
917	905	960	963	924	930	977	1009	1020	1036	1006	990	967	954	931	923	916	917	924	938	960	963	940	925	913	923	922	905
938	964	963	923	924	975	1022	1046	1063	1061	1031	1022	1004	977	962	960	970	982	1003	1031	1040	1026	1003	968	930	927	921	925
942	930	916	926	988	1038	1056	1056	1061	1028	1010	1017	1024	1005	1004	1011	1029	1062	1057	1062	1065	1058	1035	995	946	919	915	919
927	917	915	975	1044	1063	1053	1059	1046	982	979	1020	1029	994	1026	1034	1041	1045	1024	1040	1056	1066	1062	1030	975	935	917	920
930	936	962	1056	1067	1065	1041	1011	1003	992	973	996	988	955	970	966	953	957	945	943	963	1014	1040	1034	1043	1016	948	916
1027	1030	1044	1057	1068	1066	1049	1010	998	1000	940	930	924	919	908	914	918	914	914	917	953	988	1016	1044	1061	1061	1024	950
1058	1060	1063	1069	1060	1065	1055	1039	1023	955	920	916	920	932	925	920	923	919	903	915	925	962	1028	1054	1057	1058	1054	999
1060	1067	1057	1064	1066	1062	1061	1060	1062	1020	948	923	921	916	912	912	913	909	915	914	904	911	961	1041	1064	1062	1050	1017
1065	1057	1061	1062	1065	1061	1057	1062	1054	1053	1003	939	926	908	910	911	910	918	907	907	913	903	912	954	1028	1060	1059	1055
1063	1067	1065	1059	1058	1060	1058	1062	1063	1058	1036	969	923	910	918	913	911	914	905	909	913	918	922	937	979	1018	1052	1072
1064	1062	1053	1047	1042	1058	1055	1056	1063	1048	1037	992	921	933	926	912	918	911	924	915	920	914	907	929	945	1007	1055	1056
1054	1059	1049	1027	1035	1059	1059	1055	1062	1063	1052	1004	921	924	930	914	927	925	924	913	911	914	927	929	932	987	1025	1042
958	971	977	966	983	1053	1056	1061	1060	1058	1059	1024	913	909	916	911	920	916	920	916	915	921	923	919	924	932	953	967
908	912	923	921	929	971	1040	1065	1066	1067	1064	1001	915	913	911	929	924	922	920	913	913	914	913	911	904	910	916	932
925	935	948	975	954	929	945	1003	1037	1038	1016	963	919	927	939	962	934	930	924	918	916	917	918	914	915	913	922	969
986	972	970	945	929	924	934	954	985	993	991	966	960	955	956	959	948	933	919	927	919	912	915	917	927	924	931	977
1009	982	992	986	967	965	974	976	963	975	995	967	949	937	930	925	922	918	918	917	916	912	912	927	954	949	942	978
909	909	910	913	919	913	911	913	907	911	911	911	912	912	920	944	977	1002	1027	1054	1068	1028	970	926	916	914	913	911
663	712	886	928	914	916	920	913	912	907	915	915	913	916	919	915	908	927	956	994	1018	1043	1048	1004	961	931	916	919
817	840	895	958	920	914	907	911	913	911	914	910	911	912	915	914	908	918	917	924	956	996	1020	1045	1058	1010	952	927
945	936	910	963	957	917	917	913	916	917	915	917	914	915	912	911	921	913	914	913	914	928	961	1015	1031	1055	1051	982
980	901	895	941	967	906	906	918	909	914	913	916	911	910	909	910	914	913	913	914	916	914	906	939	1002	1050	1066	1056
983	913	898	970	964	912	904	913	910	913	916	912	913	917	911	914	907	907	910	908	912	908	912	915	925	982	1054	1072
982	987	948	967	951	920	911	908	910	911	911	906	911	916	916	915	910	915	912	915	918	911	914	916	911	907	947	1031
1029	996	955	959	922	919	916	915	914	914	917	920	918	913	912	919	912	906	913	911	912	912	914	913	908	911	914	956
1025	999	949	935	912	918	913	915	914	910	908	913	912	914	917	917	912	916	921	914	918	920	916	913	908	915	920	935
977	967	961	938	920	921	914	917	922	925	930	955	982	987	972	947	924	914	916	912	919	919	911	915	914	928	921	904
971	962	954	931	918	913	919	927	981	1022	1029	1042	1059	1050	1020	988	950	918	908	916	913	915	909	910	919	916	918	914
954	940	939	940	926	949	987	1014	1055	1079	1075	1073	1060	1056	1045	1025	958	910	912	923	955	991	986	952	923	916	921	917
985	963	949	946	967	1038	1054	1045	1031	1042	1063	1060	1060	1057	1035	995	923	909	930	979	1030	1055	1063	1053	998	941	915	916
1035	1013	979	962	1028	1074	1044	1028	986	974	990	980	970	959	937	928	920	941	944	993	1030	1043	1061	1073	1053	1008	943	920
1045	1020	987	979	1031	1055	1002	965	935	911	908	917	929	907	919	927	936	944	923	943	980	988	1009	1059	1052	1024	964	919
1004	998	978	996	1008	1004	958	913	914	924	919	920	932	914	912	906	910	917	907	905	916	924	939	989	1024	993	945	917
1029	1044	1061	1052	1017	992	966	918	918	924	919	912	914	905	917	911	905	908	912	915	913	910	920	930	968	958	953	938
1059	1059	1059	1057	1058	1052	1031	1008	982	952	919	917	913	921	917	915	929	923	918	918	914	915	927	957	988	1001	1024	1008
1059	1057	1062	1058	1059	1060	1065	1063	1061	1054	974	916	941	936	925	920	920	925	925	922	920	919	922	981	1032	1056	1063	1064
1058	1059	1060	1063	1067	1056	1056	1059	1059	1060	1031	935	938	914	908	911	912	914	909	918	919	910	904	935	1015	1055	1069	1058
1063	1059	1054	1062	1070	1069	1058	1056	1055	1058	1059	983	930	908	913	912	912	911	911	909	908	912	910	911	930	968	1024	1045
1068	1058	1061	1067	1072	1068	1058	1067	1074	1074	1064	1019	933	930	915	910	908	910	910	913	912	918	912	908	915	924	960	1014
1056	1055	1064	1068	1068	1066	1060	1063	1064	1065	1058	1031	935	943	925	919	923	918	910	909	916	919	919	921	925	928	945	976
969	963	981	983	970	1010	1049	1062	1067	1059	1055	1035	936	929	935	927	922	923	925	934	928	921	924	922	918	914	919	930
916	913	918	923	918	931	980	1021	1040	1046	1046	989	916	916	922	915	922	924	922	919	917	917	917	915	922	920	927	930
921	931	939	959	965	940	924	932	948	954	934	907	919	931	935	915	906	909	910	917	914	907	914	914	911	916	917	917
971	979	988	1005	1000	982	961	956	956	961	971	963	976	969	953	940	933	934	935	922	917	917	921	916	920	916	919	920
971	991	1004	1019	1018	1026	1010	987	972	964	967	941	926	921	917	927	929	938	957	946	936	924	929	931	929	927	924	925
914	906	910	914	913	916	916	911	912	910	905	910	914	923	935	940	958	964	979	1009	1003	954	926	917	915	910	915	916
934	925	915	917	911	912	913	910	912	911	917	921	921	918	912	913	928	939	967	999	1014	1004	975	945	925	918	921	916
935	936	933	914	914	909	916	910	913	910	907	909	912	907	909	908	910	915	930	945	973	984	985	996	1019	964	928	925
926	929	937	919	909	911	914	914	915	915	912	912	912	909	912	913	919	916	909	907	920	941	954	983	1029	1047	1007	952
946	929	937	934	917	911	915	914	911	912	909	916	910	914	914	907	912	918	917	916	915	913	918	942	983	1038	1064	1036
950	922	908	924	910	910	914	914	913	912	913	911	914	913	906	905	913	914	908	913	912	911	913	910	919	961	1031	1054
932	935	932	919	916	919	913	910	911	914	912	910	911	913	914	921	915	918	917	910	913	910	909	915	915	912	933	1003
926	921	917	911	914	918	916	913	915	915	914	919	916	923	921	918	915	911	917	917	915	918	916	916	917	918	912	947
920	908	923	942	945	926	912	920	923	915	916	917	912	914	919	931	930	919	914	916	918	918	914	910	915	917	912	933
905	922	976	1017	1021	981	933	912	921	924	934	934	940	974	1027	1041	1012	984	945	920	919	920	910	911	911	917	914	913
909	940	1010	1025	1038	1014	950	907	944	980	978	965	983	1046	1070	1069	1054	1012	959	916	911	912	916	917	919	912	907	909
916	951	1038	1057	1050	1012	939	926	954	999	990	973	986	1036	1066	1067	1046	1000	934	916	921	912	923	928	915	910	919	920
943	1002	1056	1071	1056	997	924	931	929	939	963	948	951	981	1015	1039	1002	933	913	915	912	926	960	1003	1003	968	926	915
984	1039	1063	1060	1051	997	940	915	912	912	923	918	915	923	924	931	920	910	913	918	918	929	985	1044	1060	1059	1007	928
988	1026	1055	1046	997	952	934	915	910	912	909	910	913	915	922	916	918	919	922	921	909	909	960	1056	1064	1071	1060	985
940	952	984	991	960	932	919	915	913	920	929	929	930	917	923	920	916	921	921	917	910	908	932	1016	1058	1060	1043	1010
941	998	1052	1051	1016	969	926	921	921	937	919	907	912	907	911	917	911	910	916	914	911	911	910	918	958	1003	1030	1027
1035	1078	1070	1070	1063	1045	1008	954	929	919	914	917	912	909	913	907	915	913	907	911	916	911	915	917	923	1007	1058	1061
1050	1067	1070	1067	1065	1049	1038	1028	1000	957	924	914	923	933	935	928	923	924	922	913	920	918	913	913	930	1030	1064	1071
1068	1079	1075	1069	1055	1050	1043	1037	1022	997	942	934	952	929	930	927	925	926	921	925	916	916	917	916	920	993	1058	1063
1065	1069	1065	1052	1043	1049	1049	1040	1020	1005	964	952	932	910	915	905	912	912	914	919	915	916	915	916	921	937	985	1020
1072	1063	1046	1038	1042	1041	1040	1035	1033	1010	965	938	936	917	910	916	913	914	909	910	922	922	921	910	918	912	919	947
1067	1040	1012	1011	1022	1023	1023	1023	1023	1005	976	939	941	929	917	911	919	917	917	921	921	918	917	921	918	919	919	934
1000	977	949	936	944	952	966	984	1001	986	962	929	921	940	934	926	924	928	919	919	916	910	912	915	905	917	918	915
924	924	921	917	914	911	915	933	937	948	937	925	917	919	917	914	918	922	913	916	907	918	918	917	923	925	923	919
914	908	916	927	941	932	920	924	920	918	913	921	918	914	915	918	919	912	922	931	925	928	934	932	928	916	914	908
905	918	926	942	958	948	935	936	923	922	922	917	913	906	907	914	913	913	923	938	927	925	927	920	918	924	923	920
933	932	942	945	940	955	972	980	984	965	938	923	914	926	918	917	924	927	929	919	921	920	917	926	918	915	916	922
908	907	906	907	915	914	912	914	913	912	916	918	934	957	976	950	967	979	980	966	941	921	912	912	908	918	918	915
913	915	909	908	916	912	915	913	911	916	911	910	911	923	925	933	953	954	965	971	973	962	950	927	925	926	920	913
914	915	908	918	914	912	920	913	915	909	907	911	918	911	904	911	920	934	941	949	958	964	981	976	953	920	915	924
909	916	909	911	918	917	916	911	913	911	916	911	912	913	910	915	917	906	909	914	930	953	967	966	1006	1006	962	924
909	909	915	911	921	917	920	914	909	912	914	915	917	917	914	914	908	911	907	916	916	923	937	961	1017	1051	1038	973
917	915	918	903	909	915	911	910	916	915	909	909	909	910	911	914	912	909	916	912	912	914	913	909	934	983	1044	1034
908	907	913	920	926	924	919	918	913	911	915	912	908	905	914	913	910	914	918	915	915	914	905	909	902	906	947	1030
917	911	901	909	910	918	910	914	915	915	913	919	910	915	916	903	917	910	919	923	922	913	914	912	909	912	916	955
908	913	927	961	982	984	955	923	911	915	917	915	918	925	918	941	953	939	935	926	918	919	913	908	924	915	910	917
913	922	979	1049	1075	1066	1036	978	924	913	913	914	913	916	978	1035	1057	1053	1028	987	951	920	911	914	912	910	911	915
913	955	1024	1058	1078	1074	1055	998	931	913	902	905	910	945	1008	1040	1065	1068	1062	1030	1008	970	936	926	917	918	914	912
914	936	993	1038	1077	1073	1030	990	929	910	921	913	901	945	1001	1013	1031	1038	1037	1034	1028	985	971	941	920	917	913	921
914	937	986	1012	1023	1012	979	945	925	916	916	904	913	921	925	943	956	956	995	1005	981	971	970	974	970	929	912	914
915	933	963	968	955	947	936	919	917	916	907	908	911	910	904	920	920	907	926	933	935	959	971	1008	1026	977	945	922
913	926	936	945	997	990	927	911	924	922	911	907	913	921	919	920	914	921	914	913	917	926	975	1029	1050	1041	1021	989
907	906	917	1000	1058	1035	960	911	921	923	930	927	919	918	919	912	924	916	912	914	904	917	935	980	1036	1035	1042	1040
928	943	962	1032	1066	1065	1009	914	916	929	921	936	929	923	913	909	915	908	914	915	918	921	917	925	961	1036	1057	1064
943	972	987	994	1025	1020	957	917	916	911	909	917	913	921	918	930	915	921	924	927	925	907	914	922	943	990	1038	1064
978	979	982	967	960	938	917	917	913	910	916	907	919	928	927	924	930	926	922	919	911	907	911	912	912	935	981	1013
985	996	982	957	948	944	929	926	915	916	931	944	949	942	938	940	934	915	911	915	909	916	915	916	917	927	949	990
985	990	973	967	957	944	937	943	941	942	945	941	923	917	916	914	915	909	915	916	919	927	928	928	928	916	924	950
978	972	951	936	950	945	954	950	947	938	934	921	919	912	913	915	912	922	934	932	932	930	916	915	915	919	918	924
940	934	924	931	930	942	937	938	952	954	955	942	932	922	924	915	925	934	934	920	918	912	922	914	911	908	910	926
927	938	933	916	923	951	933	919	920	917	938	947	952	946	934	921	915	910	908	903	910	912	905	916	913	915	916	917
974	977	913	912	927	944	940	919	907	914	922	917	915	917	917	916	912	923	918	925	930	921	929	928	923	925	930	927
941	949	941	917	932	927	922	919	917	918	913	921	924	919	916	919	936	958	963	935	913	916	915	914	921	920	915	913
920	922	945	938	938	922	912	909	913	917	920	930	929	916	928	928	919	914	925	928	919	921	916	925	920	912	907	913
925	930	949	966	959	928	921	938	948	944	949	939	930	927	915	911	918	921	953	947	911	921	932	923	910	910	904	917
909	906	907	917	922	920	936	950	937	947	952	959	970	983	993	985	1007	1008	969	932	925	919	912	915	909	920	916	914
912	913	908	908	914	911	914	916	916	913	913	937	943	960	972	976	987	1004	1012	1014	984	935	920	914	919	922	915	910
919	913	913	916	921	913	914	913	914	904	908	906	913	915	917	931	952	979	995	1014	1025	1028	983	942	921	918	918	916
916	914	912	914	909	917	918	906	912	915	912	913	906	913	906	911	912	915	939	970	981	1030	1044	1015	971	945	932	921
911	910	918	909	917	916	913	908	913	915	911	916	915	915	912	915	910	910	907	914	918	952	1002	1028	1044	1016	972	934
920	911	913	915	912	915	909	909	913	912	910	912	914	914	912	914	912	909	915	910	912	913	922	945	987	1036	1049	987
916	915	916	915	920	914	915	917	908	906	907	906	915	912	915	914	919	919	911	917	918	915	907	908	918	950	1019	1044
914	911	921	912	920	924	923	923	908	916	911	921	913	909	912	912	916	918	922	917	922	913	915	911	908	909	920	975
911	917	907	917	951	996	993	969	933	915	905	911	908	912	908	918	926	929	932	928	920	912	913	912	918	914	912	928
906	911	908	950	1022	1061	1066	1050	982	914	914	919	913	907	905	929	970	1000	1008	983	955	926	915	914	913	912	915	913
920	911	914	985	1063	1072	1079	1077	1031	940	932	938	935	917	917	929	986	1030	1039	1034	1029	1000	959	927	913	916	916	907
922	918	909	961	1052	1071	1074	1076	1023	946	951	954	936	924	916	930	976	1015	1034	1036	1046	1053	1045	999	946	919	909	912
921	912	913	923	1010	1067	1085	1057	970	933	946	937	930	921	914	915	933	964	997	1015	1044	1057	1063	1063	1036	944	911	915
918	913	918	907	928	984	999	958	919	912	925	910	925	919	910	918	916	910	934	965	1012	1046	1059	1067	1063	1017	931	913
920	913	905	928	976	1010	983	911	922	927	918	909	916	915	912	914	915	910	919	919	935	987	1053	1064	1064	1060	1008	943
913	922	915	965	1046	1060	1050	952	924	936	929	914	914	912	911	910	914	908	908	906	914	946	1024	1052	1051	1054	1053	1033
935	922	906	965	1063	1070	1063	974	912	926	941	921	916	919	910	918	912	913	913	919	921	921	980	1035	1047	1053	1059	1069
922	918	911	937	1020	1035	1001	949	913	909	935	950	916	917	922	926	911	913	928	914	908	911	925	969	1026	1041	1057	1061
918	902	916	912	934	946	941	924	909	917	932	930	930	937	925	917	917	913	909	918	917	915	910	915	921	941	968	1005
905	902	911	908	926	921	908	908	910	921	932	940	933	914	915	921	916	913	917	912	906	913	908	910	912	915	919	959
913	912	915	930	946	928	920	941	951	947	941	941	915	910	915	923	919	919	919	919	920	922	919	919	920	913	926	967
915	919	933	928	958	978	970	959	943	926	924	910	916	915	920	919	925	931	929	927	927	929	927	927	922	933	959	1016
913	927	957	983	980	965	944	936	928	927	919	915	923	927	938	935	935	924	910	907	914	914	913	913	920	929	961	1023
988	986	979	955	933	942	923	914	916	926	937	941	948	943	927	919	915	915	916	911	911	910	910	916	909	920	943	970
1025	997	932	916	915	932	930	929	935	933	929	920	921	923	916	920	911	914	922	922	930	931	938	928	919	924	927	926
936	946	945	921	933	938	939	938	931	929	921	918	916	920	914	922	951	967	944	946	936	940	934	933	938	932	934	924
909	925	955	981	1005	962	915	915	914	915	925	923	918	928	957	947	944	929	920	912	916	919	906	911	915	913	911	916
918	916	921	952	990	1016	971	920	915	913	921	917	925	940	929	911	910	913	915	913	912	912	913	922	910	910	914	914
934	952	963	987	1016	1026	1038	1038	1018	1010	1010	1028	1016	1007	1024	1023	1005	983	946	923	917	921	915	919	915	914	917	922
911	915	914	916	927	941	960	970	979	979	986	997	1002	1009	1033	1053	1056	1066	1035	999	954	927	918	917	920	922	920	913
906	910	917	915	905	906	905	909	919	925	932	939	947	947	974	1017	1039	1058	1064	1069	1058	1014	951	924	921	922	917	918
910	913	915	912	910	909	910	914	912	909	908	906	909	911	916	928	949	983	1020	1043	1055	1067	1050	997	938	921	919	919
916	915	918	912	911	913	911	911	916	910	910	914	917	916	910	913	907	914	928	953	990	1032	1056	1068	1030	960	931	921
923	913	911	912	908	905	912	908	910	914	913	914	915	910	916	912	914	910	906	909	915	940	974	1029	1045	1039	989	938
914	914	911	910	914	917	945	939	919	914	914	912	914	911	910	910	918	919	912	910	908	912	912	930	974	1032	1046	988
913	920	924	914	939	1009	1034	1036	969	915	913	923	916	913	912	918	913	915	919	920	914	919	914	909	915	940	986	1021
920	919	916	919	987	1059	1063	1072	1037	939	961	977	940	914	912	914	913	914	914	915	915	914	914	914	916	922	939	968
920	910	916	924	1025	1070	1069	1071	1056	987	1009	1020	963	918	911	910	912	912	914	918	921	916	921	920	913	914	916	926
916	919	914	930	1033	1070	1071	1069	1036	1015	1041	1045	1027	975	917	913	906	917	921	920	916	916	914	915	919	918	911	915
921	923	916	926	999	1050	1057	1049	1026	1049	1063	1070	1055	1028	946	911	910	920	921	922	929	930	930	919	918	910	914	912
925	916	913	915	938	993	1011	993	969	1024	1052	1059	1052	1028	963	916	923	909	909	913	931	944	949	951	944	920	918	915
914	917	916	907	914	925	939	931	945	1017	1044	1038	1029	1004	961	928	917	909	909	922	926	940	975	993	980	956	924	916
916	916	913	916	920	928	941	921	912	949	994	1001	997	978	936	920	908	906	909	916	918	935	977	1000	1011	992	967	938
915	918	920	925	937	966	1000	982	920	922	952	952	957	942	920	915	912	917	915	911	912	937	965	994	1012	1010	1012	1012
930	919	913	928	977	1027	1048	1041	959	915	925	929	936	922	930	926	921	916	919	920	921	922	938	975	996	1007	1015	1036
928	918	916	920	1007	1070	1072	1065	995	916	924	930	925	921	928	917	910	927	929	922	909	915	922	929	949	973	1010	1045
913	914	917	910	1001	1073	1064	1039	969	914	925	920	922	929	917	919	925	918	917	912	920	915	914	919	921	937	1013	1053
910	910	915	906	934	996	999	973	936	917	930	929	916	911	909	924	912	911	913	918	917	913	911	909	912	919	976	1048
913	912	915	913	922	931	930	921	919	936	943	922	919	914	912	913	917	917	916	908	910	918	913	912	913	915	944	1008
912	915	913	921	927	940	940	942	945	940	921	915	918	917	918	916	919	918	915	912	913	915	920	922	927	970	1024	1049
926	941	949	951	947	941	931	928	919	913	919	919	911	920	937	934	937	931	925	927	922	919	914	917	970	1043	1062	1064
937	948	953	931	921	916	913	910	918	914	912	925	942	933	922	921	910	908	919	921	920	922	916	919	962	1033	1052	1055
945	930	965	928	910	907	914	918	922	930	937	953	947	917	906	912	914	910	916	912	916	913	916	926	949	988	1013	1026
932	965	972	921	910	912	918	917	937	946	923	923	913	915	915	916	917	911	914	924	919	917	923	927	937	945	961	972
914	936	919	915	922	921	916	941	937	917	917	918	911	916	928	929	935	928	924	916	917	917	913	918	915	921	923	921
920	919	911	913	915	959	966	937	906	917	926	911	915	931	941	925	926	920	922	917	911	912	916	916	922	913	914	922
1027	1041	1045	1045	1061	1057	1028	1027	1054	1058	1059	1064	1058	1037	1017	977	945	933	927	922	919	921	916	915	913	924	921	917
945	958	979	1001	1016	1038	1041	1037	1041	1041	1052	1061	1051	1065	1066	1044	1039	1007	968	939	921	914	915	916	922	919	915	920
909	913	914	920	934	947	967	982	988	976	992	1017	1035	1028	1051	1059	1066	1049	1051	1026	989	945	924	923	922	914	919	919
908	913	914	911	917	915	912	911	919	917	926	943	958	970	996	1028	1041	1059	1061	1058	1058	1029	979	933	918	926	920	921
906	913	911	913	911	914	911	914	909	906	911	912	918	914	920	937	957	984	1012	1035	1048	1058	1051	1019	961	924	922	921
918	919	910	916	915	915	915	915	911	914	914	910	915	915	912	908	919	919	929	956	988	1028	1042	1058	1032	981	939	925
921	914	916	920	917	917	926	924	919	913	917	926	913	916	914	918	911	907	913	920	931	942	980	1021	1045	1047	988	932
915	921	924	915	922	982	1028	1000	937	929	992	1019	999	943	919	917	909	918	915	913	919	926	925	936	976	1014	1030	986
971	922	917	915	953	1045	1071	1029	953	980	1063	1069	1059	1011	927	908	909	912	916	916	917	918	911	913	919	947	988	992
1015	925	914	922	948	1007	1037	1003	952	1003	1061	1061	1048	1013	945	914	921	915	912	916	913	916	919	910	915	919	931	961
982	924	918	919	931	956	970	959	938	972	995	1013	1007	984	961	924	913	912	913	914	919	923	916	919	918	913	910	934
933	923	924	920	913	929	938	934	939	966	957	973	1002	1024	975	922	918	916	924	948	971	973	948	928	915	919	913	908
929	923	923	910	920	926	922	920	922	949	979	1010	1034	1053	997	922	914	919	954	996	1022	1017	1004	971	930	915	922	918
918	912	913	913	914	920	921	927	934	963	1016	1061	1072	1073	1041	937	913	924	967	1008	1028	1032	1024	1010	991	942	917	922
917	915	912	914	917	923	918	916	911	950	1048	1074	1080	1073	1020	924	911	925	968	1005	1021	1030	1031	1029	1022	981	932	922
922	921	917	916	912	908	914	926	921	963	1048	1062	1071	1054	976	912	913	918	944	975	984	1000	1013	1026	1022	1006	952	919
925	927	928	923	916	933	945	936	932	966	1021	1036	1042	1017	943	912	920	916	918	924	928	952	975	1004	1021	1002	972	929
914	913	921	919	948	1019	1046	1019	990	963	979	1000	1005	962	918	918	916	918	915	916	916	920	923	954	993	996	980	957
919	920	912	910	979	1066	1072	1064	1027	974	953	940	947	932	928	924	921	918	922	919	920	917	917	922	948	972	970	978
919	907	918	909	968	1068	1076	1061	1009	966	939	918	955	940	935	935	921	922	918	918	915	916	919	915	919	939	961	987
915	913	915	921	928	970	995	964	927	921	929	942	963	940	929	923	921	926	919	920	919	919	913	912	920	925	928	937
914	926	924	925	916	924	927	941	947	948	950	951	937	921	913	916	910	909	914	917	911	910	910	916	915	935	956	971
943	950	972	946	928	944	955	945	936	925	924	919	910	916	916	921	921	921	913	913	915	917	913	915	947	1000	1019	1023
994	993	984	975	940	924	924	922	917	919	917	919	933	928	941	937	920	922	928	929	923	915	924	941	1012	1053	1057	1059
1001	973	953	955	924	910	916	916	917	924	924	940	954	928	925	932	925	922	923	914	925	932	939	966	1043	1061	1059	1062
939	925	922	920	909	912	918	940	966	951	923	919	915	909	910	914	911	910	913	911	917	928	931	942	1020	1053	1056	1052
911	913	913	921	919	916	926	948	940	922	916	915	911	911	914	915	917	916	921	921	921	911	912	915	941	984	1000	1011
927	921	917	911	911	914	916	938	931	923	929	916	920	913	928	933	922	937	936	936	933	924	925	926	926	922	925	940
1062	1050	1033	1047	1057	1039	1043	1060	1063	1055	1044	1017	994	967	950	929	920	920	915	922	911	915	915	922	921	919	911	921
1039	1047	1039	1048	1045	1033	1023	1043	1037	1047	1063	1068	1064	1054	1024	994	967	935	921	918	923	917	911	914	921	925	922	911
943	965	988	1009	1026	1047	1048	1051	1035	1033	1051	1056	1059	1056	1050	1044	1031	1011	972	946	926	916	926	919	918	914	919	915
913	913	919	931	941	945	963	981	987	977	1002	1022	1037	1048	1060	1056	1055	1055	1042	1035	995	954	922	917	916	919	921	929
908	905	914	917	909	911	919	920	919	915	933	946	958	978	1011	1037	1050	1061	1055	1060	1045	1024	973	936	917	919	929	918
914	915	909	913	916	916	915	910	913	917	907	907	924	933	935	950	967	998	1020	1045	1044	1053	1044	1003	952	926	919	911
924	912	912	919	916	918	925	920	917	903	908	915	918	927	918	908	910	919	941	961	1000	1029	1050	1058	1024	958	925	923
955	917	921	910	921	991	1044	1009	931	919	953	968	956	930	911	908	913	905	906	915	928	946	982	1017	1035	1017	968	934
1030	925	909	915	958	1058	1074	1036	967	970	1026	1042	1043	1022	956	910	911	911	918	916	917	920	926	956	986	1013	1007	957
1043	938	921	917	944	1029	1053	1015	953	978	1028	1063	1071	1074	1034	950	918	914	924	916	916	916	919	921	931	967	983	966
983	929	926	912	919	938	956	943	927	932	997	1054	1057	1067	1076	1007	921	916	916	930	926	926	916	914	911	922	946	974
926	927	918	917	906	903	921	921	917	912	913	973	1046	1070	1065	983	917	918	972	1031	1034	1007	981	940	911	908	912	938
931	922	908	909	915	932	925	923	913	915	914	926	976	1004	966	920	916	950	1056	1078	1067	1063	1058	1019	944	920	921	920
923	909	908	917	929	931	910	914	917	918	920	950	968	952	934	927	929	970	1050	1066	1068	1068	1075	1066	1016	945	913	916
916	905	928	935	929	913	915	911	913	914	965	1007	1001	971	928	907	916	966	1016	1047	1064	1066	1066	1052	1036	979	930	930
913	927	933	924	927	918	931	932	931	975	1034	1049	1036	971	920	917	914	920	940	991	1026	1036	1048	1042	1024	999	949	912
922	928	917	929	924	918	913	915	951	1038	1066	1065	1036	978	934	918	921	917	912	923	934	961	981	1001	1021	1003	977	926
908	900	917	920	915	933	944	987	1038	1055	1066	1051	1028	964	919	915	914	911	914	929	929	922	923	955	995	1039	1050	1029
917	926	918	905	915	932	975	1055	1064	1060	1058	1045	986	919	913	918	921	924	933	924	919	919	916	926	1013	1072	1072	1053
918	909	905	915	921	941	970	1043	1065	1072	1054	1019	958	921	923	916	919	922	916	912	908	911	916	932	996	1052	1044	1025
914	920	941	936	917	927	929	947	973	986	985	958	935	936	926	928	932	918	918	914	916	920	919	902	943	983	1003	984
918	941	967	959	919	906	920	917	925	939	932	940	951	937	930	932	933	924	930	929	930	923	917	915	913	924	936	940
924	930	953	977	945	932	929	933	927	937	925	922	921	926	914	915	916	918	913	922	913	917	922	919	917	925	926	924
957	988	1003	988	977	962	926	920	912	910	920	914	902	903	918	918	913	908	913	910	905	922	973	988	985	983	986	985
940	962	955	917	912	919	918	920	918	921	921	921	935	925	937	939	919	919	924	917	949	1026	1049	1046	1048	1054	1061	1060
913	904	909	915	912	910	913	935	937	921	933	928	927	921	916	921	928	920	931	929	965	1031	1041	1047	1061	1071	1067	1055
914	920	921	925	930	955	951	945	922	912	916	915	910	904	913	917	917	926	919	922	940	990	1022	1033	1052	1059	1055	1067
913	908	909	914	929	935	922	915	917	923	929	908	913	911	921	922	914	913	926	917	913	912	932	957	970	978	994	1034
