1082	1080	1065	1077	1071	1075	1060	1043	1057	1060	1066	1081	1072	1066	1067	1052	1039	1039	1024	1018	1016	1018	1011	1011	997	1014	1002	991
1065	1058	1081	1082	1065	1075	1077	1080	1083	1089	1061	1055	1034	1018	1023	1015	1004	994	999	983	976	970	967	968	967	974	974	979
1011	1010	1008	1033	1039	1056	1037	1028	1008	996	981	973	973	979	972	966	964	965	959	950	964	961	958	976	979	1001	994	994
959	955	936	951	931	939	941	918	919	930	935	924	946	946	936	952	943	938	953	956	973	1000	1024	1002	1015	998	995	979
949	945	936	936	913	909	907	920	922	926	917	935	925	931	927	927	943	970	1005	1014	1007	983	941	882	812	743	654	582
905	922	920	929	929	928	943	944	930	936	935	926	929	931	966	989	1016	1033	1009	936	828	676	531	445	401	397	421	447
936	949	940	937	955	941	930	938	928	923	939	954	969	1024	1044	1032	923	798	646	504	408	370	392	404	396	391	384	387
945	923	924	924	922	918	919	939	949	967	1002	1053	1053	972	845	652	471	387	360	362	368	357	347	357	349	361	359	357
933	935	931	924	945	956	977	1016	1057	1064	1012	853	681	507	400	363	358	338	327	331	326	327	325	323	342	340	316	314
951	971	987	1010	1039	1064	1059	992	852	673	516	407	361	349	320	314	310	295	293	296	290	289	294	291	295	294	292	280
1058	1081	1065	1037	941	798	638	506	418	380	350	325	299	284	279	264	258	247	242	237	226	242	239	241	235	244	233	249
867	783	671	550	463	419	394	364	331	298	286	261	248	240	218	200	193	184	191	189	196	193	197	180	191	192	221	266
452	428	403	380	351	332	306	275	265	234	220	200	176	167	162	144	153	149	158	163	163	149	161	151	170	214	244	259
372	338	318	300	276	242	233	208	185	166	144	137	125	118	126	124	127	139	138	129	126	128	147	171	202	215	204	171
279	260	224	212	189	167	158	137	122	118	114	104	107	106	113	123	113	119	112	117	137	142	156	183	188	150	130	134
183	165	144	133	125	118	106	102	100	98	99	100	110	108	111	106	105	113	127	135	138	165	165	150	110	102	103	107
118	112	111	97	92	94	91	98	92	93	106	106	102	100	103	122	134	126	130	139	150	137	107	95	87	81	86	85
98	89	93	90	87	93	92	103	106	94	110	105	114	128	131	126	117	135	145	129	112	94	76	75	68	54	69	61
90	95	92	105	98	96	105	99	115	113	130	139	130	123	120	122	139	123	117	93	73	76	63	50	54	56	52	57
102	101	92	115	112	117	133	127	135	123	121	117	126	126	126	111	98	85	71	69	57	48	58	48	50	53	47	56
135	125	130	140	129	128	123	113	115	123	122	115	121	106	97	79	68	58	60	58	53	52	54	53	44	54	54	49
129	128	117	119	116	112	117	121	107	116	97	94	80	81	69	67	60	54	48	57	60	53	58	61	50	50	58	51
112	117	111	110	117	107	99	95	90	82	79	70	65	61	58	58	56	57	61	65	69	60	64	61	69	61	61	68
105	102	91	88	88	85	76	73	65	68	67	66	61	61	66	58	62	56	65	63	75	64	70	64	64	74	69	65
86	80	74	76	67	70	60	68	61	70	65	63	61	67	62	68	72	72	67	72	69	71	77	71	76	66	75	66
71	67	62	62	65	69	63	69	61	75	66	70	73	68	71	70	70	70	74	70	77	71	72	77	80	67	75	71
73	71	65	74	71	67	72	67	69	67	73	70	70	68	73	76	74	70	74	67	73	74	66	72	72	71	80	77
78	70	74	78	72	76	72	73	78	64	71	66	70	73	74	72	78	71	78	78	72	76	81	74	75	73	71	95
1050	1045	1063	1049	1049	1042	1059	1067	1068	1048	1063	1075	1088	1082	1062	1064	1062	1063	1047	1017	1024	1045	1056	1064	1071	1073	1060	1080
1046	1051	1054	1060	1059	1050	1069	1084	1070	1070	1066	1068	1075	1077	1086	1079	1073	1067	1056	1045	1053	1032	1054	1052	1063	1072	1077	1060
1070	1073	1056	1060	1054	1064	1074	1076	1072	1075	1077	1079	1069	1071	1069	1069	1054	1055	1047	1051	1057	1051	1052	1053	1055	1049	1061	1075
1027	1021	1041	1032	1034	1059	1046	1053	1049	1055	1053	1047	1060	1042	1048	1054	1048	1037	1031	1042	1043	1047	1037	1050	1040	1057	1044	1058
1007	997	989	976	998	997	1006	1008	1014	1017	1004	1013	1019	1035	1028	1023	1022	1029	1031	1028	1041	1048	1054	1062	1056	1060	1063	1066
975	974	969	956	948	963	968	972	976	972	976	991	992	979	997	1003	1001	1006	1014	1032	1049	1052	1051	1062	1061	1055	1074	1062
951	958	959	959	966	960	954	953	945	949	937	963	953	969	967	987	1005	1013	1030	1040	1034	1042	1029	1026	1039	1042	1034	1041
933	948	940	943	947	940	941	935	919	919	940	937	961	973	979	991	1010	1002	1010	1011	1004	1017	1020	1025	1012	1022	1032	1033
932	936	923	922	921	925	924	923	928	932	945	960	977	988	979	960	972	978	974	987	992	988	988	998	1007	1009	1001	1000
932	926	928	927	928	919	925	942	960	974	977	968	958	949	949	948	949	964	958	961	953	966	975	953	975	986	993	980
929	931	931	933	945	957	972	973	971	954	957	942	932	928	946	952	931	940	932	929	922	922	905	916	926	935	948	959
946	962	965	965	977	972	966	937	947	943	927	942	935	933	916	899	899	876	888	869	866	866	873	868	876	890	905	927
960	963	961	959	952	945	940	945	941	934	921	901	893	867	856	848	846	828	813	830	817	817	823	828	843	858	872	906
945	955	948	941	942	932	929	928	901	875	866	849	814	817	799	780	775	768	768	767	764	767	767	781	813	842	843	848
948	946	933	915	895	877	865	839	812	800	773	759	741	736	724	719	711	718	721	724	720	723	751	789	796	798	792	798
891	866	864	832	813	797	768	744	736	722	700	686	684	668	670	665	671	666	656	652	696	730	745	729	719	720	741	748
796	778	769	743	720	714	693	681	674	643	650	630	628	624	619	614	611	614	630	672	684	673	643	660	671	674	690	709
713	699	675	664	637	638	615	612	600	585	577	574	569	565	557	568	581	622	661	625	589	592	605	627	616	598	622	612
622	613	593	596	582	569	566	542	544	539	530	531	528	528	548	585	621	604	546	528	556	561	546	538	520	505	503	530
558	546	542	539	511	519	505	501	499	488	494	513	523	559	580	557	508	494	485	498	477	458	440	423	413	408	409	423
493	492	482	480	474	477	468	470	468	489	513	538	546	506	468	451	438	442	405	379	358	339	338	321	332	332	339	328
453	468	460	461	452	455	470	488	512	520	488	452	419	410	406	385	346	314	291	277	261	250	251	249	259	259	266	274
438	442	449	468	484	488	482	461	419	396	382	366	351	324	286	263	228	210	205	191	195	188	192	191	201	205	194	218
456	464	449	436	409	379	356	352	333	315	300	270	243	200	184	164	150	135	147	135	143	139	148	141	139	160	148	151
358	345	327	323	306	302	284	264	246	212	177	164	141	124	110	111	105	103	101	100	100	107	103	109	103	114	112	114
279	277	250	237	239	203	188	158	139	129	108	93	91	85	75	76	73	72	73	78	76	72	81	84	84	79	94	88
195	183	165	141	123	112	99	97	79	77	78	62	61	63	61	62	60	52	64	62	61	61	63	68	67	64	64	67
102	100	92	88	76	79	59	66	51	60	50	55	50	55	54	46	59	48	48	44	52	53	58	59	59	49	61	62
1065	1064	1048	1055	1055	1041	1056	1067	1061	1028	1043	1034	1039	1047	1055	1060	1050	1041	1047	1022	959	1018	1062	1048	1068	1058	1065	1061
1056	1059	1052	1047	1030	1038	1043	1049	1041	1047	1058	1043	1050	1054	1064	1057	1059	1057	1032	991	934	966	1035	1024	1055	1048	1055	1056
1054	1059	1059	1053	1038	1009	1048	1032	1028	1041	1055	1057	1045	1045	1042	1030	1037	1033	1024	989	937	991	1045	1041	1029	1052	1049	1063
1039	1043	1040	1018	1009	1024	1049	1047	1040	1063	1060	1058	1047	1071	1051	1066	1063	1046	1021	983	957	992	1037	1052	1051	1054	1062	1057
1036	1065	1059	1037	1038	1042	1049	1034	1047	1057	1058	1055	1066	1057	1052	1055	1032	1031	1012	990	979	990	1045	1047	1063	1059	1056	1068
1055	1052	1056	1043	1051	1054	1043	1050	1053	1051	1060	1042	1047	1047	1040	1058	1036	1024	1010	1012	1024	1029	1046	1066	1052	1076	1076	1069
1064	1043	1044	1044	1048	1040	1041	1039	1039	1042	1044	1054	1053	1056	1053	1050	1048	1037	1033	1036	1025	1038	1052	1056	1058	1069	1065	1072
1037	1030	1026	1019	1028	1043	1032	1038	1029	1035	1039	1034	1045	1045	1037	1037	1034	1033	1050	1061	1042	1051	1070	1076	1070	1068	1085	1080
1026	1012	1000	1003	1006	1021	1010	1023	1008	1021	1015	1024	1008	1020	1016	1020	1031	1029	1031	1039	1055	1047	1056	1063	1069	1072	1073	1070
1028	1022	1010	1011	998	1015	1000	1005	1006	1001	1000	992	993	998	997	1001	1001	996	998	1011	1027	1052	1070	1068	1071	1069	1077	1082
996	987	986	994	991	997	1001	1009	986	994	992	992	972	971	968	977	977	980	992	1014	1034	1041	1048	1052	1060	1076	1074	1067
985	980	977	973	989	996	986	977	974	977	954	954	943	947	951	955	957	961	973	991	1010	1030	1040	1047	1059	1067	1057	1071
955	956	950	966	958	965	954	952	947	959	955	940	946	955	964	955	962	971	970	985	1015	1017	1025	1034	1043	1061	1063	1065
953	952	944	942	932	926	940	953	955	939	958	949	958	958	954	958	958	970	975	982	1001	1015	1023	1023	1028	1033	1053	1052
948	960	943	937	946	947	940	950	953	957	954	952	963	963	965	972	955	974	979	987	991	1011	1013	1020	1022	1026	1039	1048
956	946	949	950	945	946	948	925	955	957	947	951	953	952	957	960	966	961	966	988	995	997	1003	1013	1034	1032	1033	1035
950	960	950	960	958	959	960	963	957	976	967	965	970	967	966	963	959	968	961	971	973	988	1001	1009	1005	1025	1023	1034
956	974	962	952	967	966	963	965	958	969	953	965	964	958	956	968	963	956	968	969	979	986	991	999	1004	1004	1018	1028
969	974	974	974	971	971	965	968	973	975	967	965	962	969	968	959	967	956	964	966	965	981	977	977	996	1004	1000	1015
962	978	973	966	952	970	962	985	964	957	955	969	969	962	960	966	971	974	975	978	968	969	988	973	977	981	990	980
961	969	972	981	970	969	967	961	959	969	971	969	971	973	967	973	967	968	968	958	971	966	960	971	965	956	961	976
953	980	967	978	967	970	965	957	968	974	963	971	969	974	979	964	954	955	944	943	934	927	929	930	941	937	941	929
961	957	944	953	949	959	958	961	958	964	967	961	969	961	947	955	925	913	904	898	891	900	901	901	898	905	901	919
948	965	962	946	967	960	955	956	957	948	949	932	933	904	882	864	864	850	845	846	847	849	851	855	859	863	861	865
952	952	948	956	942	944	945	941	928	902	879	857	830	810	792	799	776	782	779	788	785	793	790	803	811	798	816	807
934	942	927	918	916	900	884	848	832	798	786	762	743	728	716	713	708	716	719	717	711	715	738	735	742	748	747	755
875	871	864	836	809	783	756	730	707	693	675	642	644	636	624	630	623	630	634	647	647	656	656	665	666	670	664	692
773	763	736	711	692	657	635	617	593	584	570	554	550	557	542	546	556	548	564	563	575	586	578	603	602	609	611	620
1074	1055	1037	1049	1043	1047	1055	1052	1036	1009	1022	1045	1032	1010	1022	1022	1019	999	1001	1017	967	1047	1042	1061	1059	1089	1079	1053
1061	1032	1020	1014	1023	1035	1056	1042	1038	1028	1027	1037	1029	1024	1023	1007	1019	1023	1014	1002	937	989	1029	1035	1052	1049	1051	1053
1036	1026	1025	1035	1048	1051	1044	1024	1025	1030	1027	1031	1038	1022	1033	1000	1008	1031	1023	1021	926	973	1032	1023	1048	1058	1047	1059
1051	1036	1032	1037	1051	1031	1035	1039	1021	1025	1038	1032	1028	1052	1045	1019	1035	1035	1034	985	927	981	1031	1029	1036	1046	1053	1036
1008	1025	1048	1056	1055	1057	1044	1018	1019	1021	1037	1046	1037	1041	1071	1033	1020	1046	1042	1006	930	978	1025	1038	1033	1054	1045	1049
1032	1041	1027	1029	1031	1025	1028	1040	1005	997	1034	1033	1040	1030	1030	1028	1029	1032	1020	978	956	979	1024	1037	1043	1046	1049	1051
1035	1042	1040	1046	1036	1042	1036	1041	1043	1029	1037	1025	1041	1046	1033	1010	1037	1034	1022	1002	955	975	1020	1031	1041	1044	1049	1040
1059	1044	1038	1047	1062	1062	1050	1044	1033	1044	1042	1035	1038	1041	1037	1019	1022	1026	1021	1000	997	1001	1016	1042	1042	1054	1046	1048
1044	1050	1030	1035	1045	1051	1045	1046	1033	1037	1034	1031	1036	1041	1042	1021	1030	1017	1021	999	976	1002	1010	1051	1052	1052	1068	1045
1071	1072	1049	1056	1058	1058	1054	1056	1056	1048	1053	1050	1046	1031	1026	1037	1025	1016	1001	981	976	983	1004	1037	1049	1050	1053	1071
1052	1050	1047	1021	1043	1054	1064	1067	1061	1056	1048	1054	1036	1040	1041	1045	1036	1009	1004	1000	988	990	1008	1038	1062	1067	1060	1066
1050	1051	1051	1035	1069	1073	1062	1055	1067	1065	1055	1056	1043	1031	1035	1042	1047	1037	1019	1017	1009	998	1005	1024	1059	1058	1074	1071
1042	1031	1043	1033	1047	1054	1032	1036	1040	1041	1038	1029	1026	1032	1029	1035	1044	1038	1015	1014	1010	998	987	1002	1024	1057	1052	1073
1041	1033	1021	1027	1038	1029	1033	1044	1040	1021	1027	1030	1046	1036	1019	1028	1037	1051	1044	1021	1023	1008	999	1004	1044	1067	1073	1050
1024	1029	1036	1026	1042	1021	1011	1013	1028	1025	1022	1018	1031	1035	1042	1031	1055	1051	1030	1016	1011	1029	1019	1017	1036	1053	1049	1060
1004	994	987	992	1002	1015	1010	1026	1021	1021	1013	1006	1013	1021	1027	1034	1012	1025	1037	1016	1016	1014	1030	1042	1038	1042	1059	1068
999	971	980	999	987	986	990	971	982	993	1000	999	998	1006	996	1002	994	1007	1027	1020	1011	1026	1038	1039	1033	1049	1055	1062
970	969	957	953	968	947	962	976	972	965	971	974	964	969	988	987	988	993	1005	1012	1034	1046	1043	1041	1044	1044	1049	1063
980	960	949	951	958	971	951	955	945	958	954	970	959	968	984	977	975	972	985	989	997	1015	1030	1037	1047	1045	1054	1059
956	959	964	950	957	956	959	958	946	953	943	952	941	938	968	972	968	983	978	986	999	1004	1022	1025	1042	1038	1044	1055
950	953	954	948	942	942	929	917	939	923	933	937	948	945	942	962	969	964	969	985	981	997	1008	1010	1023	1035	1045	1061
942	942	934	936	935	935	931	921	923	926	917	917	935	929	932	950	943	956	950	975	985	986	999	1012	1029	1034	1030	1028
950	942	940	932	936	933	933	932	924	929	915	922	942	934	937	953	947	951	961	971	966	975	984	995	993	1011	1019	1017
945	941	940	938	942	948	929	930	930	932	931	922	928	945	958	961	951	961	954	960	970	979	987	981	985	999	1014	1031
946	948	939	933	926	932	942	938	946	940	945	935	958	949	951	964	942	956	956	957	962	963	979	992	986	996	1000	1008
940	941	947	943	945	940	950	955	947	955	962	973	965	966	967	965	972	969	973	960	970	966	978	968	1000	997	986	1000
937	950	953	952	951	964	959	965	966	970	978	968	972	973	978	979	986	974	973	968	969	968	969	985	982	981	995	993
977	961	959	970	981	973	977	968	989	969	978	967	982	978	972	989	973	974	984	983	962	971	987	975	976	972	990	984
1229	1401	1445	1327	1309	1235	1031	993	1009	1050	1037	1067	1128	1087	1125	1166	1171	1213	1161	1101	1069	1053	1056	1048	1024	1047	1046	1048
1322	1366	1294	1290	1257	1145	995	1037	1077	1029	1022	1054	1163	1149	1115	1105	1138	1282	1267	1189	1166	1119	1060	1042	1037	1046	1056	1024
1371	1326	1249	1180	1120	1041	1025	1073	1065	1049	1059	1096	1186	1312	1263	1127	1128	1282	1300	1181	1171	1186	1189	1133	1100	1067	1059	1053
1320	1253	1201	1123	1020	1034	1088	1087	1067	1090	1110	1146	1250	1221	1470	1252	1158	1299	1325	1158	1122	1135	1129	1127	1148	1154	1118	1097
1253	1194	1070	991	1030	1089	1121	1123	1125	1118	1106	1108	1195	1261	1354	1299	1112	1237	1286	1175	1127	1141	1165	1145	1138	1159	1125	1093
1205	1021	993	1035	1078	1122	1157	1144	1136	1112	1098	1113	1126	1195	1320	1145	1007	1102	1153	1149	1142	1115	1139	1150	1126	1147	1150	1126
993	1012	1019	1050	1083	1117	1132	1142	1132	1130	1099	1107	1115	1153	1201	1025	972	1023	1057	1091	1125	1070	1101	1120	1129	1127	1137	1132
1009	1022	1018	1026	1036	1073	1113	1142	1124	1146	1111	1097	1131	1136	1052	1005	1020	1014	1032	1038	1044	1019	1026	1060	1072	1107	1108	1115
1037	1026	1027	1044	1035	1028	1032	1051	1055	1052	1014	1044	1063	1052	1048	1003	1036	1044	1028	1023	1031	990	994	1026	1037	1043	1069	1059
1047	1029	1015	1035	1035	1039	1043	1064	1061	1067	1015	1005	1056	1037	1049	1011	1027	1066	1035	1016	1033	1017	1010	1012	1028	1045	1046	1058
1015	1031	1023	1020	1034	1033	1045	1034	1052	1064	1041	1003	1022	1040	1045	1023	1018	1057	1033	1028	1030	1025	1008	1033	1039	1046	1054	1047
1022	1022	1057	1029	1038	1054	1047	1048	1052	1058	1062	1050	1042	1052	1046	1028	1019	1035	1020	1027	1039	1003	1033	1046	1045	1046	1058	1052
1038	1036	1047	1033	1022	1046	1042	1056	1054	1041	1047	1031	1027	1033	1039	1029	1012	1015	1019	1020	1031	1001	1006	1035	1041	1057	1049	1054
1025	1040	1050	1059	1051	1025	1040	1041	1041	1035	1040	1025	1036	1040	1040	1029	1032	1012	1020	1015	1020	997	1003	1009	1032	1056	1053	1062
1046	1070	1054	1055	1070	1038	1037	1048	1037	1044	1041	1038	1037	1032	1031	1021	1036	1012	1017	1035	1024	996	979	1011	1029	1055	1049	1049
1013	1050	1061	1054	1057	1059	1054	1058	1055	1065	1056	1039	1055	1045	1041	1024	1014	1010	1020	1006	980	974	973	985	1012	1027	1052	1037
1012	1013	1030	1044	1073	1061	1051	1037	1067	1056	1050	1056	1067	1049	1040	1026	1045	1026	1026	1019	977	966	974	972	995	1040	1045	1060
997	993	1033	1058	1056	1056	1055	1036	1042	1055	1056	1048	1045	1048	1037	1052	1040	1026	1042	1040	1021	987	963	944	955	1001	1031	1034
1003	974	1009	1047	1046	1056	1050	1057	1052	1057	1049	1055	1045	1035	1031	1051	1041	1028	1048	1033	1017	1005	983	987	972	1006	1030	1046
1004	984	1028	1054	1053	1049	1056	1058	1053	1051	1057	1051	1029	1013	1025	1049	1058	1049	1047	1034	1015	996	1010	987	982	983	1004	1068
989	985	1023	1036	1048	1039	1042	1037	1042	1034	1038	1038	1046	1044	1058	1044	1046	1052	1032	1025	1015	1008	994	990	985	993	1004	1045
976	964	1007	1033	1034	1035	1022	1021	1019	1018	1023	1021	1016	1018	1033	1040	1050	1054	1035	1026	1019	1006	1005	1008	1002	994	1031	1032
967	973	1000	1018	1022	1010	1010	1012	1010	1018	1015	1002	1013	1006	1014	1031	1042	1051	1031	1023	1023	1022	1008	995	996	1009	1037	991
980	961	989	995	991	998	1003	1000	997	992	991	992	987	1001	1001	1008	1012	1023	1036	1030	1019	1016	1018	1010	1022	1040	1011	1013
972	964	979	974	991	992	984	981	985	973	969	968	977	963	974	988	984	1003	1010	1033	1025	1026	1022	1029	1046	1015	1013	1017
958	951	958	978	975	971	959	969	968	978	965	965	964	970	970	980	983	965	964	984	1004	1015	1028	1040	1032	1019	1029	1034
960	955	949	951	950	957	946	956	942	949	949	949	948	952	952	962	967	972	983	975	988	1011	1035	1024	1032	1034	1042	1051
960	951	949	937	944	958	950	938	946	951	955	949	962	947	948	961	949	944	956	985	978	1004	1014	1042	1027	1038	1038	1054
1126	1497	1674	1204	1207	1157	1084	1070	1143	1193	1185	1165	1184	1073	981	924	897	856	742	672	650	660	707	739	814	835	829	886
1295	1607	1498	1359	1235	1182	1069	1078	1081	1066	1057	1090	1210	1063	939	879	835	847	864	822	808	776	729	736	806	807	830	880
1592	1449	1320	1462	1269	1129	1086	1070	1021	1016	1001	987	1040	1123	943	844	801	818	803	754	826	878	952	994	1002	955	925	949
1742	1363	1388	1355	1248	1152	1102	1053	1023	1046	1035	1048	1025	982	1040	857	790	756	719	726	751	825	885	989	1015	1022	1081	1135
1588	1503	1363	1240	1174	1166	1129	1087	1072	1071	1101	1055	1085	1003	905	888	812	788	752	739	752	767	833	911	941	981	1032	1095
1345	1421	1347	1285	1190	1173	1207	1170	1133	1089	1087	1073	1018	1001	925	804	786	803	819	764	760	775	856	876	890	986	1045	1071
1253	1359	1403	1317	1223	1228	1240	1219	1141	1111	1068	1042	1015	967	927	858	786	764	778	773	818	873	917	901	970	1000	1050	1081
1231	1340	1308	1269	1299	1304	1362	1176	1098	1052	1028	1011	1003	979	935	918	856	795	797	810	835	880	910	955	983	987	1019	1062
1230	1287	1262	1281	1328	1328	1083	933	982	990	1005	1027	981	987	1001	970	947	901	848	840	902	901	919	955	972	984	1013	1038
1256	1252	1248	1259	1238	1216	1029	961	947	969	998	1029	1021	1007	996	999	995	973	947	923	951	972	981	964	997	1014	1019	1033
1240	1258	1201	1171	1162	1130	1011	987	971	1001	989	1006	1045	1070	1057	1031	1027	1025	1011	999	986	997	983	997	991	1008	1030	1030
1290	1193	1125	1118	1107	1027	980	991	987	950	981	996	1002	1029	1060	1087	1094	1083	1050	1024	1024	997	982	1009	1021	1010	1028	1031
1212	1073	1067	1049	1007	979	967	992	1015	1028	1005	1027	1032	1017	1009	1042	1089	1096	1130	1117	1090	1050	1024	1024	1051	1039	1045	1065
1111	1033	1006	1019	1021	999	979	1014	1052	1028	1027	1017	1066	1082	1031	1038	1060	1107	1102	1120	1153	1133	1112	1099	1075	1075	1061	1070
1024	992	989	1015	1010	1011	1025	1026	1018	1037	1050	1054	1081	1115	1052	1035	1067	1140	1148	1109	1114	1097	1105	1106	1110	1141	1128	1118
1011	1034	1007	1015	1049	1066	1052	1037	1029	1035	1052	1028	1098	1137	1173	1043	1054	1146	1233	1097	1114	1130	1130	1112	1118	1104	1111	1122
1014	1029	1041	1023	1027	1026	1030	1038	1053	1068	1059	1051	1111	1164	1218	1099	1013	1083	1152	1138	1125	1095	1105	1129	1134	1119	1114	1105
1011	1007	1040	1032	1027	1039	1012	1038	1082	1060	1054	1056	1090	1126	1182	1050	980	996	1060	1082	1124	1077	1060	1093	1123	1125	1119	1084
1012	1026	1028	1040	1040	1042	1025	1037	1087	1067	1046	1075	1113	1160	1083	1029	1006	991	1048	1051	1075	1070	1048	1058	1091	1106	1094	1070
994	1002	1026	1042	1027	1039	1062	1060	1066	1069	1083	1087	1095	1074	1040	1043	1000	991	1035	1043	1056	1041	1048	1024	1032	1070	1069	1093
1010	1004	1029	1052	1049	1049	1051	1051	1056	1067	1059	1067	1048	1039	1052	1053	1000	969	1029	1043	1038	1033	1036	1019	999	1013	1044	1057
984	1000	1022	1028	1042	1039	1059	1057	1061	1060	1056	1064	1058	1067	1058	1047	994	983	1031	1038	1030	1029	1043	1030	1021	1022	1030	1054
975	1006	1028	1037	1051	1051	1062	1055	1076	1084	1079	1056	1053	1057	1050	1055	996	989	1038	1034	1025	1022	1027	1003	986	995	1032	1049
960	999	1029	1046	1042	1058	1066	1071	1077	1069	1062	1063	1045	1058	1051	1037	994	998	1035	1031	1024	1029	1023	1011	1016	1021	1022	1037
975	989	1023	1049	1057	1064	1067	1081	1068	1072	1047	1055	1057	1058	1055	1045	1005	1000	1022	1029	1037	1029	1019	1024	1039	1011	1022	1009
978	994	1007	1046	1045	1069	1060	1070	1072	1069	1072	1070	1062	1079	1073	1058	1027	1022	1016	1026	1030	1028	1026	1052	1013	1014	1017	1019
959	979	1033	1058	1060	1052	1064	1065	1059	1054	1058	1060	1050	1049	1047	1043	1033	1038	1043	1038	1033	1042	1040	1024	1021	1028	1024	1013
968	953	1000	1027	1046	1050	1051	1045	1056	1049	1047	1050	1045	1043	1059	1028	1034	1033	1020	1043	1042	1066	1048	1034	1038	1027	1028	1038
1252	1283	1224	1160	1213	1094	943	875	744	530	372	329	267	235	215	202	227	373	273	174	242	212	221	215	237	292	258	243
1269	1277	1310	1202	1174	1104	949	905	796	589	420	316	254	239	251	234	247	337	252	223	231	204	195	203	226	359	185	215
1263	1286	1266	1339	1173	1095	969	940	889	673	474	363	339	218	222	251	188	179	270	256	163	175	171	210	336	294	223	263
1334	1276	1312	1325	1154	1071	980	992	956	753	556	399	323	236	250	230	200	227	270	233	181	181	200	285	243	179	271	216
1275	1318	1361	1218	1126	1091	1020	1039	974	828	654	476	346	281	262	210	208	296	203	197	205	198	215	265	191	199	242	261
1160	1224	1207	1144	1068	1093	1040	1062	994	884	733	538	408	328	266	247	239	233	235	176	188	219	241	245	227	229	298	297
1134	1170	1196	1108	1040	1071	1036	1056	1050	919	801	604	453	357	324	275	267	233	240	196	207	297	241	224	243	305	304	274
1153	1183	1238	1198	1120	1094	1077	1054	1161	977	843	670	524	419	358	316	288	247	242	245	275	281	236	259	302	379	345	292
1098	1157	1397	1630	1297	1132	1036	1061	1161	1247	941	702	585	499	408	363	339	304	412	374	263	288	281	342	433	348	383	429
1065	1255	1691	1593	1328	1237	1055	1018	1072	1197	1289	966	685	546	472	405	359	328	414	335	299	343	408	442	412	409	416	449
1126	1525	1575	1404	1336	1314	1041	1044	1074	1090	1206	1165	1046	841	620	481	423	414	386	354	362	395	421	401	461	460	427	431
1261	1622	1351	1325	1289	1185	1083	1044	1071	1142	1158	1156	1042	949	889	767	676	557	447	407	392	382	392	423	449	642	534	478
1330	1453	1303	1231	1180	1109	1105	1095	1074	1040	1081	1209	1195	982	913	864	771	700	624	545	512	429	437	455	461	579	534	524
1331	1269	1263	1150	1122	1143	1134	1088	1066	1041	1014	974	1153	1197	984	925	821	802	699	633	646	588	557	547	571	509	521	569
1237	1131	1219	1214	1177	1188	1137	1064	1032	1026	1034	1037	1059	1202	1109	940	866	818	748	723	662	634	614	607	652	615	638	674
1204	1169	1179	1202	1212	1183	1117	1105	1049	1019	1015	1022	1177	1084	1220	1070	974	884	828	720	685	681	696	653	656	665	703	744
1158	1137	1153	1141	1163	1250	1239	1144	1113	1075	1046	1033	1117	1219	1079	1171	991	984	921	833	773	737	753	760	725	755	763	792
1121	1105	1115	1080	1092	1153	1279	1281	1145	1103	1076	1031	1017	1087	1112	1013	963	954	955	912	881	837	815	814	836	843	870	906
1119	1129	1086	1059	1082	1103	1069	1034	1086	1081	1074	1036	1001	1048	1062	956	938	942	944	953	913	889	882	903	917	952	945	959
1118	1075	1037	1044	1031	1035	1032	1014	1003	995	1031	1049	1031	1004	1003	1032	1001	995	983	970	994	949	932	935	970	1007	1018	1036
1109	1065	1034	1040	1039	1024	1031	1037	1028	984	982	987	998	1010	1014	1028	1041	1034	1031	1008	1005	1027	995	984	992	1006	1022	1019
1096	1042	1043	1020	1032	1015	1020	1017	1010	1002	1008	978	963	1002	1025	1029	1004	1017	1043	1041	1032	1045	1033	1011	1000	1024	1035	1037
1050	1034	1029	1037	1042	1031	1030	1033	1023	1020	1028	1012	990	979	1008	1021	998	1019	1047	1055	1053	1054	1044	1020	997	1035	1036	1026
1020	1026	1050	1050	1029	1022	1017	1027	1030	1037	1037	1027	1031	1017	989	1010	984	1004	1049	1047	1052	1072	1078	1060	1010	1014	1037	1030
1006	1002	1038	1039	1026	1002	1014	1055	1045	1047	1036	1046	1046	1045	1025	997	944	991	1047	1049	1041	1062	1059	1073	1043	1028	1025	1044
1033	1011	1033	1031	1037	1022	1017	1021	1028	1037	1037	1052	1056	1034	1040	1011	935	995	1056	1064	1053	1064	1066	1049	1047	1055	1031	1038
1013	1014	1035	1040	1023	1023	1045	1044	1035	1038	1048	1034	1042	1058	1040	1008	968	994	1042	1022	1030	1049	1039	1052	1044	1039	1061	1045
981	1019	1009	1008	1012	1028	1046	1029	1052	1021	1034	1055	1056	1057	1055	1029	972	990	1044	1049	1031	1026	1042	1040	1029	1053	1039	1037
1320	1334	1231	1050	857	616	334	261	193	161	209	237	260	378	305	192	234	275	259	181	251	329	343	393	476	706	526	256
1246	1253	1326	1143	921	726	439	309	212	167	214	212	285	249	272	207	227	240	256	311	297	239	198	207	301	570	532	335
1223	1241	1293	1229	1006	821	556	355	273	245	200	243	366	182	228	221	181	183	198	274	195	176	187	215	215	211	319	466
1186	1212	1260	1284	1126	902	775	550	297	206	199	246	317	199	198	216	187	198	209	193	201	198	225	216	219	184	178	395
1223	1192	1192	1285	1213	1062	1001	806	388	228	181	228	232	188	258	207	183	229	186	200	192	207	263	275	225	196	204	342
1232	1244	1201	1259	1280	1271	1042	972	516	266	190	217	209	176	244	252	205	191	217	236	216	192	265	248	216	197	323	197
1240	1253	1249	1232	1273	1273	1111	1090	767	345	217	191	214	261	189	178	206	255	207	200	215	269	366	368	265	265	260	138
1235	1247	1277	1328	1232	1191	1094	1159	1051	539	231	190	199	170	187	175	251	311	216	203	288	416	319	277	266	271	235	199
1248	1222	1295	1346	1164	1120	1116	1089	1106	942	313	182	194	195	188	200	275	289	236	268	290	281	205	209	253	227	278	264
1247	1238	1310	1320	1120	1104	1083	1033	1045	1104	696	183	185	214	245	191	300	220	244	228	217	197	197	226	242	198	299	365
1291	1281	1283	1325	1141	1091	1068	1040	1021	1063	994	319	205	187	204	258	322	202	206	210	202	182	212	278	210	171	480	536
1210	1407	1292	1376	1166	1043	1033	1002	1014	1052	1056	576	222	234	223	214	251	215	202	172	167	196	303	212	168	329	529	369
1095	1363	1414	1359	1206	1096	984	982	986	974	1002	841	303	257	241	230	179	183	208	187	185	343	231	168	185	298	238	310
1071	1193	1301	1227	1143	1076	1046	1008	981	985	935	942	543	297	244	246	218	227	202	173	374	296	149	168	179	177	172	246
1161	1143	1230	1180	1107	1054	1075	1033	1021	1038	992	963	748	443	296	271	207	182	208	337	358	172	165	186	184	173	171	178
1161	1168	1201	1193	1102	1060	1069	1069	1043	1048	1001	965	877	662	453	322	261	240	274	269	253	173	206	236	213	218	191	238
1135	1117	1193	1274	1300	1172	1104	1089	1044	1047	1032	946	901	763	638	477	381	346	274	275	256	202	205	244	358	229	187	270
1141	1124	1274	1575	1579	1401	1256	1074	1025	1047	1070	1067	946	817	719	608	517	466	346	283	309	258	221	226	314	261	237	341
1150	1263	1427	1573	1460	1439	1269	953	976	1040	1081	1094	1174	973	785	693	613	498	421	423	357	280	266	265	255	275	325	365
1163	1453	1472	1377	1363	1380	1167	927	952	998	1087	1100	1140	1230	1116	837	691	607	536	463	378	348	359	341	337	333	413	439
1293	1431	1376	1336	1279	1147	1028	1029	1027	988	1036	1141	1137	1100	1191	1203	986	730	603	549	507	479	468	451	481	530	527	544
1354	1335	1290	1224	1084	999	1031	1068	1052	1078	1047	976	1130	1112	1075	1124	1175	1133	937	701	600	598	578	575	575	641	601	591
1318	1248	1062	1081	1076	1066	1039	1051	1051	1077	1095	1071	982	1165	1120	1050	1057	1109	1159	1076	908	772	688	659	622	693	670	677
1223	1080	1038	1046	1081	1081	1061	1067	1058	1054	1067	1064	1093	1071	1292	1091	1077	1055	1132	1060	1060	1032	1007	886	826	856	838	808
1067	1076	1046	1030	1021	1084	1123	1108	1061	1033	1032	1024	1041	1149	1171	1300	1124	1144	1092	1025	1035	1032	1031	1036	1043	1045	1072	1068
1075	1027	1013	1024	1024	997	1052	1175	1124	1054	1039	1057	1074	1127	1161	1233	1228	1183	1148	1089	1059	1053	1037	1003	1026	1033	1040	1074
1041	1013	986	1004	1007	998	985	1016	1161	1115	1087	1088	1083	1095	1126	1053	1037	1158	1300	1182	1122	1106	1072	1082	1093	1065	1075	1064
1022	1013	1004	992	1017	1024	1042	1013	1005	1096	1127	1129	1107	1110	1149	997	959	976	1132	1193	1196	1177	1155	1166	1143	1134	1109	1110
1180	1124	1038	778	599	551	566	634	663	692	786	788	805	870	794	693	683	590	548	478	332	285	278	238	270	284	499	530
1118	1074	1057	677	491	462	525	573	646	702	762	805	806	743	738	680	631	584	520	468	352	294	230	216	243	302	715	909
1216	1097	1054	716	453	391	419	521	629	688	737	787	723	686	690	648	617	568	496	429	341	252	222	238	221	220	398	681
1500	1287	1081	880	479	360	382	437	556	591	675	686	721	720	652	622	576	542	464	377	300	235	216	240	215	244	279	270
1236	1418	1347	1073	665	393	350	396	495	553	601	612	624	662	702	614	521	492	414	344	294	253	224	204	240	271	393	429
1235	1228	1312	1329	1009	544	402	379	427	500	553	584	600	537	577	668	607	509	432	398	284	233	236	250	199	363	548	502
1238	1260	1245	1292	1339	873	553	452	383	459	518	502	512	547	539	502	576	636	538	563	405	288	256	327	348	530	696	525
1221	1222	1242	1276	1284	1232	796	575	409	383	410	442	510	503	469	433	446	427	343	302	290	241	247	278	449	609	713	449
1226	1217	1196	1246	1284	1294	1096	744	531	370	375	438	451	410	442	454	378	274	210	241	267	294	313	375	342	448	601	443
1205	1217	1187	1234	1252	1301	1092	951	728	500	355	350	343	370	384	323	380	301	279	399	357	304	297	317	345	303	471	452
1237	1233	1230	1210	1251	1240	1086	994	965	687	382	285	326	323	279	307	322	312	374	299	221	239	225	377	268	194	398	406
1253	1202	1216	1196	1214	1230	1115	1116	1197	987	478	257	263	262	298	289	205	225	301	195	191	216	284	328	224	228	257	318
1243	1215	1235	1218	1207	1207	1159	1223	1167	1201	669	294	193	246	302	215	199	277	257	201	211	276	297	250	215	258	205	274
1222	1225	1202	1220	1229	1173	1264	1208	1116	1220	861	377	167	216	229	208	252	253	206	205	277	286	241	217	245	266	308	385
1197	1222	1202	1198	1222	1169	1313	1202	1125	1252	1018	454	204	192	193	236	219	230	217	216	270	252	243	216	237	288	500	398
1157	1186	1207	1220	1250	1224	1224	1147	1153	1313	1117	592	250	185	204	215	212	233	227	261	293	220	227	206	264	434	303	276
1129	1188	1222	1276	1339	1201	1154	1097	1110	1193	1319	723	279	200	197	205	208	221	208	293	262	229	236	264	434	297	176	246
1040	1176	1316	1353	1386	1126	1105	1082	1089	1079	1201	1122	414	256	207	197	224	244	307	266	248	269	290	342	266	190	201	274
1019	1024	1472	1352	1338	1173	1060	1065	1082	1077	1066	1154	788	411	256	223	265	245	298	262	254	264	244	287	220	203	235	283
1010	1019	1435	1331	1344	1284	1054	1006	1046	1079	1082	1086	884	645	411	359	242	210	270	272	232	224	238	252	212	211	301	257
1077	1133	1305	1323	1287	1242	1157	1056	1017	1011	1072	1150	985	686	588	444	305	253	215	258	236	191	260	233	204	297	348	209
1163	1225	1274	1396	1204	1121	1114	1091	1062	996	953	1021	1100	869	646	535	417	307	281	280	246	247	258	237	218	290	260	212
1229	1310	1287	1303	1207	1129	1110	1108	1066	1034	1001	1010	1000	1012	818	617	518	456	320	272	289	290	277	301	281	303	268	245
1312	1277	1292	1290	1251	1159	1106	1115	1086	1031	980	999	1008	981	992	785	605	467	416	367	287	285	301	296	319	364	325	300
1260	1252	1254	1303	1363	1326	1215	1141	1138	1075	1024	959	986	1016	1009	967	773	596	505	485	370	331	270	270	327	349	396	434
1298	1240	1286	1275	1271	1289	1367	1287	1146	1080	1069	1021	994	1013	1003	1011	914	763	648	564	455	400	349	339	356	323	379	425
1248	1265	1278	1212	1224	1207	1140	1024	1099	1098	1093	1089	1034	1007	1017	966	922	847	775	723	630	501	568	438	402	490	384	420
1232	1243	1246	1144	1147	1071	1011	1015	971	978	1033	1059	1042	1062	1057	1009	959	907	852	822	755	660	605	559	509	529	530	546
1081	1086	1094	1086	1003	1061	1120	1122	1120	1105	1101	1106	1103	1096	1084	1097	1104	1093	1090	1081	1058	913	384	316	265	204	196	380
1046	1074	1068	1034	1004	1071	1108	1108	1095	1119	1108	1098	1103	1103	1112	1106	1106	1091	1082	1069	1045	905	400	259	243	219	235	591
1022	991	986	995	999	1051	1082	1113	1112	1099	1098	1107	1113	1105	1111	1097	1093	1087	1083	1045	1014	904	459	254	277	224	360	707
1425	1106	928	955	964	1039	1072	1096	1095	1104	1104	1098	1092	1091	1103	1109	1099	1091	1078	1025	1000	906	461	278	267	268	586	697
1456	1472	1129	890	927	985	1045	1067	1084	1094	1109	1108	1106	1091	1078	1094	1084	1071	1050	996	953	844	417	298	282	340	669	721
1373	1414	1184	1008	936	942	996	1048	1065	1081	1090	1087	1092	1094	1082	1073	1085	1058	1027	1003	949	791	409	290	297	424	643	636
1289	1384	1313	1134	1037	948	947	1017	1055	1071	1084	1076	1081	1078	1083	1086	1059	1044	1022	1025	997	874	605	524	435	480	567	505
1269	1318	1244	1163	1100	1014	963	985	1029	1057	1060	1067	1071	1072	1077	1059	1023	989	965	894	804	671	585	449	444	427	484	503
1235	1295	1278	1132	1104	1080	1028	967	965	1025	1041	1052	1053	1048	1034	1019	1003	946	874	815	771	665	398	341	333	380	380	459
1198	1234	1294	1160	1076	1058	1016	1008	943	951	1006	1014	1001	1003	995	990	944	887	841	825	679	473	328	339	313	309	214	425
1203	1169	1244	1297	1106	1032	1007	1007	985	864	918	954	946	948	934	912	900	869	797	636	455	335	304	319	343	246	210	384
1192	1180	1177	1286	1249	1027	1009	1019	1046	908	774	846	862	858	844	803	772	727	614	476	376	299	318	396	328	236	219	260
1229	1175	1184	1175	1325	1152	992	995	1009	1023	750	710	730	727	731	686	644	599	475	375	294	283	333	360	293	230	234	261
1235	1179	1206	1192	1210	1324	1056	980	990	999	824	560	637	620	589	551	494	436	351	284	280	295	321	263	273	261	256	442
1219	1211	1212	1207	1193	1277	1245	970	981	984	889	401	486	509	484	484	415	341	269	253	281	283	306	249	261	263	357	467
1229	1237	1205	1228	1245	1262	1240	1046	985	1003	954	339	326	422	398	375	315	280	247	261	268	276	247	250	255	261	278	335
1233	1236	1234	1249	1230	1259	1211	1141	1002	1002	979	370	243	293	343	304	247	228	238	259	255	248	240	240	282	274	303	272
1214	1258	1266	1209	1226	1240	1209	1151	1028	1025	1020	451	172	270	298	295	247	272	245	240	231	221	244	267	315	292	313	214
1224	1269	1291	1204	1255	1245	1224	1132	1131	1177	1030	518	116	290	328	310	302	282	235	237	222	253	244	280	252	212	308	221
1130	1181	1297	1314	1312	1262	1186	1209	1212	1200	1049	528	175	187	232	265	368	331	266	269	264	254	249	249	246	280	251	242
1078	1103	1096	1201	1260	1197	1168	1278	1134	1230	1061	598	263	177	226	231	272	249	289	314	299	283	286	248	259	246	242	275
1055	1093	1101	1096	1107	1115	1227	1148	1138	1268	1074	716	398	241	214	212	212	202	266	279	300	307	273	254	262	254	229	253
1039	1063	1130	1169	1122	1110	1176	1128	1156	1272	1243	805	553	367	256	226	228	341	389	271	245	286	271	300	273	251	255	259
1043	1022	1107	1292	1296	1069	1130	1101	1136	1177	1386	993	589	433	340	260	238	412	316	285	248	255	256	289	277	278	300	294
1041	1004	1206	1531	1496	1141	1119	1140	1130	1132	1212	1391	788	511	393	390	258	253	308	269	293	246	292	273	276	284	280	278
1044	1038	1527	1470	1367	1281	1099	1151	1174	1139	1095	1229	1369	707	478	408	320	300	313	278	252	350	392	287	304	266	262	251
1033	1294	1569	1373	1364	1445	1140	949	1092	1262	1185	1098	1263	1370	769	465	375	308	312	278	249	409	652	252	237	277	258	283
1209	1431	1513	1414	1384	1232	1076	1118	1040	1036	1343	1209	1079	1232	1449	861	461	382	341	317	266	305	395	251	207	213	337	647
651	540	735	957	1062	1072	1047	1036	1035	1032	1044	1065	1058	1043	1043	1063	1055	1024	916	751	694	582	439	452	462	494	430	597
940	848	859	966	1064	1077	1087	1066	1058	1061	1063	1056	1075	1056	1071	1060	1045	1039	1004	884	711	575	454	468	474	573	563	743
1048	1058	1039	1047	1066	1100	1114	1091	1090	1081	1081	1081	1079	1082	1064	1054	1052	1050	1043	983	792	599	418	500	515	595	622	733
1039	1056	1047	1034	1058	1084	1092	1088	1085	1097	1092	1093	1080	1078	1070	1062	1067	1057	1051	1046	904	694	392	348	484	575	712	727
1055	1016	1018	1020	1053	1082	1073	1076	1084	1080	1086	1084	1083	1077	1080	1080	1074	1075	1062	1055	987	762	417	308	318	362	712	716
1067	1039	993	968	1029	1080	1101	1086	1071	1075	1081	1077	1080	1085	1078	1072	1082	1078	1071	1073	999	783	464	342	324	346	581	657
1038	1009	979	920	1006	1086	1098	1088	1088	1085	1086	1088	1081	1072	1069	1080	1075	1071	1078	1071	1033	789	438	366	350	401	428	489
1106	1030	962	927	1007	1075	1094	1091	1088	1079	1074	1074	1076	1065	1076	1073	1068	1080	1075	1089	1072	768	373	317	403	439	369	439
1230	1141	1022	931	1021	1092	1088	1084	1078	1077	1076	1072	1069	1080	1074	1064	1084	1085	1098	1115	1130	745	310	332	368	393	355	347
1238	1280	1213	960	993	1079	1074	1076	1087	1084	1085	1080	1075	1074	1082	1082	1082	1075	1083	1095	1131	662	263	361	340	293	236	303
1267	1297	1365	1167	968	1065	1062	1072	1075	1082	1091	1091	1081	1087	1081	1080	1086	1082	1070	1083	1097	518	272	314	279	282	273	287
1261	1281	1332	1325	1112	1024	1071	1067	1070	1084	1105	1095	1093	1090	1091	1094	1092	1090	1080	1078	956	375	339	312	306	274	296	295
1225	1242	1257	1308	1264	1072	1010	1072	1070	1073	1088	1101	1085	1094	1096	1087	1088	1065	1070	1024	754	270	274	330	343	293	271	319
1197	1218	1232	1263	1278	1171	996	1041	1054	1061	1063	1088	1094	1087	1092	1078	1060	1046	998	907	495	200	269	338	314	273	236	297
1207	1197	1200	1242	1257	1208	1031	1000	1029	1037	1053	1059	1065	1079	1057	1059	1038	992	883	622	277	255	306	336	282	242	225	297
1196	1195	1185	1226	1252	1264	1073	975	992	1021	1039	996	984	1018	1032	1014	936	840	686	354	231	275	351	293	280	251	238	252
1220	1188	1187	1182	1234	1289	1109	960	954	989	1025	934	862	885	904	879	767	591	371	231	323	403	402	289	263	255	264	237
1221	1184	1175	1182	1194	1281	1194	1024	965	979	1020	868	757	667	659	682	605	472	335	363	467	414	293	264	239	246	286	261
1248	1201	1177	1179	1196	1261	1190	1086	1110	1113	995	792	613	550	406	381	366	392	318	373	384	261	225	219	264	254	254	275
1219	1242	1216	1205	1196	1272	1200	1170	1144	1150	1003	646	526	403	283	246	250	248	299	414	317	216	208	248	290	242	292	363
1208	1221	1203	1208	1208	1246	1235	1200	1095	1137	1008	562	452	262	254	246	243	233	320	368	289	301	334	322	261	260	401	398
1216	1250	1216	1212	1228	1264	1264	1136	1110	1141	1044	550	310	217	231	250	249	222	400	410	322	281	265	306	396	517	423	311
1158	1281	1271	1234	1255	1292	1227	1124	1097	1134	1096	698	130	203	247	242	218	243	451	345	272	259	231	236	388	502	353	282
1085	1166	1443	1247	1265	1233	1162	1097	1066	1096	1135	928	205	184	246	258	283	292	279	284	277	260	258	311	486	498	281	331
1055	1036	1458	1325	1266	1161	1128	1061	1044	1078	1093	1086	416	162	209	218	237	228	250	282	263	263	383	543	561	289	257	388
1063	1005	1167	1418	1311	1159	1077	1079	1061	1079	1011	1061	842	227	218	250	283	303	304	310	331	350	458	455	376	228	302	452
1069	1036	1115	1224	1208	1173	1089	1040	1033	1049	1013	1005	1000	634	229	254	240	271	322	285	324	333	330	249	284	243	397	544
1061	1080	1141	1232	1124	1097	1105	1073	1031	1022	1003	996	981	914	536	254	229	244	312	289	243	273	298	255	283	266	456	583
60	26	37	123	311	495	696	854	932	964	991	1029	1083	1068	1066	1086	1076	1069	1044	983	996	1017	1050	1071	1089	1035	754	530
356	170	64	104	271	456	639	754	852	917	971	1030	1064	1066	1082	1078	1083	1090	1057	998	951	960	1029	1049	1055	1032	871	687
1009	910	748	577	471	490	581	677	766	844	929	999	1025	1053	1073	1087	1086	1091	1081	1034	921	860	915	1006	1071	997	715	648
1067	1056	1068	1060	1038	978	904	833	811	858	932	990	1018	1020	1046	1085	1089	1089	1089	1075	932	857	842	913	1000	834	627	505
1022	1055	1039	1051	1067	1092	1080	1063	1029	996	988	1019	1036	1059	1040	1042	1068	1080	1082	1082	980	870	838	858	870	708	577	405
1015	1048	1055	1042	1012	1023	1053	1060	1063	1058	1063	1050	1060	1058	1068	1051	1031	1045	1061	1050	924	855	874	870	793	676	454	274
1068	1054	1054	1038	1025	1022	1040	1053	1060	1061	1073	1077	1066	1069	1058	1060	1052	1027	1023	995	888	765	824	827	789	702	499	243
1037	1054	1041	988	977	1007	1052	1060	1077	1078	1074	1077	1071	1072	1072	1069	1064	1054	1022	905	824	733	705	763	770	715	555	268
987	986	1000	977	965	1038	1074	1079	1079	1081	1075	1066	1076	1065	1069	1058	1075	1083	1084	919	683	666	710	785	783	722	537	282
1023	976	990	998	952	1053	1076	1071	1070	1071	1067	1073	1073	1075	1070	1076	1075	1066	1094	979	715	614	678	816	775	700	604	355
1080	1053	1038	943	991	1089	1082	1082	1073	1068	1074	1070	1074	1073	1084	1078	1069	1073	1084	1061	812	485	461	630	777	714	673	499
1258	1164	1082	967	963	1094	1073	1067	1069	1089	1074	1070	1075	1078	1075	1072	1072	1067	1067	1096	869	449	502	482	742	720	671	574
1391	1354	1202	1038	969	1081	1083	1073	1067	1066	1064	1078	1077	1073	1080	1066	1073	1068	1069	1112	839	392	451	524	693	667	587	502
1268	1284	1389	1228	970	1043	1076	1083	1081	1073	1079	1068	1066	1073	1076	1078	1066	1066	1070	1127	776	388	356	562	440	410	581	507
1248	1227	1215	1395	1141	979	1062	1082	1074	1067	1072	1085	1064	1068	1072	1058	1075	1075	1095	1096	521	353	455	427	356	441	572	604
1232	1222	1245	1277	1393	990	1029	1077	1081	1086	1064	1082	1076	1067	1079	1072	1067	1069	1126	869	345	371	479	372	389	372	527	655
1206	1205	1221	1233	1328	1235	942	1035	1069	1054	1067	1084	1078	1087	1084	1074	1092	1103	988	519	361	450	418	344	349	354	604	608
1235	1204	1175	1215	1252	1376	1034	951	1028	1051	1053	1077	1081	1083	1083	1077	1067	964	638	366	383	416	374	376	303	370	682	720
1242	1202	1184	1201	1230	1346	1195	910	974	1040	1025	1048	1061	1058	990	939	849	641	350	286	314	416	364	281	270	476	613	715
1218	1211	1193	1188	1226	1285	1326	947	935	974	986	995	1008	946	649	580	451	342	312	323	394	351	305	362	450	427	582	853
1239	1210	1207	1182	1212	1263	1275	1058	948	941	973	961	975	745	332	285	274	253	274	350	371	279	402	482	357	273	627	856
1237	1230	1210	1204	1217	1250	1270	1150	996	995	982	994	838	518	330	248	291	361	384	351	294	421	486	334	254	380	545	683
1257	1234	1223	1212	1224	1226	1218	1207	1123	1051	987	937	458	311	305	339	395	352	326	335	436	454	318	291	319	334	458	605
1277	1262	1258	1202	1232	1260	1215	1265	1267	1238	1081	669	308	294	327	361	335	331	337	382	455	305	279	253	274	315	306	498
1215	1258	1324	1245	1233	1237	1217	1390	1240	1402	1101	419	255	269	335	326	305	324	341	433	338	266	277	274	309	250	248	476
1124	1166	1204	1281	1313	1241	1352	1337	1245	1327	985	470	267	309	340	338	351	314	361	353	278	251	248	314	257	206	383	458
1081	1134	1163	1149	1273	1225	1360	1200	1195	1320	1022	627	352	298	314	302	309	326	401	308	277	252	267	276	233	383	493	410
1045	1058	1184	1186	1223	1118	1171	1137	1166	1327	1183	802	426	305	295	338	324	401	365	301	313	263	236	251	369	595	405	270
807	754	674	639	535	441	410	466	629	720	762	782	805	805	804	794	812	825	834	827	808	777	747	781	802	896	948	858
848	720	584	482	371	306	282	264	281	321	404	513	567	586	619	664	709	733	755	783	803	818	846	948	1057	1048	1011	923
1026	922	758	552	376	238	179	169	173	183	237	342	405	446	519	555	638	682	730	804	877	936	1051	1113	1075	1068	1057	926
1044	1023	1012	961	867	704	535	406	290	216	198	241	278	328	417	472	568	637	687	855	1049	1100	1088	1080	1087	1095	1088	984
992	1054	1027	1023	1049	1060	1054	1014	974	871	744	659	604	564	522	549	595	659	753	847	1042	1076	1064	1060	1067	1079	1052	929
812	974	1044	956	981	981	1056	1059	1042	1023	1021	1017	1004	964	934	886	810	812	861	864	939	1028	1065	1077	1082	1090	1068	986
964	1055	994	987	1030	1002	1070	1049	1042	1019	1006	995	1009	997	993	976	938	894	926	919	927	959	1040	1109	1118	1106	1072	956
1076	1083	1068	1080	1065	1056	1045	1035	1038	1040	1044	1061	1061	1045	1032	1016	969	924	730	866	941	950	996	1097	1107	1092	1045	931
1016	1051	1069	1046	1045	1022	1022	1048	1053	1077	1081	1078	1087	1080	1078	1065	1050	990	648	497	758	961	974	1046	1107	1100	968	821
1031	984	987	1024	977	968	1033	1083	1088	1076	1083	1076	1075	1079	1063	1069	1073	1075	836	522	725	843	861	957	1047	900	818	704
1019	1000	949	1019	1007	1019	1090	1085	1080	1082	1071	1073	1072	1071	1077	1070	1072	1078	1027	689	588	509	537	755	892	828	576	538
1042	1015	991	972	988	1074	1086	1077	1086	1088	1081	1090	1088	1086	1069	1075	1071	1066	1094	897	443	545	561	683	655	786	659	503
1154	1067	992	955	985	1091	1087	1082	1071	1078	1084	1075	1074	1079	1067	1072	1054	1074	1083	1025	498	452	749	841	736	688	749	681
1302	1196	1142	1001	966	1088	1082	1091	1080	1084	1073	1078	1077	1075	1082	1078	1077	1066	1068	1066	631	490	723	793	798	826	831	791
1317	1267	1206	1164	1016	1069	1068	1074	1076	1066	1085	1084	1076	1075	1067	1074	1068	1062	1068	1084	631	445	524	682	684	751	897	1018
1298	1309	1307	1260	1119	1060	1091	1069	1075	1070	1070	1065	1069	1068	1074	1076	1065	1059	1075	1068	576	311	340	602	639	522	781	1050
1196	1211	1270	1337	1207	1030	1078	1090	1081	1068	1073	1089	1074	1070	1064	1064	1078	1069	1092	947	336	254	278	526	806	610	442	681
1185	1184	1201	1267	1381	1036	1035	1079	1077	1074	1068	1074	1071	1066	1069	1073	1065	1087	1076	638	223	247	340	619	721	465	287	434
1205	1193	1160	1171	1313	1253	999	1023	1060	1069	1059	1072	1071	1061	1078	1081	1094	1090	833	328	237	414	491	454	548	549	350	415
1187	1174	1151	1179	1229	1333	1064	994	1016	1045	1060	1072	1064	1059	1063	1058	997	812	485	283	407	511	384	315	515	548	349	383
1216	1177	1192	1156	1187	1330	1108	992	1017	1013	1013	1017	1021	1043	894	779	643	405	311	351	491	361	262	318	466	506	403	358
1219	1197	1185	1138	1182	1302	1206	951	990	977	959	966	950	988	772	333	274	316	311	371	372	287	330	330	354	486	484	354
1225	1190	1195	1183	1201	1268	1235	1024	1007	972	944	963	947	864	671	258	236	287	344	388	290	295	328	292	271	418	481	439
1189	1215	1192	1186	1189	1272	1267	1084	1083	1014	938	917	886	592	419	267	313	296	356	357	300	293	306	253	267	458	455	476
1209	1246	1219	1195	1217	1279	1225	1164	1103	1039	955	885	680	238	287	317	320	357	344	307	303	313	303	237	358	500	333	483
1252	1263	1224	1221	1267	1305	1223	1210	1136	1029	1001	876	430	244	305	353	363	299	281	310	309	324	273	289	423	415	315	471
1178	1340	1289	1216	1277	1292	1206	1215	1246	1105	1071	854	438	283	334	271	337	290	297	303	306	302	337	408	420	381	461	422
1071	1234	1425	1237	1317	1253	1189	1221	1205	1188	1205	884	424	254	289	296	307	320	317	280	296	292	338	441	429	455	446	260
995	1013	1029	1036	1045	1038	1052	1043	1035	995	998	940	934	927	896	869	877	846	816	772	694	651	686	758	778	738	822	832
1015	1021	1034	1036	1020	1020	1017	989	974	969	916	853	856	830	795	779	765	747	739	708	694	692	785	956	1008	856	709	573
1017	1026	1038	1028	1026	1008	985	975	946	923	875	833	819	791	728	697	681	671	686	735	792	902	1025	1050	993	834	619	347
994	999	998	997	1007	990	981	950	933	897	830	804	784	756	676	638	604	597	624	806	1023	1023	984	1001	1009	923	640	429
1011	1009	1006	1005	1013	1028	1035	1029	1033	1004	946	887	818	731	618	530	497	488	518	631	929	1053	994	1007	1021	1019	791	520
1024	1060	1043	1032	1037	1046	1036	1025	1013	1007	1021	1017	958	865	753	662	546	506	483	504	605	788	936	976	991	1014	1039	952
991	1093	1038	1045	1061	1089	1074	1071	1053	1024	998	984	987	995	970	902	834	669	560	478	417	392	434	563	752	930	1019	1096
1067	1086	1028	1074	1070	1072	1077	1085	1062	1031	987	1026	998	993	991	1025	1011	1003	924	760	517	407	393	521	649	920	1051	1081
1064	1090	1080	1077	1076	1086	1065	1055	1037	1013	1027	1024	1022	1033	1015	996	1016	955	904	1029	959	663	518	649	724	834	983	1066
1047	1045	1078	1076	1068	1046	1053	1052	1068	1086	1082	1077	1067	1080	1062	1063	1046	928	634	944	1157	900	659	768	992	876	922	1004
1086	1078	1007	1037	1026	1012	1012	1031	1086	1140	1114	1084	1067	1069	1072	1064	1076	1054	805	736	895	836	744	729	954	1031	940	975
1071	1081	1031	984	989	974	1005	1068	1084	1080	1068	1070	1075	1085	1064	1075	1076	1090	1084	644	503	703	786	699	862	1033	975	918
1038	1048	1028	953	978	1003	1054	1087	1073	1068	1083	1072	1065	1073	1077	1084	1076	1081	1107	923	484	543	693	734	933	1082	1054	977
1106	1052	992	961	940	1015	1069	1081	1076	1080	1063	1068	1085	1075	1083	1071	1076	1070	1074	1085	617	550	571	563	854	1105	1101	979
1355	1240	1112	1009	958	1007	1068	1067	1058	1065	1071	1073	1078	1063	1067	1078	1070	1077	1069	1100	807	569	745	574	458	900	1018	933
1329	1342	1343	1201	988	1009	1086	1072	1080	1067	1085	1066	1062	1065	1076	1061	1069	1050	1074	1107	874	560	732	643	435	593	689	720
1269	1270	1287	1337	1219	1021	1068	1085	1080	1076	1067	1083	1087	1084	1072	1075	1067	1071	1065	1204	780	358	538	637	626	546	575	586
1243	1248	1267	1319	1349	1160	1037	1076	1074	1073	1066	1062	1083	1077	1075	1063	1062	1044	1136	1336	579	228	376	553	644	636	584	537
1226	1219	1243	1267	1311	1356	997	1088	1080	1064	1065	1065	1075	1064	1066	1065	1059	1078	1332	987	334	299	391	434	550	640	562	555
1213	1194	1182	1228	1257	1362	1075	970	1092	1086	1082	1075	1071	1065	1059	1060	1085	1146	1057	616	308	388	352	305	511	635	663	615
1227	1222	1200	1202	1231	1282	1277	955	978	1065	1101	1161	1087	1061	1091	1119	1109	955	671	434	369	383	259	307	540	601	719	671
1199	1215	1212	1199	1187	1259	1315	1082	950	963	1010	1053	1077	1041	1063	978	841	624	367	298	369	260	270	395	395	605	700	666
1233	1206	1199	1195	1204	1241	1298	1167	977	1026	1027	950	926	975	999	670	435	320	311	286	258	335	368	345	320	568	610	646
1217	1219	1206	1207	1205	1225	1278	1269	982	990	952	966	959	958	833	478	301	300	273	307	375	289	292	370	448	579	568	672
1232	1256	1229	1215	1196	1232	1263	1278	1144	949	917	970	923	631	542	377	316	287	352	334	248	276	323	304	514	692	458	606
1233	1234	1222	1235	1220	1236	1273	1266	1229	1159	1034	997	642	294	316	315	324	329	320	278	297	349	313	409	710	605	329	413
1270	1266	1228	1229	1226	1236	1292	1261	1340	1377	1312	850	309	258	317	312	329	309	278	288	340	362	374	644	657	386	287	372
1287	1367	1298	1278	1267	1253	1285	1277	1409	1313	1400	793	245	274	317	306	301	333	320	324	388	280	383	608	380	326	282	378
1039	1057	1081	1071	1061	1063	1069	1073	1088	1080	1082	1085	1086	1097	1055	1089	1083	1062	1065	1069	971	799	683	550	531	490	558	615
1053	1052	1054	1066	1068	1073	1077	1075	1072	1085	1089	1087	1097	1097	1106	1091	1087	1075	1054	1066	1030	784	643	536	441	412	399	435
1043	1057	1061	1075	1075	1082	1087	1091	1085	1097	1094	1089	1102	1095	1104	1101	1104	1087	1071	1056	1041	883	560	430	374	383	318	428
1050	1058	1056	1058	1070	1082	1082	1078	1091	1090	1099	1099	1097	1103	1115	1120	1104	1089	1079	1065	1022	964	710	473	363	466	590	717
1053	1059	1070	1070	1060	1070	1070	1076	1080	1075	1084	1095	1095	1108	1110	1103	1090	1090	1091	1073	1033	1001	943	858	745	802	841	936
1044	1052	1067	1068	1065	1067	1063	1059	1072	1067	1069	1080	1067	1083	1078	1079	1094	1087	1073	1079	1074	1053	1015	1014	975	927	848	846
1070	1066	1066	1059	1068	1080	1071	1076	1067	1065	1068	1061	1057	1078	1070	1071	1068	1085	1104	1104	1071	1034	953	786	645	590	712	898
1057	1079	1068	1076	1073	1075	1057	1072	1074	1076	1071	1076	1072	1056	1060	1075	1080	1092	1091	1088	1103	1061	977	826	744	779	936	1075
1074	1061	1058	1075	1067	1077	1072	1052	1038	1042	1023	1038	1044	1058	1053	1042	1071	1087	1104	1097	1098	1097	1032	895	766	679	788	953
1081	1068	1070	1073	1060	1062	1072	1070	1033	994	993	1035	1021	1051	1039	1046	1034	1047	1093	1085	1046	1070	1079	1066	996	709	392	453
1073	1063	1053	1051	1076	1078	1074	1054	1047	1032	1070	1130	1112	1071	1090	1076	1071	1029	972	977	1010	980	1031	1027	927	1047	668	351
1072	1085	1082	1020	1009	1050	1036	1003	1001	1076	1085	1097	1078	1077	1064	1076	1079	1093	1062	950	920	915	935	966	870	905	992	431
1079	1078	1088	1071	968	950	931	982	1073	1077	1072	1075	1077	1074	1086	1065	1067	1068	1084	1060	925	766	821	824	866	747	991	721
1002	1053	1069	1053	966	970	977	1036	1088	1082	1077	1064	1071	1071	1085	1078	1077	1075	1076	1089	1024	758	547	578	698	718	712	872
1179	1094	1046	1005	1003	939	974	1070	1072	1071	1074	1081	1078	1061	1068	1078	1081	1089	1066	1072	1090	857	659	530	390	553	582	654
1305	1282	1196	1116	1019	1004	994	1072	1083	1070	1080	1069	1061	1085	1078	1065	1070	1068	1071	1058	1071	983	859	474	328	364	489	554
1195	1261	1329	1294	1135	1025	1037	1049	1077	1071	1060	1067	1058	1076	1076	1068	1054	1065	1064	1102	1085	951	813	736	320	364	457	484
1231	1194	1212	1313	1355	1108	1024	1086	1076	1070	1078	1078	1074	1061	1069	1064	1079	1065	1074	1280	1055	879	684	639	373	296	441	472
1246	1191	1185	1186	1365	1282	1021	1058	1075	1072	1054	1066	1071	1075	1072	1068	1060	1075	1122	1165	1022	885	500	371	277	245	390	434
1145	1205	1146	1224	1253	1387	1156	1016	1071	1079	1076	1071	1075	1072	1060	1071	1063	1061	1091	1084	999	746	417	292	282	236	536	534
1176	1207	1182	1195	1223	1268	1293	1008	997	1084	1102	1079	1079	1063	1052	1083	1085	1111	1093	1020	848	524	324	262	237	307	607	593
1223	1188	1196	1202	1157	1216	1344	1056	986	984	1026	1072	1094	1071	1114	1192	1145	1092	975	782	527	355	273	244	256	550	675	468
1233	1209	1160	1185	1179	1192	1313	1163	972	1043	972	938	982	1013	1050	1054	996	871	595	339	313	289	282	277	472	754	557	325
1227	1215	1222	1173	1196	1196	1265	1284	963	996	959	959	944	946	928	933	763	486	259	262	280	299	284	300	558	622	365	314
1255	1247	1201	1191	1157	1201	1214	1346	1023	968	953	944	941	957	957	769	452	256	249	263	270	271	234	413	578	446	216	369
1227	1238	1203	1190	1183	1191	1233	1363	1124	994	952	906	972	824	651	425	258	267	258	244	257	275	312	469	458	344	248	403
1170	1246	1241	1200	1193	1222	1263	1289	1209	1064	953	972	898	307	271	297	317	293	274	287	279	383	410	453	379	274	278	398
1225	1233	1241	1238	1217	1242	1296	1223	1265	1171	993	994	782	206	285	296	270	286	295	408	497	399	359	439	346	304	300	405
1070	1051	1059	1060	1050	1063	1052	1058	1072	1071	1068	1046	1059	1034	1043	1044	995	978	1011	1003	906	733	636	450	351	314	268	258
1059	1053	1056	1057	1059	1055	1076	1068	1066	1059	1077	1070	1066	1067	1047	1028	991	986	963	980	868	584	418	340	290	238	225	249
1050	1058	1058	1066	1072	1058	1069	1061	1072	1058	1068	1064	1071	1064	1070	1034	1016	990	993	968	923	603	347	326	317	288	296	404
1048	1060	1072	1059	1066	1055	1067	1078	1074	1074	1073	1063	1072	1071	1051	1024	1028	1029	1007	976	980	927	708	462	338	424	581	774
1061	1046	1061	1062	1072	1069	1073	1067	1072	1061	1071	1079	1067	1063	1033	1029	1035	1032	1024	1014	1012	1043	982	774	594	552	721	591
1038	1050	1064	1070	1062	1067	1061	1068	1081	1069	1067	1072	1067	1049	1043	1037	1036	1015	1001	1000	983	997	1014	884	809	740	833	735
1059	1066	1064	1071	1074	1075	1081	1069	1069	1074	1066	1064	1051	1038	1027	1054	1042	1004	944	903	900	907	967	981	925	829	768	903
1031	1055	1069	1063	1073	1065	1072	1073	1071	1073	1047	1037	1023	1020	1033	1063	940	869	845	847	860	898	940	1018	1034	975	901	829
1047	1066	1068	1073	1068	1082	1081	1072	1052	1032	1006	984	1011	1004	1042	1033	938	843	794	792	824	883	937	999	1063	1076	1028	979
1039	1063	1069	1050	1064	1069	1069	1043	1056	1037	984	982	970	979	1013	991	995	976	869	765	749	786	910	961	1031	1098	1017	1029
1093	1069	1083	1052	1072	1066	1061	1070	1071	1017	981	1022	1059	1075	1073	1067	1052	1043	1002	901	745	632	689	877	983	1044	1026	943
1038	1097	1099	1058	1029	1064	1080	1062	1001	975	1043	1088	1086	1077	1059	1065	1073	1067	1079	1078	959	671	589	629	747	996	1050	881
980	1060	1081	1071	1074	970	947	940	964	1041	1075	1075	1076	1063	1078	1085	1066	1079	1059	1073	1083	888	639	485	434	570	1024	893
1052	1039	1066	1041	1039	972	976	970	1000	1080	1075	1070	1081	1075	1085	1071	1052	1074	1077	1071	1094	1057	813	598	474	355	638	947
1176	1204	1075	1122	1056	972	932	946	1042	1081	1060	1062	1064	1068	1071	1057	1082	1058	1065	1070	1068	1090	948	652	522	349	363	782
1284	1291	1318	1647	1289	927	945	965	1057	1065	1073	1067	1058	1059	1060	1063	1065	1068	1065	1076	1067	1075	1025	798	526	374	267	651
1268	1280	1310	1435	1472	1186	956	965	1071	1071	1053	1045	1061	1070	1079	1060	1066	1059	1061	1044	1047	1064	1043	959	500	341	236	393
1264	1243	1278	1262	1313	1332	1117	985	1043	1065	1071	1076	1061	1061	1051	1061	1067	1051	1066	1044	1056	1083	1056	741	385	300	206	296
1179	1232	1279	1249	1282	1300	1322	1021	1034	1074	1060	1064	1059	1074	1059	1071	1059	1076	1054	1052	1077	1093	1000	525	249	266	414	371
1183	1192	1210	1210	1286	1279	1379	1145	940	1087	1086	1063	1067	1066	1065	1060	1057	1059	1058	1060	1082	1087	872	434	303	259	413	475
1196	1208	1178	1222	1229	1269	1327	1325	912	992	1122	1068	1073	1075	1066	1075	1063	1071	1055	1063	1109	1015	594	282	254	250	214	386
1201	1221	1214	1199	1192	1233	1271	1325	990	917	966	1073	1086	1071	1069	1045	1062	1067	1082	1095	1056	715	249	202	257	297	187	216
1231	1214	1200	1216	1182	1194	1215	1345	1135	962	928	952	1010	1046	1063	1073	1068	1050	1028	920	752	303	218	290	455	402	218	198
1234	1240	1206	1203	1196	1182	1218	1313	1208	931	954	964	938	954	947	961	963	946	761	499	315	300	302	301	353	362	302	269
1250	1249	1219	1189	1203	1196	1215	1290	1207	930	957	949	944	912	928	952	880	652	407	250	241	251	201	311	481	416	323	273
1246	1229	1235	1199	1214	1204	1210	1279	1263	949	924	916	941	955	877	732	490	328	309	250	228	232	241	419	527	343	277	268
1235	1243	1250	1237	1225	1196	1222	1245	1293	1012	916	930	997	766	332	311	321	278	229	264	233	240	309	503	496	281	298	263
1225	1262	1232	1239	1229	1229	1261	1262	1288	1149	1032	1002	1022	317	185	307	248	268	232	252	262	342	432	482	441	282	278	251
1069	1071	1068	1064	1055	1062	1073	1062	1056	1067	1058	1057	1070	1077	1064	1059	1059	1072	1044	1015	970	959	962	920	791	700	612	453
1067	1063	1068	1065	1060	1064	1063	1074	1074	1070	1079	1070	1069	1073	1055	1054	1055	1030	1005	974	952	958	908	816	713	603	449	330
1077	1060	1059	1069	1054	1077	1073	1080	1072	1062	1079	1065	1059	1061	1056	1037	1031	988	976	949	952	915	798	782	604	516	482	412
1058	1068	1070	1075	1073	1073	1085	1072	1065	1080	1075	1066	1055	1045	1053	1019	982	944	969	962	996	883	703	570	511	465	542	537
1068	1064	1062	1078	1059	1081	1063	1064	1086	1084	1067	1072	1057	1048	1003	975	978	978	923	829	823	692	511	402	394	372	419	510
1047	1069	1058	1071	1065	1072	1068	1077	1057	1052	1059	1069	1041	1020	988	1000	961	764	526	424	349	432	488	326	283	278	353	517
1043	1048	1060	1067	1070	1068	1057	1072	1063	1069	1052	1040	1008	997	975	937	579	318	230	214	230	227	347	448	351	355	389	474
1034	1049	1063	1081	1066	1072	1069	1075	1061	1043	994	962	924	928	977	785	263	202	235	255	277	286	286	392	493	454	439	383
1065	1080	1068	1062	1072	1065	1069	1077	1053	1054	1041	979	950	948	925	889	541	326	267	270	260	322	329	333	483	687	544	434
1075	1063	1046	1071	1071	1047	1058	1051	1024	1085	1052	974	956	953	936	970	1014	895	609	451	395	336	397	404	460	642	709	606
1061	1057	1062	1050	1050	1072	1071	1077	1070	1031	961	930	1002	1052	1056	1057	1070	1084	1089	935	707	518	438	428	526	574	648	883
968	1000	1049	1068	1033	1040	1022	1054	1005	948	938	1049	1079	1073	1063	1061	1066	1066	1082	1076	1060	863	590	462	457	583	703	859
978	995	1058	1064	1076	1051	958	941	925	918	1031	1061	1062	1062	1062	1075	1070	1063	1061	1076	1078	1063	878	611	421	494	663	843
1149	1037	1036	1068	1077	1060	1016	971	914	975	1086	1080	1069	1082	1076	1074	1061	1077	1073	1069	1069	1091	1055	813	474	463	487	938
1298	1260	1190	1146	1047	985	960	943	940	1063	1068	1063	1067	1071	1061	1069	1070	1059	1078	1072	1057	1061	1066	936	580	421	354	965
1436	1409	1354	1326	1179	968	946	916	956	1070	1076	1062	1077	1056	1069	1068	1057	1057	1073	1064	1064	1067	1081	1041	694	450	382	813
1263	1254	1344	1410	1283	1200	1023	934	969	1068	1059	1049	1064	1060	1062	1066	1061	1061	1058	1063	1065	1051	1075	1071	764	475	440	619
1266	1221	1214	1206	1391	1339	1130	973	954	1056	1063	1064	1067	1065	1078	1077	1073	1067	1069	1074	1057	1049	1072	1074	648	588	595	584
1147	1191	1262	1133	1200	1342	1244	1072	964	1050	1065	1064	1071	1079	1055	1070	1059	1058	1062	1069	1071	1062	1089	1022	453	594	790	400
1229	1191	1158	1176	1253	1241	1361	1141	953	994	1082	1065	1063	1066	1064	1061	1063	1064	1064	1065	1070	1070	1149	868	423	490	458	666
1205	1205	1128	1185	1200	1200	1291	1311	1007	908	1038	1084	1077	1065	1061	1061	1066	1070	1060	1071	1061	1110	1033	469	433	340	608	1057
1193	1173	1193	1199	1176	1200	1221	1340	1058	995	957	1014	1081	1070	1068	1055	1063	1067	1054	1062	1102	1041	529	363	349	293	631	922
1239	1205	1198	1190	1160	1162	1156	1326	1163	1022	993	941	993	1046	1055	1068	1067	1066	1041	1064	936	459	334	342	228	233	422	489
1266	1250	1169	1199	1168	1153	1197	1279	1245	1030	977	969	936	946	955	954	972	963	985	852	384	278	376	270	211	207	249	207
1225	1241	1228	1179	1190	1156	1175	1234	1276	1045	964	925	947	923	912	941	956	958	703	314	251	334	249	265	212	235	273	239
1252	1238	1224	1191	1226	1173	1189	1219	1297	1059	971	966	945	980	977	849	747	532	308	251	281	275	237	208	224	248	257	217
1194	1214	1264	1253	1220	1158	1200	1223	1292	1152	955	931	935	993	605	246	253	272	278	268	263	269	245	240	224	254	270	233
1138	1219	1229	1255	1209	1200	1209	1263	1255	1224	1053	961	1028	828	263	210	245	239	292	266	213	251	300	224	243	265	283	311
1063	1068	1072	1069	1073	1067	1076	1093	1081	1072	1087	1080	1079	1067	1068	1076	1070	1077	1030	1043	1034	996	1013	992	958	971	975	940
1078	1063	1085	1064	1076	1073	1065	1077	1074	1079	1077	1080	1065	1074	1079	1073	1075	1045	1047	984	973	987	986	1003	1005	1033	962	801
1076	1058	1066	1067	1074	1058	1061	1075	1063	1060	1067	1051	1044	1054	1042	1023	1023	1019	983	974	983	987	1018	1021	980	921	635	410
1070	1059	1057	1049	1075	1071	1057	1050	1047	1052	1025	1029	1019	1005	1004	984	985	952	966	1012	1035	977	864	716	603	503	473	339
1070	1034	1050	1065	1044	1035	1052	1043	1035	1034	1029	1010	1001	999	971	981	980	1020	1036	1036	896	599	473	364	293	321	327	389
1054	1047	1044	1060	1066	1047	1045	1036	1026	1006	1014	1007	986	988	991	1014	1030	952	805	656	441	341	298	355	358	323	313	339
1022	1048	1041	1066	1057	1072	1051	1056	1049	1042	1019	999	987	977	957	959	785	610	522	374	301	315	339	326	385	366	335	305
1054	1074	1046	1056	1068	1055	1048	1077	1066	1063	1054	1008	946	931	945	877	777	617	507	424	333	348	357	300	317	387	354	315
1066	1090	1069	1087	1073	1074	1059	1084	1070	1062	1057	1017	954	949	942	955	946	830	700	584	458	368	383	360	289	315	355	323
1046	1058	1054	1057	1069	1070	1076	1097	1080	1054	1022	977	990	1036	1028	1043	1041	1066	1022	902	744	524	421	446	349	301	343	413
969	956	993	1015	1009	1045	1047	1071	1037	982	953	994	1055	1059	1058	1069	1071	1071	1092	1087	1059	863	607	476	483	344	271	406
944	941	1010	1061	1052	982	951	962	932	944	976	1061	1083	1071	1070	1065	1070	1074	1080	1060	1088	1088	902	576	490	392	305	322
1110	1007	997	1073	1071	1030	974	962	934	941	1045	1068	1069	1057	1074	1060	1074	1061	1068	1077	1062	1071	1071	818	531	516	389	342
1362	1248	1114	1004	1024	1034	1024	948	920	979	1096	1070	1068	1074	1062	1064	1069	1074	1070	1075	1066	1058	1101	1001	613	587	511	306
1446	1439	1459	1362	1059	957	1033	1021	910	1098	1153	1046	1051	1064	1062	1083	1058	1077	1071	1067	1066	1063	1073	1099	753	589	642	396
1328	1354	1509	1573	1376	1073	954	1008	964	1092	1109	1042	1067	1081	1071	1061	1065	1067	1071	1052	1053	1070	1076	1096	866	639	607	516
1259	1219	1223	1273	1465	1452	1160	971	1001	1058	1078	1046	1072	1056	1059	1067	1056	1054	1065	1061	1064	1062	1069	1113	862	508	460	561
1279	1254	1264	1246	1218	1388	1423	1054	991	1080	1068	1065	1065	1063	1065	1058	1061	1064	1066	1072	1061	1057	1079	1100	705	343	358	583
1220	1189	1209	1229	1228	1233	1389	1289	1021	1038	1073	1075	1064	1074	1060	1075	1073	1067	1070	1066	1073	1087	1102	1047	511	310	336	576
1190	1179	1188	1207	1197	1248	1234	1409	1153	956	1048	1085	1078	1071	1062	1060	1057	1057	1065	1064	1077	1094	1100	786	414	365	353	631
1197	1193	1193	1188	1169	1168	1222	1308	1360	920	975	1030	1073	1077	1072	1072	1054	1082	1072	1082	1082	1094	867	428	386	375	600	739
1203	1174	1176	1197	1196	1189	1220	1267	1359	993	965	959	1023	1053	1062	1075	1053	1072	1070	1025	1045	868	480	367	310	354	707	903
1183	1249	1193	1169	1209	1168	1184	1220	1357	1067	975	965	944	929	971	1005	998	1000	972	977	881	440	357	329	358	409	655	797
1224	1201	1202	1188	1179	1181	1179	1210	1326	1154	946	960	965	923	923	920	926	915	948	920	453	324	327	283	360	514	627	501
1224	1199	1220	1194	1177	1194	1169	1194	1304	1217	945	962	953	944	927	917	955	968	866	498	320	361	311	289	238	266	561	506
1212	1211	1225	1212	1196	1196	1182	1205	1278	1251	946	958	966	942	944	948	820	661	434	313	340	295	273	281	261	300	496	406
1204	1175	1229	1220	1222	1215	1196	1210	1263	1279	960	957	944	929	979	628	231	296	321	337	309	299	272	259	240	351	480	345
1232	1199	1232	1229	1216	1250	1246	1262	1257	1257	1084	967	966	979	920	346	165	242	285	308	275	267	257	259	294	443	435	391
994	992	1000	1015	1002	1043	1009	1045	1063	1042	1027	1029	1019	1031	1016	1023	993	1017	1021	1011	969	953	908	799	784	743	655	578
962	970	998	1012	1020	1028	1046	1034	1031	1020	1020	1032	1013	1011	1000	995	1011	1000	995	953	905	866	748	680	613	578	636	603
945	949	1025	1035	1021	1048	1028	1038	1037	1025	1036	1026	1008	988	972	989	975	980	992	899	798	709	589	504	462	455	354	383
877	993	1035	1031	1031	1028	1004	1024	1020	1034	1018	991	966	981	964	974	979	964	964	826	656	536	419	311	268	272	274	265
779	1032	1042	1029	1015	993	945	1023	997	1023	1014	971	958	966	957	961	959	972	975	744	401	377	330	272	247	233	296	295
678	1035	1061	1015	979	900	978	1000	995	1056	1028	967	956	950	950	949	952	960	955	773	243	279	289	286	324	241	226	264
629	1025	1068	1052	1084	892	1048	1063	1058	1062	1026	990	982	985	968	969	1001	964	948	849	467	254	296	306	283	318	196	296
666	1067	1069	1032	1079	1025	1047	1067	1040	1044	1029	1010	1005	1016	1013	1042	1043	1031	1008	953	819	391	294	376	248	256	286	236
888	1060	1022	1042	1033	1032	1037	1022	1023	1037	1028	1031	1034	1048	1049	1053	1075	1070	1054	1067	991	764	381	379	348	232	261	273
974	1007	1043	1000	994	993	1004	1004	1017	1027	1038	1048	1072	1070	1065	1064	1049	1069	1057	1077	1086	1025	657	403	472	307	216	265
932	1024	1064	1046	974	934	934	964	981	1005	1044	1074	1071	1073	1066	1076	1064	1071	1063	1050	1075	1091	943	572	536	435	222	193
989	998	1075	1056	1018	924	937	952	979	1021	1061	1063	1060	1059	1077	1061	1069	1066	1057	1068	1070	1076	1065	758	493	501	265	225
1048	1026	1034	1041	1018	945	944	948	979	1053	1079	1075	1070	1054	1070	1071	1084	1064	1068	1072	1050	1070	1062	888	540	537	397	237
1137	1135	1099	1066	998	972	947	930	1007	1063	1077	1055	1075	1072	1062	1065	1066	1064	1057	1072	1076	1069	1071	946	610	446	427	233
1363	1310	1242	1201	1112	1010	957	933	978	1082	1079	1061	1066	1065	1083	1064	1070	1082	1068	1077	1075	1070	1059	931	657	388	425	211
1281	1286	1370	1293	1215	1191	1168	1031	963	1059	1053	1057	1064	1067	1074	1052	1080	1052	1063	1066	1048	1079	1031	889	628	354	369	232
1211	1198	1207	1274	1333	1268	1252	1154	1007	1055	1106	1044	1064	1059	1059	1058	1072	1059	1081	1058	1075	1066	985	808	600	342	332	264
1217	1186	1207	1209	1234	1309	1273	1179	1152	998	1100	1076	1066	1059	1070	1067	1062	1064	1066	1061	1076	1051	893	744	525	330	280	360
1199	1148	1173	1186	1177	1206	1324	1296	1197	1022	1015	1086	1067	1073	1072	1070	1071	1080	1073	1057	1069	997	807	596	342	283	248	593
1156	1182	1190	1176	1141	1158	1210	1349	1249	1103	977	1011	1053	1068	1070	1063	1070	1053	1046	1035	1037	881	625	369	297	285	310	460
1214	1164	1204	1172	1171	1148	1159	1292	1303	1110	1008	991	1036	1050	1035	1044	1035	1017	1003	1012	970	688	415	325	313	249	173	235
1204	1159	1176	1207	1186	1209	1181	1193	1317	1141	1051	1062	1043	1032	967	962	977	966	970	963	813	433	271	263	351	239	244	397
1243	1248	1191	1164	1197	1165	1191	1177	1294	1212	1106	998	1003	974	940	930	931	913	940	854	522	316	274	314	436	356	352	388
1239	1223	1204	1207	1193	1182	1165	1180	1245	1235	1135	978	947	941	959	912	922	936	840	527	312	306	294	348	422	394	304	268
1200	1214	1225	1196	1185	1195	1176	1181	1234	1247	1123	963	937	925	941	923	983	729	429	292	277	342	383	273	262	266	261	321
1177	1220	1229	1211	1207	1228	1169	1216	1234	1245	1164	966	957	924	949	1001	794	313	271	300	289	311	260	237	281	256	275	325
1162	1175	1236	1229	1238	1229	1212	1200	1227	1283	1233	1111	994	935	959	982	514	243	266	287	265	277	231	247	228	279	428	366
1201	1164	1189	1215	1209	1223	1256	1231	1221	1258	1160	1267	1103	1020	1034	912	378	211	267	298	293	266	279	320	332	547	564	346
941	919	920	967	1072	1057	1067	1042	1051	1055	1027	1039	1044	974	979	950	936	944	985	847	694	651	602	604	660	782	804	743
925	899	921	1008	1058	1035	1051	1054	1057	1043	1055	1052	1019	978	956	948	947	968	1010	664	526	496	484	525	560	624	701	785
909	908	976	1011	1047	1036	1044	1044	1068	1051	1056	1047	1006	990	957	956	954	945	949	483	397	409	448	520	588	616	687	713
638	979	1003	1042	1032	1026	1020	1036	1053	1035	1053	1051	997	983	982	979	941	955	926	381	351	412	462	502	573	628	693	721
465	982	1009	1009	1006	1039	996	1041	1036	1047	1056	1032	1015	1004	1022	998	966	933	951	435	327	445	502	518	589	630	676	695
550	961	1052	989	977	979	1019	1028	1048	1054	1057	1037	1055	1038	1031	1029	1028	979	948	671	346	461	510	541	573	637	692	710
714	942	967	982	1017	1008	1039	1049	1054	1057	1056	1071	1060	1062	1092	1051	1069	1041	1016	902	502	433	506	534	559	638	670	722
922	961	992	975	966	1015	1022	1045	1054	1070	1056	1065	1069	1068	1067	1070	1075	1067	1083	1017	760	464	517	601	565	603	682	711
1046	1005	946	955	965	986	1015	1031	1056	1076	1074	1079	1071	1062	1072	1049	1071	1073	1061	1085	940	665	531	594	651	644	665	684
1056	1032	1006	926	933	975	1017	1055	1082	1075	1075	1062	1061	1057	1073	1079	1060	1056	1066	1064	1033	825	616	595	706	705	665	687
984	1012	987	987	946	982	994	1047	1066	1076	1096	1084	1089	1080	1076	1074	1068	1070	1057	1085	1038	872	718	698	687	713	703	723
1044	970	955	931	924	945	1020	1061	1075	1077	1056	1069	1054	1060	1072	1053	1059	1069	1051	1057	1030	919	767	675	660	679	698	724
1256	1172	1099	990	928	912	992	1053	1067	1045	1075	1063	1064	1059	1067	1069	1061	1074	1050	1039	1026	934	791	678	637	669	741	755
1389	1332	1339	1280	1072	959	902	1030	1083	1073	1074	1057	1068	1073	1069	1064	1072	1054	1061	1047	1020	922	830	702	647	669	739	754
1241	1247	1256	1325	1377	1183	992	905	1060	1064	1080	1075	1080	1053	1068	1051	1056	1068	1041	1032	986	895	780	728	681	665	723	754
1206	1260	1232	1208	1218	1388	1383	1058	912	1046	1063	1061	1074	1076	1069	1064	1060	1032	1016	1018	932	830	664	626	681	675	712	752
1175	1217	1225	1231	1220	1211	1409	1482	1065	927	1006	1041	1044	1046	1055	1040	1037	1018	1022	1000	895	723	555	549	643	690	691	738
1225	1165	1214	1201	1180	1257	1236	1400	1467	925	898	976	1022	1023	1014	1018	1011	992	977	944	835	647	532	551	591	664	677	769
1240	1164	1208	1205	1178	1219	1227	1243	1438	1129	879	958	995	991	972	1001	977	976	952	930	737	516	446	555	595	646	697	757
1223	1202	1194	1186	1161	1175	1200	1233	1309	1312	911	941	935	956	956	946	962	943	942	913	605	369	390	461	597	676	733	733
1172	1190	1192	1170	1194	1188	1171	1206	1269	1360	990	922	959	977	940	935	933	919	921	815	424	346	398	425	581	687	657	732
1262	1195	1201	1202	1166	1189	1165	1172	1233	1371	1043	948	988	1009	946	909	905	906	943	599	307	327	379	394	505	693	706	783
1242	1181	1214	1203	1169	1188	1169	1160	1245	1321	1110	955	991	1003	973	907	928	934	829	323	274	298	401	476	408	638	726	707
1209	1221	1215	1225	1195	1190	1191	1171	1202	1328	1162	1001	972	945	941	946	926	942	404	247	340	320	375	371	406	549	542	557
1228	1208	1211	1219	1214	1200	1187	1170	1199	1340	1211	1003	990	958	927	949	988	703	182	278	313	288	326	431	488	461	485	555
1204	1198	1207	1227	1227	1226	1202	1206	1216	1308	1232	982	993	945	931	946	985	576	201	262	286	292	336	437	365	414	461	514
1217	1213	1238	1214	1245	1215	1246	1256	1234	1320	1237	1031	1002	968	950	981	987	576	210	252	237	272	305	339	337	409	429	484
1307	1331	1290	1249	1273	1296	1275	1278	1271	1245	1242	1223	1211	1019	933	962	918	553	200	243	266	314	329	414	402	409	443	485
945	962	954	961	1021	1019	1039	1023	1068	1048	1040	1029	983	977	973	960	985	1023	1018	976	1001	986	1023	1050	1044	1061	1057	1084
994	939	933	976	999	1026	1047	1073	1059	1049	1070	1036	1028	992	962	965	995	1010	1045	1000	979	991	1015	1046	1070	1087	1096	1045
931	993	935	972	1009	1019	1050	1045	1057	1079	1065	1050	1053	1042	1007	939	969	999	1060	1009	969	965	1010	1054	1075	1078	1088	1049
883	983	963	996	1016	1034	1052	1057	1069	1073	1063	1081	1081	1073	1079	1031	968	985	1044	978	948	936	1011	1057	1066	1067	1080	1085
911	952	992	1010	1031	1064	1064	1073	1061	1075	1083	1080	1063	1076	1079	1063	1042	984	1039	966	956	922	964	1071	1076	1093	1061	1060
980	941	977	1028	1045	1051	1074	1084	1093	1066	1087	1069	1064	1062	1065	1065	1076	1029	1008	965	942	965	989	1034	1057	1070	1096	1071
986	967	977	1029	1056	1071	1087	1086	1064	1069	1071	1065	1069	1063	1073	1077	1027	1052	1035	975	913	950	1006	1046	1061	1063	1093	1051
991	950	996	1043	1068	1091	1078	1070	1085	1071	1066	1074	1081	1065	1088	1062	1045	1054	1062	1025	944	924	974	1019	1046	1070	1085	1089
1052	980	1001	1004	1093	1080	1077	1064	1076	1075	1075	1066	1066	1079	1068	1066	1057	1065	1047	1035	942	944	957	1012	1045	1073	1072	1073
1013	988	960	1001	1052	1072	1094	1084	1080	1066	1074	1068	1071	1076	1069	1060	1050	1044	1042	1029	967	933	934	1012	1086	1053	1092	1072
1066	982	986	988	1032	1072	1066	1080	1051	1075	1078	1068	1066	1063	1075	1062	1045	1050	1061	1049	971	923	937	994	1082	1097	1106	1101
1235	1186	1079	1058	1007	1060	1101	1070	1076	1083	1075	1080	1081	1077	1065	1044	1050	1035	1025	1026	956	916	944	1018	1045	1082	1105	1111
1296	1289	1223	1179	1132	1045	1079	1092	1057	1071	1091	1061	1062	1071	1047	1048	1044	1035	1005	1013	965	946	959	1028	1061	1067	1090	1079
1302	1270	1288	1287	1255	1194	1095	1088	1057	1049	1043	1072	1049	1046	1024	1018	997	1018	1020	988	949	904	947	1030	1071	1080	1109	1098
1212	1217	1202	1242	1286	1309	1189	1104	1093	1068	1031	1031	1034	1009	993	983	975	993	967	968	946	912	930	1037	1056	1091	1089	1105
1129	1210	1203	1180	1233	1292	1283	1196	1109	1083	1012	998	1008	990	973	927	950	972	974	964	915	921	900	1019	1096	1104	1123	1088
1150	1166	1211	1191	1185	1171	1260	1341	1219	1181	1081	1015	965	950	953	946	947	944	963	944	897	887	911	1004	1098	1109	1099	1087
1243	1160	1186	1182	1153	1191	1187	1246	1310	1235	1157	1046	968	957	903	917	922	941	944	924	869	911	915	956	1086	1080	1102	1097
1209	1161	1187	1201	1145	1196	1184	1190	1318	1292	1205	1102	982	953	917	922	920	948	943	893	811	871	910	925	1080	1079	1083	1075
1220	1195	1187	1178	1172	1141	1179	1165	1239	1305	1182	1123	964	936	919	916	919	946	953	872	817	885	908	899	1036	1098	1068	1101
1232	1220	1184	1159	1202	1161	1189	1184	1203	1305	1209	1128	980	917	900	910	889	915	977	793	797	900	916	902	971	1084	1105	1094
1263	1213	1202	1210	1181	1195	1188	1194	1181	1292	1217	1121	952	937	889	914	902	921	906	700	773	849	890	916	908	1038	1085	1091
1208	1229	1212	1205	1184	1184	1163	1161	1191	1239	1235	1141	925	919	916	908	887	934	761	640	775	848	890	911	912	949	1074	1067
1196	1213	1201	1217	1199	1187	1191	1170	1190	1250	1148	1185	910	921	911	925	903	913	583	622	716	767	850	900	904	925	1045	1088
1178	1203	1204	1244	1232	1212	1193	1200	1199	1277	1151	1179	1010	914	932	934	959	768	410	630	702	758	850	893	913	924	996	1076
1200	1176	1201	1225	1232	1241	1228	1232	1217	1250	1162	1115	1132	941	952	961	978	623	312	573	699	771	811	902	903	942	963	1061
1203	1171	1203	1204	1210	1224	1235	1231	1194	1235	1214	1110	1140	997	995	962	919	808	243	425	616	727	830	852	891	935	956	996
1121	1156	1164	1217	1223	1228	1207	1228	1236	1229	1234	1106	1057	1021	1001	927	935	935	287	392	582	718	767	799	871	897	936	968
946	984	1000	1031	1066	1038	1072	1075	1055	1058	1063	1090	1012	981	1019	1066	1070	1014	930	980	1030	1059	1073	1054	1027	1059	1055	1058
990	997	1024	1066	1065	1073	1063	1058	1064	1080	1067	1066	1092	1052	999	1050	1063	999	959	947	966	1015	1041	1044	1026	1050	1047	1058
956	1019	1071	1061	1072	1055	1094	1067	1075	1064	1080	1058	1048	1058	999	1040	1065	1025	962	939	927	977	1003	1016	1036	1045	1044	1060
969	1053	1071	1065	1082	1075	1068	1063	1071	1077	1065	1069	1090	1074	1042	1018	1062	1024	964	952	950	938	965	998	1015	1053	1055	1057
997	1044	1107	1079	1087	1060	1078	1084	1075	1065	1073	1064	1069	1073	1041	1015	1049	1025	979	948	913	943	950	1003	1016	1031	1051	1039
984	1071	1091	1101	1083	1071	1079	1085	1090	1087	1076	1073	1073	1061	1040	1044	1042	1031	982	950	915	932	943	980	1001	1031	1024	1033
979	1036	1069	1077	1068	1091	1067	1060	1079	1063	1073	1081	1084	1066	1064	1044	1044	1019	970	926	932	919	950	988	996	1023	1056	1012
967	1012	1111	1080	1084	1067	1072	1081	1082	1077	1062	1063	1079	1057	1030	1032	1032	1037	977	951	927	939	943	977	999	1042	1037	1021
1017	974	1119	1130	1082	1083	1080	1067	1068	1073	1082	1077	1047	1037	1037	1031	1031	1025	957	942	927	919	921	982	986	993	1037	1033
1010	990	1008	1090	1089	1080	1088	1085	1092	1063	1083	1054	1061	1003	1006	1020	1035	1001	968	956	940	942	938	940	983	954	987	1025
1217	1136	1070	1044	1042	1060	1058	1050	1056	1034	1054	1040	1033	1001	1001	1010	1019	987	944	938	911	939	915	949	956	985	1000	1028
1347	1322	1280	1282	1124	1052	1032	1039	1039	1045	1018	1011	1008	993	961	995	1034	998	954	931	935	931	935	931	937	972	966	1008
1225	1223	1251	1305	1333	1187	1056	1000	998	1007	995	988	965	979	945	1000	1023	1003	949	936	936	947	944	945	919	952	983	965
1240	1226	1238	1213	1255	1312	1360	1183	997	955	952	957	937	931	952	975	1004	977	955	932	939	933	932	941	960	943	973	975
1169	1208	1213	1228	1225	1213	1240	1398	1334	1130	979	934	943	934	945	980	1006	989	946	923	933	946	945	929	950	964	990	996
1174	1149	1200	1203	1204	1226	1210	1276	1482	1319	1070	905	933	920	947	985	998	980	963	942	927	947	917	930	969	985	1021	1018
1184	1159	1190	1190	1173	1220	1240	1262	1364	1358	1195	997	918	940	927	986	999	962	936	923	914	930	933	947	973	1001	1013	1046
1192	1178	1167	1174	1156	1168	1196	1223	1275	1421	1341	1178	909	914	926	970	1016	970	926	925	935	937	917	920	956	967	1043	1044
1186	1223	1161	1164	1158	1154	1198	1165	1263	1413	1425	1250	939	937	930	951	1029	977	937	928	923	917	931	919	948	995	1023	1036
1195	1196	1205	1177	1187	1159	1168	1196	1217	1312	1339	1189	989	935	922	948	1013	1002	955	926	945	933	930	923	945	965	992	1040
1223	1199	1209	1204	1196	1180	1184	1188	1214	1305	1243	1189	993	926	918	916	997	1019	973	948	947	940	929	939	920	944	982	1033
1207	1207	1204	1208	1202	1162	1183	1173	1187	1287	1278	1197	994	931	935	924	1010	1031	964	944	931	939	924	919	933	919	963	1016
1179	1197	1199	1193	1195	1179	1190	1191	1175	1246	1254	1254	1000	923	929	926	948	1015	976	950	939	937	934	930	932	913	956	979
1189	1192	1209	1218	1224	1219	1214	1190	1204	1235	1317	1219	977	941	948	903	923	1010	987	930	927	925	926	914	904	902	907	948
1181	1198	1221	1201	1210	1228	1215	1234	1273	1297	1323	1185	1068	1065	967	952	920	958	978	973	933	935	932	925	911	924	910	945
1270	1278	1240	1228	1222	1199	1262	1272	1305	1274	1299	1151	1229	1295	1056	893	912	894	923	979	933	924	921	929	924	923	908	931
1123	1127	1187	1253	1290	1316	1309	1302	1276	1239	1188	1221	1505	1286	1034	894	908	895	866	974	954	930	923	918	913	918	899	911
1058	1035	1036	1109	1207	1403	1341	1314	1287	1207	1137	1386	1290	1273	1149	904	931	956	810	958	971	947	934	930	932	918	901	902
1057	1055	1068	1086	1077	1061	1059	1071	1074	1093	1072	1070	1029	1040	1058	1027	945	961	918	940	938	955	955	968	939	969	995	993
1065	1082	1072	1081	1062	1081	1071	1055	1059	1060	1073	1062	1072	1048	1085	1008	951	933	930	914	929	926	918	929	953	942	968	982
1062	1088	1074	1061	1081	1066	1074	1069	1080	1061	1069	1073	1039	1004	1051	1039	961	914	945	930	932	932	934	907	922	947	946	987
1072	1067	1062	1065	1060	1070	1092	1068	1068	1070	1075	1057	1053	1011	1046	1026	968	909	912	946	922	927	932	929	933	917	954	957
1086	1051	1062	1073	1083	1074	1066	1070	1082	1081	1060	1090	1045	1017	1049	1007	961	932	921	924	924	919	932	937	945	928	924	961
1080	1081	1079	1061	1080	1067	1080	1085	1089	1065	1080	1074	1008	1006	1053	1015	934	918	911	920	903	944	922	914	930	919	941	950
1009	1110	1079	1088	1075	1069	1068	1059	1094	1077	1063	1041	993	991	1048	1004	962	911	918	928	926	936	926	924	914	925	937	957
1002	1069	1100	1054	1067	1086	1068	1081	1072	1076	1036	994	996	988	1052	1012	944	932	920	922	920	951	929	934	920	934	929	941
1062	1053	1058	1088	1068	1090	1069	1067	1073	1046	1004	979	941	983	1041	988	940	926	922	933	941	933	926	935	934	911	941	939
1209	1172	1138	1106	1088	1088	1077	1071	1053	979	979	968	970	960	1009	990	940	918	910	936	926	942	949	926	928	926	914	933
1271	1243	1270	1256	1168	1109	1042	1032	1035	968	932	949	932	982	1040	999	928	921	910	936	929	941	904	925	914	932	944	948
1252	1250	1253	1302	1275	1259	1176	1079	1020	1017	961	943	945	992	1032	1001	937	928	950	924	925	948	937	938	919	928	914	911
1205	1208	1218	1220	1276	1264	1265	1256	1111	1063	1016	935	933	973	1037	1006	944	937	924	935	920	939	932	919	921	919	923	924
1192	1193	1185	1201	1218	1245	1329	1312	1291	1215	1229	1014	910	956	1054	995	922	922	926	911	932	936	958	938	945	929	923	931
1167	1151	1187	1198	1189	1173	1216	1294	1337	1326	1297	1106	958	949	1029	1010	901	920	929	928	916	925	933	918	935	934	920	932
1158	1167	1199	1212	1170	1220	1193	1249	1379	1303	1274	1182	1020	951	1030	994	916	917	947	945	934	934	920	933	923	923	931	915
1222	1187	1196	1197	1171	1190	1210	1200	1324	1326	1270	1189	1094	953	1027	1042	924	927	927	935	930	951	937	930	931	915	929	947
1183	1176	1194	1200	1173	1187	1188	1203	1258	1351	1226	1192	1088	947	998	1052	950	927	933	924	934	924	927	927	909	943	942	932
1189	1219	1202	1197	1179	1186	1204	1189	1247	1337	1249	1221	1104	970	945	1056	975	899	920	920	919	918	926	921	922	922	947	921
1210	1223	1224	1192	1227	1192	1202	1210	1217	1288	1249	1230	1102	949	944	1054	1008	924	935	949	940	913	915	916	923	931	910	925
1226	1181	1204	1243	1206	1204	1209	1200	1224	1307	1257	1179	1083	921	901	1031	1032	924	918	928	933	933	927	915	918	913	909	931
1173	1194	1183	1228	1223	1236	1206	1221	1204	1280	1251	1186	1066	900	906	975	1079	926	909	923	920	913	919	924	928	924	917	918
1161	1186	1202	1213	1244	1218	1226	1212	1208	1254	1267	1155	1034	942	923	919	1081	978	916	913	923	933	917	919	900	925	923	914
1172	1174	1201	1191	1253	1244	1217	1215	1222	1247	1319	1127	1037	982	973	882	1015	1038	907	915	912	926	915	914	921	923	917	921
1109	1129	1228	1224	1276	1264	1226	1232	1235	1257	1370	1147	1046	952	924	905	946	1082	921	912	912	917	934	936	905	939	902	935
1103	1056	1086	1142	1283	1311	1276	1244	1225	1210	1430	1127	1010	982	934	937	891	1034	1020	909	921	923	919	928	923	930	936	922
1052	1048	1049	1044	1154	1338	1316	1274	1253	1314	1326	1024	1072	1032	945	932	913	969	1090	945	909	902	905	923	925	938	906	920
1040	1038	1045	1021	1049	1266	1326	1270	1275	1306	1156	1112	1105	1046	927	914	926	936	1022	1063	912	939	943	925	910	931	946	930
1089	1060	1052	1091	1059	1053	1071	1067	1088	1097	1088	1064	1016	1094	954	949	923	973	927	911	919	959	953	950	983	1009	994	989
1078	1056	1085	1077	1066	1057	1085	1041	1077	1052	1068	1093	1052	1074	1010	927	928	920	926	926	950	955	959	933	958	959	950	970
1062	1087	1050	1067	1083	1087	1074	1083	1086	1074	1067	1069	1019	1056	980	910	930	930	929	933	934	955	963	967	944	930	928	944
1070	1072	1071	1072	1074	1074	1084	1080	1065	1075	1077	1052	1012	1066	995	916	916	927	920	929	940	930	945	956	953	951	941	929
1090	1052	1079	1074	1078	1077	1071	1068	1068	1073	1078	1039	997	1081	977	936	912	930	912	933	928	951	918	935	944	921	953	927
1074	1100	1073	1071	1094	1084	1068	1084	1077	1076	1061	974	953	1069	985	929	914	920	928	923	958	970	938	921	929	934	935	918
1043	1064	1071	1078	1076	1065	1077	1072	1092	1070	987	944	983	1044	976	925	924	930	921	939	954	962	929	960	914	924	926	944
1043	1061	1050	1049	1049	1063	1058	1056	1039	990	952	927	967	1071	978	917	920	929	933	929	943	926	943	921	930	931	940	920
1274	1231	1203	1135	1059	1025	977	970	981	955	944	956	974	1067	963	902	917	929	928	936	936	936	931	939	934	931	920	922
1234	1225	1241	1305	1276	1130	1025	952	962	931	937	975	983	1053	979	918	934	933	942	940	915	932	927	921	926	930	938	927
1219	1229	1261	1237	1236	1283	1285	1149	1031	956	933	928	983	1071	993	916	922	949	916	931	941	935	948	936	945	951	939	950
1192	1213	1196	1215	1220	1234	1245	1338	1311	993	911	919	952	1078	1039	903	924	926	934	914	934	940	968	951	940	917	927	933
1214	1210	1189	1204	1195	1213	1211	1239	1328	1303	985	903	927	1054	1048	932	929	941	935	933	924	927	967	927	919	935	917	934
1162	1175	1194	1176	1190	1192	1184	1201	1259	1410	1258	1016	925	1052	1029	902	920	931	935	926	941	938	950	932	935	934	951	929
1182	1199	1185	1172	1188	1186	1204	1185	1249	1277	1360	1174	995	1030	1061	907	925	928	944	930	918	918	942	925	927	956	946	936
1204	1210	1181	1165	1202	1187	1167	1187	1216	1260	1361	1280	1214	1001	1089	931	937	935	947	933	925	933	937	948	940	926	920	942
1203	1196	1203	1180	1199	1187	1157	1195	1165	1244	1329	1332	1276	1011	1071	987	917	922	936	925	928	916	912	926	915	921	924	943
1214	1197	1224	1200	1172	1170	1193	1192	1184	1194	1278	1305	1282	1018	1021	1058	913	945	926	934	932	932	927	939	925	919	922	914
1214	1197	1234	1212	1216	1204	1199	1174	1181	1185	1278	1300	1285	1039	990	1102	944	913	928	907	926	940	921	901	935	928	936	905
1213	1231	1217	1192	1198	1193	1192	1177	1159	1206	1251	1292	1286	1117	959	1077	996	913	936	936	906	932	931	912	922	918	932	940
1180	1198	1205	1223	1209	1205	1199	1199	1173	1205	1221	1255	1266	1212	924	1059	1040	917	931	938	922	927	934	941	918	933	922	920
1213	1225	1217	1227	1214	1203	1205	1214	1203	1214	1213	1243	1267	1116	961	1016	1077	937	912	913	925	917	922	936	928	936	919	935
1265	1305	1274	1243	1244	1213	1215	1220	1215	1230	1232	1259	1297	1026	1023	1053	1090	988	921	940	929	920	911	920	920	924	922	944
1132	1132	1190	1287	1321	1321	1245	1238	1274	1279	1284	1269	1074	1080	1193	1120	1070	1043	925	919	912	929	913	909	930	917	930	919
1047	1061	1084	1148	1207	1286	1399	1322	1314	1276	1250	1104	1048	1130	1066	1061	1038	1061	966	907	922	922	923	917	922	915	934	932
1050	1052	1041	1047	1129	1210	1405	1487	1303	1223	1161	1009	1080	1095	1050	1070	1052	1033	1062	920	931	921	911	937	942	921	925	923
1062	1067	1048	1044	1027	1100	1225	1391	1273	1252	1038	1002	1036	1091	1053	1084	1031	975	1079	1019	920	935	931	942	936	938	926	921
1042	1060	1038	1044	1059	1006	1196	1407	1273	1200	985	966	977	1034	1072	1051	1051	926	1016	1057	930	905	927	905	898	944	944	930
1062	1073	1066	1081	1069	1057	1065	1074	1080	1046	1068	1090	1056	1017	902	944	920	948	940	950	944	1025	1020	1013	946	973	980	958
1075	1068	1062	1078	1069	1067	1066	1061	1075	1082	1079	1070	1058	1061	896	918	936	947	935	951	949	975	1016	1002	964	941	930	936
1073	1083	1063	1069	1072	1065	1064	1073	1082	1069	1068	1052	1035	1009	907	922	931	937	945	931	930	964	980	989	983	938	909	935
1079	1076	1090	1064	1091	1080	1073	1074	1086	1069	1077	1058	1012	1026	922	933	920	941	922	955	928	942	963	947	933	941	924	920
1075	1066	1070	1081	1071	1077	1071	1078	1052	1080	1089	970	999	1049	900	937	945	951	941	946	982	974	924	935	930	933	928	947
1004	1058	1074	1088	1074	1087	1060	1061	1076	1059	1021	899	1033	1066	913	921	930	925	937	925	969	983	919	914	922	914	944	916
1092	1086	1100	1119	1074	1073	1079	1055	1053	1002	936	957	1006	1062	907	909	945	956	948	940	929	943	943	939	914	937	931	945
1210	1177	1188	1152	1146	1063	1036	975	1003	974	961	975	1041	1083	911	913	932	950	923	928	926	926	922	943	922	926	952	952
1263	1267	1290	1246	1182	1146	1088	1041	976	988	996	999	1006	1048	898	931	949	944	922	940	926	933	928	918	931	925	961	964
1196	1206	1210	1242	1262	1209	1213	1140	1073	1032	979	959	994	1081	947	928	929	942	930	932	931	925	924	932	926	926	950	955
1183	1198	1187	1203	1220	1242	1227	1250	1170	1132	1027	942	1002	1080	989	921	935	944	931	927	942	936	923	951	933	951	972	939
1186	1199	1178	1190	1193	1158	1205	1246	1297	1213	1099	1030	997	1092	1026	913	940	923	940	935	922	938	943	923	932	943	937	937
1192	1174	1165	1203	1180	1185	1160	1208	1266	1322	1190	1070	1019	1083	1032	912	923	937	920	928	950	930	953	939	929	926	931	944
1196	1191	1192	1182	1170	1186	1185	1174	1184	1338	1273	1117	1039	1066	1030	915	949	920	937	938	925	924	918	927	926	929	955	937
1203	1199	1203	1191	1189	1181	1200	1203	1187	1266	1318	1159	1035	1054	1058	974	928	917	927	942	913	934	932	930	925	930	936	954
1192	1196	1175	1189	1171	1179	1157	1179	1194	1223	1328	1246	1045	1032	1093	1050	940	947	911	916	940	923	925	925	933	938	908	944
1225	1217	1212	1199	1168	1192	1177	1146	1140	1189	1304	1261	1106	1025	1084	1077	955	942	944	933	943	921	921	936	917	934	914	947
1232	1200	1223	1193	1181	1199	1214	1173	1204	1149	1232	1295	1155	1017	1075	1094	991	920	936	930	928	938	935	926	934	912	914	921
1173	1153	1186	1193	1227	1209	1209	1187	1181	1157	1226	1326	1183	1052	1066	1098	1022	923	926	938	945	935	922	939	940	926	946	926
1172	1196	1173	1160	1220	1192	1200	1188	1170	1199	1187	1340	1221	1029	1048	1079	1070	946	941	930	930	936	932	916	933	933	936	982
1159	1203	1192	1203	1191	1182	1181	1214	1174	1184	1171	1375	1282	1102	1027	1021	1098	974	942	931	938	936	933	925	919	932	931	912
1139	1179	1112	1237	1242	1192	1220	1194	1210	1164	1197	1399	1296	1193	1019	989	1112	1040	920	948	936	917	934	931	932	919	923	945
1065	1102	1066	1095	1170	1318	1274	1229	1218	1193	1274	1438	1424	1160	1125	1272	1094	1089	934	925	932	917	897	912	941	935	928	941
1049	1036	1041	1062	1063	1226	1430	1345	1269	1249	1333	1412	1501	1169	1391	1289	1120	1066	983	901	918	945	917	931	931	944	935	916
1022	1039	1028	1038	1046	1048	1382	1361	1267	1275	1306	1478	1378	1343	1244	1228	1160	1064	1053	925	922	940	912	935	935	922	929	928
1052	1047	1062	1052	1047	1017	1171	1475	1233	1228	1341	1436	1412	1256	1189	1244	1214	1015	1104	972	914	926	926	943	915	935	920	936
1054	1067	1070	1049	1037	1022	1095	1427	1317	1285	1307	1337	1359	1208	1145	1209	1301	969	1100	1056	932	927	928	932	934	931	917	923
1049	1098	1062	1068	1048	1024	1168	1553	1281	1287	1176	1184	1197	1254	1164	1131	1342	987	1014	1110	971	916	923	932	940	939	931	928
1041	1088	1084	1081	1048	1043	1069	1085	1081	1045	1058	1073	1071	1067	957	932	910	912	949	938	948	955	939	943	911	946	922	931
1052	1070	1069	1075	1085	1077	1059	1093	1057	1076	1086	1066	1065	1011	946	921	927	932	909	938	937	953	932	931	916	923	930	918
1043	1093	1073	1072	1087	1066	1090	1072	1068	1054	1043	1083	1047	974	956	916	916	941	942	927	935	923	933	927	939	915	918	972
1036	1073	1099	1062	1056	1073	1060	1056	1086	1080	1077	1072	988	1016	970	918	931	945	930	941	934	927	937	931	926	932	983	964
1000	1035	1062	1078	1080	1077	1067	1072	1067	1083	1079	1004	952	1055	992	931	988	965	940	936	935	953	932	933	946	977	997	1027
1156	1163	1149	1132	1099	1081	1077	1083	1059	1034	1005	943	964	1085	991	925	954	948	932	931	936	932	927	926	942	964	1008	1033
1257	1241	1234	1244	1203	1182	1135	1038	1001	954	961	939	984	1087	978	910	939	942	936	912	912	924	906	920	954	1001	1032	1043
1243	1255	1273	1263	1276	1241	1194	1173	1095	987	950	949	980	1078	970	932	922	924	927	927	929	918	936	938	945	996	1049	1066
1213	1204	1205	1250	1224	1255	1268	1236	1180	1200	1083	939	976	1069	991	930	931	940	930	949	931	938	931	921	933	989	1027	1034
1183	1197	1183	1217	1237	1221	1235	1265	1252	1193	1200	1023	965	1092	1029	927	921	932	925	923	936	926	930	965	929	988	1009	1038
1171	1178	1190	1178	1208	1207	1200	1221	1253	1261	1228	1205	992	1079	1048	934	930	923	918	924	931	928	943	953	938	974	1026	1056
1177	1182	1201	1181	1184	1188	1187	1168	1209	1253	1266	1228	1106	1075	1081	949	913	922	947	927	916	941	938	919	946	949	990	1013
1172	1178	1166	1191	1193	1190	1171	1201	1200	1209	1277	1265	1208	1043	1073	956	912	926	916	930	927	931	931	935	933	925	977	1000
1182	1200	1169	1182	1173	1172	1198	1182	1183	1188	1235	1273	1259	1099	1080	1003	929	929	928	937	914	923	912	936	936	922	948	960
1202	1175	1199	1194	1197	1189	1177	1177	1178	1195	1181	1262	1272	1165	1053	1051	923	921	900	925	930	939	948	916	917	920	932	955
1191	1196	1216	1223	1195	1170	1175	1193	1172	1156	1208	1279	1267	1225	1048	1064	922	923	930	923	941	923	941	934	933	954	915	930
1207	1210	1194	1216	1223	1200	1186	1168	1192	1191	1202	1225	1295	1239	1082	1037	961	914	920	925	925	929	930	946	917	926	936	926
1211	1219	1194	1218	1217	1212	1200	1197	1191	1177	1188	1242	1324	1280	1125	1035	978	917	926	933	927	908	925	940	936	929	928	951
1238	1238	1248	1218	1202	1210	1226	1194	1191	1207	1205	1231	1326	1306	1216	1023	967	901	920	930	921	925	928	925	939	940	932	957
1300	1323	1289	1271	1260	1248	1208	1210	1203	1183	1235	1265	1355	1269	1249	1031	992	934	908	908	942	935	942	919	933	928	933	938
1237	1207	1228	1259	1302	1288	1254	1240	1218	1262	1275	1317	1364	1250	1236	1009	1009	929	936	942	941	929	931	913	908	937	922	926
1060	1088	1076	1194	1282	1292	1346	1293	1291	1308	1312	1362	1357	1336	1162	992	995	943	927	947	920	937	944	957	939	937	926	943
1028	1045	1039	1033	1121	1257	1289	1367	1340	1331	1357	1371	1240	1155	954	986	1049	979	932	919	937	927	920	923	930	934	921	934
1056	1048	1051	1058	1029	1062	1204	1283	1248	1264	1243	1238	1212	966	987	980	1021	984	922	935	923	971	928	943	930	923	925	928
1069	1075	1065	1042	1050	1048	1051	1117	1137	1162	1213	1167	1211	1037	1014	987	987	1018	941	913	922	932	934	936	934	941	934	954
1067	1075	1069	1058	1059	1053	1038	1000	1128	1175	1149	1165	1188	1079	1056	1009	956	998	967	942	927	927	951	961	931	926	929	951
1055	1053	1082	1056	1060	1037	1023	1029	1189	1232	1120	1134	1154	1059	1035	1016	941	974	983	948	935	925	929	926	935	927	932	951
1071	1088	1060	1055	1045	1065	1105	1147	1314	1283	1066	1066	1069	1055	1027	1004	965	945	942	969	918	937	931	937	947	941	923	936
976	1026	1048	1076	1071	1063	1085	1080	1081	1062	1065	1058	1060	1087	1027	945	962	975	973	973	938	937	935	928	930	957	909	926
950	993	1033	1059	1084	1071	1065	1068	1071	1077	1084	1059	1067	1069	1016	949	952	956	960	960	931	931	926	922	954	947	927	970
941	973	1021	1076	1081	1078	1069	1070	1058	1071	1047	1067	1081	1034	968	978	934	988	980	957	930	928	925	941	953	953	1000	1030
1009	1006	1039	1069	1054	1052	1064	1064	1072	1071	1067	1075	1039	976	1021	1015	911	977	988	946	921	936	934	931	926	985	1040	1037
1099	1086	1107	1107	1084	1085	1071	1062	1059	1059	1057	1024	943	956	1080	998	961	1002	957	921	915	930	934	934	932	1031	1060	1052
1274	1265	1255	1271	1205	1148	1095	1062	1006	980	981	932	915	967	1066	991	913	964	931	921	936	922	921	923	987	1039	1054	1047
1223	1198	1203	1226	1242	1267	1205	1122	1018	975	969	935	924	976	1028	961	918	942	930	911	920	911	918	913	1041	1068	1063	1055
1162	1163	1191	1216	1195	1218	1262	1299	1197	1055	980	1013	974	966	1039	972	927	919	927	919	927	928	923	920	1028	1056	1057	1074
1132	1195	1153	1189	1193	1189	1171	1186	1258	1274	1187	1010	978	1009	1093	980	940	935	918	919	937	925	936	929	1013	1054	1040	1060
1100	1211	1147	1180	1196	1190	1165	1153	1222	1218	1455	1131	950	1027	1080	1023	913	931	931	924	943	942	938	945	984	1051	1056	1048
1100	1174	1155	1174	1176	1195	1146	1173	1180	1204	1322	1323	968	1008	1060	1014	909	926	928	926	917	907	932	941	970	1034	1064	1054
1177	1175	1191	1184	1200	1133	1134	1175	1163	1184	1213	1364	1031	1039	1095	958	881	912	930	925	936	933	928	937	959	968	1082	1054
1176	1145	1184	1155	1213	1176	1165	1175	1183	1173	1222	1334	1112	1020	1070	957	911	914	930	918	918	928	916	927	955	956	1044	1067
1158	1163	1190	1146	1199	1186	1180	1175	1151	1158	1211	1273	1153	1023	1004	933	926	947	922	931	917	913	923	917	974	926	1021	1053
1199	1216	1184	1178	1175	1176	1170	1164	1153	1187	1185	1314	1175	1035	959	927	918	917	904	909	931	915	935	929	955	956	1033	1042
1182	1196	1158	1189	1210	1166	1195	1158	1163	1134	1156	1288	1203	1043	924	916	919	929	920	924	928	926	940	923	939	998	962	1044
1134	1148	1137	1154	1189	1191	1181	1168	1148	1128	1155	1271	1209	1014	921	910	912	911	930	909	909	934	916	938	942	972	973	1029
1129	1134	1131	1253	1173	1178	1191	1172	1128	1116	1178	1269	1233	1045	919	924	906	913	928	936	932	934	914	934	952	996	1008	1002
1153	1148	1192	1230	1197	1186	1212	1164	1132	1159	1152	1278	1238	1063	919	905	913	921	921	931	934	932	957	948	961	999	996	1004
1141	1159	1149	1165	1163	1241	1200	1212	1136	1125	1160	1315	1193	1054	913	921	911	916	932	914	931	927	948	951	935	952	963	949
1044	1040	1058	1097	1159	1200	1253	1276	1188	1144	1155	1301	1169	1043	939	925	911	939	921	929	937	916	926	936	927	932	936	925
1040	1040	1027	1033	1038	1107	1251	1438	1257	1192	1265	1301	1158	1017	943	921	905	934	924	926	907	921	917	947	936	933	933	953
1027	1036	1034	1041	1035	1014	1059	1380	1422	1261	1373	1366	1204	1013	940	922	911	913	924	923	934	927	935	928	939	927	941	925
1054	1037	1049	1033	1047	1049	1022	1121	1518	1273	1290	1411	1144	967	927	929	905	913	924	919	947	960	935	924	934	934	928	929
1073	1066	1061	1050	1067	1064	1012	1217	1498	1318	1372	1389	1021	956	945	928	917	911	920	931	924	938	943	925	926	926	931	942
1068	1071	1061	1053	1051	1008	1144	1510	1373	1337	1386	1232	1035	947	947	968	940	917	912	924	929	923	931	943	942	921	918	933
1059	1059	1040	1022	1033	1277	1521	1385	1298	1378	1251	1204	995	972	1007	1021	967	954	921	912	917	922	911	928	941	935	917	944
1030	1028	1042	1216	1496	1721	1481	1289	1282	1324	1146	1090	1014	989	1081	1059	1045	993	966	936	904	929	906	930	962	930	891	899
990	999	1004	1027	1034	1108	1116	1074	1065	1073	1070	1077	1057	1046	1067	986	962	960	977	968	994	994	1008	983	993	970	956	990
1052	1056	1019	1025	1045	1047	1097	1119	1087	1074	1075	1075	1068	1076	1022	927	951	945	962	984	952	940	967	971	1000	986	983	985
1147	1135	1113	1092	1108	1085	1067	1157	1109	1066	1074	1065	1070	1027	942	977	970	969	960	949	928	920	939	954	979	976	997	1001
1244	1235	1226	1232	1179	1157	1122	1099	1070	1071	1077	1032	1008	948	981	1030	1021	965	975	961	948	945	939	924	938	974	979	989
1275	1244	1243	1246	1243	1231	1216	1150	1091	1052	1061	996	930	938	998	1005	1030	964	945	931	929	949	928	932	930	952	999	1012
1191	1207	1200	1246	1231	1238	1243	1229	1166	1076	1072	1056	994	950	982	1016	1002	954	941	940	957	918	935	920	927	957	1001	1014
1194	1184	1199	1195	1184	1207	1221	1238	1272	1207	1151	1085	1039	990	961	1007	978	935	936	939	934	923	934	939	958	1001	995	1009
1183	1165	1159	1166	1177	1176	1194	1218	1234	1301	1240	1217	1111	1017	1030	991	942	934	942	927	941	923	938	934	940	980	1003	1016
1145	1160	1155	1160	1177	1173	1142	1190	1196	1232	1293	1314	1217	1018	1079	1026	922	916	931	939	934	920	927	951	953	983	1004	1000
1165	1163	1159	1170	1173	1171	1169	1153	1174	1183	1266	1328	1217	1102	1087	1037	939	922	919	923	939	943	922	906	940	976	1025	1050
1168	1182	1162	1175	1147	1165	1143	1187	1155	1180	1200	1293	1243	1174	1058	1017	930	928	930	922	930	913	921	909	928	984	1048	1042
1189	1164	1171	1171	1179	1164	1157	1173	1148	1165	1214	1259	1252	1207	1111	969	911	923	922	919	942	933	940	931	931	999	1045	1036
1183	1178	1176	1158	1191	1196	1173	1164	1163	1184	1164	1222	1256	1234	1098	982	950	938	930	926	926	926	923	918	926	1005	1061	1047
1210	1174	1179	1185	1210	1196	1178	1172	1156	1173	1184	1213	1271	1225	1113	965	957	940	931	930	927	934	923	926	928	968	1048	1055
1201	1224	1181	1210	1210	1201	1170	1180	1191	1197	1190	1238	1268	1240	1128	990	956	917	919	928	935	902	938	923	921	995	1059	1050
1187	1209	1175	1203	1200	1197	1183	1202	1157	1179	1189	1219	1282	1251	1153	981	955	945	920	925	930	937	925	936	931	988	1029	1067
1245	1217	1208	1215	1201	1214	1204	1203	1181	1192	1217	1241	1270	1233	1121	981	947	925	925	944	939	943	921	935	943	963	1035	1062
1275	1259	1260	1280	1215	1244	1249	1216	1211	1207	1242	1274	1302	1245	1095	990	954	910	915	921	928	931	921	919	937	967	1002	1039
1152	1137	1180	1272	1333	1290	1280	1242	1249	1269	1258	1333	1322	1218	1048	986	969	950	928	924	924	931	930	933	946	933	976	1034
1037	1046	1035	1041	1145	1310	1393	1315	1297	1295	1287	1367	1291	1084	1016	989	927	915	935	917	933	938	940	926	930	928	946	1015
1049	1018	1056	1033	1034	1055	1253	1453	1352	1296	1298	1394	1079	968	1033	999	921	936	924	930	921	926	910	936	925	939	943	956
1043	1038	1041	1029	1038	1033	1027	1239	1353	1306	1361	1264	989	991	978	995	979	924	907	906	921	901	925	945	925	923	926	954
1051	1058	1051	1045	1048	1064	1052	1049	1195	1198	1332	1133	992	1006	997	994	960	934	917	940	933	942	931	931	922	924	940	925
1064	1074	1055	1052	1057	1056	1043	1000	1243	1205	1261	1133	1006	1000	1017	1024	978	947	940	922	930	932	952	935	923	932	930	932
1061	1066	1093	1079	1081	1076	1056	1204	1325	1166	1219	1197	1029	1013	990	1004	985	967	941	922	903	936	933	969	938	915	930	938
1073	1070	1075	1053	1054	1219	1445	1541	1312	1203	1134	1179	1037	1008	972	1030	1068	1027	997	963	937	926	927	994	982	918	917	939
1017	1023	1049	1326	1658	1732	1539	1286	1207	1099	1134	1165	1037	1013	1001	1018	1080	1068	1042	1011	991	951	936	935	951	930	929	938
1190	1281	1630	1672	1625	1765	1634	1181	1073	1075	1084	1130	1049	1009	1087	1085	1055	1084	1058	1063	1021	1004	959	928	922	913	925	906
