1461	1373	1305	1305	1423	1191	1082	1028	1021	1007	956	914	900	878	897	918	951	893	923	950	1020	1056	1057	1060	1057	1048	1065	1398
1449	1299	1227	1242	1335	1339	1174	1061	1021	1037	988	909	896	892	898	900	959	931	928	996	1031	1041	1053	1057	1049	1072	1206	1256
1384	1098	1084	1081	1180	1445	1359	1109	1011	1027	1023	927	892	907	896	920	955	967	972	1026	1033	1038	1055	1060	1072	1124	1171	1151
1348	1149	1028	1073	1194	1339	1319	1103	1015	1031	1033	957	904	916	898	928	969	987	998	1036	1049	1056	1050	1082	1092	1116	1134	1170
1153	1217	1166	1176	1179	1157	1137	1051	1028	1043	1046	998	910	920	923	986	992	1006	995	1035	1055	1048	1055	1099	1091	1097	1118	1158
1059	1126	1255	1217	1080	1062	1065	1048	1047	1052	1047	1028	935	942	962	1024	1071	1046	1027	1003	1027	1033	1043	1081	1109	1107	1100	1110
1024	1062	1236	1179	1040	1028	1043	1052	1053	1045	1049	1050	975	963	989	1015	1117	1124	1127	1054	995	993	997	1076	1131	1130	1139	1095
1016	1026	1164	1125	1015	1020	1045	1050	1039	1038	1050	1050	1012	989	1006	1015	1070	1149	1180	1203	1166	1064	1044	1102	1103	1107	1143	1147
1025	1006	1123	1094	1019	1031	1039	1031	1019	1037	1045	1042	1030	1018	1033	1037	1042	1104	1194	1206	1180	1094	1047	1083	1093	1100	1108	1142
1033	999	1112	1085	1018	1033	1021	989	964	996	1015	1024	1019	1022	1035	1047	1055	1055	1106	1162	1140	1080	1048	1035	988	1092	1070	1097
1014	992	1080	1066	987	997	998	965	932	949	967	987	990	1005	1017	1027	1036	1044	1042	1064	1087	1076	1045	1002	957	1021	1083	1095
984	971	1056	1038	965	970	970	955	938	947	952	952	977	994	1004	1011	1017	1023	1029	1032	1033	1031	1021	1014	988	997	1049	995
958	964	1001	974	948	951	954	955	935	902	879	880	887	905	907	916	925	931	937	940	941	935	928	918	896	867	886	815
939	958	974	969	957	951	924	876	840	814	788	761	733	738	742	741	742	744	747	750	747	743	738	732	719	688	700	683
955	950	925	915	892	850	814	779	746	684	612	572	559	560	561	563	562	563	566	565	563	559	552	547	530	502	506	499
879	850	819	801	779	749	703	622	524	450	412	401	398	398	398	395	393	394	392	392	389	384	378	373	358	348	338	309
750	730	702	674	626	548	448	360	304	283	277	273	269	269	268	264	263	262	259	255	253	250	244	236	230	225	197	146
540	511	464	412	340	274	225	200	188	182	180	177	174	175	172	170	169	165	166	162	158	158	151	143	131	113	89	65
270	246	214	184	155	136	126	122	120	116	114	113	112	112	110	107	104	104	103	102	99	96	89	77	68	63	64	77
121	111	101	93	88	85	83	80	77	76	74	74	74	73	71	70	69	68	67	63	62	59	57	59	64	76	87	90
66	63	61	59	58	56	58	57	55	56	55	54	53	52	52	50	49	50	50	51	53	59	65	74	84	87	86	88
57	58	56	54	52	52	50	49	50	51	50	49	49	48	49	50	53	57	60	66	69	76	81	83	83	86	94	108
77	77	76	74	71	68	63	60	57	55	55	57	57	59	63	68	72	74	78	81	81	79	81	86	97	107	120	125
87	85	84	83	82	82	79	76	72	69	69	71	72	74	80	80	81	81	81	79	81	87	100	113	126	130	109	81
86	84	83	82	82	83	81	81	82	81	80	80	81	82	81	80	80	80	86	95	106	122	135	126	106	72	101	239
85	84	83	83	83	82	81	82	82	82	81	80	78	80	83	88	95	105	119	134	145	137	99	54	82	337	582	637
84	84	84	82	82	81	81	81	83	86	89	90	94	104	115	128	141	147	139	114	66	49	129	322	520	558	337	154
97	97	97	98	101	106	110	112	108	106	109	135	156	152	144	127	105	85	76	87	272	501	543	418	222	116	116	133
1148	1227	1240	1246	1193	1095	999	989	1039	1049	1035	1021	984	1175	1282	1183	955	975	992	988	976	1013	1030	1047	1113	1154	1199	1327
1255	1301	1260	1267	1297	1212	1010	1001	1005	1035	1059	1059	1025	1057	1291	1280	1041	915	955	967	957	1005	1031	1077	1135	1167	1228	1161
1386	1299	1240	1250	1306	1315	1066	1047	1030	1035	1058	1056	1001	976	1183	1309	1193	924	948	949	1009	1017	1020	1110	1153	1166	1134	1090
1406	1194	1178	1156	1201	1375	1180	1112	1067	1072	1095	1098	1015	941	1029	1277	1280	1009	942	984	1100	1094	1029	1205	1132	1102	1093	1062
1419	1156	1080	1079	1194	1426	1258	1110	1101	1098	1121	1099	1053	954	940	1197	1292	1159	945	1089	1136	1054	1046	1261	1120	1065	1084	1069
1459	1175	1047	1051	1241	1424	1243	1111	1112	1130	1117	1045	1000	947	910	1084	1278	1270	1028	1136	1186	1018	1018	1235	1219	1085	1073	1056
1298	1212	1104	1117	1212	1260	1204	1106	1063	1072	1046	1005	988	949	914	952	1215	1273	1197	1201	1174	1116	1048	1157	1268	1184	1074	1050
1261	1182	1206	1201	1211	1245	1145	1081	1078	1059	1061	1062	1009	960	928	917	1028	1266	1276	1312	1196	1160	1143	1131	1180	1260	1176	1114
1165	1199	1207	1195	1222	1125	1083	1093	1147	1105	1108	1118	1060	981	955	948	924	1094	1300	1312	1197	1093	1081	1110	1155	1181	1207	1200
1074	1157	1253	1245	1112	1066	1088	1101	1137	1102	1103	1107	1066	981	981	979	974	947	1080	1234	1095	1021	1023	1060	1056	1066	1081	1109
1056	1095	1299	1197	1052	1059	1047	1052	1062	1067	1078	1087	1063	992	998	996	991	984	991	1036	1031	1005	983	1001	1026	1073	1133	1188
1043	1062	1300	1141	1029	1053	1055	1031	995	1042	1066	1071	1046	984	991	997	997	1000	1005	1004	1019	1015	1011	1011	1046	1335	1477	1275
1026	1068	1308	1083	1002	1037	1043	1032	968	1006	1050	1059	1042	988	1002	1016	1025	1023	1029	1034	1042	1046	1041	1027	1100	1503	1516	1303
996	1071	1221	1024	984	1019	1031	1033	984	993	1044	1059	1053	1017	1030	1038	1045	1055	1061	1058	1060	1060	1054	1046	1132	1436	1367	1141
976	1014	1066	970	998	1019	1018	1024	1003	1004	1053	1056	1055	1037	1039	1042	1051	1065	1065	1060	1055	1051	1049	1044	1126	1249	1121	1001
963	1028	1016	968	1000	1015	1008	1009	1005	1005	1032	1043	1046	1034	1022	1029	1042	1047	1044	1038	1029	1022	1016	1013	1076	1067	971	962
976	1010	990	983	993	1007	1000	978	970	977	985	1005	1007	997	990	1000	1001	999	992	981	974	967	956	950	959	928	911	863
984	984	979	983	973	959	941	920	916	925	935	943	946	934	932	937	936	929	921	907	894	884	861	849	838	815	759	609
942	929	905	893	874	859	853	854	853	857	863	866	868	864	859	854	849	841	829	812	791	772	750	717	659	559	390	181
826	813	793	777	765	766	769	773	778	777	777	776	771	767	760	749	738	726	705	673	641	615	566	468	342	185	67	48
673	659	644	637	636	641	652	659	666	670	670	660	650	638	623	600	575	547	512	472	421	358	280	175	74	36	55	69
432	414	410	419	437	457	473	492	510	519	518	510	493	467	438	401	362	321	276	231	178	121	72	42	45	66	74	73
164	153	154	165	189	218	254	293	324	342	345	333	313	282	241	199	158	120	87	68	53	47	54	69	78	82	87	94
60	59	57	58	62	72	94	126	156	173	174	164	149	125	97	70	52	48	52	59	69	80	86	87	95	103	95	82
76	76	73	67	60	53	49	51	58	64	66	63	59	51	48	52	61	73	83	88	92	99	115	107	96	74	100	224
76	76	74	71	66	61	57	53	50	49	49	50	53	60	72	86	94	95	98	111	124	122	97	61	80	317	564	639
80	80	79	78	76	74	70	69	71	72	76	80	87	96	101	107	120	127	124	111	71	52	121	304	511	573	360	165
89	89	90	91	95	99	102	101	97	94	97	114	132	131	129	121	104	89	83	86	249	487	546	434	241	123	117	134
962	815	594	683	955	943	1009	1020	888	810	773	808	1017	1127	1143	1102	1051	1019	1036	1008	960	964	952	962	1039	1090	1088	1110
908	984	979	1014	984	959	1034	901	667	615	648	694	969	1044	1080	1057	1068	1025	1004	961	943	943	949	1026	1110	1149	1131	1148
694	904	1125	1135	1051	974	855	590	483	474	535	722	912	921	914	957	1035	1050	981	925	934	928	1009	1100	1157	1178	1182	1184
744	848	1037	1166	1097	894	696	554	468	460	535	680	758	801	761	880	1044	1085	1004	933	932	985	1070	1108	1151	1168	1191	1195
935	1031	1089	1184	1137	936	678	559	452	399	456	552	648	657	712	877	1068	1090	1030	953	948	1046	1081	1112	1188	1197	1194	1185
1080	1168	1191	1201	1183	1035	768	534	419	357	378	456	492	574	719	955	1076	1069	1034	979	997	1065	1076	1159	1259	1245	1242	1196
1232	1232	1223	1221	1226	1151	944	576	393	330	331	373	447	570	799	1037	1071	1038	1019	1010	1073	1091	1085	1269	1332	1286	1269	1238
1429	1279	1158	1180	1341	1271	1021	730	461	373	379	410	514	683	880	1046	1053	1019	1016	1038	1111	1145	1188	1287	1326	1325	1351	1320
1395	1268	1105	1140	1390	1279	1020	788	580	454	454	513	616	748	883	997	1036	1017	1015	1082	1144	1199	1253	1288	1332	1415	1391	1187
1355	1224	1113	1160	1304	1286	1089	842	668	506	479	540	647	769	875	990	1053	1020	1001	1128	1193	1230	1314	1427	1374	1135	1061	1070
1417	1253	1138	1158	1357	1246	1112	983	761	592	523	559	658	780	923	1035	1079	1017	955	1030	1172	1220	1258	1446	1483	1053	1041	1058
1262	1253	1142	1230	1284	1141	1115	1128	1004	844	760	756	802	901	1037	1096	1082	983	967	1097	1166	1163	1219	1372	1603	1405	1079	1036
1159	1191	1264	1245	1155	1119	1102	1116	1124	1026	994	1002	1026	1059	1106	1090	1025	1006	1109	1108	1100	1115	1190	1377	1485	1405	1158	1056
1177	1153	1298	1160	1149	1102	1071	1121	1072	994	1009	1027	1060	1070	1069	1035	1053	1106	1090	1066	1069	1107	1156	1256	1389	1320	1128	1072
1104	1218	1279	1131	1094	1060	1059	1101	1093	1025	1035	1045	1062	1060	1047	1067	1099	1074	1069	1072	1082	1115	1102	1160	1275	1209	1100	1073
1035	1214	1263	1071	1041	1059	1060	1095	1102	1060	1081	1095	1091	1068	1081	1075	1067	1067	1071	1073	1093	1102	1085	1145	1228	1139	1054	1023
996	1122	1185	989	1018	1045	1052	1085	1077	1063	1073	1093	1088	1099	1082	1070	1075	1073	1074	1079	1083	1093	1117	1213	1175	1018	977	959
977	1010	1096	988	1006	1047	1059	1060	1061	1056	1051	1076	1092	1105	1058	1078	1083	1080	1078	1074	1083	1114	1188	1160	992	952	966	1004
966	1007	1067	978	1017	1053	1073	1079	1064	1059	1057	1066	1092	1086	1056	1078	1085	1078	1069	1067	1082	1116	1090	982	967	993	1010	895
975	1010	1020	991	1010	1054	1079	1088	1093	1084	1078	1080	1089	1084	1073	1086	1087	1081	1066	1038	1014	1003	983	981	983	929	696	216
981	979	976	995	1012	1030	1063	1081	1089	1092	1088	1078	1073	1070	1059	1061	1053	1033	1001	980	974	968	957	910	768	469	117	15
988	987	984	988	998	1012	1027	1042	1057	1066	1067	1061	1050	1034	1010	983	971	960	945	930	905	843	727	516	239	45	23	53
891	876	879	888	907	928	951	973	995	1009	1014	1012	1000	974	940	906	878	834	778	712	580	381	189	51	7	36	65	77
458	448	478	532	602	683	768	835	878	900	907	903	884	851	799	730	631	511	369	208	75	8	7	34	66	91	89	82
141	154	185	239	312	399	495	585	656	696	710	698	665	600	502	372	219	87	18	5	21	53	90	101	93	76	94	209
72	77	91	118	160	212	270	328	383	424	437	419	361	267	146	40	0	4	36	69	98	107	89	58	70	295	548	643
17	17	22	35	57	87	115	143	163	173	159	125	73	20	0	23	62	93	105	99	69	47	107	282	497	583	379	173
0	2	1	0	0	6	11	18	20	15	12	25	53	77	98	106	99	87	80	77	217	472	550	448	251	125	113	132
841	107	0	248	943	942	757	350	202	158	150	173	267	325	366	439	745	992	1003	968	933	931	924	913	941	943	983	1058
560	280	80	364	945	1008	964	319	147	131	111	141	197	244	254	332	597	910	993	969	916	925	922	913	945	955	987	1047
191	404	526	818	976	1018	916	212	131	197	105	115	153	172	178	255	473	797	956	989	929	934	990	1029	1023	1012	988	1020
115	228	701	1059	891	654	467	117	152	135	95	88	93	133	175	197	406	700	910	1011	959	1027	1090	1081	1074	1056	1031	1012
127	158	370	922	543	161	115	124	127	115	114	90	89	116	145	196	392	622	846	1029	1028	1076	1080	1075	1080	1092	1075	1020
178	229	318	655	327	127	104	98	125	170	175	117	132	109	142	220	386	562	809	1066	1070	1076	1079	1075	1088	1116	1115	1045
318	487	604	743	423	217	123	103	120	141	168	127	209	138	161	222	364	547	852	1115	1076	1076	1080	1071	1103	1137	1116	1071
543	810	919	988	637	338	190	114	114	119	167	148	100	125	175	239	368	577	944	1148	1068	1074	1080	1108	1195	1154	1219	1155
893	1152	1189	1156	853	530	248	132	112	110	142	141	109	118	144	245	381	656	1048	1130	1055	1070	1079	1228	1551	1386	1615	1187
1185	1261	1249	1230	1071	738	400	151	106	114	121	120	123	134	162	269	441	806	1109	1083	1046	1061	1060	1330	1664	1383	1370	1095
1308	1235	1181	1232	1243	858	581	258	141	149	128	138	149	152	211	358	605	935	1120	1059	1055	1065	1072	1293	1318	1060	1063	1081
1286	1187	1154	1204	1268	1018	656	433	241	167	134	151	148	211	335	512	752	1023	1093	1068	1072	1078	1104	1284	1141	1037	1069	1073
1266	1146	1130	1172	1253	1146	759	513	368	237	202	216	243	316	459	639	885	1090	1101	1071	1075	1085	1143	1329	1085	1038	1058	1071
1360	1145	1074	1205	1321	1130	949	643	431	300	250	269	337	422	587	820	1066	1148	1090	1067	1070	1103	1193	1210	1058	1046	1063	1065
1300	1194	1063	1224	1262	1094	999	896	665	481	398	392	475	636	855	1079	1175	1110	1065	1071	1085	1165	1145	1090	1055	1058	1068	1061
1196	1205	1192	1176	1186	1124	1004	935	859	755	709	725	830	956	1093	1154	1106	1058	1069	1076	1146	1214	1081	1063	1058	1066	1076	1064
1257	1171	1232	1206	1212	1078	1066	1008	899	852	834	873	953	1044	1106	1073	1051	1065	1080	1107	1248	1154	1074	1070	1067	1072	1039	967
1193	1258	1323	1221	1119	1041	1090	1090	1024	964	945	959	1008	1112	1153	1111	1089	1091	1127	1209	1202	1122	1118	1093	1047	990	928	921
1076	1234	1347	1091	1061	1076	1074	1114	1100	1101	1115	1104	1123	1180	1152	1121	1117	1132	1171	1179	1212	1222	1140	1010	948	920	928	990
1008	1141	1259	1003	1026	1050	1072	1086	1075	1087	1105	1098	1097	1140	1105	1086	1090	1096	1120	1154	1181	1077	960	918	921	945	1009	889
1000	1022	1092	998	1022	1032	1042	1054	1055	1049	1062	1066	1056	1080	1067	1069	1067	1046	1023	983	937	924	937	950	979	1025	844	289
994	974	1006	981	1011	1021	1035	1062	1063	1056	1057	1056	1050	1046	1031	1020	998	960	939	942	955	969	995	1026	978	655	180	22
986	967	973	977	1007	1027	1040	1060	1069	1070	1072	1069	1064	1054	1034	987	961	960	975	1001	1032	1026	932	701	324	51	43	78
982	983	987	995	1010	1020	1028	1040	1056	1067	1072	1071	1066	1054	1027	994	999	1031	1045	964	753	474	226	75	46	87	98	84
895	904	923	953	986	1014	1030	1041	1046	1053	1056	1057	1053	1041	1029	1027	992	830	533	233	57	29	78	111	103	81	94	202
816	827	850	883	923	958	987	1004	1014	1023	1028	1027	1022	1010	961	790	482	195	55	49	99	122	102	66	70	283	541	652
712	712	743	790	839	887	920	940	954	964	966	951	891	749	503	238	101	85	102	109	80	48	98	268	490	594	397	183
427	408	424	476	533	592	643	685	709	699	632	514	371	226	129	104	99	90	80	73	194	456	546	462	265	127	113	133
922	644	677	908	1002	1010	779	260	157	148	244	169	125	128	122	111	109	189	363	796	1049	934	932	914	911	915	983	1062
471	131	379	790	1037	1054	992	459	150	199	191	132	148	160	166	134	116	143	271	677	1048	943	921	908	920	921	1008	1070
157	0	126	795	1058	1077	1115	634	197	208	160	131	251	201	144	130	128	130	195	585	1040	953	917	941	950	992	1046	1068
206	165	291	942	1031	1096	1011	559	251	240	177	191	233	142	157	152	162	119	160	518	1042	997	1015	1064	1047	1005	1053	1067
238	339	763	1059	950	809	654	500	241	300	234	200	163	233	232	181	150	122	144	503	1053	1058	1069	1081	1083	1080	1065	1072
170	292	694	962	693	612	609	494	215	213	259	183	144	226	194	131	122	113	149	529	1061	1063	1072	1075	1073	1073	1068	1072
148	161	347	688	530	573	567	443	197	161	210	336	241	161	206	149	145	119	161	574	1083	1065	1072	1072	1068	1067	1065	1062
133	189	338	606	445	501	518	409	236	172	211	314	155	156	187	147	142	130	195	673	1120	1069	1075	1071	1053	1045	1033	1031
181	529	888	833	435	432	420	300	191	166	169	235	158	159	190	189	145	135	241	832	1137	1073	1083	1073	1159	1206	1280	1047
303	827	1097	1010	539	359	329	221	166	155	179	206	196	149	158	133	128	130	363	1024	1124	1066	1072	1102	1599	1515	1695	1110
582	1083	1161	1096	663	314	197	136	149	181	160	145	200	160	178	141	119	153	621	1134	1084	1060	1050	1114	1415	1254	1218	1089
1030	1263	1242	1201	827	296	117	105	148	161	131	129	148	161	160	146	121	292	887	1140	1053	1064	1045	1117	1151	1055	1062	1080
1245	1217	1229	1239	995	345	96	98	132	154	151	121	142	138	125	129	180	554	1040	1101	1055	1064	1048	1112	1095	1064	1069	1071
1264	1201	1202	1249	1097	451	155	128	144	174	162	128	126	117	125	164	363	774	1113	1069	1062	1064	1042	1174	1103	1056	1071	1071
1199	1198	1196	1212	1198	671	221	139	130	122	165	149	126	130	162	294	567	990	1109	1060	1064	1050	1082	1232	1074	1063	1069	1070
1205	1157	1149	1192	1227	927	300	202	152	110	137	149	150	192	263	449	834	1114	1086	1055	1052	1097	1217	1109	1062	1069	1063	1068
1299	1117	1080	1244	1207	1054	613	261	186	144	145	172	179	257	406	739	1077	1132	1038	1049	1145	1246	1102	1058	1068	1071	1070	1038
1240	1116	1088	1218	1188	1049	899	634	355	255	241	265	315	459	753	1048	1133	1047	1031	1132	1144	1068	1056	1068	1073	1070	1033	961
1246	1133	1138	1217	1181	1108	995	863	706	540	500	550	649	817	998	1089	1063	1061	1141	1101	1052	1051	1061	1073	1063	1016	958	937
1319	1225	1245	1292	1140	1063	1124	1030	848	750	703	734	822	939	1061	1089	1116	1201	1156	1081	1068	1056	1041	1005	968	943	934	985
1188	1344	1377	1160	1076	1049	1075	1114	1098	1003	940	942	985	1065	1148	1153	1172	1145	1045	1018	1005	979	941	931	925	938	1026	941
1049	1236	1255	1019	1046	1075	1062	1087	1129	1144	1141	1153	1140	1114	1093	1063	1041	1017	975	931	932	932	926	932	992	1056	799	244
1018	1132	1074	1015	1024	1013	1043	1059	1064	1065	1066	1083	1071	1058	1053	1053	1035	995	948	934	937	958	1022	1058	872	437	90	53
1003	978	1001	1039	1036	1027	1037	1055	1062	1052	1053	1053	1050	1050	1054	1043	1005	963	958	995	1039	1012	791	396	111	60	88	83
991	945	974	1035	1055	1061	1065	1066	1068	1072	1075	1074	1072	1066	1051	1024	1002	1010	1025	951	698	342	105	78	95	77	84	187
984	960	957	1003	1029	1039	1046	1049	1052	1053	1049	1035	1017	1002	1002	1028	1045	976	770	450	168	92	95	69	63	264	523	640
1000	999	996	990	986	979	972	969	970	975	978	995	1031	1081	1095	1000	755	471	238	113	73	51	92	252	474	598	409	187
1061	1060	1068	1071	1068	1065	1065	1065	1077	1095	1100	1060	942	749	508	285	128	76	73	76	180	441	545	469	276	129	108	129
1012	1079	1079	1064	1063	1052	1042	489	91	152	269	160	152	140	125	128	137	140	119	150	627	1086	960	915	907	911	956	1065
939	929	1042	1054	1057	1059	1062	708	169	436	351	140	163	139	136	132	132	152	136	116	561	1106	963	916	917	918	982	1061
528	397	822	1040	1045	1060	1056	894	295	379	278	184	158	127	152	153	153	165	154	111	511	1114	971	909	914	974	1007	1057
13	73	377	993	1039	1062	1071	963	339	191	205	291	203	157	143	156	174	154	150	108	491	1113	972	942	942	975	1024	1047
105	67	163	801	1041	1082	1109	981	390	283	252	371	343	289	219	190	164	158	159	104	541	1133	1019	1027	1022	1033	1059	1055
576	579	533	799	1053	1102	1124	1008	403	520	698	349	249	242	208	173	150	151	167	114	640	1154	1053	1064	1061	1075	1075	1070
493	788	973	993	1090	1116	1105	873	309	444	527	403	221	162	149	183	179	172	159	118	767	1156	1062	1073	1070	1073	1073	1074
230	665	1008	1072	1081	1054	933	657	178	144	135	194	262	264	164	160	172	159	153	167	902	1142	1065	1074	1075	1061	1051	1067
149	491	961	1051	1079	1045	929	563	136	150	155	151	156	227	256	181	191	174	146	251	1031	1113	1070	1078	1064	1139	1130	1051
136	391	941	1052	1069	1087	980	433	126	176	167	147	149	152	179	174	160	187	143	413	1133	1088	1078	1069	1187	1485	1510	1141
118	512	997	1047	1047	1068	996	354	129	179	212	142	142	138	171	161	175	166	139	658	1164	1063	1075	1061	1305	1369	1449	1093
170	830	1060	1040	1023	993	871	343	152	213	248	159	146	138	150	163	163	154	196	908	1124	1039	1068	1079	1318	1193	1111	1076
577	1163	1179	1063	967	819	626	239	173	246	212	258	140	152	148	155	158	116	427	1080	1085	1052	1059	1110	1206	1048	1065	1062
1164	1277	1285	1177	899	527	327	216	202	207	170	290	188	161	166	147	137	172	724	1125	1063	1070	1060	1099	1141	1062	1072	1068
1292	1209	1231	1237	1007	318	134	170	182	172	156	218	229	208	165	149	130	321	899	1113	1063	1068	1056	1168	1103	1063	1071	1071
1201	1191	1187	1231	1128	364	105	156	163	181	150	179	182	177	164	147	187	517	1046	1089	1064	1063	1200	1160	1053	1071	1072	1070
1178	1231	1207	1193	1181	534	98	134	176	180	149	159	178	180	145	154	326	784	1121	1072	1060	1190	1164	1066	1071	1070	1073	1068
1193	1201	1194	1197	1237	818	145	130	145	155	141	152	143	161	153	229	540	1054	1138	1062	1207	1172	1056	1070	1075	1076	1081	1014
1249	1110	1101	1251	1198	1057	443	127	126	130	120	133	111	135	181	388	908	1187	1157	1190	1124	1056	1069	1076	1077	1070	1013	949
1232	1029	1028	1236	1167	1080	923	479	158	121	116	120	133	177	357	803	1179	1240	1137	1063	1034	1054	1071	1021	990	971	953	942
1264	1133	1144	1262	1170	1073	1026	926	644	344	242	244	324	531	849	1126	1177	1078	1036	1042	1022	1011	977	934	932	929	963	1080
1378	1323	1320	1311	1193	1096	1090	1037	956	836	705	713	827	985	1110	1110	1031	1047	1063	1023	956	932	930	932	944	1039	1047	549
1151	1415	1291	1097	1044	1054	1087	1090	1090	1094	1062	1063	1080	1078	1050	1038	1051	1055	1012	953	929	925	949	1035	1052	761	253	29
1038	1313	1103	1013	1014	1042	1055	1060	1089	1105	1086	1082	1089	1071	1062	1062	1058	1013	938	932	939	1031	1063	749	305	79	73	86
1040	1117	1063	1043	1002	1005	1041	1051	1051	1055	1048	1050	1060	1061	1065	1057	1011	950	941	993	1104	876	311	81	81	78	82	174
1049	960	1011	1072	1064	1061	1063	1067	1065	1065	1066	1066	1064	1050	1013	970	965	1021	1095	1047	636	131	60	63	57	248	507	636
977	953	961	993	1015	1024	1028	1035	1034	1024	1008	997	997	1012	1043	1074	1045	885	576	234	54	41	86	237	459	599	419	193
1006	1002	1003	1002	1001	996	1000	1002	1006	1020	1041	1060	1012	869	673	445	225	82	45	61	167	432	547	481	286	131	106	127
1036	1036	1038	1054	1062	1062	1044	862	502	457	470	163	241	174	165	159	139	139	160	152	165	837	1126	1016	961	924	967	1021
1037	1043	1039	1054	1061	1061	1045	931	782	759	604	433	273	186	175	144	141	141	154	153	166	841	1134	1015	968	928	975	1054
1035	1051	1057	1043	1050	1055	1055	1036	970	866	670	698	434	292	219	171	163	168	163	156	168	863	1132	1012	973	945	987	1048
777	932	995	990	1031	1051	1061	1046	996	948	606	441	278	258	244	264	222	170	166	171	182	899	1113	1006	964	945	1011	1057
552	834	694	730	1010	1065	1070	1060	1024	840	423	310	212	214	163	188	219	194	177	164	211	937	1086	1017	976	955	995	1051
694	876	554	383	613	887	950	947	892	912	875	330	225	170	202	169	205	155	173	166	256	973	1072	1045	1019	1005	1011	1046
272	297	420	464	448	579	697	740	876	1058	920	336	152	172	172	202	196	207	170	160	325	1013	1066	1070	1064	1058	1060	1057
140	135	268	750	949	678	368	370	584	833	752	263	133	153	152	176	180	190	188	153	406	1060	1067	1073	1072	1056	1055	1068
155	135	270	775	1016	367	132	105	141	569	627	162	129	140	144	156	177	177	190	154	506	1102	1077	1069	1071	1119	1180	1066
165	127	308	842	1016	482	193	167	264	419	447	150	154	143	141	148	155	175	177	170	614	1143	1082	1073	1061	1295	1353	1126
164	113	453	961	1057	965	482	176	348	428	350	228	158	152	144	144	151	156	172	193	775	1172	1072	1069	1092	1307	1406	1099
137	329	852	1060	1068	1102	1029	350	216	408	313	237	256	210	193	157	181	178	160	249	978	1152	1058	1063	1166	1303	1234	1070
198	906	1032	1061	1074	1094	1133	545	133	316	302	266	210	191	224	210	172	185	159	431	1141	1094	1051	1114	1212	1082	1056	1068
678	1095	1053	1050	1076	1111	1038	403	151	282	150	234	283	168	168	169	181	167	145	719	1195	1042	1053	1181	1135	1060	1070	1063
1247	1293	1301	1101	1027	1022	658	182	200	260	144	153	258	201	154	183	180	152	253	976	1163	1038	1060	1214	1080	1071	1071	1037
1254	1204	1233	1256	988	682	265	176	215	230	146	143	194	212	158	173	177	134	496	1145	1090	1050	1205	1245	1062	1076	1069	1049
1180	1196	1183	1230	1135	413	141	181	171	220	155	137	188	179	188	160	148	189	784	1180	1048	1187	1204	1082	1074	1069	1068	1039
1170	1196	1191	1189	1193	467	115	162	155	198	171	143	179	162	159	169	141	379	1057	1145	1154	1138	1043	1050	1044	1055	1055	977
1183	1209	1215	1207	1249	737	99	157	165	169	171	151	162	166	155	130	185	733	1186	1130	1073	1045	1033	1015	1013	1015	969	935
1216	1155	1163	1243	1267	1078	295	112	157	168	165	152	161	151	139	132	472	1106	1157	1065	1054	1032	1003	984	963	944	947	1008
1189	1000	1011	1226	1169	1120	914	347	117	121	145	137	137	120	113	367	1014	1193	1095	1065	1061	1004	970	948	936	949	1033	938
1296	1018	1064	1321	1144	1048	1074	974	591	246	112	101	114	195	486	1007	1204	1116	1050	1060	1009	954	938	938	990	1044	806	268
1441	1410	1432	1425	1276	1080	1047	1044	1051	984	797	687	738	912	1130	1194	1104	1020	1018	967	926	929	977	1036	911	502	109	31
1124	1398	1296	1086	1087	1112	1098	1089	1109	1162	1182	1174	1180	1162	1121	1037	997	980	942	925	959	1033	922	544	187	56	81	89
1028	1325	1170	1015	995	1045	1065	1064	1062	1073	1062	1028	1025	1012	989	967	949	935	941	1009	1006	623	207	74	89	85	83	166
1030	1217	1116	1047	1023	1031	1046	1061	1060	1060	1057	1032	999	968	941	931	946	998	1048	865	368	91	76	67	57	233	491	639
1001	968	998	1032	1052	1062	1071	1072	1068	1054	1016	976	962	980	1017	1040	1004	836	491	158	60	48	78	220	446	609	444	211
980	984	988	980	975	982	1001	1002	1000	1004	1020	1043	1017	890	689	456	232	86	50	68	145	406	546	492	302	140	108	129
1034	1053	1041	1037	1046	1048	1041	1049	1048	813	550	382	281	169	252	204	144	135	163	191	153	285	863	1093	1072	1044	1015	957
1053	1063	1057	1051	1045	1050	1054	1056	1001	710	458	319	211	277	247	184	166	194	209	163	138	276	836	1112	1073	1048	1021	1025
1068	1071	1066	1051	1039	1051	1056	1072	965	571	335	319	394	327	286	307	253	230	166	160	149	266	831	1134	1071	1053	1009	1028
1093	1075	1057	1035	1036	1052	1064	1069	782	413	314	259	410	356	297	197	179	183	173	164	166	247	879	1151	1064	1059	1034	1020
1077	1061	1061	1065	1057	1065	1082	959	500	258	211	301	362	291	152	151	158	174	192	183	164	248	970	1150	1058	1056	1045	1047
1010	1026	1086	1079	1016	990	955	582	300	299	317	288	256	165	169	151	148	149	180	193	165	296	1062	1125	1056	1048	1019	1059
297	387	655	956	940	842	730	332	286	519	558	398	191	151	171	172	156	167	178	203	145	411	1118	1092	1060	1057	1011	1050
149	139	164	656	1009	931	906	789	490	636	962	803	245	165	174	173	174	165	184	192	142	558	1132	1074	1064	1046	1026	1045
184	157	104	481	1013	623	481	711	692	614	863	644	432	255	148	148	150	152	162	185	155	679	1146	1076	1062	1071	1088	1053
157	167	75	404	1016	522	117	210	481	546	655	368	185	289	241	175	185	182	176	174	200	800	1163	1077	1049	1146	1191	1058
158	107	132	748	1047	973	425	156	318	445	492	433	157	151	226	260	180	181	189	164	258	951	1161	1061	1075	1249	1225	1066
118	154	710	1053	1047	1076	1010	326	202	295	290	280	250	186	158	226	197	168	161	156	365	1105	1125	1038	1139	1300	1173	1073
223	797	1012	1050	1050	1052	1115	617	150	229	243	170	175	212	211	181	207	177	177	146	560	1192	1069	1056	1187	1219	1072	1080
790	1036	1002	1049	1053	1058	1105	544	147	214	252	176	191	151	183	167	177	175	186	167	839	1184	1014	1159	1214	1058	1052	1066
1169	1239	1206	1052	1039	1073	932	255	163	224	240	206	184	179	153	184	185	176	155	314	1088	1092	1020	1268	1106	1051	1047	1045
1242	1195	1237	1222	1012	969	454	143	176	237	179	228	166	176	151	154	169	178	131	618	1173	1021	1163	1155	1029	1046	1057	1017
1173	1180	1174	1226	1147	688	141	181	180	237	152	222	222	156	171	152	167	151	213	909	1135	1044	1111	1032	1001	1041	1032	975
1160	1182	1178	1190	1212	596	123	179	176	223	168	183	209	180	166	161	164	126	458	1119	1054	1049	1054	1011	1011	1026	983	950
1166	1186	1185	1194	1203	657	115	174	168	182	171	182	156	194	186	183	148	195	836	1145	1028	1061	1051	1025	1018	980	944	992
1218	1199	1221	1253	1213	850	174	153	175	162	160	190	144	172	162	176	132	526	1141	1051	1034	1064	1050	1011	964	946	1014	853
1141	1063	1073	1231	1190	1090	580	187	167	174	170	188	166	161	152	119	346	1030	1096	1001	1052	1044	991	953	961	1024	808	258
1143	976	1006	1272	1128	1105	1028	612	235	169	170	164	154	135	109	330	951	1126	981	1035	1020	960	943	1005	985	612	138	0
1509	1306	1402	1483	1218	1069	1082	1027	768	449	272	206	196	288	625	1054	1138	973	1009	993	936	979	1005	737	290	28	10	58
1232	1424	1327	1163	1165	1116	1092	1107	1126	1116	1039	994	1008	1098	1190	1129	992	992	966	935	1017	845	351	58	19	62	93	86
1043	1319	1114	1018	1053	1128	1127	1076	1101	1154	1164	1166	1143	1106	1050	999	1002	953	965	1014	605	111	38	74	95	82	76	150
1041	1383	1085	1016	1015	1045	1062	1061	1067	1063	1055	1040	1008	1000	992	972	964	1024	932	393	56	84	91	70	55	212	468	636
1018	1129	1028	1008	1030	1057	1072	1075	1054	1015	977	965	959	973	1011	1040	974	653	208	70	87	53	68	199	429	625	475	229
980	974	986	969	965	983	1003	995	977	971	988	1018	1033	938	724	460	198	63	71	78	124	376	545	511	328	154	108	125
1069	1062	1064	1067	1064	1065	1062	1060	1065	1085	1097	1074	940	664	282	201	260	174	193	196	158	131	234	877	1115	1092	1063	1030
1096	1086	1073	1070	1066	1064	1064	1065	1071	1090	1080	994	753	382	202	253	200	201	211	146	145	132	259	876	1100	1103	1071	1039
1096	1097	1079	1069	1067	1066	1064	1065	1078	1075	986	789	480	224	217	225	193	165	147	172	181	144	298	870	1110	1113	1076	1039
1066	1098	1084	1067	1064	1066	1071	1072	1060	947	756	468	266	202	207	201	173	152	147	177	188	149	337	879	1139	1114	1076	1054
1011	1081	1087	1059	1056	1068	1082	1066	926	671	401	258	199	223	292	252	209	192	188	207	185	159	365	921	1170	1101	1077	1057
810	1018	1081	1056	1055	1070	1034	835	462	280	249	332	287	389	310	206	172	175	190	181	181	165	386	996	1176	1078	1079	1065
248	576	1032	1072	1053	1024	869	500	222	215	306	618	444	303	226	189	197	202	181	170	174	160	463	1090	1138	1065	1073	1069
163	134	590	1057	1023	902	767	655	511	340	343	507	313	215	208	203	192	185	188	178	174	153	622	1143	1085	1065	1062	1065
182	138	240	873	1000	784	423	486	661	670	423	316	378	422	351	252	225	171	160	166	167	171	769	1131	1055	1063	1042	1057
145	124	256	791	1001	859	241	169	232	557	573	449	268	269	339	266	193	193	167	168	157	234	858	1102	1057	1062	1038	1055
120	242	649	990	1037	1078	610	184	178	251	428	483	213	236	205	204	173	190	195	178	152	322	923	1096	1067	1111	1062	1063
295	692	997	1038	1043	1071	956	266	205	264	441	658	306	161	216	227	147	149	170	189	160	413	1034	1084	1099	1131	1070	1070
754	911	991	1048	1050	1063	1003	342	170	254	469	358	353	200	143	210	236	211	207	178	166	616	1122	1061	1139	1113	1069	1049
1034	1051	976	1025	1048	1050	944	294	154	208	312	207	201	202	161	163	219	190	174	161	226	939	1096	1060	1118	1051	1066	999
1230	1277	1238	1039	974	1013	725	186	154	210	217	197	216	161	177	160	176	200	190	143	467	1140	1017	1014	1018	1048	1035	953
1200	1176	1225	1231	1003	969	379	158	169	206	180	193	213	179	152	153	183	172	169	159	851	1130	958	979	1021	1054	982	929
1158	1176	1171	1213	1141	837	198	163	186	185	152	186	205	171	163	145	184	182	139	384	1112	1013	957	1022	1054	1008	934	955
1163	1183	1172	1181	1213	838	185	156	179	193	157	167	195	174	175	164	167	179	153	815	1105	938	1005	1062	1019	942	938	978
1184	1207	1213	1207	1218	952	304	140	178	180	171	165	162	177	170	179	174	135	474	1123	973	984	1061	1017	935	932	1010	626
1230	1185	1214	1267	1224	1109	605	215	178	186	171	173	153	176	169	185	146	304	1023	1060	972	1053	1004	930	933	1015	686	114
1091	1053	1052	1223	1174	1209	976	484	237	198	187	186	160	171	167	140	233	914	1123	981	1045	977	927	961	1008	628	109	0
1212	991	1114	1371	1230	1132	1142	947	482	204	158	161	150	137	136	336	908	1146	1010	1035	961	933	1008	925	432	49	6	27
1545	1400	1484	1439	1235	1100	1084	1130	1053	720	469	383	390	497	755	1079	1158	1019	1021	948	948	1010	684	179	4	14	28	50
1201	1403	1240	1076	1132	1133	1096	1118	1198	1222	1184	1145	1135	1160	1177	1127	1034	1019	949	966	960	403	28	19	36	61	87	85
1067	1273	1064	1039	1063	1100	1113	1069	1096	1114	1120	1125	1109	1081	1060	1018	1038	966	996	929	262	19	58	69	88	78	71	138
1077	1316	1047	1025	1033	1060	1064	1066	1072	1070	1068	1061	1051	1047	1042	1016	980	1026	865	219	46	90	85	69	51	193	445	627
1022	1156	1012	981	1004	1041	1051	1032	1026	1017	1001	995	988	995	1020	1038	985	637	166	81	92	51	60	180	405	616	490	244
973	969	988	968	961	972	980	958	947	954	972	1002	1032	969	761	499	219	65	76	79	107	347	538	516	341	158	107	125
1008	1036	1039	1047	1045	1055	1053	1056	1064	1062	1050	1024	974	833	386	143	186	158	119	125	136	123	113	128	433	969	1111	1060
793	938	1012	1040	1040	1047	1055	1045	1041	1029	999	943	837	504	151	156	160	137	120	126	134	121	112	130	476	967	1085	1053
538	763	959	1043	1040	1035	1033	1019	998	954	885	783	553	227	169	189	136	152	167	193	155	137	120	138	524	950	1066	1054
370	569	876	1044	1037	990	936	921	895	864	769	554	260	193	221	172	183	225	186	152	159	153	123	157	550	946	1063	1062
279	416	776	1041	1009	867	736	669	639	545	405	348	238	185	187	197	212	203	144	134	146	127	107	190	564	959	1076	1068
248	251	674	1022	946	587	380	313	278	266	310	229	154	160	234	254	246	219	195	179	142	132	104	214	618	1033	1087	1072
130	132	519	973	897	357	150	136	165	161	226	192	154	183	223	197	174	160	150	143	150	140	108	256	755	1113	1084	1075
156	105	434	919	906	334	109	124	125	110	110	112	133	129	124	138	146	148	159	147	147	153	120	330	940	1141	1079	1076
148	188	607	966	969	571	113	135	153	179	132	122	111	122	166	186	195	198	177	151	141	137	119	484	1101	1114	1075	1075
231	519	925	1048	1045	922	231	180	175	461	204	175	224	198	207	292	319	223	145	129	121	120	128	728	1139	1076	1072	1069
550	900	1061	1045	1049	1079	444	169	185	272	247	154	194	312	274	221	195	234	187	153	141	97	253	939	1093	1053	1065	1059
858	956	1042	1044	1054	1076	623	146	218	199	239	220	205	189	228	159	135	142	182	148	151	110	496	993	1045	1039	1043	1060
966	981	1041	1044	1039	1035	667	158	199	216	322	230	283	345	240	196	150	128	125	150	146	191	682	985	1003	990	1045	1034
1176	1224	1167	1080	1016	981	623	153	172	293	461	179	170	225	185	202	181	145	124	138	134	334	846	973	922	1012	1061	961
1207	1201	1221	1225	1070	1010	564	135	186	181	253	198	156	178	254	163	136	160	169	163	163	560	1018	953	968	1065	1001	926
1165	1180	1178	1221	1188	1010	510	133	197	155	218	211	161	130	240	270	170	152	172	159	249	910	1062	957	1046	1035	930	975
1173	1195	1197	1192	1226	1037	548	136	167	159	186	217	172	144	159	209	199	183	182	142	639	1152	990	1021	1047	950	953	922
1193	1211	1206	1209	1255	1039	675	180	164	168	181	191	194	161	151	181	174	184	149	477	1138	1062	1003	1050	960	932	1003	476
1234	1221	1247	1262	1282	1128	855	288	164	169	193	162	184	169	149	175	177	159	472	1127	1107	992	1050	965	924	1009	674	43
1157	1095	1138	1273	1225	1198	1115	567	156	193	190	174	171	166	166	168	144	469	1133	1181	1006	1041	960	927	1008	755	99	1
1141	1010	1062	1310	1180	1162	1168	1000	422	149	175	189	170	162	155	158	452	1117	1215	1050	1030	948	935	1017	727	102	0	29
1503	1198	1417	1458	1283	1052	1110	1093	1029	590	273	191	166	184	310	662	1117	1211	1070	1024	941	953	1014	588	54	7	28	23
1355	1411	1360	1211	1193	1093	1063	1120	1172	1144	988	848	793	854	1024	1181	1164	1039	1021	938	976	957	378	8	16	21	23	46
1107	1288	1108	1048	1073	1122	1069	1055	1114	1163	1183	1185	1181	1181	1167	1116	1030	1033	952	999	880	222	7	31	37	60	87	86
1087	1269	1046	1071	1071	1073	1081	1068	1065	1070	1078	1089	1084	1076	1060	1024	1053	972	1010	860	162	23	53	69	89	80	72	131
1136	1344	1074	1010	1009	1055	1067	1071	1071	1076	1072	1061	1063	1064	1056	1035	987	1031	846	168	45	82	86	73	52	182	429	622
1056	1151	1020	953	948	964	992	1011	1020	1010	995	998	997	1000	1024	1039	1013	684	160	78	93	55	57	168	389	618	507	259
976	985	998	980	959	947	941	937	938	947	968	999	1022	956	768	533	258	69	76	81	99	324	532	528	355	168	108	125
512	455	600	971	1013	1006	1019	995	932	855	798	737	660	594	604	626	616	604	582	574	579	548	485	393	283	239	529	1000
167	217	349	913	980	987	948	847	725	689	685	635	588	581	616	637	611	609	590	569	576	564	521	428	298	235	616	1071
127	126	246	849	936	770	576	612	640	598	579	587	608	625	643	645	624	623	604	611	590	543	497	422	294	257	741	1135
129	95	190	858	917	418	366	442	512	574	594	650	675	671	674	663	647	645	641	617	583	537	494	436	297	297	901	1126
202	120	186	864	832	244	245	331	406	470	545	634	674	713	713	691	680	699	653	619	576	526	470	399	273	413	1015	1083
209	95	273	891	821	212	188	283	366	453	539	580	629	683	698	691	703	729	706	667	608	529	460	385	282	594	1033	1058
154	141	558	943	863	234	168	272	351	430	497	560	616	666	686	685	688	695	687	674	638	556	451	340	333	723	999	1054
170	497	902	1013	1005	461	128	231	325	390	448	522	579	643	679	692	696	691	677	644	593	511	425	304	387	736	991	1059
468	893	1062	1056	1081	760	128	199	306	367	420	486	535	592	657	682	685	693	692	668	605	513	407	305	425	753	1037	1045
826	1030	1069	1055	1076	941	182	189	291	341	399	454	505	556	639	668	688	707	680	668	646	581	440	300	441	883	1068	1016
931	984	1046	1051	1055	978	270	155	231	323	409	440	495	541	642	716	734	742	721	675	599	503	410	323	584	1051	1005	1018
956	1003	1065	1058	1013	967	379	127	221	289	435	421	447	524	570	627	695	705	701	625	516	426	311	290	829	1079	965	1030
1151	1207	1186	1119	1033	1012	500	132	213	305	401	419	395	519	533	535	552	569	536	554	450	341	199	471	1088	972	1016	994
1216	1204	1209	1223	1168	1088	631	143	181	330	328	441	365	381	463	499	501	466	429	387	335	220	231	884	1057	981	1026	937
1157	1161	1158	1175	1251	1141	715	150	181	224	313	330	378	352	344	432	403	409	330	280	228	154	561	1057	994	1035	948	972
1157	1175	1168	1147	1214	1177	801	225	170	178	290	271	272	336	296	344	317	295	268	208	151	337	884	1017	1043	972	967	817
1173	1185	1204	1178	1194	1185	894	338	178	183	226	239	215	274	258	278	276	252	238	173	239	675	988	1042	997	940	970	327
1220	1199	1212	1241	1262	1199	1006	538	209	209	198	222	188	216	243	229	211	211	190	214	530	927	1037	1016	934	1004	589	28
1155	1100	1123	1242	1311	1145	1099	787	305	192	216	218	199	207	224	232	203	177	191	506	918	1033	1028	938	987	791	91	26
1133	1031	1045	1228	1198	1060	1069	1001	575	194	203	235	220	234	228	209	172	204	614	1028	1050	1040	951	973	906	186	9	30
1416	1269	1383	1476	1291	1005	1030	1075	966	565	228	170	172	172	162	180	410	880	1145	1078	1039	959	967	949	265	1	31	24
1351	1510	1442	1304	1240	1051	1007	1058	1105	1071	796	540	444	456	610	887	1140	1193	1074	1029	955	971	929	270	0	28	23	19
1094	1290	1156	1064	1076	1061	1056	1069	1099	1126	1154	1159	1155	1156	1202	1224	1133	1045	1020	948	986	876	212	0	25	19	20	46
1058	1235	1071	1073	1060	1081	1077	1062	1075	1090	1125	1161	1171	1162	1174	1087	1032	1012	950	1017	814	158	2	30	36	61	88	87
1108	1263	1115	1022	1062	1073	1070	1069	1066	1063	1064	1064	1066	1067	1064	1064	1032	953	1025	718	108	17	49	70	92	83	71	127
1093	1210	1074	950	968	1029	1054	1054	1063	1075	1070	1066	1070	1075	1068	1029	981	1028	614	61	49	80	87	76	55	176	418	616
992	1014	997	965	944	940	949	966	984	1005	1020	1029	1027	1032	1034	1039	963	483	75	87	92	58	58	163	378	616	513	263
1021	1017	1018	1013	1002	996	981	961	948	951	972	1003	1022	942	757	510	198	59	82	76	90	306	520	528	362	172	108	122
1029	883	866	1031	1007	997	1006	1000	1015	954	920	1034	1042	1069	1068	1054	1017	976	990	1010	928	969	971	924	919	855	703	1016
891	716	677	972	1020	990	1000	993	972	958	1023	1058	1066	1074	1068	1056	1017	963	948	985	851	859	943	931	920	846	718	1054
716	583	575	940	1037	972	951	987	1007	1038	1054	1053	1063	1070	1064	1057	1006	955	944	950	976	962	991	977	941	860	763	1059
528	434	540	952	1028	953	943	973	1023	1046	1058	1058	1058	1061	1063	1056	1004	948	955	980	965	991	983	961	937	841	775	1023
309	274	615	994	992	926	938	946	1021	1050	1063	1063	1062	1059	1059	1052	990	950	974	982	957	951	950	947	932	828	780	1014
204	377	870	1021	991	896	907	941	1024	1058	1065	1067	1062	1067	1055	1038	958	940	945	934	936	936	934	936	920	798	787	1063
286	724	1058	1053	1051	886	856	942	1019	1062	1071	1071	1054	1047	1032	983	947	934	928	931	935	940	934	930	915	776	829	1135
577	1017	1080	1057	1075	947	759	926	1005	1057	1064	1064	1047	1015	966	938	952	938	930	942	938	937	941	980	934	769	957	1154
906	1020	1048	1058	1073	958	653	860	955	1035	1042	1025	1010	967	943	952	961	932	926	930	933	942	1000	1009	904	799	1138	1077
968	980	1042	1052	1031	915	565	769	881	959	978	959	964	974	976	972	961	941	979	1012	1039	1065	1067	1002	867	934	1165	994
1003	1061	1101	1082	998	937	556	684	863	920	946	969	977	1005	1015	1015	1039	1057	1092	1102	1104	1093	1068	991	862	1067	1049	1001
1162	1187	1180	1164	1099	1029	608	566	843	915	949	1041	1074	1082	1088	1094	1091	1088	1093	1096	1094	1075	1049	944	879	1059	1004	987
1189	1173	1169	1176	1191	1153	707	460	783	894	926	999	1062	1072	1082	1090	1088	1091	1092	1089	1082	1049	988	852	839	994	1024	945
1145	1149	1148	1148	1174	1285	850	365	669	832	906	935	1017	1052	1065	1073	1076	1083	1081	1065	1043	986	877	705	817	1019	1000	940
1142	1159	1161	1152	1147	1251	954	318	541	759	860	906	950	1011	1042	1057	1058	1055	1042	1014	962	875	719	666	955	1039	951	975
1186	1200	1182	1172	1158	1222	1121	392	394	626	792	853	894	942	980	1017	1025	1016	989	936	862	709	569	895	1054	974	1003	588
1223	1169	1165	1197	1234	1254	1178	705	274	505	660	771	835	886	891	914	918	934	925	863	713	533	868	1100	1000	958	888	105
1112	1036	1049	1098	1220	1199	1069	965	406	365	500	640	721	788	826	823	816	822	815	738	581	921	1168	1033	941	1007	358	4
1127	1046	1028	1107	1198	1078	992	986	741	270	388	517	618	677	726	746	736	731	647	586	1052	1222	1047	953	1012	611	14	32
1385	1116	1119	1400	1335	1007	996	1051	1013	561	243	315	447	556	597	606	572	470	620	1167	1238	1046	959	992	771	62	39	26
1319	1350	1327	1341	1268	1049	1050	1108	1192	1155	810	448	294	309	344	331	373	734	1203	1176	1033	957	986	829	119	38	30	19
1011	1250	1155	1023	1076	1102	1053	1066	1107	1185	1251	1205	1041	855	777	775	965	1163	1096	1017	954	998	806	137	30	31	20	17
1071	1163	1101	1072	1063	1057	1066	1066	1057	1045	1068	1114	1150	1167	1140	1104	1099	1061	1002	958	1018	700	105	26	29	15	18	43
1069	1252	1144	1059	1074	1068	1068	1067	1067	1062	1054	1044	1039	1049	1059	1049	1057	989	980	1003	524	52	30	31	32	57	85	88
980	1093	1044	961	1042	1075	1073	1069	1068	1069	1066	1061	1060	1065	1068	1049	974	993	936	343	19	43	50	70	92	84	71	121
965	1014	1003	954	944	981	1007	1022	1058	1066	1063	1064	1063	1048	1009	973	1013	807	201	15	65	74	88	81	56	167	406	614
986	923	945	1009	1023	978	935	922	946	966	983	984	986	999	1021	959	582	120	58	98	89	61	56	153	366	614	531	280
479	352	350	432	612	831	986	1011	986	976	992	1013	969	826	572	248	73	81	86	76	85	287	512	528	373	181	110	122
1014	977	1035	1012	1005	968	926	945	982	1006	1017	1022	1041	1044	1011	959	941	936	956	928	647	714	913	924	940	927	941	1010
1004	1020	1092	1024	998	1003	945	952	979	981	988	1011	1026	1034	1007	949	940	944	959	956	795	748	869	914	964	960	966	1024
991	1042	1106	1045	1008	1019	985	968	962	978	977	983	994	1001	973	938	932	922	929	937	992	973	959	980	965	964	984	1063
1036	1074	1091	1055	1028	1020	999	974	982	985	973	959	963	972	957	939	927	917	921	943	955	1011	985	958	1003	979	975	1102
1033	1019	1080	1067	1058	1033	980	968	1006	986	966	958	952	952	964	966	949	930	936	951	923	945	1019	1016	1028	1002	921	1106
940	1002	1083	1060	1064	1063	993	973	995	992	970	959	937	941	938	959	960	947	926	919	911	913	965	1002	1024	1019	973	1108
972	1010	1057	1060	1060	1082	1041	970	971	987	973	970	931	926	926	937	958	942	929	907	910	908	911	951	1008	1015	1014	1117
999	966	1011	1040	1044	1072	1083	960	965	978	967	969	945	929	927	930	952	923	937	925	910	912	914	958	1002	1004	986	1075
974	1016	1052	1059	1003	1001	1084	962	943	968	962	962	959	940	947	952	949	918	923	938	914	909	967	1018	1045	1049	999	1051
1104	1173	1154	1141	1090	1028	1056	976	931	951	957	962	960	984	1012	1013	982	921	928	949	945	967	1037	1056	1076	1053	1021	1049
1190	1171	1161	1162	1153	1139	1059	1001	924	932	950	965	977	1025	1037	1033	1022	953	958	994	1002	1040	1063	1073	1084	1034	1045	1047
1163	1141	1145	1149	1158	1171	1111	1019	935	926	930	961	1000	1029	1045	1039	1034	996	989	1018	1040	1062	1069	1083	1074	1033	1074	1021
1139	1148	1158	1153	1139	1173	1132	1019	945	928	924	937	985	1016	1029	1032	1032	1014	1002	1034	1054	1069	1079	1092	1049	1098	1076	977
1158	1174	1181	1168	1139	1183	1145	1001	954	933	928	929	950	996	1015	1020	1023	1014	1010	1046	1063	1076	1091	1075	1083	1168	1031	941
1228	1216	1185	1200	1201	1234	1152	943	955	942	934	931	936	970	999	1009	1014	1010	1022	1054	1071	1089	1090	1073	1220	1088	981	972
1182	1099	1077	1124	1210	1257	1123	888	932	953	937	929	935	951	959	977	996	1005	1033	1061	1082	1093	1079	1215	1141	1014	974	831
1125	1021	1034	1029	1160	1180	1112	994	864	941	945	938	931	938	930	939	952	971	1024	1055	1064	1059	1185	1157	1024	969	978	265
1373	1113	994	1157	1298	1148	1076	1115	918	896	938	943	941	935	932	928	925	932	959	983	1003	1128	1125	1027	966	1009	553	15
1630	1389	1292	1517	1336	1099	1015	1127	1101	958	944	946	946	939	936	933	930	926	951	997	1077	1078	1027	972	988	784	60	31
1198	1265	1372	1210	1181	1098	1015	1065	1110	1097	1011	965	958	945	933	926	944	1005	1055	1056	1042	1029	971	969	900	158	14	29
1031	1112	1151	1042	1112	1045	1062	1054	1041	1036	1054	1006	956	951	971	1043	1140	1112	1046	1036	1018	956	971	920	225	7	31	24
1072	1124	1107	1064	1061	1043	1067	1064	1056	1038	1046	1078	1116	1148	1216	1234	1141	1046	1042	998	941	998	861	209	12	29	24	19
1049	1188	1121	1070	1067	1067	1067	1065	1063	1063	1057	1057	1075	1110	1129	1068	1035	1031	961	951	1017	683	120	23	32	20	20	42
962	1013	993	1025	1076	1074	1067	1067	1069	1068	1063	1062	1061	1063	1061	1061	1021	946	995	950	422	39	31	26	28	55	85	90
948	979	968	945	989	1045	1064	1068	1073	1070	1067	1069	1067	1061	1042	994	953	1025	778	192	21	43	44	68	91	86	69	105
980	885	929	1012	977	944	956	988	1027	1037	1029	1015	1006	987	961	999	976	515	55	41	60	70	86	80	53	139	370	589
404	215	263	502	822	996	1000	961	939	933	933	942	970	1002	972	688	222	40	91	92	87	63	52	141	346	599	539	294
23	21	19	18	95	316	620	855	951	968	965	924	787	552	259	78	84	102	88	79	82	264	502	531	381	190	111	120
998	982	964	961	979	995	949	939	935	949	965	972	964	960	942	928	938	951	938	924	942	937	950	1002	968	950	959	1029
1022	1012	1019	1001	1007	1033	992	972	942	945	976	974	964	987	956	927	927	949	955	922	925	943	931	943	991	995	989	998
991	982	1009	995	994	1015	1022	1015	977	980	983	984	981	980	948	940	940	936	935	935	922	918	928	922	964	995	983	973
981	1033	1020	1031	1052	1029	986	996	999	998	991	982	967	973	946	930	944	950	955	947	938	929	938	941	963	989	974	962
1057	1085	1043	1066	1062	1062	1010	995	986	971	966	959	937	951	953	935	962	969	976	975	966	947	938	948	975	980	909	955
1090	1071	1031	1065	1062	1061	992	966	962	965	946	944	946	960	975	966	982	984	990	987	973	951	943	950	970	966	917	968
1076	1037	1016	1047	1041	1013	950	966	958	945	942	992	1019	1021	1014	1000	1007	1003	1001	995	985	957	940	938	949	954	939	985
1070	1088	1099	1106	1070	1022	971	961	926	927	997	1034	1041	1040	1031	1021	1015	1016	1011	994	974	968	947	918	913	922	918	1024
1137	1176	1167	1160	1130	1094	1025	947	922	942	1030	1042	1045	1044	1028	1017	1014	1024	1019	993	965	959	932	916	916	928	931	1110
1198	1181	1158	1153	1164	1161	1086	975	953	940	1030	1048	1049	1046	1028	1024	1022	1024	1017	995	966	942	933	931	936	945	987	1178
1169	1139	1147	1140	1131	1170	1137	1034	986	956	1018	1048	1048	1048	1040	1031	1028	1025	1011	988	956	940	954	954	960	962	1083	1168
1159	1157	1159	1152	1131	1155	1169	1058	1017	968	980	1038	1043	1044	1045	1035	1031	1023	1008	981	952	956	973	977	974	988	1170	1073
1206	1215	1208	1193	1162	1179	1188	1071	1034	969	946	1017	1039	1044	1043	1039	1031	1019	994	968	953	963	985	986	971	1079	1148	987
1252	1222	1182	1190	1214	1230	1165	1062	1018	948	934	974	1019	1040	1042	1038	1030	1008	974	953	948	966	987	980	990	1122	1047	941
1179	1069	1056	1070	1153	1236	1080	1059	988	926	929	927	963	1024	1034	1027	1012	974	937	931	944	967	975	971	1052	1048	989	939
1214	1037	998	1011	1184	1251	1058	1030	1001	942	930	923	931	962	980	958	942	922	915	927	937	950	990	1047	1018	1021	948	971
1501	1359	1115	1382	1397	1171	1089	1024	1044	1005	979	947	922	927	925	923	925	918	915	915	928	1013	1052	998	1025	970	1009	495
1526	1393	1381	1428	1359	1135	1070	1075	1106	1043	1017	977	942	935	923	919	922	921	903	941	1089	1086	999	1020	977	996	702	29
1209	1213	1290	1130	1211	1111	1020	1034	1094	1067	1058	1038	1002	976	960	937	921	911	1012	1204	1121	1013	1016	958	974	835	87	37
1089	1144	1180	1091	1102	1073	1060	1059	1059	1065	1132	1146	1133	1118	1077	1003	959	1098	1253	1130	1032	1009	944	969	898	157	30	31
1043	1123	1141	1058	1046	1055	1062	1064	1060	1054	1070	1057	1084	1084	1063	1049	1100	1172	1095	1022	975	932	991	888	186	19	39	21
1037	1187	1152	1054	1069	1070	1063	1063	1067	1066	1062	1053	1053	1050	1055	1060	1063	1048	1000	945	936	1019	779	137	13	39	21	19
986	1092	1072	1070	1073	1069	1064	1066	1066	1066	1065	1061	1058	1056	1050	1040	1015	968	933	972	1001	546	44	16	35	20	21	41
936	951	945	985	1056	1073	1071	1071	1066	1066	1066	1065	1062	1042	1012	980	941	933	1019	874	275	0	27	27	26	52	84	92
1002	953	996	988	951	993	1026	1035	1056	1057	1049	1029	996	966	946	930	969	1017	644	99	10	37	41	67	92	91	64	57
483	211	335	735	982	986	948	946	960	959	949	933	929	942	980	1017	843	346	25	40	60	76	92	83	53	82	271	518
14	18	8	37	278	657	903	981	991	988	990	1004	1005	943	743	379	77	35	74	81	86	64	49	129	327	574	549	309
65	68	68	66	39	46	169	359	518	601	603	516	356	179	67	60	90	91	82	77	77	242	491	537	402	207	114	118
969	971	962	947	944	949	959	979	1004	1007	1014	1019	1003	986	928	926	930	944	937	927	917	916	939	979	1008	981	914	969
989	971	1021	996	968	988	1002	979	961	968	959	958	968	973	941	940	969	985	979	964	938	926	923	914	914	928	909	951
999	983	982	1006	1030	1044	1028	997	980	986	979	997	998	993	990	953	992	1013	1006	989	971	954	930	921	912	922	905	932
974	1005	946	1040	1067	1063	1001	972	991	989	999	989	985	1002	1002	972	1007	1032	1041	1034	1013	984	948	918	913	916	904	923
986	1043	988	1057	1067	1070	995	996	1013	968	964	946	934	976	1019	1010	1027	1040	1048	1049	1050	1033	971	924	919	913	912	946
1028	1070	1030	1029	1056	1032	958	962	1006	952	943	955	928	949	997	1025	1020	1029	1051	1050	1048	1048	1015	936	918	911	906	980
1068	1135	1137	1116	1051	968	950	970	955	928	929	970	980	985	1002	1017	1021	1019	1041	1052	1052	1049	1031	956	916	910	897	1003
1186	1217	1201	1213	1204	1127	1006	975	931	918	945	992	1010	1006	1016	1007	1011	1032	1042	1051	1051	1050	1032	960	916	910	900	1035
1195	1150	1147	1150	1149	1201	1105	1005	1006	963	971	1018	1027	1030	1044	1022	1018	1038	1048	1050	1049	1049	1016	938	913	908	911	1078
1154	1147	1159	1149	1139	1153	1177	1062	1066	1021	990	1016	1029	1034	1042	1040	1035	1042	1049	1051	1053	1042	973	922	913	901	934	1085
1162	1168	1177	1161	1146	1140	1203	1072	1070	1053	994	999	1026	1033	1044	1047	1049	1051	1051	1052	1048	1001	922	918	913	898	979	1073
1207	1212	1178	1164	1164	1174	1223	1055	1070	1067	986	973	1011	1020	1035	1046	1048	1049	1049	1048	1019	943	914	917	906	911	1022	1054
1241	1196	1158	1177	1201	1272	1171	1049	1075	1066	970	949	979	997	1017	1034	1032	1039	1035	1017	962	917	914	911	907	961	1029	979
1207	1065	1061	1055	1224	1350	1115	1049	1069	1054	957	921	947	961	992	1006	1005	1012	1000	965	925	916	906	921	976	1013	983	924
1368	1162	1020	1152	1345	1262	1089	1046	1067	1046	962	930	930	936	961	967	969	970	946	922	918	905	943	1060	1042	1019	942	918
1540	1371	1290	1437	1436	1160	1130	1083	1061	1060	1029	1018	976	938	925	928	936	930	917	917	904	952	1143	1070	1026	978	917	970
1372	1362	1364	1322	1341	1190	1050	1083	1124	1095	1049	1048	1022	992	952	919	926	923	917	912	958	1156	1063	1006	1015	929	979	796
1223	1313	1350	1227	1258	1166	1052	1012	1079	1061	1030	1045	1049	1046	1019	964	924	920	929	978	1108	1051	1001	1021	941	974	847	167
998	1190	1236	1056	1045	1056	1060	1046	1062	1046	1043	1054	1051	1049	1064	1054	990	961	1013	1063	1032	1008	990	933	973	879	206	7
1047	1262	1216	1052	1055	1049	1069	1063	1063	1059	1054	1050	1043	1051	1088	1060	1006	1018	1023	1014	993	948	923	971	897	252	2	23
1061	1254	1162	1051	1066	1069	1065	1065	1066	1065	1055	1050	1060	1060	1066	1028	994	991	981	943	922	922	977	894	289	17	15	26
1048	1265	1119	1052	1073	1067	1065	1066	1068	1066	1058	1061	1063	1066	1041	976	964	943	919	918	929	985	845	295	31	12	27	22
956	1018	997	1060	1075	1068	1066	1068	1065	1064	1065	1064	1067	1034	958	932	926	919	924	942	984	742	246	36	15	24	23	41
986	1003	983	957	1017	1061	1065	1032	1054	1069	1069	1051	1002	937	916	919	921	927	981	952	570	149	25	21	31	51	83	94
669	459	744	991	971	952	963	951	989	997	981	951	928	921	921	935	987	1005	760	306	46	22	39	65	90	91	64	52
42	7	38	313	743	969	987	959	940	933	936	940	954	982	1012	956	704	311	56	17	53	80	94	85	54	72	244	494
44	50	46	18	35	238	548	772	879	917	923	903	836	684	428	156	20	30	69	86	88	65	45	114	304	562	562	326
57	55	55	58	59	38	18	46	104	148	164	130	69	34	46	73	91	85	81	77	74	211	469	539	419	220	114	117
1000	1005	1001	988	1005	992	993	1012	1013	1003	998	977	956	973	998	1024	1036	1042	1033	1020	981	929	921	918	975	1004	931	955
971	950	963	996	1031	1006	956	944	948	959	962	939	940	990	1033	1046	1053	1055	1054	1052	1045	1003	937	915	912	921	903	952
1006	946	976	1055	1068	1065	976	943	939	950	960	949	965	1018	1055	1045	1031	1040	1053	1053	1052	1049	985	925	922	912	901	943
1008	970	981	1064	1070	1064	991	937	925	933	939	932	956	1032	1049	1029	1025	1023	1044	1054	1051	1041	1014	947	928	906	905	937
986	992	969	1008	1035	1026	989	981	977	922	915	916	960	1029	1043	1033	1034	1036	1044	1049	1046	1037	1012	943	927	905	907	948
1152	1163	1161	1119	1056	976	970	971	980	924	913	921	970	1027	1041	1043	1033	1044	1049	1048	1042	1030	983	935	920	905	905	954
1190	1160	1163	1172	1198	1134	994	1002	960	924	912	917	942	1013	1039	1045	1043	1047	1051	1048	1038	1018	968	927	912	907	903	971
1157	1146	1145	1144	1146	1207	1114	1052	1037	998	945	915	919	981	1037	1045	1046	1049	1047	1045	1032	1009	957	918	909	909	908	1008
1148	1154	1159	1152	1134	1167	1169	1065	1070	1061	999	927	919	943	1013	1033	1037	1038	1037	1033	1015	984	934	911	909	905	941	1023
1155	1155	1151	1157	1142	1165	1194	1069	1064	1069	1037	952	919	926	962	1007	1020	1025	1024	1017	992	957	922	913	912	906	1003	1008
1190	1171	1152	1161	1165	1223	1200	1065	1064	1066	1056	964	916	924	941	981	1001	1007	1005	991	965	936	917	913	906	956	1034	1039
1213	1170	1161	1186	1240	1324	1159	1044	1068	1068	1061	963	916	924	934	963	972	976	978	964	936	921	914	909	920	1019	1038	1050
1113	1055	1056	1103	1277	1273	1031	1040	1064	1065	1059	968	917	917	924	941	938	941	942	927	921	918	912	903	1013	1061	1030	982
1335	1085	1074	1201	1220	1161	1036	1054	1056	1067	1057	959	917	918	918	922	921	925	922	920	922	915	900	974	1108	1041	997	960
1481	1338	1192	1443	1474	1149	1062	1072	1063	1074	1062	1023	1006	977	941	919	913	914	916	917	914	899	960	1101	1061	1020	983	945
1476	1452	1411	1635	1574	1077	1041	1058	1087	1056	1043	1067	1066	1048	1010	962	922	912	914	909	902	936	1052	1057	1051	1007	952	927
1161	1355	1447	1314	1253	1066	1059	1041	1070	1039	1028	1052	1069	1069	1058	1020	970	921	909	912	947	982	1008	1058	1025	944	925	949
1023	1214	1173	1031	1069	1049	1060	1055	1067	1051	1018	1035	1052	1065	1068	1063	1024	935	927	978	985	982	1031	1003	931	920	950	857
1071	1288	1124	1069	1067	1050	1067	1065	1063	1062	1059	1052	1058	1057	1052	1063	1043	963	990	1010	997	994	956	917	923	949	887	614
1123	1318	1095	1065	1062	1066	1066	1065	1065	1062	1058	1059	1059	1062	1032	989	991	964	963	947	927	911	911	918	942	908	666	314
1141	1275	1066	1055	1056	1065	1062	1062	1062	1059	1059	1058	1058	1061	1034	950	921	919	914	909	908	913	913	938	924	708	367	64
1076	1186	1041	1042	1060	1063	1067	1066	1063	1065	1063	1066	1067	1058	1000	920	907	908	909	911	913	913	941	941	740	382	86	19
960	960	961	1027	1069	1070	1069	1036	1054	1066	1064	1066	1054	994	929	915	914	914	914	913	916	959	951	717	331	69	19	40
916	907	998	949	988	1032	997	942	990	1024	1030	1011	957	921	920	921	921	917	913	945	1001	898	544	173	31	45	78	93
159	109	518	945	985	932	930	933	941	948	938	926	920	920	916	920	941	980	1011	915	587	205	32	53	88	89	63	47
35	42	6	167	630	954	994	966	948	947	949	963	980	1000	1014	991	896	685	385	122	27	64	100	86	53	63	221	472
56	54	59	40	18	184	487	709	814	840	827	767	671	536	368	207	80	25	48	89	102	73	42	99	278	545	571	345
55	55	56	58	61	45	22	27	48	52	41	18	2	18	51	79	101	102	90	80	73	186	450	539	430	232	115	113
975	995	1003	996	1010	1004	938	930	942	990	988	943	920	947	1014	1031	1037	1041	1037	1029	999	932	916	914	952	1004	945	939
964	992	1036	1064	1045	991	942	921	933	966	947	916	925	961	1005	1028	1039	1043	1037	1030	1007	951	917	913	919	920	899	933
985	986	1056	1070	1056	1004	962	933	929	954	938	924	932	956	993	1011	1023	1032	1028	1019	998	952	920	916	932	909	903	945
997	980	1045	1065	1040	987	967	957	941	943	929	931	932	952	987	1007	1017	1027	1020	1003	981	942	918	924	920	907	902	962
1027	1055	1056	1033	993	961	971	973	941	916	917	929	938	954	983	1004	1012	1018	1003	986	965	933	919	922	910	906	902	986
1208	1204	1209	1195	1138	1008	991	1031	1007	962	933	923	936	961	975	981	990	996	985	971	951	924	919	917	906	906	909	1015
1163	1152	1158	1164	1195	1174	1044	1068	1067	1036	999	945	917	939	965	977	975	971	973	964	938	916	918	916	906	903	935	1041
1145	1149	1153	1146	1136	1197	1112	1059	1065	1068	1059	996	924	929	945	955	958	954	949	950	932	918	920	910	906	903	978	1056
1156	1161	1163	1159	1148	1186	1152	1057	1064	1066	1067	1033	948	922	928	930	933	937	936	933	921	915	920	910	904	919	1021	1064
1171	1160	1153	1172	1178	1220	1172	1059	1068	1070	1071	1053	966	920	922	918	921	928	922	919	914	913	909	907	902	963	1057	1062
1206	1185	1171	1206	1261	1305	1110	1056	1068	1065	1067	1057	983	925	920	918	915	920	918	913	913	910	907	903	910	1019	1067	1062
1099	1105	1120	1156	1274	1213	1036	1051	1063	1062	1066	1063	997	924	922	918	911	910	911	911	910	909	907	900	953	1062	1066	1063
1078	1027	1039	1105	1223	1141	1044	1055	1063	1064	1061	1035	942	905	908	907	904	903	904	907	909	907	903	918	1020	1067	1062	1056
1394	1104	1172	1525	1361	1114	1090	1042	1058	1064	1024	969	948	952	937	920	906	904	905	906	905	907	920	991	1048	1065	1070	1065
1471	1389	1481	1696	1385	1105	1089	1090	1075	1055	1050	1047	1058	1060	1044	996	942	919	902	906	921	945	997	1050	1057	1067	1073	1022
1219	1358	1308	1268	1236	1061	1033	1060	1100	1054	1037	1054	1061	1064	1068	1063	1024	966	910	939	978	1013	1030	1044	1044	1045	1000	929
1128	1271	1094	1087	1141	1060	1059	1045	1052	1058	1046	1047	1058	1064	1064	1069	1064	1003	941	985	1017	1006	985	967	949	938	915	914
1149	1283	1054	1077	1078	1058	1065	1061	1058	1063	1061	1055	1055	1044	1042	1032	1013	970	945	980	982	967	942	914	910	912	915	934
1212	1281	1036	1071	1065	1057	1063	1063	1063	1062	1058	1059	1065	1016	967	956	941	925	920	924	921	912	908	909	911	914	928	956
1231	1225	1040	1056	1059	1057	1065	1062	1063	1063	1063	1063	1057	1014	939	912	906	906	905	904	906	909	912	913	915	927	954	966
1240	1171	1047	1067	1053	1057	1063	1059	1059	1063	1066	1052	1041	995	926	908	910	910	909	912	911	911	911	913	923	948	1004	643
986	999	1035	1059	1056	1063	1064	1065	1063	1055	1036	1021	999	948	913	909	911	911	911	913	914	915	916	918	960	1020	604	73
952	951	973	1041	1068	1067	1041	997	1015	999	978	973	944	919	914	913	914	914	914	916	917	914	928	1006	975	465	37	49
937	964	977	951	992	983	937	924	930	935	936	930	921	921	920	919	918	918	919	914	930	989	1003	727	228	29	85	92
174	300	723	983	958	925	929	932	931	929	926	925	921	919	916	914	916	930	963	1002	961	721	334	83	71	96	69	48
11	4	50	372	814	993	978	948	934	932	936	943	953	966	981	997	999	960	822	575	296	120	84	87	61	61	203	453
44	45	38	10	77	350	659	841	914	930	922	894	849	783	700	595	463	304	168	101	86	70	45	93	262	532	577	359
48	48	52	52	45	22	23	71	125	157	166	161	140	130	135	121	100	88	84	80	75	169	435	542	445	243	117	111
969	974	977	945	945	978	963	954	1026	1078	1010	1032	1054	988	936	919	920	933	934	924	914	910	925	943	987	994	931	976
1029	1054	1062	1013	947	963	950	967	1019	1084	1084	1022	964	935	925	922	931	942	935	927	917	910	913	916	919	906	900	980
1035	1062	1064	1024	978	950	945	953	952	1006	1010	943	917	915	915	919	929	935	924	922	914	913	917	920	913	902	907	1001
1022	992	1005	982	964	952	946	942	953	940	954	935	920	917	917	919	924	935	923	918	913	915	919	912	908	902	920	1025
1089	1101	1081	1021	975	965	980	986	1007	988	952	924	924	936	924	918	926	932	922	917	913	912	916	909	907	901	949	1047
1208	1198	1205	1222	1169	1028	1064	1071	1075	1065	1037	980	929	927	920	917	922	924	915	914	913	913	912	906	905	905	988	1060
1150	1153	1145	1141	1219	1115	1052	1066	1067	1068	1072	1056	989	928	917	917	915	919	915	911	911	912	910	907	902	925	1023	1065
1151	1159	1157	1136	1177	1203	1063	1066	1066	1068	1070	1073	1039	958	917	918	913	911	911	911	909	910	909	904	902	957	1046	1065
1161	1165	1171	1149	1166	1246	1082	1065	1068	1071	1066	1071	1061	990	921	916	912	911	910	911	911	911	910	902	915	992	1059	1064
1163	1143	1173	1194	1229	1280	1077	1070	1068	1070	1068	1069	1068	1007	918	910	909	907	908	907	904	901	901	905	942	1040	1068	1065
1177	1168	1181	1238	1317	1234	1044	1070	1063	1068	1065	1069	1073	980	907	907	906	904	898	896	897	898	901	917	995	1068	1067	1066
1057	1080	1047	1151	1299	1131	999	1040	1061	1067	1069	1058	1003	911	903	904	904	909	913	916	910	894	905	965	1050	1068	1067	1061
1084	1017	1170	1456	1314	1116	1058	1032	1044	1049	1012	972	954	967	976	991	999	993	984	947	910	911	969	1036	1065	1066	1061	1050
1318	1256	1452	1712	1388	1081	1073	1077	1031	1013	1009	1068	1095	1082	1084	1086	1060	1029	986	927	927	980	1034	1058	1054	1052	1036	1008
1351	1442	1310	1366	1333	1040	994	1051	1067	1032	1102	1110	1095	1092	1092	1075	1053	1017	943	949	991	1014	1010	1006	1007	998	980	944
1317	1363	1077	1093	1141	1055	1052	1050	1045	1052	1040	1057	1061	1047	1034	1019	1007	984	948	968	972	960	932	927	928	929	925	918
1287	1265	1004	1039	1056	1042	1058	1055	1055	1062	1057	1027	994	993	993	975	951	937	930	930	923	911	908	907	908	914	916	920
1317	1172	1022	1066	1066	1042	1055	1057	1055	1054	1053	1034	997	939	937	921	911	908	909	906	906	905	907	910	914	917	920	937
1356	1156	1029	1060	1063	1047	1060	1058	1056	1060	1046	1022	986	926	914	905	909	906	907	907	909	911	913	916	917	923	925	942
1276	1123	1038	1053	1064	1056	1062	1059	1059	1062	1024	987	955	920	914	911	911	910	910	911	911	914	919	919	922	926	930	970
1063	1048	1054	1064	1065	1060	1065	1056	1059	1036	980	939	921	909	912	911	910	909	910	912	914	917	915	920	926	922	974	691
941	994	1059	1071	1065	1063	1068	1057	1043	979	928	914	907	905	911	910	911	914	915	915	916	919	925	926	921	969	671	79
930	941	1028	1075	1071	1054	1011	970	955	923	912	906	909	910	912	910	910	911	913	915	921	928	922	933	950	549	60	57
966	950	936	984	994	959	929	925	922	917	913	910	911	914	914	913	917	916	917	923	925	923	964	859	353	50	92	94
823	920	997	944	919	930	933	929	924	921	919	919	917	917	916	915	918	923	925	930	957	946	640	181	78	108	74	50
300	370	609	910	989	941	919	918	918	921	920	921	923	921	927	931	933	947	964	923	707	324	91	82	65	61	197	445
104	102	119	276	626	886	976	992	989	979	971	966	964	960	957	945	905	788	560	285	102	59	47	91	255	526	583	372
103	90	74	64	82	181	334	477	576	644	689	710	686	639	577	444	283	138	66	61	70	156	424	541	454	253	119	109
945	958	948	941	970	944	940	1046	1145	1127	1087	1086	1132	1138	1097	1062	1018	969	929	925	951	992	1029	1014	976	950	992	1056
967	1013	964	950	959	968	956	946	1022	1112	1130	1116	1128	1102	1052	1005	945	922	920	920	943	950	941	923	910	927	994	1060
1015	1060	1006	964	948	946	995	948	933	1053	1109	1079	1092	1068	997	942	928	924	927	925	925	919	910	904	908	931	1006	1067
1053	1032	1000	969	948	933	962	963	953	979	997	981	978	981	944	929	932	926	928	925	923	915	906	903	909	940	1022	1070
1102	1078	1048	996	933	936	1014	1058	1065	1066	1052	1016	953	924	931	929	934	927	922	917	913	911	903	903	914	955	1041	1070
1196	1193	1179	1140	1049	994	1059	1073	1069	1070	1073	1075	1041	965	925	923	924	923	915	915	913	910	904	903	919	965	1042	1070
1163	1162	1173	1180	1170	1060	1041	1071	1070	1072	1072	1074	1077	1024	921	915	915	913	915	913	910	908	902	908	932	970	1032	1067
1142	1141	1139	1173	1195	1131	1053	1071	1071	1072	1071	1067	1069	1066	947	908	906	907	912	909	906	902	897	923	960	961	1023	1062
1165	1156	1150	1163	1217	1182	1068	1071	1072	1075	1071	1069	1074	1073	951	910	913	906	908	909	906	905	919	973	981	965	1036	1062
1164	1168	1177	1196	1264	1217	1046	1075	1071	1075	1076	1075	1075	1044	928	923	934	929	920	923	942	974	996	1038	1012	1003	1058	1053
1152	1171	1227	1265	1269	1188	1036	1039	1050	1070	1071	1070	1045	969	946	959	961	962	979	1023	1055	1056	1088	1114	1059	1032	1048	1028
1103	1075	1088	1207	1193	1138	1148	1109	1077	1046	1033	1029	993	992	1019	1047	1107	1159	1182	1180	1178	1189	1205	1155	1048	1012	1010	985
1029	999	1153	1500	1382	1158	1127	1208	1189	1014	1047	1160	1232	1263	1277	1299	1287	1260	1242	1257	1271	1240	1152	1057	992	984	965	946
1048	1096	1389	1641	1570	1261	1022	1080	1068	1042	1243	1287	1269	1245	1210	1176	1156	1168	1177	1118	1049	1005	955	947	950	945	937	927
1263	1326	1328	1264	1311	1182	1002	1041	1030	1205	1241	1201	1184	1131	1101	1083	1061	1033	999	957	925	915	914	917	919	920	926	931
1379	1294	1070	1009	1037	1029	1015	1044	1163	1158	1180	1154	1077	1044	1036	1019	988	953	923	908	904	910	913	914	916	925	929	951
1406	1150	958	986	1007	1007	1031	1103	1123	1177	1155	1032	1022	1009	986	960	936	915	907	908	912	911	914	917	923	929	935	961
1304	1085	985	1028	1060	1023	1055	1088	1122	1191	1017	983	960	953	931	915	911	910	912	912	914	913	916	919	923	925	960	848
1252	1060	1010	1050	1069	1039	1060	1087	1136	1048	939	923	916	906	907	906	909	909	911	913	913	913	918	920	925	940	949	611
1154	1035	1036	1064	1073	1054	1057	1090	1073	963	913	903	910	913	910	909	907	909	911	912	915	917	918	921	927	973	742	350
1023	1022	1059	1065	1069	1064	1054	1073	1028	930	907	909	907	911	912	911	910	911	914	916	916	919	920	924	971	806	422	90
945	1045	1070	1068	1069	1066	1061	1041	951	908	909	909	908	909	913	911	914	915	915	917	918	920	929	970	821	468	135	5
920	988	1071	1075	1072	1067	1006	933	915	913	912	909	910	912	914	916	915	917	918	917	917	947	963	762	448	161	30	38
925	925	982	1023	1005	963	927	922	918	914	914	914	916	918	919	919	919	917	918	943	978	906	654	368	143	61	76	96
952	942	929	934	939	946	941	935	932	926	925	924	921	920	916	919	929	953	981	927	739	482	249	121	101	94	71	49
958	964	968	951	927	925	929	929	930	930	928	931	939	948	963	964	934	851	676	460	291	171	120	96	61	60	191	442
819	821	857	928	984	994	986	976	975	965	952	934	903	845	761	629	473	337	234	158	111	79	45	87	251	524	591	382
557	523	494	519	564	611	630	616	600	567	525	463	398	332	277	214	162	118	88	78	72	149	420	545	466	261	122	109
1019	1015	984	952	938	923	940	1012	1098	1067	1042	1038	1006	1000	1003	999	974	967	997	1010	1012	1006	985	985	1026	1067	1068	1012
1003	956	958	971	946	942	963	924	928	937	966	1000	1012	1001	1007	980	939	927	951	959	957	955	947	962	1016	1048	1064	1028
959	958	980	985	940	944	978	959	964	962	951	952	1018	1032	1004	943	929	933	930	918	912	925	942	960	1001	1048	1051	1021
996	1009	1018	1011	972	982	1022	1010	1037	1045	1038	1021	1011	983	951	922	923	921	917	913	909	913	944	975	994	1045	1048	1021
1035	1052	1043	1025	1013	1006	1031	1074	1077	1073	1075	1079	1053	948	913	916	913	912	911	909	906	902	947	997	1002	1041	1044	1022
1081	1097	1078	1047	1010	994	1042	1079	1073	1074	1076	1076	1083	1022	919	919	911	908	909	907	904	905	946	1038	1048	1038	1044	1020
1173	1181	1183	1098	1026	984	1044	1080	1075	1076	1074	1069	1051	1070	972	939	933	921	914	911	917	935	971	1070	1127	1075	1046	1020
1159	1160	1201	1235	1070	975	1037	1081	1076	1076	1071	1052	1059	1079	984	971	976	947	931	934	952	990	1036	1109	1202	1182	1044	1009
1165	1165	1184	1247	1211	963	1034	1078	1080	1076	1076	1075	1075	1051	993	1015	1025	991	974	987	1014	1072	1131	1176	1290	1286	1043	985
1184	1193	1219	1270	1306	1018	998	1022	1058	1075	1076	1065	1054	1024	1028	1042	1057	1055	1045	1065	1136	1193	1198	1246	1415	1354	1002	962
1237	1238	1271	1322	1318	1183	1023	993	1035	1056	1041	1036	1043	1036	1059	1075	1100	1132	1170	1219	1240	1231	1248	1330	1489	1229	927	936
1328	1322	1328	1288	1263	1254	1240	1192	1154	1178	1106	1124	1123	1131	1142	1199	1206	1191	1180	1183	1183	1215	1282	1365	1312	974	921	932
1188	1195	1235	1409	1389	1245	1196	1236	1224	1269	1483	1512	1323	1247	1254	1194	1101	1071	1059	1083	1096	1120	1170	1155	980	914	930	939
1044	1010	1156	1546	1453	1332	1175	1178	1151	1374	1476	1216	1224	1171	1096	1062	1056	1056	1056	1061	1074	1066	1025	956	915	919	931	935
1030	1025	1252	1371	1372	1307	1158	1087	1186	1355	1201	1256	1134	1040	1059	1063	1066	1068	1071	1063	1041	995	941	913	916	920	930	935
1120	1220	1264	1117	1130	1194	1062	1134	1242	1162	1260	1155	1047	1068	1069	1070	1073	1070	1051	1007	954	917	909	912	915	918	924	947
1255	1241	1172	997	962	1008	1082	1225	1130	1185	1217	1055	1071	1072	1074	1070	1057	1026	971	925	906	905	912	913	919	923	925	955
1269	1223	1112	1013	982	1016	1147	1138	1110	1243	1102	1060	1063	1052	1026	993	952	926	907	904	904	904	910	915	918	920	936	904
1245	1077	1028	1041	1011	1054	1140	1091	1169	1214	1023	1027	1009	988	957	942	932	921	911	902	902	903	908	912	917	923	939	838
1197	1044	1014	1062	1050	1076	1112	1104	1173	1052	1003	1007	1000	992	980	955	936	920	907	901	902	905	910	913	918	930	909	769
1129	1042	1037	1059	1058	1078	1113	1131	1129	1004	1009	1009	1002	990	978	961	937	919	909	903	906	912	916	918	922	925	866	669
1057	1042	1055	1058	1051	1080	1133	1184	1071	980	995	999	996	985	967	948	930	913	906	906	910	915	917	915	924	914	787	500
967	1031	1065	1064	1060	1067	1104	1071	973	966	974	969	958	943	924	916	913	906	910	915	916	910	915	930	948	837	546	279
921	966	1025	1022	988	961	956	954	959	958	952	936	922	913	911	915	915	918	916	914	911	918	956	960	763	435	214	113
925	929	935	930	923	931	944	947	948	935	923	920	921	922	920	919	915	912	911	929	972	989	848	508	238	113	63	42
931	931	930	928	931	938	941	938	935	930	927	924	923	916	911	914	930	962	993	962	797	512	244	108	53	53	183	433
945	945	942	938	929	930	930	929	925	920	917	923	941	963	987	997	948	809	590	350	169	78	40	85	248	521	607	392
953	960	964	963	959	958	960	962	974	981	991	973	908	807	669	474	288	155	86	69	72	147	418	554	474	270	127	106
932	940	949	1065	1101	1115	1058	989	999	965	939	919	927	941	932	933	949	975	985	1008	1029	1053	1066	1052	998	786	532	330
932	942	945	954	977	983	980	935	996	1015	951	932	927	918	915	921	926	925	927	965	1029	1056	1112	1112	1043	910	585	333
938	931	951	947	931	944	979	997	1036	1053	1017	1004	970	913	917	927	929	928	925	928	984	1066	1148	1170	1140	996	739	355
946	930	948	953	946	977	1002	1006	1040	1077	1080	1080	1040	935	936	942	942	942	937	937	964	1093	1198	1194	1248	1088	904	439
965	969	977	962	951	989	998	1025	1078	1078	1079	1078	1086	1002	976	987	975	966	957	973	1023	1131	1233	1217	1261	1248	986	653
966	991	1011	992	992	1043	1021	1069	1082	1081	1083	1081	1070	1054	1024	1037	1018	996	997	1026	1101	1195	1242	1230	1237	1324	1044	870
971	984	1018	1015	1044	1064	1070	1081	1086	1081	1076	1062	1059	1075	1059	1063	1050	1037	1053	1094	1179	1236	1230	1209	1220	1328	1072	950
1032	1034	1024	1035	1061	1069	1067	1074	1086	1085	1084	1079	1081	1065	1054	1067	1073	1091	1113	1165	1239	1251	1214	1186	1186	1304	1066	932
1087	1092	1071	1065	1027	1036	1011	999	1062	1087	1087	1081	1062	1050	1068	1084	1116	1147	1152	1233	1293	1267	1211	1173	1156	1253	1048	930
1118	1126	1117	1135	1071	966	965	946	1000	1085	1080	1058	1068	1083	1112	1147	1166	1169	1267	1365	1354	1277	1191	1146	1127	1199	1006	929
1178	1183	1196	1230	1254	1162	1082	1029	1024	1154	1232	1212	1184	1190	1206	1218	1262	1325	1345	1290	1230	1180	1140	1091	1079	1103	960	928
1202	1203	1207	1226	1272	1281	1267	1245	1236	1340	1497	1473	1354	1235	1270	1282	1178	1113	1083	1075	1072	1072	1068	1054	1068	1038	931	928
1181	1200	1193	1143	1146	1123	1095	1070	1116	1296	1527	1366	1179	1265	1187	1056	1049	1052	1067	1069	1071	1069	1056	1059	1055	979	917	925
1162	1163	1079	1041	1056	1071	1074	1059	1116	1379	1382	1119	1231	1247	1034	1065	1074	1074	1072	1071	1072	1072	1072	1063	997	927	912	917
1160	1172	1045	1019	1046	1058	1077	1074	1200	1372	1229	1161	1356	1073	1069	1070	1068	1068	1067	1068	1072	1070	1046	982	919	907	912	916
1111	1116	1088	1056	1045	1082	1120	1196	1261	1269	1176	1374	1192	1059	1069	1064	1059	1062	1069	1069	1060	1018	956	912	904	907	910	911
1089	1149	1188	1084	1027	1040	1133	1248	1231	1173	1264	1325	1063	1066	1065	1064	1060	1054	1046	1015	979	941	919	909	904	907	913	912
1119	1208	1241	1107	1051	1076	1105	1184	1158	1141	1328	1117	1061	1064	1060	1055	1047	1034	1019	999	978	959	932	909	904	907	909	917
1168	1147	1137	1137	1078	1086	1114	1154	1107	1225	1208	1011	1048	1059	1054	1053	1052	1044	1029	1004	971	943	919	903	900	905	910	926
1222	1151	1077	1090	1076	1092	1118	1127	1140	1253	1008	1020	1050	1054	1053	1054	1050	1038	1021	994	965	937	908	896	898	905	913	931
1209	1233	1121	1021	1079	1128	1112	1127	1255	1056	1013	1048	1050	1050	1048	1046	1043	1033	1017	987	950	919	902	901	906	909	917	940
1202	1201	1167	1075	1063	1128	1119	1171	1127	1012	1046	1045	1045	1047	1046	1042	1033	1013	981	940	916	905	907	909	908	909	928	956
1136	1108	1099	1095	1069	1071	1135	1115	1037	1045	1051	1050	1047	1044	1032	1015	980	945	920	908	908	911	910	906	909	942	999	948
1114	1065	1050	1052	1042	1017	1039	1040	1053	1053	1053	1044	1025	996	962	931	915	917	916	916	916	909	905	938	997	945	660	289
986	961	967	961	976	1009	1032	1046	1045	1028	998	965	941	927	916	918	921	923	915	909	916	954	1007	918	580	226	53	30
926	931	942	962	983	998	996	987	969	947	931	924	925	924	923	917	913	924	953	992	986	833	507	182	37	43	178	429
940	945	949	955	963	959	948	940	937	930	924	918	914	922	943	979	1002	962	819	576	304	105	21	75	243	518	613	415
936	934	940	939	936	935	931	927	925	926	940	965	994	971	865	675	451	240	103	59	62	136	410	559	485	284	133	110
961	937	938	991	993	993	971	931	919	936	932	941	939	937	937	938	953	991	1047	1068	1072	1059	1052	989	799	172	58	58
957	952	943	942	963	957	942	934	1017	1044	950	969	964	948	963	973	984	998	1021	1072	1080	1198	1366	1300	1053	708	44	14
961	961	959	955	957	946	935	953	1034	1065	1022	1050	1025	997	1024	1030	1038	1041	1046	1076	1224	1347	1315	1218	1148	1010	471	0
942	967	965	959	960	942	954	997	1002	1060	1088	1087	1085	1052	1070	1070	1065	1063	1102	1214	1337	1335	1233	1126	1118	1046	917	164
585	737	932	954	950	956	970	1013	1038	1083	1087	1084	1080	1076	1090	1081	1078	1130	1207	1281	1325	1279	1166	1102	1092	1068	1003	661
500	558	724	931	942	973	1021	1067	1081	1086	1079	1075	1064	1078	1076	1078	1136	1209	1252	1299	1308	1184	1100	1082	1073	1070	1001	951
832	795	828	938	948	991	1050	1077	1076	1084	1073	1067	1072	1075	1092	1145	1208	1231	1255	1320	1257	1119	1080	1071	1064	1061	1031	949
878	876	907	951	957	993	1027	1020	1025	1080	1082	1089	1098	1130	1179	1220	1235	1217	1308	1362	1224	1110	1077	1059	1062	1052	1044	942
858	893	894	943	962	1008	979	942	969	1064	1079	1115	1214	1261	1271	1261	1217	1233	1471	1412	1202	1100	1067	1050	1057	1049	1048	941
881	903	903	948	957	988	955	936	933	989	1090	1411	1450	1369	1331	1259	1238	1509	1533	1289	1123	1061	1039	1050	1062	1056	1042	928
862	859	920	952	965	977	950	940	961	1028	1542	1627	1370	1326	1286	1342	1584	1432	1166	1079	1056	1061	1063	1067	1066	1069	1027	916
837	842	907	941	998	1032	999	1012	1147	1310	1574	1265	1226	1251	1377	1454	1197	1061	1067	1065	1075	1077	1073	1074	1070	1074	989	912
858	882	933	916	981	1063	1064	1079	1199	1351	1386	1186	1189	1413	1399	1092	1055	1064	1063	1075	1077	1073	1070	1071	1073	1062	951	912
880	959	946	909	933	1061	1077	1063	1207	1334	1342	1257	1462	1671	1118	1047	1057	1063	1073	1069	1068	1070	1068	1067	1071	1012	917	912
908	959	922	928	946	1028	1078	1081	1229	1254	1332	1496	1863	1284	1037	1058	1064	1068	1069	1067	1067	1068	1070	1066	1023	943	907	909
861	879	919	970	997	1025	1075	1110	1250	1217	1220	1636	1460	1041	1067	1067	1062	1059	1064	1061	1062	1061	1052	1018	970	919	908	911
876	908	940	991	1011	1049	1072	1130	1261	1205	1226	1387	1073	1076	1074	1070	1050	1046	1054	1054	1060	1053	1039	1019	976	922	911	911
938	945	966	991	1047	1082	1089	1151	1228	1180	1297	1117	1054	1068	1068	1059	1050	1054	1063	1061	1059	1054	1042	1013	948	906	906	908
976	985	966	992	1051	1079	1103	1180	1185	1237	1197	964	991	1038	1058	1057	1060	1060	1060	1059	1056	1046	1033	1000	951	909	902	905
1022	1008	977	1014	1064	1087	1124	1199	1188	1186	971	960	1026	1054	1054	1053	1052	1052	1054	1060	1059	1055	1037	998	943	906	905	908
1036	1059	1049	1080	1093	1101	1130	1197	1135	968	982	1042	1050	1045	1045	1046	1044	1048	1053	1059	1058	1044	1010	952	908	903	906	906
1123	1138	1067	1064	1064	1102	1139	1062	984	1021	1048	1046	1045	1047	1047	1045	1046	1051	1058	1053	1025	975	929	911	911	915	908	921
1141	1159	1076	1114	1118	1143	1021	980	1032	1046	1046	1045	1047	1049	1050	1056	1058	1045	1010	966	926	916	918	918	911	923	971	924
1180	1238	1117	1129	1169	1150	1014	1041	1046	1046	1047	1049	1052	1053	1044	1019	978	940	916	915	921	920	913	932	982	938	653	281
1241	1254	1111	1078	1164	1111	1038	1043	1043	1051	1053	1044	1020	989	953	930	921	919	920	918	921	950	995	919	614	248	67	37
1064	1043	1028	1043	1059	1056	1055	1049	1034	1008	974	947	926	919	921	920	920	927	949	986	983	839	526	201	44	42	164	409
944	958	988	1011	1025	1022	996	964	938	926	921	917	918	926	944	972	990	954	826	596	325	119	27	69	227	506	617	436
936	937	940	943	945	941	931	929	924	926	937	955	982	950	850	674	458	254	116	63	63	125	389	556	493	301	141	112
1009	969	944	944	1018	1036	1012	956	939	941	977	1015	959	973	1010	1041	1068	1077	1066	1078	1076	1032	977	984	893	255	42	77
1038	1012	978	994	1035	1019	952	944	991	996	980	1005	1024	1059	1082	1086	1090	1085	1081	1081	1076	1073	1058	991	1000	907	203	35
1047	1037	1030	1031	1034	1008	949	987	1078	1055	1017	1080	1092	1096	1101	1101	1100	1144	1142	1105	1168	1099	1028	1001	1016	1037	801	114
1021	1042	1039	1042	1028	968	953	1037	1058	1034	1084	1094	1094	1098	1098	1086	1152	1346	1375	1259	1173	1066	1038	1050	1035	1049	1034	642
869	947	1028	1036	1018	957	967	1051	1041	1050	1085	1085	1078	1090	1088	1171	1313	1340	1297	1212	1121	1048	1056	1069	1056	1047	1045	962
859	901	939	985	967	937	954	1026	1037	1074	1112	1116	1131	1157	1262	1389	1345	1268	1236	1158	1077	1040	1063	1072	1070	1064	1040	977
963	949	957	988	952	944	938	958	967	1070	1171	1190	1234	1312	1389	1345	1268	1306	1213	1128	1042	1048	1070	1074	1074	1073	1058	955
959	943	942	988	949	958	929	917	911	1063	1226	1273	1350	1385	1336	1266	1234	1392	1244	1084	1036	1062	1072	1075	1074	1073	1073	960
959	938	946	975	954	965	929	929	900	1034	1237	1363	1453	1406	1325	1274	1273	1480	1197	1041	1052	1069	1067	1073	1074	1074	1077	977
943	941	943	960	957	967	928	917	894	1007	1289	1442	1387	1337	1299	1300	1406	1542	1068	1046	1066	1066	1055	1072	1071	1071	1075	984
910	928	951	960	961	956	924	923	915	997	1394	1327	1268	1283	1286	1346	1577	1294	1049	1069	1059	1047	1061	1070	1071	1073	1072	963
895	906	937	940	949	945	916	910	907	1015	1406	1252	1223	1241	1305	1484	1440	1132	1072	1061	1057	1055	1068	1073	1071	1072	1046	932
919	937	949	932	948	951	921	916	921	1043	1415	1269	1205	1270	1410	1419	1227	1085	1058	1060	1065	1065	1071	1068	1066	1071	1013	916
889	919	934	949	949	967	964	917	937	1055	1484	1408	1308	1445	1339	1202	1099	1063	1060	1067	1065	1068	1067	1063	1069	1062	978	915
899	793	791	967	958	974	938	904	958	1072	1559	1665	1586	1363	1122	1073	1069	1064	1056	1068	1061	1067	1071	1070	1067	1039	951	914
875	851	823	945	953	948	951	935	969	1145	1371	1531	1341	1104	1064	1067	1070	1068	1068	1069	1071	1068	1068	1068	1067	1021	919	911
825	837	879	946	957	963	970	985	1017	1154	1148	1079	1059	1075	1077	1073	1063	1048	1063	1063	1065	1064	1066	1068	1056	974	911	912
795	818	919	945	982	1007	993	1013	1018	1034	1036	1066	1076	1073	1070	1066	1053	1051	1062	1061	1061	1057	1057	1057	1036	977	926	910
776	832	911	957	998	1033	1026	1022	1016	1038	1050	1052	1028	1036	1053	1062	1064	1063	1058	1058	1056	1057	1059	1058	1049	1005	928	905
815	855	920	972	996	1034	1051	1037	1034	1025	1018	1014	1032	1056	1061	1061	1056	1055	1055	1057	1056	1056	1062	1066	1052	988	922	912
906	916	932	954	998	1029	1042	1034	1013	1009	1031	1056	1057	1055	1052	1054	1054	1056	1055	1054	1054	1061	1067	1056	1011	953	923	916
966	936	914	947	984	1032	1032	1011	1027	1046	1048	1051	1053	1054	1054	1053	1052	1051	1052	1058	1062	1058	1031	988	956	932	917	910
1021	974	949	967	1004	1026	995	1026	1047	1045	1045	1047	1046	1047	1047	1047	1053	1059	1056	1045	1014	974	946	934	920	919	961	972
1156	1081	1025	1070	1089	1066	1023	1044	1042	1042	1042	1041	1042	1046	1054	1057	1049	1021	980	946	928	921	923	942	979	949	734	384
1179	1221	1121	1104	1163	1086	1042	1043	1043	1044	1047	1056	1054	1040	1014	978	943	924	920	917	928	956	989	911	636	284	81	34
1066	1073	1034	1049	1064	1055	1053	1050	1043	1032	1009	981	951	927	917	913	917	926	949	983	971	813	521	218	55	40	153	394
943	968	992	1006	1017	1013	997	972	946	929	917	916	915	916	933	963	989	964	848	614	326	125	35	66	216	494	629	454
936	945	942	943	940	935	929	924	921	922	924	936	966	982	907	734	507	283	131	69	67	115	369	557	508	315	149	112
1036	1046	1024	948	938	944	944	955	987	1004	1046	1056	1034	1048	1089	1093	1086	1078	1081	1080	1079	1084	1044	980	868	390	66	65
1025	1029	1042	1016	938	938	929	954	1024	1074	1077	1060	1072	1091	1093	1089	1087	1083	1083	1082	1079	1080	1071	976	967	971	593	149
1021	1029	1031	1043	972	935	938	993	1056	1079	1066	1083	1101	1098	1095	1094	1091	1105	1088	1077	1040	1008	1039	1035	1029	1013	986	647
1028	1028	1027	1043	1007	946	977	1048	1077	1060	1062	1095	1086	1090	1095	1085	1151	1223	1130	1058	1019	1035	1068	1077	1078	1080	1041	975
1037	1031	1023	1030	1024	962	1010	1122	1222	1222	1177	1204	1170	1102	1070	1153	1218	1187	1113	1058	1058	1063	1069	1070	1069	1072	1077	1022
1034	1033	1027	1019	1022	972	1034	1121	1159	1234	1266	1318	1480	1432	1399	1370	1259	1159	1057	1022	1062	1069	1065	1068	1068	1063	1067	1054
1022	1025	1024	1013	1016	953	990	1176	1195	1197	1284	1322	1347	1443	1486	1415	1380	1272	1031	997	1063	1070	1069	1069	1066	1065	1060	1035
1026	1026	1021	1016	1018	952	926	1027	1245	1311	1227	1243	1315	1340	1408	1413	1404	1402	1067	1027	1061	1069	1067	1067	1066	1069	1062	987
1023	1025	1021	1013	1008	945	937	961	1179	1317	1133	1257	1288	1353	1461	1445	1398	1402	1136	1061	1064	1068	1062	1064	1068	1069	1067	975
1024	1026	1022	1015	985	933	932	975	1166	1305	1127	1257	1306	1405	1488	1430	1369	1348	1189	1080	1066	1067	1063	1060	1064	1066	1070	989
1036	1036	1028	1006	958	935	938	973	1205	1295	1129	1258	1353	1426	1438	1369	1329	1307	1150	1072	1051	1052	1049	1062	1065	1067	1069	986
1029	1015	995	983	958	942	942	974	1186	1313	1117	1248	1375	1416	1369	1302	1343	1235	1104	1068	1043	1023	1018	1060	1069	1070	1058	955
1034	1018	1012	1003	986	956	942	974	1139	1323	1186	1174	1308	1353	1314	1322	1381	1161	1072	1063	1046	1017	1014	1052	1071	1068	1031	930
1000	1013	1024	1029	1015	959	938	981	1124	1260	1177	1174	1244	1284	1323	1434	1325	1093	1052	1049	1038	1013	1031	1049	1071	1053	1013	919
971	961	1001	1010	998	947	927	974	1145	1248	1102	1069	1188	1351	1464	1368	1120	1048	1024	1030	1022	1029	1042	1054	1067	1053	1000	912
962	992	955	941	932	931	927	969	1196	1290	1161	1181	1287	1322	1219	1080	1065	1067	1044	1034	1026	1053	1062	1054	1055	1067	978	908
941	993	964	928	924	917	932	976	1315	1515	1423	1275	1153	1063	1055	1068	1061	1038	1048	1067	1063	1071	1058	1049	1058	1052	1001	926
927	944	963	947	937	912	935	1052	1450	1431	1126	1031	1060	1066	1050	1008	976	987	1036	1057	1061	1050	1047	1057	1062	1067	1041	952
949	953	945	937	925	917	962	1135	1190	1072	1033	1041	1047	1030	1000	992	1014	1029	1041	1046	1043	1045	1056	1057	1060	1063	1042	950
933	933	943	933	925	937	995	1057	999	999	1009	1026	1042	1051	1057	1059	1056	1055	1053	1052	1052	1053	1055	1060	1062	1065	1021	937
936	936	946	933	938	933	959	980	996	1013	1037	1053	1062	1059	1055	1055	1053	1052	1053	1052	1050	1053	1055	1060	1068	1051	970	933
943	941	949	951	944	949	970	980	1022	1048	1059	1063	1061	1056	1054	1053	1054	1054	1055	1055	1055	1059	1065	1061	1030	971	933	909
939	938	959	973	979	1008	1029	1037	1051	1056	1054	1054	1055	1057	1055	1056	1059	1057	1059	1064	1069	1060	1029	981	940	920	949	985
1105	1016	976	995	1015	1035	1047	1046	1047	1049	1054	1055	1052	1051	1055	1059	1062	1062	1049	1024	989	956	934	938	972	983	802	447
1101	1016	1003	1025	1035	1047	1053	1051	1051	1048	1048	1052	1056	1057	1051	1028	993	960	938	921	919	941	988	971	738	345	89	27
992	1018	1035	1039	1043	1052	1050	1032	1008	990	982	978	975	958	943	926	917	918	936	970	992	908	641	283	61	31	141	379
950	974	987	986	980	969	950	936	923	919	916	916	916	913	927	956	986	985	895	696	418	169	34	54	205	485	638	472
948	943	938	932	931	926	925	923	924	924	923	932	961	989	941	786	566	335	156	71	60	104	354	557	522	332	156	110
1030	1032	1033	1047	994	972	977	980	983	1054	1081	1078	1082	1043	1048	1070	1051	1050	1063	1073	1078	1077	1016	935	925	863	694	293
1193	1158	1130	1140	1107	1014	1023	1017	989	1063	1075	1061	1041	1047	1085	1088	1086	1078	1066	1050	1061	1066	1011	967	960	942	936	835
1214	1122	1134	1169	1240	1185	1063	1060	1053	1062	1066	1044	1029	1054	1089	1087	1087	1082	1076	1064	1060	1051	1042	1064	1059	1034	958	941
1125	1091	1126	1166	1216	1349	1322	1154	1085	1078	1049	1051	1067	1071	1084	1084	1076	1066	1072	1087	1079	1068	1072	1075	1073	1079	1067	959
1079	1077	1114	1164	1222	1282	1338	1383	1307	1211	1150	1110	1099	1077	1074	1064	1068	1068	1075	1060	1071	1062	1068	1072	1070	1070	1076	1054
1049	1039	1075	1147	1250	1274	1254	1222	1192	1240	1244	1217	1185	1129	1133	1084	1061	1064	1073	1040	1034	1042	1042	1069	1067	1066	1065	1070
1020	1008	1035	1102	1117	1094	1117	1237	1154	1147	1237	1225	1199	1250	1265	1248	1181	1078	1058	1028	986	1020	1028	1049	1058	1057	1058	1060
1036	1017	1023	1040	1033	1048	1018	1067	1188	1204	1136	1215	1235	1202	1249	1251	1226	1231	1106	1004	956	1008	1038	1049	1052	1051	1046	1041
1049	1040	1032	1010	1030	1046	1057	1017	1229	1177	1081	1243	1179	1184	1314	1331	1235	1263	1266	1065	976	1001	1041	1052	1054	1056	1036	988
1057	1042	1045	1024	1020	1041	1053	1032	1307	1119	1124	1218	1144	1211	1445	1458	1288	1224	1340	1247	1031	1011	1038	1050	1059	1066	1025	957
1051	1042	1036	1035	1017	1038	1045	1074	1405	1136	1214	1224	1164	1278	1491	1483	1242	1114	1203	1382	1172	1057	1043	1042	1063	1073	1023	964
1047	1043	1034	1036	1024	1032	1034	1130	1450	1380	1335	1267	1184	1284	1445	1359	1135	1076	1156	1229	1249	1168	1129	1040	1062	1074	1019	956
1045	1041	1023	1022	1028	1034	1030	1157	1449	1330	1433	1339	1175	1159	1305	1252	1105	1138	1179	1187	1188	1164	1185	1103	1058	1066	1013	937
1035	1023	997	981	1029	1031	1034	1166	1450	1251	1310	1484	1355	1134	1117	1214	1236	1188	1153	1158	1162	1144	1157	1169	1057	1058	1010	919
1023	1008	947	939	1009	1031	1040	1177	1349	1247	1243	1340	1424	1343	1202	1141	1114	1136	1131	1128	1200	1183	1135	1175	1072	1055	1018	912
997	1009	921	899	959	1025	1050	1187	1268	1151	1254	1508	1283	1182	1126	1062	1046	1047	1063	1087	1287	1176	1125	1173	1080	1062	1050	925
992	969	905	896	917	1003	1034	1230	1348	1164	1309	1593	1129	1056	1065	1065	1052	1007	984	1142	1231	1150	1183	1138	1065	1058	1073	994
968	946	915	910	892	958	1010	1246	1684	1384	1334	1352	1062	1063	1050	1023	976	920	995	1171	1186	1259	1201	1067	1051	1055	1064	1033
942	929	919	907	901	926	1016	1121	1644	1458	1370	1216	1038	1034	984	948	941	955	978	1129	1188	1149	1061	1049	1053	1053	1061	1028
929	917	910	907	910	919	984	1029	1138	1286	1226	1053	1021	1025	1026	1025	1035	1048	1054	1050	1054	1059	1067	1065	1063	1065	1053	968
911	914	914	929	962	963	964	993	1037	1095	1070	1034	1030	1051	1058	1056	1052	1052	1052	1053	1058	1063	1066	1066	1067	1031	953	916
913	922	939	999	1029	1019	1028	1037	1041	1050	1065	1063	1061	1055	1054	1056	1054	1052	1055	1056	1060	1064	1069	1073	1032	938	917	917
924	949	1000	1040	1044	1046	1049	1048	1052	1062	1064	1063	1064	1063	1060	1057	1057	1057	1059	1062	1066	1070	1060	1004	932	920	953	974
941	965	1016	1046	1045	1047	1053	1051	1053	1059	1061	1059	1061	1064	1060	1057	1053	1060	1065	1059	1037	994	945	926	969	988	803	429
954	982	1027	1051	1050	1051	1056	1057	1054	1053	1055	1059	1060	1060	1058	1054	1044	1022	990	955	929	935	986	985	760	361	94	30
944	976	1019	1045	1045	1045	1050	1049	1041	1028	1022	1010	993	970	955	942	929	922	932	968	995	921	664	304	68	31	133	367
941	938	939	945	943	946	950	950	944	938	933	924	918	914	926	954	985	985	905	711	434	180	37	49	194	477	636	482
937	937	931	930	929	927	925	923	924	923	924	930	954	986	946	796	582	348	165	73	60	98	339	554	529	343	159	110
1056	1080	1058	1060	1010	978	984	992	961	1043	1047	1018	1016	1019	962	976	1018	1054	1073	1076	1064	1012	949	930	925	924	964	800
1159	1150	1143	1147	1079	1056	1059	1038	1010	1038	1064	1071	1073	1059	995	993	1001	1022	1040	1058	1079	1077	1056	1020	975	946	914	956
1232	1149	1146	1130	1112	1103	1089	1085	1078	1052	1062	1070	1049	1027	1050	1043	1030	1038	1045	1066	1079	1079	1077	1072	1072	1063	995	912
1286	1180	1124	1099	1097	1108	1095	1080	1081	1081	1076	1065	1022	988	1055	1067	1062	1050	1049	1073	1078	1075	1072	1070	1072	1074	1077	1001
1307	1185	1134	1111	1094	1079	1076	1081	1070	1067	1071	1064	1042	986	1046	1069	1077	1070	1046	1015	1060	1070	1071	1072	1069	1063	1067	1066
1305	1188	1150	1128	1094	1061	1039	1068	1084	1070	1067	1058	1063	1036	1035	1068	1081	1080	1067	1018	1009	1046	1034	1040	1062	1064	1064	1069
1267	1210	1163	1149	1086	1057	1042	1040	1075	1074	1063	1058	1060	1052	1034	1063	1081	1082	1074	1050	999	1018	1008	1023	1066	1062	1060	1064
1264	1253	1182	1117	1056	1070	1063	1051	1057	1065	1067	1059	1067	1078	1039	1066	1090	1076	1073	1055	1020	1023	1030	1017	1042	1047	1056	1057
1187	1290	1210	1088	1055	1070	1071	1067	1051	1053	1068	1068	1067	1074	1075	1100	1110	1094	1078	1027	1031	1046	1059	1024	987	1014	1036	1047
1075	1249	1206	1110	1046	1065	1067	1072	1060	1057	1059	1075	1063	1056	1133	1234	1247	1221	1148	1030	1033	1054	1057	1044	982	988	980	991
1053	1126	1177	1130	1058	1063	1070	1074	1052	1064	1070	1064	1049	1049	1201	1458	1487	1419	1438	1403	1225	1096	1066	1045	997	975	961	960
1051	1059	1136	1147	1093	1060	1068	1073	1058	1061	1100	1075	1035	1027	1210	1723	1538	1126	1121	1348	1564	1417	1113	1025	1004	992	968	956
1037	1042	1060	1118	1147	1063	1053	1075	1091	1091	1099	1104	1061	1025	1052	1761	1531	1109	1124	1127	1201	1482	1402	1085	1010	1005	982	942
1022	1029	1002	1077	1132	1133	1038	1099	1160	1125	1111	1100	1079	1045	1003	1221	1563	1303	1162	1123	1112	1209	1431	1367	1053	1024	1000	921
1037	1010	971	1027	1101	1156	1179	1242	1257	1241	1185	1103	1041	1035	1026	1002	1171	1337	1256	1172	1129	1114	1241	1410	1183	1044	984	915
1048	984	924	974	1068	1133	1246	1299	1264	1334	1392	1239	999	1028	1046	1038	1045	1156	1213	1176	1177	1088	1157	1332	1289	1058	995	920
1035	950	898	920	1009	1106	1185	1295	1249	1243	1375	1316	1015	1040	1043	1046	1050	1128	1167	1135	1172	1133	1218	1379	1193	1060	1034	946
1003	926	885	893	943	1075	1156	1304	1265	1217	1457	1284	981	1019	1044	1045	1040	1060	1192	1221	1217	1295	1343	1177	1052	1065	1061	988
970	907	887	890	907	1024	1163	1260	1331	1290	1549	1173	1009	997	1025	989	970	968	1015	1138	1196	1177	1071	1050	1064	1064	1069	1017
955	900	907	915	914	936	1125	1274	1345	1453	1400	1067	1000	979	1019	991	990	1005	1025	1041	1055	1062	1071	1071	1067	1068	1053	966
934	899	909	923	947	988	1018	1107	1187	1289	1119	1043	1011	1027	1035	1042	1046	1049	1051	1054	1059	1064	1069	1071	1064	1017	955	920
913	902	911	951	1005	1030	1045	1052	1064	1076	1075	1060	1054	1049	1046	1042	1045	1051	1052	1050	1054	1065	1069	1073	1033	941	921	924
915	911	921	978	1031	1049	1055	1056	1061	1065	1064	1059	1060	1057	1051	1049	1048	1046	1047	1056	1063	1070	1061	1007	933	927	962	969
917	917	934	988	1041	1052	1052	1055	1056	1057	1060	1058	1060	1059	1053	1051	1052	1055	1060	1064	1051	1010	948	927	981	966	751	427
920	919	934	987	1039	1054	1059	1059	1055	1057	1057	1060	1062	1060	1059	1058	1051	1032	1008	968	931	931	984	974	712	320	92	35
928	917	920	960	1040	1061	1060	1064	1066	1067	1060	1058	1052	1040	1015	982	948	923	928	963	998	932	663	293	66	35	130	359
929	922	920	919	951	987	996	1000	1001	1001	992	970	943	926	927	946	978	988	921	730	450	185	37	48	188	471	630	480
930	927	928	928	926	928	929	928	926	923	925	926	944	976	945	804	593	363	173	73	57	92	327	548	530	349	160	109
1031	944	936	933	957	956	946	946	965	979	961	943	952	997	1032	1060	1077	1068	1047	1055	1057	1053	1035	997	945	913	911	951
1026	957	941	959	962	959	961	963	992	968	988	991	1031	1035	966	1007	1045	1067	1056	1079	1079	1080	1081	1078	1053	981	918	909
1022	968	987	1015	1020	1046	1053	1060	1061	1014	989	1043	1073	1053	1000	959	1002	1060	1082	1083	1076	1076	1076	1068	1075	1065	1024	929
1030	970	1016	1050	1060	1064	1075	1080	1078	1073	1038	1057	1064	1048	1047	983	963	1013	1076	1080	1077	1072	1063	1065	1060	1051	1079	1030
1045	992	1044	1062	1068	1063	1058	1066	1074	1075	1074	1068	1038	985	1004	1006	1017	1016	1030	1056	1061	1056	1066	1052	1017	1052	1063	1062
1072	1018	1060	1061	1064	1075	1074	1075	1080	1080	1078	1077	1069	1025	971	997	1013	1033	1033	1036	1052	1050	1053	1031	1032	1063	1065	1062
1080	1035	1052	1059	1068	1073	1075	1075	1079	1081	1082	1080	1080	1075	1030	990	1027	1045	1043	1063	1075	1067	1059	1052	1057	1062	1061	1066
1074	1091	1051	1067	1074	1073	1069	1067	1070	1080	1082	1084	1085	1080	1058	1027	1044	1079	1069	1068	1070	1064	1068	1061	1060	1061	1066	1068
1057	1145	1131	1059	1072	1071	1071	1069	1062	1057	1071	1077	1082	1080	1063	1060	1069	1081	1083	1073	1072	1063	1070	1068	1047	1045	1067	1066
1024	1141	1193	1086	1058	1073	1075	1076	1074	1054	1042	1070	1079	1069	1061	1073	1095	1069	1037	1040	1078	1064	1068	1071	1050	980	1007	1018
1001	1083	1192	1118	1043	1067	1073	1071	1072	1072	1052	1035	1046	1042	1042	1050	1111	1470	1671	1365	1050	1004	1056	1070	1055	970	936	956
978	1022	1173	1171	1060	1061	1068	1067	1064	1062	1055	1045	1008	993	1012	1089	1535	1877	1562	1681	1766	1204	959	1060	1053	985	943	943
941	989	1131	1212	1129	1047	1060	1063	1061	1059	1049	1025	1006	962	1007	1575	1994	1635	1160	1130	1389	1892	1206	998	1049	1000	960	937
926	977	1061	1237	1179	1078	1031	1043	1050	1052	1047	1037	1015	972	1174	1580	1571	1316	1222	1096	1072	1564	1646	1057	1048	1012	973	920
926	955	1019	1216	1205	1143	1050	1016	1045	1047	1046	1050	1046	1013	1190	1249	1371	1263	1212	1078	1067	1473	1564	1168	1070	1029	955	909
928	933	984	1102	1239	1157	1100	1063	1068	1066	1045	1033	1055	1046	1060	1150	1302	1372	1277	1135	1247	1490	1374	1164	1084	1007	922	920
942	931	941	1002	1199	1183	1138	1130	1107	1099	1091	1030	1053	1056	1054	1052	1081	1233	1276	1317	1397	1322	1200	1127	1076	994	927	923
966	940	917	937	1063	1232	1175	1128	1102	1097	1118	1046	1012	1017	1054	1064	1069	1086	1111	1100	1113	1079	1050	1055	1059	1019	956	922
970	928	909	920	970	1173	1244	1141	1086	1056	1030	1045	1013	941	1005	1022	1026	1017	1010	992	1008	1040	1061	1062	1059	1046	991	930
955	917	907	919	968	1015	1161	1190	1111	1024	982	1017	1017	964	1012	1029	1036	1040	1049	1062	1070	1070	1072	1071	1064	1048	993	929
932	916	910	920	955	983	992	1036	1072	1046	1035	1042	1015	1021	1049	1049	1053	1057	1061	1062	1062	1064	1068	1072	1063	1014	951	924
908	912	921	918	945	986	1009	1001	1029	1041	1037	1034	1034	1040	1046	1046	1051	1054	1057	1060	1061	1065	1069	1070	1039	964	928	935
909	907	920	925	948	1002	1025	1021	1016	1021	1022	1029	1037	1048	1053	1053	1049	1054	1060	1061	1067	1071	1063	1032	967	935	965	951
919	915	916	930	965	1003	1028	1039	1041	1039	1042	1045	1047	1048	1050	1047	1049	1059	1065	1063	1045	1012	966	947	978	971	761	391
931	929	925	926	957	992	1009	1013	1021	1031	1046	1053	1056	1057	1057	1059	1057	1042	1008	965	938	959	997	942	695	337	99	35
942	941	939	926	958	1004	1028	1040	1046	1051	1056	1055	1052	1044	1027	995	962	938	948	988	995	864	576	260	70	34	126	352
953	948	946	940	949	991	1023	1030	1027	1018	1005	984	962	941	938	959	984	976	881	663	379	154	42	50	183	461	632	484
951	957	956	957	955	951	958	959	954	953	947	948	971	1003	961	806	580	343	161	74	63	92	318	546	527	349	165	110
974	1010	1014	967	859	879	966	920	927	966	989	950	1015	1079	1077	1075	1067	1037	1026	1067	1072	1074	1077	1064	1020	936	905	922
994	1002	976	929	908	983	921	939	954	956	952	959	1036	1061	1069	1082	1078	1077	1074	1070	1071	1073	1073	1074	1079	1053	941	907
978	974	931	955	992	947	952	1027	1048	1023	953	956	1054	1046	1005	1047	1086	1084	1084	1077	1078	1074	1065	1066	1069	1053	1002	946
972	934	935	1012	1002	1002	1044	1079	1081	1078	1038	999	1075	1041	973	978	1041	1062	1081	1077	1069	1054	1049	1059	1025	1000	1046	1050
941	923	989	1000	1035	1044	1064	1068	1069	1068	1069	1036	1070	1067	1041	1038	1028	1038	1050	1062	1056	1061	1073	1071	1040	1046	1065	1073
921	959	999	1009	1057	1065	1072	1074	1074	1076	1076	1056	1048	1067	1028	1038	1052	1057	1061	1073	1077	1074	1068	1071	1071	1071	1070	1062
933	957	1001	1051	1071	1075	1080	1081	1080	1080	1080	1071	1060	1065	970	965	1043	1081	1081	1079	1075	1072	1072	1071	1074	1071	1048	1053
944	939	1038	1060	1071	1069	1074	1081	1082	1082	1080	1081	1078	1075	1030	977	1032	1092	1086	1077	1072	1072	1075	1075	1073	1064	1028	1054
937	960	1054	1059	1070	1066	1068	1074	1079	1080	1081	1082	1082	1081	1087	1040	1055	1089	1093	1076	1074	1074	1075	1074	1076	1058	1028	1019
921	979	1059	1033	1060	1064	1067	1066	1069	1076	1078	1081	1084	1084	1093	1071	1097	1079	1095	1110	1055	1062	1069	1070	1073	1060	1016	955
913	975	1054	995	1031	1052	1059	1060	1060	1062	1070	1071	1071	1075	1078	1069	1045	1352	1896	1922	1460	1018	1037	1060	1065	1069	1009	948
913	966	1052	1014	1038	1062	1066	1065	1065	1064	1064	1064	1060	1053	1063	1008	1275	2181	1778	1608	2078	1623	971	1046	1056	1068	1032	945
919	953	1025	1031	1054	1063	1064	1066	1066	1065	1064	1060	1058	1037	1036	1074	1884	2080	1143	992	1295	2138	1175	1035	1056	1063	1032	930
923	939	983	1020	1059	1052	1060	1059	1059	1060	1057	1056	1055	1043	1061	1175	1814	1778	1190	999	1273	2050	1243	1040	1059	1059	999	910
942	937	949	1031	1066	1046	1049	1056	1062	1064	1065	1064	1057	1053	1093	1111	1285	1674	1572	1304	1746	1764	1105	1047	1058	1045	963	911
951	930	937	998	1064	1050	1036	1047	1057	1060	1061	1061	1062	1059	1063	1087	1094	1210	1536	1630	1682	1290	1067	1068	1042	982	930	917
941	948	938	960	1041	1058	1028	1019	1047	1052	1058	1066	1066	1065	1062	1066	1072	1038	1068	1202	1189	1085	1059	1051	1003	934	920	922
896	970	949	945	997	1058	1053	1015	1033	1035	1041	1070	1064	1042	1033	1036	1038	1015	950	943	985	1024	1030	1042	981	929	920	925
862	957	972	952	968	1026	1054	1030	1008	976	965	1036	999	961	987	1012	1036	1060	1049	1029	1045	1057	1034	1013	990	945	921	926
866	910	991	967	964	985	1004	1037	1010	964	947	974	981	1021	1015	1044	1059	1061	1067	1071	1072	1062	1035	1006	1011	961	927	928
907	883	972	992	967	977	964	962	1024	1054	1057	1060	1052	1033	1040	1053	1056	1061	1065	1067	1064	1061	1052	1026	1022	968	928	928
924	897	911	1001	997	976	980	951	1022	1061	1059	1052	1043	1018	1023	1054	1060	1062	1064	1070	1069	1066	1054	1053	1034	954	919	927
898	940	911	932	1000	986	973	959	959	999	1011	1013	1024	1027	1037	1052	1055	1060	1065	1069	1069	1068	1073	1058	978	933	971	968
848	922	959	917	937	991	984	961	964	975	995	1019	1037	1047	1053	1056	1056	1061	1071	1070	1063	1046	1008	969	985	947	718	371
795	853	933	964	919	920	947	966	963	961	972	995	1016	1031	1034	1030	1023	1015	1000	984	973	975	988	908	623	274	81	35
714	787	850	931	936	898	902	918	953	977	982	977	974	973	967	957	956	965	989	1002	948	796	526	221	63	39	120	342
583	676	748	812	880	895	883	890	888	898	923	948	949	943	936	942	938	892	754	499	265	128	44	51	174	452	632	493
394	506	587	662	736	809	847	837	824	822	822	826	820	780	706	588	412	238	117	72	71	88	301	536	528	355	167	108
