1062	1069	1084	1051	953	958	964	963	1002	992	961	956	1012	1030	1010	1013	1046	1089	1105	1054	1039	1054	1065	1042	958	1019	1059	1005
1243	1192	1094	1078	996	940	965	980	946	943	957	972	1007	1001	990	1003	1032	1136	1207	1143	1049	1054	1060	1042	995	1061	1076	1096
1340	1303	1165	1051	1065	987	985	1102	973	914	940	952	959	969	979	1005	1017	1201	1305	1286	1158	1038	1025	1012	1013	1058	1077	1269
1352	1326	1220	1070	1068	1032	1013	1265	1123	904	919	920	934	960	978	1004	1037	1059	1279	1361	1332	1223	1107	1043	1037	1002	1101	1376
1346	1309	1265	1237	1093	1029	1177	1329	1313	947	884	899	917	934	957	967	1005	1010	1042	1272	1371	1333	1288	1265	1093	1054	1092	1216
1292	1266	1282	1558	1329	1228	1371	1288	1425	1045	876	879	897	926	948	947	970	1024	1004	1016	1154	1250	1350	1192	1131	1390	1421	1097
1291	1389	1425	1404	1295	1332	1303	1393	1444	988	857	883	904	956	952	945	954	990	986	987	988	1044	1203	1153	1242	1436	1737	1158
1329	1491	1518	1400	1359	1380	1227	1149	1089	941	909	905	948	1002	962	957	953	991	996	986	1023	1032	1016	1051	1143	1318	1475	1394
1100	1192	1173	1195	1235	1140	1038	1030	1034	956	929	918	1004	981	952	949	963	1029	1054	1014	1040	1033	1016	1021	1031	1052	1072	1243
1089	1073	1026	1118	1161	1061	1054	1026	993	935	910	924	963	933	961	930	934	1027	1057	1014	1022	1046	1041	1051	1041	1043	1042	1069
1067	1014	1198	1611	1184	1037	1045	1043	1013	964	911	904	902	916	948	977	948	1007	1052	1028	1018	1040	1057	1053	1056	1072	1079	1046
1025	996	1845	2044	1144	1010	1039	1038	1035	1015	980	931	902	920	959	976	934	1023	1061	1054	1035	1019	1038	1037	1056	1054	1064	1043
1038	1044	1591	1969	1308	1022	1061	1049	1054	1050	1028	991	933	958	959	932	940	1051	1064	1065	1003	976	991	1041	1055	1036	1037	1021
1050	1047	1116	1714	1551	1028	1063	1059	1053	1053	1051	1031	985	949	930	921	1006	1072	1072	1023	933	942	1017	1053	1055	1048	1020	997
1030	1026	1001	1256	1611	1099	1052	1062	1063	1064	1063	1051	1012	947	929	935	1045	1064	1032	952	926	968	1035	1042	1015	989	963	949
947	935	941	955	1162	1092	1037	1045	1062	1063	1059	1041	1011	963	942	963	1005	1032	1019	994	988	1010	1025	969	941	952	941	949
921	929	937	938	910	952	1053	1039	1046	1056	1050	1030	1008	1007	1006	1010	1025	1040	1053	1056	1059	1054	1009	942	929	946	949	947
926	926	927	929	922	915	957	1047	1073	1060	1044	1032	1028	1036	1044	1047	1050	1058	1066	1070	1056	1010	947	924	931	935	944	934
927	926	921	921	920	916	916	938	1009	1061	1061	1061	1060	1053	1046	1050	1051	1056	1061	1041	995	946	923	927	931	931	937	933
923	925	924	924	921	917	921	923	926	977	1041	1061	1059	1061	1053	1051	1051	1050	1021	975	938	924	930	936	936	931	928	928
921	928	927	928	924	917	920	925	931	929	943	985	1016	1029	1034	1030	1004	969	941	923	928	929	927	934	934	934	927	925
935	918	921	920	921	926	924	921	924	931	931	927	931	940	949	942	931	925	930	929	924	932	931	934	935	927	924	918
1047	988	919	918	919	918	921	919	928	933	930	930	933	936	937	932	931	934	936	928	927	929	930	930	929	930	926	923
586	944	1040	925	911	919	922	920	923	928	932	936	938	938	937	933	931	930	924	924	926	929	933	935	933	928	927	929
395	398	818	1057	966	909	915	916	917	922	923	929	932	933	935	929	923	919	923	927	927	931	937	934	927	927	924	923
137	285	347	628	1004	1023	938	912	910	912	915	917	922	926	926	934	932	935	933	932	936	943	942	927	924	922	924	922
76	65	148	298	485	840	1051	1015	954	921	910	908	912	918	917	921	925	927	930	939	944	934	927	923	921	926	924	920
80	82	73	69	135	275	611	887	1021	1040	1001	968	954	944	922	912	918	918	920	922	920	921	921	920	922	922	920	922
980	1002	1032	1006	957	952	971	981	986	985	994	1012	1018	1035	1002	974	1095	1273	1349	883	888	977	1034	1053	1040	948	949	950
1020	1064	1081	1076	973	920	922	927	953	977	1019	1060	1061	1051	1001	953	942	1057	1199	907	742	822	904	961	1037	967	1018	1020
1081	1063	1050	1064	1050	976	920	904	920	967	1034	1103	1124	1069	993	946	824	799	866	906	779	755	840	951	1016	1075	1116	1150
1106	1124	1116	1050	1055	1036	927	909	917	973	1033	1105	1184	1095	985	946	799	619	632	704	787	837	937	1092	1179	1199	1211	1263
1168	1276	1291	1111	1056	1043	943	961	955	967	1016	1094	1214	1183	1013	980	801	587	548	602	713	801	953	1178	1179	1078	1289	1289
1327	1368	1385	1282	1064	1070	1034	1075	1058	944	994	1058	1204	1276	1127	1007	835	601	533	550	669	789	923	1022	1022	1085	1442	1378
1419	1373	1300	1438	1319	1274	1213	1197	1077	912	977	1022	1135	1291	1305	1125	896	642	552	528	577	746	963	1057	1100	1189	1358	1155
1433	1481	1455	1465	1554	1530	1382	1211	976	906	953	994	1021	1201	1328	1342	1152	830	669	618	679	913	1143	1131	1077	1552	1592	1105
1069	1073	1267	1646	1826	1636	1374	1008	955	908	924	976	1000	1025	1190	1298	1300	1181	1050	1034	1133	1229	1180	1097	1051	1277	1523	1430
1059	1023	992	1772	1894	1387	1280	1191	1104	950	888	959	1011	999	1010	1091	1205	1260	1259	1257	1263	1197	1213	1176	1122	1044	1045	1258
1058	1033	1103	2068	1667	1249	1169	1144	1187	1156	960	958	990	1010	1020	1012	1028	1106	1113	1069	1066	1030	1116	1122	1087	1055	1048	1040
1038	1029	1203	1950	1693	1150	1077	1070	1065	1113	1127	1013	964	1015	1048	1031	1032	1055	1036	997	1027	1039	1063	1052	1072	1073	1076	1031
1052	1058	1089	1527	1721	1146	1046	1068	1070	1064	1071	1086	1024	1015	1045	1027	1026	1059	1051	1033	1028	991	1039	1038	1059	1043	1065	1028
1065	1072	1056	1166	1593	1206	1057	1070	1070	1070	1058	1054	1064	1031	1038	1024	1039	1066	1062	1029	982	962	1010	1055	1064	1042	1046	1002
1050	1048	1054	1064	1457	1336	1051	1071	1065	1065	1068	1064	1065	1037	1013	1033	1069	1079	1067	965	953	1036	1067	1072	1075	1058	1027	1006
998	986	974	970	1335	1420	1059	1068	1076	1074	1073	1071	1076	1038	979	1047	1071	1061	993	953	994	1033	1044	1038	1027	997	958	960
915	921	926	926	969	1060	1052	1032	1060	1080	1076	1076	1075	1024	978	1039	1027	978	959	988	1008	1036	1049	1015	959	940	939	965
921	917	923	931	920	905	985	1047	1035	1045	1045	1044	1014	973	993	1007	989	986	1007	1040	1062	1075	1052	980	949	936	935	944
928	925	924	925	921	919	922	981	1066	1066	1052	1038	1034	1039	1043	1040	1046	1053	1062	1070	1073	1043	985	939	945	937	930	933
925	926	925	923	920	917	917	922	966	1036	1068	1077	1075	1078	1072	1066	1060	1066	1071	1063	1024	973	941	931	937	937	931	929
918	924	924	927	921	918	918	922	928	938	957	989	1013	1029	1045	1057	1057	1046	1017	977	951	934	932	928	934	936	928	929
921	916	921	923	925	925	922	924	923	928	930	925	925	938	948	959	962	952	943	937	936	934	927	928	932	931	932	932
1030	976	920	919	922	923	925	925	928	931	935	935	932	934	938	935	935	933	933	935	934	931	926	930	935	934	934	931
593	910	1040	939	908	917	917	920	926	930	934	939	938	937	938	936	938	937	935	929	928	929	929	936	935	934	933	929
399	381	747	1038	961	902	914	915	920	921	922	926	932	935	936	935	934	932	927	926	925	926	930	935	937	935	934	928
148	317	368	581	1027	982	911	903	907	913	916	922	922	923	925	928	929	937	937	933	933	933	938	940	930	926	929	931
73	68	169	284	580	1008	1038	972	930	913	910	911	914	916	919	924	926	926	928	928	935	937	937	932	928	928	926	925
78	76	66	70	133	381	721	939	1020	1013	985	978	964	947	928	920	921	921	922	923	925	928	927	926	926	923	922	924
993	1018	987	966	939	941	943	927	924	968	1142	1243	1169	886	650	457	317	311	347	267	280	342	476	746	1067	991	941	919
996	1045	1078	1063	981	936	938	932	937	1011	1161	1238	1124	713	434	330	244	197	195	217	236	241	308	467	772	936	950	963
1032	1075	1079	1063	1053	978	938	933	943	1032	1139	1221	1085	585	335	281	235	210	172	169	222	223	288	426	590	855	1013	1008
1062	1065	1072	1064	1055	1031	940	925	949	1053	1100	1212	1051	575	322	296	234	202	191	174	183	201	288	421	625	902	1107	1187
1067	1050	1051	1064	1065	1028	956	930	959	1068	1063	1174	1066	693	365	316	236	186	195	212	223	237	292	476	777	1029	1278	1332
1082	1129	1095	1029	1061	1046	978	931	956	1059	1074	1096	1098	827	500	367	245	182	228	202	217	227	303	570	1010	1202	1317	1339
1385	1427	1545	1246	1031	1051	1006	940	947	1044	1082	1041	1073	926	663	491	307	180	208	186	173	202	349	892	1310	1161	1209	1312
1718	1602	1781	1701	1139	1045	1036	976	940	1010	1064	1051	995	979	795	649	445	219	199	183	193	271	704	1236	1178	1165	1461	1197
1082	1081	1366	1880	1389	1097	1067	1035	972	985	1040	1050	1016	950	906	775	626	329	276	282	370	591	1011	1124	1109	1289	1627	1200
1065	1066	1010	1671	1693	1235	1150	1116	1063	991	1005	1042	1033	1009	981	952	833	559	471	473	572	800	1078	1099	1160	1322	1520	1464
1062	1061	1000	1378	1935	1473	1213	1125	1150	1132	997	1016	1051	1026	1016	1024	969	811	774	781	834	942	1019	1042	1035	1046	1135	1378
1053	1059	1028	1110	1651	1639	1276	1114	1109	1141	1200	1023	1028	1054	1013	1000	1015	986	955	970	1019	1033	1025	1022	1028	1038	1047	1141
1058	1065	1060	1044	1219	1424	1266	1105	1074	1080	1207	1243	1031	1034	1063	1043	1045	1049	1022	988	1026	1020	1035	1027	1039	1061	1061	1052
1053	1066	1074	1057	1097	1224	1129	1081	1067	1072	1079	1161	1216	1051	1043	1050	1059	1052	1030	981	972	960	994	1027	1035	1026	1042	1024
1034	1063	1065	1060	1072	1240	1115	1056	1046	1052	1053	1050	1137	1178	1065	1047	1042	1034	990	948	956	971	989	1036	1041	1021	1000	990
1030	1039	1034	1026	1103	1422	1325	1045	1039	1054	1056	1048	1041	1145	1142	1047	1057	1042	951	976	1040	1055	1052	1054	1055	1016	970	970
915	935	943	926	951	1306	1271	1055	1046	1058	1062	1059	1050	1083	1146	1063	1066	1009	969	1038	1022	1018	1042	1066	1038	972	944	953
909	907	908	917	918	935	1003	1018	1023	1059	1064	1065	1056	1014	1051	1051	1008	947	964	997	987	1018	1057	1064	1023	961	930	925
916	915	917	921	922	916	919	993	1031	1034	1041	1028	995	994	1034	1014	999	1000	1011	1033	1047	1060	1064	1036	989	942	920	916
923	927	925	921	917	919	916	917	969	1022	1042	1040	1047	1065	1068	1061	1060	1063	1060	1060	1057	1047	1010	963	930	932	939	924
915	918	924	926	920	920	920	920	924	928	947	965	986	1008	1035	1058	1072	1070	1064	1050	1028	979	943	928	922	929	930	924
920	913	919	926	929	927	922	917	919	925	922	920	922	924	930	946	974	989	987	972	952	934	928	924	925	938	928	930
1029	981	924	913	917	920	925	924	923	924	929	928	929	928	929	929	926	928	932	928	927	924	924	925	926	928	924	930
552	909	1030	945	903	911	914	918	921	925	929	931	933	932	935	933	932	934	934	926	927	930	923	917	927	925	925	927
388	386	646	1038	941	903	909	908	910	911	915	918	925	928	932	932	929	927	926	926	923	923	924	933	935	927	930	927
155	353	385	698	1059	943	905	902	906	913	916	920	920	921	919	922	922	927	929	930	931	929	928	939	930	934	932	931
71	67	173	325	792	1050	1027	966	924	908	907	909	910	913	916	921	928	927	920	919	921	925	929	932	926	923	924	924
76	75	65	67	156	436	780	980	1038	1009	983	971	953	931	916	916	920	925	920	923	919	926	928	925	921	921	920	925
1041	988	965	962	934	926	926	920	1005	1028	838	574	365	251	178	196	228	204	237	249	271	232	197	241	690	970	959	794
1011	1035	1075	1055	971	939	933	947	1050	1005	739	454	269	179	184	204	231	235	193	238	315	209	223	185	218	704	967	844
1040	1091	1089	1085	1066	983	932	967	1070	982	704	407	222	200	200	216	318	231	202	189	221	229	204	243	204	293	808	980
1073	1090	1090	1077	1076	1040	954	994	1095	979	697	374	200	185	219	254	214	220	219	204	208	278	291	253	226	252	562	993
1083	1086	1098	1086	1074	1058	974	1014	1126	995	694	377	207	178	215	221	232	326	262	206	254	258	258	220	232	472	810	1175
1065	1054	1055	1090	1080	1053	998	1005	1161	1044	720	418	242	180	203	236	260	246	255	206	344	244	246	195	359	913	1218	1271
1130	1169	1277	1087	1085	1086	1036	1011	1178	1153	773	474	286	200	187	215	208	220	244	297	266	215	202	226	696	1070	1264	1289
1836	1650	2077	1259	1026	1070	1046	993	1115	1268	916	558	377	256	248	192	200	239	270	241	260	222	198	440	925	1073	1359	1407
1200	1109	1525	1471	1002	1046	1065	1005	1021	1249	1189	723	478	334	261	232	241	248	224	226	230	182	290	733	1011	1144	1244	1196
1075	1083	1076	1346	1117	1053	1062	1036	989	1114	1329	1117	647	454	386	355	283	218	238	209	205	218	539	993	1098	1415	1657	1094
1079	1078	1041	1268	1358	1036	1051	1059	1007	1003	1183	1357	1107	703	580	623	482	269	269	263	276	555	1113	1229	1097	1215	1652	1416
1071	1073	1056	1093	1380	1197	1062	1050	1053	1012	1012	1201	1341	1200	914	887	805	517	442	581	955	1369	1277	1164	1109	1058	1040	1333
1070	1071	1073	1064	1035	1145	1301	1118	1062	1051	1031	1011	1105	1259	1279	1203	1140	1083	1113	1283	1339	1245	1106	1115	1028	1019	1012	1049
1046	1061	1060	1066	1054	1029	1201	1338	1093	1067	1074	1059	1026	1021	1146	1202	1253	1291	1268	1154	1020	951	1004	1009	1011	1038	1040	1010
949	1039	1060	1062	1058	1046	1078	1195	1190	1057	1063	1093	1122	1070	1037	1048	1063	1067	1013	946	966	920	925	997	1003	1018	1015	998
993	1011	1058	1069	1063	1086	1220	1202	1142	1073	1069	1097	1177	1164	1077	1041	1018	957	954	991	995	987	960	986	1020	998	974	985
931	961	988	991	966	1165	1434	1368	1102	1020	1039	1055	1171	1320	1145	1039	1031	984	1024	1039	1034	1039	1045	1033	1040	986	980	993
901	900	906	912	912	957	1144	1117	1054	1063	1059	1049	1090	1261	1094	1051	1037	1019	1018	991	994	1019	1048	1059	1049	1024	999	967
912	914	912	912	921	914	897	949	1016	1057	1068	1066	1045	1028	1053	1030	991	972	968	963	981	1020	1047	1056	1056	1024	944	927
913	915	919	921	917	919	919	922	946	982	1005	1016	1007	1029	1056	1053	1037	1032	1034	1040	1050	1057	1056	1043	1008	953	949	921
920	925	926	923	921	926	927	929	927	928	932	938	946	1002	1056	1070	1070	1060	1061	1058	1061	1059	1037	988	940	930	932	919
925	923	931	937	936	933	930	927	924	926	928	923	930	931	957	994	1027	1039	1037	1025	1004	975	943	930	922	930	918	917
1024	984	925	918	922	928	925	924	927	927	925	925	927	929	925	923	934	948	955	939	925	918	920	927	922	920	915	923
551	863	1017	927	910	913	913	919	920	921	924	927	930	925	926	926	931	930	925	921	923	922	923	918	918	918	922	923
370	371	807	1050	921	913	917	914	913	913	915	919	924	928	931	930	925	925	926	924	919	920	921	921	924	924	925	923
161	348	443	896	1044	937	907	907	912	916	918	918	919	919	922	920	924	931	931	932	934	933	933	931	930	927	924	926
71	72	178	393	858	1062	1031	967	928	915	909	908	911	914	921	921	921	924	922	922	924	921	928	923	921	923	922	921
81	82	69	69	176	468	812	995	1041	1023	997	970	946	923	912	914	917	924	919	919	923	930	922	921	917	923	919	921
1003	939	929	935	930	934	958	1151	982	426	201	164	174	197	198	214	206	205	205	224	224	221	228	192	609	946	940	739
978	1016	1028	1003	957	938	977	1201	923	354	190	201	191	216	207	276	313	234	283	417	366	190	216	205	206	715	994	532
1056	1090	1097	1084	1023	947	990	1262	922	320	188	213	181	195	219	248	307	187	202	281	336	290	237	235	201	270	819	859
1084	1090	1087	1082	1076	1004	1002	1272	978	316	198	207	246	212	219	251	242	238	248	190	211	272	237	283	238	194	287	830
1086	1091	1093	1082	1083	1064	1012	1243	1040	346	204	201	240	211	225	216	201	339	350	198	238	440	309	260	241	217	175	596
1094	1097	1092	1090	1089	1073	1006	1174	1128	452	212	242	230	206	202	197	216	213	198	220	303	308	270	254	223	225	670	1221
1050	1052	1071	1088	1084	1081	1027	1103	1212	612	219	226	278	218	252	223	209	250	238	235	285	285	306	240	218	540	1225	1309
1654	1691	1714	1082	1093	1090	1036	1037	1208	861	305	208	247	242	294	221	212	317	228	227	269	234	235	210	424	1172	1287	1283
1510	1497	1780	1091	1054	1062	1044	1009	1106	1078	517	237	230	231	215	220	223	261	244	219	217	240	211	240	890	1294	1273	1304
1055	1053	1197	1161	1067	1067	1070	1022	1031	1145	851	369	227	220	202	262	260	220	285	251	260	249	193	673	1218	1161	1427	1180
1084	1079	1101	1205	1059	1083	1085	1056	1016	1057	1112	733	345	226	245	250	218	228	244	255	214	257	726	1210	1124	1242	1576	1103
1079	1078	1048	1185	1258	1060	1057	1072	1039	1010	1055	1083	782	429	300	335	295	236	220	252	380	870	1304	1261	1214	1360	1538	1409
1069	1072	1075	1059	1214	1208	1088	1054	1053	1016	992	1026	1074	945	713	631	611	461	436	643	946	1097	1151	1146	1091	1071	1124	1443
1065	1071	1065	1062	1056	1090	1124	1141	1053	1043	999	985	986	1031	1051	1005	969	896	912	997	1012	988	1019	1012	1024	1035	1036	1122
994	1051	1064	1064	1064	1059	1048	1180	1278	1059	1034	1013	981	967	996	1024	1032	1041	995	962	988	964	1004	1019	1037	1056	1046	1051
938	955	1040	1064	1061	1063	1051	1064	1401	1329	1145	1125	1089	1000	975	963	981	986	955	942	979	942	929	984	1025	1035	1030	1029
928	928	957	1035	1048	1034	1070	1255	1449	1394	1298	1376	1423	1097	998	988	991	1007	1025	1026	1019	1001	971	954	1009	1002	976	1014
903	904	907	931	970	978	1020	1178	1258	1129	1081	1104	1326	1258	1028	1047	1042	1029	1024	1049	1060	1061	1063	1048	1000	978	1000	1015
910	911	914	915	921	929	930	932	987	1047	1073	1068	1099	1105	1050	1034	1007	998	1007	1022	1038	1052	1057	1038	1013	1042	1035	968
912	913	912	917	916	913	919	923	934	975	1016	1036	1003	994	1004	994	974	977	984	994	1019	1053	1054	1050	1064	1045	973	928
917	921	918	919	921	928	929	931	929	936	941	948	949	986	1052	1073	1055	1048	1043	1049	1052	1058	1066	1061	1020	955	920	923
915	927	931	933	935	933	934	934	932	930	928	926	928	929	966	1037	1070	1071	1071	1069	1066	1048	1002	955	931	923	923	927
1011	963	916	922	932	936	935	933	932	931	930	926	929	925	923	932	967	997	1012	1011	985	945	928	928	927	917	918	928
628	904	998	914	919	923	920	924	924	925	926	926	926	927	928	928	931	934	933	930	924	923	926	929	925	920	923	929
379	449	961	995	914	914	919	918	920	920	921	927	928	934	935	932	929	933	932	931	925	927	924	920	922	929	930	928
166	334	544	961	1026	935	910	911	912	914	923	925	919	925	926	928	933	935	933	933	933	934	935	935	932	938	930	933
72	73	173	435	889	1060	1021	957	924	921	920	910	913	916	918	919	920	924	927	928	929	931	930	931	929	930	929	928
81	81	70	73	192	498	839	1001	1032	1025	994	965	940	915	914	915	915	919	919	922	927	931	925	919	920	923	920	921
920	911	915	919	920	945	1058	968	303	172	209	220	231	224	204	225	305	186	190	184	189	191	190	358	848	946	952	835
944	952	941	929	920	947	1060	859	253	196	230	308	181	189	230	288	374	200	221	309	288	217	212	174	462	917	965	317
1046	1068	1066	1026	953	943	1050	801	228	200	217	216	182	235	260	199	195	236	223	467	355	196	227	201	200	622	982	391
1080	1086	1082	1068	1015	949	1045	793	232	198	197	194	246	284	217	229	301	318	394	190	177	228	392	198	173	236	643	851
1082	1084	1083	1070	1057	981	1046	843	247	195	220	201	222	203	201	204	205	204	325	224	200	332	544	229	231	217	175	451
1088	1085	1085	1081	1079	1026	1051	930	312	192	214	234	231	253	183	202	216	204	268	273	302	272	263	249	232	198	235	725
1055	1050	1064	1087	1077	1047	1063	1034	451	183	235	235	386	279	237	266	234	273	327	212	280	335	244	237	220	171	691	1246
1376	1408	1227	1079	1097	1075	1069	1123	656	214	227	272	261	223	316	335	263	259	207	204	228	226	209	230	197	644	1178	1266
1901	1878	1634	1029	1077	1071	1041	1152	917	316	200	256	248	269	228	185	297	319	252	236	329	220	239	183	511	1056	1246	1319
1089	1085	1319	1073	1059	1067	1048	1123	1144	608	219	213	253	237	238	235	308	207	228	246	264	252	211	283	892	1126	1337	1358
1071	1058	1147	1143	1065	1067	1065	1065	1232	1003	466	216	230	238	307	271	222	212	220	251	241	220	248	660	1009	1133	1188	1101
1073	1070	1070	1246	1101	1069	1077	1052	1126	1261	890	475	264	218	228	259	265	232	274	283	242	243	578	946	1033	1481	1536	1100
1066	1061	1046	1145	1322	1167	1061	1066	1052	1184	1239	918	613	394	289	243	253	256	259	229	258	557	998	1092	1056	1316	1717	1556
1063	1066	1066	1039	1111	1243	1194	1085	1039	1041	1183	1212	1041	860	734	603	507	347	310	407	722	1166	1194	1063	1069	1043	1113	1471
1057	1062	1054	1047	1048	1047	1091	1151	1068	1007	1012	1138	1242	1192	1101	1033	977	866	892	1118	1292	1221	1050	1053	1047	1042	1024	1107
983	1036	1048	1059	1061	1061	1052	1046	1124	1111	1011	994	1070	1188	1225	1227	1219	1260	1251	1169	1047	932	983	1007	1027	1027	1009	1065
926	945	1003	1056	1060	1058	1049	1032	1069	1365	1336	1199	1056	995	1037	1101	1140	1120	1012	962	970	940	955	962	986	1015	971	1135
915	915	921	966	1033	1050	1042	1029	1121	1350	1328	1277	1261	1028	1041	1042	1037	1035	1047	1044	1034	1016	1002	953	935	973	956	1167
909	912	912	909	932	961	984	999	1005	1065	1075	1082	1229	1064	1054	1041	1035	1055	1066	1068	1061	1067	1066	1008	951	999	1063	986
914	915	914	918	916	912	912	918	933	958	991	1014	988	972	983	991	1016	1032	1041	1039	1031	1051	1049	1030	1039	1059	1021	936
912	913	913	916	918	921	924	926	929	931	935	940	945	966	1022	1044	1046	1031	1030	1034	1040	1058	1059	1060	1046	999	933	913
909	921	927	932	932	930	929	935	936	931	927	928	926	926	972	1046	1075	1074	1066	1066	1069	1070	1059	1007	946	924	918	922
1000	942	920	927	933	936	935	933	932	931	931	929	926	926	929	941	987	1031	1053	1064	1054	1018	961	932	929	922	916	920
712	997	958	914	919	918	921	925	927	926	926	930	927	924	931	936	933	937	952	951	943	927	921	926	926	928	920	922
410	584	1028	948	907	914	919	920	919	921	927	938	931	931	931	931	933	934	932	926	924	926	923	923	923	928	925	925
169	319	689	1004	986	916	908	912	914	918	922	920	918	924	925	935	937	937	932	931	929	933	931	932	930	928	931	933
71	74	174	502	922	1033	988	951	931	910	908	910	916	920	919	920	925	926	930	929	930	931	932	931	930	930	934	933
83	82	68	69	206	522	853	936	979	1012	964	941	916	911	914	912	916	918	918	921	923	923	922	921	916	918	923	926
913	915	920	918	942	1065	1049	339	181	201	193	217	284	301	242	194	421	371	179	239	197	181	403	845	950	930	968	961
917	912	911	913	958	1110	1043	282	192	254	180	246	261	225	219	291	352	250	188	305	193	281	291	560	903	945	926	339
1004	1013	993	939	957	1141	1080	276	190	244	237	211	179	193	235	210	177	204	290	692	402	381	402	310	660	992	777	45
1083	1089	1078	1038	981	1147	1149	299	192	200	201	245	187	202	211	205	215	261	435	496	191	296	422	194	332	712	895	431
1082	1080	1077	1071	1021	1128	1224	374	192	205	225	220	216	209	215	194	194	206	236	432	257	200	251	243	225	288	535	847
1083	1080	1078	1079	1044	1089	1327	532	200	242	239	249	242	333	334	194	196	219	284	340	292	268	268	247	214	206	181	521
1064	1071	1080	1086	1062	1048	1358	781	205	255	221	256	261	324	227	215	260	374	263	227	326	229	233	286	265	198	434	1087
1191	1138	1070	1092	1076	1015	1292	1089	251	252	223	226	238	210	215	261	384	444	213	235	345	234	214	226	202	618	1211	1328
1879	1809	1222	1057	1069	1021	1150	1294	484	198	228	212	214	206	205	239	258	262	203	222	261	207	262	261	292	996	1298	1270
1239	1308	1298	1031	1063	1045	1042	1323	923	222	237	240	223	211	305	363	264	215	207	265	246	252	269	198	538	1247	1273	1298
1050	1040	1163	1084	1073	1062	1021	1171	1288	523	216	252	239	254	241	262	242	222	233	378	231	220	224	222	913	1375	1287	1246
1071	1058	1141	1152	1060	1072	1048	1029	1269	1106	367	208	234	259	250	256	240	228	262	261	253	218	184	660	1286	1272	1424	1081
1070	1060	1061	1237	1169	1054	1065	1032	1071	1309	984	359	228	245	264	254	227	242	269	276	219	206	755	1360	1250	1388	1638	1108
1066	1054	1047	1076	1253	1235	1114	1041	1002	1090	1295	1013	539	315	263	258	237	229	227	238	378	988	1471	1434	1268	1322	1526	1431
1059	1061	1060	1034	1033	1151	1181	1112	1031	973	1037	1239	1169	936	711	621	542	450	477	810	1284	1367	1224	1294	1152	1070	1079	1327
1037	1061	1049	1044	1042	1037	1038	1065	1123	1024	968	974	1116	1209	1192	1147	1132	1153	1186	1228	1099	967	1011	1062	1036	1039	1024	1045
943	991	1042	1061	1059	1053	1050	1037	1041	1079	1030	990	971	995	1080	1144	1169	1099	1008	993	975	983	1023	1021	1040	1046	1035	1069
918	917	943	1000	1036	1050	1046	1040	1011	1088	1337	1193	1053	1027	1026	1028	1015	994	986	992	979	982	998	949	974	1003	972	1156
908	909	909	909	930	960	985	1008	1001	1078	1308	1244	1158	1033	1041	1044	1053	1059	1059	1049	1040	1030	1019	956	927	954	1019	1037
909	907	910	910	910	909	912	923	933	953	963	986	991	1018	1042	1046	1049	1056	1069	1070	1067	1057	1029	987	988	1041	1052	954
909	911	911	908	908	913	916	918	919	924	930	933	945	977	1002	1022	1041	1048	1048	1045	1043	1051	1040	1055	1061	1029	964	941
905	915	920	923	924	925	922	924	926	926	923	922	923	961	1023	1056	1075	1075	1066	1065	1067	1066	1068	1050	981	931	927	930
991	926	923	926	930	932	929	926	928	929	925	925	925	931	942	965	1001	1042	1062	1070	1073	1061	1015	950	926	937	929	931
807	1021	923	912	916	917	920	922	926	926	924	923	926	916	919	922	926	939	956	972	973	954	927	924	926	929	923	924
417	758	1025	925	904	911	912	914	915	916	921	925	926	925	924	925	928	934	931	930	928	925	931	929	928	921	928	928
157	334	745	1021	970	911	904	906	910	915	917	915	918	924	930	933	937	937	936	934	933	931	932	927	931	931	929	928
73	70	174	545	927	1032	1002	972	922	907	912	918	916	916	915	921	925	925	931	927	926	927	927	931	930	932	934	930
84	83	67	63	205	519	749	862	1003	985	961	930	913	912	913	915	916	917	920	918	921	922	923	922	924	923	922	925
924	915	917	943	1034	1240	701	179	215	192	215	218	203	237	325	329	290	538	363	143	213	532	954	1010	927	927	974	974
919	918	918	953	1032	1223	627	178	194	201	192	179	189	194	168	166	169	195	160	277	558	786	870	983	935	933	931	670
934	932	926	968	1021	1154	579	195	222	220	240	323	274	182	183	180	189	193	303	661	676	341	714	960	994	978	429	24
1057	1054	1016	994	1009	1104	560	188	249	212	186	232	222	204	190	198	207	221	275	692	291	208	456	773	965	963	354	19
1085	1087	1075	1043	1002	1074	599	205	238	204	205	230	243	236	249	310	283	211	204	379	320	208	276	527	747	846	837	697
1083	1077	1079	1067	1003	1049	693	215	215	230	291	310	242	261	392	348	257	200	269	239	412	391	251	331	476	579	763	1010
1074	1078	1078	1076	1024	1028	815	240	225	273	239	225	230	211	198	193	200	425	535	261	289	261	305	224	285	428	791	1097
1103	1061	1079	1083	1039	1007	930	328	223	234	203	229	218	221	216	212	327	366	221	208	222	221	260	244	203	578	1151	1279
1710	1401	1060	1084	1027	993	1016	511	191	223	241	214	220	215	194	290	405	212	214	202	397	311	222	256	196	706	1214	1253
1437	1587	1158	1045	1052	998	1043	804	242	237	234	275	268	238	234	312	251	223	269	278	410	333	231	205	293	958	1245	1269
1035	1108	1210	1053	1076	1040	1022	996	505	197	235	230	232	245	280	237	221	228	291	341	209	231	219	175	617	1135	1292	1325
1077	1061	1162	1086	1072	1051	1023	1054	893	343	205	220	243	217	314	228	240	212	318	328	226	245	199	310	920	1106	1368	1197
1070	1060	1108	1190	1054	1060	1031	1064	1061	788	302	215	249	211	226	258	287	221	293	253	213	216	337	792	991	1065	1188	1056
1072	1052	1032	1169	1221	1081	1056	1046	1077	1035	797	370	195	216	248	248	261	253	246	254	208	372	894	1075	1122	1520	1471	1152
1064	1058	1060	1043	1115	1207	1116	1053	1034	1047	1033	906	543	304	235	235	248	237	237	281	478	832	1021	1057	1082	1237	1583	1562
1063	1066	1062	1057	1033	1051	1111	1158	1084	1011	1021	1010	985	823	603	519	494	491	534	682	911	1016	1009	1006	1042	1033	1111	1462
977	990	1043	1054	1054	1044	1042	1090	1179	1082	1014	1014	989	986	969	944	915	925	965	996	998	988	1007	1034	1051	1050	1031	1231
920	923	946	999	1037	1044	1043	1033	1064	1318	1240	1037	1009	1017	1011	1009	976	964	973	988	970	1032	1013	973	1028	1029	1012	1169
910	909	907	912	928	946	981	1009	1002	1191	1317	1099	1024	1035	1035	1030	1021	1010	993	989	957	995	994	917	950	954	977	1142
908	906	909	910	912	914	916	926	941	945	957	1001	1046	1051	1048	1053	1057	1061	1061	1041	996	952	935	934	960	1002	1045	1022
909	912	911	909	911	915	916	921	928	930	937	969	1000	998	1002	1016	1040	1060	1062	1039	989	985	1008	1038	1063	1046	993	936
912	919	921	923	923	922	919	922	926	931	926	930	971	1022	1035	1039	1065	1070	1060	1048	1048	1057	1060	1063	1025	958	926	933
960	914	919	923	925	929	927	926	927	924	919	920	923	947	981	1010	1033	1050	1059	1064	1070	1069	1050	991	930	929	926	931
937	992	910	916	918	917	920	923	926	924	920	918	919	923	917	916	925	941	964	992	1006	991	944	924	923	918	918	924
475	891	997	911	902	913	916	916	918	921	920	922	927	929	927	921	917	922	923	928	926	925	928	929	923	924	924	923
139	373	837	1036	963	916	906	907	914	919	918	933	937	929	930	930	935	935	930	936	936	932	933	930	927	929	927	927
70	60	186	583	931	1009	997	937	909	916	921	926	922	916	921	925	928	929	930	931	930	932	931	928	928	932	927	927
82	80	67	62	211	464	732	990	1019	989	952	916	911	907	912	915	913	917	921	920	924	925	919	920	929	927	924	921
940	906	919	1000	1031	824	201	211	201	173	176	173	184	205	224	317	420	519	673	335	564	1026	1094	1077	950	944	926	954
927	905	925	1008	1049	773	194	226	209	182	221	230	222	219	234	238	240	235	202	336	1028	1117	1106	1083	945	930	961	938
902	907	945	1021	1076	751	181	223	214	264	266	228	278	320	214	156	151	184	223	520	1016	899	1117	1117	1053	801	374	493
952	942	953	1019	1112	781	179	223	252	256	193	191	245	312	244	205	207	181	244	735	927	480	1057	1177	1104	477	0	65
1061	1042	1011	1020	1136	883	198	233	223	204	186	279	318	185	213	290	442	541	527	843	756	184	708	1153	1136	798	410	406
1077	1075	1057	1033	1135	1035	250	210	201	189	225	272	205	232	296	377	404	422	606	801	510	216	237	750	1125	1131	1061	1060
1072	1079	1067	1041	1111	1193	391	205	237	232	245	247	306	361	297	235	161	348	578	468	355	259	237	287	724	1048	1026	966
1067	1077	1076	1053	1077	1310	615	190	258	226	244	285	283	224	205	221	351	400	374	282	457	322	231	229	204	612	1024	1060
1454	1093	1077	1072	1038	1328	944	214	219	242	246	215	223	269	369	384	313	277	455	272	369	314	212	233	197	527	1142	1290
1614	1399	1052	1063	1010	1215	1275	389	203	235	221	237	257	277	440	323	242	351	331	321	235	245	219	219	210	863	1307	1268
1075	1249	1148	1047	1050	1084	1402	825	226	240	231	246	300	325	373	250	302	257	257	269	262	231	216	213	405	1161	1280	1303
1070	1068	1203	1076	1071	1022	1306	1296	482	218	245	235	265	237	281	241	323	209	245	217	231	219	220	190	861	1326	1285	1289
1065	1044	1188	1164	1056	1022	1076	1457	1052	326	219	250	274	274	224	271	269	213	236	216	219	238	198	450	1184	1218	1227	1110
1065	1054	1065	1238	1120	1043	1001	1229	1461	890	305	224	244	275	245	248	226	238	235	237	235	213	430	1072	1204	1402	1433	1037
1059	1051	1049	1065	1198	1196	1041	1015	1303	1417	897	394	251	232	263	230	245	246	255	252	209	555	1163	1255	1132	1398	1677	1203
1056	1059	1061	1055	1045	1154	1178	1104	1014	1322	1405	1071	674	409	263	225	235	218	197	350	861	1332	1289	1208	1208	1116	1246	1471
982	966	1014	1038	1042	1015	1066	1323	1338	1017	1241	1405	1281	1062	846	641	535	660	954	1295	1406	1302	1171	1127	1043	1028	1011	1238
911	911	918	950	994	1014	1018	1030	1354	1355	993	1101	1280	1308	1297	1296	1310	1354	1379	1233	1051	1018	997	984	1017	1012	997	1208
907	908	908	911	915	924	950	974	990	1147	1062	1017	1055	1141	1201	1208	1163	1062	1002	976	977	1047	1023	948	1008	974	995	1405
907	905	908	914	915	919	920	921	938	980	1048	1066	1061	1050	1053	1052	1044	1016	975	954	952	994	984	939	947	979	1058	1336
911	912	914	914	914	914	922	926	931	947	986	1025	1047	1049	1051	1060	1065	1048	1010	975	958	953	978	1019	1052	1074	1019	927
919	923	926	927	929	926	930	933	941	937	930	934	999	1052	1065	1059	1066	1069	1061	1049	1030	1044	1058	1072	1070	1009	949	938
931	913	921	927	929	932	935	935	927	922	917	920	919	945	990	1021	1044	1062	1072	1068	1064	1072	1067	1040	977	924	936	943
987	954	909	916	921	920	919	920	920	916	912	919	925	937	926	922	927	942	974	1013	1036	1033	985	941	923	927	926	923
581	980	972	901	902	906	915	915	917	920	921	922	932	929	924	921	924	923	922	928	936	932	930	930	926	926	927	927
131	438	900	1020	961	922	903	907	915	916	918	923	933	927	929	929	928	930	922	930	934	941	935	934	929	929	929	929
75	57	198	596	878	977	989	925	914	911	911	912	915	917	923	933	937	935	938	937	935	934	934	932	928	928	934	933
81	79	63	68	199	446	837	1003	1014	987	930	907	910	914	913	915	919	921	925	926	924	927	922	925	926	923	926	922
920	954	1001	1035	1265	621	167	186	191	173	186	258	354	370	330	316	393	569	801	963	1051	1094	1114	1109	996	972	960	954
920	950	996	1042	1262	561	193	216	239	240	205	255	397	453	462	469	461	477	331	719	1044	1149	1148	1124	1069	983	937	919
926	959	993	1042	1253	528	195	253	232	299	350	272	193	260	407	447	385	236	198	610	725	834	941	991	874	710	786	935
930	944	995	1037	1239	555	187	197	232	239	240	363	457	550	514	365	243	241	319	463	754	488	536	636	268	5	324	795
992	974	1013	1026	1219	622	193	249	228	205	307	348	344	240	182	253	353	405	362	410	727	500	433	722	557	338	493	791
1051	1024	1037	1015	1187	727	207	236	217	298	321	194	197	221	244	323	430	350	389	496	622	355	196	377	763	1057	1045	1035
1073	1056	1039	1011	1133	833	222	213	248	276	222	212	222	250	251	277	429	227	299	315	348	255	208	196	321	931	1113	1028
1070	1068	1055	1016	1079	982	292	216	244	225	241	258	225	218	216	516	285	185	255	240	255	233	211	206	200	641	1080	1024
1169	1063	1067	1032	1021	1100	447	227	256	306	287	203	192	214	435	417	198	214	255	253	218	217	213	226	239	474	1153	1323
1567	1127	1062	1035	992	1115	701	214	243	257	216	217	267	291	260	237	250	240	220	245	226	217	214	257	215	712	1312	1250
1194	1241	1069	1024	989	1050	983	342	251	250	260	280	295	204	237	250	238	223	238	224	222	212	229	228	319	1066	1255	1239
1054	1136	1143	1046	1033	984	1122	677	223	250	263	281	241	222	250	237	213	218	219	218	207	249	267	188	775	1273	1258	1285
1066	1066	1297	1126	1049	961	1043	1063	451	219	253	250	225	219	215	220	216	212	215	207	208	236	189	460	1123	1239	1365	1216
1065	1055	1213	1284	1054	982	952	1125	955	347	229	248	229	220	219	218	212	210	203	240	277	210	369	1033	1059	1153	1328	1050
1060	1057	1046	1128	1192	1114	974	977	1159	901	374	215	227	224	230	221	229	249	254	228	236	503	1037	1094	1130	1395	1406	1046
1047	1060	1060	1046	1068	1303	1331	1073	984	1161	984	547	284	215	240	244	273	238	230	289	740	1233	1233	1137	1272	1421	1616	1517
982	980	1009	1038	1039	1037	1213	1474	1137	966	1123	1105	839	596	458	341	292	380	628	1023	1204	1183	1201	1117	1049	1043	1207	1459
938	922	922	940	948	975	963	1048	1194	1003	963	1057	1142	1113	1051	1008	974	1058	1125	1098	1042	1022	1032	1027	1045	1047	1029	1115
925	928	925	916	912	912	927	960	1014	1046	1031	1002	1010	1062	1100	1105	1063	1030	1009	956	1024	1051	1021	993	1057	1009	1033	1080
911	909	910	913	913	917	926	964	1024	1059	1062	1058	1052	1037	1025	989	950	947	967	965	1019	1054	1024	965	985	956	1034	1298
912	913	911	914	916	916	920	921	940	992	1035	1048	1051	1048	1028	1004	975	951	942	943	959	980	962	986	1024	1066	1031	962
916	921	925	928	926	925	927	931	932	930	932	939	945	968	1003	1038	1052	1050	1042	1031	1020	1015	1042	1063	1071	1044	950	930
917	917	920	925	931	935	931	933	929	926	925	924	921	927	959	999	1041	1065	1074	1065	1057	1061	1076	1057	1027	951	938	945
999	926	912	920	922	923	924	926	922	916	916	920	924	934	936	926	935	959	993	1032	1053	1057	1024	967	933	930	931	930
752	1014	958	906	904	908	914	916	919	918	920	919	922	927	922	925	924	920	921	932	949	946	928	927	928	928	929	929
133	488	906	1009	972	916	899	908	913	916	917	921	928	930	928	928	930	928	930	929	927	939	936	932	933	931	932	932
73	55	212	564	814	1004	972	929	911	904	912	916	917	923	929	933	937	940	935	935	936	935	935	934	933	933	935	937
82	81	66	71	198	517	878	960	1001	969	918	915	915	918	916	916	922	931	932	929	932	928	925	926	929	929	931	932
995	1039	1027	999	922	267	219	224	240	246	309	294	252	221	257	253	244	194	404	965	1020	995	1011	1078	1140	1119	1085	1068
1004	1036	1013	998	827	237	232	238	230	253	192	213	289	232	201	233	286	415	786	879	958	1050	1105	1147	1169	1140	1098	1074
999	1039	1003	997	771	213	236	253	250	323	349	286	246	219	256	368	509	658	603	639	753	634	797	893	985	1074	1086	1046
1009	1039	997	1000	765	211	225	238	282	293	289	295	228	218	242	292	250	389	342	326	948	593	109	74	345	707	972	995
1014	1024	998	1010	804	211	221	238	272	204	244	258	214	215	217	248	238	469	215	183	507	760	458	227	392	753	929	964
1006	1017	1019	1017	866	234	244	269	233	269	282	213	197	220	221	240	359	377	206	204	188	246	353	419	483	827	961	988
1040	1022	1041	1029	958	294	235	229	266	282	215	231	232	250	239	243	362	228	203	212	203	219	214	245	149	470	1064	1072
1058	1024	1044	1045	1055	434	210	248	253	219	189	221	232	248	209	245	242	216	197	204	190	220	229	269	231	479	1135	1053
1055	1041	1043	1052	1127	665	205	254	255	217	181	197	234	229	221	201	212	208	207	199	192	207	230	243	252	426	1028	1118
1320	1055	1041	1044	1155	922	257	225	248	236	214	217	243	236	210	210	213	217	212	196	203	220	322	289	198	532	1203	1264
1294	1177	1031	1014	1132	1136	474	225	264	223	224	231	234	212	225	218	219	226	222	215	208	290	264	228	256	985	1288	1264
1061	1163	1044	987	1069	1235	863	278	231	229	221	217	214	210	211	206	227	221	208	242	269	257	260	218	751	1267	1250	1279
1057	1128	1128	1037	1024	1197	1198	596	233	233	221	216	202	220	228	207	217	233	200	284	349	216	190	446	1227	1255	1309	1302
1054	1062	1223	1210	1017	1040	1298	1027	439	217	229	230	230	229	252	233	228	274	241	317	321	224	248	879	1234	1157	1169	1090
1055	1061	1057	1185	1208	1027	1139	1274	867	379	235	248	233	242	272	214	289	263	307	211	207	278	758	1101	1141	1301	1108	1047
1014	1049	1060	1047	1138	1365	1334	1247	1209	852	437	252	227	249	245	238	279	253	239	204	362	857	1125	1055	1132	1650	1609	1128
973	961	974	997	992	1048	1237	1224	1183	1188	960	646	401	266	202	240	239	257	310	524	953	1143	1056	1021	1044	1112	1490	1627
981	964	930	926	937	951	980	1040	1062	1173	1184	1084	968	793	540	448	424	647	949	1095	1161	1058	1011	1039	1056	1043	1075	1461
918	944	960	935	934	975	1020	1042	1043	1043	1115	1163	1122	1105	1060	1014	1032	1108	1121	1073	1053	1018	1019	1014	1046	1037	1036	1208
910	905	910	934	938	932	968	1024	1043	1042	1040	1063	1094	1113	1091	1060	1051	1052	1025	976	1044	1057	1022	981	1026	981	1009	1086
915	919	916	917	923	935	931	931	963	994	1005	1012	1010	976	948	932	925	936	946	943	1008	1030	980	969	1006	1047	1039	1003
917	923	925	928	927	926	928	929	925	929	932	932	926	926	933	962	1001	1007	1001	990	990	987	1004	1035	1056	1054	964	929
913	918	922	926	928	934	932	930	929	929	925	920	916	912	927	951	1006	1063	1068	1060	1052	1051	1068	1058	1040	975	927	931
991	922	914	923	924	925	928	929	923	918	915	916	916	920	932	923	925	963	1008	1047	1056	1061	1049	998	939	919	925	929
794	1012	964	915	905	910	914	913	915	918	919	919	920	918	921	923	923	919	925	944	977	970	939	920	920	923	929	927
132	483	871	983	974	907	902	907	911	914	918	924	926	925	923	926	924	929	935	928	925	931	929	930	926	933	931	926
74	56	196	492	866	1024	970	938	904	901	910	917	919	922	925	927	931	936	935	933	932	935	932	932	934	934	930	928
83	81	65	70	206	548	840	916	1005	951	914	917	912	911	917	915	921	927	926	927	934	930	927	927	925	928	933	932
1051	1046	1030	1130	685	186	256	244	214	214	213	181	185	201	199	190	192	184	743	1090	1108	1109	1080	1112	1155	1166	1159	1158
1057	1044	1040	1171	637	199	245	223	197	208	200	180	186	191	181	189	171	224	980	1140	1076	1125	1125	1138	1151	1154	1155	1156
1051	1044	1049	1220	635	215	242	218	212	218	195	202	202	210	205	175	157	279	751	1119	1117	1138	1152	1135	1156	1164	1166	1166
1049	1040	1055	1272	703	218	254	237	230	233	198	215	217	213	197	189	195	303	575	877	1084	944	641	854	1084	1138	1125	1103
1052	1034	1048	1307	811	203	236	236	239	219	209	214	216	198	204	187	197	276	440	389	624	432	32	468	956	1002	954	938
1057	1043	1036	1319	934	208	244	234	218	203	208	219	204	207	211	219	186	224	350	271	257	416	490	589	588	838	942	973
1066	1051	1020	1307	1100	255	261	238	217	218	234	222	202	206	207	212	174	246	279	289	274	254	301	314	171	376	1011	1069
1063	1059	1023	1258	1281	350	241	227	219	203	192	198	195	209	213	213	237	259	222	223	393	284	241	271	219	431	1107	1066
1019	1044	1039	1185	1382	534	225	239	228	202	208	221	211	213	214	228	291	232	227	192	394	347	271	258	210	490	1110	1153
1127	1022	1055	1114	1407	812	212	244	233	241	211	204	208	264	223	264	328	220	202	203	405	308	291	225	181	586	1309	1374
1375	1103	1026	1040	1338	1141	280	240	227	221	219	225	238	220	210	335	281	223	222	265	392	355	245	252	243	1010	1310	1243
1145	1159	1012	984	1179	1361	565	208	229	221	263	223	215	252	341	338	227	205	277	336	314	230	242	223	693	1260	1256	1253
1059	1178	1060	970	1009	1373	1067	258	218	236	205	231	273	245	347	283	199	291	330	347	351	229	204	389	1238	1280	1264	1305
1057	1088	1198	1140	940	1172	1417	700	204	251	257	281	216	256	339	255	199	291	230	277	278	231	206	911	1298	1265	1310	1173
1040	1054	1086	1291	1282	1043	1337	1305	475	198	259	230	212	262	265	212	210	219	230	233	210	221	800	1235	1069	1316	1307	1047
954	981	1005	1012	1158	1270	1110	1389	1223	476	195	223	234	251	254	227	222	256	276	206	272	919	1296	1082	1145	1577	1427	1020
973	934	949	977	980	1045	1040	1082	1396	1261	693	291	245	262	261	248	240	239	269	476	1109	1417	1195	1169	1285	1462	1666	1454
973	989	951	971	1018	1030	1048	1010	1074	1370	1357	1110	799	586	413	307	340	592	1036	1386	1453	1285	1242	1207	1128	1060	1144	1472
902	926	970	960	953	989	1012	1022	996	1009	1235	1363	1326	1299	1200	1136	1202	1376	1433	1321	1202	1005	1078	1012	1015	1033	1037	1264
906	902	899	932	959	930	932	959	977	978	951	1060	1252	1360	1368	1376	1308	1221	1050	982	1027	1043	1027	1012	1029	1001	1079	1371
919	922	923	916	919	955	961	940	938	941	946	936	937	968	995	987	967	992	976	985	1056	1048	1013	994	1014	1040	1070	1127
922	927	926	930	925	916	925	944	949	945	938	935	940	938	940	955	964	965	959	960	987	987	978	1012	1047	1062	980	928
914	917	920	917	920	928	930	925	926	930	931	924	921	922	934	946	961	1035	1049	1039	1041	1044	1054	1061	1041	996	934	934
982	921	912	920	924	924	926	927	922	912	913	916	919	925	922	925	926	966	1025	1055	1059	1061	1068	1036	949	922	925	926
779	999	972	920	903	912	913	910	911	915	919	924	924	921	921	923	926	928	937	960	1008	1010	966	934	923	922	929	925
130	454	769	977	951	899	896	902	906	909	912	921	930	926	924	925	924	927	933	925	924	929	926	930	923	933	932	927
77	61	179	523	918	1004	971	937	898	906	913	915	918	923	927	932	932	934	934	935	930	932	935	932	930	931	933	929
80	76	62	59	216	534	769	916	1002	948	915	907	913	912	919	916	918	923	926	927	933	932	933	931	929	928	926	930
1057	1044	1093	1279	570	190	204	188	187	194	191	189	196	212	200	176	177	171	798	1191	1128	1149	1123	1121	1120	1119	1123	1130
1059	1041	1098	1235	480	198	217	207	218	210	176	167	192	207	218	210	210	225	919	1171	1157	1153	1151	1148	1144	1148	1143	1141
1065	1042	1077	1147	434	205	210	217	200	201	191	209	220	192	181	193	181	492	1142	1167	1169	1181	1160	1147	1146	1150	1144	1139
1070	1040	1050	1118	427	217	214	196	196	227	236	186	207	210	191	166	159	810	1200	1186	1087	938	1045	1109	1085	1084	1079	1066
1058	1034	1023	1050	426	211	216	216	221	194	194	178	216	198	206	221	175	773	1155	1012	486	83	568	1008	1015	973	953	957
1057	1031	994	999	419	206	217	212	236	231	195	191	186	174	195	213	141	450	1040	894	481	505	718	732	828	955	927	961
1058	1030	973	1005	453	215	220	215	214	242	278	235	160	164	173	177	137	393	622	764	710	389	320	237	216	541	1025	1072
1061	1033	969	1021	549	207	245	237	235	243	208	266	265	251	206	196	298	471	516	341	524	370	247	228	211	519	1125	1076
1033	1041	990	1014	693	222	224	226	238	230	215	287	309	269	252	316	566	453	527	316	468	323	265	227	201	652	1126	1050
1035	1030	1021	1002	866	277	230	252	218	223	248	236	198	264	282	441	533	445	396	380	379	390	256	256	191	665	1137	1242
1295	1026	1033	992	997	445	206	228	219	240	217	228	254	215	295	447	398	368	301	442	250	320	226	224	253	970	1274	1218
1277	1126	994	983	1019	771	221	211	243	212	206	203	221	315	276	365	286	314	311	443	214	236	242	199	583	1201	1225	1236
1096	1290	1065	941	987	1013	512	204	210	198	189	224	283	207	222	309	266	256	283	373	216	221	204	303	952	1196	1226	1275
1041	1130	1361	1110	940	1023	910	323	204	225	234	247	197	186	259	250	258	237	270	328	224	227	179	634	1042	1197	1300	1236
972	986	1077	1217	1068	972	1034	743	243	219	233	213	187	203	278	230	244	258	299	242	252	207	465	950	988	1143	1185	1056
937	961	1021	1027	1051	984	968	1024	644	228	208	222	203	234	273	256	235	267	246	206	262	556	913	994	1145	1351	1113	1034
1012	953	988	1022	1027	1027	974	986	1024	729	336	217	215	233	274	250	256	284	238	356	763	1026	1020	1126	1363	1674	1573	1349
952	1006	967	953	976	995	997	956	971	1039	929	652	443	326	299	271	273	398	649	938	1032	1073	1117	1083	1075	1104	1397	1616
904	923	985	975	921	918	935	945	924	940	1015	1046	978	872	804	784	785	936	1020	1012	1033	1020	1043	1024	1039	1046	1046	1216
912	911	908	953	984	946	913	910	912	910	919	963	1008	1039	1046	1030	1004	1021	995	1020	1037	1043	1046	1039	1037	1032	1114	1223
918	917	918	912	925	966	976	957	932	925	924	921	915	921	932	972	1004	1035	1014	1028	1054	1049	1034	1008	1031	1024	1079	1117
915	916	916	919	921	914	923	949	969	967	954	941	937	942	940	942	959	982	975	952	987	977	956	989	1041	1068	1022	940
907	913	915	917	921	925	925	919	919	925	936	938	939	939	942	937	933	987	1010	997	1006	1010	1042	1058	1044	1012	941	927
968	926	908	913	918	918	919	920	923	920	918	917	918	921	920	924	925	951	1040	1063	1060	1059	1067	1049	967	928	925	929
762	937	965	905	901	909	911	913	918	918	920	922	923	918	918	923	923	922	938	981	1025	1044	1002	946	928	930	925	925
128	390	779	999	937	902	899	906	911	912	916	920	925	927	925	930	930	926	925	925	927	935	925	926	926	931	925	924
72	65	183	573	924	989	975	931	901	905	913	911	914	922	926	933	933	936	934	932	928	928	934	938	931	930	931	930
77	80	64	58	223	493	746	946	1002	949	913	909	915	912	914	916	921	922	924	928	928	931	937	932	926	928	925	929
1064	1036	1026	604	200	238	231	224	204	210	219	224	224	348	289	341	527	797	927	1061	1170	1161	1111	987	969	988	1024	1038
1063	1045	1014	517	198	219	244	258	287	296	333	404	384	435	536	532	615	714	1097	1102	1122	1151	1135	1061	1024	1043	1067	1087
1066	1055	1021	475	185	248	248	248	209	215	226	256	335	284	332	372	224	403	988	1006	1089	1072	1072	1051	1037	1058	1077	1087
1065	1061	1047	475	187	225	206	196	186	194	206	203	197	188	190	186	380	965	1136	921	776	933	978	959	971	1012	1050	1082
1054	1065	1092	466	180	208	197	204	189	188	176	184	194	210	248	273	737	1192	1191	887	453	776	1016	990	962	969	1024	1093
1039	1056	1156	535	171	211	190	187	190	188	170	171	239	268	240	222	656	1043	1070	558	401	490	617	835	932	965	982	1068
1031	1047	1197	707	187	206	199	205	200	213	237	307	324	247	178	160	440	592	574	858	598	308	213	237	279	740	1067	1073
1048	1039	1204	918	212	234	215	233	244	293	329	329	220	255	277	292	297	410	562	745	471	440	215	225	204	621	1132	1067
1057	1028	1165	1136	307	222	249	260	237	231	293	228	236	279	299	299	319	698	458	458	449	374	260	265	246	785	1160	1131
1042	1033	1113	1297	533	200	288	248	226	289	256	228	206	199	200	219	316	464	321	315	341	359	282	259	220	860	1318	1371
1174	1025	1045	1318	914	208	242	230	279	263	225	207	193	199	217	256	265	356	261	250	270	313	237	219	388	1188	1360	1277
1336	1134	995	1212	1289	410	220	249	251	228	209	205	203	241	266	220	279	370	240	205	242	291	275	206	669	1269	1246	1267
1175	1321	1035	1039	1383	893	235	245	232	213	204	207	242	301	234	193	415	304	231	213	237	255	250	266	933	1248	1262	1283
972	1078	1097	952	1209	1343	541	227	229	213	250	238	296	249	214	280	425	260	223	232	251	252	207	500	1255	1263	1293	1293
932	963	982	958	992	1366	1131	324	210	246	245	231	289	210	255	271	275	267	222	227	276	243	293	945	1243	1243	1170	1076
950	948	966	961	934	1090	1393	948	258	221	225	246	238	254	273	213	264	278	213	246	282	331	881	1216	1224	1505	1169	1035
1016	955	925	926	935	925	1176	1402	933	328	202	235	252	267	272	232	267	273	238	243	493	1005	1293	1141	1165	1618	1595	1165
952	1007	961	915	910	912	911	1173	1368	1123	642	343	246	237	244	234	241	275	343	705	1204	1299	1181	1042	1059	1103	1535	1641
901	930	997	986	926	900	894	886	1101	1319	1291	1086	822	573	447	438	507	753	1140	1385	1336	1099	1027	1059	1050	1036	1089	1464
914	909	913	960	996	966	921	903	880	981	1176	1268	1259	1203	1165	1202	1289	1359	1288	1151	1075	1015	1041	1031	1030	1038	1013	1204
918	921	918	915	922	962	988	979	948	913	904	959	1056	1125	1171	1187	1141	1042	987	1042	1038	1052	1035	1018	1027	1032	1040	1048
916	918	919	923	923	917	923	942	971	989	982	962	946	939	939	960	980	989	965	997	1009	989	955	993	1034	1050	1047	964
912	917	918	921	921	926	927	927	929	932	937	943	950	957	960	957	938	941	976	950	980	984	1018	1047	1052	1016	943	934
967	931	907	919	925	928	932	930	929	925	924	919	916	920	925	926	927	923	993	1052	1057	1058	1063	1062	992	934	926	938
671	931	966	907	907	912	920	917	919	918	919	924	920	916	917	918	920	925	942	993	1032	1055	1030	960	922	932	930	928
131	406	868	1003	938	907	904	906	910	915	918	919	924	925	926	929	932	930	929	924	931	944	933	924	928	928	924	925
78	66	196	588	907	972	982	921	903	909	916	916	915	919	920	927	935	935	937	934	932	931	933	937	935	929	929	930
80	83	65	68	218	477	776	997	993	948	915	909	913	911	915	915	918	932	932	928	933	930	934	937	932	929	931	929
1038	1254	940	206	213	243	226	213	205	258	276	254	191	159	263	440	399	907	788	924	1027	1154	1157	1096	1040	1050	1126	1144
1047	1308	955	197	208	209	219	258	251	225	230	279	320	303	206	223	398	616	704	988	1080	1149	1173	1155	1125	1135	1164	1166
1043	1322	1009	190	202	201	204	207	204	203	210	191	186	252	335	320	249	219	448	625	938	1032	1140	1152	1142	1150	1163	1166
1039	1294	1084	206	214	211	209	211	184	180	193	188	194	165	159	289	413	480	659	792	929	985	1026	1083	1124	1151	1166	1174
1040	1237	1168	254	199	209	225	227	227	229	228	221	177	200	312	541	881	849	844	818	998	881	936	1032	1062	1126	1166	1173
1037	1178	1263	328	197	206	210	216	253	258	337	415	485	600	505	408	872	995	506	503	917	329	406	830	933	1028	1140	1177
1032	1107	1299	442	201	203	191	190	198	223	242	253	366	371	203	425	1107	1115	825	907	747	244	241	292	314	894	1110	1128
1039	1048	1298	615	186	216	184	185	197	203	203	233	236	194	154	328	805	1037	1096	569	234	311	290	264	215	687	1125	1081
1044	1008	1257	859	203	238	257	246	223	202	256	242	218	181	197	367	339	473	599	389	179	306	315	275	246	803	1152	1089
1043	999	1143	1101	280	224	262	273	307	323	239	198	186	202	241	286	332	243	321	358	229	260	271	248	266	865	1196	1276
1047	996	1022	1221	511	195	211	197	247	272	220	201	214	268	229	328	305	193	356	253	245	263	235	221	463	1171	1283	1252
1087	991	949	1182	913	223	225	224	274	228	211	214	272	255	330	297	208	209	345	246	263	279	225	218	718	1291	1229	1253
1012	960	919	1029	1227	515	198	251	293	200	204	278	251	288	280	211	218	239	326	261	277	282	232	273	883	1239	1239	1268
925	918	906	917	1176	1050	274	228	250	204	262	239	243	233	227	233	247	237	304	235	293	268	225	496	1080	1257	1284	1280
918	915	912	912	979	1266	813	208	231	249	242	203	289	224	227	239	271	227	288	249	284	226	279	920	1114	1301	1297	1109
928	909	907	909	895	1064	1274	683	205	231	226	249	293	240	242	235	269	233	278	267	271	298	824	1064	1039	1346	1141	1053
994	935	906	899	906	901	1129	1286	760	248	220	282	269	268	214	219	268	246	263	290	603	975	1107	1071	1210	1631	1531	1131
947	989	956	908	896	899	899	1122	1308	993	466	270	236	242	210	220	229	259	424	800	1157	1322	1254	1244	1304	1304	1601	1718
896	922	978	985	932	895	888	879	1044	1294	1269	1000	726	524	383	371	518	812	1109	1282	1249	1269	1296	1157	1059	1035	1061	1346
909	903	902	931	977	974	937	904	872	940	1154	1316	1315	1240	1203	1197	1265	1271	1219	1145	1083	1023	1063	1029	1029	1027	1023	1287
914	915	912	909	910	938	971	985	973	935	906	967	1102	1181	1205	1176	1113	1006	1024	1038	1045	1056	1043	1036	1028	1032	1031	1289
916	915	915	916	916	915	914	923	950	977	994	991	970	957	961	996	1024	990	990	1052	1037	1004	967	1010	1038	1044	1042	996
910	910	914	912	914	920	931	927	926	924	932	942	957	971	983	981	968	951	949	951	959	970	1005	1049	1064	1018	956	929
982	923	904	918	923	924	931	925	926	927	926	924	921	919	928	938	943	929	950	1025	1048	1062	1065	1063	1008	937	927	948
671	993	963	905	900	906	912	914	917	915	918	921	921	922	928	921	918	925	942	988	1040	1059	1040	968	933	930	933	934
112	431	865	1007	957	911	898	901	906	915	917	919	922	926	933	929	926	928	929	926	937	951	941	930	934	929	926	927
76	58	182	570	860	975	987	918	901	906	913	913	915	920	921	929	933	933	934	937	933	932	932	934	934	931	934	934
81	80	65	61	198	455	812	1002	987	947	922	911	916	915	919	918	919	931	926	928	931	931	929	931	935	934	934	932
1069	1125	413	168	176	162	162	163	175	167	150	150	153	152	153	213	344	529	550	435	484	998	1037	1117	1140	1136	1154	1154
1052	1036	348	186	177	168	159	153	155	162	155	145	138	154	160	150	260	720	437	507	910	1067	1132	1141	1145	1151	1152	1154
1026	970	334	201	212	188	186	180	156	143	148	170	177	218	199	147	174	206	223	217	844	1165	1134	1131	1135	1145	1154	1157
1012	932	341	186	224	224	174	219	279	207	182	168	159	281	510	440	185	135	142	393	1076	1153	1139	1134	1136	1141	1150	1158
1008	928	358	189	185	216	251	241	237	236	238	233	248	254	353	520	379	248	354	692	1046	1056	1039	1111	1148	1155	1158	1157
1020	959	406	188	222	205	207	227	229	194	254	268	226	252	349	547	754	614	690	602	484	338	348	593	882	1088	1149	1159
1014	984	488	174	193	184	187	177	193	263	233	192	284	499	654	908	829	758	555	305	223	211	212	197	281	957	1110	1122
1011	988	628	169	199	207	200	237	235	198	160	312	380	292	488	563	637	997	873	220	161	228	304	218	187	677	1119	1082
1020	972	793	216	200	191	194	210	177	193	350	364	195	190	221	462	277	546	948	516	250	209	259	224	186	686	1124	1073
1027	963	922	354	170	192	206	177	199	375	316	196	183	236	466	501	201	180	277	570	339	227	258	228	229	868	1127	1220
1011	962	969	624	169	215	208	242	307	272	171	214	267	410	574	244	238	191	259	345	188	218	233	186	468	1198	1269	1238
1005	948	949	906	315	180	206	197	230	215	239	310	278	330	359	206	252	197	303	280	203	218	229	183	721	1265	1228	1245
961	917	920	974	748	222	212	218	241	252	259	221	199	294	246	225	262	194	300	288	218	207	233	295	953	1233	1233	1285
912	910	916	933	982	607	200	220	227	223	186	205	207	290	208	226	262	200	278	283	251	223	197	582	1183	1218	1269	1288
911	914	910	908	948	967	487	181	232	213	192	219	250	282	212	234	266	199	271	232	243	250	264	847	1174	1233	1188	1112
939	903	905	905	907	969	947	444	204	218	224	251	235	241	209	265	232	201	231	249	224	280	696	1016	1082	1081	1030	1056
1007	964	912	903	906	905	982	967	518	228	235	262	223	245	213	253	231	222	232	236	395	772	999	1074	1418	1634	1244	1046
928	979	975	928	905	905	903	972	1006	669	301	220	221	231	234	216	236	227	308	559	858	1020	1066	1087	1221	1452	1611	1536
903	912	946	977	965	923	899	894	951	1016	873	600	427	337	283	256	340	613	807	950	1016	1061	1043	1046	1034	1009	1162	1539
910	908	904	916	961	998	976	930	907	923	984	1002	952	885	816	797	881	961	995	1015	1032	1031	1041	1042	1041	1047	1043	1121
915	914	916	909	905	921	948	980	984	965	937	938	947	977	994	994	986	984	1036	1041	1045	1049	1053	1037	1029	1036	1033	1134
912	912	913	915	917	918	914	913	928	955	972	976	972	967	988	1013	1019	980	1030	1053	1031	1001	973	998	1018	1044	1029	996
905	910	916	916	917	917	920	922	921	917	920	931	949	964	979	989	980	950	957	979	939	948	975	1031	1060	1019	959	945
979	917	902	914	917	921	919	915	917	922	925	920	915	914	920	925	945	950	933	965	1024	1045	1052	1047	1010	934	920	938
762	999	965	908	901	906	913	916	918	916	918	918	915	915	915	913	913	914	912	954	1031	1048	1037	967	929	921	929	937
107	431	863	1011	969	924	902	906	910	916	911	915	920	920	922	920	918	918	914	915	924	943	932	918	921	930	927	928
71	51	175	552	817	982	983	920	906	908	910	909	914	915	921	925	933	934	930	929	928	924	927	930	930	928	927	931
76	75	63	62	198	456	861	1002	996	955	930	915	910	911	908	913	923	923	922	921	925	931	924	926	928	928	924	927
961	372	149	182	161	152	158	156	135	128	136	143	144	155	139	174	223	358	129	120	224	795	976	1060	1124	1148	1151	1151
944	351	158	181	183	163	147	176	232	210	193	173	139	150	145	122	237	642	255	166	452	922	1106	1130	1137	1136	1143	1151
949	355	158	189	173	204	211	221	213	231	325	418	450	361	179	136	169	251	235	151	471	1023	1124	1125	1133	1137	1146	1150
965	404	158	204	214	208	204	216	238	209	183	232	363	514	372	154	159	158	135	310	840	1058	1100	1121	1144	1146	1147	1147
981	521	160	198	181	164	158	148	184	220	241	271	294	348	321	158	154	213	417	1035	1144	905	843	930	1104	1147	1154	1152
996	644	158	199	184	195	178	203	190	164	174	205	272	364	468	523	682	686	1026	901	579	294	257	290	563	1056	1114	1137
1004	794	193	200	237	217	180	206	194	186	190	201	210	338	499	488	512	618	816	271	148	238	209	209	174	877	1088	1081
1016	942	278	191	212	205	192	188	201	216	237	268	447	809	654	413	286	443	501	285	142	261	234	220	182	595	1078	1052
1019	1050	459	178	200	188	207	202	207	205	188	219	304	348	257	244	215	522	1047	439	274	300	241	206	187	599	1058	1106
1014	1075	761	175	211	218	194	183	187	196	187	195	196	223	251	231	297	493	649	362	537	322	294	201	256	999	1233	1381
990	1012	1078	326	194	209	202	242	193	195	190	197	212	228	298	249	312	228	218	276	238	253	270	176	627	1387	1266	1231
963	940	1172	777	185	209	260	224	189	198	213	227	188	305	338	213	295	200	308	298	211	257	237	169	888	1286	1213	1230
925	910	1042	1207	465	201	235	222	202	249	229	201	197	405	250	242	290	202	385	298	208	245	230	310	1027	1252	1236	1243
914	916	926	1206	1047	294	216	223	226	237	224	205	291	332	231	241	211	258	319	229	257	238	200	657	1255	1263	1278	1312
922	910	907	1002	1320	828	225	223	242	221	295	256	282	222	241	195	217	291	250	228	245	230	288	1019	1329	1331	1204	1150
991	934	910	901	1122	1327	695	232	249	221	284	256	242	230	219	193	249	252	240	253	217	266	883	1245	1224	1427	1047	1050
979	1005	957	916	909	1192	1300	704	245	227	255	237	233	226	197	209	264	236	240	227	279	910	1291	1136	1277	1635	1282	1012
908	944	990	991	937	926	1198	1293	821	307	199	222	238	223	198	229	246	244	220	404	1002	1396	1186	1050	1100	1244	1534	1252
913	911	919	955	982	945	914	1135	1303	1038	551	289	224	175	188	187	220	377	761	1408	1457	1137	1012	1058	1049	1014	1205	1519
914	916	915	910	923	961	975	932	1040	1227	1231	1061	841	663	620	732	977	1277	1385	1277	1078	1014	1042	1052	1035	1046	1060	1403
911	914	917	917	914	911	936	977	968	970	1064	1170	1226	1259	1291	1309	1295	1191	1055	1027	1049	1052	1054	1035	1034	1046	1036	1114
912	912	913	919	917	918	911	908	922	950	969	989	1017	1062	1087	1060	1009	1008	1052	1061	1037	1017	1005	1012	1017	1048	1034	1043
905	911	912	914	913	914	918	924	920	916	920	939	950	968	990	992	971	960	1002	1029	963	942	969	1027	1063	1038	947	947
979	918	903	912	918	921	920	924	926	926	921	918	914	908	921	941	959	981	975	964	1021	1036	1055	1055	1020	946	922	930
763	1002	978	915	908	918	920	916	916	917	922	918	909	910	909	911	917	916	915	928	1011	1053	1044	984	924	919	923	929
110	437	868	1008	972	923	906	915	917	916	915	916	916	919	918	924	930	924	923	918	924	941	935	917	922	928	926	928
73	52	178	522	803	990	984	924	909	911	915	916	913	916	926	936	948	937	927	930	930	923	923	927	929	929	933	930
77	79	64	66	193	489	897	1007	995	948	929	914	913	911	916	921	927	928	926	932	932	931	930	930	934	936	932	926
728	169	185	200	208	243	255	158	141	131	141	132	136	133	135	120	166	198	171	159	143	331	842	977	1111	1151	1151	1150
805	184	218	197	194	199	272	288	271	190	179	146	159	142	127	132	144	279	208	212	170	296	743	1039	1095	1142	1149	1151
917	213	204	190	209	233	260	221	234	224	239	175	186	149	149	128	126	240	209	182	157	284	740	1050	1097	1136	1152	1150
1067	260	193	215	221	180	207	257	174	158	218	303	363	139	138	182	130	139	128	155	301	433	703	914	1082	1117	1143	1147
1207	369	197	204	183	167	259	329	392	393	424	385	297	206	134	166	190	109	124	446	762	316	311	368	729	1053	1084	1116
1327	540	173	201	166	213	262	198	212	271	331	400	429	395	323	209	242	147	627	666	565	266	209	172	232	931	1068	1068
1347	794	164	209	189	222	185	197	207	211	187	186	195	199	204	186	163	620	996	300	181	275	282	236	152	695	1082	1044
1278	1100	203	227	235	220	238	198	267	413	484	434	597	387	248	210	313	777	636	216	172	196	243	240	177	503	1010	1024
1136	1375	360	190	203	199	226	348	327	264	265	324	770	485	293	230	338	455	694	632	230	402	280	219	189	658	997	1059
989	1434	709	189	216	216	249	274	199	205	181	228	357	235	216	200	249	685	491	333	311	375	259	198	302	942	1085	1160
912	1280	1178	247	219	238	234	211	192	213	205	209	235	196	204	252	281	532	266	207	275	245	269	203	608	1230	1241	1192
905	1045	1447	614	207	237	200	196	205	203	205	218	233	212	228	234	252	244	217	211	258	287	248	241	939	1238	1206	1223
920	910	1292	1171	294	227	215	206	204	203	205	288	241	237	213	234	211	212	240	233	245	272	209	418	1086	1211	1236	1274
919	903	998	1396	812	193	205	197	219	215	341	295	250	294	222	238	201	205	278	260	228	238	213	756	1103	1256	1236	1256
984	922	892	1155	1370	552	152	208	234	255	271	220	316	220	212	239	230	214	244	245	233	228	525	1009	1088	1346	1239	1151
990	983	925	904	1262	1277	428	168	269	236	223	329	301	211	200	254	229	226	230	227	230	513	944	1002	1085	1290	1056	1055
919	972	1009	941	932	1313	1263	488	213	260	261	246	254	227	246	267	246	214	269	291	604	980	967	1081	1366	1605	1229	1038
916	913	949	1004	967	955	1327	1376	765	272	199	234	267	240	243	245	242	252	456	761	1087	1263	1184	1257	1382	1522	1759	1554
922	922	917	924	980	993	973	1254	1431	1149	639	361	280	205	208	246	397	701	1021	1311	1238	1287	1292	1183	1085	1042	1214	1472
916	917	921	917	913	940	968	944	1101	1364	1394	1217	1001	840	799	936	1152	1277	1269	1194	1058	1055	1096	1043	1031	1045	1079	1296
912	913	918	919	916	909	917	955	949	978	1134	1306	1388	1373	1358	1306	1226	1083	1023	1028	1045	1046	1048	1038	1029	1032	1081	1405
913	914	915	916	918	922	922	916	940	971	976	989	1041	1081	1084	1055	1006	1035	1062	1061	1043	1017	1033	1026	1015	1029	1065	1208
905	914	917	916	916	916	919	922	921	919	935	957	976	992	995	997	963	990	1016	1043	987	949	969	1017	1059	1064	955	923
975	921	909	919	924	926	924	930	935	933	925	919	918	927	955	979	989	981	982	982	1022	1040	1048	1063	1022	955	920	929
768	1007	981	923	914	919	923	919	918	920	921	917	918	922	918	922	932	922	923	919	972	1032	1040	989	930	918	923	920
112	442	869	991	976	922	911	923	924	921	918	921	926	927	924	928	936	922	922	925	928	934	936	926	920	923	921	922
72	54	181	496	812	1016	978	926	910	915	919	924	926	930	935	937	940	936	932	931	929	926	929	932	926	927	930	929
81	84	68	72	193	543	913	1011	1000	953	928	918	917	921	927	929	926	932	935	938	939	938	938	932	929	932	935	933
725	162	190	236	246	211	198	215	256	294	318	241	197	156	123	104	110	108	138	123	158	141	494	997	1139	1158	1120	1118
810	191	232	202	183	166	174	165	201	238	273	267	171	159	116	102	106	220	202	173	171	164	153	643	1012	1067	1087	1117
887	183	193	197	193	143	184	143	161	212	184	173	107	136	161	126	128	209	189	162	140	166	195	578	920	993	1049	1086
953	206	230	226	253	207	167	213	213	244	226	173	198	129	164	162	126	142	116	131	359	320	255	351	674	975	997	1023
1019	244	232	224	229	389	375	325	299	241	225	183	246	184	162	129	117	125	112	131	320	204	204	178	289	871	1031	1013
1075	278	195	189	267	253	190	218	195	182	183	185	150	168	176	224	190	137	139	122	262	297	236	207	164	680	1038	1010
1095	347	195	239	262	188	198	205	198	179	189	212	168	170	162	177	205	383	312	117	152	221	223	235	188	411	1019	1024
1062	468	213	277	209	191	231	269	344	336	238	173	269	231	176	183	524	809	669	362	220	160	323	311	176	418	946	987
1020	614	213	262	212	186	203	203	223	234	278	356	567	311	170	443	882	534	514	679	236	246	283	244	225	718	993	1096
974	761	254	226	221	190	205	217	221	271	322	543	515	256	357	701	696	469	366	529	215	250	298	210	402	1100	1235	1249
955	894	365	234	234	259	240	205	270	236	290	472	302	387	372	423	424	569	238	253	224	227	241	243	898	1296	1249	1226
928	980	608	207	232	257	199	260	245	283	258	232	347	365	264	313	413	305	183	267	236	215	227	390	1219	1264	1232	1244
913	964	907	349	224	216	245	233	266	298	207	320	347	207	313	404	364	228	175	221	235	256	200	606	1171	1247	1254	1279
923	921	1005	773	217	180	200	219	287	229	236	306	204	240	235	392	287	198	190	227	255	238	256	940	1203	1257	1298	1319
1017	949	940	1026	678	182	172	223	230	217	252	181	199	249	181	322	295	223	217	250	223	212	584	1121	1257	1197	1170	1145
967	1018	953	949	1034	673	198	200	244	241	207	232	248	241	191	287	220	270	214	230	205	558	992	1193	1321	1069	1019	1058
913	931	987	971	958	1057	754	284	207	222	234	265	249	213	208	272	223	241	258	256	621	988	1098	1263	1702	1597	1141	1017
916	911	922	996	991	960	1064	916	501	244	184	229	206	191	217	259	232	223	392	753	1036	1071	1049	1129	1397	1691	1599	1362
917	918	913	911	964	996	962	1022	1037	840	583	399	278	227	222	294	411	602	933	1078	1072	1041	1047	1046	1033	1081	1344	1588
911	917	922	915	909	938	999	978	969	1045	1050	988	904	827	805	868	971	1048	1067	1042	1045	1049	1064	1046	1030	1050	1070	1212
911	917	915	918	914	908	918	968	980	955	980	1016	1039	1036	1028	1021	1024	1014	1018	1048	1052	1047	1054	1039	1037	1039	1088	1361
915	917	915	917	919	923	920	915	942	982	984	968	981	1020	1031	1025	1008	1054	1067	1066	1060	1024	1044	1028	1015	1036	1028	1091
915	913	915	914	916	920	924	921	916	923	944	977	994	1007	1003	983	983	1022	1030	1043	1013	958	973	1005	1055	1077	981	931
992	931	911	921	924	921	923	929	933	929	925	920	922	944	982	980	983	976	985	991	1003	1057	1053	1067	1038	954	926	944
745	1007	987	930	914	922	925	923	926	927	926	921	920	916	919	943	956	947	937	925	937	1000	1023	994	930	925	930	930
96	424	838	977	993	929	914	921	924	924	922	927	930	933	934	928	920	917	917	921	924	927	926	928	932	928	925	933
70	51	158	461	815	1046	988	930	914	915	918	922	927	932	935	935	934	932	931	930	928	925	928	937	927	925	932	934
78	79	66	66	189	551	903	1016	1003	948	923	924	919	920	920	920	924	930	937	943	939	939	939	931	927	931	929	934
280	178	158	239	378	588	788	931	999	1029	1042	982	907	805	641	463	312	167	152	142	158	194	511	983	1198	1184	1088	999
257	179	173	224	282	485	673	827	934	971	1003	985	841	631	477	328	214	194	154	181	208	200	133	266	904	1075	968	980
249	205	177	215	221	334	535	701	825	871	898	879	743	534	371	219	164	126	150	175	144	187	220	252	414	875	957	958
210	183	208	170	199	249	393	524	660	735	708	645	562	378	238	140	114	130	153	267	368	189	236	239	246	736	1015	995
209	168	159	146	160	184	193	305	420	464	454	408	359	236	171	148	155	162	173	184	184	182	204	240	219	580	1088	1057
213	183	176	172	211	165	130	183	224	230	227	208	175	165	184	216	190	207	205	180	193	219	207	286	261	399	1011	1050
240	186	195	192	170	159	137	150	149	139	155	155	137	171	179	178	213	238	207	220	214	297	298	296	198	297	929	994
281	182	226	249	246	277	300	247	190	150	163	170	198	227	228	234	192	231	559	507	234	235	273	261	193	519	994	1051
385	178	213	229	253	239	240	192	172	201	211	291	258	237	237	279	269	222	484	323	267	224	239	247	289	864	1027	1107
628	156	203	221	191	185	173	209	326	346	311	304	280	363	489	526	351	184	240	600	276	214	271	224	588	1141	1264	1294
913	262	168	195	185	177	188	256	318	351	571	696	491	507	450	609	423	366	226	342	203	230	240	286	1032	1287	1225	1202
993	620	138	186	203	210	194	204	217	265	405	350	267	214	346	703	380	240	166	286	266	259	217	513	1214	1223	1231	1246
935	973	383	173	212	185	191	220	235	221	285	245	241	214	328	361	404	183	171	286	248	262	241	781	1164	1218	1246	1261
927	987	884	292	178	189	193	233	223	212	272	217	204	280	278	267	404	199	166	267	240	228	390	1082	1251	1354	1299	1302
1008	951	1040	833	261	181	215	235	197	234	245	195	234	341	196	282	271	203	182	251	238	224	788	1274	1356	1428	1219	1193
951	1019	990	1102	804	278	181	210	211	244	207	223	270	239	257	272	226	198	208	254	198	652	1278	1231	1365	1387	1021	1059
915	937	993	1009	1148	859	324	174	190	202	203	225	213	212	250	222	240	234	261	225	606	1355	1224	1252	1631	1641	1167	1040
915	909	924	977	1045	1207	1002	498	205	181	193	200	208	205	224	247	245	223	297	774	1394	1439	1073	1133	1428	1616	1621	1365
917	913	910	917	961	1042	1216	1207	869	490	283	245	236	217	225	303	383	602	1196	1572	1340	1093	1054	1103	1060	1080	1295	1441
907	920	918	907	903	934	1011	1169	1290	1222	1043	923	892	877	927	1104	1378	1585	1504	1165	1014	1032	1058	1036	1021	1052	1097	1420
916	920	914	915	909	902	921	966	1044	1163	1270	1309	1322	1356	1410	1443	1370	1163	991	1007	1053	1043	1047	1035	1039	1041	1038	1225
931	914	912	920	921	917	911	912	945	980	1010	1058	1162	1240	1200	1072	1003	1035	1065	1073	1070	1017	1031	1038	1012	1025	1014	1048
925	920	919	918	920	921	927	928	923	928	962	992	1010	1011	981	977	995	1052	1054	1055	1042	962	982	1007	1046	1062	964	947
1002	934	915	924	926	919	923	933	934	929	925	923	935	956	978	994	988	997	1003	1012	992	1035	1063	1073	1045	966	944	958
747	1012	998	939	919	929	929	926	929	931	932	926	918	917	930	959	970	966	962	948	936	970	1000	985	936	934	940	941
102	431	784	982	999	926	916	925	924	923	922	926	931	933	933	934	925	928	925	927	932	927	925	925	940	937	934	942
70	53	164	465	859	1050	976	923	911	911	914	914	921	933	936	939	939	934	936	934	929	929	928	938	936	933	936	943
76	79	67	67	210	572	908	1015	993	956	929	922	919	921	919	919	925	934	942	941	940	942	937	934	937	938	936	940
166	257	512	881	1076	1125	1119	1111	1101	1100	1101	1106	1107	1115	1117	1099	1041	845	592	301	118	164	547	1045	1207	1186	1100	963
129	163	421	742	1007	1111	1120	1112	1106	1104	1098	1099	1111	1118	1100	1043	923	734	446	149	127	175	135	288	775	1053	995	948
151	149	305	582	880	1049	1110	1123	1115	1114	1111	1115	1125	1110	1065	941	732	470	231	134	167	187	185	202	175	568	999	1014
184	151	204	440	714	941	1062	1106	1118	1120	1112	1115	1106	1072	973	769	536	323	204	238	338	174	186	215	220	410	1025	1072
160	124	123	267	508	751	930	1043	1081	1084	1088	1068	1025	949	796	580	385	249	164	178	175	200	175	211	228	305	972	1072
172	201	128	223	329	523	729	865	928	934	925	898	832	725	539	345	216	163	163	190	192	151	154	218	267	230	855	1004
156	226	200	126	156	291	451	573	638	637	626	610	548	441	280	180	156	206	210	290	230	133	221	213	183	327	915	986
155	153	242	225	176	182	205	267	313	341	348	300	292	227	158	148	159	230	286	216	153	158	256	197	186	675	1030	1099
172	179	181	179	166	141	126	160	159	176	184	205	178	196	202	164	188	205	587	156	219	187	235	195	392	1005	1075	1087
427	146	172	180	164	186	154	154	176	156	153	221	190	158	179	150	176	166	235	255	299	196	207	226	795	1183	1261	1253
914	175	181	159	177	236	350	353	304	321	286	208	202	245	122	152	233	142	221	489	157	173	175	346	1067	1259	1214	1194
1191	572	138	209	197	213	217	185	368	421	297	198	236	190	266	481	477	163	149	277	243	230	193	615	1188	1212	1240	1257
1054	1194	298	175	174	185	169	219	277	347	260	233	220	328	251	518	371	134	156	243	250	244	302	884	1151	1199	1256	1270
914	1276	1040	178	189	184	205	256	231	210	200	208	197	189	228	394	209	151	163	239	241	208	602	992	1153	1260	1249	1242
1004	995	1468	860	150	205	200	241	199	191	214	180	169	196	314	280	222	174	166	217	194	372	944	987	1092	1307	1175	1137
966	974	1112	1542	778	152	199	225	167	194	188	195	202	222	228	192	287	198	176	183	344	877	997	984	1151	1152	1037	1056
913	939	977	1178	1566	856	176	172	183	199	182	200	179	213	206	195	249	183	205	399	877	986	982	1120	1533	1606	1168	1063
909	907	929	970	1187	1590	1132	373	145	179	186	189	179	212	196	214	230	235	570	963	1073	1227	1190	1316	1417	1575	1787	1771
908	913	922	921	947	1086	1455	1433	898	429	238	189	200	232	281	363	449	700	1028	1093	1077	1330	1288	1212	1090	1054	1233	1508
911	931	943	901	905	927	985	1212	1427	1376	1126	911	846	898	964	1044	1107	1102	1045	996	1014	1085	1090	1021	1024	1075	1063	1141
925	923	915	917	906	902	923	954	1010	1145	1288	1388	1363	1314	1252	1183	1065	981	960	1008	1032	1021	1037	1038	1040	1024	1038	1341
917	911	914	920	922	921	912	919	952	981	986	1030	1136	1141	1087	1021	1026	1040	1048	1044	1044	997	1008	1033	996	1008	1031	1202
908	912	918	916	918	918	923	925	924	928	964	1004	1011	990	984	997	1023	1036	1026	1042	1020	948	976	1016	1028	1046	950	914
996	925	908	920	925	923	929	932	932	928	921	922	947	982	996	990	957	989	1008	1009	987	986	1043	1063	1038	954	918	930
758	1003	990	931	908	924	927	921	922	928	929	928	918	915	926	942	960	974	968	952	929	935	959	951	927	921	934	931
106	425	767	987	975	910	912	920	916	918	922	924	932	931	931	929	922	925	917	918	922	923	919	918	926	926	921	936
69	56	176	484	920	1033	959	922	909	910	911	914	915	918	922	931	928	925	928	930	922	920	923	927	926	923	929	937
75	78	64	66	226	590	917	1014	995	948	929	919	913	913	916	916	914	925	930	932	933	940	927	926	929	925	931	931
545	948	1107	1110	1084	1084	1085	1084	1082	1087	1087	1092	1084	1090	1090	1096	1098	1107	1108	1019	697	358	489	1053	1191	1162	1137	963
426	876	1086	1109	1104	1095	1081	1083	1085	1092	1086	1086	1087	1089	1087	1091	1101	1112	1084	851	456	187	111	302	795	1087	1027	991
326	749	1042	1107	1105	1085	1086	1080	1082	1083	1089	1089	1088	1094	1097	1109	1121	1095	970	667	317	140	158	140	147	448	966	1065
220	554	942	1091	1109	1097	1086	1083	1084	1088	1083	1083	1090	1098	1102	1110	1108	1032	774	375	251	231	158	156	191	276	936	1063
160	356	755	1020	1102	1109	1098	1095	1087	1087	1089	1087	1093	1094	1109	1108	1073	910	533	218	118	157	149	160	176	201	840	1026
185	234	526	868	1037	1098	1109	1100	1104	1103	1107	1107	1111	1116	1108	1049	908	616	250	188	165	136	130	165	175	227	817	916
163	158	301	591	850	1008	1077	1101	1111	1111	1115	1114	1113	1090	1011	865	650	329	122	275	224	115	134	164	135	451	955	949
166	149	137	297	562	779	923	1006	1035	1043	1049	1022	986	914	776	598	405	184	75	123	122	131	178	180	189	815	1043	1053
202	221	156	156	263	460	620	726	790	822	818	768	734	604	472	284	155	129	339	259	150	219	186	139	508	1074	1164	1195
566	137	182	197	187	234	288	340	405	453	457	437	396	293	185	108	114	166	428	222	227	237	140	197	1023	1294	1254	1241
1191	168	192	192	189	201	193	180	206	183	213	224	175	176	105	117	145	157	231	362	225	164	127	422	1261	1247	1187	1203
1474	619	142	197	224	265	188	187	250	130	113	133	123	139	144	223	264	133	159	336	237	185	171	754	1245	1214	1225	1232
1133	1251	271	183	210	196	192	277	238	241	152	146	177	230	149	387	410	119	167	190	226	183	407	929	1210	1241	1244	1240
898	1281	924	171	203	181	194	169	318	283	168	206	333	183	133	498	320	132	164	197	220	182	667	1046	1296	1348	1311	1307
982	956	1295	691	175	188	182	202	245	206	164	220	177	164	224	264	247	245	188	198	172	321	953	1158	1308	1245	1117	1111
1004	972	1001	1229	628	190	211	193	160	164	170	182	187	225	318	207	211	224	178	183	239	797	1133	1179	1421	1263	1020	1046
926	980	954	995	1165	724	232	153	176	168	168	183	192	212	247	218	232	226	201	274	688	1094	1139	1087	1770	1706	1142	1058
911	923	963	961	981	1128	909	417	182	153	176	184	161	193	201	224	201	214	286	745	1101	1135	1033	1052	1217	1487	1576	1525
910	924	945	956	986	945	1037	1052	778	458	291	217	175	191	241	274	326	461	818	1121	1118	1062	1042	1042	1052	1032	1265	1702
915	917	920	904	921	967	937	941	1019	1022	935	831	752	743	789	854	946	1044	1096	1056	1031	1052	1054	1026	1033	1057	1037	1235
908	912	917	913	910	911	947	965	948	948	980	1026	1034	1019	1007	1004	1022	1014	1006	1034	1039	1042	1038	1042	1037	1019	1029	1065
911	914	913	913	917	910	903	922	971	986	951	953	1023	1029	1036	1020	1051	1050	1039	1035	1048	989	1000	1030	996	1000	1004	1025
907	910	916	917	918	920	917	917	916	928	969	997	994	969	1018	1024	1036	1029	1018	1038	1011	934	967	989	1026	1007	937	939
990	927	908	915	921	921	920	920	923	917	912	923	946	977	1007	1027	979	978	1003	1006	986	970	985	1023	1011	938	935	936
765	987	989	922	905	909	911	915	920	922	927	922	917	919	928	944	958	965	968	957	930	917	924	922	912	927	936	921
112	407	766	987	966	904	903	913	914	916	922	922	928	935	936	925	919	913	916	913	910	913	914	916	924	921	931	926
67	59	178	523	953	1029	956	921	901	903	909	915	914	912	919	925	924	928	926	927	920	923	926	927	921	917	928	930
76	78	60	65	237	611	923	1011	990	945	926	916	911	915	919	914	911	923	923	925	929	933	927	923	922	922	921	923
1101	1099	1084	1086	1081	1083	1082	1086	1084	1088	1096	1101	1092	1089	1086	1092	1085	1086	1087	1093	1115	1046	918	1024	1178	1171	1132	1004
1071	1105	1082	1087	1103	1080	1086	1093	1083	1086	1088	1092	1087	1088	1091	1093	1103	1092	1089	1108	1085	836	405	277	569	1003	1027	1053
1026	1112	1084	1077	1080	1077	1090	1085	1086	1085	1088	1086	1093	1089	1091	1097	1100	1089	1101	1119	979	557	208	151	170	487	952	1062
902	1108	1096	1077	1078	1084	1076	1081	1084	1090	1085	1087	1097	1087	1088	1086	1085	1094	1116	1070	762	367	210	219	222	247	850	1026
707	1057	1106	1085	1076	1085	1089	1087	1089	1086	1087	1086	1090	1082	1085	1093	1099	1108	1108	892	445	194	165	173	178	204	810	956
498	929	1101	1107	1094	1079	1084	1085	1083	1090	1087	1086	1088	1092	1107	1103	1108	1116	987	584	278	187	161	168	180	292	895	920
318	704	1017	1112	1099	1095	1089	1089	1083	1082	1089	1097	1093	1100	1101	1107	1119	1045	728	334	172	145	154	186	147	630	971	943
208	417	792	1037	1111	1113	1098	1089	1092	1092	1091	1095	1092	1105	1113	1110	1073	821	405	168	153	184	173	176	274	993	1024	940
203	220	473	812	1016	1090	1111	1111	1116	1110	1110	1113	1111	1111	1101	1022	839	507	175	229	269	175	168	119	617	1034	1097	1131
310	168	271	469	733	916	1004	1045	1077	1089	1096	1086	1067	1022	908	706	435	246	212	238	177	196	159	222	1010	1221	1264	1254
606	151	186	208	352	536	680	794	863	899	932	921	859	734	559	356	168	180	376	281	198	184	148	529	1225	1269	1196	1214
878	240	221	243	186	230	298	382	471	537	559	522	443	353	219	151	199	191	302	361	281	153	213	864	1192	1229	1250	1270
987	590	186	221	208	174	250	228	173	202	201	167	143	123	142	179	233	157	161	176	199	160	504	985	1192	1228	1265	1265
932	971	430	200	217	206	224	161	254	191	146	175	180	184	250	458	291	149	186	161	174	216	806	1065	1346	1337	1273	1239
950	961	935	445	200	211	176	249	277	195	241	321	171	172	253	450	203	188	200	184	162	339	1042	1151	1313	1399	1084	1070
1015	965	980	955	471	210	201	193	218	203	207	194	160	190	225	230	163	218	226	203	179	801	1189	1067	1348	1345	998	1040
941	1010	962	973	991	546	193	189	213	185	195	211	254	216	284	208	182	212	249	211	666	1248	1105	1118	1488	1728	1445	1226
911	937	978	948	961	1027	735	313	181	181	206	201	214	208	230	196	223	266	306	786	1342	1217	1106	1232	1189	1233	1593	1550
918	912	922	976	971	955	1036	992	724	461	301	232	221	215	240	297	367	678	1170	1431	1283	1047	1101	1100	1080	1060	1138	1347
907	911	901	897	923	979	962	990	1077	1089	1005	934	901	892	999	1177	1373	1487	1402	1138	1009	1034	1042	1018	1054	1046	1047	1379
912	907	911	909	901	922	977	976	955	1000	1115	1234	1312	1359	1363	1313	1261	1113	1013	1010	1032	1048	1034	1041	1046	1009	1016	1352
919	922	922	922	926	919	918	942	980	984	960	1018	1079	1089	1061	1035	1045	1039	1047	1051	1055	1003	1014	1043	1009	1000	990	1212
912	915	922	925	925	928	927	931	928	942	985	1009	994	1004	1057	1029	1047	1040	1037	1041	1007	941	978	985	1007	988	959	943
1012	947	917	919	928	929	929	931	931	927	926	938	969	990	1021	1032	1010	1009	1025	1016	1007	994	966	966	958	939	946	934
752	961	1010	935	911	917	919	924	934	934	931	929	925	929	940	955	971	968	962	959	944	926	922	922	926	948	931	928
109	387	754	1013	976	912	913	920	925	926	932	939	937	944	945	934	925	920	923	923	922	925	928	929	951	947	936	926
71	61	174	567	961	1035	970	923	912	914	918	922	923	926	934	941	938	940	937	937	935	941	946	943	941	932	930	936
77	81	66	67	237	604	920	1021	1002	969	940	922	919	923	926	924	923	929	927	927	933	942	944	939	935	933	929	931
1087	1079	1084	1085	1091	1080	1084	1083	1078	1084	1089	1093	1086	1086	1091	1088	1080	1084	1083	1084	1099	1108	1112	1113	1153	1130	991	1026
1091	1086	1082	1081	1103	1080	1082	1083	1079	1081	1078	1088	1087	1087	1089	1089	1087	1087	1097	1109	1101	1098	1028	773	510	541	923	1049
1095	1080	1077	1087	1095	1086	1088	1081	1084	1083	1079	1086	1080	1083	1084	1078	1085	1091	1109	1092	1102	1092	835	381	175	388	933	996
1110	1084	1088	1082	1079	1079	1079	1085	1087	1084	1089	1101	1086	1089	1086	1080	1083	1101	1088	1080	1110	967	518	248	220	344	892	939
1112	1089	1076	1085	1085	1086	1088	1085	1091	1091	1086	1088	1091	1079	1083	1094	1106	1085	1076	1103	1075	763	273	174	167	337	887	971
1095	1106	1080	1087	1094	1086	1079	1079	1077	1083	1077	1074	1080	1076	1093	1094	1091	1086	1097	1101	927	451	149	193	162	559	994	1039
979	1117	1092	1083	1081	1073	1084	1088	1080	1084	1083	1079	1085	1087	1090	1093	1088	1101	1112	1022	616	192	175	167	242	872	1036	1045
704	1077	1121	1080	1079	1080	1080	1079	1079	1080	1084	1081	1083	1087	1094	1088	1090	1102	1076	756	316	253	194	136	509	1079	961	950
402	852	1089	1110	1092	1083	1083	1082	1077	1080	1085	1081	1084	1093	1090	1094	1106	1100	885	364	215	193	182	152	737	1022	1148	1172
189	518	888	1085	1115	1105	1090	1086	1083	1088	1085	1086	1086	1101	1102	1111	1089	902	481	163	168	163	171	253	1002	1249	1275	1260
219	230	480	821	1031	1101	1110	1111	1106	1110	1098	1099	1110	1122	1113	1056	830	463	196	188	223	174	132	572	1266	1252	1220	1230
539	154	227	368	647	875	984	1051	1088	1110	1107	1099	1083	1041	928	657	333	192	345	274	329	153	232	920	1286	1241	1264	1278
952	328	188	179	237	379	517	657	772	839	876	822	725	567	346	208	197	183	336	308	244	143	528	1030	1274	1270	1297	1286
967	875	327	271	247	219	169	193	257	314	320	304	242	203	201	180	202	176	165	239	194	201	827	990	1245	1328	1263	1224
925	983	898	347	181	191	209	253	174	164	215	154	175	275	338	250	347	181	171	189	151	360	944	932	1069	1143	1056	1050
991	951	1016	996	396	181	241	283	200	233	250	156	175	200	329	312	190	194	207	189	296	818	934	1003	1323	1231	1037	1026
927	995	973	1049	1130	541	159	183	218	218	173	197	185	237	215	203	180	212	228	344	839	952	975	1255	1632	1787	1429	1225
910	914	981	968	1048	1320	949	401	199	180	192	212	188	220	254	210	233	239	476	889	1004	1008	1218	1281	1216	1265	1618	1742
914	909	910	946	946	987	1333	1385	1018	619	414	301	312	355	396	471	565	797	1027	1055	1035	1104	1210	1072	1078	1057	1092	1329
910	914	902	899	927	945	934	1113	1374	1471	1333	1175	1096	1093	1109	1131	1121	1092	1042	1030	1033	1040	1035	1015	1060	1044	1051	1044
912	913	920	918	905	920	963	981	975	1072	1258	1406	1365	1281	1174	1094	1059	1025	1015	1036	1037	1042	1028	1037	1053	1019	1037	1156
922	922	933	933	932	928	920	938	987	989	953	1032	1081	1073	1020	1029	1054	1041	1051	1051	1031	1002	1007	1039	1011	998	985	1068
923	923	926	922	925	934	929	927	931	946	992	1017	1028	1063	1056	1017	1037	1048	1043	1051	1009	943	979	976	967	954	952	939
1017	951	919	918	923	927	929	930	934	931	927	941	982	1014	1041	1020	994	1004	1034	1038	1006	996	971	935	928	933	951	930
713	930	1010	924	908	915	919	919	936	938	935	929	927	931	937	946	949	956	962	951	937	924	919	927	933	945	937	927
110	387	762	1033	958	909	910	916	923	928	930	940	940	946	940	943	939	930	923	917	927	928	934	936	948	949	945	934
71	57	186	605	966	1027	975	926	915	911	915	924	924	926	935	937	940	938	934	938	935	938	943	946	941	936	940	942
71	79	63	64	253	612	925	1020	1014	980	941	928	915	921	919	921	927	927	926	932	929	933	935	940	937	936	933	933
1087	1089	1096	1083	1088	1076	1078	1080	1077	1082	1081	1081	1080	1083	1088	1083	1089	1082	1082	1090	1114	1139	1119	1108	1140	1074	962	1007
1089	1086	1088	1085	1095	1110	1078	1076	1079	1084	1084	1082	1090	1086	1080	1086	1082	1082	1084	1097	1103	1089	1098	1111	994	692	893	992
1084	1080	1082	1080	1091	1095	1078	1079	1078	1081	1082	1100	1098	1086	1088	1082	1078	1079	1083	1084	1085	1090	1108	1002	541	321	913	955
1082	1083	1081	1082	1080	1089	1077	1084	1084	1075	1083	1091	1082	1083	1084	1091	1077	1082	1087	1078	1078	1097	1074	682	227	474	962	986
1085	1087	1076	1084	1086	1090	1085	1076	1078	1080	1080	1081	1081	1079	1082	1088	1087	1084	1080	1078	1084	1110	843	303	224	753	967	1101
1092	1083	1081	1085	1081	1086	1082	1076	1079	1086	1082	1079	1080	1081	1085	1086	1084	1082	1086	1083	1105	1029	509	181	377	918	980	1120
1108	1077	1075	1079	1081	1076	1076	1081	1083	1077	1078	1076	1088	1088	1086	1082	1084	1083	1077	1089	1113	713	267	144	592	999	961	1061
1111	1089	1079	1081	1079	1082	1081	1082	1083	1082	1080	1082	1085	1079	1087	1088	1088	1075	1081	1126	885	298	179	172	818	1039	1002	976
1045	1119	1086	1081	1086	1088	1084	1089	1077	1083	1079	1077	1085	1088	1083	1086	1079	1080	1113	1012	366	130	166	234	943	1179	1266	1240
756	1106	1106	1085	1082	1079	1080	1086	1085	1077	1079	1080	1086	1089	1084	1080	1083	1112	1065	525	117	188	157	399	1167	1277	1231	1221
400	829	1098	1109	1084	1075	1076	1074	1079	1077	1083	1081	1079	1080	1079	1092	1118	1069	602	158	214	252	135	675	1304	1213	1202	1198
744	309	723	1026	1109	1104	1087	1081	1080	1086	1078	1078	1079	1094	1112	1115	985	525	130	146	232	182	231	949	1283	1212	1217	1224
1129	612	217	540	835	1022	1085	1111	1125	1112	1106	1112	1118	1105	1010	752	364	158	302	244	190	157	485	1054	1285	1262	1261	1270
967	1254	555	188	294	426	614	816	926	972	982	953	841	636	386	201	133	209	268	297	250	163	747	1174	1261	1331	1254	1245
903	1039	1387	557	177	240	204	220	321	388	354	303	246	242	188	157	234	177	169	188	185	253	963	1144	1279	1167	1023	1040
966	911	1111	1455	681	207	217	228	170	205	160	172	267	280	206	209	296	232	176	205	194	678	1134	1103	1555	1480	1089	1061
917	978	943	1099	1474	942	286	199	199	206	167	185	230	179	233	274	179	198	199	228	684	1092	1055	1076	1525	1715	1287	1187
908	907	945	975	1041	1354	1211	650	323	194	165	179	183	188	215	198	211	193	283	736	1104	1100	1006	1041	1079	1263	1518	1507
911	906	900	933	975	958	1108	1222	1057	789	601	449	369	357	369	408	592	741	933	1086	1070	1033	1025	1007	1071	1017	1183	1487
916	913	914	917	919	956	951	947	1017	1073	1077	1048	996	972	969	986	1020	1042	1042	1033	1039	1041	1038	1024	1060	1031	1141	1250
917	911	920	929	923	920	943	972	959	918	958	1014	1006	993	992	1032	1042	1019	1034	1041	1039	1045	1029	1027	1044	1009	1214	1227
915	914	915	919	923	921	914	923	959	998	960	1027	1039	1041	1015	1029	1034	1028	1045	1044	1028	994	978	1007	993	991	1028	1067
913	907	917	917	918	923	922	925	918	944	993	1005	1039	1056	1053	1006	1018	1031	1045	1048	1016	959	968	954	941	928	921	916
1024	969	920	913	913	915	920	929	932	927	929	945	961	992	1008	1009	993	986	996	1009	1011	990	954	927	920	923	926	926
676	932	1017	924	903	903	917	922	927	939	944	930	917	915	918	925	927	929	934	929	921	918	927	918	925	933	927	924
116	371	800	1041	966	904	905	916	916	919	922	934	937	930	926	921	933	933	920	918	920	925	930	935	935	931	935	930
64	56	194	609	967	1029	971	926	904	907	906	914	915	919	922	925	930	925	923	926	925	926	928	942	939	931	933	937
72	75	58	60	255	611	925	1011	1021	981	940	924	913	909	914	909	916	916	919	921	922	920	929	929	930	924	929	932
1091	1088	1089	1095	1092	1084	1089	1109	1086	1080	1082	1088	1101	1090	1087	1086	1087	1088	1100	1123	1133	1141	1111	1104	1119	1076	1026	1003
1092	1083	1088	1089	1086	1105	1120	1102	1086	1086	1093	1106	1107	1086	1086	1093	1096	1089	1096	1094	1105	1108	1100	1100	1109	1050	995	947
1087	1077	1082	1081	1082	1100	1100	1082	1088	1091	1087	1099	1096	1081	1088	1088	1082	1085	1084	1089	1095	1095	1091	1110	1048	840	937	966
1087	1084	1089	1085	1083	1094	1082	1094	1092	1077	1086	1095	1081	1085	1088	1094	1088	1092	1088	1085	1092	1082	1086	1083	766	742	972	1097
1087	1093	1082	1080	1078	1089	1084	1083	1082	1084	1091	1087	1083	1092	1098	1090	1092	1093	1093	1084	1083	1079	1109	880	623	936	1027	1141
1095	1092	1082	1078	1084	1081	1083	1082	1081	1086	1097	1085	1082	1089	1094	1085	1088	1085	1087	1090	1080	1100	1005	349	524	959	1022	1139
1092	1082	1077	1083	1083	1081	1078	1083	1080	1084	1085	1080	1083	1088	1094	1089	1086	1086	1090	1087	1093	1089	548	115	732	1018	949	1064
1087	1081	1080	1085	1079	1084	1077	1084	1086	1085	1079	1085	1086	1085	1091	1091	1097	1093	1084	1086	1129	727	182	193	814	970	961	960
1095	1090	1085	1081	1087	1083	1090	1096	1097	1093	1082	1091	1084	1081	1085	1090	1092	1094	1080	1119	945	279	172	315	978	1131	1215	1207
1060	1095	1080	1075	1081	1077	1083	1083	1089	1086	1083	1082	1089	1085	1090	1092	1087	1088	1106	1059	433	180	159	572	1195	1283	1194	1187
965	1070	1092	1072	1081	1074	1083	1082	1090	1084	1086	1088	1090	1081	1089	1089	1082	1103	1084	549	128	256	196	821	1232	1218	1211	1216
1311	829	1095	1095	1073	1078	1079	1084	1090	1084	1085	1080	1085	1088	1088	1088	1124	1056	549	135	153	183	327	977	1203	1214	1257	1267
1278	1097	656	1026	1112	1093	1089	1079	1089	1080	1081	1076	1079	1088	1116	1117	914	419	121	223	242	166	611	1173	1284	1223	1253	1246
933	1319	833	411	793	1009	1099	1125	1123	1110	1113	1124	1128	1095	927	576	230	196	212	278	239	217	897	1355	1431	1355	1171	1143
912	978	1256	756	290	438	580	755	880	929	906	824	659	436	224	135	156	204	213	231	194	408	1152	1238	1463	1217	1023	1045
968	928	976	1146	800	289	186	216	251	240	233	213	245	192	170	171	320	245	222	206	242	906	1295	1099	1424	1381	1056	1025
929	969	951	958	1075	909	430	213	186	205	231	244	287	210	324	282	262	256	208	322	909	1345	1191	1225	1299	1511	1596	1442
904	921	954	978	958	1000	1013	700	346	210	190	206	189	192	197	205	232	297	579	1165	1458	1172	1086	1184	1077	1047	1307	1457
911	916	911	943	975	971	951	1025	987	822	643	519	470	443	480	625	881	1179	1422	1365	1121	1009	1019	1032	1070	1049	1133	1201
910	918	916	920	925	962	976	936	964	996	1037	1056	1062	1091	1146	1213	1264	1242	1130	1037	1045	1044	1041	1045	1057	1036	1161	1175
922	917	921	925	925	919	940	963	951	926	977	1039	1032	1023	1033	1060	1035	1009	1036	1049	1055	1051	1041	1030	1035	1013	1231	1195
915	918	916	919	922	920	916	925	951	966	968	1038	1051	1045	1032	1033	1026	1028	1040	1048	1044	999	964	987	974	973	987	1016
932	906	910	919	915	918	929	932	921	937	981	1007	1047	1053	1050	1015	1008	1032	1048	1049	1015	974	979	954	937	930	941	923
1029	1000	925	915	915	919	920	927	932	932	922	945	964	987	992	988	986	986	990	985	974	968	947	928	928	940	937	921
626	924	1032	936	902	911	918	916	921	937	937	932	921	919	918	916	915	926	927	923	924	922	931	926	930	942	925	926
121	357	824	1052	982	919	909	912	919	921	917	916	922	922	925	919	919	923	921	921	920	927	931	932	941	940	932	936
68	58	198	609	963	1051	994	952	921	909	907	907	911	916	918	919	917	923	922	923	925	928	927	940	940	932	935	937
75	77	60	64	256	618	913	982	1035	990	956	923	915	911	912	914	912	915	911	918	924	923	929	930	935	928	933	935
1085	1082	1088	1080	1081	1080	1086	1105	1118	1123	1114	1116	1102	1093	1093	1089	1082	1103	1129	1122	1102	1103	1097	1100	1116	1099	1067	1037
1086	1089	1085	1081	1085	1075	1088	1112	1107	1085	1084	1087	1082	1087	1086	1094	1121	1137	1116	1088	1106	1105	1095	1098	1092	1063	1046	948
1093	1082	1082	1083	1081	1082	1094	1086	1086	1088	1085	1090	1089	1082	1089	1116	1127	1101	1085	1097	1123	1090	1093	1097	1101	1069	972	1038
1087	1088	1086	1084	1076	1089	1080	1081	1081	1084	1085	1081	1084	1090	1102	1100	1094	1090	1093	1106	1099	1092	1087	1083	1067	962	1012	1136
1087	1080	1080	1082	1093	1092	1079	1083	1085	1089	1082	1080	1097	1105	1092	1092	1081	1085	1091	1098	1090	1086	1090	1068	956	904	1064	1136
1079	1083	1084	1087	1084	1079	1080	1093	1085	1081	1089	1096	1103	1088	1088	1085	1088	1088	1088	1096	1092	1076	1080	767	571	943	1014	1138
1087	1086	1083	1084	1083	1078	1083	1082	1077	1075	1084	1099	1085	1083	1085	1090	1088	1093	1082	1088	1083	1100	976	298	579	1039	952	1027
1085	1077	1081	1086	1083	1082	1084	1080	1082	1087	1093	1082	1085	1081	1085	1092	1088	1090	1083	1079	1083	1086	579	160	775	1097	1122	1114
1079	1084	1088	1091	1085	1079	1085	1084	1093	1099	1084	1087	1080	1085	1090	1077	1087	1094	1092	1081	1114	832	258	422	1158	1275	1249	1240
1077	1084	1084	1090	1089	1085	1084	1079	1086	1089	1081	1084	1090	1086	1082	1085	1084	1089	1080	1102	986	445	183	865	1352	1241	1198	1199
1148	1077	1088	1079	1084	1081	1085	1085	1083	1079	1080	1081	1088	1083	1086	1090	1081	1072	1101	1046	575	195	219	1143	1328	1205	1219	1217
1129	1084	1093	1079	1081	1080	1079	1076	1080	1081	1078	1079	1075	1077	1083	1083	1076	1105	1045	603	229	156	360	1140	1300	1225	1276	1288
974	1037	1007	1113	1085	1076	1076	1080	1077	1079	1074	1069	1073	1074	1076	1087	1109	949	503	173	241	176	564	1065	1283	1315	1305	1280
917	964	801	852	1095	1114	1093	1086	1077	1078	1075	1077	1088	1102	1109	1008	688	333	162	222	240	205	814	1033	1223	1282	1127	1107
920	934	965	718	561	842	1031	1086	1110	1113	1114	1096	1017	852	589	305	149	224	219	260	220	468	995	1067	1144	1014	1038	1044
964	934	942	1014	768	338	339	448	538	567	528	443	322	223	163	194	308	205	202	197	411	912	938	1275	1662	1358	1060	1023
938	965	942	955	1022	945	506	208	181	206	207	288	282	259	303	251	300	230	258	574	982	1037	1042	1413	1672	1648	1548	1430
905	923	964	960	936	997	1045	822	536	356	245	218	202	220	255	280	373	569	871	1080	1058	1031	1113	1102	1060	1076	1411	1648
908	909	912	929	951	943	961	1025	1058	1119	1095	978	884	883	933	1036	1153	1228	1168	1076	1053	1043	1037	1044	1076	1069	1096	1203
913	924	921	918	921	953	982	965	980	997	1174	1336	1411	1450	1395	1338	1228	1130	1061	1048	1049	1040	1033	1046	1059	1043	1035	1069
918	915	920	924	922	923	949	987	958	971	1029	1056	1064	1043	1013	1044	1040	1042	1054	1062	1053	1049	1038	1022	1015	1017	1010	1032
919	921	920	916	922	924	918	926	956	967	1004	1056	1057	1050	1040	1032	1039	1048	1044	1057	1057	1015	957	960	965	957	940	955
930	914	916	916	918	926	930	944	943	950	969	1002	1044	1052	1051	1041	1016	1034	1059	1060	1027	985	956	948	937	929	939	941
1011	976	913	918	927	927	922	932	941	940	927	934	951	971	984	983	978	979	981	967	954	941	933	930	934	932	929	933
628	947	1025	934	911	914	919	925	916	926	935	937	930	923	926	921	926	921	923	921	928	926	927	928	924	930	925	930
114	388	883	1047	988	922	907	913	917	923	929	925	932	931	929	930	928	927	928	934	932	931	931	933	945	957	941	943
71	52	190	606	964	1052	1010	969	928	917	919	915	924	922	917	915	917	925	929	931	932	933	928	939	941	939	938	937
75	76	60	64	243	609	874	954	1045	1002	971	935	921	913	912	915	913	917	918	922	925	930	932	930	936	935	933	933
1095	1088	1087	1083	1091	1097	1107	1106	1112	1110	1113	1102	1097	1098	1099	1089	1088	1092	1094	1097	1092	1100	1097	1104	1122	1090	1078	1075
1087	1088	1091	1083	1095	1114	1112	1107	1088	1086	1088	1084	1082	1085	1087	1090	1110	1102	1090	1096	1106	1098	1097	1101	1084	1052	1071	1030
1088	1087	1092	1091	1089	1086	1083	1086	1090	1087	1081	1083	1084	1090	1110	1136	1129	1110	1098	1102	1107	1100	1101	1106	1055	1058	1041	1107
1097	1092	1084	1080	1077	1086	1084	1085	1083	1088	1087	1094	1102	1114	1142	1114	1086	1086	1091	1107	1096	1097	1096	1069	1046	1001	1054	1149
1088	1080	1089	1091	1090	1085	1092	1093	1093	1093	1095	1092	1098	1109	1096	1091	1086	1088	1096	1115	1092	1089	1083	1064	1061	918	1054	1142
1087	1088	1089	1084	1087	1095	1097	1093	1088	1092	1084	1087	1088	1087	1088	1089	1082	1091	1102	1112	1090	1090	1055	1031	833	921	968	1097
1093	1099	1098	1099	1091	1087	1082	1085	1082	1077	1081	1085	1083	1085	1081	1081	1091	1090	1100	1094	1078	1079	1094	707	711	1004	949	988
1094	1091	1088	1086	1087	1084	1085	1082	1079	1088	1083	1076	1083	1081	1082	1091	1089	1079	1096	1093	1081	1089	1028	397	965	1187	1229	1237
1092	1089	1085	1095	1089	1085	1084	1077	1078	1078	1082	1084	1089	1096	1087	1079	1085	1084	1107	1088	1077	1107	723	690	1331	1260	1229	1226
1092	1091	1098	1092	1091	1090	1084	1082	1091	1089	1083	1080	1075	1090	1096	1086	1079	1079	1097	1076	1095	1036	457	1232	1389	1198	1204	1205
1060	1089	1094	1089	1079	1082	1087	1094	1082	1075	1081	1082	1080	1080	1086	1082	1077	1077	1091	1090	1091	726	277	1216	1306	1191	1215	1219
1049	1067	1081	1080	1080	1085	1083	1084	1075	1078	1081	1077	1080	1077	1086	1078	1074	1079	1094	1087	848	287	337	1170	1294	1223	1239	1238
958	1054	1075	1096	1096	1084	1085	1081	1079	1085	1080	1082	1080	1081	1075	1073	1078	1094	1048	745	326	163	580	1209	1326	1335	1298	1296
913	987	1027	1049	1099	1100	1089	1081	1079	1080	1075	1077	1078	1074	1083	1115	1089	893	495	229	253	198	810	1161	1301	1144	1080	1069
922	917	978	947	894	1017	1103	1121	1123	1118	1116	1121	1115	1090	988	786	469	256	247	221	227	479	971	1156	1413	1042	1053	1053
967	928	935	1006	939	731	607	648	745	810	788	701	575	412	276	219	248	196	191	224	515	980	986	1379	1791	1393	1030	1046
946	959	947	925	970	1086	1080	604	228	144	196	251	205	233	239	261	303	229	335	731	1033	1077	1026	1144	1596	1737	1319	1190
904	919	950	949	921	944	1118	1395	1341	901	521	414	375	393	408	442	563	773	1001	1068	1073	1047	996	1036	1059	1215	1535	1573
918	922	918	934	958	947	938	1007	1211	1452	1385	1176	1031	984	987	999	1033	1065	1051	1049	1069	1067	1051	1048	1074	1036	1195	1408
915	918	925	917	920	944	959	973	993	1032	1129	1152	1118	1012	984	1011	1004	1043	1056	1056	1060	1060	1059	1045	1073	1035	1129	1333
918	922	923	932	936	929	932	983	1007	1003	1054	1063	1057	1037	1008	1038	1059	1057	1055	1061	1054	1057	1046	1021	994	988	1070	1196
921	922	924	926	919	933	926	933	976	978	1005	1059	1071	1066	1062	1040	1044	1055	1043	1045	1058	1036	973	950	952	946	929	919
916	923	927	917	923	931	930	947	943	953	970	996	1022	1041	1056	1047	1017	1027	1045	1044	1004	989	956	938	935	929	928	936
996	959	913	918	926	931	931	933	949	956	944	930	942	957	969	976	981	977	987	970	951	943	933	928	928	923	928	928
621	977	992	918	913	924	914	924	924	932	941	950	945	925	930	926	922	927	931	925	936	929	930	925	919	926	932	928
106	424	901	1029	965	914	902	916	919	926	929	934	939	934	929	936	928	933	930	938	933	933	931	928	935	939	937	936
65	44	189	613	960	1033	1004	959	921	913	918	921	931	926	922	921	924	928	938	941	935	935	936	940	941	946	947	937
75	73	64	64	249	607	808	951	1037	996	963	924	917	913	917	917	920	922	927	929	930	933	937	930	929	934	937	933
