945	1055	1072	1267	1094	251	241	278	333	282	271	264	218	182	134	110	121	149	156	131	381	1066	1124	1113	1106	1104	1092	1094
963	1062	1075	1299	1023	259	295	264	277	337	294	240	212	171	115	107	139	172	185	159	194	917	1085	1097	1088	1090	1098	1108
999	1075	1069	1244	948	278	233	167	153	175	219	210	172	140	104	98	125	138	201	238	158	623	1037	1035	1071	1109	1117	1119
1020	1070	1058	1167	913	217	141	105	85	122	139	143	118	109	113	115	127	149	230	223	179	240	872	1091	1107	1119	1117	1119
994	1060	1056	1082	883	174	123	136	99	129	111	126	141	140	135	131	126	171	205	196	190	250	681	1095	1135	1121	1119	1118
985	1072	1058	1033	897	218	140	173	176	142	104	92	118	158	209	175	122	190	190	244	295	278	651	905	1115	1151	1125	1121
1005	1081	1066	1033	1008	308	131	131	206	243	214	140	148	158	132	201	192	249	194	194	234	317	653	802	781	1042	1154	1113
1025	1067	1070	1030	1136	451	125	149	136	159	177	237	292	208	157	160	202	443	272	181	612	429	449	530	404	560	878	1104
1010	1039	1056	1007	1215	689	121	154	201	164	116	115	216	324	213	285	566	587	255	169	506	469	188	147	227	258	371	925
982	996	983	980	1201	1008	149	176	159	159	174	238	244	381	444	488	416	292	222	298	742	396	166	188	343	454	610	989
958	1017	946	966	1073	1288	353	169	200	226	232	271	241	274	273	434	658	736	468	399	739	329	220	222	402	784	1421	1564
937	1033	997	977	991	1290	619	177	193	174	166	281	300	201	164	230	339	329	699	382	144	234	244	265	424	1146	1674	1288
930	989	1022	960	1002	1132	925	164	168	159	166	183	182	179	175	217	233	143	565	404	146	246	201	213	533	1086	1323	1177
931	946	1027	988	972	997	1129	378	177	167	166	237	242	178	171	190	176	162	353	239	220	263	200	155	659	1054	1211	1142
925	934	976	1049	985	943	1053	782	184	205	244	213	165	178	169	158	153	281	272	209	217	274	206	225	785	1062	1205	1142
924	934	932	998	1051	968	937	1035	463	179	203	177	162	237	170	148	196	221	183	266	230	175	239	456	934	1109	1219	1219
968	922	939	929	997	1043	960	985	925	355	169	156	200	229	149	160	184	161	194	304	198	221	422	772	988	1056	1173	1258
908	946	934	931	925	974	1027	983	1021	835	349	169	189	205	161	171	170	172	221	250	221	547	711	945	1068	1097	1226	1420
356	989	929	932	930	930	959	1010	999	1016	926	509	245	195	166	183	157	180	249	284	457	733	851	1205	1185	1133	1181	1218
26	591	1002	919	930	930	925	928	974	1002	1004	1013	782	419	278	226	172	269	380	466	796	986	1179	1214	1184	1191	1050	955
57	105	816	982	916	924	929	929	924	944	985	1000	1027	955	752	579	518	557	554	769	1069	1317	1267	1129	1164	1107	1063	1025
43	36	190	854	996	925	913	921	923	921	921	948	984	1015	1050	1022	995	977	1027	1241	1388	1328	1144	1045	1058	1050	1053	1039
73	67	42	152	662	971	980	929	913	911	912	917	925	952	994	1066	1114	1156	1196	1199	1130	1060	1059	1067	1025	1006	1029	1034
62	62	68	58	60	264	624	909	994	960	923	916	915	920	925	948	974	999	1008	1016	1025	1065	1067	1031	1002	1055	1056	1015
63	63	63	67	66	51	47	169	456	760	936	990	971	943	927	916	915	921	930	941	956	971	975	944	942	959	945	945
47	60	62	66	67	65	67	52	35	67	201	436	672	848	946	980	986	975	963	951	940	939	940	943	934	929	933	928
241	79	38	50	64	66	69	69	69	64	52	32	41	101	210	355	504	635	734	817	880	930	958	982	984	998	1021	1016
541	593	366	149	71	57	64	67	66	69	69	68	68	60	47	37	31	37	56	91	131	179	222	268	302	331	353	345
982	1054	1059	1165	685	151	362	619	807	935	999	1006	954	852	720	554	362	180	98	147	243	967	1112	1099	1095	1100	1099	1100
975	1052	1043	1078	582	120	360	601	790	896	944	960	932	836	682	481	281	126	172	230	167	768	1138	1102	1096	1097	1095	1103
957	1042	1032	1049	525	94	322	588	755	876	915	907	858	762	608	374	167	142	222	221	156	311	985	1102	1082	1095	1098	1102
963	1041	1033	1081	563	84	266	514	683	809	849	825	749	635	477	259	134	178	154	174	192	145	435	994	1056	1093	1096	1102
973	1061	1039	1154	698	108	226	389	560	686	717	679	601	487	297	154	109	204	169	255	215	217	140	523	997	1093	1090	1098
985	1072	1047	1211	908	125	135	269	416	500	519	499	451	317	184	153	120	171	210	305	210	252	248	187	499	901	1077	1089
988	1053	1050	1177	1075	212	141	180	279	366	375	330	258	204	140	201	197	167	195	273	308	347	250	431	252	391	809	1062
978	1001	1032	1109	1159	252	155	139	133	239	214	167	162	181	147	163	257	176	159	158	300	338	361	449	348	281	411	903
977	991	969	1034	1169	361	132	164	171	206	274	164	139	184	232	340	314	121	137	149	183	392	427	297	254	296	426	761
959	1013	963	991	1108	552	181	198	219	264	256	341	368	432	564	425	192	135	126	171	325	177	220	274	272	662	1301	1319
941	996	963	988	1028	654	160	181	185	173	175	194	212	301	435	513	420	202	200	675	764	140	205	208	534	1281	1457	1457
938	996	1010	978	1007	766	187	180	167	160	176	209	315	233	432	443	323	225	417	564	289	212	177	173	572	1475	1513	1252
931	962	1055	963	1007	924	319	177	222	231	223	283	196	275	309	179	177	188	708	552	108	242	200	169	576	1175	1324	1196
926	942	1028	977	946	1004	621	179	190	161	173	237	165	209	177	162	175	181	406	404	143	199	208	161	754	1101	1217	1169
928	940	966	1032	944	940	935	337	193	208	235	224	177	172	169	174	176	223	204	222	186	264	250	320	923	1218	1203	1205
934	933	932	990	1021	941	973	789	221	179	235	211	179	163	175	173	250	243	242	183	178	244	321	513	998	1106	1122	1185
996	923	934	924	998	1028	950	1016	723	242	215	184	163	164	169	193	293	164	222	221	171	272	530	804	1078	1014	1235	1164
729	981	930	930	925	975	1019	970	1073	787	310	164	176	185	166	267	190	158	201	212	267	606	824	1017	1005	1043	1394	1527
198	967	933	933	931	924	958	1008	1024	1163	954	425	211	174	191	272	172	168	231	356	610	850	1024	1042	1044	1083	1105	1302
28	563	1001	914	929	930	922	940	982	1055	1238	1170	702	365	265	214	215	302	385	565	862	998	1033	1016	1021	1066	1037	983
47	108	832	974	910	923	931	929	927	947	1026	1248	1334	1110	842	697	645	612	797	988	1025	1019	1016	1015	1078	1077	1057	1020
41	22	207	877	993	919	910	921	923	921	922	958	1115	1314	1362	1310	1249	1221	1228	1190	1116	1066	1035	1053	1061	1052	1044	1036
74	65	31	159	675	969	978	929	912	918	921	922	916	972	1124	1247	1287	1272	1212	1148	1072	1054	1061	1062	1034	991	1009	1012
61	63	69	55	64	278	637	914	995	962	931	922	926	928	928	948	972	988	995	1008	1019	1052	1068	1051	990	1021	1033	989
65	65	63	64	68	52	55	182	462	765	947	994	976	947	931	919	919	924	940	953	959	973	982	963	943	949	941	937
55	63	60	66	64	67	68	56	41	72	212	447	683	855	947	985	987	978	964	948	941	935	930	925	927	926	927	927
158	44	41	61	64	67	70	71	74	69	52	37	46	111	224	367	504	634	752	838	892	928	954	983	994	1006	1021	1020
511	510	257	76	58	62	62	66	69	69	71	71	69	61	49	37	34	40	62	97	136	179	227	275	310	331	348	330
957	1014	1027	1048	700	811	1088	1127	1119	1106	1096	1095	1101	1113	1122	1124	1096	988	712	328	273	891	1122	1100	1100	1100	1101	1098
958	1023	1069	1126	632	840	1102	1128	1118	1110	1105	1102	1107	1114	1125	1123	1062	869	483	186	162	577	1121	1100	1095	1098	1096	1099
976	1044	1098	1202	579	825	1085	1124	1120	1110	1108	1110	1114	1119	1125	1105	991	672	251	144	174	145	728	1157	1109	1101	1099	1101
988	1066	1090	1236	536	752	1048	1122	1126	1120	1118	1120	1122	1126	1118	1053	840	419	121	168	193	174	202	768	1083	1125	1117	1086
976	1059	1068	1222	509	627	973	1099	1125	1128	1130	1125	1126	1118	1069	910	576	216	142	247	180	209	213	203	468	739	982	1020
973	1028	1043	1145	481	429	836	1029	1096	1116	1120	1122	1113	1054	903	616	261	145	171	188	157	224	367	239	178	249	559	949
966	974	1018	1064	473	282	608	866	1005	1060	1081	1071	1013	884	646	282	130	202	223	168	168	197	229	328	289	198	208	816
956	946	964	1010	478	169	366	587	755	853	888	842	743	538	277	178	163	170	189	147	165	320	350	471	402	246	198	571
950	979	985	1004	526	174	217	320	450	520	543	455	342	203	141	161	149	152	156	151	147	265	311	294	254	384	485	724
940	1006	981	1014	663	165	231	228	207	197	206	252	173	172	139	132	158	169	223	143	138	185	239	305	327	650	1276	1277
931	999	970	986	860	192	185	183	176	234	260	190	173	245	402	209	174	136	225	297	352	190	204	202	488	1209	1657	1302
931	967	985	968	1007	399	155	203	203	199	159	164	180	192	269	220	273	333	621	482	467	281	180	165	669	1354	1432	1191
928	949	1036	966	1013	803	189	190	162	166	177	175	181	289	266	304	412	333	604	384	173	249	226	191	788	1124	1258	1161
926	933	1019	1005	930	1065	583	171	178	221	207	216	364	322	171	257	199	183	778	503	135	197	186	407	924	1096	1213	1166
927	927	961	1030	934	1002	1126	408	174	208	168	158	226	205	193	212	173	269	352	206	201	202	318	697	1051	1221	1240	1220
970	919	930	990	1013	922	1194	1089	289	171	167	163	206	178	171	165	177	205	159	173	233	273	531	777	1149	1140	1247	1257
943	941	936	929	1003	992	984	1353	995	300	165	172	207	178	167	187	202	178	185	172	231	473	590	1024	1226	1144	1384	1398
527	1006	925	931	933	994	1012	1084	1403	1019	370	175	161	180	162	193	169	159	182	182	284	640	951	1295	1229	1110	1290	1415
108	898	944	931	931	931	971	1003	1128	1428	1144	558	211	159	180	213	174	186	235	237	530	966	1308	1236	1202	1068	998	1098
37	437	1008	919	931	934	930	947	987	1102	1350	1241	812	483	321	230	240	197	303	547	949	1326	1354	1253	1086	1069	1035	987
51	69	749	993	915	925	934	933	936	956	1028	1238	1280	1095	911	774	755	712	847	1035	1280	1324	1155	1037	1038	1071	1057	1035
39	23	142	818	1009	923	912	921	924	926	931	966	1081	1189	1184	1125	1072	1048	1054	1108	1139	1073	1040	1072	1078	1061	1057	1048
75	63	27	117	643	982	985	931	919	924	922	927	937	968	1037	1061	1052	1014	1012	1029	1044	1065	1071	1075	1062	993	993	1011
66	69	70	55	56	283	672	935	998	966	933	921	924	927	929	941	962	979	988	1018	1033	1036	1071	1067	1005	987	1003	968
65	66	64	63	66	54	58	197	478	770	942	989	969	944	930	922	916	915	926	943	961	985	992	985	959	948	951	940
57	66	63	63	64	70	71	57	41	79	224	451	678	847	937	979	977	972	956	945	941	930	931	931	933	930	924	930
128	33	45	66	67	68	72	72	73	68	54	40	51	111	223	368	513	652	764	853	910	945	968	987	1002	1007	1017	1021
518	483	207	53	56	64	67	68	71	71	72	71	69	61	46	33	33	38	65	101	146	197	234	279	306	324	334	319
983	1043	1191	1305	1064	1118	1093	1087	1087	1087	1085	1086	1085	1085	1085	1087	1088	1101	1120	1051	963	957	1072	1112	1109	1110	1101	1104
992	1058	1163	1233	1051	1118	1090	1085	1087	1086	1087	1087	1083	1084	1085	1083	1089	1108	1097	853	653	768	1066	1137	1113	1117	1111	1108
971	1048	1110	1106	1041	1122	1092	1089	1087	1088	1088	1088	1091	1090	1087	1091	1102	1123	1001	547	211	158	416	1022	1153	1159	1121	1090
953	1020	1061	1006	1008	1126	1096	1087	1085	1088	1089	1091	1088	1092	1090	1096	1117	1095	769	275	146	203	148	311	625	738	878	1032
948	983	1026	862	924	1131	1108	1093	1088	1090	1092	1090	1091	1090	1097	1112	1122	928	448	160	170	224	258	168	190	207	430	881
953	948	1011	736	762	1116	1122	1099	1089	1089	1091	1090	1090	1095	1113	1125	996	604	186	131	178	211	216	197	222	192	169	661
958	934	978	753	556	1013	1129	1117	1103	1097	1095	1096	1101	1116	1133	1019	655	253	128	190	182	161	220	507	249	308	281	622
953	958	978	839	354	760	1053	1127	1127	1116	1115	1119	1127	1126	999	620	240	132	162	187	202	240	225	423	269	439	552	777
943	961	997	955	305	399	780	1021	1095	1118	1118	1111	1071	863	478	184	156	186	173	169	205	286	173	202	347	722	873	1029
934	981	970	1046	530	186	357	566	769	864	848	740	546	289	154	165	175	186	193	169	162	165	182	288	769	1283	1332	1232
931	985	976	1047	942	242	187	186	254	296	240	225	213	182	266	211	161	164	157	126	270	230	178	310	1099	1507	1458	1213
926	959	998	961	1232	529	183	261	235	167	185	244	209	166	174	180	167	176	181	114	376	281	166	300	1167	1467	1282	1183
924	938	999	939	1173	1100	247	179	172	164	178	160	137	270	371	314	200	360	508	272	178	219	305	325	1013	1244	1187	1181
923	929	1004	1024	971	1366	740	191	218	206	191	267	287	216	186	238	219	400	453	529	190	185	324	561	977	1173	1188	1189
937	925	955	1042	931	1134	1297	434	185	198	219	322	223	138	238	223	271	576	285	171	185	246	461	839	977	1107	1227	1190
988	918	930	996	1008	931	1254	1065	315	185	192	161	164	232	290	147	257	446	167	174	199	419	740	965	950	1009	1223	1089
791	961	927	934	1006	987	971	1230	919	294	146	168	156	237	196	196	245	246	206	185	297	668	953	1059	993	1065	1378	1422
343	1008	922	934	934	1002	982	993	1144	870	324	166	192	199	187	260	206	229	213	198	466	849	1133	1294	1200	1212	1268	1388
36	805	961	934	935	936	981	1007	1008	1101	898	488	252	177	227	239	194	225	193	349	776	966	1187	1252	1137	1204	1094	981
44	328	1003	923	936	937	934	950	996	1013	1041	1001	746	440	284	221	196	237	377	748	1074	1130	1118	1150	1163	1154	1047	1039
50	41	624	1012	919	920	930	933	933	963	992	987	1000	982	868	746	721	803	1024	1289	1326	1162	1053	1064	1069	1072	1062	1038
36	29	79	713	1013	930	911	915	920	927	938	966	980	1009	1039	1089	1164	1287	1408	1380	1196	1051	1040	1063	1068	1052	1053	1039
75	65	30	71	540	956	986	931	914	929	927	919	930	965	1003	1049	1109	1147	1143	1077	1040	1067	1072	1065	1063	988	969	998
63	68	72	59	48	242	639	918	996	968	928	920	922	923	927	945	965	976	1005	1048	1057	1044	1068	1067	1010	972	962	959
66	66	65	62	70	60	60	179	434	746	932	979	968	939	923	916	917	926	936	942	965	989	992	998	972	949	950	950
59	69	68	64	68	72	71	61	46	75	212	430	659	839	935	972	977	971	961	954	946	936	934	935	940	937	931	935
125	34	47	64	63	69	71	72	72	68	55	39	49	110	226	370	519	658	773	860	914	944	973	991	1002	1005	1017	1007
510	467	205	60	58	62	67	68	69	71	73	71	69	61	48	36	37	47	72	110	157	201	237	272	301	320	319	294
972	1038	1080	1129	1092	1091	1091	1088	1086	1090	1088	1087	1090	1087	1084	1085	1086	1085	1083	1096	1094	993	1062	1092	1098	1112	1110	1089
959	1009	1038	1087	1097	1088	1088	1085	1084	1087	1084	1082	1082	1084	1088	1084	1084	1082	1084	1104	1102	980	1073	1131	1127	1153	1056	980
951	983	1025	1081	1097	1087	1089	1088	1086	1085	1084	1085	1083	1086	1087	1085	1084	1084	1098	1112	854	422	434	776	921	773	554	685
945	966	1012	1083	1099	1086	1086	1087	1089	1089	1091	1090	1086	1083	1087	1087	1084	1087	1123	996	392	94	152	161	192	173	199	496
943	943	992	1068	1105	1088	1088	1089	1088	1088	1088	1087	1090	1082	1084	1087	1084	1110	1107	660	152	149	219	200	197	215	159	548
948	930	980	1005	1107	1092	1088	1088	1088	1089	1090	1091	1087	1088	1088	1083	1098	1130	870	266	127	188	219	289	291	233	539	797
947	948	1020	962	1087	1108	1085	1088	1089	1088	1089	1087	1090	1087	1082	1099	1132	957	395	125	155	154	176	408	420	615	890	899
945	968	1100	973	938	1133	1099	1087	1087	1088	1088	1088	1089	1089	1106	1131	951	433	118	159	198	189	148	195	436	916	966	995
939	955	1096	1134	634	1037	1133	1104	1091	1089	1089	1092	1102	1135	1095	810	362	125	148	192	201	196	150	132	545	1074	1065	1137
937	958	990	1324	655	554	956	1121	1141	1133	1136	1146	1114	890	487	192	119	147	141	161	163	172	158	170	977	1567	1306	1247
928	972	956	1232	965	237	344	602	808	883	856	715	429	182	162	157	174	171	135	145	289	232	161	344	1456	1499	1223	1162
927	952	996	1016	1233	393	222	185	203	286	234	137	120	163	198	167	165	174	137	153	351	272	158	473	1426	1365	1195	1167
926	934	1002	931	1165	758	196	197	188	193	163	163	285	272	167	166	163	189	238	231	135	153	207	450	1125	1311	1186	1188
925	928	974	999	972	1061	368	189	176	161	156	207	286	220	168	156	217	547	207	524	213	170	275	492	1060	1242	1234	1220
954	920	949	1050	963	1025	777	235	198	181	266	259	156	145	173	266	353	376	114	226	233	249	327	692	1140	1151	1260	1177
983	922	925	990	1007	941	1015	577	245	213	261	188	164	183	164	197	369	259	145	172	202	390	503	1016	1089	1149	1405	1119
720	968	921	934	1010	980	951	963	515	194	191	185	197	217	166	169	250	180	165	194	281	534	860	1086	1042	1240	1586	1454
271	994	923	934	936	1000	979	954	957	533	171	169	218	178	167	173	213	183	174	194	342	685	1000	1114	1008	1112	1232	1467
15	731	975	925	935	937	986	979	969	985	647	271	177	186	181	201	209	206	165	265	613	937	1088	1124	1016	1013	1020	1052
51	222	967	930	921	935	930	958	991	1009	1088	954	667	434	310	313	299	361	522	775	983	1032	1075	1043	1042	1063	1060	1026
51	35	460	1005	925	912	924	924	930	973	1023	1146	1240	1162	1010	908	895	962	1076	1078	1023	1027	1060	1067	1048	1064	1061	1055
36	33	37	515	992	948	909	916	920	941	944	972	1104	1283	1371	1390	1348	1291	1173	1073	1044	1042	1047	1058	1067	1051	1053	1052
77	63	36	32	359	873	993	942	914	920	923	924	926	963	1070	1171	1176	1146	1089	1057	1039	1068	1066	1062	1069	1005	977	1026
64	69	71	66	45	144	516	850	991	963	930	923	923	925	929	939	966	991	1019	1050	1055	1053	1063	1059	1021	971	948	943
66	65	65	63	70	68	52	130	419	735	919	978	972	950	932	927	926	930	938	942	965	991	1003	997	975	945	940	946
60	66	66	62	64	68	70	63	44	73	201	405	627	812	931	981	991	981	964	950	941	936	935	933	937	936	936	933
115	31	47	61	63	65	68	71	69	67	52	41	49	101	209	350	509	660	772	850	898	938	965	990	997	1003	1003	1004
524	449	181	55	54	61	65	68	67	70	69	71	69	65	53	43	39	48	72	106	149	193	233	270	302	321	312	288
950	1005	1044	1084	1091	1091	1093	1093	1089	1087	1089	1081	1071	1085	1087	1092	1093	1089	1086	1085	1087	1078	1080	1086	1086	1112	1036	853
954	996	1053	1090	1089	1090	1091	1090	1090	1091	1082	1080	1077	1068	1092	1093	1089	1089	1086	1088	1097	1072	1099	1130	1101	928	458	326
954	979	1049	1093	1092	1089	1091	1090	1087	1082	1085	1099	1077	1082	1092	1091	1091	1090	1088	1091	1118	955	717	624	527	276	168	194
952	971	1071	1098	1093	1089	1089	1086	1085	1087	1090	1093	1079	1086	1092	1090	1089	1090	1088	1112	1043	446	121	102	127	169	210	456
947	1005	1135	1099	1089	1089	1088	1088	1089	1090	1087	1086	1085	1087	1090	1093	1089	1088	1096	1125	751	164	144	180	203	195	505	956
944	1055	1247	1121	1086	1087	1088	1090	1091	1090	1091	1088	1089	1093	1095	1092	1088	1085	1124	962	349	122	173	265	413	470	930	1012
942	1039	1343	1174	1082	1088	1089	1090	1090	1090	1091	1089	1092	1092	1088	1089	1087	1121	1045	517	160	190	175	228	463	899	951	952
940	977	1300	1201	1087	1087	1087	1090	1090	1091	1089	1090	1091	1092	1088	1091	1126	1063	585	168	220	180	151	129	481	959	1002	968
930	952	1140	1103	1047	1121	1086	1088	1089	1090	1088	1089	1090	1089	1107	1133	1004	545	163	170	205	185	171	137	516	1019	1101	1176
927	953	995	1053	627	1032	1149	1110	1093	1089	1093	1102	1116	1119	1038	784	395	141	142	224	168	181	189	149	772	1365	1262	1171
929	949	960	1030	440	346	785	1051	1115	1125	1098	1022	890	683	433	224	138	129	156	213	181	193	260	263	987	1410	1182	1145
924	942	996	992	663	184	192	326	491	511	418	310	241	190	124	121	137	200	153	283	266	193	225	356	1038	1284	1166	1208
924	928	1004	977	898	283	206	193	148	154	135	196	177	131	141	170	149	197	183	222	185	216	213	390	1082	1223	1172	1187
924	924	967	967	1001	583	160	174	181	197	277	345	223	146	181	166	203	185	127	451	245	205	283	695	1231	1212	1218	1170
941	924	942	1023	989	935	350	157	191	233	193	169	159	176	253	262	456	361	156	178	187	281	325	940	1321	1266	1331	1118
998	920	930	998	1021	986	857	252	187	256	214	180	167	197	239	247	218	183	270	179	207	284	417	1076	1154	1243	1403	1269
758	970	923	942	1014	976	1020	809	232	185	186	178	180	164	168	277	358	157	277	212	233	238	784	1180	1128	1223	1302	1452
265	996	923	932	946	995	981	1109	919	335	183	195	193	177	235	250	212	181	237	180	215	539	1245	1172	1124	1167	1055	1075
6	679	993	917	934	938	982	1012	1231	1176	641	316	196	175	177	153	157	174	207	210	618	1205	1319	1094	1032	1068	1036	1036
51	133	899	957	921	930	933	957	997	1257	1438	1151	786	589	456	381	368	447	573	848	1208	1317	1171	1065	1047	1048	1063	1025
55	41	271	950	961	909	921	927	940	970	1139	1352	1361	1199	1069	1011	983	992	1030	1096	1115	1047	1061	1076	1059	1066	1066	1045
31	35	31	274	878	994	923	918	925	937	946	979	1095	1169	1146	1110	1084	1042	1025	1037	1053	1055	1060	1063	1071	1052	1034	1144
77	58	42	32	159	661	985	964	924	924	926	922	925	950	991	1002	1004	1055	1070	1043	1043	1068	1071	1065	1068	1031	974	1059
67	70	73	66	58	58	331	816	994	972	938	921	918	923	931	948	972	993	1024	1050	1061	1067	1058	1048	1051	987	947	930
64	65	63	66	71	77	59	113	390	690	885	975	983	958	935	927	924	926	930	939	961	988	1004	993	967	945	938	937
57	66	63	64	65	66	69	67	46	66	163	347	580	792	927	980	990	974	955	946	940	936	934	931	933	937	937	934
104	30	49	63	64	67	70	71	71	68	60	49	50	93	196	344	508	650	765	848	902	939	965	987	996	1001	1004	1006
527	442	162	53	61	64	68	69	69	69	69	70	71	65	56	42	38	44	73	106	151	195	231	267	303	307	300	274
956	1035	1075	1090	1089	1089	1091	1091	1089	1088	1089	1086	1081	1076	1059	1081	1083	1081	1085	1088	1091	1098	1099	1096	1107	1111	759	503
962	1062	1101	1088	1087	1087	1090	1090	1089	1090	1090	1087	1093	1076	1077	1089	1092	1094	1093	1097	1099	1101	1100	1124	1027	550	125	110
964	1130	1154	1081	1089	1087	1086	1090	1088	1087	1090	1092	1092	1091	1093	1094	1096	1099	1100	1100	1098	1110	1039	718	288	127	188	494
951	1200	1235	1082	1091	1087	1089	1085	1082	1088	1089	1091	1091	1092	1092	1088	1092	1094	1093	1087	1102	1074	662	203	147	203	417	1067
938	1208	1301	1083	1091	1088	1089	1086	1087	1088	1090	1091	1090	1090	1088	1091	1091	1087	1086	1087	1124	833	280	150	251	253	857	1132
932	1102	1278	1091	1087	1088	1090	1086	1088	1090	1089	1088	1088	1089	1092	1090	1086	1087	1083	1119	1008	404	159	215	243	529	997	1095
937	1004	1184	1100	1085	1088	1087	1088	1090	1087	1090	1090	1088	1088	1087	1090	1086	1085	1106	1093	610	167	184	241	317	822	992	1033
933	975	1067	1099	1091	1087	1086	1090	1087	1088	1089	1088	1090	1090	1090	1087	1084	1103	1112	744	259	159	183	199	345	984	1106	1083
926	965	979	899	1107	1090	1087	1088	1088	1086	1085	1088	1091	1088	1084	1087	1108	1109	793	284	179	183	174	150	582	1189	1242	1255
922	950	998	651	835	1144	1098	1084	1089	1086	1086	1087	1085	1088	1101	1121	1088	786	310	174	171	193	178	234	998	1324	1216	1185
928	944	987	801	286	759	1099	1131	1115	1107	1105	1110	1121	1121	1088	977	675	273	158	167	180	156	168	374	1137	1255	1171	1173
930	935	994	979	329	166	436	747	946	980	975	976	924	837	688	441	209	160	159	294	271	167	207	386	1182	1222	1182	1208
927	931	991	1013	674	170	172	165	255	305	336	372	374	318	212	133	169	192	140	272	377	201	195	518	1221	1220	1220	1211
925	930	977	981	1003	359	163	207	207	241	255	137	120	130	171	169	166	153	170	289	201	241	242	797	1108	1241	1248	1131
930	927	941	989	1046	941	236	193	231	245	200	183	184	182	180	193	383	205	234	293	176	237	420	980	1038	1155	1102	1007
985	918	933	996	1020	1191	932	206	211	203	175	171	266	269	311	229	182	170	170	181	220	289	779	988	967	1191	1485	1224
867	949	925	946	1012	1021	1332	968	275	186	171	176	179	209	194	291	197	166	259	201	200	523	956	958	980	1118	1340	1387
356	1006	922	929	949	990	1042	1385	1116	457	176	148	177	205	201	261	230	211	265	187	385	901	1028	1026	1016	1051	970	1084
5	640	1006	918	933	937	963	1039	1280	1209	798	420	224	194	174	165	164	181	186	435	961	1171	1079	1034	1023	1060	1061	1025
58	63	777	997	922	930	934	947	991	1091	1142	1051	840	589	448	359	362	537	826	1223	1323	1131	1059	1070	1057	1052	1065	1032
60	56	115	745	1009	929	920	930	935	957	999	1028	1021	1029	1016	1006	1013	1151	1323	1290	1137	1019	1066	1069	1062	1067	1067	1060
26	41	59	81	568	998	953	920	925	934	948	970	982	975	952	949	1028	1073	1076	1025	1041	1055	1064	1065	1072	1049	1020	1086
76	58	44	63	43	357	904	988	930	917	917	924	935	954	975	976	986	1049	1066	1052	1053	1064	1073	1067	1065	1054	975	963
65	68	74	68	74	42	178	624	950	985	941	920	920	918	925	948	971	992	1036	1064	1068	1063	1048	1026	1054	995	938	941
64	64	63	67	73	80	78	71	248	588	867	976	982	951	929	917	918	923	936	954	974	988	995	990	973	943	941	945
61	66	64	65	67	68	69	75	63	56	139	339	594	797	926	979	985	974	960	950	941	938	938	936	932	936	936	940
104	30	50	62	64	68	69	69	69	70	62	47	46	93	201	343	494	634	752	836	889	934	963	980	987	985	991	989
515	429	159	56	62	62	65	65	69	68	69	69	68	62	53	42	39	45	69	100	143	184	218	250	273	271	276	237
979	1191	1180	1078	1087	1086	1085	1085	1086	1085	1088	1088	1090	1094	1077	1085	1089	1090	1088	1091	1089	1098	1101	1096	1097	1104	921	639
1004	1260	1208	1073	1085	1085	1087	1087	1087	1084	1086	1087	1086	1089	1092	1092	1098	1100	1098	1095	1100	1100	1095	1097	1091	881	351	324
986	1225	1191	1075	1086	1086	1086	1086	1086	1086	1087	1087	1087	1089	1092	1097	1099	1099	1097	1098	1095	1095	1093	1070	853	398	439	1005
980	1127	1158	1085	1089	1087	1087	1087	1086	1088	1089	1089	1086	1091	1091	1091	1091	1090	1092	1090	1086	1093	1077	850	398	262	860	1148
968	1052	1101	1089	1088	1085	1086	1088	1087	1087	1088	1089	1090	1088	1091	1091	1088	1089	1089	1086	1084	1123	936	401	172	358	1047	1109
951	1000	1065	1089	1091	1091	1090	1089	1088	1088	1087	1087	1087	1088	1088	1089	1087	1086	1085	1084	1112	1048	482	132	179	552	1050	1105
944	974	1054	1091	1089	1087	1087	1087	1085	1087	1088	1090	1087	1088	1090	1089	1086	1087	1085	1095	1108	657	177	149	183	796	990	1065
942	976	1039	1098	1085	1088	1087	1087	1089	1089	1089	1087	1089	1092	1087	1086	1090	1086	1091	1124	846	245	140	215	379	1066	1149	1186
932	972	1010	1051	1100	1088	1086	1089	1086	1086	1089	1088	1090	1088	1090	1087	1087	1089	1128	937	372	119	148	173	839	1288	1205	1204
928	950	972	691	1049	1112	1087	1086	1088	1090	1087	1088	1086	1089	1088	1084	1094	1132	995	437	148	136	151	377	1227	1218	1159	1168
930	946	998	646	507	1071	1122	1092	1087	1085	1084	1085	1088	1088	1091	1106	1132	998	462	150	179	208	203	551	1299	1171	1157	1182
933	938	1001	990	269	487	942	1101	1108	1103	1106	1107	1113	1121	1131	1107	914	418	134	199	292	282	171	626	1269	1165	1157	1163
926	930	982	1173	729	176	412	738	944	997	1037	1067	1082	1043	931	677	318	130	148	246	286	193	175	853	1247	1211	1210	1218
921	923	967	1071	1278	418	178	261	369	459	531	583	585	496	327	186	151	161	171	177	205	213	274	1071	1167	1226	1168	1095
921	922	939	962	1216	1181	292	198	206	224	168	165	169	149	145	163	299	189	329	207	181	185	524	1087	1077	1258	1166	1022
948	916	929	975	1020	1275	1042	291	181	181	197	224	220	186	196	176	337	187	266	201	185	280	882	1031	1012	1463	1482	1111
959	928	918	939	1002	1029	1180	985	362	160	205	207	214	297	228	231	194	194	190	204	186	650	1017	1008	979	1192	1372	1380
425	1009	919	924	940	991	1005	1060	989	495	164	169	221	208	220	254	236	191	209	229	515	982	1044	1025	1017	1058	1037	1225
1	551	1009	925	924	934	963	983	982	1002	745	330	185	155	169	158	175	232	406	744	1010	1040	1066	1070	1042	1042	1033	1088
63	16	560	1006	936	919	927	942	970	966	988	970	734	561	519	517	630	860	1080	1098	1003	1021	1071	1066	1058	1058	1066	1073
66	76	23	418	972	960	917	919	928	958	966	1001	1024	1041	1081	1200	1331	1361	1219	1062	1033	1034	1065	1058	1066	1067	1057	1190
29	48	82	18	272	915	981	916	916	923	941	975	990	983	983	1012	1130	1130	1069	1022	1045	1056	1061	1065	1070	1058	1004	1123
76	57	46	76	30	187	784	998	930	915	918	922	941	956	983	1003	1003	1052	1070	1057	1055	1069	1077	1074	1068	1066	977	920
66	69	72	66	75	63	89	541	960	982	940	922	922	922	924	943	972	999	1035	1060	1067	1073	1054	1015	1030	1006	948	950
65	62	63	65	70	76	80	59	263	653	893	981	981	955	941	925	919	923	937	952	975	993	1004	987	971	948	946	940
59	63	63	68	65	68	66	74	59	55	146	344	575	783	922	982	990	976	964	949	940	939	938	935	934	936	935	952
97	30	51	64	65	66	67	69	69	66	57	45	45	86	183	324	469	620	740	824	882	929	950	970	978	973	973	941
526	422	142	53	59	62	64	63	64	67	68	66	66	63	53	44	39	47	63	98	133	171	204	234	245	245	234	168
1003	1161	1175	1078	1087	1086	1087	1090	1089	1081	1078	1082	1082	1076	1075	1072	1069	1082	1086	1086	1090	1096	1095	1093	1098	1083	1039	1041
1018	1083	1112	1089	1088	1087	1087	1088	1087	1085	1087	1090	1096	1099	1097	1095	1092	1093	1088	1084	1094	1096	1095	1096	1071	1058	944	964
1018	1041	1077	1090	1089	1089	1090	1089	1087	1090	1090	1093	1093	1101	1101	1094	1089	1089	1085	1085	1091	1099	1076	1029	1023	943	923	1106
1003	1059	1076	1089	1088	1088	1091	1091	1091	1089	1089	1089	1091	1094	1095	1093	1088	1083	1087	1087	1092	1085	1003	1003	964	573	1060	1099
997	1073	1082	1087	1086	1086	1088	1088	1087	1088	1087	1088	1090	1091	1093	1091	1090	1088	1089	1086	1093	1047	978	984	508	489	1115	1100
973	1060	1086	1088	1088	1087	1091	1092	1090	1090	1091	1087	1088	1091	1091	1088	1089	1088	1087	1091	1082	995	973	613	189	725	1034	1098
959	1027	1082	1088	1088	1090	1088	1086	1088	1088	1086	1090	1091	1089	1092	1090	1087	1088	1089	1093	1061	1000	734	233	268	925	991	1075
947	1002	1072	1090	1090	1089	1090	1088	1091	1089	1090	1095	1089	1083	1080	1086	1088	1091	1090	1094	1075	885	357	156	619	1133	1195	1203
941	1008	1080	1097	1091	1090	1090	1089	1089	1088	1089	1086	1085	1088	1092	1090	1090	1089	1085	1114	1003	518	160	301	1088	1246	1142	1136
929	983	1153	1056	1092	1088	1088	1086	1085	1089	1089	1090	1087	1090	1089	1090	1089	1087	1117	1055	657	205	178	490	1247	1198	1147	1148
920	956	1215	1008	963	1112	1083	1084	1086	1087	1089	1087	1089	1091	1089	1086	1087	1122	1060	621	238	213	165	622	1265	1144	1164	1197
926	929	1111	1253	680	1062	1126	1092	1084	1084	1084	1086	1088	1088	1088	1096	1136	1020	512	154	153	267	126	823	1271	1136	1171	1152
932	930	978	1285	884	565	1033	1146	1123	1107	1101	1098	1097	1105	1126	1137	912	365	107	161	188	188	225	1150	1254	1175	1175	1105
924	927	957	1054	1205	567	351	688	957	1083	1118	1125	1121	1093	973	640	236	135	178	229	252	181	395	1266	1340	1272	1190	1022
923	922	937	973	1033	1043	407	209	321	479	616	620	579	473	297	176	194	180	215	171	195	165	744	1205	1242	1221	1419	1126
935	920	926	959	1011	1015	942	368	185	184	210	163	152	140	150	225	302	200	292	188	173	313	1172	1183	1152	1223	1270	1254
990	931	916	926	982	1030	997	910	381	163	220	202	257	194	239	200	234	197	188	201	184	843	1229	1064	1063	1180	978	998
445	1007	928	916	930	976	1007	996	963	509	165	158	185	201	252	220	239	196	178	234	688	1095	1074	1066	1045	1056	1017	969
0	435	998	936	922	930	956	981	994	1022	772	395	243	210	187	229	290	387	601	878	1037	1045	1067	1074	1051	1051	1055	995
61	0	390	990	945	917	924	933	961	983	1026	1021	986	1010	977	916	936	1004	1028	966	984	1050	1062	1074	1059	1057	1076	1026
75	82	1	349	973	957	920	926	931	940	969	993	1018	1109	1263	1319	1211	1080	1007	1018	1052	1065	1059	1063	1073	1072	1037	1071
30	54	75	18	341	959	962	919	918	920	927	944	969	978	994	1020	1049	1063	1071	1043	1050	1071	1068	1063	1068	1070	1004	980
75	56	50	75	58	310	904	988	920	917	918	917	919	934	967	1002	1003	1049	1078	1045	1054	1074	1077	1064	1051	1054	993	944
68	70	73	69	75	49	192	743	1003	974	937	925	919	919	922	930	958	994	1025	1047	1062	1073	1073	1025	989	972	954	951
67	64	66	69	71	76	59	80	357	684	888	980	990	966	938	927	922	921	929	946	974	988	990	980	962	951	945	928
60	66	66	67	68	68	68	69	45	57	154	336	553	752	903	977	994	986	967	955	949	941	939	934	936	939	945	1016
91	30	54	68	67	68	67	67	68	66	58	49	45	75	157	294	442	586	701	785	858	897	930	951	956	949	906	696
528	417	138	55	60	64	64	65	68	68	64	65	67	65	59	50	43	44	59	81	113	143	174	203	207	190	144	78
1018	1038	1043	1086	1086	1089	1090	1086	1080	1081	1083	1088	1089	1080	1057	1055	1056	1077	1088	1091	1093	1096	1094	1096	1102	1071	1025	1084
1024	1062	1047	1089	1085	1087	1087	1083	1085	1089	1088	1090	1092	1092	1082	1061	1077	1090	1088	1087	1099	1097	1094	1095	1069	1021	1084	1103
1017	1063	1053	1087	1085	1085	1086	1086	1084	1088	1094	1098	1095	1090	1071	1071	1084	1090	1088	1088	1088	1089	1087	1063	996	1054	1100	1095
1028	1074	1063	1087	1086	1087	1088	1088	1087	1087	1087	1089	1089	1080	1074	1088	1084	1085	1087	1093	1085	1078	1028	969	1050	1020	1096	1097
1025	1068	1074	1086	1085	1087	1087	1087	1088	1087	1087	1090	1077	1073	1087	1087	1086	1086	1091	1093	1079	1024	926	1025	998	927	1094	1102
1027	1084	1082	1082	1084	1085	1089	1087	1086	1087	1086	1082	1075	1086	1090	1088	1088	1090	1090	1100	1036	926	949	1078	761	930	1043	1098
1012	1130	1111	1080	1084	1086	1086	1086	1088	1086	1087	1086	1084	1081	1088	1089	1086	1086	1092	1087	957	902	1056	702	672	1091	1162	1181
969	1184	1176	1074	1086	1089	1087	1086	1087	1085	1090	1093	1094	1084	1086	1088	1087	1089	1095	1053	918	974	926	420	1041	1242	1228	1206
932	1169	1274	1078	1084	1086	1085	1085	1084	1085	1089	1084	1085	1090	1088	1087	1087	1089	1093	1013	918	1041	510	755	1323	1194	1156	1152
926	1044	1319	1126	1084	1084	1084	1083	1086	1086	1091	1090	1088	1088	1087	1087	1087	1085	1087	980	1016	825	250	999	1286	1153	1163	1174
923	954	1179	1185	1096	1087	1085	1085	1084	1087	1087	1082	1085	1088	1089	1087	1087	1090	1078	1020	886	352	225	1063	1246	1167	1172	1188
924	930	1009	1118	1084	1106	1090	1085	1085	1085	1086	1087	1086	1086	1088	1086	1086	1116	1035	747	310	195	233	1144	1262	1194	1200	1178
928	927	966	1007	984	937	1114	1098	1083	1083	1087	1085	1084	1084	1084	1102	1124	907	468	196	161	229	334	1057	1216	1210	1141	1064
919	925	948	1007	989	722	650	1058	1129	1110	1098	1098	1098	1113	1131	1020	650	247	132	191	280	166	605	1057	1124	1101	1049	1034
921	925	931	968	981	974	529	439	800	1010	1089	1091	1049	922	623	274	133	172	197	192	168	308	983	1033	1036	1297	1489	1188
924	924	925	938	999	1003	969	456	213	326	416	423	339	204	172	255	178	281	254	186	153	764	1242	1058	1031	1113	1304	1421
995	926	920	921	961	1025	1010	991	536	186	188	217	190	245	206	220	181	210	158	129	570	1336	1190	1048	1038	989	946	1175
567	1006	924	919	923	950	994	1005	1029	764	391	211	161	169	179	193	209	147	210	572	1168	1209	1058	1072	1044	1049	993	1056
10	607	1007	919	919	927	937	963	985	1033	1093	1009	743	496	402	386	457	621	872	1025	1030	1036	1061	1073	1044	1034	1055	1058
48	25	665	1010	921	922	925	926	934	964	1003	1135	1319	1318	1137	1032	1035	1049	980	952	1028	1060	1061	1071	1065	1058	1076	1117
81	57	66	711	1006	922	923	924	926	924	934	966	996	1055	1076	1020	1033	1055	1046	1043	1069	1076	1054	1066	1069	1071	1016	1128
30	59	51	112	704	1014	925	918	916	919	923	928	941	972	1003	980	1007	1062	1069	1057	1057	1075	1070	1064	1063	1072	1003	939
70	52	55	66	100	594	998	959	921	918	927	922	920	929	949	993	1005	1045	1074	1053	1057	1073	1065	1056	1026	1005	974	955
66	70	72	70	65	54	365	839	999	977	939	920	921	925	926	928	949	976	1011	1036	1044	1057	1063	1039	973	954	951	935
64	64	64	67	71	73	49	113	383	681	892	981	990	973	946	921	921	924	931	940	956	964	960	949	944	942	928	967
61	65	66	66	68	68	73	64	45	62	154	329	538	745	900	973	994	995	981	972	960	956	950	945	948	971	1022	960
92	31	53	65	68	67	69	70	66	64	61	50	47	73	150	276	409	546	659	749	813	854	891	903	896	826	590	225
517	411	143	56	59	62	63	65	67	66	65	67	67	67	64	55	48	46	55	72	91	110	131	145	136	99	66	76
1015	1068	1023	1078	1086	1089	1086	1084	1085	1087	1089	1085	1076	1055	1070	1092	1073	1065	1066	1066	1073	1095	1102	1100	1103	1057	1063	1088
1021	1065	1037	1083	1086	1085	1083	1083	1088	1092	1091	1088	1089	1082	1081	1087	1088	1092	1093	1092	1098	1099	1097	1095	1046	1046	1096	1099
1029	1072	1057	1085	1087	1087	1089	1087	1086	1090	1092	1087	1087	1085	1085	1091	1090	1094	1094	1083	1037	1042	1076	1053	1018	1081	1100	1102
1058	1140	1087	1085	1089	1085	1086	1085	1086	1089	1090	1087	1082	1078	1090	1091	1092	1091	1094	1062	1011	1034	1039	980	1054	1068	1100	1099
1076	1219	1098	1081	1084	1084	1086	1087	1088	1089	1088	1084	1086	1089	1092	1087	1089	1090	1087	1040	1007	993	947	1002	1094	1003	1068	1103
1074	1265	1115	1077	1081	1082	1084	1083	1086	1087	1087	1088	1091	1093	1089	1089	1089	1092	1074	1026	986	930	929	1060	1003	949	1058	1117
1028	1253	1118	1066	1082	1085	1083	1087	1087	1083	1086	1086	1092	1090	1091	1089	1089	1096	1065	986	941	914	981	983	984	1183	1225	1234
967	1181	1122	1060	1084	1088	1086	1086	1086	1085	1089	1086	1092	1090	1088	1088	1089	1094	1060	948	918	918	988	954	1262	1195	1186	1253
940	1045	1108	1050	1087	1087	1083	1082	1085	1083	1086	1090	1089	1087	1086	1087	1092	1097	1037	925	911	982	881	1166	1253	1148	1155	1170
936	973	1056	1045	1078	1088	1083	1085	1087	1082	1089	1085	1086	1089	1089	1089	1091	1093	1005	907	920	1036	670	1238	1200	1146	1163	1166
930	952	1007	1037	1047	1089	1084	1087	1086	1089	1089	1084	1086	1087	1087	1087	1097	1081	954	901	1041	863	470	1240	1198	1154	1182	1192
925	930	975	1001	1036	1077	1090	1088	1085	1085	1091	1089	1089	1089	1086	1092	1093	1022	950	1039	920	405	518	1209	1251	1231	1236	1186
926	922	956	1001	1031	1068	1093	1082	1085	1085	1087	1085	1086	1088	1084	1090	1081	1049	964	660	330	231	645	1045	1192	1156	1066	1041
920	928	933	999	987	1032	1052	1119	1095	1083	1085	1086	1083	1088	1111	1123	1000	668	286	167	240	281	882	970	1158	1264	1018	1039
918	925	927	952	995	982	879	820	1072	1130	1130	1130	1135	1093	900	590	280	138	173	182	163	690	1062	945	1262	1516	1416	1084
920	926	928	928	983	1004	986	676	417	569	705	756	672	415	208	166	191	214	175	170	554	1057	1043	1009	1157	1342	1437	1325
949	918	923	931	942	1007	1016	1048	924	509	213	146	194	200	227	184	213	175	163	586	1208	1124	1033	1067	1071	1032	1067	1296
931	955	916	926	938	936	980	1001	1076	1253	1043	542	256	161	155	151	188	284	713	1235	1274	1055	1061	1075	1020	1047	1029	1155
337	964	952	914	929	935	932	950	972	1017	1195	1279	1052	795	701	718	818	931	1053	1064	1041	1054	1066	1072	1062	1030	1073	1142
14	363	978	947	918	924	928	930	926	943	965	1014	1070	1013	996	1044	1073	1064	1029	992	1057	1067	1067	1070	1075	1072	1086	1282
75	30	403	987	947	913	919	921	924	924	924	947	982	981	940	974	1062	1071	1072	1075	1079	1070	1065	1063	1057	1064	1013	1137
35	66	58	377	949	971	911	912	917	922	926	934	933	960	986	981	1026	1069	1074	1074	1068	1063	1065	1073	1060	1056	984	940
71	55	61	50	241	828	1009	935	918	920	924	927	930	944	941	967	1000	1044	1070	1075	1068	1068	1067	1049	994	966	948	941
67	72	71	72	53	109	533	915	995	968	934	917	917	926	928	928	942	959	985	1018	1027	1024	1017	982	951	945	927	952
65	65	68	69	73	70	48	160	436	714	911	992	991	965	945	929	923	925	931	930	933	931	930	926	928	929	994	1007
62	66	69	68	69	68	69	57	42	64	162	346	564	763	907	977	1004	1012	1001	986	976	970	972	978	1005	1017	807	348
87	32	56	63	65	65	68	68	65	63	56	46	41	71	146	255	391	517	617	691	742	785	790	758	643	380	117	37
530	398	120	54	62	63	67	64	65	66	63	64	66	67	61	54	49	48	52	59	69	81	81	70	61	61	82	90
1014	1081	1072	1082	1091	1089	1091	1091	1093	1093	1092	1079	1069	1088	1095	1084	1043	1044	1040	1036	1033	1056	1094	1104	1097	1036	1032	1082
1026	1147	1102	1082	1088	1082	1089	1088	1094	1095	1091	1089	1088	1089	1088	1090	1067	1062	1055	1060	1065	1076	1096	1089	1043	1051	1090	1101
1069	1233	1088	1080	1089	1089	1091	1090	1090	1090	1086	1086	1089	1090	1090	1091	1088	1084	1078	1061	1035	1043	1080	1039	1042	1084	1100	1099
1088	1268	1065	1084	1085	1087	1086	1087	1086	1088	1088	1087	1088	1092	1090	1091	1098	1093	1065	994	987	1006	1003	1007	1084	1025	1096	1106
1073	1203	1051	1080	1088	1087	1088	1092	1093	1088	1089	1086	1092	1093	1090	1091	1094	1086	1039	967	930	933	928	1017	1059	953	1034	1097
1032	1109	1038	1074	1089	1086	1088	1091	1089	1087	1089	1087	1089	1091	1088	1092	1095	1074	1000	933	930	925	953	1038	1018	1062	1140	1157
1016	1066	1020	1047	1091	1086	1085	1090	1085	1085	1090	1089	1089	1090	1091	1091	1095	1053	956	925	929	921	1018	1022	1114	1204	1161	1156
989	1050	1014	1021	1091	1088	1085	1086	1085	1090	1091	1088	1089	1087	1088	1094	1077	1016	935	923	931	928	1038	1090	1226	1138	1129	1130
954	1026	1030	990	1086	1089	1087	1087	1088	1087	1087	1088	1089	1087	1093	1094	1063	989	924	924	927	936	1044	1166	1235	1130	1136	1146
937	987	1048	973	1056	1093	1089	1088	1090	1090	1088	1087	1089	1090	1093	1082	1042	967	913	923	925	964	994	1168	1181	1158	1186	1164
924	950	1033	1017	998	1095	1084	1087	1088	1090	1088	1087	1088	1091	1092	1072	1017	937	908	915	926	1026	902	1158	1157	1199	1188	1133
926	934	983	1054	987	1062	1096	1089	1086	1089	1091	1088	1092	1094	1090	1056	975	909	902	938	1050	922	923	1143	1272	1228	1108	1059
934	931	943	1010	1027	1015	1077	1089	1087	1088	1088	1090	1090	1090	1081	1041	974	951	999	995	760	557	943	1095	1356	1387	1031	1041
926	932	930	991	1001	1053	1069	1078	1097	1092	1089	1088	1084	1092	1099	1105	1066	945	728	480	366	721	1090	1099	1257	1609	1264	1055
925	925	926	941	1001	983	1133	1110	1034	1102	1126	1125	1117	1047	943	811	538	397	367	383	646	1133	1107	1080	1306	1356	1108	1064
925	928	934	930	972	1002	1008	1181	872	593	658	707	564	341	229	247	225	336	429	676	1016	1030	1027	1019	1206	1240	1037	1016
920	923	931	937	941	986	1013	1035	1221	1027	494	180	166	184	191	225	239	423	857	1171	1078	1025	1069	1067	1063	1091	1015	1003
968	916	920	933	943	932	963	999	998	1100	1125	864	568	388	349	399	639	1019	1286	1200	1044	1055	1070	1076	1013	1038	1061	1044
880	983	914	921	929	936	928	937	966	979	977	1012	1008	965	958	997	1077	1091	1059	1017	1058	1065	1069	1071	1073	1056	1061	1096
209	873	990	915	919	925	934	931	923	933	958	969	970	974	948	1034	1061	1058	1049	1047	1074	1078	1064	1067	1062	1074	1048	1183
43	220	843	1002	918	919	918	923	930	926	926	939	981	980	969	1017	1067	1064	1068	1073	1067	1059	1067	1060	1058	1068	984	992
43	52	171	721	1013	934	913	917	920	923	929	928	932	942	964	980	1040	1072	1072	1072	1070	1033	1056	1067	1048	1018	960	959
72	60	52	92	538	970	984	926	914	916	916	924	927	931	932	950	980	1026	1063	1074	1077	1067	1047	1006	965	956	934	938
67	72	73	68	49	259	696	952	1001	972	933	915	913	917	923	929	937	949	966	984	1000	990	972	951	939	925	969	1042
66	66	66	67	72	56	62	208	474	735	926	1006	997	965	941	926	919	918	918	924	925	924	925	921	945	1020	948	517
62	68	69	67	68	70	67	52	42	67	174	369	594	779	916	990	1017	1016	1014	1004	999	994	1006	1027	964	642	180	0
81	31	55	66	64	68	69	67	65	62	55	45	45	78	145	254	377	487	571	627	657	672	613	447	211	54	56	87
527	392	118	57	62	64	64	66	68	68	68	68	69	68	61	56	50	47	50	55	57	57	52	57	73	85	86	83
1014	1148	1104	1073	1089	1085	1089	1087	1092	1088	1085	1073	1088	1090	1093	1066	1046	1048	1045	1044	1058	1058	1075	1103	1085	1029	1063	1106
1045	1171	1045	1081	1088	1088	1085	1087	1089	1087	1090	1090	1087	1090	1089	1092	1052	1042	1041	1040	1055	1058	1077	1068	1048	1020	1097	1101
1053	1142	1007	1079	1085	1085	1086	1086	1084	1086	1086	1088	1088	1089	1088	1093	1073	1046	1040	1042	1046	1058	1046	1029	1071	1043	1096	1100
1051	1080	991	1065	1090	1086	1085	1084	1085	1084	1087	1086	1087	1086	1088	1093	1083	1054	1045	1045	1050	1056	996	1034	1109	1032	1068	1102
1042	1028	975	1038	1089	1083	1087	1087	1086	1083	1084	1087	1087	1090	1091	1096	1068	989	1011	1041	1023	987	967	1129	1163	1095	1105	1124
1016	1044	965	1020	1091	1086	1084	1086	1085	1085	1088	1088	1088	1091	1094	1079	1024	952	991	991	938	927	1034	1104	1196	1230	1218	1218
998	1079	977	1007	1093	1086	1086	1090	1087	1086	1088	1088	1090	1092	1087	1058	1010	995	946	923	921	941	1071	1170	1228	1174	1165	1151
970	1075	1014	978	1092	1083	1084	1087	1083	1087	1088	1088	1091	1092	1076	1032	984	971	952	931	924	955	1101	1251	1184	1144	1150	1169
933	1042	1063	960	1074	1088	1089	1086	1086	1087	1085	1090	1093	1085	1040	978	950	982	986	940	925	955	1126	1244	1182	1159	1166	1169
931	968	1044	1000	1026	1092	1085	1083	1086	1087	1086	1092	1092	1068	1013	959	957	994	989	939	928	937	1117	1245	1208	1212	1181	1171
930	932	985	1048	1002	1080	1089	1086	1087	1088	1087	1093	1089	1049	983	938	950	977	963	937	926	935	1022	1201	1261	1243	1134	1105
928	931	942	1018	1049	1058	1077	1090	1087	1087	1092	1094	1077	1033	961	928	930	944	940	930	926	1018	1033	1040	1217	1087	1024	1038
930	926	932	975	1032	1153	1067	1068	1085	1092	1091	1089	1076	1031	975	933	922	938	943	945	939	1045	1032	1048	1180	1254	1072	1027
924	927	925	960	997	1140	1242	1065	1053	1064	1078	1085	1086	1085	1062	1018	967	949	948	913	926	1087	1098	1077	1104	1635	1531	1319
927	926	926	927	981	986	1177	1218	1056	1006	1043	1097	1078	1027	987	946	912	905	904	940	1071	1133	1157	1068	1062	1073	1236	1485
922	926	924	924	947	1003	994	1090	1096	825	600	557	600	635	687	715	730	829	955	1027	1020	1040	1045	1031	1070	999	981	1316
920	921	927	925	926	951	1004	994	995	1038	869	576	397	385	492	631	836	1100	1138	1016	1042	1059	1069	1065	994	1068	1045	1182
921	919	923	931	923	928	937	986	1001	968	989	1029	961	878	946	1067	1199	1167	1040	1037	1067	1067	1066	1071	1039	1058	1067	1134
1005	925	914	922	925	925	927	922	939	973	965	958	974	978	970	1053	1076	1048	1022	1039	1075	1069	1063	1069	1075	1060	1130	1196
520	1012	937	914	921	924	927	925	923	919	945	974	961	960	988	1065	1064	1064	1062	1065	1074	1078	1063	1055	1055	1064	1058	1110
52	466	987	952	911	915	921	921	923	926	923	928	943	960	969	1019	1068	1063	1056	1070	1057	1045	1064	1061	1059	1049	971	963
43	48	346	932	982	916	915	918	918	919	925	925	923	928	951	970	1010	1059	1069	1070	1075	1038	1045	1050	1015	980	950	941
73	61	38	208	750	1001	969	921	913	913	917	921	928	932	935	944	952	992	1038	1058	1057	1046	998	966	961	940	932	990
66	71	77	59	78	370	755	963	1004	969	931	913	913	917	924	928	934	941	953	960	961	955	948	939	924	967	1023	838
65	65	66	68	70	50	75	235	495	765	941	1004	994	963	940	924	922	920	919	926	927	923	921	946	1025	900	415	42
63	68	67	69	68	69	66	53	44	74	187	377	600	787	915	989	1018	1019	1010	1012	1012	1018	1028	954	557	106	0	39
82	31	54	64	66	69	69	70	67	67	54	43	48	83	149	254	373	485	553	588	589	537	404	172	41	68	87	84
515	387	123	57	60	63	62	66	67	70	71	69	69	68	62	60	50	50	51	52	56	54	58	76	86	81	73	69
1018	1045	1010	1038	1090	1084	1086	1085	1086	1086	1083	1088	1089	1091	1090	1049	1040	1046	1046	1038	1058	1092	1098	1077	1036	1050	1101	1100
1023	1050	978	1030	1095	1088	1087	1088	1084	1089	1089	1088	1092	1094	1092	1045	1018	1038	1042	1039	1057	1072	1080	995	958	1032	1112	1104
1026	1046	962	1022	1095	1086	1085	1086	1085	1085	1084	1089	1092	1095	1084	1034	984	1029	1044	1045	1061	1066	1024	950	1031	1024	1091	1106
1035	1041	959	1016	1096	1086	1087	1087	1085	1084	1089	1092	1092	1095	1070	1023	966	994	1045	1050	1055	1036	967	1041	1087	1038	1077	1097
1017	1042	969	1029	1091	1084	1087	1085	1087	1087	1085	1088	1091	1081	1050	999	943	933	997	1046	1047	969	1029	1285	1231	1207	1213	1191
993	1070	987	1017	1092	1084	1082	1082	1084	1086	1090	1094	1087	1060	1026	994	977	989	1005	995	962	937	1062	1239	1255	1181	1168	1164
975	1070	1028	988	1092	1087	1085	1088	1086	1086	1091	1092	1077	1031	1001	1004	1041	1074	1076	1000	916	999	1191	1236	1175	1149	1147	1141
947	1057	1053	975	1078	1092	1086	1087	1086	1085	1094	1084	1046	1009	1015	1052	1097	1109	1117	1034	924	1037	1207	1216	1149	1144	1148	1151
932	1002	1043	1015	1054	1090	1086	1084	1085	1089	1090	1067	1024	1001	1007	1042	1112	1136	1126	1039	919	1035	1177	1227	1154	1151	1166	1171
931	938	987	1071	1086	1063	1091	1086	1090	1090	1085	1047	985	967	1009	1061	1120	1138	1122	1032	916	1009	1136	1267	1210	1226	1231	1230
925	933	932	1040	1184	1052	1059	1094	1093	1090	1073	1020	962	956	1017	1083	1112	1123	1111	988	912	977	1023	1182	1288	1223	1105	1082
926	929	932	963	1198	1166	999	1045	1091	1085	1057	996	934	938	1002	1069	1102	1109	1070	941	913	1009	986	1024	1196	1059	1039	1050
928	928	934	936	1063	1251	1099	969	1016	1057	1056	1027	966	935	960	1015	1056	1050	964	914	939	1064	1017	1044	1383	1272	1079	1004
921	931	928	933	978	1083	1138	1049	955	999	1066	1080	1043	982	941	940	956	945	916	924	1027	1064	991	1051	1476	1551	1556	1242
917	930	924	928	944	993	982	1022	1018	992	991	986	958	936	926	922	923	933	931	1016	1073	1041	1005	1005	1255	1287	1492	1424
921	927	928	921	930	978	1017	951	953	1018	1002	909	948	971	968	957	974	981	1021	1027	1028	1058	1057	1023	1032	1017	1133	1389
921	919	924	926	924	930	970	1009	980	938	1008	996	968	1090	1169	1149	1102	1073	1045	1024	1052	1071	1063	1055	1007	1070	1083	1329
920	921	917	921	923	928	922	943	990	994	954	974	1005	991	1057	1085	1033	1034	1020	1054	1079	1072	1059	1070	1054	1062	1139	1169
997	918	913	917	917	922	927	918	921	950	975	966	961	985	966	1062	1061	1055	1044	1064	1078	1074	1057	1072	1068	1060	1237	1296
594	1014	931	916	915	917	917	924	936	924	926	951	964	970	1009	1069	1069	1067	1060	1072	1068	1073	1060	1056	1053	1056	1052	1217
72	546	1011	936	913	921	922	924	923	927	927	919	924	944	973	1019	1065	1071	1052	1060	1063	1048	1062	1064	1056	1025	959	935
42	51	448	985	972	915	915	920	917	918	923	928	930	927	935	959	988	1037	1064	1071	1077	1051	1035	1034	987	958	940	935
69	60	34	287	829	1012	964	919	910	917	919	923	926	928	929	932	935	954	995	1032	1025	1007	961	952	942	924	995	1039
68	75	73	54	106	436	803	979	1000	960	930	916	917	920	927	932	932	936	940	947	941	941	941	928	946	1031	816	355
67	66	67	69	64	42	83	267	538	798	959	1005	997	965	940	925	917	920	919	922	925	922	925	998	962	484	42	0
64	67	65	65	66	69	65	45	42	87	207	390	612	794	910	985	1014	1017	1011	1007	1006	1021	1006	725	164	0	41	49
67	30	58	65	67	68	68	67	63	62	52	43	48	79	145	245	364	474	552	590	582	471	259	69	63	82	77	83
529	362	98	56	64	66	64	67	66	67	66	67	68	67	61	55	50	51	50	48	51	50	61	77	77	70	66	68
1004	1036	996	981	1094	1087	1088	1086	1087	1092	1089	1090	1077	1060	1008	954	981	997	979	1016	1095	1101	1098	1047	1061	1104	1099	1101
1017	1051	975	988	1099	1088	1091	1089	1089	1092	1094	1087	1066	1033	973	920	936	946	957	981	1069	1097	1043	972	985	1103	1101	1099
1028	1048	964	1001	1098	1089	1088	1089	1086	1096	1094	1079	1050	1000	955	947	930	932	959	996	1009	1038	1005	958	1029	1042	1085	1088
1004	1039	979	992	1097	1088	1089	1088	1086	1094	1091	1070	1028	989	980	989	963	978	979	1023	998	970	957	974	1003	1030	1106	1078
981	1048	1009	971	1088	1088	1089	1090	1089	1092	1084	1047	1011	1003	1028	1044	1044	1026	988	999	969	935	964	1011	1143	1197	1183	1182
973	1056	1037	974	1062	1095	1087	1088	1092	1089	1066	1027	998	1014	1073	1104	1114	1119	1102	983	942	1019	985	1159	1219	1123	1119	1128
956	1055	1043	1041	1023	1094	1092	1089	1092	1088	1047	1002	1000	1045	1097	1108	1106	1127	1146	1038	981	1046	1061	1231	1109	1121	1143	1124
934	1020	1025	1119	1005	1062	1094	1091	1091	1079	1029	977	1004	1074	1106	1068	1114	1144	1149	1031	996	1016	1106	1193	1104	1132	1151	1153
935	953	1015	1156	1033	988	1078	1096	1088	1072	1008	986	1037	1082	1093	1224	1298	1166	1130	1009	992	1035	1068	1202	1129	1157	1105	1155
936	933	965	1133	1130	934	1011	1077	1080	1050	956	950	1030	1092	1136	1256	1236	1136	1123	993	955	1062	1058	1307	1212	1202	1101	1112
923	933	938	1044	1181	1017	942	1009	1041	1016	935	933	1023	1106	1147	1171	1178	1137	1107	954	932	1040	993	1299	1396	1102	1031	1027
922	932	940	944	1066	1092	996	972	968	952	929	917	994	1093	1136	1129	1148	1135	1049	919	961	1051	1027	1203	1510	1302	1023	1042
927	927	931	930	963	1049	1018	1014	1036	1020	983	935	937	1024	1110	1131	1140	1090	952	926	1025	1104	1145	1203	1565	1367	1072	1010
923	929	926	929	935	996	993	975	1031	1035	997	949	920	935	1005	1053	1034	954	922	1013	1116	1084	973	1148	1519	1347	1094	999
917	923	926	924	930	980	1004	961	955	998	1013	983	930	917	929	935	922	925	972	1047	1083	1042	986	1049	1291	1171	1042	1055
920	918	927	929	928	934	988	1013	949	945	1014	1143	1170	1067	980	942	946	997	1033	1026	1065	1060	1066	1024	1052	1066	1034	1088
920	922	919	923	931	922	930	961	1000	971	953	985	1071	1112	1056	1013	1036	1062	1060	1021	1058	1073	1064	1054	1042	1062	1054	1174
923	921	920	919	925	929	919	920	936	988	992	961	976	977	966	1018	1043	1067	1053	1048	1077	1066	1059	1070	1062	1059	1144	1260
997	920	916	918	917	920	929	926	921	931	944	973	970	981	980	1055	1071	1059	1048	1063	1067	1073	1059	1067	1058	1072	1156	1291
675	1006	919	916	916	918	914	926	929	922	920	930	949	971	979	1019	1070	1067	1058	1067	1064	1061	1060	1060	1049	1035	1034	1081
111	669	1004	919	913	919	920	919	922	929	929	922	924	932	951	980	1016	1065	1069	1060	1063	1054	1068	1065	1047	1000	964	947
40	83	620	1007	948	912	914	917	919	920	925	928	929	928	929	941	963	995	1045	1059	1067	1058	1022	1021	983	947	933	963
72	55	56	432	903	1004	950	917	913	918	921	923	925	933	935	931	927	939	951	983	993	987	955	947	919	937	1036	965
69	74	71	46	160	513	831	986	996	963	930	914	916	918	921	928	929	935	940	949	944	945	936	916	983	1011	520	89
66	67	67	72	60	43	103	288	547	793	951	1009	1006	970	944	929	919	919	923	924	922	922	945	1027	817	247	0	15
65	69	69	69	69	70	62	48	47	88	203	384	600	783	916	984	1014	1020	1020	1019	1024	1022	938	552	65	14	50	53
70	33	61	67	68	68	68	66	68	64	58	45	48	77	145	234	333	426	501	520	472	343	149	45	74	86	84	78
525	355	100	59	66	66	66	68	69	70	70	70	71	70	66	61	55	55	54	51	48	53	68	72	67	64	63	63
1013	1041	1055	961	1060	1090	1090	1088	1090	1067	1037	1010	1011	976	912	965	977	968	984	1096	1101	1102	1075	997	1084	1101	1108	1093
1027	1028	1029	955	1061	1092	1090	1089	1095	1063	1007	968	956	960	979	1006	945	925	1028	1093	1107	1093	1038	956	1022	1104	1101	1064
1005	1025	1012	952	1045	1095	1087	1091	1093	1047	983	933	930	988	1073	1120	985	942	1024	1068	1043	1044	1001	968	1049	1096	1108	1072
983	1028	1049	978	1011	1092	1093	1093	1090	1038	969	944	990	1072	1153	1148	1031	1012	1036	1036	1027	1000	971	1075	1189	1239	1233	1217
992	1035	1069	1042	961	1076	1094	1093	1077	1007	954	979	1053	1111	1183	1098	1048	1018	1016	1019	1008	1010	1063	1227	1239	1187	1162	1163
980	1040	1048	1098	941	1037	1083	1089	1055	977	955	1022	1094	1122	1119	1030	1028	1073	1058	953	1032	1097	1160	1229	1148	1134	1145	1132
943	1042	1038	1139	930	979	1059	1072	1035	968	975	1059	1128	1142	1086	1033	985	1074	1119	990	1049	1067	1192	1194	1138	1144	1171	1146
924	990	1057	1138	966	927	1016	1042	1013	952	993	1084	1162	1128	1053	1249	971	1117	1116	978	1056	1019	1169	1190	1164	1162	1148	1169
941	966	1048	1097	1023	912	951	1005	971	936	1003	1095	1152	1233	1428	1439	1127	1132	1103	958	1058	1023	1084	1262	1219	1179	1091	1151
937	933	1013	1070	1060	955	908	945	952	929	979	1095	1142	1175	1370	1301	1148	1127	1069	922	1029	1066	999	1240	1240	1101	1041	1038
921	926	950	1026	1043	1014	940	901	928	955	958	1085	1134	1108	1165	1148	1135	1125	1013	914	997	1030	966	1177	1155	1025	1023	1021
922	925	928	935	971	988	998	955	915	930	937	1031	1114	1126	1154	1126	1125	1072	945	924	1030	1039	1035	1104	1494	1655	1171	1284
923	923	922	926	921	954	993	1009	1042	958	916	952	1046	1127	1135	1124	1079	971	918	995	1069	1095	1090	1050	1450	1531	1531	1560
919	925	924	923	924	964	1007	974	986	1106	999	912	942	1019	1065	1035	963	932	1011	1078	1129	1080	975	1089	1127	930	1244	1266
918	920	922	921	923	934	984	1013	948	983	1166	1090	955	938	936	931	926	981	1037	1031	1097	1027	1002	988	1058	1044	1156	1153
919	917	919	925	926	917	922	964	991	949	945	1056	1064	956	937	957	1000	1045	1037	1066	1073	1068	1073	1033	1060	1049	1132	1106
918	915	915	917	922	923	914	916	942	999	973	921	978	982	929	1020	1073	1068	1067	1054	1070	1075	1063	1063	1067	1053	1136	1098
916	918	919	920	917	925	929	919	919	935	982	968	943	970	974	1037	1061	1055	1055	1041	1074	1067	1060	1066	1061	1043	1185	1191
959	912	914	920	918	920	930	931	920	919	921	943	969	950	947	1020	1071	1059	1062	1055	1060	1065	1065	1067	1055	1069	1223	1204
827	970	908	916	917	917	912	925	933	928	923	925	931	948	958	958	1051	1062	1070	1062	1051	1057	1063	1062	1050	1025	1045	1040
182	826	982	909	911	920	922	917	919	930	933	924	926	925	935	948	977	1043	1069	1063	1056	1053	1061	1062	1039	981	941	950
19	149	753	1006	931	909	919	919	920	918	922	930	933	935	935	932	935	952	986	1022	1041	1030	994	1001	965	929	954	982
71	41	75	497	926	999	943	914	913	916	922	921	921	928	934	940	938	940	940	939	947	948	947	934	912	980	1006	930
69	76	66	43	186	544	847	985	1000	963	931	916	914	920	923	923	929	931	937	940	941	938	925	928	1024	903	267	73
65	67	67	69	57	47	113	295	548	801	963	1021	1014	977	954	933	922	920	925	922	925	943	1004	1014	629	98	1	20
65	68	66	67	67	68	62	49	47	85	200	382	597	777	910	985	1018	1031	1031	1030	1026	969	735	290	18	39	62	62
67	33	60	64	66	66	68	66	71	65	56	45	45	75	133	216	309	378	414	403	309	168	55	55	84	81	73	68
519	346	97	58	65	64	64	68	71	69	71	71	71	68	66	63	60	58	55	55	52	64	66	63	56	55	57	59
1021	1007	1033	1003	967	1080	1096	1084	1014	971	986	1000	1002	946	1001	985	984	972	994	1081	1103	1100	1093	1060	1098	1091	1043	960
1012	1037	1085	1010	953	1063	1095	1079	999	934	937	972	1010	1085	1117	1046	960	1027	1077	1082	1109	1104	1032	989	1057	1068	1081	1102
1009	1035	1161	1041	939	1032	1086	1071	986	913	919	991	1080	1132	1151	1086	1020	1006	1052	1025	1029	1021	989	1076	1147	1176	1190	1214
1025	1014	1124	1104	929	994	1058	1051	980	927	987	1076	1119	1132	1174	1157	1161	1610	1211	922	957	982	1078	1167	1170	1174	1181	1192
1019	1019	1065	1112	919	950	1010	1003	935	937	1037	1104	1119	1066	1352	1602	1346	1745	1008	914	1048	1081	1173	1179	1155	1155	1144	1147
981	1045	1019	1049	934	920	964	964	925	984	1091	1143	1104	1109	1107	1567	1389	964	941	987	1073	1111	1205	1159	1141	1137	1136	1134
940	1046	1044	1034	944	918	928	938	935	1024	1121	1129	1101	1090	1074	1741	1277	1062	1060	1013	1061	1129	1216	1160	1144	1147	1165	1164
930	1009	1052	1033	958	917	923	919	934	1043	1129	1124	1122	1076	1215	1345	1028	1130	1057	1006	1067	1091	1215	1209	1173	1180	1195	1183
920	983	1071	1048	972	917	927	931	928	1027	1120	1141	1146	1181	1252	1074	1093	1131	1025	987	1081	1010	1139	1271	1273	1220	1179	1190
918	930	1006	1064	1010	951	914	934	932	1005	1118	1136	1155	1172	1138	1088	1124	1120	970	966	1083	1015	966	1078	1139	1069	1049	1044
928	925	929	976	1043	1007	960	928	944	974	1090	1128	1142	1121	1140	1130	1118	1051	930	945	1029	984	975	1090	1145	1054	1014	1073
928	927	928	925	946	968	978	1046	960	942	1022	1101	1114	1131	1144	1126	1055	957	922	975	1058	1019	972	1211	1395	1639	1294	1517
920	932	926	925	933	949	963	1033	1120	988	942	1017	1069	1108	1099	1035	951	928	961	1053	1061	1045	974	1164	1476	1620	1617	1592
915	920	933	925	922	949	1006	1008	981	1073	1001	934	952	981	982	945	917	966	1062	1052	1049	1033	971	1043	1086	1124	1533	1407
915	917	925	923	920	921	940	997	1006	956	992	971	936	932	932	923	956	1052	1027	1051	1064	1038	1026	1018	1065	1059	1350	1223
919	919	919	925	923	921	919	919	959	1004	961	939	952	948	961	1001	1044	1052	1049	1072	1069	1064	1067	1050	1073	1077	1258	1187
918	920	921	924	923	925	916	919	921	949	987	973	944	941	962	1067	1073	1067	1070	1070	1072	1074	1071	1071	1058	1070	1202	1138
924	917	922	924	918	928	924	919	921	925	937	961	968	950	954	1048	1058	1051	1060	1051	1066	1072	1062	1062	1045	1102	1186	1165
990	916	915	918	919	920	932	928	918	919	921	923	937	958	958	1017	1057	1059	1071	1044	1047	1067	1071	1057	1038	1083	1422	1345
699	1003	921	911	916	912	918	932	935	927	921	925	922	930	951	969	1036	1064	1064	1064	1038	1048	1069	1057	1050	1020	1020	1008
108	704	1009	928	912	918	916	917	925	937	937	931	927	924	927	938	957	1020	1059	1059	1054	1040	1048	1063	1034	965	919	936
17	77	580	985	972	917	911	917	917	918	923	928	929	929	929	925	931	946	976	1007	1011	989	979	991	947	926	999	1017
74	42	31	330	804	1001	975	928	912	915	918	919	918	925	931	931	937	941	946	944	947	951	951	929	920	1035	971	899
67	72	67	37	103	400	753	966	1017	981	934	916	911	917	921	923	924	927	930	931	930	921	916	961	1066	828	171	80
64	67	65	67	64	45	74	227	487	760	943	1031	1047	1014	984	951	941	932	927	934	945	981	1050	970	493	42	5	21
65	63	64	66	67	67	63	49	39	72	164	328	536	723	863	957	1005	1029	1020	1001	963	835	541	158	24	65	71	74
54	32	62	63	67	65	65	64	67	62	56	49	42	55	88	147	205	245	247	212	148	70	37	60	76	70	64	66
525	321	80	58	61	64	65	68	67	70	68	69	71	71	66	64	62	60	59	58	59	65	63	58	54	55	53	56
1014	1019	1000	1034	929	959	1019	966	934	902	699	926	1066	1092	1115	1009	951	964	967	1053	1098	1099	1108	1098	1090	1009	945	959
1025	1023	1007	1036	926	934	984	953	911	926	992	1085	1123	1152	1108	1035	1020	1099	1045	980	1107	1112	1071	1008	1008	1019	1058	1055
1039	1026	1010	1040	937	932	955	942	911	961	1071	1138	1124	1113	1065	1013	1004	1509	1302	903	1019	1000	976	1044	1185	1199	1225	1245
1034	1025	1014	1038	949	921	933	929	931	1052	1134	1159	1085	1064	1050	992	1109	1902	1530	890	1003	992	1092	1207	1142	1125	1136	1152
1016	1040	1024	1034	952	929	920	912	974	1089	1150	1415	1094	1084	1045	1108	1162	1663	1099	983	1081	1048	1236	1167	1110	1117	1122	1132
974	1058	1027	1041	954	923	926	926	1027	1112	1191	1198	1069	1132	1035	1279	1154	990	943	1063	1057	1047	1246	1119	1134	1128	1141	1139
957	1061	1033	1014	962	925	930	945	1074	1123	1140	1114	1101	1072	1304	1442	1080	1093	996	1068	1057	1072	1268	1136	1141	1139	1138	1145
935	1041	1057	1009	973	917	938	948	1075	1117	1112	1102	1103	1034	1989	1584	1039	1113	975	1062	1056	1030	1293	1198	1180	1189	1146	1167
923	964	1051	1028	979	927	926	941	1052	1118	1103	1103	1121	1124	1431	1241	1137	1078	935	1060	1065	938	1173	1311	1329	1118	1076	1082
929	927	973	1055	1011	974	917	934	983	1105	1119	1135	1130	1124	1132	1144	1132	1024	914	1041	1079	986	1098	1274	1440	1064	1034	1050
936	926	922	988	1059	1028	992	935	942	1014	1118	1128	1111	1135	1132	1122	1058	953	921	965	1010	1025	1111	1287	1571	1198	1005	1116
926	930	923	931	996	1045	1017	1063	956	953	1018	1080	1105	1120	1094	1029	949	922	962	1051	1084	1037	1011	1465	1443	1392	1072	1401
919	928	925	928	943	1013	1042	1025	1005	954	939	957	972	988	974	939	924	957	1050	1087	1041	993	949	1365	1555	1380	1183	1423
919	919	932	925	925	952	1028	1008	948	936	930	932	943	942	939	931	969	1051	1051	1056	1048	1020	970	1096	1211	1094	1241	1256
921	917	931	931	926	925	936	992	1014	948	921	933	933	928	923	954	1049	1029	988	1060	1063	1050	1046	1044	1067	1043	1276	1144
924	917	917	925	930	920	922	921	946	1002	1005	967	952	950	952	1025	1071	1040	1049	1072	1070	1065	1069	1053	1070	1066	1299	1144
924	922	917	918	928	926	921	924	919	923	965	996	977	961	967	1064	1069	1067	1071	1074	1077	1069	1067	1071	1052	1145	1253	1146
893	932	919	915	916	926	926	918	922	928	923	923	937	959	967	1052	1064	1060	1067	1065	1068	1074	1069	1056	1032	1201	1268	1184
702	923	926	916	919	916	925	924	923	926	928	925	926	928	951	1018	1052	1051	1063	1038	1018	1059	1069	1042	1015	1087	1276	1184
246	718	934	932	916	915	916	921	928	934	929	929	926	924	928	953	1029	1072	1067	1055	1041	1041	1065	1057	1050	1005	988	983
90	230	669	929	948	916	910	918	917	921	929	931	930	926	927	926	947	1009	1050	1064	1052	997	1026	1051	1010	956	929	944
64	73	157	505	845	970	944	918	921	925	928	925	921	933	940	939	938	942	973	998	973	943	961	977	944	926	993	996
71	71	72	85	256	591	866	976	968	933	916	920	920	925	933	928	936	941	945	948	950	951	946	925	914	1008	1009	973
69	71	79	85	75	91	230	492	765	932	986	973	943	929	922	919	916	918	920	922	922	921	918	945	1045	937	264	192
66	67	66	66	76	79	73	77	137	286	504	718	883	974	1009	1015	1002	988	979	979	991	1017	1046	993	624	121	1	8
65	66	66	67	68	66	69	74	73	68	71	99	183	310	456	595	694	761	800	798	758	669	482	203	44	62	85	85
57	35	63	65	68	69	67	66	68	70	73	77	73	68	61	62	70	80	83	75	57	37	31	49	67	62	61	60
520	316	83	62	65	64	67	68	68	69	70	69	69	73	75	79	79	81	79	81	81	77	75	69	65	63	60	60
1017	1038	1050	1025	924	913	916	926	966	952	952	1047	1104	1128	1126	1096	988	991	1128	998	1096	1107	1109	1067	989	1013	987	973
1032	1034	1037	1016	920	917	916	920	913	965	1074	1117	1134	1103	1023	1038	970	1608	2335	990	1048	1091	1048	975	1054	1138	1135	1079
1029	1032	1040	1016	915	930	924	916	941	1081	1128	1119	1144	1064	944	1170	2107	2735	2141	899	925	958	966	1116	1207	1191	1183	1205
1025	1047	1057	1029	915	931	925	927	1038	1125	1144	1155	1076	987	966	1499	2635	2748	1175	945	1049	1002	1111	1209	1112	1112	1120	1122
1011	1059	1070	1054	925	933	924	956	1095	1140	1215	1316	1100	1061	1359	1407	1307	1172	952	1082	1072	1020	1210	1149	1100	1118	1128	1109
993	1059	1062	1071	957	918	927	1007	1132	1113	1109	1109	1082	1287	1240	1050	1047	1033	1051	1089	1049	1028	1242	1118	1127	1137	1153	1129
961	1055	1054	1068	1016	914	934	1052	1114	1043	1029	1052	1119	1176	1021	1047	1134	1105	1048	1091	1063	1013	1261	1131	1154	1135	1097	1184
927	1006	1052	1049	1058	946	929	1031	1072	1032	1023	1008	1105	1109	1117	1151	1146	1046	1012	1095	1033	965	1300	1308	1245	1149	1080	1139
929	951	1055	1054	1072	992	924	977	1058	1028	1010	1039	1131	1120	1137	1134	1100	974	992	1103	1032	932	1247	1405	1149	1011	1038	1003
937	928	996	1077	1077	1010	921	939	995	1042	1054	1097	1131	1126	1131	1112	1016	931	958	1056	1056	1003	1197	1304	1525	1196	1014	1177
934	935	936	1031	1084	1051	942	914	929	990	1084	1117	1121	1115	1081	1017	953	933	938	981	1022	1130	1160	1233	1794	1548	1416	1498
929	935	926	941	1044	1080	986	902	918	946	962	1002	1021	1010	967	933	930	958	1035	1078	1149	1141	1158	1231	1286	1094	1433	1204
913	924	926	925	952	1050	1046	924	906	925	943	943	936	932	932	940	992	1038	1043	1148	1131	983	981	1086	1151	1007	1281	1056
917	916	928	918	924	954	1014	979	914	909	923	931	938	938	931	1000	1078	1037	1021	1105	1048	997	962	1041	1054	1047	1236	1034
915	914	916	923	921	923	935	988	1012	948	911	912	916	922	929	1045	1075	982	1017	1064	1058	1066	1030	1059	1072	1091	1239	1034
957	910	914	925	922	921	923	917	954	1011	1002	963	935	932	951	1051	1077	1055	1068	1075	1072	1072	1071	1072	1058	1117	1287	1051
844	951	913	915	922	923	921	928	917	918	944	969	971	971	990	1058	1069	1070	1080	1073	1075	1058	1059	1071	1057	1127	1283	1128
323	928	935	912	916	920	925	924	926	925	917	917	919	925	953	1052	1075	1072	1078	1068	1070	1076	1059	1036	1032	1104	1181	1115
44	405	935	940	913	914	918	925	927	928	926	928	935	934	923	996	1067	1051	1068	1059	1021	1060	1069	1023	1009	1058	1055	1026
92	59	412	904	958	909	913	919	920	929	929	928	935	935	926	937	1012	1071	1068	1054	1046	1017	1061	1060	1038	986	978	974
145	111	69	314	772	970	932	914	913	915	922	935	938	941	935	929	939	990	1032	1064	1024	947	1007	1039	985	951	927	935
50	122	139	91	184	576	906	969	937	918	919	924	924	936	938	935	938	944	957	975	958	950	955	961	939	934	1001	973
67	53	85	139	119	114	280	623	909	972	960	930	919	921	925	930	932	937	945	949	948	949	940	927	910	985	1046	1044
69	73	71	74	105	135	118	112	241	494	778	947	995	982	959	935	922	917	918	919	918	920	918	927	1008	1038	350	449
66	66	67	69	68	74	97	122	119	104	133	261	459	664	841	958	1011	1024	1023	1015	1013	1020	1026	1020	799	256	0	10
62	65	64	65	65	65	61	68	82	100	117	114	100	97	129	211	314	418	487	518	523	490	426	275	82	58	91	87
54	37	61	65	68	67	64	67	64	66	70	79	95	110	120	118	108	102	94	89	85	84	82	96	116	117	115	116
509	297	78	59	64	63	64	64	66	65	66	65	65	67	71	72	79	88	92	99	105	102	101	96	93	89	91	95
1019	1043	1077	1040	922	926	928	927	935	947	1061	1116	1121	1119	1131	1149	1030	945	1111	986	1083	1113	1107	1090	1026	1034	1046	1038
1026	1049	1075	1015	911	926	928	927	934	1061	1138	1126	1095	1023	1016	1092	1052	1034	1416	1109	985	1058	1067	1053	1127	1189	1182	1181
1033	1060	1068	1010	907	921	926	918	1011	1124	1136	1140	1110	1198	1084	1287	1466	1237	1042	992	996	1010	1090	1181	1202	1202	1210	1222
1036	1062	1066	1023	916	923	927	941	1095	1126	1134	1119	1038	1078	1132	1389	1505	1270	1004	1058	1064	1097	1197	1204	1161	1143	1154	1140
1029	1064	1071	1037	922	918	931	985	1126	1141	1116	1087	1040	1112	1214	1101	1094	1020	1051	1069	1066	1166	1233	1175	1140	1117	1125	1128
1004	1065	1075	1056	941	914	932	1024	1140	1111	1086	1084	1221	1995	1297	1106	1113	1015	1075	1068	1069	1206	1246	1196	1150	1130	1146	1171
964	1041	1064	1080	984	910	931	1029	1097	1041	1038	1051	1232	1399	1101	1147	1109	1000	1072	1057	1036	1146	1290	1289	1216	1208	1253	1286
931	1011	1069	1079	1034	919	923	986	1040	1043	1032	1016	1134	1172	1154	1127	1048	953	1067	1071	982	990	1168	1329	1314	1274	1236	1289
929	955	1063	1072	1071	943	921	964	1016	1028	1016	1039	1141	1151	1137	1081	965	926	1042	1089	1019	988	993	1085	1039	1045	1052	1041
934	928	1002	1083	1086	981	912	946	971	1000	1038	1102	1137	1111	1060	979	926	930	951	991	1026	1009	1008	1228	1334	1158	996	1226
933	932	936	1028	1089	1053	917	914	932	957	992	1039	1039	992	950	936	932	934	958	1008	1025	1027	1015	1226	1782	1571	1348	1669
927	935	925	942	1029	1081	989	901	919	932	939	943	943	932	942	959	973	993	1031	1063	1051	993	1010	1091	1244	1441	1597	1512
921	930	930	932	933	996	1032	958	909	917	932	940	938	936	984	1054	1071	1020	1017	1067	1048	1030	1012	1037	979	1187	1552	1250
919	926	926	919	925	928	972	1016	966	916	917	922	930	928	987	1093	1060	1030	1041	1073	1064	1031	983	1064	1047	1109	1411	1125
924	916	922	925	927	926	923	954	1011	998	955	936	931	924	967	1083	1048	1022	1059	1064	1066	1069	1039	1072	1075	1099	1312	1064
937	916	919	929	929	930	927	923	922	956	984	986	974	961	971	1060	1061	1064	1060	1061	1072	1068	1057	1068	1062	1064	1218	1061
930	935	920	921	929	926	921	926	927	920	915	924	931	929	968	1063	1067	1065	1066	1063	1068	1065	1060	1061	1049	1105	1254	1089
603	961	934	920	920	929	928	925	928	927	923	921	923	927	956	1046	1075	1070	1080	1059	1065	1074	1044	1029	1012	1156	1365	1116
229	603	963	939	914	917	924	930	930	927	925	927	929	955	944	984	1073	1052	1047	1065	1030	1054	1063	1002	1003	1017	997	984
98	198	529	922	961	917	912	921	926	932	931	928	931	946	932	934	1003	1063	1059	1045	992	978	1059	1053	1022	964	938	956
88	100	143	348	760	980	947	917	915	920	925	928	929	932	936	934	932	965	1002	1023	972	934	990	1027	972	936	925	931
69	91	113	124	176	474	839	983	961	925	916	920	924	929	932	933	938	942	945	947	949	953	951	944	930	929	999	956
62	67	86	108	123	123	191	446	760	933	988	956	930	917	919	924	925	929	931	935	936	936	930	925	916	957	1083	1056
71	73	76	89	102	119	128	116	149	279	538	803	949	985	994	968	942	930	924	917	918	917	916	918	958	1085	590	756
66	65	67	69	76	89	103	117	132	132	112	153	271	406	578	783	891	961	1005	1010	1011	1018	1032	1032	951	545	28	87
64	66	67	65	64	65	66	75	88	108	122	129	129	125	113	133	200	296	417	508	560	565	488	347	146	32	66	61
43	42	65	68	68	66	66	67	66	66	70	81	97	111	124	131	125	122	109	105	97	93	90	96	115	128	128	129
512	257	64	59	64	67	70	69	70	67	69	67	66	69	70	72	76	82	88	97	100	101	101	102	98	93	97	98
1017	1054	1079	1052	932	917	931	925	921	978	1105	1140	1141	1076	1153	1133	982	916	903	955	1032	1102	1108	1098	1083	1098	1077	1050
1030	1053	1079	1024	907	915	936	924	945	1101	1137	1133	1087	1052	1105	1128	1008	906	880	1004	1191	984	1078	1143	1173	1211	1232	1220
1041	1047	1070	1010	908	915	937	925	1015	1134	1138	1083	1195	1060	1024	1097	935	897	988	1081	1122	1021	1212	1228	1160	1143	1151	1157
1046	1060	1069	1012	916	913	932	936	1052	1131	1129	1124	1146	1063	1048	1080	934	952	1075	1084	1054	1122	1245	1176	1135	1122	1132	1151
1024	1069	1071	1025	918	913	929	947	1062	1127	1128	1132	1073	1088	1087	1116	999	1010	1083	1078	1058	1181	1238	1143	1141	1122	1127	1153
993	1057	1068	1053	929	910	923	949	1061	1133	1146	1147	1176	1161	1129	1113	989	1015	1076	1073	1067	1180	1254	1179	1147	1150	1144	1155
960	1058	1069	1079	966	906	918	945	1040	1117	1126	1130	1158	1132	1132	1075	946	1001	1078	1046	1019	1114	1269	1224	1209	1225	1234	1238
928	1008	1072	1080	1032	909	915	939	975	1051	1098	1126	1137	1122	1093	1003	911	988	1088	1056	984	1001	1200	1312	1313	1207	1208	1225
927	943	1053	1074	1073	950	908	934	953	981	1040	1098	1106	1070	1005	940	918	938	1009	1065	998	981	1098	1344	1376	1056	1035	1075
930	920	971	1069	1084	1020	910	920	944	950	968	1016	1017	976	936	923	926	924	914	973	1018	1051	1097	1401	1473	1151	1022	1236
929	925	923	976	1054	1069	971	907	923	940	937	937	936	941	938	931	923	928	979	1058	1043	977	1089	1504	1430	1398	1090	1522
929	924	927	927	943	986	1038	965	909	918	931	931	932	994	1038	1037	1006	977	1024	1033	992	956	1051	1389	1454	1457	1306	1433
921	927	921	930	920	931	995	1040	972	921	919	920	916	977	1081	1077	1050	992	1013	1053	1039	1039	1019	1145	1076	1158	1403	1156
922	927	922	924	925	921	922	965	1008	972	945	932	915	919	1044	1059	1039	1047	1051	1065	1067	1032	1004	1074	1045	1078	1450	1100
920	921	932	928	931	926	923	917	931	961	974	972	955	950	1031	1061	1067	1059	1068	1072	1073	1056	1037	1072	1058	1100	1378	1123
924	926	928	934	937	932	925	927	924	917	923	935	933	939	1002	1060	1058	1072	1065	1055	1069	1056	1048	1056	1032	1217	1259	1121
931	919	917	921	939	924	922	926	927	923	920	914	915	910	987	1062	1061	1061	1045	1053	1060	1058	1056	1061	1035	1229	1277	1096
951	930	922	928	924	928	928	923	927	924	921	915	914	922	955	1050	1072	1069	1072	1057	1064	1070	1051	1040	1034	1130	1254	1090
845	951	933	921	918	917	923	928	930	922	921	923	922	929	930	966	1051	1020	1037	1044	1005	1041	1058	967	1004	1013	1009	1007
576	790	938	943	920	916	917	919	923	930	930	925	924	923	923	925	964	1013	1020	999	925	974	1045	1020	1002	968	949	966
253	434	659	863	952	944	922	916	917	923	923	929	934	933	929	928	928	937	951	951	937	933	960	993	968	934	938	933
74	135	247	426	642	838	943	959	939	920	915	918	925	930	934	934	938	941	939	941	947	951	950	943	932	927	949	933
71	66	74	109	188	327	519	715	877	961	973	953	934	922	920	922	925	929	933	934	933	933	924	922	922	930	1055	1015
70	74	79	80	83	98	139	212	324	475	650	816	932	977	988	984	969	951	941	939	928	924	925	929	942	1046	971	1007
65	66	67	70	76	84	93	99	115	142	176	231	313	416	536	680	783	867	941	971	988	1011	1019	1021	1022	868	221	413
67	68	68	68	69	69	72	77	85	94	104	119	131	145	149	160	183	213	263	296	339	395	399	362	284	136	91	89
47	41	65	67	68	68	70	70	71	72	74	80	87	97	105	112	119	120	116	120	110	107	111	106	108	115	121	118
499	256	68	63	65	67	69	72	72	70	69	70	70	72	74	77	81	85	91	89	92	95	94	97	97	93	90	93
1038	1050	1078	1059	950	905	929	924	921	980	1109	1134	1129	1132	1133	1023	923	920	914	971	1052	1006	1093	1101	1079	1075	1045	996
1047	1033	1078	1040	924	909	925	924	941	1092	1147	1159	1161	1201	1143	1044	922	922	955	931	1261	1273	951	1073	1153	1196	1207	1175
1057	1048	1068	1025	913	911	919	924	967	1118	1135	1126	1149	1109	1115	1035	919	1000	1070	1071	1119	1019	1061	1206	1156	1114	1120	1125
1045	1064	1066	1021	918	908	914	925	977	1117	1141	1153	1192	1141	1125	1014	927	1055	1076	1084	1056	997	1236	1151	1113	1113	1107	1113
1005	1062	1068	1034	928	911	913	923	972	1098	1128	1145	1132	1137	1099	993	953	1076	1078	1077	1046	1036	1258	1101	1109	1116	1133	1127
981	1067	1064	1053	960	917	914	924	954	1048	1098	1116	1113	1097	1056	961	945	1076	1076	1056	1045	1033	1262	1101	1122	1150	1106	1145
952	1049	1068	1068	1011	914	911	922	940	988	1058	1094	1086	1055	999	930	939	1072	1081	1020	1006	993	1325	1237	1241	1161	1144	1137
920	980	1072	1069	1064	954	906	924	932	945	999	1038	1030	995	942	923	924	1015	1072	1043	967	948	1285	1373	1205	1054	1112	1048
919	926	1016	1074	1075	1030	916	918	933	929	939	957	954	932	918	924	924	920	974	1017	926	1023	1206	1324	1424	1106	989	1060
919	923	932	1003	1050	1069	981	909	923	924	924	938	938	920	917	918	918	912	927	982	1051	1184	1152	1312	1826	1546	1200	1552
917	921	918	919	953	996	1047	967	909	912	915	948	1021	1023	992	955	927	928	999	1133	1160	1097	1150	1318	1446	1300	1560	1571
921	917	924	919	913	914	969	1030	981	919	906	914	1009	1081	1071	1065	1015	961	1080	1137	975	926	1040	1144	1187	1041	1381	1184
924	917	921	920	918	918	914	957	1000	990	941	916	945	1053	1061	1060	1028	976	1098	1074	989	979	997	1087	1057	1068	1329	1016
926	922	916	918	916	919	912	911	924	945	955	949	949	1028	1048	1030	1046	1046	1055	1063	1065	1015	1017	1072	1047	1140	1323	1015
916	927	919	915	920	924	925	916	915	916	914	921	931	971	999	1035	1067	1069	1065	1063	1071	1040	1051	1067	1035	1227	1325	1037
915	917	927	926	922	932	938	923	921	916	915	914	913	914	991	1064	1067	1065	1065	1067	1067	1045	1060	1053	1023	1266	1281	1098
914	912	916	924	923	925	922	920	927	921	917	917	914	914	980	1066	1068	1065	1046	1057	1057	1030	1049	1041	1033	1193	1209	1045
913	913	911	911	918	922	921	913	916	922	921	918	921	920	933	1022	1046	1069	1050	1055	1064	1046	1041	1048	1040	1091	1073	1029
930	916	915	916	914	914	920	925	926	921	924	925	931	925	923	946	979	987	1032	1006	1002	1043	1019	951	1011	1016	982	1011
956	935	917	909	913	916	914	919	927	931	931	926	923	927	923	926	937	957	950	929	919	974	1008	977	1000	962	954	959
925	957	951	929	914	913	912	914	915	921	929	928	929	934	930	925	924	934	937	938	936	932	942	960	960	941	935	939
470	724	887	956	960	945	922	913	913	916	918	918	928	933	935	936	938	939	948	944	943	948	948	940	934	930	930	929
77	148	297	517	734	875	945	957	947	933	921	916	918	921	920	923	924	924	936	936	928	930	925	924	924	923	962	946
68	71	79	101	179	332	510	679	813	907	951	962	963	953	940	934	934	927	924	922	923	920	923	922	922	964	1086	1049
66	66	67	69	74	82	100	149	232	355	488	614	719	800	867	909	945	963	975	989	992	1000	1010	1015	1024	1055	773	876
67	66	67	68	65	66	69	75	81	88	102	130	172	225	286	344	395	441	470	500	510	521	514	492	468	410	248	280
42	46	66	68	70	69	70	70	68	68	72	76	82	87	93	107	119	130	141	143	144	147	148	141	141	140	159	144
497	236	65	65	66	66	68	71	71	69	67	67	65	69	70	75	76	80	83	85	85	88	88	85	82	83	84	83
1056	1038	1074	1047	968	907	926	930	925	935	991	1061	1093	1071	992	918	918	913	925	984	1063	938	991	1078	1099	1102	1065	1022
1067	1053	1074	1044	945	907	915	926	920	970	1063	1105	1124	1091	1001	924	914	973	1014	995	1060	1493	902	1093	1205	1220	1224	1217
1064	1060	1071	1034	939	912	912	922	925	981	1071	1105	1110	1083	988	910	961	1078	1079	1079	1091	1106	1091	1233	1206	1194	1180	1193
1044	1068	1073	1026	938	916	915	918	923	973	1052	1089	1086	1043	960	909	1021	1083	1075	1076	1067	1049	1249	1215	1188	1165	1136	1159
1010	1073	1074	1036	961	912	916	914	921	950	996	1041	1040	993	940	912	1042	1084	1077	1072	1044	1093	1285	1211	1174	1135	1108	1130
969	1072	1063	1046	1004	923	915	915	921	929	947	977	981	953	926	917	1034	1088	1073	1041	1043	1061	1294	1247	1224	1154	1125	1144
936	1023	1076	1061	1033	955	913	913	916	919	928	937	936	929	921	915	994	1084	1071	1003	1022	1042	1228	1360	1309	1217	1200	1198
924	945	1043	1072	1058	1015	918	930	923	924	917	915	915	916	921	922	923	987	1065	982	1016	1022	1032	1167	1163	1178	1161	1142
922	921	942	1009	1033	1061	970	912	910	934	962	936	915	913	918	923	917	914	948	937	985	1016	1032	1217	1153	1059	1036	1050
923	925	916	927	951	997	1026	952	913	916	989	1042	1017	975	930	909	908	909	954	1004	1006	1040	1072	1258	1605	1470	1062	1244
920	925	919	918	917	924	974	1010	964	928	963	1059	1073	1052	1024	990	958	965	1024	1019	1018	1027	1027	1221	1494	1610	1438	1523
918	920	923	919	924	916	913	943	977	959	952	1023	1073	1067	1055	1053	1038	1025	1023	1032	1042	1006	978	1061	1042	1344	1596	1454
918	920	924	921	922	924	917	908	920	948	949	983	1053	1061	1042	1023	1011	1017	1040	1043	1026	993	982	1047	1007	1168	1458	1278
920	916	923	921	922	923	922	921	937	919	917	919	968	1003	971	1047	1036	1054	1067	1060	1052	1014	1054	1063	1002	1134	1337	1154
926	925	920	921	921	926	926	938	935	921	917	915	913	951	962	1046	1036	1069	1052	1060	1069	1033	1075	1079	1012	1178	1200	1026
919	925	921	921	926	925	933	928	923	918	917	919	918	941	987	1072	1046	1052	1053	1054	1061	1024	1064	1041	1018	1217	1159	1000
917	916	926	927	923	923	926	925	928	926	919	920	933	935	957	1041	1073	1054	1051	1051	1058	1032	1058	1030	1021	1298	1301	1039
916	918	914	918	927	925	920	921	923	928	924	920	935	925	929	954	983	1057	1038	1058	1057	1025	1058	1045	1024	1110	1134	1026
915	915	917	917	922	931	934	929	926	933	928	924	925	920	922	939	934	955	986	975	1008	1022	1010	1011	1009	1006	957	1010
915	915	917	918	917	922	925	927	925	922	920	921	924	922	923	926	937	938	924	916	927	970	993	983	993	963	953	964
965	925	913	916	920	918	917	920	924	929	929	922	919	924	924	923	925	940	938	936	928	923	929	948	960	943	934	943
717	940	987	943	914	913	913	914	917	921	922	923	926	931	930	929	931	938	940	944	947	949	950	946	932	930	934	933
101	268	589	871	988	980	939	916	912	917	917	919	919	921	925	926	930	934	932	934	930	931	930	925	926	928	925	932
67	65	76	169	388	668	880	981	990	961	934	919	917	915	916	917	919	930	921	922	923	920	921	923	921	926	956	946
66	66	64	63	59	78	163	342	582	787	920	975	993	992	976	964	953	953	943	942	943	945	952	964	976	1017	1067	1053
67	67	66	68	64	63	61	56	65	113	208	338	468	600	709	786	830	877	905	919	923	929	920	907	886	849	745	743
36	47	67	66	66	67	70	66	64	60	58	58	64	75	104	139	169	208	245	281	294	294	289	270	251	229	206	185
487	208	55	62	64	66	68	69	70	68	67	64	66	68	68	69	73	79	82	82	87	95	100	100	104	106	104	105
1068	1050	1072	1038	968	911	920	933	931	933	936	928	934	924	916	924	940	957	977	997	1036	1002	936	1047	1101	1107	1058	1055
1074	1049	1055	1012	960	910	914	920	925	915	919	945	959	934	917	921	980	1056	1069	1040	981	1255	965	1084	1156	1165	1164	1169
1070	1048	1019	1002	966	912	916	916	925	919	922	944	952	924	909	945	1063	1084	1072	1083	1069	1048	1143	1189	1194	1173	1155	1170
1046	1067	1032	996	970	910	918	914	916	919	921	933	933	916	905	971	1084	1079	1072	1064	1058	1122	1220	1216	1165	1125	1091	1117
1000	1079	1043	1010	974	905	908	915	915	914	915	918	920	915	911	980	1084	1078	1079	1062	1052	1164	1267	1241	1160	1102	1067	1079
943	1039	1073	1043	992	926	898	910	913	915	913	913	913	916	912	955	1083	1079	1055	1038	1058	1138	1259	1277	1221	1134	1102	1118
925	954	1038	1052	1014	967	907	931	941	932	930	922	916	913	919	918	998	1075	1045	1024	1071	1070	1190	1302	1272	1242	1200	1208
933	931	945	978	999	995	943	933	985	996	978	960	952	937	931	929	918	976	979	973	1011	993	1058	1263	1346	1217	1178	1194
929	927	923	924	938	963	967	955	973	1031	1046	1033	979	962	943	940	945	937	931	955	1013	1008	1029	1334	1505	1150	1042	1063
924	924	924	922	920	916	930	947	967	1015	1057	1055	1032	999	986	941	916	920	944	978	979	963	1094	1481	1384	1243	1089	1130
921	923	923	920	925	917	913	919	944	983	1036	1053	1043	1027	1028	1032	995	984	981	950	945	908	1087	1512	1386	1373	1200	1298
923	922	924	927	930	921	912	912	915	933	961	1024	1049	1044	1016	1011	1028	1021	1019	990	1004	935	959	1258	1241	1181	1291	1307
922	920	923	929	925	923	919	915	920	925	919	934	982	991	964	1004	1033	1053	1035	1045	1015	974	1007	997	1006	1069	1377	1129
924	921	921	921	925	923	923	924	926	922	924	916	928	952	982	1055	1043	1063	1059	1048	1037	1013	1073	1016	995	1187	1408	1093
930	926	924	920	923	923	918	921	920	921	922	916	917	953	973	1048	1052	1066	1062	1063	1045	1022	1073	1032	1034	1305	1366	1125
928	926	924	925	925	923	920	921	924	923	919	914	921	948	969	1049	1045	1044	1053	1070	1038	1047	1053	1008	1067	1357	1322	1071
925	929	927	930	928	928	930	922	921	920	921	923	933	925	944	971	1045	1049	1055	1064	1047	1057	1048	1028	1042	1204	1178	1064
917	920	922	926	926	928	931	936	933	927	924	933	931	921	928	943	962	1031	1037	1049	1045	1068	1058	1018	1010	1058	1066	1041
919	917	918	922	929	931	932	930	932	937	937	933	928	928	925	932	943	944	955	978	1014	1047	1059	1025	995	1010	977	1027
914	915	916	919	922	928	932	928	923	925	927	922	928	932	929	925	937	943	932	918	930	967	1002	985	984	958	949	966
955	919	913	916	918	918	920	922	925	929	927	925	927	931	928	930	928	930	934	938	927	921	929	950	956	948	941	946
728	952	968	930	913	915	920	917	918	922	924	929	929	932	932	940	938	928	929	940	947	949	955	953	937	930	937	940
119	335	655	882	972	959	929	918	920	920	920	922	926	925	928	939	946	933	935	939	943	943	937	929	931	926	927	932
68	62	86	201	440	711	903	976	970	939	922	919	917	923	925	927	941	926	926	923	924	926	928	928	930	925	920	922
71	71	70	64	60	91	208	416	654	839	954	989	981	958	940	931	939	921	918	916	918	920	923	925	928	934	941	945
71	70	70	72	70	66	62	58	71	136	266	439	615	767	878	942	982	1011	1018	1021	1020	1017	1012	1018	1036	1055	1063	1048
41	50	71	69	71	71	72	69	67	63	55	50	60	95	150	213	281	376	440	556	599	630	634	638	615	565	494	434
481	209	60	64	64	67	69	68	70	71	71	68	69	63	61	60	61	62	68	67	76	79	85	94	84	86	84	86
1069	1035	1027	1000	982	909	913	934	979	971	967	924	925	929	937	935	993	1022	988	1005	1055	1259	937	1076	1109	1107	1061	1117
1072	1035	1013	970	980	908	916	916	922	930	923	920	917	924	921	984	1077	1077	1074	1054	1008	1013	935	1042	1168	1159	1158	1159
1070	1025	968	983	980	904	919	916	917	918	919	921	920	911	917	1043	1088	1075	1068	1083	1061	938	1064	1253	1205	1149	1129	1136
1022	1055	972	1040	1040	926	904	916	918	919	919	917	917	913	928	1064	1084	1076	1068	1064	1041	1022	1253	1288	1124	1123	1126	1136
950	1023	1014	1016	1092	1049	982	912	908	921	919	917	915	911	920	1057	1081	1082	1067	1067	1053	1098	1300	1234	1144	1135	1137	1132
925	943	986	978	1023	1145	1157	1105	978	905	909	916	915	915	909	998	1080	1068	1026	1070	1064	1079	1352	1270	1191	1195	1132	1123
925	919	929	947	958	1000	1141	1234	1208	1103	972	908	904	913	916	919	992	1027	1008	1057	1014	948	1292	1347	1273	1260	1125	1108
923	923	920	916	920	917	961	1150	1232	1205	1230	1124	961	909	912	911	910	922	937	950	967	970	1194	1333	1313	1050	1105	1140
919	919	922	921	918	913	913	953	1118	1212	1170	1205	1182	1047	947	942	950	946	925	944	1046	1105	1158	1301	1568	1294	992	1026
918	915	913	916	917	921	927	928	934	1034	1183	1169	1160	1197	1068	990	961	922	923	1024	1031	1021	1256	1553	1776	1541	1186	1149
918	919	918	918	915	921	922	917	917	916	975	1135	1177	1162	1238	1036	938	947	986	989	948	937	1128	1309	1318	1275	1559	1498
924	922	919	917	923	924	916	916	918	916	910	940	1078	1159	1181	1073	960	1013	1007	971	965	948	957	1033	998	1110	1545	1392
920	914	916	923	923	917	917	917	913	920	930	925	940	1065	1083	1080	1034	1030	999	1002	962	999	1009	1019	977	1120	1432	1239
917	916	918	921	918	921	919	919	922	927	926	926	945	998	988	1039	1053	1035	1036	1014	992	1011	1038	1034	963	1168	1352	1144
927	923	919	919	919	923	926	919	923	923	925	925	946	966	967	1039	1059	1060	1051	1038	1001	1003	1053	1024	968	1184	1259	1088
930	928	923	914	915	920	922	920	922	919	924	923	947	945	950	1027	1060	1055	1061	1049	1035	1062	1040	994	1001	1212	1205	1052
947	940	934	926	920	920	920	918	920	922	930	935	941	938	934	965	1014	1042	1051	1058	1062	1062	1039	1009	996	1222	1283	1026
936	945	939	940	939	934	935	930	930	929	932	938	926	932	938	936	977	1020	1050	1053	1069	1066	1059	1029	957	1055	1115	992
915	924	930	935	931	927	931	936	932	929	936	934	928	930	942	926	937	949	969	1008	1064	1073	1066	1014	998	1028	1003	1045
919	917	916	918	919	926	929	927	927	930	933	932	931	928	943	933	924	933	935	933	952	989	1017	1007	1001	954	955	977
950	918	913	916	920	920	918	924	931	932	931	929	927	927	932	940	928	928	933	939	940	937	948	956	943	941	953	948
746	951	964	927	915	915	913	919	919	921	925	929	935	928	929	937	933	931	935	939	953	962	955	950	944	943	940	937
111	328	665	903	974	951	923	915	916	917	918	924	926	930	931	938	940	942	942	947	959	958	952	946	940	935	933	933
65	59	85	215	472	747	924	978	965	939	923	916	919	924	927	931	935	934	935	938	942	943	940	937	935	935	929	934
68	66	64	58	60	98	231	451	685	856	952	984	975	956	938	928	928	922	924	927	934	935	936	938	935	933	929	930
69	69	67	70	65	63	56	50	70	146	283	463	647	801	903	950	986	1009	1005	1006	1000	986	974	981	988	992	998	1009
37	51	67	67	69	68	68	67	64	60	51	50	62	105	171	241	330	453	517	601	659	728	783	773	797	785	739	699
475	184	56	61	64	64	68	68	68	70	68	68	66	63	58	58	59	60	67	70	81	89	101	110	108	106	93	100
1032	1049	1101	1084	1012	920	919	925	942	956	945	929	933	931	930	987	1045	1059	1014	1003	1036	1011	1045	1109	1099	1098	1028	1024
1052	1129	1186	1175	1038	913	920	920	918	918	921	917	916	915	939	1067	1086	1079	1083	1076	971	907	959	1002	1113	1155	1139	1127
1012	1181	1278	1221	1189	1006	906	915	916	917	918	916	912	910	986	1086	1078	1082	1074	1086	998	915	903	1182	1262	1162	1131	1131
935	1039	1289	1336	1209	1233	1056	913	912	918	914	913	914	906	996	1090	1076	1079	1070	1076	1033	908	979	1343	1132	1111	1124	1127
918	916	992	1280	1331	1228	1283	1172	962	907	913	916	917	911	961	1081	1083	1070	1070	1077	1056	923	1108	1285	1111	1124	1140	1143
920	917	926	967	1157	1268	1234	1293	1276	1067	951	924	912	915	916	999	1067	1030	1065	1078	1038	945	1259	1330	1146	1174	1157	1144
935	930	934	941	970	1045	1171	1197	1215	1280	1203	1033	935	906	911	916	951	986	1015	992	953	952	1209	1299	1241	1229	1145	1137
920	918	926	926	949	986	1029	1092	1152	1163	1205	1252	1146	977	924	912	908	918	953	975	983	1003	1074	1178	1126	1148	1176	1196
916	918	921	926	935	967	1002	1031	1058	1119	1134	1104	1213	1241	1054	966	968	1022	1089	1052	1038	1120	1215	1363	1311	1083	1105	1130
917	920	919	919	916	924	955	1000	1029	1047	1101	1128	1074	1177	1268	1017	991	1064	1075	1028	974	1100	1439	1703	1931	1421	1038	1021
923	922	926	922	918	917	925	937	961	997	1023	1093	1151	1090	1244	1212	974	988	1004	986	945	1003	1299	1528	1608	1681	1281	1111
920	924	924	924	923	921	918	914	921	935	967	997	1109	1163	1176	1360	1087	953	991	999	966	983	1168	1275	1206	1633	1459	1332
919	920	921	920	919	920	917	918	916	920	932	935	969	1157	1204	1260	1142	966	999	1001	964	963	1043	1043	959	1174	1321	1313
919	920	921	920	917	918	918	921	920	923	923	920	930	1014	1216	1210	1115	1003	1025	1010	945	950	1023	1000	960	1004	1207	1198
925	923	920	918	918	922	919	917	921	920	925	925	947	935	1061	1165	1077	1046	1042	1008	968	1016	1062	976	939	1041	1179	1123
945	928	922	922	924	929	921	919	922	921	924	929	947	938	938	1067	1061	1059	1039	1023	1033	1067	1059	955	957	1142	1203	1125
983	971	943	933	933	930	935	931	929	930	928	936	938	944	928	977	1022	1034	1034	1066	1069	1060	1035	955	973	1136	1217	1036
939	948	953	946	937	935	937	938	935	935	943	939	928	935	937	933	997	1022	1041	1068	1069	1061	1054	1048	964	1053	1080	1002
923	925	931	931	935	939	942	937	930	933	939	939	929	928	938	935	944	979	1022	1063	1073	1061	1055	995	977	1058	1043	1043
919	916	919	921	921	927	934	937	942	937	930	945	930	924	931	936	931	928	946	973	996	1017	1024	1010	1012	970	957	985
942	916	915	915	915	916	917	925	929	933	932	937	934	927	931	934	931	926	927	935	940	947	956	957	933	932	935	931
816	966	962	924	914	916	919	922	920	924	929	931	936	931	930	928	929	931	931	936	946	944	946	933	938	938	936	934
143	371	690	920	975	951	926	915	915	917	922	925	926	931	932	936	936	939	936	938	947	954	950	942	940	938	938	941
63	58	88	241	510	778	943	982	960	938	923	914	922	925	931	937	935	938	949	949	952	950	943	939	943	942	941	940
68	67	64	58	59	109	260	489	717	888	972	990	971	951	934	928	923	924	928	933	937	938	936	935	934	937	941	943
68	70	71	69	68	64	55	51	80	171	327	515	702	842	929	973	1001	1010	1000	1002	998	984	971	985	980	974	981	990
34	53	67	68	70	69	70	68	64	57	48	50	70	122	206	296	407	530	621	673	696	752	814	772	793	825	771	753
465	168	57	62	65	67	68	68	69	71	69	68	66	65	57	52	53	56	67	72	83	95	112	110	120	126	110	120
1489	1287	1211	1310	1083	909	918	918	927	937	935	937	940	946	976	1063	1079	1071	1042	997	927	1025	1117	1106	1100	1107	1069	1038
1544	1383	1160	1203	1290	1038	927	918	918	915	916	917	918	920	1025	1087	1079	1079	1087	1030	935	1047	1090	1093	1111	1150	1150	1124
1254	1459	1249	1141	1203	1307	1047	933	922	924	923	916	916	921	1057	1066	1070	1078	1080	1055	938	980	1032	1207	1208	1198	1194	1200
954	1101	1184	1204	1187	1229	1335	1102	938	923	916	912	915	916	1050	1073	1064	1080	1078	1077	963	952	1174	1245	1121	1147	1128	1166
936	984	1030	1067	1149	1222	1250	1377	1208	994	958	926	910	910	978	1076	1068	1068	1076	1082	1002	1089	1329	1176	1124	1127	1047	1076
923	978	1012	1038	1042	1056	1144	1223	1346	1332	1126	1023	956	910	913	977	1018	1043	1055	1044	1005	1239	1384	1211	1195	1161	1077	1056
918	952	990	1037	1044	1030	1034	1096	1197	1243	1363	1254	1071	965	919	911	939	975	956	986	980	1263	1337	1316	1270	1217	1140	1118
919	922	959	1012	1028	1049	1051	1032	1047	1154	1165	1243	1327	1211	1047	976	922	915	986	1123	1156	1273	1259	1306	1305	1247	1220	1233
922	916	928	953	1012	1053	1064	1056	1038	1036	1130	1132	1139	1321	1317	1070	959	1013	1337	1301	1194	1148	1210	1367	1220	1125	1162	1166
922	923	916	918	944	1004	1047	1055	1055	1040	1029	1137	1099	1087	1320	1309	964	1168	1240	1112	1101	1079	1131	1378	1573	1103	1050	1057
918	917	919	913	912	929	962	995	1039	1057	1049	1049	1145	1087	1132	1353	1031	1032	1072	1081	1056	1099	1264	1556	1675	1478	985	1007
914	917	913	911	911	911	916	925	973	1025	1045	1041	1080	1158	1087	1224	1113	927	940	935	909	1073	1417	1471	1476	1420	1160	1231
914	914	912	912	913	912	910	913	921	942	977	1021	1037	1155	1112	1136	1158	959	965	941	919	1036	1173	1038	1032	1127	1325	1245
916	913	913	913	918	920	921	918	911	909	918	943	982	1089	1194	1110	1177	1025	997	985	931	989	1050	945	956	1023	1250	1099
917	910	909	911	911	917	917	909	908	911	916	916	914	974	1282	1151	1165	1033	1015	973	959	1017	1011	968	939	1034	1206	1078
924	921	916	914	913	914	908	907	910	914	925	929	925	905	1078	1219	1152	1040	1006	981	1009	1063	1007	960	930	1081	1206	1090
946	946	933	929	928	923	924	926	927	927	930	923	935	921	946	1134	1085	1020	1031	1058	1057	1060	983	958	972	1111	1210	1080
930	955	968	947	930	929	927	928	925	922	920	919	938	925	920	983	1016	1006	1061	1074	1067	1058	1029	1007	993	1072	1111	1012
917	921	941	954	951	937	931	925	925	924	926	928	936	930	930	920	959	1025	1063	1067	1061	1046	1048	1000	978	1050	1043	1006
915	916	919	914	919	928	931	930	932	928	930	938	934	928	934	934	920	935	968	1004	1008	1013	1013	978	995	963	945	987
935	913	917	915	915	919	923	922	927	935	933	933	933	935	934	941	942	933	931	933	934	945	954	958	936	929	931	931
855	971	957	924	914	916	915	916	920	927	931	935	939	939	937	932	936	938	932	929	939	940	931	932	932	938	935	933
180	437	729	921	970	947	921	915	916	918	919	923	930	937	941	938	939	939	937	935	948	948	944	938	935	934	933	932
63	58	101	258	524	796	949	982	958	934	920	919	926	928	932	939	940	942	945	942	943	944	941	940	937	939	939	939
70	68	67	60	62	121	285	522	751	912	982	986	969	948	933	930	925	926	924	933	930	931	930	931	929	936	935	937
70	71	71	70	68	66	56	56	91	195	366	560	748	875	951	992	1011	1008	1004	995	982	969	958	965	969	964	964	972
40	53	69	70	73	72	72	72	67	59	46	49	79	148	240	340	463	578	672	739	778	828	866	830	831	890	856	849
459	178	59	63	65	66	66	67	71	70	73	68	64	58	49	50	54	57	69	83	102	123	145	138	136	160	151	158
1351	1208	1150	1169	1265	1009	933	920	931	944	942	936	939	966	1049	1085	1082	1076	1041	963	998	1107	1079	1062	1101	1105	1103	1096
1193	1269	1254	1140	1226	1230	981	917	921	921	917	921	918	962	1068	1073	1076	1076	1077	978	1037	1124	1086	1022	1102	1111	1107	1100
1055	1085	1213	1284	1185	1268	1222	985	930	926	930	932	917	974	1073	1041	1073	1074	1079	1002	1062	1106	1123	1169	1189	1163	1153	1140
1023	1007	996	1117	1261	1233	1287	1260	1031	977	992	969	930	941	1063	1071	1075	1080	1083	1050	1025	1103	1246	1255	1163	1136	1145	1175
1027	1043	1044	1014	1022	1139	1255	1310	1269	1092	1058	1037	975	923	980	1054	1061	1078	1081	1032	977	1107	1330	1249	1151	1139	1102	1128
1011	1053	1039	1055	1066	1036	1064	1215	1313	1273	1168	1082	1053	996	945	964	1014	1014	1006	1009	967	1166	1359	1249	1169	1156	1149	1147
967	1036	1041	1061	1063	1064	1051	1041	1175	1230	1242	1280	1160	1070	1025	989	971	957	966	994	1014	1388	1316	1254	1183	1180	1180	1176
924	977	1048	1058	1061	1064	1069	1055	1027	1108	1189	1160	1298	1326	1250	1153	1032	965	962	1129	1424	1367	1239	1188	1201	1190	1159	1159
913	915	986	1034	1059	1057	1062	1063	1053	1030	1103	1190	1113	1233	1370	1320	1190	1053	1088	1181	1140	1093	1189	1190	1165	1161	1086	1092
908	907	909	969	1033	1057	1058	1068	1062	1056	1042	1123	1191	1129	1228	1284	1191	1109	1150	1059	1047	1129	1196	1332	1160	1043	1120	1118
914	913	912	909	948	995	1032	1055	1068	1062	1056	1030	1191	1136	1132	1279	1119	1072	1147	1109	1049	1322	1541	1697	1630	1137	1031	1044
914	915	913	912	912	917	936	989	1038	1064	1060	1044	1105	1213	1114	1211	1108	1000	1145	1108	1013	1241	1616	1662	1702	1397	1016	1036
915	919	919	917	916	914	912	918	947	993	1048	1062	1047	1213	1138	1157	1178	1001	1049	1035	973	1274	1623	1473	1527	1535	1260	1272
911	912	912	912	912	918	917	923	925	928	951	1003	1042	1161	1165	1107	1160	1071	966	952	962	1189	1519	1370	1072	1192	1264	1271
907	910	908	910	914	913	920	936	947	943	932	949	948	1145	1239	1086	1143	1068	975	950	955	1023	1134	1100	937	1028	1115	1100
926	913	908	912	911	916	922	931	953	978	990	978	942	999	1206	1093	1152	1093	997	942	966	1011	1005	1000	925	1046	1111	1057
927	927	919	917	919	919	921	924	937	963	983	988	995	965	1097	1166	1191	1073	994	987	1023	1029	982	947	935	1082	1195	1022
923	923	922	919	919	918	921	927	928	943	951	941	963	960	1016	1247	1177	1013	1042	1054	1066	1028	999	988	1003	1083	1138	1039
916	924	922	920	920	920	922	922	922	927	929	931	938	936	943	1158	1173	1039	1062	1057	1044	1037	1045	1032	1020	1046	1065	1022
919	916	913	913	916	920	918	921	923	919	925	937	939	935	933	963	993	974	1003	1009	1014	1030	1010	975	992	983	964	1011
930	909	911	912	914	917	922	922	926	930	932	932	932	934	938	941	952	942	932	927	939	954	968	970	947	933	926	943
862	976	950	918	912	913	915	916	918	924	932	936	936	939	935	940	949	950	941	939	929	929	929	930	932	938	935	938
182	475	787	944	971	943	915	911	919	919	922	930	936	941	945	946	949	952	949	944	937	940	940	943	940	933	935	947
56	51	118	307	565	818	961	978	949	929	922	924	930	928	940	936	936	941	937	939	942	943	939	940	938	938	940	940
66	68	62	49	59	134	325	577	797	936	995	986	966	943	930	925	925	925	929	931	929	927	928	927	932	929	932	934
66	68	67	68	68	62	52	57	108	234	417	621	798	915	979	1012	1010	1004	982	972	954	942	936	939	943	941	945	945
37	55	70	71	70	71	72	71	65	54	47	60	99	182	293	411	544	669	769	846	900	930	949	945	924	959	945	937
441	153	58	61	66	67	65	68	68	68	67	63	59	56	45	46	49	61	86	113	156	195	228	225	213	240	228	235
