26	25	26	25	26	25	25	25	25	25	24	25	23	23	24	23	23	24	23	23	23	23	23	23	23	23	23	23
26	26	26	26	26	26	26	25	25	25	24	23	23	24	24	23	24	24	23	23	23	23	23	23	23	23	23	24
27	27	26	26	26	25	26	25	26	25	24	24	23	24	23	24	22	23	23	23	23	23	23	23	22	23	23	23
27	27	27	27	26	26	26	26	25	24	24	24	24	24	23	23	23	23	23	23	23	23	23	23	23	23	23	23
27	28	27	27	26	26	26	25	24	24	24	24	24	23	22	23	23	23	23	23	23	23	22	23	24	23	23	23
28	29	28	27	27	27	25	24	25	24	24	24	23	23	23	23	23	23	23	23	23	23	23	24	23	23	23	23
29	29	29	29	27	26	25	24	24	24	23	23	23	23	23	24	23	23	23	23	23	23	23	22	23	24	23	23
30	30	30	29	27	26	25	25	23	23	23	23	23	24	23	24	23	23	23	23	23	23	23	23	23	23	23	23
22	21	21	22	27	26	25	24	24	23	24	23	24	24	23	24	24	23	23	23	23	22	23	23	23	23	23	23
133	168	159	92	31	21	26	25	24	24	24	24	24	24	24	24	23	24	23	23	24	23	23	23	24	23	24	23
426	452	434	368	241	64	21	25	24	25	25	24	24	24	24	23	23	23	24	23	23	24	23	23	24	23	25	24
552	562	549	484	417	256	43	23	25	25	25	24	24	24	24	24	24	23	23	23	23	23	23	23	24	24	24	24
696	701	680	580	455	348	115	21	26	26	25	25	25	25	24	25	24	24	23	24	23	24	24	25	24	24	24	24
799	818	815	776	653	492	246	29	22	27	26	25	25	25	25	24	24	24	24	24	24	24	25	25	25	25	25	24
901	894	927	903	839	736	573	279	42	22	27	25	25	25	25	25	26	25	25	25	25	25	24	24	26	26	26	26
968	952	975	981	935	858	764	607	324	62	26	35	31	28	28	26	25	26	27	27	26	26	26	26	27	27	27	28
1012	1000	1002	1024	1010	954	879	772	620	364	88	37	49	47	46	37	35	32	30	29	28	29	30	30	30	31	29	28
1027	1006	1009	1022	1032	1007	958	909	791	612	338	65	37	49	50	43	34	30	26	23	21	21	31	43	40	36	38	43
989	1008	1011	995	990	988	961	965	949	831	614	264	38	42	37	36	24	18	19	27	39	45	37	39	28	34	65	71
1040	1115	1107	1094	1021	966	967	987	990	967	836	566	165	32	22	29	42	52	97	156	225	281	304	279	151	53	45	73
1164	1131	1050	1140	1166	1049	997	1030	1039	1022	977	799	387	73	36	48	106	173	265	387	513	642	745	777	728	605	404	332
1113	1044	1026	1029	1154	1124	1046	1039	1063	1070	1045	1011	739	175	85	98	195	332	464	624	814	934	959	962	967	967	949	941
1068	1040	1036	1041	1058	1120	1070	1043	1081	1092	1093	1068	1019	580	159	213	306	482	655	863	983	998	1018	1037	1047	1041	975	991
984	833	677	833	1006	1089	1081	1037	1066	1086	1095	1095	1065	985	458	299	414	593	816	971	988	1021	1059	1076	1077	1078	1068	1062
680	563	588	704	712	911	1145	1069	1081	1051	1063	1078	1074	1040	919	438	481	679	908	974	997	1042	1076	1078	1076	1063	1064	1073
1069	1017	993	1061	1052	1072	1121	1058	1040	970	972	996	999	1005	1023	816	546	749	941	969	1006	1056	1083	1083	1079	1058	1048	1065
1124	1182	1195	1196	1147	1075	1049	1046	946	919	913	916	895	912	939	1002	693	785	942	955	998	1056	1076	1078	1078	1066	1062	1062
1318	1326	1286	1335	1303	1118	1061	1019	973	934	911	904	896	889	933	970	858	817	939	937	999	1059	1066	1068	1065	1063	1059	1057
26	26	26	25	26	26	26	26	25	26	25	25	25	25	26	24	25	25	24	25	25	24	24	24	24	24	23	25
26	26	26	26	26	26	26	26	26	26	25	25	25	25	25	25	25	24	25	25	25	24	24	24	24	25	24	24
27	26	26	27	26	26	26	26	26	26	26	26	25	25	25	26	24	25	25	25	25	24	24	24	25	25	23	24
27	27	26	27	26	26	27	27	26	26	26	25	26	26	26	25	25	25	25	25	25	25	24	25	25	25	23	24
28	27	26	26	26	27	27	27	27	26	26	26	26	26	26	25	25	25	25	25	25	25	25	25	25	24	24	24
28	27	27	26	27	27	27	27	26	26	25	27	26	26	25	26	26	25	25	25	25	25	25	25	25	25	24	25
27	28	27	26	27	27	27	27	26	26	26	26	26	26	26	26	26	26	25	25	26	25	25	25	25	25	25	25
27	28	27	27	27	27	27	28	27	27	26	27	27	27	26	25	27	27	25	26	25	25	25	25	25	25	25	26
29	29	29	29	27	28	28	28	28	27	27	27	27	27	27	27	26	27	25	25	26	26	25	26	26	26	26	25
17	14	14	21	28	29	28	27	28	28	28	28	27	28	27	27	26	26	26	26	26	26	26	26	26	26	26	26
0	0	0	0	5	21	27	26	27	27	26	27	27	28	27	27	26	27	27	27	27	27	26	26	27	27	27	26
0	0	0	0	0	3	25	29	29	28	27	26	26	26	27	28	27	28	27	27	28	27	28	27	28	28	27	26
0	0	0	0	0	0	19	29	29	29	28	27	27	26	25	26	27	28	28	29	28	28	28	28	28	28	28	28
37	49	46	28	9	0	8	35	37	35	33	29	28	27	28	26	26	28	29	29	29	29	30	30	30	28	28	26
114	129	119	96	64	29	6	17	44	48	45	44	40	39	37	34	30	29	29	30	30	30	30	30	30	28	27	26
203	219	214	189	141	92	47	20	20	50	68	77	71	57	53	49	43	28	20	22	27	32	31	27	27	26	26	25
309	341	343	322	282	205	119	53	26	22	52	59	49	49	34	18	25	42	35	22	15	16	31	45	37	25	26	24
457	489	497	476	436	375	274	145	47	13	12	53	56	28	51	61	95	140	185	221	219	170	82	24	34	24	25	24
826	801	776	758	759	750	680	512	262	76	32	50	131	137	172	259	333	423	511	588	636	639	563	362	101	0	12	27
992	1001	1042	1007	985	993	1011	1008	915	620	243	130	207	324	364	500	614	714	803	868	911	932	938	904	760	429	120	31
1052	1061	1082	1087	1057	1051	1057	1068	1064	1058	901	462	319	482	563	699	810	891	947	983	1004	1015	1019	1015	987	959	811	508
1103	1206	1147	1172	1184	1078	1069	1084	1091	1075	1058	976	607	606	750	865	953	1006	1037	1051	1053	1053	1059	1066	1045	959	944	954
1151	1105	690	749	1154	1117	1095	1094	1087	1087	1053	1030	974	760	866	963	1030	1069	1089	1089	1085	1086	1084	1079	1074	998	945	985
1161	821	390	413	893	1151	1112	1107	1068	1070	1078	1040	1022	988	935	1011	1059	1083	1085	1084	1088	1089	1083	1078	1061	1020	1036	1036
1140	714	273	283	794	1164	1118	1090	1077	1032	1054	1086	1064	1037	1025	1039	1063	1076	1073	1080	1081	1072	1066	1061	1039	1048	1057	1049
1131	901	615	631	938	1131	1117	1043	1001	948	970	1054	1088	1107	1033	1043	1061	1056	1049	1061	1064	1054	1035	1051	1059	1059	1057	1050
1056	1035	975	998	1052	1041	1075	1010	932	946	925	971	1121	1188	1130	1012	1051	1043	1036	1039	1032	1025	1047	1068	1066	1058	1049	1045
1066	1125	1162	1166	1089	1015	1031	993	1016	1022	962	908	1023	1200	1222	1042	1009	1027	1024	1031	1016	1012	1049	1055	1063	1098	1125	1122
26	26	26	26	26	26	27	25	26	25	25	25	25	24	24	24	25	24	24	24	25	24	24	24	24	24	24	24
26	26	26	27	26	26	26	26	26	25	25	25	25	25	24	25	25	24	24	24	25	24	24	24	24	23	25	24
25	26	26	26	26	26	26	26	26	26	25	25	25	24	24	25	25	24	25	24	25	24	24	24	24	24	23	24
26	26	26	26	26	26	26	25	25	26	25	24	26	24	25	24	25	25	24	25	24	25	24	24	24	24	23	24
27	26	26	27	26	26	26	26	26	25	26	25	26	25	25	25	26	24	25	25	25	25	24	24	24	23	24	24
27	26	26	26	26	25	26	26	26	26	26	26	26	26	25	25	26	25	25	24	25	24	25	24	24	24	25	25
27	27	26	26	27	26	26	26	26	27	26	26	26	26	26	25	26	26	25	25	25	24	24	25	24	25	25	25
27	27	26	26	27	26	27	26	26	27	26	27	26	26	26	25	26	26	24	26	24	24	25	25	25	26	24	26
26	27	27	27	27	28	27	26	27	27	27	28	27	26	26	27	26	26	25	25	25	25	25	25	26	25	25	26
26	28	29	28	27	25	24	29	30	27	25	26	28	27	28	27	26	25	26	25	26	25	25	25	26	25	26	25
37	31	29	32	35	51	48	44	47	49	46	36	28	24	27	27	26	27	27	26	26	25	26	26	26	26	26	26
68	70	41	32	37	43	45	41	39	38	44	51	56	46	31	24	25	28	27	28	26	27	27	26	27	26	26	25
66	50	49	36	41	41	47	52	50	44	42	40	41	51	63	53	34	26	27	28	28	27	27	28	27	25	25	25
41	43	32	28	40	56	53	62	67	64	47	37	34	29	29	41	56	50	28	27	26	25	24	26	25	24	24	22
22	37	51	44	33	47	63	64	57	49	45	30	16	16	18	18	17	35	40	29	30	32	28	21	17	19	19	18
0	0	17	40	38	24	31	46	55	54	36	35	48	64	95	125	151	154	145	111	65	83	125	62	28	18	19	19
1	0	0	0	9	26	38	70	98	130	168	194	225	284	341	407	470	522	547	536	468	314	108	5	47	22	19	19
230	111	54	38	40	75	128	206	296	350	395	464	534	594	666	736	799	847	877	890	888	849	699	345	50	1	17	21
869	795	725	719	720	674	578	508	533	624	686	728	792	849	906	940	964	977	987	992	990	974	956	921	650	270	53	3
1027	977	947	951	987	1029	1008	951	883	837	849	896	944	979	1011	1030	1036	1037	1038	1043	1049	1049	1022	952	950	915	686	264
1049	995	947	967	1039	1055	1071	1051	1013	996	982	998	1035	1050	1056	1056	1058	1061	1068	1075	1078	1078	1083	1063	965	928	951	888
1082	1052	1025	1008	1044	1025	1039	1070	1084	1096	1073	1035	1073	1102	1099	1089	1079	1071	1066	1072	1078	1079	1074	1076	1059	937	914	925
1102	1075	1011	1003	1077	1079	1086	1078	1111	1156	1219	1144	1031	1072	1079	1083	1084	1078	1064	1043	1045	1070	1079	1079	1050	938	912	914
1104	996	677	707	1022	1091	1094	1108	1135	1267	1298	1342	1198	1034	1033	1051	1063	1070	1068	1034	1007	999	1041	1052	987	930	934	937
1134	781	251	289	823	1117	1104	1102	1062	1073	1331	1364	1379	1178	1028	1017	1030	1038	1068	1043	1005	943	955	956	943	968	981	972
1143	617	23	90	750	1132	1097	1063	1070	1015	1040	1329	1362	1321	1103	1017	1030	1040	1034	1032	1004	934	931	960	1004	1021	987	967
1121	554	69	137	844	1104	1046	1001	988	985	982	1056	1275	1268	1193	1033	1024	1047	1035	1032	980	960	1006	1028	1021	988	985	1048
1044	639	297	372	925	1027	1057	998	965	966	960	934	1101	1234	1221	1107	1008	1033	1045	1034	983	986	1005	997	980	1001	1036	1095
25	25	26	24	25	24	25	24	24	24	24	24	23	23	23	23	24	23	23	24	24	24	24	23	24	24	24	24
25	25	25	25	25	24	24	25	24	24	24	24	23	24	23	24	23	23	23	24	24	24	24	24	24	24	24	24
25	24	25	25	25	24	24	25	24	24	24	24	24	24	23	23	23	22	24	24	24	24	24	24	24	25	23	25
25	24	25	25	24	24	24	24	25	25	25	24	24	23	23	24	23	24	23	25	24	24	24	24	25	25	24	25
26	25	25	24	24	24	24	24	25	25	24	24	24	23	23	24	24	24	23	24	24	25	24	25	25	25	25	25
25	26	24	25	25	25	24	24	25	25	25	24	24	24	23	24	24	24	23	25	25	24	24	25	25	24	26	25
26	26	26	26	26	25	24	25	25	24	24	24	24	24	25	23	25	24	24	25	25	24	25	26	25	26	26	25
26	26	26	27	26	27	26	26	24	25	24	24	24	25	24	24	25	26	25	25	25	25	26	26	26	25	26	25
32	36	35	29	27	24	23	24	25	23	23	23	23	24	24	26	26	26	25	25	25	26	25	27	26	25	25	25
33	39	43	48	42	60	80	71	62	53	38	26	22	22	24	26	27	26	26	25	26	27	25	26	25	25	25	23
78	75	51	42	51	121	140	83	68	76	81	74	55	35	26	24	25	27	27	26	26	27	25	26	25	24	23	23
67	81	116	102	62	50	47	38	31	27	30	39	54	59	47	32	24	21	25	26	25	25	24	25	24	23	23	23
49	50	53	80	96	63	34	20	6	0	2	6	12	27	44	47	36	16	8	17	22	20	18	22	22	22	22	20
12	26	33	25	22	38	45	21	15	26	49	85	125	155	170	173	160	125	56	10	13	32	34	22	17	20	20	19
6	8	14	22	21	17	40	78	102	151	220	302	378	446	492	519	513	480	405	263	96	26	66	83	38	17	20	20
233	148	113	105	124	166	221	288	371	443	519	610	689	755	800	833	849	849	835	782	628	325	56	40	58	30	21	22
682	538	430	407	468	573	655	715	768	811	849	890	921	942	961	971	976	969	955	946	950	908	621	121	10	36	23	22
935	851	793	775	798	848	917	979	1015	1031	1046	1049	1047	1040	1029	1025	1028	1031	1024	998	949	925	966	838	316	9	1	25
1045	1024	1003	996	1003	1001	1031	1074	1092	1094	1099	1106	1101	1087	1076	1067	1067	1075	1078	1080	1074	1012	924	938	950	675	229	0
1162	1141	1070	1065	1106	1128	1119	1119	1128	1147	1169	1134	1114	1107	1083	1064	1055	1060	1073	1081	1083	1088	1056	949	921	963	942	553
1172	1095	1042	1042	1085	1106	1160	1195	1272	1214	1150	1201	1123	1095	1106	1082	1044	1023	1033	1042	1065	1079	1081	1067	966	920	922	967
1240	1130	1060	1059	1090	1145	1193	1269	1327	1347	1194	1181	1209	1053	1072	1104	1078	1035	1014	1005	1032	1057	1073	1075	983	919	921	913
1155	1062	1019	1002	1039	1106	1274	1328	1229	1234	1272	1224	1182	1025	981	1081	1093	1071	1048	1028	1030	998	1006	1007	937	928	938	930
1041	1031	1038	1016	1026	1053	1133	1173	1188	1104	1043	1172	1097	943	907	1019	1084	1076	1064	1062	1057	971	915	932	925	932	931	932
1030	1040	976	1010	1054	1048	1054	976	882	791	760	878	893	878	872	961	1057	1057	1049	1055	1059	956	905	919	917	920	934	939
1065	1002	813	863	1008	1007	990	821	660	563	506	616	738	750	815	927	1052	1047	1028	1021	1004	939	915	919	922	927	927	917
1053	773	525	706	989	995	807	574	413	341	336	424	562	591	677	811	1021	1068	1041	1011	987	993	974	946	928	917	931	960
965	353	117	466	995	1022	751	425	287	230	224	282	441	475	561	671	925	1046	1033	1010	996	984	968	943	931	928	954	1047
21	22	22	22	23	22	22	22	22	22	23	23	23	23	23	23	24	24	23	24	24	24	24	24	24	25	24	24
23	22	22	23	23	23	22	22	22	22	22	22	22	23	22	23	23	24	23	24	23	24	24	25	24	24	24	23
22	23	23	23	23	23	22	22	22	22	22	23	23	23	23	23	23	24	24	24	24	24	24	25	25	24	24	25
22	23	23	23	24	24	23	23	22	22	22	22	22	22	23	23	24	24	24	24	24	25	24	24	25	25	25	25
23	23	23	24	25	24	24	23	22	22	22	22	22	22	23	23	24	24	25	24	25	25	25	24	25	25	25	25
25	25	24	25	25	25	24	23	23	22	21	21	22	22	23	23	25	24	25	25	25	25	24	25	26	25	25	25
25	24	25	26	26	25	25	24	23	22	22	22	22	22	23	23	24	25	25	26	25	25	25	26	26	25	25	23
45	36	27	24	24	24	23	23	23	21	19	20	21	22	24	23	24	26	26	26	25	26	26	25	26	24	24	23
47	50	55	49	43	39	57	81	66	50	42	32	24	20	20	23	24	26	26	26	25	26	24	24	24	24	24	22
53	42	35	43	45	49	70	66	46	44	43	39	31	20	11	11	16	21	24	25	22	24	23	23	23	23	23	22
135	122	69	28	22	10	6	3	2	3	12	29	45	50	41	19	2	2	8	19	20	20	22	22	23	23	22	22
40	58	101	75	23	12	24	52	92	140	184	220	241	244	224	183	117	50	5	0	15	20	18	20	22	22	22	22
156	131	121	137	155	164	206	271	344	421	492	547	587	599	586	549	472	354	202	65	11	31	43	24	20	23	21	22
376	335	332	323	325	370	437	519	609	694	771	826	862	873	875	868	847	789	666	455	185	32	49	88	38	21	23	22
630	576	562	557	563	616	688	769	849	915	963	989	993	990	980	966	951	943	940	900	722	332	18	46	113	29	24	24
939	895	871	865	871	906	962	1012	1051	1070	1070	1065	1060	1046	1031	1017	997	961	927	932	955	890	476	20	31	52	22	24
1075	1074	1059	1044	1052	1055	1063	1094	1113	1124	1117	1104	1080	1079	1076	1068	1064	1059	1017	939	905	930	956	560	18	42	24	24
1169	1165	1158	1144	1151	1163	1129	1089	1079	1064	1070	1066	1034	1029	1064	1068	1066	1073	1082	1072	993	915	916	966	593	48	6	27
1226	1244	1251	1234	1228	1210	1197	1158	1115	1027	940	873	895	939	978	1034	1044	1042	1040	1062	1083	1031	930	914	966	696	124	2
1118	1134	1159	1147	1121	1120	1111	1112	1110	1038	939	766	672	777	890	961	1043	1042	1028	1028	1066	1079	1030	932	921	964	811	264
1055	1052	1052	1047	1050	1061	1018	988	1003	865	792	813	570	556	736	865	1013	1078	1060	1036	1050	1057	1073	995	924	916	946	884
1006	1007	1012	984	1013	1023	903	814	832	728	597	638	553	443	536	725	895	1056	1086	1077	1063	1041	1036	986	925	921	918	939
967	983	972	938	948	949	778	639	585	474	403	460	480	362	377	563	754	958	1058	1073	1069	1043	940	916	919	932	938	935
1006	1027	1017	996	975	971	699	411	339	264	230	288	276	243	268	421	614	821	1004	1030	1014	968	902	910	922	926	918	924
1006	1040	1036	990	975	986	674	238	179	152	193	158	151	155	178	293	491	681	929	1013	956	927	918	921	921	925	922	934
1026	1084	1074	990	957	957	583	132	128	124	112	112	117	107	124	197	377	551	818	1012	957	945	923	912	919	918	933	929
1011	1085	1067	1039	1043	963	472	110	130	156	109	113	121	111	115	150	269	432	692	999	1000	963	936	924	918	915	935	971
968	949	917	1016	1027	980	549	152	148	137	198	177	114	108	112	129	185	334	549	932	1024	920	928	930	918	927	972	1064
32	26	23	22	22	22	22	22	22	21	21	21	21	22	21	23	23	23	23	22	23	23	24	24	23	24	24	23
31	25	24	24	23	22	23	22	22	21	20	21	20	21	21	22	23	23	23	23	23	24	23	24	23	24	24	23
26	25	24	25	24	22	22	23	22	22	20	21	20	21	21	22	22	23	23	23	23	24	24	24	24	24	24	24
29	30	29	27	23	22	22	23	23	22	21	21	20	20	21	21	22	23	23	23	24	24	23	25	24	24	25	25
38	33	30	28	22	22	24	23	23	22	22	21	21	20	20	20	21	23	23	24	24	24	24	24	24	25	25	24
34	32	32	25	22	23	24	24	23	22	22	21	22	21	20	20	21	22	23	24	25	25	24	24	25	24	23	24
35	34	29	23	21	21	22	20	18	17	19	19	21	22	22	21	21	22	23	24	24	24	23	24	24	23	24	24
43	44	40	38	37	39	40	61	79	59	40	30	21	17	17	17	17	20	22	22	23	24	22	23	24	23	23	24
33	38	45	47	47	47	46	57	50	36	37	44	46	34	17	4	0	1	13	19	20	23	21	22	23	23	23	23
18	16	13	11	7	2	3	21	69	132	196	239	258	247	204	138	66	11	0	0	14	19	22	22	22	22	22	22
119	77	63	72	87	136	215	316	430	531	603	644	655	640	597	515	397	258	110	12	2	19	19	21	22	22	23	22
545	501	499	508	533	586	661	752	829	876	905	920	921	914	896	864	800	682	502	267	74	23	43	26	22	24	23	23
874	851	847	841	845	880	939	983	1008	1022	1025	1020	1008	990	966	946	947	936	879	719	424	117	31	72	27	24	24	23
1017	991	963	989	1013	1026	1059	1078	1090	1094	1099	1093	1078	1059	1033	977	932	923	940	948	855	527	109	28	92	21	24	24
1183	1187	1179	1203	1201	1127	1103	1097	1075	1046	1024	1045	1105	1124	1100	1081	1022	946	905	915	943	918	572	71	70	79	20	23
1243	1245	1286	1269	1284	1127	1051	1005	925	800	708	694	804	959	1058	1097	1098	1061	987	919	905	928	934	505	12	55	28	23
1079	1158	1226	1255	1174	987	851	781	708	581	484	441	447	561	769	973	1066	1067	1066	1025	936	908	923	915	300	6	41	24
726	897	1058	1073	892	755	623	541	500	382	305	273	268	303	453	718	963	1030	1040	1061	1045	933	913	936	801	88	34	26
463	617	933	897	639	505	426	387	346	260	193	137	139	188	246	443	792	989	1021	1047	1062	1028	926	914	962	563	15	30
412	793	930	914	607	359	269	246	242	178	146	90	82	106	143	234	540	891	1013	1073	1059	1066	983	920	925	945	356	24
698	937	927	939	767	291	194	147	145	152	98	80	96	95	116	130	303	694	952	1053	1077	1060	1038	932	922	934	859	290
923	910	952	935	910	393	105	90	80	124	102	120	98	115	94	90	167	464	844	1003	1081	1075	1004	936	926	915	938	787
969	964	966	923	937	646	81	102	95	140	174	104	110	107	128	113	122	279	668	911	1026	997	951	922	925	921	915	924
1061	1066	1046	944	915	870	223	72	123	163	169	135	132	117	117	115	113	160	474	815	966	934	904	914	924	922	920	915
1081	1080	1079	1035	936	939	479	72	134	167	207	222	137	125	120	120	129	121	300	699	951	983	941	922	922	927	922	916
1076	1076	1072	1069	1015	952	703	133	121	171	266	227	129	132	144	160	129	111	192	551	918	1023	958	918	917	929	925	918
1075	1073	1071	1067	1049	999	839	203	111	139	275	191	151	165	180	158	123	116	136	389	857	1034	946	915	909	913	937	955
1061	1076	1076	1064	1056	1039	969	314	116	209	252	187	174	171	138	143	157	143	107	267	763	1053	955	916	906	913	948	1056
55	53	49	44	34	25	24	25	25	24	24	23	21	21	20	20	20	21	22	22	23	23	22	23	23	23	23	23
33	29	28	32	38	33	26	24	25	24	24	24	22	22	20	20	20	20	21	22	22	23	23	23	23	23	24	24
31	31	31	32	37	35	27	25	25	24	24	24	23	22	21	19	20	19	19	22	23	23	23	23	24	24	24	24
33	33	32	32	40	34	27	25	25	25	24	25	25	23	21	20	19	18	19	22	23	23	23	24	24	23	23	24
31	29	29	37	40	30	26	26	26	26	25	25	26	24	22	21	20	19	19	21	23	23	24	23	23	23	23	24
27	27	34	41	37	29	25	25	24	24	25	26	26	26	24	23	21	20	18	20	22	21	22	22	22	22	22	23
29	31	37	40	38	34	33	36	43	46	36	28	26	25	23	22	21	19	17	17	18	20	21	21	21	22	22	24
32	33	38	44	51	57	57	48	72	89	89	107	120	111	83	43	14	8	13	14	16	18	19	21	21	23	22	24
13	20	21	17	11	4	18	84	206	349	469	539	571	561	505	406	275	134	37	8	12	15	19	21	21	23	23	24
165	116	110	127	168	272	442	622	762	848	894	917	924	911	887	834	742	598	384	156	34	16	17	23	22	23	23	23
752	705	712	738	775	841	912	962	989	1004	1004	991	971	956	951	950	944	911	814	602	289	74	33	21	23	23	23	23
997	966	951	954	976	1028	1059	1065	1068	1063	1059	1055	1045	1018	974	940	931	937	947	909	728	356	88	60	20	22	22	21
1104	1064	1024	1052	1107	1190	1143	1113	1097	1090	1083	1078	1076	1071	1066	1021	961	918	911	931	936	786	341	71	59	16	22	20
1193	1204	1182	1173	1183	1166	1062	1036	1016	983	910	916	897	888	910	1021	1070	993	918	899	916	943	787	248	77	59	18	21
1114	1086	1066	1111	1111	904	733	619	562	457	323	390	539	609	605	709	949	1077	1022	923	903	910	946	693	119	116	42	20
620	570	603	806	687	437	293	205	145	95	82	79	147	239	337	430	576	905	1093	1031	922	912	914	939	459	24	48	24
172	196	411	431	278	158	120	108	60	59	83	76	72	70	119	223	336	551	945	1101	1003	919	917	928	820	143	39	30
72	244	633	479	208	127	110	100	78	68	82	103	84	94	97	108	194	314	659	1037	1077	975	924	914	942	458	19	41
283	569	886	773	375	225	162	135	94	132	94	143	117	119	111	108	106	197	387	889	1106	1050	960	920	935	779	95	40
629	863	933	925	631	386	263	212	170	147	146	151	113	118	121	117	81	133	224	636	1088	1081	1015	933	924	944	350	11
867	926	938	957	873	565	413	298	245	174	187	160	86	139	142	130	117	111	158	403	984	1101	1032	945	923	946	756	27
947	945	956	961	969	768	531	415	299	241	182	181	91	145	212	144	129	95	111	251	838	1104	1005	932	920	919	963	436
1049	1039	988	958	986	921	668	503	360	260	220	168	95	180	207	120	124	119	96	165	682	1071	1001	931	920	922	925	902
1074	1077	1059	981	1000	1003	815	581	390	272	253	215	102	197	129	122	125	130	116	118	531	1050	1017	952	921	922	918	925
1071	1069	1072	1035	1024	1033	937	671	409	293	253	187	151	214	127	137	130	153	126	94	397	1015	1048	994	943	923	920	915
1071	1069	1069	1054	1044	1039	1016	759	416	298	282	177	231	175	193	171	171	179	146	101	295	965	1068	1018	957	927	920	916
1074	1070	1061	1054	1053	1043	1035	785	440	288	366	299	169	170	225	218	184	171	162	129	236	919	1086	1003	956	922	925	916
1067	1058	1039	1051	1060	1051	1042	795	432	387	490	241	178	232	164	154	154	155	149	130	203	891	1099	1007	952	915	946	957
45	49	52	53	53	51	38	27	24	24	24	23	23	23	22	22	19	18	18	20	21	21	22	22	24	24	24	24
40	35	30	26	26	35	42	36	27	24	24	24	24	23	22	21	21	19	17	20	21	21	23	23	24	25	24	26
24	25	25	24	25	31	38	37	30	24	24	25	24	23	23	22	22	19	17	19	21	22	23	24	25	25	25	25
25	26	25	25	27	34	42	36	29	24	24	24	25	23	24	22	23	22	19	18	22	23	23	24	24	24	24	24
27	28	27	26	30	38	41	34	28	25	25	26	25	24	24	24	25	24	22	18	19	21	22	23	23	23	23	23
30	30	28	28	33	40	41	36	36	45	40	30	25	25	26	27	27	25	21	17	14	18	20	22	22	23	23	24
32	32	31	30	35	41	47	50	46	74	73	51	47	36	18	5	5	16	21	17	13	15	19	21	22	23	23	24
19	25	27	25	18	9	5	43	148	289	423	526	584	585	524	404	237	68	0	9	14	12	18	20	21	22	22	22
95	43	29	36	82	204	428	684	854	937	966	970	970	970	978	967	915	760	436	104	0	11	19	22	22	22	22	23
758	678	647	677	760	864	955	1001	1010	997	978	959	943	930	926	929	945	968	967	791	336	15	5	24	22	23	22	23
992	978	974	969	970	1012	1092	1134	1119	1093	1080	1068	1056	1034	1000	960	926	918	931	962	924	512	70	10	21	21	20	19
1164	1118	1094	1089	1156	1189	1177	1120	1072	1086	1097	1105	1112	1117	1097	1067	1021	950	902	907	931	958	569	37	16	16	15	16
1209	1217	1201	1202	1188	1202	1132	1029	982	956	927	852	755	756	868	958	1005	1049	955	893	898	945	955	422	21	21	17	17
917	825	786	934	1038	834	537	402	316	244	198	153	110	94	172	455	770	967	1052	951	904	913	940	882	217	37	23	21
277	197	236	737	504	149	98	62	66	68	63	78	56	61	41	75	309	591	922	1041	928	905	912	961	665	63	49	23
60	98	472	580	210	278	282	239	211	214	183	186	149	102	90	64	66	221	565	962	1013	912	912	923	940	313	27	32
160	513	847	583	613	635	559	494	415	381	358	321	247	193	164	77	84	87	248	643	1035	984	913	916	954	710	63	40
599	907	976	965	947	851	768	689	606	545	509	468	363	263	189	103	108	97	108	336	826	1081	954	918	922	924	300	27
925	988	982	1028	1051	1004	930	851	772	698	609	568	429	285	214	136	131	93	97	179	559	1062	1043	936	916	955	648	61
988	994	1006	1033	1076	1075	1035	972	895	806	703	609	451	298	212	131	123	111	118	117	367	936	1095	969	920	927	881	265
989	1017	1042	1048	1070	1094	1081	1047	984	883	762	622	457	313	201	122	140	138	139	118	228	766	1107	1002	931	918	942	595
1032	1025	1034	1049	1067	1091	1099	1084	1041	927	789	631	465	320	196	140	164	124	151	132	155	609	1101	1036	955	918	931	843
1058	1044	1026	1049	1071	1080	1099	1097	1064	944	790	636	461	323	183	144	145	144	152	142	123	491	1085	1066	981	927	920	929
1061	1064	1063	1060	1072	1073	1091	1102	1062	930	789	623	443	304	171	177	192	154	135	149	113	404	1063	1083	1006	960	927	924
1070	1071	1072	1072	1077	1073	1082	1099	1049	935	780	574	414	265	170	220	168	145	167	150	115	345	1047	1088	1034	976	923	921
1070	1070	1071	1069	1072	1072	1069	1075	1057	950	721	507	360	228	202	175	144	161	174	144	119	318	1032	1089	1040	992	928	920
1068	1069	1067	1059	1060	1062	1043	1053	1063	907	647	471	305	247	195	167	184	199	145	152	130	309	1003	1085	1052	1009	937	918
1044	1059	1050	1041	1050	1059	1042	1057	1049	854	589	400	275	246	170	237	226	158	132	152	151	314	963	1080	1062	1025	952	916
25	26	29	33	36	41	45	41	33	27	24	25	24	24	23	23	22	20	19	20	20	20	21	21	20	22	22	22
40	41	42	42	39	36	37	42	47	42	31	25	25	24	23	23	22	20	20	20	20	20	21	20	21	23	23	24
38	36	34	33	32	29	27	27	33	36	33	27	25	23	23	23	22	21	21	19	21	21	21	20	22	23	24	23
35	33	30	28	27	26	25	29	35	36	32	28	26	24	24	25	24	23	22	20	22	21	20	20	21	22	22	23
29	27	26	25	25	25	27	33	37	37	33	30	26	27	27	28	26	26	23	20	20	19	18	20	20	21	21	22
29	27	27	27	27	28	30	36	41	45	42	34	26	23	23	26	25	24	21	19	16	17	17	18	19	20	21	22
6	9	9	9	8	5	0	0	5	40	84	120	135	122	85	39	6	3	16	18	16	14	16	16	18	19	21	22
47	11	0	1	14	65	190	382	570	706	787	835	855	848	803	711	536	290	76	0	10	14	14	15	17	20	21	21
678	566	506	525	621	761	885	940	946	945	938	928	923	922	929	950	966	948	798	428	76	0	14	17	18	20	21	21
958	948	945	947	953	954	1002	1087	1124	1068	1038	1017	990	966	939	912	904	912	941	965	751	226	0	13	19	20	21	22
1105	1091	1091	1088	1104	1176	1251	1291	1180	1088	1083	1083	1088	1091	1079	1041	968	910	906	909	954	884	317	0	13	21	19	20
1187	1221	1254	1227	1206	1175	1183	1158	1081	1088	1074	1059	1007	983	1009	1064	1090	1021	925	901	901	941	900	270	0	13	17	17
1089	1098	1097	1061	1040	1042	1068	1041	971	815	662	523	372	285	282	400	712	1050	1067	955	910	914	947	822	159	7	19	20
613	655	727	859	927	883	730	609	489	402	380	358	356	315	164	74	53	400	1024	1096	965	920	915	965	643	53	26	26
135	342	707	953	954	842	784	745	719	700	676	663	632	604	459	272	137	34	366	1017	1051	954	925	920	950	365	16	31
362	694	988	1052	1017	1032	1028	996	970	948	914	887	851	791	682	504	245	116	20	488	1050	1026	944	911	945	805	114	29
807	1017	1062	1090	1096	1103	1098	1090	1075	1060	1038	1017	989	942	832	637	368	179	93	78	707	1078	1003	926	910	968	471	17
1028	1047	1064	1084	1092	1094	1096	1099	1101	1095	1082	1068	1053	1010	903	740	476	242	145	64	258	906	1058	963	913	937	850	141
1032	1043	1066	1077	1079	1080	1085	1094	1099	1098	1095	1087	1073	1037	949	786	535	295	146	120	98	565	1010	1013	928	913	974	513
1053	1052	1058	1074	1074	1071	1075	1083	1090	1095	1094	1093	1081	1043	959	797	574	310	146	139	111	308	852	1047	967	917	939	879
1052	1070	1058	1065	1072	1070	1071	1076	1082	1089	1092	1096	1085	1049	967	820	553	251	132	156	146	191	661	1039	1034	946	919	953
1054	1039	1051	1061	1068	1068	1070	1074	1077	1084	1091	1099	1087	1051	958	795	489	213	136	162	159	146	518	981	1099	984	928	932
1050	1035	1048	1065	1068	1069	1068	1073	1074	1081	1092	1099	1089	1049	949	743	432	170	143	190	151	131	435	926	1139	1026	950	922
1053	1043	1060	1067	1067	1068	1067	1069	1071	1080	1092	1098	1088	1039	919	679	321	140	166	179	150	129	377	897	1150	1064	982	928
1065	1058	1068	1070	1070	1068	1066	1066	1069	1081	1092	1098	1076	1009	869	579	218	163	180	146	153	134	336	891	1156	1077	1002	933
1069	1065	1068	1069	1068	1066	1066	1064	1068	1077	1095	1093	1058	973	791	439	175	180	166	161	149	139	297	890	1159	1082	1021	941
1065	1062	1064	1064	1067	1071	1070	1056	1065	1081	1098	1086	1035	911	663	291	170	165	187	163	164	138	270	907	1158	1080	1037	959
1052	1053	1057	1061	1066	1074	1066	1054	1062	1084	1096	1072	989	788	468	177	179	212	157	160	170	144	262	927	1146	1081	1048	989
25	25	25	25	23	24	25	25	28	28	25	24	24	25	24	25	24	23	22	21	21	20	22	21	21	22	22	21
24	24	25	27	26	29	31	34	38	45	49	44	33	26	25	26	25	23	22	21	20	20	21	21	21	23	22	22
27	28	29	31	32	36	38	39	38	38	41	44	43	36	28	26	25	24	24	23	20	20	21	21	22	22	21	22
33	36	39	41	41	42	40	37	34	33	35	36	37	34	32	28	26	24	25	24	21	21	21	21	21	21	22	22
50	48	45	43	39	36	32	30	29	31	36	40	41	40	37	34	29	27	26	23	22	19	19	20	20	21	20	21
19	21	22	17	11	7	1	0	0	0	0	0	1	5	7	9	15	22	25	23	21	17	16	17	18	18	20	21
204	202	197	181	160	140	138	169	235	319	389	426	431	406	340	240	129	39	1	4	15	15	12	12	13	15	17	17
664	608	583	573	587	636	726	832	904	946	957	958	958	954	947	923	854	700	447	177	22	0	11	12	12	15	16	17
964	950	936	935	947	960	961	947	950	956	957	954	944	935	924	915	921	944	954	865	553	171	0	5	17	19	18	20
956	936	922	932	943	990	1051	1085	1081	1072	1068	1069	1038	1020	998	968	939	917	908	927	956	798	342	26	5	21	21	21
1134	1080	1003	1045	1138	1179	1167	1169	1150	1148	1139	1133	1127	1124	1112	1096	1051	994	938	912	911	940	867	426	39	11	23	21
1085	1105	1097	1121	1164	1125	1103	1098	1109	1115	1104	1095	1087	1082	1099	1126	1127	1098	1048	980	924	901	930	869	402	25	17	23
922	940	951	963	984	992	985	973	989	974	952	943	917	845	808	857	944	1031	1088	1079	1018	944	903	936	815	281	8	24
891	920	942	974	1018	1047	1060	1055	1032	1002	987	980	976	954	845	719	648	652	806	1046	1092	1043	952	910	944	662	115	14
814	950	1025	1059	1079	1091	1096	1099	1096	1091	1086	1082	1082	1081	1073	983	807	621	533	628	858	1105	1078	947	926	902	373	17
932	1037	1069	1070	1074	1071	1070	1074	1076	1078	1081	1085	1086	1091	1096	1088	984	749	573	446	478	950	1144	1043	929	952	693	99
1038	1066	1072	1069	1065	1064	1062	1064	1065	1069	1073	1076	1077	1080	1088	1098	1066	867	676	507	300	479	1053	1093	984	931	914	313
1052	1068	1072	1069	1066	1064	1063	1064	1066	1068	1068	1069	1070	1073	1084	1099	1094	963	741	547	267	166	683	1074	1046	936	955	637
1056	1069	1071	1068	1066	1065	1064	1064	1068	1068	1066	1064	1065	1072	1082	1100	1106	985	762	493	253	107	326	912	1077	964	921	908
1067	1066	1069	1069	1067	1066	1065	1067	1068	1068	1064	1062	1065	1072	1084	1101	1108	982	753	410	188	109	161	638	1048	992	921	939
1071	1068	1069	1067	1067	1067	1066	1069	1069	1066	1063	1064	1065	1072	1086	1102	1101	945	652	263	128	133	118	424	943	1032	944	914
1070	1072	1070	1068	1066	1066	1068	1071	1070	1065	1065	1066	1067	1075	1088	1104	1085	878	441	128	122	128	96	302	816	1044	973	923
1070	1073	1071	1069	1066	1065	1070	1071	1069	1067	1068	1068	1071	1078	1091	1106	1056	689	201	115	115	130	95	240	704	1016	1025	930
1071	1070	1071	1070	1064	1063	1070	1067	1068	1068	1067	1070	1075	1082	1096	1107	941	349	116	113	134	145	96	207	609	982	1073	962
1073	1071	1071	1069	1060	1064	1069	1067	1066	1068	1069	1072	1078	1086	1093	1080	642	132	118	114	156	120	90	190	563	951	1118	1008
1076	1072	1072	1062	1056	1066	1069	1067	1065	1066	1069	1074	1079	1081	1078	926	285	104	132	159	129	110	98	185	539	944	1143	1039
1081	1074	1064	1054	1059	1063	1066	1066	1066	1068	1069	1074	1075	1061	1012	572	116	135	179	180	128	109	101	168	506	959	1152	1058
1078	1054	1039	1053	1056	1058	1061	1063	1065	1068	1068	1067	1056	1014	796	239	131	193	160	124	115	119	107	161	497	988	1141	1065
26	27	26	27	26	27	28	27	27	27	27	27	26	26	27	25	26	24	25	24	22	21	21	22	23	23	24	23
27	28	27	27	27	27	27	27	27	27	29	31	31	29	26	26	25	25	24	23	23	21	21	21	23	23	23	23
29	29	29	28	27	28	28	30	31	33	38	39	44	49	48	38	28	26	25	24	23	22	21	21	22	23	23	24
30	32	36	37	37	37	37	40	42	45	46	45	43	44	46	49	46	36	26	24	23	22	21	21	22	23	24	23
22	26	32	29	26	30	32	33	30	25	20	16	15	18	26	31	34	35	32	25	21	21	19	19	20	21	21	21
429	476	503	490	445	403	370	350	333	313	290	258	216	168	120	73	37	13	9	15	19	18	16	16	16	18	19	19
952	943	944	933	915	903	880	865	861	869	875	876	868	844	797	723	615	457	267	98	12	9	16	14	12	13	15	15
991	989	988	993	993	1002	1016	1009	1009	1013	1008	1004	997	992	983	974	967	954	903	748	450	131	7	16	18	15	17	19
965	982	954	981	997	991	1013	1036	1054	1067	1071	1080	1076	1071	1057	1032	1000	971	949	955	955	775	335	22	12	21	21	22
965	986	958	1010	1027	986	980	1012	1019	1017	1059	1104	1110	1107	1096	1093	1079	1050	1012	966	929	954	916	487	37	9	23	23
1022	1029	993	1047	1074	1001	974	984	1020	1054	1089	1100	1103	1097	1079	1070	1073	1081	1094	1056	989	931	937	954	520	26	17	24
1015	1015	1011	1031	1058	1010	957	932	898	976	1008	1021	1042	1048	1046	1065	1066	1070	1113	1137	1087	1000	924	933	948	436	3	24
1001	1002	1008	1029	1051	1029	978	926	886	939	948	963	976	985	1006	1011	1002	997	1028	1089	1133	1074	968	912	942	892	255	3
1013	1021	1042	1059	1079	1088	1057	1017	1011	1000	993	989	984	1008	1014	984	965	961	934	961	1023	1038	1003	954	909	963	702	71
1036	1042	1061	1064	1070	1090	1094	1074	1058	1044	1036	1033	1029	1046	1036	1021	980	962	946	917	945	874	689	983	958	928	930	359
1042	1057	1065	1064	1065	1068	1080	1071	1053	1053	1044	1034	1028	1029	1035	1034	1015	961	961	947	922	582	424	797	1033	954	957	694
1053	1061	1066	1064	1067	1066	1063	1062	1060	1057	1047	1028	1018	1028	1041	1041	1031	975	955	969	919	339	265	522	974	1018	950	888
1062	1064	1064	1064	1067	1067	1065	1064	1055	1049	1052	1040	1026	1034	1043	1048	1031	971	955	990	866	257	143	288	770	1065	980	947
1062	1063	1065	1065	1066	1069	1065	1059	1051	1046	1053	1053	1035	1031	1041	1047	1021	973	960	1003	690	216	166	149	496	1050	1035	942
1064	1060	1060	1063	1064	1065	1061	1053	1055	1049	1054	1062	1049	1033	1033	1044	1008	953	979	948	440	253	228	152	292	923	1087	955
1062	1061	1057	1059	1063	1064	1061	1054	1052	1052	1054	1063	1055	1038	1025	1033	1003	955	958	629	353	356	319	238	204	724	1129	993
1062	1061	1057	1053	1058	1060	1060	1054	1046	1047	1043	1053	1055	1045	1026	1008	997	973	773	444	448	437	387	258	172	517	1108	1031
1061	1059	1055	1054	1045	1054	1057	1054	1042	1037	1036	1037	1044	1035	1014	992	977	870	580	510	497	447	375	266	174	381	1015	1046
1055	1053	1047	1046	1038	1043	1056	1055	1045	1027	1024	1019	1016	1011	994	975	892	646	520	495	504	448	360	283	182	341	870	1036
1060	1043	1027	1019	1017	1037	1051	1053	1048	1029	1015	1008	997	986	941	864	694	581	559	538	531	456	391	301	202	301	717	994
1066	1022	1003	998	1000	1017	1037	1040	1037	1029	1019	1006	990	919	803	691	589	582	578	570	511	458	407	322	231	296	616	949
1069	1006	1000	991	988	1007	1020	1022	1021	1023	1018	997	913	780	656	576	561	570	551	549	527	460	412	354	252	273	543	932
1018	950	952	977	997	1012	1019	1026	1028	1005	957	875	764	654	570	561	562	556	523	528	517	474	446	350	239	251	530	962
26	27	27	26	28	27	29	28	27	28	28	28	28	26	25	25	26	24	24	24	24	23	21	20	22	22	22	22
27	28	28	29	29	29	30	29	29	29	30	28	27	27	26	26	26	25	24	24	23	22	21	19	20	22	23	22
29	29	30	31	31	33	33	32	32	31	32	30	29	27	28	29	28	22	23	24	23	22	21	19	20	22	22	22
14	20	24	23	18	14	10	10	11	15	19	24	29	33	38	40	41	40	34	23	21	20	19	20	17	20	21	21
201	209	225	238	253	268	272	261	236	199	151	103	59	29	14	7	12	25	42	45	28	17	18	17	15	17	19	20
892	899	901	910	915	923	929	924	916	900	872	826	755	665	550	414	265	129	34	2	13	30	19	17	16	16	19	20
960	939	938	943	958	975	999	998	985	966	950	943	949	962	969	971	956	898	769	540	258	58	19	19	18	16	19	20
953	949	901	848	836	820	873	971	1013	1034	1043	1032	1022	1017	1010	995	981	963	956	968	943	701	271	36	17	19	19	20
1008	980	901	758	635	543	540	625	893	987	997	1039	1075	1081	1085	1088	1088	1070	1042	993	946	964	897	453	50	16	22	21
1054	1018	935	757	553	392	325	327	550	925	975	990	1008	1026	1066	1092	1100	1099	1100	1115	1081	985	951	950	497	32	17	24
1092	1064	978	793	531	333	237	208	272	770	1033	968	898	895	963	1029	1030	1033	1065	1094	1109	1074	984	943	952	418	4	25
1110	1091	1033	852	583	341	218	156	100	506	981	890	813	887	936	815	833	964	983	1042	1088	1109	1058	951	941	914	243	3
1111	1107	1082	943	676	423	242	157	108	479	976	860	823	857	674	648	758	955	983	987	1037	1096	1099	1038	944	960	773	61
1103	1115	1109	1039	833	548	326	214	233	768	994	899	900	679	563	753	850	805	965	986	955	965	1026	1093	1032	927	982	438
1091	1111	1107	1077	1018	734	462	382	613	1029	974	942	902	694	764	849	875	885	972	979	964	862	661	996	1109	994	938	864
1074	1081	1078	1066	1070	1046	820	824	971	1035	975	939	914	902	924	895	938	990	971	972	978	859	557	669	1099	1090	959	960
1073	1070	1067	1066	1059	1068	1073	1070	1050	1006	980	945	932	937	931	952	946	864	804	794	861	825	702	528	939	1133	1040	940
1070	1067	1067	1064	1054	1052	1066	1063	1030	1007	996	965	934	926	934	846	758	640	609	632	719	729	794	667	771	1130	1088	970
1065	1066	1068	1067	1055	1037	1054	1062	1039	1004	993	986	949	923	892	688	585	457	441	495	603	645	726	763	652	1050	1135	1014
1061	1066	1072	1070	1058	1033	1025	1059	1056	1023	991	1000	983	937	920	665	440	298	339	429	516	608	708	789	684	874	1137	1044
1065	1066	1069	1069	1059	1037	1014	1032	1046	1029	1020	1013	1013	975	957	770	481	501	479	432	453	477	573	701	791	742	1039	1066
1071	1073	1068	1063	1055	1040	1026	1006	1041	1020	1028	1029	1023	1012	971	939	794	553	436	503	552	562	517	666	838	688	825	1059
1073	1072	1066	1057	1049	1034	1008	987	1012	994	979	1043	1040	1030	1003	962	965	768	756	746	589	794	889	909	854	718	665	974
1066	1068	1058	1048	1040	1015	990	978	987	1029	976	1021	1034	1033	1014	970	963	988	973	842	771	827	884	933	894	774	623	874
1065	1035	1011	1013	1000	1003	1008	986	990	1029	1033	1021	1006	1013	1012	980	975	971	887	896	941	965	934	952	916	822	630	824
1072	987	933	974	985	989	980	970	987	1022	1033	1019	1003	1007	1015	1006	985	1022	1001	941	963	1035	990	960	931	848	646	820
1069	985	970	1006	990	973	958	953	982	1016	1027	1023	1011	1019	1036	1038	999	1003	1032	1020	1012	1012	949	950	936	840	644	863
1053	985	1001	1032	1009	997	1005	999	1002	1018	970	1000	1033	1044	1049	1044	1010	976	1012	1009	1007	1033	987	938	920	827	634	937
26	26	27	25	26	25	25	25	26	26	27	26	26	25	26	25	25	25	23	23	22	22	21	21	21	22	22	22
27	28	28	28	27	28	27	27	28	27	27	26	26	25	25	25	26	24	24	23	23	22	21	20	22	23	22	22
22	20	20	19	19	21	23	27	27	27	28	28	28	26	25	26	26	25	24	24	23	22	22	20	21	21	21	21
79	101	118	121	109	85	53	26	9	3	2	5	13	20	26	28	25	23	23	24	23	21	21	20	20	21	20	21
766	786	804	814	808	783	736	665	578	489	396	303	208	123	60	26	21	31	41	40	28	23	22	21	20	20	20	22
951	951	963	969	962	983	1015	1007	985	972	960	950	924	868	773	627	441	252	104	24	9	22	24	22	19	20	19	21
917	872	787	791	892	961	980	1009	1035	1038	1008	965	933	928	939	955	968	951	879	706	422	130	5	11	19	17	18	18
708	420	222	164	268	470	711	914	954	973	1018	1039	1030	996	961	935	924	919	928	949	982	903	526	74	0	20	18	19
454	244	107	21	3	36	221	583	877	920	920	868	897	991	1039	1045	1017	986	957	935	917	929	991	797	167	0	24	20
430	241	100	13	0	20	149	425	685	893	658	617	549	402	537	933	1020	1022	1019	1018	996	960	916	966	871	166	1	27
481	303	119	10	0	22	174	399	672	723	487	475	207	87	169	587	874	941	988	1024	1034	1041	994	920	963	805	74	15
550	378	188	31	0	23	173	405	637	663	733	493	125	122	288	292	560	889	916	948	985	1024	1052	1002	918	980	587	1
658	505	307	91	6	37	155	374	600	782	856	547	422	344	149	18	300	547	584	786	931	972	1047	1085	1003	922	956	252
794	592	420	237	122	122	261	387	616	932	895	672	651	500	420	322	350	325	488	718	925	926	978	1070	1104	962	957	727
953	702	572	560	635	597	592	692	875	961	919	891	758	532	638	654	701	708	799	900	942	931	944	1003	1117	1082	945	958
1064	1011	991	1028	1044	1016	921	940	966	941	923	931	850	771	868	830	862	908	895	944	944	975	964	983	1071	1146	1046	940
1073	1079	1070	1053	1009	1006	1015	984	962	937	929	962	898	865	932	897	864	848	895	794	765	817	954	990	1033	1101	1079	990
1072	1073	1068	1041	984	974	975	976	985	935	933	962	951	962	914	849	867	903	845	627	583	461	887	971	985	1024	1057	1045
1071	1063	1060	1033	978	964	986	993	1003	1016	1006	998	979	958	943	880	895	799	755	456	361	426	635	932	943	967	1040	1060
1070	1066	1051	1009	973	943	972	1004	1013	1033	1032	1046	1025	984	967	856	794	717	655	321	245	336	413	856	950	946	1034	1056
1060	1052	1025	991	979	960	974	1002	1007	1013	1032	1046	1047	1010	980	892	814	754	729	736	430	266	614	860	934	945	1040	1059
1035	1016	1001	994	991	996	1009	1009	1026	996	1010	1012	1015	1003	984	944	828	817	769	840	611	542	766	822	929	942	1047	1070
1024	1012	1005	999	1000	998	1004	1027	1035	1013	1003	997	985	982	961	957	970	922	870	867	805	763	771	819	905	935	1033	1095
1040	1027	1018	1000	993	998	1004	1027	1026	1048	1024	1022	997	984	961	935	953	966	965	955	910	756	644	617	661	887	1006	1126
1052	1045	1018	1014	986	1013	1035	1029	1021	1039	1060	1051	1037	1000	963	942	933	947	915	914	847	663	602	563	520	751	974	1117
1056	1035	1002	998	980	999	1008	1026	1014	1027	1051	1052	1051	1026	977	947	935	951	922	906	917	768	636	584	497	740	955	1092
1048	1012	994	997	972	973	970	991	1018	1020	1032	1044	1044	1039	993	960	933	956	949	941	950	931	818	678	530	808	945	1055
1031	989	985	1001	988	957	944	953	1014	1020	1015	1035	1049	1050	1022	974	936	928	955	945	895	951	957	861	741	888	936	1024
25	25	24	25	24	25	24	24	25	26	25	25	25	23	24	23	24	23	22	21	22	21	21	22	21	22	21	23
28	27	28	28	26	27	26	25	25	25	25	23	23	23	24	23	23	24	22	22	22	22	22	22	23	22	22	23
1	1	0	0	0	3	8	16	22	25	25	24	24	25	24	24	24	24	23	23	23	23	22	23	22	23	22	23
273	304	325	323	292	234	158	88	37	10	5	9	17	22	26	26	26	25	24	25	23	23	23	22	23	23	22	22
965	969	970	968	962	944	906	842	745	620	479	342	224	127	54	16	7	16	23	26	26	26	23	23	24	22	22	20
925	924	931	929	930	962	995	990	973	964	961	952	927	870	767	609	403	194	53	7	12	23	26	24	22	21	20	21
920	922	911	917	936	935	956	1003	1040	1049	1029	991	951	931	933	957	968	920	760	468	169	17	7	22	20	18	18	20
807	722	710	741	832	925	968	942	944	985	1026	1056	1071	1052	1000	947	916	918	947	971	883	581	182	4	15	19	18	20
537	488	496	525	622	798	949	926	871	898	944	939	939	1028	1064	1060	1028	975	931	909	929	977	882	430	32	12	24	21
372	363	397	435	549	732	909	933	820	847	777	694	602	479	707	958	1012	1048	1053	998	935	911	935	970	604	55	12	23
295	300	363	470	584	745	873	921	890	813	610	437	269	0	151	627	746	921	1003	1070	1052	974	916	915	983	638	33	18
290	284	347	460	613	765	881	917	882	792	665	628	479	284	263	361	409	698	925	972	1058	1068	992	922	915	983	516	0
304	344	374	515	670	797	900	957	926	846	762	829	778	569	409	405	427	672	767	844	945	1034	1058	975	931	923	957	269
472	465	554	691	803	862	887	972	968	904	823	831	846	732	618	390	516	654	594	746	910	929	1019	1058	980	930	947	808
815	672	756	877	960	975	937	936	973	959	872	797	770	748	715	709	690	487	640	715	652	817	936	1022	1057	1016	934	959
1011	964	938	950	951	954	980	900	972	970	879	788	824	789	717	909	718	401	750	568	449	559	893	938	1038	1073	1008	932
1033	1019	1002	955	931	961	946	770	829	986	995	921	891	628	517	597	891	658	806	547	423	570	896	927	965	1062	1057	996
1027	1024	1012	970	950	957	1054	1110	1089	1021	1004	1034	1031	782	429	370	692	1082	1065	765	656	873	907	915	916	1024	1078	1054
1045	1031	1010	976	955	965	1045	1123	1147	1159	1112	1065	1067	1049	753	520	815	1059	1047	1035	996	944	864	906	910	965	1082	1073
1042	1048	1007	956	961	962	973	1093	1158	1149	1076	1070	1091	1081	1065	1042	1019	1032	1083	1069	1061	1024	944	913	906	933	1058	1087
1049	1024	1001	995	995	987	960	987	1072	1071	1025	1079	1102	1090	1052	1055	1089	1031	1038	1077	1083	1035	983	911	901	918	1034	1092
1026	1021	1027	1034	1027	1013	990	975	990	974	988	1068	1106	1101	1064	1053	1117	1087	1032	1035	1045	1033	1013	950	906	909	1004	1089
1029	1038	1043	1039	1032	1020	1001	991	984	978	988	1030	1061	1080	1065	1075	1108	1076	1065	1024	1020	953	792	804	895	911	971	1081
1047	1045	1052	1039	1020	1010	1004	1008	1007	999	988	1013	1042	1057	1028	1037	1111	1116	1087	1017	925	617	492	501	653	876	951	1075
1048	1052	1059	1045	1033	1025	1012	1001	1002	1005	991	1006	1023	1001	985	970	977	1038	1033	952	801	475	370	408	469	773	938	1047
1051	1056	1056	1018	1005	1024	1019	1020	1001	991	984	1004	1014	994	977	974	938	921	915	913	924	644	383	376	365	751	937	1025
1049	1054	1025	981	991	999	972	999	1026	1008	973	981	1008	991	951	953	945	919	927	909	938	953	570	392	378	819	929	1018
1044	1027	987	970	991	996	955	947	978	986	984	973	975	965	949	943	942	919	922	926	923	966	987	795	594	911	931	1033
25	25	25	26	25	25	26	26	26	25	25	24	24	23	22	22	23	22	22	22	23	23	23	22	23	24	23	21
27	28	28	28	27	27	26	24	24	24	23	24	23	23	24	24	22	23	23	24	24	23	23	24	24	22	23	22
1	1	2	3	5	13	19	23	26	27	28	27	26	25	25	24	24	24	24	24	23	22	24	22	23	23	22	23
261	269	263	242	198	139	78	33	7	1	4	12	21	25	27	27	25	25	24	24	22	23	23	23	24	22	22	22
952	953	950	945	926	888	828	736	609	457	306	174	75	20	1	4	17	26	26	26	24	24	23	24	23	22	22	22
934	939	936	933	931	946	956	954	958	961	952	908	818	669	475	265	96	9	2	19	26	25	24	24	22	22	21	22
918	922	929	933	927	954	1006	1024	1017	989	958	939	937	951	965	943	827	597	298	67	0	11	25	24	21	20	22	22
944	961	952	916	933	956	964	965	1005	1045	1059	1052	1022	981	940	922	934	965	947	773	414	86	0	16	22	20	21	21
927	991	962	957	929	918	958	956	950	953	974	1006	1050	1076	1067	1028	973	927	914	946	968	803	363	28	4	26	23	22
894	988	975	884	910	887	888	869	891	850	881	896	888	870	993	1054	1066	1052	988	929	914	950	966	651	123	0	26	23
885	1005	947	879	889	875	858	807	879	847	880	922	881	693	705	896	988	1023	1057	1046	982	923	920	978	820	201	0	29
952	977	947	896	879	844	874	861	920	859	889	950	819	601	574	793	926	934	963	995	1042	1021	945	914	965	876	200	2
985	981	978	937	896	872	908	910	793	776	927	861	601	448	366	729	925	786	710	891	945	1014	1030	940	916	961	851	123
987	969	969	920	926	882	868	770	650	681	881	714	408	356	298	607	670	204	292	683	509	755	1032	1015	940	918	976	729
969	970	974	918	904	918	722	522	518	490	803	591	282	244	214	606	511	116	414	480	71	221	801	1054	1026	940	917	971
936	934	953	951	942	892	466	419	407	307	744	767	416	308	357	869	779	306	618	357	8	72	499	931	1061	1007	932	919
953	940	941	946	953	959	484	321	380	433	914	977	799	602	656	836	817	812	945	485	194	305	562	785	974	1057	979	933
959	942	943	960	951	1050	1141	1098	1097	1127	1053	937	950	813	752	814	950	981	1014	852	581	515	545	802	926	1030	1027	973
964	954	936	940	933	960	1099	1160	1164	1121	965	927	935	930	860	842	946	1120	1096	1014	912	472	353	668	933	971	1056	995
980	959	945	949	943	940	959	1034	1061	1013	934	946	940	941	959	933	944	1051	1080	991	1042	922	822	927	981	939	1047	1033
981	967	967	981	956	960	947	951	978	968	938	957	961	968	950	947	936	1008	1052	996	1013	1122	1152	1095	1056	987	1023	1063
1009	1010	1002	1000	975	972	956	946	946	965	979	994	963	947	945	948	950	994	1027	1006	1026	1091	1113	1096	1065	994	1022	1060
1050	1043	1036	1043	1012	995	985	964	981	983	977	967	945	957	962	968	965	986	1019	995	1052	1068	1120	1118	1062	983	1010	1060
1054	1055	1054	1047	1007	1006	996	1002	1026	997	966	973	1002	1010	986	981	1005	996	1003	983	1055	1064	1122	1147	1142	1056	997	1045
1053	1049	1054	1040	1001	1018	998	1011	1017	991	981	1015	1031	1025	1011	964	959	974	983	1029	1105	1148	1124	1157	1168	1069	945	1018
1053	1051	1055	1042	1010	1018	978	995	1013	1019	1035	1061	1049	1027	1007	956	928	921	939	1016	1035	1043	1033	1052	1078	984	914	1004
1057	1057	1055	1040	1015	1005	981	1000	1028	1047	1051	1059	1055	1034	982	943	931	919	916	915	933	951	966	1044	1035	978	922	995
1034	1023	1005	992	988	978	991	996	1016	1019	1044	1045	1032	1000	960	941	924	915	916	921	932	945	988	1043	1059	1001	924	987
25	27	26	26	26	25	26	25	24	23	23	22	24	23	23	23	23	22	23	23	23	23	23	23	23	23	22	22
28	28	27	27	26	24	25	24	22	23	23	24	25	24	23	23	23	22	23	24	23	23	23	23	23	22	23	22
20	21	19	23	24	27	29	27	26	25	26	25	25	25	24	23	23	24	24	23	24	23	24	23	22	22	23	22
76	69	57	44	25	10	2	1	7	16	22	27	28	27	24	24	24	24	24	24	23	22	23	22	23	23	22	23
814	796	773	735	678	595	486	361	234	123	47	8	0	5	17	25	27	26	24	24	23	22	23	22	23	23	22	22
947	953	955	955	960	964	964	958	928	862	753	601	411	222	78	7	0	12	25	26	23	22	22	23	22	22	22	22
934	937	933	930	931	949	954	945	936	936	945	960	966	926	809	589	326	109	4	0	18	24	24	23	22	22	21	21
920	926	922	928	931	956	989	1012	1015	1001	974	947	928	923	940	966	952	832	559	227	22	0	20	23	21	21	20	22
918	944	967	944	939	918	947	944	967	1006	1030	1030	1024	991	952	925	922	944	972	917	653	248	8	4	24	23	21	22
945	870	957	895	894	901	916	903	930	881	851	1005	1006	1044	1041	1006	969	935	917	931	974	926	580	121	0	22	24	23
947	851	890	889	861	928	909	899	623	406	369	831	1039	992	1006	1021	1017	1010	974	933	914	935	986	824	286	0	21	26
914	818	887	901	866	936	935	737	430	348	219	604	1009	916	923	951	940	969	1003	990	956	926	920	968	926	404	7	23
956	931	938	913	952	1007	877	348	207	308	377	536	845	702	713	867	946	865	729	906	984	966	939	921	950	952	425	6
967	946	987	967	992	1034	705	240	95	154	660	692	699	637	496	601	804	405	222	445	809	935	971	940	921	951	945	350
941	998	1018	981	970	1002	545	223	98	136	631	836	558	617	837	690	728	333	187	273	480	604	849	1002	960	922	956	895
974	998	990	968	966	958	563	301	137	155	542	782	629	738	983	841	878	644	258	414	497	381	396	848	1030	965	920	950
985	970	982	981	972	962	784	561	414	456	880	968	941	964	969	1014	1084	1112	910	870	534	289	273	488	963	1024	940	919
953	931	968	979	975	993	1045	1064	1043	1069	1117	1061	986	952	944	951	1028	1114	1088	1009	720	485	439	536	914	1018	995	941
933	955	948	940	935	940	962	1000	1002	989	1021	1017	999	978	953	935	937	1008	993	965	1002	930	847	889	949	953	1040	991
970	953	930	928	933	928	926	923	920	916	929	972	998	980	965	957	948	962	963	956	991	1077	1139	1114	975	946	1034	994
943	944	949	962	963	956	941	930	926	925	929	934	949	954	951	961	978	997	986	989	1007	1068	1155	1147	859	819	1019	1037
953	960	985	1043	1005	993	977	967	953	944	958	959	948	930	932	928	921	937	966	981	987	1023	1021	1121	1072	1036	1094	1054
1005	977	969	1013	981	991	997	1011	1013	1004	985	949	937	930	936	941	941	933	905	901	982	1020	1014	1109	1158	1196	1130	1056
1019	1002	981	966	982	993	984	980	970	958	947	945	952	945	948	948	940	929	959	978	1064	1056	1092	1100	1104	1114	1026	1026
1051	1050	1052	1036	1014	1012	996	979	962	956	938	932	932	921	920	920	918	936	1002	1053	1046	1011	974	996	1006	1012	951	1000
1057	1057	1061	1060	1044	1040	1047	1037	1020	1003	980	955	931	916	915	928	928	927	939	958	961	952	932	939	994	1022	969	989
1060	1057	1055	1056	1053	1039	1050	1049	1033	1026	1016	994	969	934	928	928	933	940	932	919	915	922	920	982	1052	1053	997	975
1047	1037	1030	1032	1046	1035	1042	1044	1031	1022	1018	1019	1022	968	945	964	992	1000	992	967	934	921	919	986	1049	1054	982	962
25	25	26	25	26	26	25	26	24	25	23	25	23	24	24	23	22	23	22	23	23	22	22	21	23	22	22	20
26	26	26	26	25	25	25	25	25	24	25	24	24	23	24	23	23	22	24	23	22	21	22	22	23	22	21	22
27	29	25	28	27	27	27	25	26	25	26	24	24	24	24	23	23	22	24	22	22	23	22	23	23	22	21	23
0	1	2	7	9	16	21	24	28	28	29	26	26	25	24	23	23	24	22	22	22	22	22	23	22	21	22	23
338	309	266	220	170	116	68	28	3	0	3	13	23	26	26	25	23	25	23	22	22	22	23	21	22	22	22	22
949	939	923	900	870	823	763	677	557	411	253	120	33	0	0	14	24	27	24	21	22	22	22	22	23	21	22	22
940	944	944	943	947	952	956	965	973	966	926	833	676	469	247	75	1	0	15	23	23	22	21	22	22	21	22	21
933	939	934	931	928	930	927	923	919	920	930	948	966	965	909	752	503	234	49	0	10	22	24	22	21	21	21	21
933	932	930	932	939	953	961	959	949	941	935	924	919	921	938	962	969	891	672	347	81	0	14	24	22	22	21	22
887	917	911	925	923	936	959	971	973	967	957	975	962	941	921	914	923	949	972	922	703	335	47	0	20	23	22	21
705	850	841	949	921	957	993	952	887	854	848	901	987	983	972	950	930	917	920	946	970	895	592	197	4	18	24	22
811	859	872	958	957	958	1028	1003	846	749	782	806	938	952	971	986	982	966	941	922	926	955	945	790	367	8	16	24
965	1002	972	1001	958	929	958	951	896	815	761	862	806	692	838	952	984	1004	1022	998	952	922	942	958	843	392	17	16
946	990	1014	983	930	931	946	936	876	918	916	914	720	631	708	831	947	958	970	1010	1015	976	934	935	965	859	392	9
945	949	958	936	924	934	968	946	876	912	1046	836	663	708	927	887	951	954	917	877	904	1017	989	935	934	966	862	344
927	932	930	923	920	931	974	956	886	937	1016	866	797	800	1011	966	966	1022	1046	774	375	690	936	966	936	933	969	829
924	932	918	918	937	948	969	975	956	976	1014	970	994	1000	987	981	979	1002	1082	880	395	467	883	974	957	944	934	963
926	929	943	967	983	982	984	974	954	948	992	1012	1021	996	959	932	935	936	1006	1018	929	940	1032	865	927	994	941	938
930	976	987	960	943	936	931	930	927	925	955	1000	1027	1019	1001	942	927	946	992	1053	1104	1141	1073	862	940	1001	996	953
963	962	933	932	937	935	930	931	940	935	937	947	990	1040	1043	1018	1000	1008	1010	1052	1062	1047	1121	1160	1021	967	1041	987
943	932	941	972	981	966	929	941	941	947	942	929	929	950	977	1014	1034	1046	1037	1068	1071	1042	1114	1079	794	867	1036	1046
935	954	1014	1012	1004	965	936	951	964	939	938	930	922	922	918	922	928	959	982	1001	1005	1019	1071	1072	943	974	1025	1058
955	979	1010	959	937	917	920	946	967	968	969	959	951	930	929	940	923	918	926	939	927	930	1046	1198	1229	1162	1009	1051
948	942	929	919	921	922	928	929	927	938	938	947	972	951	943	942	932	929	929	934	950	962	1014	1095	1142	1076	930	1034
971	981	975	970	955	927	904	921	926	934	924	933	933	952	937	927	919	916	918	929	962	977	953	937	940	926	921	1006
993	1008	1014	1008	1019	974	917	944	936	923	920	918	920	924	925	926	934	927	922	923	919	920	917	918	953	1025	1018	990
1003	1020	1026	1015	1079	1141	1105	1059	1033	955	933	934	945	934	928	959	986	988	968	930	912	916	917	941	1030	1047	1048	989
1005	1027	1032	1013	1004	1000	987	1000	1012	1018	998	954	945	922	975	1033	1041	1042	1039	1007	946	917	910	948	1038	1046	1037	978
24	24	24	24	24	25	23	25	24	24	24	24	23	25	24	24	24	23	23	23	24	22	23	23	22	22	22	22
24	24	25	25	24	25	24	25	25	24	24	23	24	24	24	23	23	23	24	23	23	23	23	23	23	22	22	22
24	24	25	24	25	24	25	25	25	24	25	24	24	24	24	24	23	23	23	23	22	23	23	23	22	21	22	22
24	24	25	26	28	28	27	27	26	25	25	25	24	24	23	24	24	24	23	23	23	23	23	23	23	21	24	22
6	4	1	0	0	2	6	14	20	25	28	28	26	24	23	24	24	24	23	23	22	22	23	23	22	23	24	22
414	390	356	321	278	225	168	112	60	22	2	3	12	21	25	24	25	24	23	23	23	23	24	22	23	23	22	22
888	884	878	869	852	823	779	716	626	500	349	198	83	18	0	5	19	25	23	23	22	23	23	22	23	22	22	22
965	972	965	964	962	962	964	964	962	937	888	790	645	461	274	113	18	0	11	25	25	23	23	23	23	21	21	21
971	975	956	944	939	942	940	935	931	936	949	961	961	931	842	685	454	217	51	0	10	23	25	23	22	21	23	22
941	972	945	944	955	985	996	988	967	947	931	921	925	942	960	966	912	772	533	250	51	0	14	24	22	22	23	22
500	703	593	899	948	973	1015	1016	1030	1039	1026	992	950	929	919	928	949	964	927	768	482	184	15	5	21	23	22	23
537	573	481	857	948	948	996	996	1000	1031	1054	1059	1034	1013	975	949	931	934	953	960	880	648	313	115	33	19	25	22
1079	1105	1096	1046	989	939	956	1008	994	1011	1025	1025	1030	1051	1046	1028	1006	974	944	940	959	929	752	452	158	24	18	23
1003	1129	1085	1024	959	937	943	1017	1042	1026	968	958	977	1003	1010	1016	1024	1025	1007	975	952	954	948	823	513	154	17	19
948	1018	961	940	928	928	950	1007	1011	972	917	940	959	964	944	963	995	999	1004	1010	990	964	953	959	862	539	159	14
951	912	919	924	928	928	941	972	969	932	916	937	948	948	928	971	1059	1029	999	957	842	912	960	953	962	876	541	144
939	921	926	929	937	931	928	936	933	916	913	925	925	926	930	941	1005	1026	1051	956	620	546	897	959	946	960	869	499
969	944	928	927	937	931	922	918	919	915	908	927	927	921	915	925	926	971	1060	1052	885	677	900	946	949	948	959	839
1003	973	948	927	924	928	924	923	919	918	930	936	927	920	919	920	917	956	1036	1066	1109	1132	1031	846	956	965	943	952
999	991	961	890	890	937	935	942	934	946	949	927	922	920	923	920	913	940	1005	1062	1102	1135	1092	1028	971	998	967	951
963	1006	953	830	867	976	958	952	952	939	924	921	922	922	929	923	920	926	1014	1060	1079	1073	1092	1070	979	992	1036	984
974	1002	950	724	762	924	931	925	936	926	921	922	928	937	924	921	920	918	968	1027	1040	1032	1127	1096	953	942	1051	1043
1005	990	985	776	831	958	919	920	922	921	923	928	944	935	918	914	914	916	951	1008	985	1007	1140	1124	995	929	1001	1070
983	978	1005	1036	1011	969	936	926	924	928	925	925	935	930	927	918	915	925	954	960	971	1036	1109	1140	1068	958	956	1060
946	993	1009	1065	1052	969	784	907	930	922	931	934	922	918	930	926	928	928	942	957	1069	1113	1125	1106	1024	925	934	1036
950	995	1013	1066	1137	966	758	974	949	925	926	926	921	929	929	918	927	932	931	928	992	1024	1013	962	950	1004	986	1009
955	988	1043	1045	1052	1096	1137	1125	1042	945	931	934	922	935	927	937	940	928	921	918	914	920	920	936	1027	1059	1035	1001
958	1000	1043	1004	932	941	947	1001	1050	1014	958	933	956	965	929	927	935	932	925	917	918	914	919	970	1046	1053	1021	990
24	25	24	24	25	25	24	24	25	25	26	24	24	23	24	24	24	24	25	24	23	24	23	24	23	24	23	22
24	25	25	25	25	24	25	24	25	24	25	24	24	24	24	24	24	24	24	23	23	24	23	24	23	23	22	24
25	25	25	26	25	25	25	25	24	24	25	24	24	25	24	24	24	24	24	24	23	24	23	23	23	23	23	24
26	26	25	27	26	26	25	25	25	25	25	24	25	24	24	25	24	24	24	25	23	23	23	23	24	22	24	23
24	25	25	28	27	26	27	25	25	26	25	25	24	23	25	25	24	25	24	24	22	23	24	25	22	23	24	22
3	4	5	7	10	12	19	23	24	22	25	26	26	23	25	24	25	24	23	24	23	24	23	23	23	24	22	23
176	174	172	169	155	132	101	69	42	22	7	6	13	19	24	24	24	23	23	23	22	23	23	22	23	22	22	23
480	491	526	577	601	600	572	516	432	328	217	112	36	0	0	7	18	22	23	23	22	22	22	22	22	21	22	22
693	718	808	880	911	923	923	911	887	840	759	638	482	307	148	39	0	0	15	23	24	22	23	23	22	22	22	22
796	853	958	967	963	958	960	957	957	963	961	950	909	822	677	468	240	71	0	0	15	23	23	22	22	22	22	22
856	972	981	953	957	972	965	956	947	942	940	948	959	965	948	878	730	499	244	59	0	0	19	23	23	23	23	23
906	928	950	950	948	986	1000	995	992	978	964	948	939	939	948	960	952	865	681	414	161	24	2	13	20	23	22	23
875	966	968	958	965	983	992	1005	1014	1017	1014	1001	982	962	948	949	954	957	925	792	540	253	82	32	7	20	23	23
723	1025	1011	981	979	978	978	989	1009	1012	1017	1026	1025	1018	1001	974	954	949	957	948	857	634	339	167	21	6	22	22
828	1060	996	963	962	973	1006	1002	1030	1000	972	985	1000	1004	995	986	975	970	962	959	959	906	711	414	175	5	6	20
999	989	1003	970	939	959	1023	1050	1058	1001	976	980	987	977	957	962	978	980	977	973	980	973	931	761	471	169	0	8
955	939	949	940	924	924	950	992	1014	994	978	968	990	1006	981	999	1038	1018	988	973	978	986	972	941	791	505	147	0
1128	962	926	939	935	932	935	916	939	940	949	955	949	976	977	1005	1031	1049	1018	993	969	966	962	967	944	802	486	120
1180	1121	981	896	872	929	942	923	916	921	926	941	941	949	955	954	998	1038	1051	1050	994	935	955	966	966	939	785	429
1037	1115	915	396	397	756	942	928	916	918	921	923	932	930	931	937	961	984	1015	1050	1030	999	968	959	979	978	926	725
1022	1085	867	377	322	550	909	949	949	926	926	929	932	930	936	940	950	965	1028	1055	1090	1047	959	961	990	1010	978	889
1060	1051	987	653	458	563	876	926	930	932	922	927	928	932	934	928	929	968	1066	1065	1083	1061	1004	959	976	1016	1023	975
983	968	1038	956	749	697	989	1020	965	925	924	925	914	923	922	924	933	959	1036	1072	1080	1114	1121	1038	943	994	1046	1041
955	935	1085	1207	1047	956	1032	1087	1063	994	926	923	927	932	936	943	944	971	1050	1066	1067	1089	1100	1118	965	963	1046	1064
939	943	1119	1181	1095	1041	1024	1090	1090	1061	976	955	958	952	945	937	931	962	1044	1058	1063	1086	1124	1155	981	949	1035	1068
938	938	1030	1090	1094	1083	1067	1075	1084	1073	1003	966	954	938	940	946	943	992	1054	1065	1035	1041	1080	1041	940	964	1021	1063
932	931	1027	1079	1017	1015	1076	1060	1060	1045	975	960	952	955	964	1004	1024	1071	1061	1047	963	939	964	987	988	985	1023	1058
934	950	1027	1038	946	931	1026	1106	1076	1063	1020	1006	1020	1053	1044	1067	1077	1069	1014	959	934	972	1032	1049	1025	1002	1013	1052
24	25	25	24	25	25	25	25	26	24	26	24	25	25	24	23	23	25	23	25	23	23	23	23	24	23	24	23
25	24	25	25	26	25	25	25	26	25	25	24	25	24	24	23	24	24	24	23	24	23	23	23	24	23	23	23
25	25	25	26	26	25	25	25	25	25	25	25	24	25	24	23	25	23	24	23	23	22	23	24	24	23	23	23
26	25	25	26	26	26	25	25	25	25	24	25	25	25	24	24	24	23	25	24	23	22	24	23	23	22	24	23
25	26	25	26	28	26	26	25	25	25	25	25	25	24	24	25	24	24	25	22	23	24	24	24	23	23	23	24
35	36	33	31	30	25	26	26	24	25	25	25	25	24	24	25	24	25	23	23	24	24	24	23	22	24	24	23
29	32	34	37	37	37	37	37	36	29	25	26	25	25	25	26	25	24	23	24	23	25	24	22	23	24	23	23
0	0	0	0	5	10	9	7	7	13	20	17	19	23	26	26	24	23	23	24	24	24	21	23	23	22	23	22
15	18	64	140	198	228	228	206	165	113	67	33	12	2	6	17	22	25	23	24	23	21	22	22	22	21	22	22
28	90	349	509	583	622	632	617	576	513	422	314	202	106	37	0	0	13	23	23	21	22	22	21	21	22	21	22
284	629	806	845	871	883	890	889	876	849	799	723	611	467	302	153	50	4	0	14	21	22	21	22	23	22	23	23
957	985	954	956	958	958	957	954	954	952	946	930	888	808	679	504	310	135	35	3	8	19	21	21	23	23	23	22
1002	973	966	959	962	965	966	956	951	951	952	957	957	945	908	821	670	460	238	76	13	12	23	18	21	24	22	21
988	961	951	955	973	978	984	978	966	960	951	948	950	953	958	946	895	778	586	342	124	19	36	59	21	21	21	22
989	978	963	978	988	995	1007	1005	1000	988	973	959	956	949	951	954	958	932	845	674	432	188	45	50	63	20	22	23
976	1005	988	979	977	994	1036	1040	1043	1043	1028	1004	980	971	964	958	957	959	950	887	740	508	246	56	23	52	19	22
958	990	977	957	960	985	1006	1026	1058	1072	1062	1043	1038	1030	1004	990	972	959	965	959	916	787	560	280	65	32	40	18
1154	1056	990	989	969	979	982	997	1020	1056	1063	1059	1062	1057	1032	1017	997	977	954	962	963	929	815	585	293	69	41	16
1179	1129	975	1002	985	965	964	979	982	1007	1036	1053	1050	1046	1029	1015	1006	992	969	961	962	967	935	819	582	274	74	26
965	975	943	928	932	946	949	949	955	958	982	1010	1027	1020	1007	1014	1017	994	976	956	959	971	976	936	805	546	233	78
948	943	958	933	900	928	946	945	954	944	947	982	1024	1022	1016	1004	996	990	969	957	967	986	1001	991	928	763	465	195
982	994	1010	1030	1040	1085	1048	943	942	945	947	993	1039	1029	996	972	998	1034	1016	980	973	992	1011	1019	996	899	685	363
926	933	947	1026	1095	1144	1145	986	967	941	945	973	1005	977	975	1003	1013	1031	1018	994	973	985	1018	1034	1029	981	847	574
940	928	929	971	1020	1040	1048	1070	1035	968	941	951	970	982	1015	1038	1028	1026	1033	1018	997	1001	1025	1050	1045	1023	942	754
942	931	945	958	955	959	997	1074	1065	1012	973	985	1004	1023	1049	1044	1018	1035	1044	1044	1034	1004	1034	1081	1043	1044	995	873
948	941	945	944	941	937	938	975	1073	1157	1103	1045	1051	1033	1034	1036	1031	1055	1057	1046	1001	1001	1051	1060	1032	1047	1019	940
932	943	964	958	947	950	939	990	1117	1152	1051	1048	1068	1061	1056	1053	1048	1044	1046	1045	1013	1002	1015	1001	1024	1052	1033	971
966	1006	1013	977	927	923	963	1073	1163	1161	1016	1024	1040	1044	1045	1039	1040	1025	1007	1021	1020	1036	1029	1016	1033	1065	1056	989
25	24	24	24	25	25	24	24	25	24	24	25	24	25	23	24	23	23	24	22	23	24	23	24	24	23	23	23
25	24	24	25	26	25	24	24	25	24	25	24	24	24	23	24	23	23	24	22	24	23	23	24	23	23	23	23
25	24	24	26	25	25	25	24	24	25	25	24	24	23	23	24	23	24	22	25	23	23	23	24	22	24	23	24
25	25	25	25	25	25	25	24	24	25	26	25	24	23	24	23	23	23	23	24	22	23	23	23	24	24	23	24
25	25	25	25	25	26	25	25	24	25	26	23	24	24	23	23	23	24	24	23	23	23	23	24	24	24	23	24
31	29	27	25	25	26	25	24	25	26	25	25	25	23	22	23	24	23	24	22	23	24	23	24	23	24	23	24
36	36	34	33	31	28	26	25	24	25	24	26	24	23	23	23	24	24	23	23	23	24	24	23	24	23	23	25
34	34	34	34	33	32	30	29	27	26	25	25	25	23	24	23	23	24	23	23	23	24	23	23	24	23	25	24
35	34	28	17	12	9	8	9	12	15	20	23	24	24	24	24	23	24	23	23	23	23	23	24	23	23	24	23
29	23	4	3	7	12	11	8	2	0	0	0	6	14	21	22	23	23	22	22	22	23	23	22	22	23	23	23
40	45	77	118	150	169	174	163	140	109	67	29	3	0	0	8	17	22	21	22	22	21	21	22	22	23	21	22
252	287	338	384	424	451	461	457	435	387	320	237	147	68	14	0	0	10	20	21	20	20	21	22	22	21	22	22
581	611	654	691	722	738	744	739	725	692	629	546	437	312	185	78	11	0	1	16	21	21	21	21	22	22	22	23
843	859	885	905	917	919	918	912	907	883	850	800	724	616	481	323	170	55	0	0	14	25	25	20	22	22	23	24
960	968	972	977	976	971	964	960	961	951	941	925	890	828	732	602	444	270	118	21	0	9	38	37	24	22	23	24
985	989	994	1000	996	995	992	987	977	971	965	962	951	932	886	803	678	514	335	168	49	19	41	40	38	27	22	24
984	990	1005	1015	1022	1024	1028	1028	1020	1015	1004	986	976	965	952	919	849	738	582	393	199	71	41	36	38	41	31	21
976	980	1006	1010	1008	1022	1038	1063	1061	1056	1046	1028	1015	997	979	965	935	878	779	632	441	230	75	15	23	42	56	32
974	966	1016	1028	997	1003	1021	1052	1069	1072	1059	1044	1037	1021	1005	992	972	941	889	796	653	468	252	73	2	15	47	67
932	933	987	1029	1065	1065	1013	1016	1040	1051	1055	1039	1032	1026	1012	996	978	962	941	892	798	654	466	245	63	0	5	62
968	945	935	952	1038	1079	1035	994	1014	1030	1030	1008	1000	996	994	976	970	973	975	953	889	791	640	435	210	41	0	16
884	996	979	997	1052	1087	1083	1046	987	996	1008	986	977	966	952	958	968	978	993	996	967	889	764	591	372	151	13	0
895	1029	1012	1062	1097	1086	1053	1115	1064	989	998	992	978	960	947	947	960	977	995	1010	1008	973	868	706	514	287	87	0
998	980	990	1058	1053	1029	1030	1118	1126	1028	1001	1002	993	977	962	956	943	962	1003	1028	1030	1008	948	826	626	410	191	33
969	943	940	963	984	1037	1085	1175	1172	1047	993	995	992	992	989	984	985	984	1000	1025	1041	1038	986	894	766	522	294	102
953	944	949	959	978	1005	1049	1097	1137	1057	986	985	984	991	1012	1021	1027	1039	1033	1023	1028	1052	1030	941	829	682	398	179
935	940	946	984	1003	1014	1003	1089	1069	1000	980	963	977	973	992	1023	1046	1038	1034	1043	1049	1050	1056	1020	876	718	524	253
935	943	952	1035	1069	1091	1061	1145	1103	996	969	930	946	947	959	995	1016	1023	1028	1031	1041	1054	1051	1046	958	751	558	327
23	24	24	24	24	24	24	24	24	24	23	25	23	24	25	25	24	24	24	23	25	23	24	24	24	23	24	23
23	24	24	24	24	24	25	24	23	24	24	24	23	25	25	24	24	24	23	25	24	24	24	24	24	23	24	23
23	24	24	24	24	24	24	24	24	24	24	23	25	24	24	24	24	23	25	24	24	24	24	24	24	23	24	24
24	23	24	24	25	24	23	25	23	24	24	24	24	24	24	24	24	25	24	24	24	24	24	24	23	24	24	24
24	23	24	24	25	24	24	25	23	24	25	23	24	24	24	24	24	25	24	24	24	24	24	24	24	24	24	23
24	23	24	24	24	24	24	24	24	25	25	23	24	24	24	23	25	24	24	24	23	25	23	24	24	23	24	24
24	23	24	23	23	25	23	25	24	24	24	24	24	24	23	24	24	24	24	24	24	24	24	24	23	23	24	25
25	24	24	24	24	24	23	25	24	25	24	24	23	23	24	25	23	25	24	24	24	24	23	23	24	24	25	24
27	25	24	25	25	24	23	25	25	24	24	23	23	23	24	23	24	24	24	24	25	24	23	25	24	24	24	23
30	28	27	25	25	23	23	23	23	24	23	23	24	24	24	24	25	24	24	25	25	24	24	24	25	24	23	24
37	27	21	16	13	10	7	6	9	11	15	20	22	23	24	24	23	24	25	25	24	24	24	25	25	24	24	25
37	17	2	0	0	0	0	0	0	0	0	0	6	16	21	22	23	23	24	25	24	24	24	24	24	24	24	24
20	33	33	38	43	48	49	44	36	22	4	0	0	0	2	12	19	22	23	23	24	23	24	23	25	23	24	24
97	124	163	201	228	245	246	229	203	164	123	77	36	7	0	0	2	13	21	22	22	23	22	24	24	24	24	23
376	363	411	459	493	505	504	488	451	400	336	258	181	109	50	17	6	9	18	21	21	21	22	22	23	24	24	23
614	636	673	703	719	717	705	686	649	602	542	470	375	271	172	88	36	15	17	34	34	28	22	22	23	24	24	24
820	852	866	875	871	862	843	820	788	750	688	619	539	443	331	214	112	43	10	13	39	115	69	27	24	23	23	24
918	947	957	962	955	943	926	903	874	841	803	746	673	584	483	371	249	136	47	0	0	57	125	84	34	26	25	25
970	1000	1015	1022	1024	1018	1007	985	955	921	885	836	781	714	624	512	390	272	155	59	4	0	12	86	89	49	32	26
958	985	1007	1020	1026	1034	1044	1042	1031	1011	978	932	875	810	738	651	543	410	275	155	62	7	0	0	61	94	61	38
967	974	988	1003	1021	1032	1033	1038	1035	1035	1029	1009	975	912	832	754	666	556	432	300	146	60	10	0	0	40	88	67
989	997	999	1000	1018	1018	1013	1023	1033	1029	1020	1003	990	977	933	860	760	664	565	455	313	142	43	8	0	9	30	77
1011	1036	1017	1002	1005	982	972	985	983	986	989	978	955	947	954	952	893	771	661	566	417	293	137	28	3	11	21	26
980	987	992	994	988	989	991	978	943	934	936	931	932	944	959	969	974	951	816	647	533	382	240	120	18	5	23	35
969	933	940	1003	1048	1076	1068	1005	951	931	945	965	966	966	986	1002	1032	1022	1009	898	655	477	326	186	92	15	11	31
1000	930	947	1063	1087	1082	1050	973	948	949	962	987	1005	1032	1021	1014	1040	1059	1040	1029	965	689	401	256	139	72	13	21
1005	931	953	1071	1076	1018	979	954	938	941	956	984	1008	1049	1028	1032	1025	1050	1063	1053	1014	994	757	357	195	107	44	26
970	924	944	1038	1033	1013	984	945	922	916	931	947	961	1003	1025	1000	984	1021	1054	1065	1050	1005	996	808	310	156	76	36
25	25	25	24	25	25	25	24	25	24	23	24	24	23	24	24	25	24	24	24	25	24	24	25	24	24	23	25
25	24	25	24	26	25	24	25	24	24	25	24	24	24	24	25	25	24	24	24	25	24	24	25	24	24	23	25
24	24	25	25	26	25	24	25	24	24	25	24	25	24	25	24	25	24	25	24	24	24	25	24	24	23	25	23
25	24	24	25	25	24	24	24	24	24	25	24	24	24	24	24	24	25	25	24	25	24	24	24	23	25	23	23
25	24	25	25	25	25	24	24	24	25	25	24	24	24	24	24	24	25	24	24	24	24	24	24	24	23	23	24
24	25	25	25	25	25	25	25	25	25	24	25	24	24	24	24	25	24	24	24	25	24	24	24	23	23	24	24
24	25	26	24	25	25	24	25	25	25	24	24	25	24	24	24	25	25	24	24	24	24	24	24	24	25	24	24
24	25	25	25	25	25	25	25	25	24	25	24	24	24	24	25	24	24	24	24	25	24	24	23	25	24	24	25
25	25	25	25	25	24	25	25	25	24	25	24	24	24	25	24	24	24	23	25	24	25	24	24	25	23	24	24
25	25	25	25	25	25	25	25	25	24	25	24	24	24	24	24	24	24	24	26	25	25	24	24	24	24	25	24
24	26	24	24	25	25	24	25	25	25	24	24	24	24	25	25	24	25	25	25	25	24	24	25	24	25	24	24
26	23	25	23	24	24	25	25	24	24	25	25	24	26	26	24	25	25	25	25	25	24	25	25	25	24	24	24
29	24	21	21	21	19	20	19	20	22	24	25	25	26	25	25	25	25	25	25	25	24	25	25	24	25	24	25
15	13	10	7	3	2	2	4	7	10	14	18	22	24	25	26	25	25	25	25	24	25	26	25	25	25	24	24
110	0	0	0	0	0	0	0	0	0	3	7	16	23	26	25	25	24	24	24	24	25	25	24	26	25	23	24
243	69	19	34	34	34	26	16	9	2	0	0	7	16	26	35	39	35	31	26	23	20	25	25	25	23	25	25
261	223	209	208	190	166	136	108	81	54	23	4	0	0	5	18	31	44	51	56	63	61	22	23	25	25	24	24
301	309	303	283	280	275	258	222	176	135	90	55	26	3	0	0	6	15	23	23	45	121	100	36	21	25	23	23
552	545	533	507	460	400	342	296	266	236	194	132	85	45	18	1	1	12	25	32	23	25	67	98	54	20	22	24
967	970	957	938	907	858	781	657	524	394	276	217	172	116	70	36	18	7	8	25	65	56	24	38	92	79	27	20
973	986	989	989	982	979	980	975	944	880	725	506	302	181	129	90	44	17	12	32	62	97	82	46	26	72	95	37
976	1019	1041	1043	1033	1026	1013	991	975	963	966	956	852	605	304	125	79	57	52	53	57	52	59	72	63	32	52	101
932	992	1036	1051	1054	1056	1051	1054	1040	1012	978	946	949	975	902	617	249	84	84	78	47	39	48	56	62	61	38	44
923	944	981	1001	1011	1012	1030	1065	1055	1014	960	940	940	932	946	974	876	535	174	49	71	53	41	49	53	54	57	42
925	927	936	938	946	956	973	998	984	951	957	996	1002	984	963	950	954	956	777	346	59	56	57	42	44	50	49	48
937	930	931	919	920	928	954	976	1005	1018	996	1016	1024	1027	1025	1015	998	962	956	932	633	184	34	59	45	40	44	45
964	933	929	925	936	978	1018	1039	1033	1034	1039	1025	1002	992	1023	1044	1050	1028	983	952	967	895	468	78	50	44	38	44
988	942	928	932	994	1035	1037	1032	1009	993	996	1006	957	948	962	1005	1054	1067	1052	1041	991	960	988	741	184	64	57	41
25	25	25	25	24	25	25	24	25	24	24	24	24	24	24	24	24	24	23	25	25	24	24	24	24	24	24	25
25	25	25	25	25	25	24	25	25	25	23	25	24	25	24	24	24	23	24	25	24	24	24	24	24	24	24	25
25	25	25	25	25	25	25	25	25	24	24	25	25	24	24	24	24	25	24	24	24	24	24	25	25	24	24	24
26	25	25	25	25	25	25	25	25	24	25	25	24	24	25	24	25	24	24	24	25	23	25	24	24	24	24	24
26	25	25	25	25	25	25	25	24	25	25	24	25	25	24	25	24	24	24	24	24	24	24	24	24	24	24	23
26	25	25	25	25	25	25	25	25	25	25	24	25	24	25	25	23	25	23	24	24	24	24	24	24	23	24	23
25	25	25	25	25	25	24	25	26	24	25	25	25	25	25	24	25	24	23	24	24	24	23	24	23	24	24	23
25	25	25	26	25	25	25	26	25	24	25	26	24	26	25	24	25	24	24	23	24	23	23	23	24	24	24	24
26	26	25	26	25	25	26	26	25	24	26	25	25	25	25	24	24	24	24	23	23	23	24	24	24	23	24	24
26	26	26	25	26	26	25	26	25	25	25	25	25	25	25	24	24	24	24	23	23	25	24	24	24	25	24	25
26	26	26	26	27	26	25	26	25	25	25	25	25	24	25	24	24	24	24	24	24	24	23	25	24	24	25	24
27	27	26	27	27	26	26	26	25	24	24	24	25	24	26	24	25	25	25	25	24	23	25	24	25	25	24	23
27	26	27	27	27	25	26	24	24	24	24	25	26	25	25	25	26	25	24	25	24	24	25	25	25	24	24	23
26	27	27	25	25	24	25	24	25	25	25	26	26	25	26	27	26	25	25	25	25	23	25	24	25	25	24	24
16	24	22	22	24	25	25	26	25	25	26	25	25	26	26	27	26	25	25	25	25	24	24	24	25	24	25	25
79	53	54	52	22	22	23	24	26	27	28	26	26	26	25	24	24	24	25	25	25	25	24	25	24	24	25	25
132	53	87	101	42	32	23	31	34	36	39	42	46	46	44	38	29	24	23	22	21	22	24	25	24	24	25	24
15	21	19	1	0	25	33	32	32	30	33	34	35	37	46	40	39	36	30	25	25	18	18	23	24	25	25	25
70	56	39	17	0	0	0	0	13	26	28	29	28	36	44	34	36	36	36	32	28	25	22	18	21	25	25	25
690	659	614	547	461	352	225	101	14	0	0	10	26	39	29	31	32	32	32	32	34	30	26	24	19	20	25	25
956	954	954	953	947	933	893	816	666	446	176	21	0	9	21	24	25	27	30	31	36	37	29	25	24	21	18	24
951	942	935	930	923	923	924	944	948	953	885	671	343	92	12	26	39	35	26	29	33	33	30	25	22	23	23	18
973	989	986	977	968	957	943	928	917	913	922	954	931	712	352	79	12	73	87	41	27	27	27	25	24	22	22	24
978	1016	1043	1036	1024	1007	987	968	950	936	931	929	933	957	911	654	295	88	54	74	64	31	23	25	22	21	20	24
965	989	1034	1055	1054	1045	1021	988	966	962	966	972	965	944	940	964	913	676	298	54	38	72	48	25	23	21	21	21
938	945	965	1000	1010	984	945	934	970	987	962	983	994	991	967	939	937	967	949	735	331	58	56	67	37	24	19	19
954	927	929	946	936	924	933	944	958	972	974	981	959	981	998	981	964	959	968	988	965	689	222	33	64	58	32	19
1034	993	938	931	935	945	955	962	974	969	1027	1025	980	973	997	1045	1065	1054	1064	1073	1059	1035	929	539	110	52	68	36
25	25	25	25	25	24	25	25	24	25	24	25	24	25	25	24	24	25	24	25	24	24	24	24	24	25	24	23
25	25	25	25	25	24	25	25	24	25	25	25	24	26	25	24	24	24	25	24	24	24	24	24	25	24	23	24
25	25	26	25	24	25	25	25	25	24	25	25	25	26	24	25	24	25	24	25	24	24	24	25	25	24	24	24
26	25	26	24	25	25	24	25	25	25	25	25	26	25	25	25	25	24	25	24	24	24	24	24	24	24	24	24
25	25	25	25	26	25	25	25	25	25	25	26	25	25	25	26	25	25	25	24	24	24	24	24	24	24	24	24
26	25	24	26	25	25	25	24	25	25	26	25	25	25	26	25	25	25	24	25	24	24	23	24	24	24	24	24
27	24	26	26	25	25	25	24	26	25	26	25	26	26	25	26	25	25	25	24	24	24	23	24	23	24	24	24
26	25	26	26	26	26	25	25	26	26	25	26	26	25	25	26	25	26	25	24	24	23	24	24	23	24	24	24
26	26	25	26	26	25	26	26	25	26	26	26	25	26	25	26	24	26	25	24	24	23	23	23	23	25	24	24
26	26	26	26	26	26	27	26	25	26	26	25	25	26	26	26	25	26	25	25	24	23	24	23	24	24	24	24
26	26	26	26	26	27	26	26	26	26	25	26	26	26	26	25	26	25	25	24	24	24	24	23	24	24	24	24
27	26	26	26	27	27	26	27	26	25	26	26	26	26	26	26	25	26	25	25	24	25	24	24	23	24	24	24
27	27	27	26	27	27	26	26	26	25	26	26	27	26	26	26	25	25	25	25	25	25	24	24	23	25	24	24
26	27	26	26	27	27	26	27	26	25	27	27	27	26	26	26	26	26	26	26	25	24	25	23	24	24	23	25
39	34	32	31	30	28	28	26	27	26	28	26	27	27	26	27	28	25	26	25	25	25	25	23	25	23	24	25
54	49	56	58	39	40	42	39	30	26	27	27	27	27	27	27	27	26	26	26	26	26	24	24	24	23	24	24
52	64	62	67	51	47	40	46	54	43	28	25	27	26	27	26	27	26	27	26	25	26	25	24	24	23	23	25
33	35	33	32	28	36	37	32	34	49	53	37	28	28	28	27	25	27	27	26	26	27	26	25	23	24	24	24
22	19	20	27	29	22	22	27	30	33	52	52	34	32	29	27	27	27	27	26	28	27	27	25	24	24	24	25
344	315	283	232	182	122	47	0	0	23	46	45	49	38	27	27	27	27	28	28	26	27	26	26	25	24	25	24
973	971	970	960	941	889	776	588	324	107	4	14	35	29	24	24	25	26	26	27	25	25	25	26	24	24	23	24
926	928	925	924	928	938	956	988	983	852	548	206	19	29	55	47	33	28	27	27	26	26	27	26	25	23	23	22
930	932	929	927	926	925	924	922	935	961	982	903	567	155	0	22	61	57	51	37	28	28	29	27	26	25	23	23
943	936	931	928	929	928	926	924	925	937	948	962	980	862	498	142	40	82	86	71	56	37	29	28	28	26	23	23
970	956	961	955	942	934	925	926	930	933	933	936	947	967	958	831	552	268	92	43	66	74	58	38	27	26	23	21
984	984	989	989	975	957	950	947	956	967	953	970	967	944	946	946	939	879	706	428	176	71	65	58	45	33	24	21
983	978	984	981	960	953	958	968	981	986	969	971	966	956	968	952	962	994	1010	993	882	635	383	227	124	58	34	21
969	965	974	963	956	963	966	975	1008	1019	1014	1005	1033	984	969	1011	1035	1062	1085	1083	1076	1039	932	783	586	363	146	46
25	26	25	25	25	26	25	25	25	25	25	25	25	24	25	25	24	24	24	25	24	24	23	22	24	23	24	24
26	26	25	25	25	26	25	25	25	25	25	25	25	25	25	24	24	24	24	25	23	24	23	23	24	23	24	23
26	25	25	26	25	26	25	25	25	25	24	25	25	25	25	24	24	24	24	24	24	24	24	23	23	23	23	24
25	25	25	26	25	26	25	25	25	25	25	25	25	24	24	25	24	24	24	24	24	24	24	24	23	23	24	24
26	26	25	25	25	26	26	25	25	25	25	25	25	24	25	24	24	24	24	24	25	24	24	23	23	23	24	24
26	26	25	26	25	26	26	25	26	25	25	25	24	26	25	25	24	25	24	24	24	24	24	23	23	23	24	24
26	25	26	26	25	26	26	25	26	25	25	25	25	25	24	25	24	25	25	24	24	24	24	23	22	23	24	23
26	25	26	25	26	26	25	26	25	26	25	25	25	25	25	25	24	25	25	24	24	24	24	23	22	23	23	24
25	26	25	27	25	26	25	26	26	26	25	26	25	25	25	25	25	25	24	24	24	25	23	23	23	23	24	24
26	26	26	27	26	26	26	25	27	26	25	25	25	25	26	25	25	24	25	24	24	24	24	23	24	22	23	24
26	26	26	26	27	25	26	26	26	26	25	25	26	26	26	25	24	25	25	25	24	24	24	24	24	23	23	24
26	26	27	26	26	26	27	26	26	25	26	25	26	26	26	25	25	25	25	25	25	25	24	25	23	23	23	24
27	27	27	27	26	27	26	26	26	26	26	27	27	26	26	25	26	25	25	25	25	25	24	25	24	23	23	24
27	27	26	27	26	27	26	27	27	27	26	27	26	26	26	26	26	25	26	25	25	25	25	24	25	23	23	23
30	31	31	30	29	28	27	26	27	26	27	27	26	27	26	26	27	26	26	25	27	25	25	25	25	23	22	24
31	32	33	34	36	38	39	37	30	27	27	27	27	27	26	26	26	26	26	25	26	25	25	26	25	23	22	23
26	27	29	32	37	40	43	44	51	37	27	27	27	26	27	26	27	26	26	26	26	26	25	25	24	24	23	24
57	65	60	49	48	45	43	40	39	47	36	28	27	26	27	27	27	27	27	27	26	26	26	26	25	25	24	23
119	114	102	64	46	33	26	31	37	40	37	27	27	27	27	28	27	28	28	27	27	26	26	26	26	25	25	22
310	282	230	159	76	57	47	17	31	43	30	25	26	27	27	28	28	29	29	27	28	27	27	27	26	26	26	22
828	827	782	722	630	521	435	262	93	29	27	31	28	26	26	27	26	27	27	28	28	27	28	27	27	25	24	22
956	958	955	926	893	897	893	801	590	313	106	39	51	54	41	34	30	29	28	29	29	29	29	26	26	26	24	21
955	950	944	925	920	938	954	946	894	758	515	251	63	26	52	57	50	43	40	34	29	30	29	28	28	25	24	23
983	953	941	936	936	937	946	950	955	929	844	679	438	177	26	8	70	77	66	55	52	40	29	28	27	27	24	23
978	949	933	932	951	976	982	947	947	955	944	860	758	632	470	318	227	192	181	126	75	47	39	30	23	24	24	22
961	938	936	959	974	1007	984	943	953	955	940	937	938	932	934	917	876	817	753	695	622	502	335	169	52	6	14	20
978	954	952	956	1010	1037	970	949	959	958	944	956	957	935	943	949	972	984	979	956	933	933	927	844	628	296	45	8
997	983	973	966	1016	1006	958	952	950	957	981	974	954	952	963	1021	1066	1079	1077	1074	1035	958	932	948	971	933	612	154
25	25	25	25	25	26	25	25	25	25	25	25	25	24	24	24	23	24	24	23	24	23	23	23	23	22	22	23
26	25	25	25	25	26	25	25	26	24	25	25	24	23	24	24	24	23	23	23	23	23	23	23	22	22	22	23
26	25	25	25	26	26	25	25	25	24	25	24	24	24	24	24	23	23	24	22	24	23	23	23	23	22	22	23
25	26	25	26	25	26	25	25	25	24	25	24	24	24	24	24	23	23	23	22	25	23	23	23	23	22	22	24
25	26	25	26	26	25	25	26	25	25	24	24	24	24	24	23	24	23	23	23	24	22	23	23	23	22	23	23
25	26	25	25	26	25	26	26	25	25	23	24	24	24	24	23	23	22	24	23	24	23	23	24	22	22	23	23
25	26	26	25	26	26	26	25	25	24	23	24	24	25	23	23	24	24	23	23	24	23	23	23	22	23	22	23
26	26	26	25	26	26	25	25	25	24	23	23	24	24	23	23	24	23	23	23	24	23	23	24	22	23	22	23
26	26	26	26	26	25	25	25	24	25	23	23	24	23	23	24	24	23	23	23	24	23	23	24	23	23	22	23
27	26	26	26	26	25	25	24	24	24	24	23	23	23	24	24	24	24	23	24	24	23	23	25	24	23	22	23
27	26	27	26	26	25	25	25	24	23	23	23	24	24	24	24	24	24	24	24	24	25	24	25	24	23	23	22
26	27	27	26	26	26	25	24	23	23	23	24	23	24	24	24	24	23	24	24	25	24	24	24	24	24	22	22
27	26	27	26	26	25	25	23	23	23	24	23	24	24	24	24	24	24	24	25	25	25	24	24	24	24	22	22
27	27	27	26	25	25	24	24	23	23	24	24	24	23	24	24	25	25	25	25	25	25	25	24	24	24	23	22
25	26	24	26	25	25	24	23	23	23	23	24	24	24	24	25	25	25	25	25	25	25	25	25	25	24	24	22
23	26	31	26	22	21	21	21	22	23	22	23	24	25	25	26	26	26	26	26	25	26	26	25	25	26	24	22
27	18	21	35	40	34	27	22	22	23	23	25	26	27	27	27	27	27	27	27	27	27	26	26	26	26	24	24
141	273	244	137	33	34	44	40	32	25	25	28	29	29	27	29	28	28	28	28	28	27	27	26	27	26	26	24
830	948	940	806	477	89	32	42	47	44	37	32	29	28	29	30	29	29	30	28	28	28	28	29	27	26	27	24
1087	1078	1060	1005	868	431	45	43	43	42	47	50	44	34	30	28	31	30	30	30	30	29	28	28	27	26	27	23
1050	1061	1052	1018	920	541	65	31	39	43	43	42	48	56	50	39	32	31	31	32	30	28	29	28	27	26	26	24
1069	1067	1063	1029	945	502	188	114	27	12	26	38	39	39	49	60	57	45	37	34	31	29	29	28	27	26	26	24
1067	1063	1053	998	834	630	515	384	202	58	5	5	22	32	32	35	41	54	55	45	38	37	34	30	28	26	25	24
1075	1056	1032	1015	938	881	768	648	507	277	105	25	17	40	43	21	26	33	33	40	44	35	32	33	30	26	27	24
1070	1038	996	976	969	932	877	806	694	552	475	507	583	661	707	692	636	552	430	321	226	139	67	19	10	23	23	21
1052	991	1003	993	973	946	932	865	804	803	856	896	919	927	930	935	943	950	955	946	913	849	736	537	263	45	5	18
1038	981	1011	1006	980	967	928	902	918	943	945	939	959	952	927	939	954	958	947	929	922	928	944	962	936	716	270	27
1038	970	981	965	968	954	929	944	940	940	952	966	974	974	1019	1064	1077	1081	1057	994	947	931	929	921	922	960	941	488
24	25	25	25	25	25	25	25	25	25	25	25	25	25	25	24	24	24	24	24	24	24	23	24	24	23	23	23
25	25	25	24	25	25	24	25	25	25	25	25	25	25	24	25	24	24	24	24	23	24	23	24	23	23	22	24
25	25	24	25	25	25	24	25	25	26	25	25	24	24	24	25	24	24	24	23	23	24	24	23	24	23	24	23
24	25	24	25	25	25	25	25	26	26	25	25	25	24	25	24	24	23	24	24	24	24	24	24	24	24	23	23
24	25	24	25	24	25	25	25	26	25	25	24	24	25	25	24	24	23	24	24	25	23	23	24	24	24	23	23
26	24	25	25	25	25	25	25	25	25	25	24	24	25	24	23	24	24	24	24	23	24	24	24	23	24	23	23
25	25	25	25	26	24	25	25	25	25	24	25	24	25	24	23	24	24	24	23	24	24	24	23	24	24	24	23
25	25	25	25	25	25	25	24	25	25	25	24	24	25	24	24	24	24	24	24	24	24	23	24	24	24	22	23
25	25	25	25	25	25	24	25	25	25	24	24	24	24	23	24	24	24	24	24	24	23	25	24	24	24	24	23
26	25	26	24	26	24	24	25	25	24	24	24	24	23	25	24	23	24	24	24	24	24	24	23	24	25	24	21
26	26	25	25	25	24	25	25	24	24	24	23	24	24	24	24	24	24	24	24	25	24	24	24	25	23	23	22
27	26	25	25	24	24	25	24	24	24	23	24	24	25	23	24	24	24	25	24	24	24	24	24	24	24	23	22
27	26	25	25	25	24	25	24	24	23	24	24	24	24	24	24	23	24	25	25	25	24	24	23	25	24	24	23
26	26	25	25	24	24	24	24	24	24	24	23	25	24	24	24	24	25	25	24	25	24	23	24	25	25	23	23
26	25	26	25	25	25	24	24	24	23	23	24	23	24	24	24	25	25	25	25	25	24	24	25	26	24	23	23
25	25	26	25	24	24	24	24	23	24	22	23	24	24	24	25	25	25	26	25	25	25	25	25	25	25	25	25
25	24	27	30	31	27	24	20	23	23	22	23	23	24	25	26	25	27	26	25	26	25	26	26	26	26	25	25
39	70	74	55	29	36	40	37	26	21	22	23	24	25	27	27	27	26	26	27	27	27	27	27	26	26	26	25
240	320	380	339	178	40	32	39	49	51	40	31	25	26	27	28	27	27	28	29	28	28	28	27	26	25	25	25
760	555	521	522	432	190	29	33	31	36	49	57	51	39	33	28	28	29	30	31	29	28	28	27	26	25	25	25
1068	997	761	640	492	267	35	24	24	25	25	32	46	49	51	45	41	35	32	30	29	28	27	27	27	26	26	24
1056	1072	1067	1026	865	362	17	15	24	27	27	27	35	40	43	48	49	46	41	37	32	28	28	28	27	27	25	25
1051	1051	1060	1061	1039	738	151	0	7	22	30	28	29	35	40	41	41	42	44	46	47	46	43	36	29	25	25	26
1047	1048	1054	1048	1047	944	330	4	0	0	0	37	57	50	32	17	13	33	43	39	33	29	35	47	53	39	25	24
1035	1034	1045	1035	1034	985	340	58	109	356	613	754	791	773	734	690	648	623	599	552	479	374	235	92	12	23	35	19
1029	1039	1050	1025	1036	861	292	441	759	913	942	937	931	932	934	936	938	943	945	946	949	947	919	826	587	228	27	25
1010	1040	1030	1015	1011	669	586	835	911	924	927	928	928	923	925	934	942	936	922	915	914	911	911	926	962	932	570	112
991	1031	1026	991	933	699	853	946	927	946	967	943	957	985	1036	1058	1062	1008	950	964	993	991	968	932	912	919	973	754
