957	944	972	992	1258	1369	1314	1296	1378	1335	1102	981	977	936	936	937	926	904	895	1057	1098	1097	1086	1064	1044	1017	990	1019
971	968	968	1086	1350	1364	1315	1353	1382	1295	985	932	928	960	926	928	971	993	979	982	1048	1070	1065	1077	1070	1007	1019	1057
983	971	956	1216	1396	1361	1334	1409	1442	1179	926	970	945	970	956	969	994	1011	1030	992	937	994	1022	1032	1037	987	1039	1089
976	982	1027	1365	1447	1358	1367	1403	1451	1071	936	924	961	1022	1012	1037	1049	1048	1058	1050	1035	993	1001	996	985	965	995	1025
956	943	1114	1480	1491	1379	1418	1518	1394	944	944	944	1007	1046	1037	1069	1072	1064	1026	1034	1036	1031	1002	976	1002	994	963	979
978	975	1302	1549	1487	1407	1484	1602	1248	910	915	905	981	1029	1021	1057	1090	1112	1080	1038	1023	1013	1020	1026	993	970	997	970
952	1042	1482	1575	1471	1447	1592	1611	1072	911	915	913	996	1018	1019	1060	1065	1088	1085	1066	1042	1030	1046	1040	1038	1003	990	987
953	1257	1596	1577	1482	1467	1673	1465	938	917	942	952	997	1008	1028	1080	1067	1084	1119	1113	1096	1059	1044	1023	1002	1017	1017	1055
1033	1492	1652	1564	1488	1580	1748	1288	933	960	948	938	974	979	1024	1067	1022	1030	1106	1198	1279	1324	1314	1295	1257	1246	1299	1318
1292	1621	1582	1493	1451	1630	1654	1029	922	931	901	912	898	946	963	1040	1116	1114	1147	1202	1256	1270	1249	1237	1248	1238	1266	1227
1576	1713	1603	1535	1560	1829	1556	947	979	910	884	882	874	883	904	1018	1173	1167	1128	1136	1203	1188	1160	1170	1157	1178	1236	1269
1754	1742	1572	1499	1688	1824	1256	944	967	915	921	909	904	878	886	942	1153	1196	1203	1189	1213	1158	1176	1173	1192	1157	1183	1275
1788	1597	1503	1541	1810	1730	1005	1012	934	877	890	896	888	890	905	930	1083	1309	1244	1190	1144	1146	1139	1164	1154	1189	1264	1293
1647	1516	1496	1570	1890	1409	929	973	879	869	870	875	890	902	905	936	948	1086	1314	1251	1206	1178	1148	1150	1176	1292	1322	1215
1574	1482	1496	1772	1873	1065	952	942	867	883	878	887	886	881	891	934	954	967	1116	1240	1075	1065	1087	1112	1261	1295	1156	1310
1519	1466	1539	1950	1511	879	965	910	896	907	900	892	874	889	903	926	982	1010	970	1010	1220	1289	1171	1128	1211	1221	1421	1221
1423	1451	1743	1902	1056	881	909	890	890	872	874	889	902	905	905	934	958	979	957	934	1018	1216	985	959	1129	1333	1114	1094
1395	1533	1976	1429	823	875	880	868	870	873	893	906	925	907	918	933	942	942	965	997	1000	966	943	975	1115	1096	1104	1093
1465	1867	1789	943	867	877	878	874	877	885	876	891	899	897	908	922	938	954	973	1001	998	1018	1018	979	975	1025	1035	1039
1806	1951	1108	853	875	887	898	921	905	906	906	904	893	880	882	913	954	960	979	1003	1008	1042	1056	1050	1036	1029	1056	1026
2103	1325	913	916	897	890	867	878	882	869	868	879	906	919	943	997	1045	1003	1014	1027	1017	1077	1086	1076	1052	1003	1027	985
1392	890	943	903	869	892	889	885	899	915	923	954	965	948	917	976	978	952	983	997	991	1007	1059	1051	1015	1002	1022	1028
949	1008	998	953	903	893	900	904	909	902	890	887	889	908	945	991	957	971	1008	1070	1046	1010	1046	1062	1054	1010	1029	1071
997	1010	1000	963	930	916	916	896	894	904	907	916	903	927	981	984	944	935	981	1036	1022	1001	1034	1082	1062	1054	1054	1083
1066	1054	1047	1012	973	929	914	916	915	924	956	917	874	893	946	901	912	912	980	1078	1086	1060	1027	1069	1066	1056	1088	1103
1029	1023	1007	1006	1001	983	952	921	914	935	959	906	912	930	969	920	926	923	1011	1080	1055	1053	1046	1019	1055	1062	1058	1063
1046	1048	1042	1049	1045	1037	1043	1016	972	943	918	919	903	911	943	926	908	930	1066	1094	1082	1074	1055	1010	982	1013	1020	1072
1074	1079	1070	1055	1047	1055	1046	1060	1078	1036	981	921	881	882	950	970	915	1040	1067	1062	1061	1066	1101	1080	1005	970	978	1058
972	876	881	958	1424	1490	1409	1481	1579	1724	1450	1044	1037	1096	1111	1096	1014	960	997	1003	990	999	996	957	1005	1046	1095	1109
955	885	904	1088	1426	1443	1472	1522	1605	1579	1196	1030	1062	1119	1121	1103	1032	995	988	986	977	956	957	947	993	1066	1066	1078
929	917	997	1241	1397	1452	1499	1530	1569	1357	1054	1073	1108	1125	1133	1112	1010	950	965	983	972	978	956	969	1035	1060	1055	1055
914	982	1073	1259	1411	1519	1507	1504	1466	1160	1068	1125	1146	1167	1177	1211	1136	937	937	932	902	890	957	965	997	1033	1045	1037
955	1037	1136	1296	1454	1472	1449	1491	1308	1085	1102	1142	1147	1127	1134	1219	1335	1134	898	928	888	886	892	927	987	1020	1037	1032
1009	1072	1165	1369	1475	1435	1469	1437	1152	1059	1072	1049	1066	1087	1074	1105	1275	1459	1008	864	837	781	823	843	898	950	983	1006
1057	1078	1223	1407	1429	1435	1465	1280	1052	1029	1008	1005	1071	1093	1040	1065	1161	1468	1389	893	753	707	697	762	806	881	900	957
1074	1084	1286	1409	1364	1397	1342	1127	997	1006	1010	997	1082	1094	1082	1134	1177	1316	1495	1298	919	742	677	661	708	752	817	941
1043	1149	1386	1411	1396	1417	1240	1048	1022	1035	992	902	1012	1188	1249	1257	1215	1242	1263	1182	1041	929	845	757	736	770	834	925
1093	1270	1429	1381	1397	1294	1093	1017	1032	1020	972	873	894	1181	1291	1247	1189	1137	1045	960	853	791	785	795	802	792	826	909
1134	1395	1391	1387	1375	1240	1074	1030	1000	974	936	881	859	998	1202	1239	1154	1120	1020	935	815	775	730	736	742	747	812	847
1311	1403	1367	1390	1320	1130	1012	988	998	992	962	934	935	956	1044	1163	1204	1101	997	897	823	758	692	680	696	747	800	870
1400	1365	1362	1326	1208	1041	1016	1018	1006	1018	999	964	966	1016	1011	1015	1069	1039	997	919	821	697	662	661	672	698	767	862
1370	1334	1346	1274	1147	1031	1021	984	996	1017	998	980	964	1002	1019	991	932	919	886	835	803	718	673	698	708	759	779	847
1345	1333	1308	1208	1068	1035	1023	1032	1022	1007	997	985	988	1029	1044	1006	986	920	867	828	791	751	757	761	795	803	799	872
1353	1333	1260	1162	1052	1045	1016	1008	1041	1040	1007	1003	995	1015	1023	994	983	942	899	873	805	755	819	845	849	835	836	933
1303	1301	1200	1073	1025	1027	1004	1018	1059	1085	1047	1016	1009	1028	1034	1010	1019	982	966	925	875	873	858	898	922	948	1033	1055
1274	1252	1117	991	998	986	970	1006	1055	1089	1104	1096	1052	1020	1011	1015	1031	1016	984	920	876	875	905	962	1046	1068	1060	1050
1287	1144	990	964	958	913	962	1003	1043	1099	1122	1126	1118	1135	1147	1151	1114	1084	1049	1042	1060	1079	1093	1076	1040	1004	1039	1096
1142	934	878	951	915	909	961	981	1008	1054	1110	1126	1098	1095	1116	1165	1197	1198	1213	1180	1194	1165	1101	1041	1036	1063	1091	1169
946	830	903	956	912	907	946	983	976	1018	1093	1179	1170	1154	1109	1135	1147	1171	1173	1187	1181	1192	1119	1120	1128	1085	1108	1160
783	819	863	888	889	889	919	969	996	999	1036	1135	1203	1207	1174	1198	1193	1199	1228	1226	1263	1215	1160	1199	1188	1127	1109	1229
861	881	865	886	898	898	915	911	943	961	972	986	1099	1214	1268	1242	1235	1255	1288	1243	1271	1191	1152	1247	1221	1119	1278	1350
872	889	892	900	900	914	903	928	967	973	965	956	975	1098	1265	1280	1277	1263	1221	1216	1201	1230	1357	1378	1173	1154	1378	1316
862	886	870	875	896	903	906	898	916	926	938	931	939	992	1079	1145	1210	1213	1165	1151	1139	1163	1154	1104	1045	1080	1405	1252
904	892	883	893	918	893	884	889	930	949	939	946	955	959	1025	1041	1054	1117	1122	1107	1097	1093	1062	1030	995	1025	1257	1199
945	958	970	969	973	965	943	914	900	884	891	909	919	921	1007	1001	1030	1067	1078	1087	1078	1086	1066	1088	1032	1018	1058	1173
999	997	997	994	982	988	982	965	959	937	934	918	921	933	994	992	972	1074	1122	1126	1114	1100	1106	1099	1066	1059	1025	1069
976	961	983	1019	1024	1033	1043	1056	1044	1021	1025	1102	1168	1235	1310	1333	871	536	465	394	390	418	481	558	591	606	712	812
995	998	1013	1034	1032	1043	1054	1053	1065	1085	1125	1163	1178	1254	1360	1278	786	459	375	305	263	275	328	361	430	480	567	751
982	994	1029	1036	1038	1036	1034	1006	1084	1122	1164	1222	1292	1350	1269	1217	766	363	298	236	189	173	209	236	321	393	464	626
1017	1028	1047	1059	1055	1050	1058	1022	1090	1129	1140	1233	1251	1267	1123	1040	763	312	186	154	121	90	149	173	231	348	424	533
1034	1056	1051	1066	1069	1088	1065	1032	1015	1123	1154	1218	1161	996	845	789	631	371	183	119	89	112	120	111	170	248	368	509
1031	1052	1058	1077	1081	1066	1031	1023	994	1108	1212	1164	1002	790	616	496	341	225	156	176	122	112	92	73	124	145	241	395
1011	1054	1066	1062	1058	1048	1033	1009	1015	1018	1115	1061	878	706	508	333	195	109	88	106	82	69	102	101	85	113	137	173
988	1014	1028	1064	1048	1041	1028	1013	997	977	979	949	757	571	383	207	144	74	46	63	86	84	86	79	85	91	89	125
1021	1024	1034	1078	1066	1046	1036	1030	1007	977	867	733	604	426	302	173	106	78	91	88	88	58	90	76	94	85	81	88
1034	1043	1053	1125	1106	1051	1047	1028	1004	971	822	616	446	315	233	200	128	94	106	120	90	67	91	66	69	111	106	75
1049	1064	1082	1147	1160	1066	1046	1009	996	956	767	582	409	264	166	126	100	65	94	110	65	89	108	60	48	105	76	114
1062	1075	1100	1142	1141	1098	1029	1023	1015	906	722	534	367	236	174	121	89	95	110	93	99	117	149	101	56	86	72	126
1069	1092	1113	1174	1206	1201	1103	1005	990	890	708	514	322	236	173	130	126	113	110	62	148	66	90	90	63	49	77	129
1056	1072	1127	1186	1243	1224	1220	1058	964	912	730	538	329	239	175	122	97	71	74	70	106	118	83	119	104	88	98	101
1034	1071	1103	1175	1253	1224	1209	1274	1052	870	736	536	370	264	195	169	127	117	118	133	98	100	91	110	99	138	180	109
1000	1052	1091	1191	1298	1263	1191	1212	1302	1011	731	600	439	328	259	190	123	126	112	96	110	95	124	110	104	137	201	283
996	1032	1079	1144	1255	1283	1222	1199	1249	1303	998	656	441	349	302	227	174	171	128	94	128	114	128	149	143	201	320	567
996	1052	1089	1129	1213	1293	1323	1236	1217	1219	1195	996	684	431	352	290	249	218	182	159	151	146	184	191	305	484	641	738
1007	1050	1062	1085	1149	1259	1304	1260	1202	1183	1112	999	877	719	555	444	343	274	256	243	243	266	310	374	468	564	691	782
1017	1093	1081	1075	1094	1209	1292	1285	1241	1210	1152	1054	906	777	692	643	529	475	477	457	412	416	436	493	533	614	711	862
1016	1059	1068	1068	1060	1096	1251	1317	1243	1276	1250	1139	1007	851	759	779	685	627	589	581	570	577	557	596	630	703	842	989
1026	1031	1056	1048	1045	1057	1091	1238	1286	1273	1270	1216	1096	951	871	827	690	685	681	677	669	671	656	687	725	839	901	1041
980	1009	1026	1015	1046	1085	1080	1098	1208	1289	1290	1298	1226	1065	986	912	828	757	724	696	710	767	807	826	845	881	990	1147
972	1009	1002	988	1028	1060	1077	1089	1088	1134	1172	1200	1244	1177	1081	972	933	911	864	846	855	897	873	875	905	983	1040	1139
959	988	963	951	1006	1027	1052	1065	1081	1070	1089	1078	1091	1152	1149	1100	1016	976	948	936	933	929	898	888	902	969	1113	1096
928	944	921	941	989	1016	1031	1040	1069	1082	1069	1060	1026	1009	1053	1026	966	957	932	944	956	930	883	914	949	972	1074	1093
940	941	927	931	962	995	1019	1006	1011	1028	1019	1020	1017	1012	1047	1022	992	999	986	969	989	941	947	985	1014	1057	1056	1054
944	961	935	912	919	953	1004	994	1021	1041	1039	1027	988	1008	1023	1026	1028	1042	1015	1004	1030	988	1071	1117	1102	1068	1082	1049
1036	1080	995	936	862	868	886	992	983	860	707	551	377	280	131	102	89	63	89	106	90	77	82	89	90	113	113	207
1114	1125	978	924	908	907	889	909	900	726	583	389	262	146	50	82	116	108	130	107	76	89	84	108	151	112	94	83
1170	1145	979	946	921	903	869	791	797	583	422	306	159	75	74	77	67	96	155	146	81	105	155	116	104	109	113	99
1189	1146	992	935	908	894	826	716	600	445	293	212	142	88	62	34	90	93	107	131	113	76	144	143	116	113	111	108
1174	1167	1042	921	912	853	746	636	459	322	228	116	87	99	107	124	133	76	82	104	110	153	159	174	128	91	86	193
1187	1135	1063	919	892	825	653	532	374	235	179	88	69	75	83	126	143	131	103	86	143	166	85	86	124	111	90	109
1186	1112	1114	971	881	776	603	463	331	249	130	95	67	64	103	117	133	104	106	85	126	123	90	80	79	118	133	106
1170	1096	1104	1058	854	728	548	391	236	167	115	80	56	124	155	114	124	92	97	112	128	99	112	88	76	112	117	103
1181	1072	1048	1127	881	644	502	350	221	120	78	101	105	117	93	102	108	88	88	115	119	124	98	93	92	118	101	108
1256	1137	1105	1162	919	592	460	314	196	111	48	74	97	94	80	98	142	124	129	94	88	107	103	86	79	151	224	116
1258	1158	1133	1203	1028	597	428	297	197	98	70	96	65	100	90	88	130	97	105	104	110	91	108	106	114	154	152	117
1266	1168	1123	1201	1086	754	391	317	226	79	78	80	74	85	85	79	106	112	117	99	108	89	142	137	125	105	113	105
1290	1207	1188	1214	1054	932	560	282	223	98	78	81	72	95	97	92	149	133	92	71	135	141	165	94	73	90	104	138
1265	1191	1236	1220	991	765	752	410	232	114	47	100	85	85	101	112	123	65	91	101	176	180	85	86	99	113	103	142
1191	1199	1223	1254	989	708	599	545	255	101	77	74	69	65	80	176	95	92	111	146	108	154	84	105	98	171	203	110
1117	1150	1176	1264	1059	745	591	518	318	106	69	65	132	80	69	166	79	82	108	95	89	206	135	144	217	233	235	231
1130	1106	1158	1261	1126	817	659	571	387	128	59	84	95	102	73	119	90	95	98	99	120	160	174	147	179	139	112	112
1129	1081	1082	1222	1234	935	753	603	467	217	49	43	58	67	87	135	124	131	91	124	166	122	149	123	126	112	146	127
1122	1098	1043	1080	1212	1006	848	670	521	350	153	85	63	78	57	86	115	112	150	157	112	88	127	110	114	100	138	117
1100	1090	1060	1016	1060	1100	953	833	655	463	270	119	55	74	50	80	90	73	128	124	86	90	114	102	101	113	175	116
1065	1091	1062	1023	958	998	1035	916	806	634	470	269	109	68	49	78	82	78	82	111	96	87	104	107	95	118	115	140
1079	1095	1095	1025	988	927	943	981	908	785	682	539	349	174	89	88	80	100	79	101	80	60	88	93	112	84	71	264
1084	1063	1092	1069	1003	974	910	929	942	859	751	669	575	423	296	192	123	82	82	98	86	83	89	115	102	111	244	512
1068	1078	1096	1121	1070	980	947	911	905	863	819	719	667	582	500	355	281	204	179	138	141	138	156	177	237	321	443	646
1032	1057	1056	1069	1104	1089	995	957	941	899	841	791	709	643	677	564	434	355	339	317	336	348	361	394	463	570	652	760
1007	1033	1059	1077	1083	1112	1110	1070	1041	1049	1024	929	790	761	792	730	617	591	572	566	567	534	568	630	699	737	866	1143
989	1004	993	1029	1072	1078	1094	1151	1145	1096	1059	1010	936	879	855	807	731	709	737	718	733	726	721	732	833	993	1211	1228
973	985	947	991	1044	1076	1085	1084	1104	1152	1149	1109	1042	1020	1012	975	894	844	808	778	798	829	949	1082	1138	1198	1195	1121
1083	995	629	421	284	199	164	104	61	50	98	111	125	122	138	119	92	76	98	72	73	89	99	126	131	160	153	161
1059	943	532	321	233	159	118	73	67	69	62	49	70	110	136	109	112	94	134	89	89	87	74	159	226	108	108	119
1055	947	471	305	221	123	92	57	55	57	66	81	86	97	112	109	92	83	117	126	79	53	112	207	171	114	124	120
1006	864	476	263	203	106	53	86	55	55	85	95	73	120	101	102	103	92	80	134	87	92	175	115	196	103	102	149
913	749	523	229	174	83	57	90	63	56	128	92	68	116	94	92	73	81	76	98	122	172	194	122	139	126	95	285
847	618	550	261	149	74	52	80	88	78	128	92	93	92	81	73	84	75	90	69	192	233	97	84	132	256	271	224
806	554	472	261	128	75	73	75	106	145	75	75	79	109	151	72	105	97	94	79	212	167	100	81	117	116	114	111
771	533	440	262	145	74	73	68	97	89	98	91	53	231	297	109	95	86	81	98	268	104	99	73	102	81	94	137
738	525	421	251	115	45	55	94	105	77	89	146	147	191	79	97	104	112	83	121	229	96	56	79	115	117	101	137
747	500	418	238	64	50	87	110	118	87	91	100	128	82	93	95	99	127	98	135	146	70	130	118	97	126	132	163
718	523	416	226	57	113	73	59	195	145	104	115	97	89	102	79	99	111	109	145	141	107	134	126	236	223	152	108
734	520	441	267	108	89	70	75	177	142	99	130	112	82	116	99	95	80	93	105	215	217	204	266	196	84	96	87
740	584	501	268	59	37	63	99	97	97	115	147	98	91	94	96	114	102	98	132	151	170	147	77	70	80	66	101
760	563	449	286	89	50	72	98	81	102	110	161	100	87	97	117	87	105	109	129	79	99	93	108	103	100	94	231
704	591	497	319	144	65	74	73	73	101	109	107	82	85	86	137	93	111	111	95	145	212	86	102	116	156	237	369
707	595	532	373	181	69	74	63	98	107	102	114	109	100	75	141	90	112	123	115	175	530	181	126	140	82	200	343
740	614	537	419	237	117	92	106	130	124	117	110	99	115	71	242	130	106	127	100	136	231	239	137	125	83	205	372
789	652	555	514	430	198	111	115	105	84	90	107	110	109	187	443	202	156	125	112	129	114	149	165	141	122	205	421
838	697	617	560	447	290	140	58	61	74	95	98	78	116	130	95	106	166	104	136	124	118	145	135	131	119	259	455
973	753	678	592	499	379	226	102	54	75	83	96	83	103	85	99	109	120	143	148	131	138	134	117	140	142	342	407
1241	959	748	619	517	444	336	214	104	114	88	112	115	141	113	101	101	111	98	160	114	146	121	134	134	177	364	370
1254	1218	922	623	542	499	418	302	181	83	66	90	104	131	111	118	136	106	105	155	129	157	149	145	217	217	225	269
1277	1276	1114	794	584	499	428	361	258	129	95	81	107	123	133	156	110	109	97	142	105	145	188	217	151	137	190	219
1210	1260	1263	1148	821	577	495	401	317	210	105	69	104	123	98	131	148	115	130	146	112	96	136	109	64	98	133	129
1181	1212	1266	1216	1119	907	642	524	433	345	196	125	164	137	163	110	106	99	167	107	87	86	111	82	70	63	54	80
1139	1170	1221	1231	1225	1130	1008	822	755	749	762	569	312	192	168	101	112	90	116	96	70	66	71	58	38	16	53	462
1082	1145	1160	1162	1181	1230	1154	1143	1102	1045	1036	1024	890	618	293	187	119	97	96	74	74	86	57	35	25	165	600	956
1020	1076	1127	1177	1198	1271	1270	1228	1223	1258	1273	1173	1127	1088	924	637	304	171	177	135	123	148	241	311	453	767	963	998
416	161	80	63	65	81	119	99	100	183	336	251	190	171	247	157	109	137	99	109	121	175	137	168	245	175	163	120
308	72	71	111	110	106	106	103	125	151	230	174	125	101	219	153	96	98	104	93	107	129	110	118	230	149	165	172
223	48	61	84	126	99	125	108	115	95	108	86	109	96	168	167	121	78	113	153	138	200	129	126	212	134	165	181
166	29	46	87	107	79	86	88	115	112	83	70	95	77	143	171	86	100	115	212	293	274	111	109	159	116	131	124
146	52	59	85	105	96	88	100	98	90	75	91	59	87	136	166	51	55	67	127	179	146	125	97	115	132	86	115
101	58	86	111	113	99	103	109	111	92	111	74	105	72	157	157	59	63	69	58	65	108	115	117	117	263	302	226
102	57	55	79	99	113	104	124	119	111	83	64	69	119	310	217	38	80	82	82	112	119	109	144	276	203	156	128
101	50	89	82	109	150	135	140	161	112	106	104	92	132	370	269	139	55	71	95	192	114	151	256	211	44	77	115
95	52	84	86	116	90	99	148	154	97	84	91	76	77	92	127	257	102	54	111	245	157	260	186	124	60	101	118
82	65	64	90	78	94	128	97	144	93	112	122	86	94	115	80	81	131	77	167	275	124	168	113	121	87	56	98
63	75	84	80	96	152	116	74	191	124	120	101	88	98	127	87	85	95	74	416	445	136	147	177	158	67	138	215
84	84	75	90	107	140	102	100	158	185	134	95	91	100	124	106	89	96	69	487	852	454	192	146	118	189	256	286
84	82	67	77	91	90	99	109	115	152	128	104	104	124	113	90	86	66	128	617	668	330	89	60	106	221	303	462
60	71	94	96	83	93	95	83	113	113	147	132	145	97	78	91	87	70	220	225	145	180	102	95	105	241	464	708
71	53	93	118	149	127	129	111	85	82	119	140	149	182	135	79	76	103	100	50	256	303	90	62	107	274	718	955
91	81	100	93	159	122	125	94	86	85	100	116	119	116	148	160	101	88	103	89	208	297	61	64	122	320	734	977
109	96	114	102	80	91	116	120	115	101	112	96	105	94	149	294	121	102	109	87	99	112	72	56	124	421	708	943
143	75	66	86	83	91	109	106	98	158	119	84	84	84	298	392	101	89	93	119	107	118	97	52	175	458	681	951
218	80	82	72	105	111	100	98	92	102	108	100	112	160	144	142	155	82	90	142	114	92	126	72	162	465	719	1037
454	143	112	100	102	104	117	86	81	101	103	139	171	153	121	126	138	111	120	113	121	115	83	66	237	531	809	1037
820	330	152	123	106	95	139	188	139	131	182	146	121	178	129	170	192	112	133	115	118	155	108	111	283	515	831	945
902	731	319	106	87	81	141	138	128	137	128	130	126	163	174	221	198	144	94	122	112	145	184	202	331	587	800	857
1045	865	525	161	74	92	117	107	103	145	147	145	156	207	172	214	182	194	147	142	96	166	308	250	350	600	714	775
1272	1034	808	455	119	90	81	120	121	132	138	147	165	199	162	251	213	160	150	128	125	182	251	243	359	585	660	669
1319	1243	1005	757	404	105	102	118	114	182	171	206	279	235	213	277	197	153	153	112	136	218	250	294	371	533	562	575
1250	1339	1250	987	790	449	196	89	126	149	282	446	423	254	272	228	184	149	160	147	148	258	238	277	398	473	498	460
1115	1267	1278	1170	1020	878	603	294	207	285	469	559	670	524	283	226	216	175	196	183	212	235	285	313	392	422	397	577
1018	1127	1248	1267	1187	1054	897	728	579	480	509	572	649	698	637	423	254	272	274	242	269	252	282	315	350	413	708	1041
62	99	145	154	82	105	95	91	143	275	445	191	116	108	139	136	141	158	116	128	142	234	187	213	242	187	143	112
66	85	113	173	133	133	113	124	153	301	655	608	189	100	106	114	166	206	90	90	110	156	151	153	207	236	236	183
76	86	82	108	110	123	147	125	134	260	538	727	385	69	117	133	106	240	213	202	232	252	152	142	147	151	193	198
122	171	143	91	104	98	103	108	93	182	413	516	368	119	79	160	165	528	655	507	429	343	162	118	87	115	119	102
154	114	93	109	105	78	94	128	111	99	214	306	300	198	97	161	214	389	524	268	245	195	124	150	158	67	96	85
77	97	88	82	100	94	88	110	97	75	129	222	133	75	162	175	38	134	132	76	74	140	129	151	106	85	47	91
98	105	84	101	114	89	94	109	93	94	112	129	92	46	219	279	36	65	82	121	113	101	108	175	192	114	97	90
85	99	94	83	116	112	115	139	134	126	165	107	137	101	163	356	217	124	85	96	98	87	186	304	194	14	24	28
92	86	112	112	109	88	106	105	86	111	132	103	100	101	87	176	403	394	240	47	117	292	356	216	103	89	140	206
87	87	90	102	86	101	103	85	86	113	107	99	105	117	121	108	108	186	223	293	446	314	167	136	221	301	346	556
72	97	106	87	92	103	108	87	95	105	106	105	100	105	137	101	103	65	39	562	717	93	49	165	331	496	695	791
91	125	112	91	75	89	107	107	87	100	137	105	119	107	106	129	109	34	397	1054	859	256	47	221	544	762	817	917
127	120	117	88	88	92	106	125	141	138	170	121	105	103	94	102	63	146	688	1174	734	159	79	303	579	797	920	1088
144	136	128	110	80	95	99	83	123	149	194	159	163	115	165	158	206	380	443	309	172	187	141	432	594	792	1095	1121
107	148	98	133	107	105	167	201	119	92	132	150	180	219	265	337	429	137	70	175	226	175	181	467	606	823	1102	1084
80	116	101	93	143	171	184	129	88	113	103	104	147	136	194	330	392	232	89	268	202	142	209	506	644	933	1136	1080
113	139	126	133	98	92	95	88	96	97	108	106	113	111	174	274	188	229	135	196	211	252	245	513	674	1032	1124	1080
72	98	101	79	99	107	106	111	93	158	115	88	139	131	203	165	157	121	174	226	241	312	312	518	723	1067	1130	1081
80	106	91	72	88	84	101	98	88	118	135	102	123	182	146	135	169	183	275	241	285	386	414	556	753	1081	1122	1081
91	122	123	96	103	115	138	102	88	88	171	153	177	191	145	142	169	226	183	155	288	490	495	583	809	1114	1109	1078
39	61	146	148	108	102	147	136	103	101	243	206	144	215	131	182	225	164	239	224	342	588	609	610	867	1104	1104	1099
62	25	94	139	118	109	128	102	112	180	227	149	130	191	179	210	182	211	190	180	390	611	670	705	902	1105	1119	1106
274	38	75	98	89	119	112	150	149	155	101	142	116	198	194	209	211	264	241	163	524	680	715	709	915	1120	1126	1128
558	269	54	68	105	129	164	179	139	145	80	175	157	211	194	236	253	206	175	188	651	731	784	783	941	1131	1136	1141
697	546	280	76	81	130	189	140	138	134	99	206	123	173	203	267	247	188	132	301	722	771	831	832	955	1127	1152	1142
896	676	546	283	103	135	138	112	135	116	90	179	158	153	204	265	205	167	120	515	737	842	827	862	995	1100	1142	1144
1341	865	661	563	398	246	135	127	138	103	91	117	73	114	215	254	254	179	251	748	770	791	854	910	1012	1088	1104	1111
1366	1347	924	734	619	414	233	204	185	128	99	140	57	79	192	269	326	328	604	880	848	855	911	946	1034	1099	1128	1118
126	143	135	210	119	115	127	96	155	153	181	103	106	123	142	163	140	134	158	111	133	181	160	165	156	202	348	419
120	123	97	159	165	136	111	101	121	235	460	469	132	92	135	163	207	206	126	156	143	153	160	161	174	157	265	370
105	116	99	193	211	157	122	113	111	233	460	657	475	170	150	172	145	284	179	179	214	114	123	97	129	124	171	340
124	185	181	166	241	252	117	87	78	154	415	564	607	590	364	112	325	676	650	368	167	80	106	85	117	169	171	306
115	110	106	79	119	265	156	78	95	99	239	357	574	731	627	383	796	750	638	259	111	93	61	109	189	126	213	307
107	87	87	81	97	146	254	105	82	85	95	235	461	656	571	609	671	546	163	114	99	98	105	141	144	140	215	326
110	97	92	105	119	88	151	128	100	99	140	307	383	375	462	403	320	152	84	105	73	56	137	158	179	251	352	439
95	96	116	118	126	107	105	114	123	133	209	115	92	220	463	121	110	144	166	67	52	91	232	269	376	466	513	622
103	127	132	108	107	105	105	121	94	68	103	94	76	98	298	74	158	328	636	459	105	204	342	517	620	695	756	844
81	90	103	87	99	100	120	91	93	89	90	71	101	139	138	108	115	235	661	785	396	358	455	664	799	912	999	1098
83	78	88	98	99	101	86	85	91	98	93	85	106	122	124	106	72	308	529	448	408	409	591	712	912	1078	1144	1141
85	95	86	92	87	92	113	109	108	82	97	97	120	113	102	129	106	441	952	954	347	434	714	817	1042	1129	1108	1109
103	108	102	99	106	96	101	95	110	102	118	95	83	107	88	42	195	836	1052	910	416	445	714	912	1110	1121	1095	1087
129	126	96	88	90	105	119	89	89	148	105	49	67	107	218	187	504	1033	592	532	512	506	718	1020	1137	1112	1075	1093
101	144	85	90	100	105	122	140	178	181	190	99	82	123	204	476	784	587	460	556	712	634	751	1037	1136	1098	1069	1080
112	178	104	86	104	162	144	98	81	62	161	200	103	123	105	234	465	596	349	501	780	713	785	1074	1151	1113	1080	1081
82	145	132	143	110	105	94	82	87	65	93	207	89	119	109	99	192	267	225	578	819	798	831	1088	1137	1094	1080	1079
86	76	111	212	182	107	90	86	81	50	108	204	157	128	83	137	122	161	256	555	823	883	883	1120	1145	1096	1083	1080
83	88	127	123	158	133	89	99	133	85	180	194	98	109	133	145	132	227	363	376	767	976	990	1136	1156	1104	1076	1071
114	133	188	119	101	79	90	117	158	79	181	146	86	122	127	122	121	257	230	281	747	1063	1080	1146	1131	1090	1087	1085
110	112	147	117	83	85	80	83	98	82	140	176	133	143	116	106	109	228	235	231	706	1143	1129	1150	1132	1094	1090	1088
88	111	85	110	123	109	108	96	87	153	190	146	150	138	110	107	133	181	216	154	756	1191	1152	1132	1117	1086	1091	1095
83	109	100	101	90	91	88	143	153	127	105	138	138	134	128	113	121	156	192	86	877	1186	1138	1129	1099	1086	1073	1086
69	75	104	121	98	89	164	142	94	109	87	150	168	161	101	90	108	144	125	129	1002	1173	1126	1136	1101	1082	1084	1084
150	58	128	113	107	120	162	106	116	108	99	142	124	139	87	84	87	123	98	266	1125	1145	1130	1123	1102	1086	1085	1073
384	188	97	70	114	140	107	93	95	116	126	154	113	124	74	84	112	104	66	486	1184	1122	1115	1117	1098	1086	1079	1090
1040	317	109	87	120	129	92	108	83	112	169	171	103	153	94	74	132	121	120	713	1202	1113	1114	1121	1102	1088	1072	1078
1306	860	391	217	107	126	94	125	159	154	113	148	98	98	165	92	79	94	275	887	1176	1101	1103	1100	1088	1085	1086	1073
246	177	172	193	131	116	130	123	158	120	142	108	140	198	190	234	158	130	175	171	174	203	167	269	545	715	885	925
209	157	153	211	156	119	134	150	130	106	138	112	115	153	172	219	153	158	231	216	223	181	129	224	438	664	793	896
208	161	131	194	232	149	141	169	115	89	101	115	206	201	186	217	149	154	343	259	134	78	132	248	468	697	744	872
166	117	159	162	240	252	112	118	116	108	129	124	295	468	377	125	197	365	268	199	107	110	271	419	649	778	779	843
133	118	140	106	123	289	218	80	104	102	114	135	255	468	718	548	570	495	155	115	126	290	471	641	784	766	803	870
113	121	109	126	150	155	349	280	137	121	91	137	340	482	934	1139	980	619	154	86	264	520	698	765	769	794	845	909
89	115	140	128	88	58	111	281	318	139	123	238	321	308	800	987	834	493	416	231	361	635	770	796	817	867	929	1008
77	117	163	133	96	100	59	87	335	348	190	172	145	168	648	815	665	388	728	535	516	723	836	872	954	1021	1062	1122
207	122	160	100	83	82	78	86	142	353	229	105	113	86	499	707	336	390	987	1018	766	762	903	1039	1100	1126	1136	1154
213	225	165	113	104	83	95	95	61	129	239	119	89	86	115	414	97	664	998	1005	781	805	988	1105	1137	1119	1111	1103
70	235	257	107	100	101	93	89	82	98	124	150	95	91	83	147	107	862	1087	857	756	937	1102	1125	1114	1085	1090	1086
77	108	233	127	78	114	97	122	87	96	89	212	219	109	145	110	267	1064	1117	994	829	965	1140	1104	1071	1075	1080	1095
63	79	144	114	94	100	68	63	45	90	53	372	381	104	129	76	262	1063	991	940	925	1011	1124	1102	1076	1088	1077	1071
186	81	96	81	49	89	104	65	88	171	270	466	274	123	166	134	289	763	887	983	1068	1064	1128	1099	1075	1079	1071	1093
269	264	197	174	176	219	239	238	334	358	447	397	107	124	107	190	339	596	867	922	1098	1111	1120	1087	1071	1071	1075	1074
143	141	248	270	244	251	220	162	122	77	154	208	52	101	92	126	186	469	775	884	1101	1133	1120	1081	1087	1077	1077	1069
98	111	221	140	107	98	71	88	91	120	129	147	61	104	114	163	123	283	697	983	1136	1117	1106	1077	1067	1070	1074	1085
87	77	173	183	166	145	142	199	175	308	180	154	99	113	159	162	106	250	534	781	1119	1118	1102	1077	1075	1074	1068	1060
78	98	160	112	141	195	243	241	326	351	146	189	91	130	160	161	120	201	265	360	1082	1125	1096	1075	1080	1086	1074	1068
115	113	139	126	111	73	73	81	208	293	110	110	100	114	127	139	131	210	227	162	1022	1132	1100	1074	1071	1068	1072	1079
104	101	93	127	115	101	101	94	96	118	137	134	119	102	121	124	142	194	206	68	887	1129	1080	1077	1088	1082	1084	1080
125	107	94	111	89	98	100	96	117	156	125	124	138	112	107	128	165	129	190	93	842	1135	1084	1080	1087	1077	1076	1094
133	145	141	107	87	77	107	120	137	144	98	122	122	131	151	138	147	198	218	79	805	1134	1081	1060	1072	1083	1074	1077
129	109	123	100	100	105	113	104	126	104	103	108	132	128	138	148	182	162	159	62	796	1134	1083	1071	1078	1081	1075	1074
105	100	142	98	85	158	127	100	101	97	91	105	124	182	96	246	242	152	177	76	844	1115	1078	1084	1080	1084	1087	1079
108	145	124	119	151	198	87	104	108	89	124	103	150	172	144	240	138	128	177	138	861	1112	1078	1082	1069	1085	1085	1084
226	87	95	122	159	138	92	96	100	101	141	143	163	156	215	171	164	144	191	219	839	1112	1082	1079	1094	1084	1077	1090
443	149	101	107	124	151	103	95	120	126	116	149	131	111	162	169	176	149	145	303	796	1110	1074	1080	1074	1076	1080	1075
194	151	135	137	111	102	115	217	128	130	131	229	304	189	187	253	283	234	327	206	148	332	636	824	1006	1060	1094	1061
182	135	109	128	102	96	113	255	279	146	145	216	285	203	177	320	171	192	294	233	341	617	752	842	920	1033	1087	1077
173	131	156	144	146	121	181	207	194	206	216	303	212	142	160	260	141	203	288	324	541	667	783	864	935	1024	1056	1074
137	122	135	120	128	183	153	145	140	157	183	228	183	143	188	228	256	257	178	418	690	792	870	942	1034	1069	1065	1060
183	142	134	148	151	151	160	130	139	134	155	206	139	113	276	546	763	697	417	568	784	896	977	1045	1110	1104	1099	1083
214	194	210	182	153	128	181	219	173	155	185	182	122	98	440	1023	1061	953	847	770	893	1010	1073	1106	1121	1116	1104	1089
231	138	151	152	113	111	107	212	253	163	168	154	123	85	427	1075	1103	1010	1010	894	950	1068	1097	1102	1100	1103	1099	1088
227	133	126	114	115	128	123	167	305	283	173	144	116	75	329	1005	1134	977	1102	1033	1023	1101	1096	1092	1088	1076	1081	1057
266	150	130	140	108	98	81	107	209	424	460	273	127	49	306	1039	943	976	1116	1109	1124	1119	1103	1073	1077	1069	1075	1066
200	224	167	170	134	72	78	119	156	251	468	476	390	398	507	900	787	1019	1083	1056	1128	1112	1090	1072	1074	1076	1066	1058
76	184	258	116	145	192	79	73	133	161	156	313	517	555	536	550	712	1102	1098	1099	1115	1093	1066	1060	1081	1060	1072	1068
87	101	273	185	120	440	344	145	168	186	126	220	450	398	357	464	715	1133	1075	1080	1108	1095	1084	1061	1073	1074	1068	1056
85	67	136	289	169	295	504	468	442	327	177	257	319	122	288	506	680	987	1059	1075	1091	1078	1064	1061	1069	1074	1070	1064
171	115	122	271	440	240	231	429	441	374	309	283	154	157	387	485	581	838	1046	1080	1082	1073	1071	1069	1070	1072	1061	1069
254	278	281	280	348	442	437	456	365	310	263	161	149	353	392	318	457	799	1025	1061	1064	1058	1064	1065	1058	1076	1073	1082
147	112	206	280	223	242	321	286	324	284	154	292	531	495	311	230	249	579	1056	1090	1064	1066	1067	1057	1061	1075	1077	1068
117	96	180	186	153	134	119	110	101	186	517	771	587	245	140	150	185	495	1069	1065	1061	1062	1059	1064	1062	1057	1062	1075
90	117	171	91	136	145	134	179	214	382	711	563	160	145	143	122	256	407	920	980	1068	1058	1068	1070	1070	1080	1060	1059
120	154	143	91	141	162	200	178	303	637	368	138	136	163	149	119	188	403	756	791	1082	1069	1067	1066	1058	1053	1066	1063
124	136	106	100	116	92	114	92	212	347	118	112	136	135	137	147	286	377	576	611	1029	1072	1066	1056	1056	1064	1056	1056
148	97	114	123	101	92	74	184	252	103	138	135	123	135	128	153	266	297	498	588	1027	1069	1053	1070	1067	1065	1059	1070
133	107	110	136	91	99	208	228	120	133	153	158	114	110	105	178	195	367	334	471	965	1078	1063	1068	1071	1075	1063	1070
109	127	134	165	239	263	206	84	98	126	125	130	131	129	125	191	358	486	231	225	774	1122	1068	1051	1060	1056	1069	1079
145	110	126	149	156	168	96	104	132	111	100	125	146	104	169	232	360	246	221	144	782	1125	1066	1059	1058	1073	1072	1075
121	87	139	121	79	160	92	88	103	100	104	124	128	142	115	184	239	152	219	111	733	1132	1052	1063	1066	1067	1076	1065
105	111	118	101	92	199	106	105	94	104	112	121	168	116	134	200	189	138	223	118	528	1125	1062	1063	1065	1071	1069	1077
91	151	116	89	122	176	116	88	89	101	91	128	128	123	170	168	172	132	183	166	316	1093	1061	1054	1062	1061	1068	1081
84	125	98	105	115	136	82	79	107	111	122	107	108	225	87	144	159	128	150	147	209	919	1094	1068	1067	1062	1058	1056
173	141	154	140	191	273	256	150	84	179	144	193	234	218	194	342	311	309	301	356	757	940	1024	1054	1034	1053	1078	1059
111	144	135	167	257	254	153	172	151	147	173	200	234	206	195	335	269	260	264	623	912	1016	1065	1081	1035	1036	1069	1061
113	138	176	202	258	150	143	124	138	160	165	282	221	212	250	278	299	328	476	855	1012	1044	1086	1080	1039	1020	1048	1068
130	150	192	193	175	150	155	169	125	177	167	279	355	187	329	444	751	795	823	959	1062	1087	1074	1070	1049	1054	1046	1066
155	162	182	192	152	148	125	122	177	179	172	233	414	315	233	745	1142	1050	958	1015	1077	1083	1066	1058	1060	1073	1068	1061
174	197	221	194	154	110	156	150	201	188	216	194	169	467	463	959	1113	1104	1106	1095	1092	1059	1050	1049	1061	1071	1070	1066
194	170	177	168	140	160	162	152	194	304	248	168	164	431	616	1028	1100	1096	1090	1091	1086	1070	1044	1050	1059	1084	1073	1096
277	221	167	146	133	152	194	215	237	218	277	334	226	470	745	1006	1107	1093	1067	1074	1061	1056	1052	1072	1068	1075	1085	1079
334	163	124	129	125	132	147	170	180	180	225	285	320	406	740	1027	1080	1072	1067	1068	1063	1054	1054	1043	1078	1076	1098	1105
296	219	124	140	157	127	120	155	172	202	283	260	207	272	663	1063	1071	1035	1058	1059	1062	1048	1043	1065	1079	1083	1097	1098
195	259	172	156	217	161	122	142	185	242	217	279	330	388	727	973	1051	1059	1054	1049	1058	1069	1051	1053	1065	1083	1107	1081
146	287	240	151	144	252	211	151	189	346	380	294	443	588	767	946	1025	1048	1055	1059	1054	1076	1051	1059	1058	1086	1087	1077
117	170	158	228	178	189	276	236	260	292	308	392	660	769	839	974	1009	1042	1043	1033	1048	1060	1054	1039	1065	1079	1070	1078
160	117	124	209	271	194	188	212	240	276	390	467	631	649	895	954	995	1043	1043	1045	1044	1051	1052	1050	1067	1075	1069	1058
270	149	129	161	223	274	289	268	204	366	409	383	465	556	746	883	936	1031	1061	1046	1038	1050	1065	1064	1068	1072	1064	1059
218	122	95	186	164	209	364	492	345	422	320	389	525	579	593	804	817	955	1058	1047	1051	1051	1061	1062	1070	1058	1060	1048
118	123	139	200	178	177	175	196	155	195	330	433	430	330	317	391	678	928	1068	1051	1041	1054	1061	1060	1053	1058	1062	1052
91	130	110	110	122	119	115	127	154	152	331	341	163	164	164	308	699	862	1069	1067	1060	1056	1058	1069	1069	1075	1057	1075
102	111	113	115	127	137	152	126	145	246	244	186	158	171	160	358	454	856	1072	1070	1073	1055	1078	1072	1076	1060	1061	1057
108	99	108	127	105	114	137	113	128	174	171	141	188	148	192	375	351	832	1039	1060	1051	1055	1091	1070	1067	1067	1048	1061
117	105	110	120	97	106	98	135	160	88	128	137	153	141	201	334	198	560	914	860	986	1053	1086	1087	1071	1070	1083	1072
123	75	103	122	95	65	117	145	125	151	137	142	143	118	278	241	111	332	539	488	886	1083	1074	1074	1083	1094	1073	1076
81	83	83	108	176	170	157	108	106	125	135	127	163	142	296	179	210	331	397	338	913	1100	1070	1063	1073	1080	1064	1063
124	129	117	131	131	120	100	112	106	134	141	140	227	228	279	137	234	250	298	440	1002	1104	1072	1081	1060	1061	1057	1070
85	90	124	100	75	102	90	91	114	129	149	180	175	288	172	125	165	147	223	419	1014	1141	1076	1088	1075	1065	1059	1057
80	98	130	113	79	107	107	94	111	109	147	106	126	244	145	154	166	160	167	260	920	1152	1100	1110	1086	1069	1055	1056
101	156	116	98	105	119	108	104	99	129	98	102	127	264	98	114	145	172	115	145	655	1135	1106	1105	1088	1071	1058	1049
121	139	87	92	98	122	102	81	94	114	109	179	153	257	112	109	130	168	81	117	263	823	1007	1065	1103	1079	1064	1040
134	100	117	140	210	436	715	883	817	611	376	185	177	241	252	392	253	210	202	782	1084	1107	1072	1069	1056	1056	1068	1060
203	149	166	171	219	621	921	822	713	533	364	208	186	239	286	425	373	389	528	1031	1078	1085	1083	1079	1069	1065	1070	1069
227	226	195	207	218	524	800	696	665	550	388	290	236	252	293	628	818	937	1008	1086	1073	1088	1086	1085	1073	1075	1088	1091
151	155	175	185	254	397	564	601	622	505	405	295	267	374	744	889	1014	1089	1087	1081	1092	1088	1074	1076	1080	1090	1090	1094
108	132	150	238	299	458	456	448	486	460	406	331	393	651	394	787	1131	1066	1065	1058	1073	1083	1066	1063	1075	1077	1090	1081
121	137	196	289	392	539	487	353	284	381	413	375	501	723	575	949	1090	1065	1056	1060	1073	1057	1055	1063	1059	1080	1079	1080
96	159	266	385	431	356	275	303	269	320	376	415	607	922	1046	991	1063	1059	1058	1068	1065	1055	1055	1072	1065	1077	1085	1098
107	205	253	412	374	219	132	144	180	293	315	387	746	1009	1002	1013	1064	1061	1052	1065	1049	1039	1042	1073	1079	1076	1102	1071
127	126	229	342	242	123	132	119	88	88	177	352	723	969	1043	1064	1055	1058	1062	1054	1060	1052	1051	1042	1070	1064	1019	821
145	152	195	254	113	75	124	122	109	123	131	137	427	875	1011	1069	1069	1056	1080	1067	1059	1057	1048	1055	1060	1047	994	786
173	182	143	158	85	67	106	121	181	233	141	117	166	728	1017	1070	1086	1073	1058	1048	1050	1059	1048	1063	1043	1045	1013	824
175	274	132	90	73	72	70	105	134	182	213	192	152	637	1054	1074	1073	1045	1049	1059	1046	1044	1049	1046	1037	1049	1045	918
134	333	128	91	76	99	97	74	96	108	163	238	288	738	1031	1055	1058	1035	1039	1054	1047	1051	1047	1048	1058	1043	1062	1075
94	229	169	92	177	97	107	94	102	120	173	231	376	500	1039	1068	1051	1043	1064	1045	1051	1058	1058	1045	1040	1065	1095	1100
137	154	181	160	155	124	115	99	143	147	252	354	325	234	761	1091	1042	1047	1052	1052	1052	1055	1054	1064	1062	1074	1100	1071
172	124	138	187	92	102	143	180	160	210	180	171	187	193	487	990	1043	1038	1069	1054	1051	1051	1059	1068	1065	1071	1070	1062
161	124	131	118	107	105	145	223	95	148	199	97	148	311	558	711	1030	1068	1048	1062	1062	1056	1066	1067	1061	1063	1074	1074
103	128	150	91	94	125	172	197	111	56	118	239	486	573	357	363	1003	1062	1051	1069	1075	1084	1057	1059	1065	1068	1076	1087
79	95	130	94	100	135	100	111	103	54	258	472	365	203	132	350	703	1090	1094	1086	1073	1035	1033	1064	1078	1089	1092	1075
73	84	139	129	96	123	100	64	58	259	536	208	132	120	176	350	491	863	1007	1142	1094	1038	1046	1089	1095	1092	1075	1084
225	127	122	160	75	107	208	245	373	393	148	66	108	152	200	319	297	598	613	587	1012	1101	1091	1099	1085	1088	1090	1087
292	309	301	363	346	365	382	384	263	76	92	104	107	141	290	251	223	281	394	220	673	1123	1107	1122	1097	1084	1081	1088
91	86	115	266	220	150	87	87	98	75	117	139	136	150	204	193	104	189	245	292	565	1014	1024	1075	1099	1089	1063	1065
90	101	100	194	77	77	73	101	129	97	93	139	222	245	191	71	108	142	190	350	420	719	741	820	1008	1095	1078	1082
91	82	134	127	94	73	99	83	97	109	113	117	104	172	140	102	104	70	234	306	343	619	679	695	851	1038	1087	1069
105	111	98	147	113	84	92	116	89	83	99	74	107	152	96	83	80	83	273	228	320	475	632	706	741	877	1067	1084
127	139	97	144	114	96	77	98	133	112	89	98	116	122	80	81	74	75	345	197	242	361	484	516	607	696	928	1074
160	138	135	115	94	92	85	88	90	89	96	137	138	104	74	71	83	94	352	138	196	262	312	318	417	510	739	1029
106	148	151	166	157	165	377	430	700	1090	1068	910	661	663	502	521	507	429	398	1014	1094	1069	1074	1066	1056	1055	1033	1012
213	201	230	238	239	162	299	524	682	955	1092	883	568	560	544	559	494	626	846	1106	1083	1082	1083	1075	1059	1043	1034	1007
205	150	194	317	515	557	415	422	659	911	1051	926	766	553	581	655	740	993	1092	1070	1076	1099	1066	1081	1064	1036	1019	990
235	293	286	423	694	963	923	706	810	901	974	888	715	675	875	1012	981	1044	1085	1084	1068	1066	1062	1049	1035	979	994	1010
354	445	609	571	803	979	986	965	892	896	927	895	835	1033	929	712	925	1082	1091	1067	1074	1094	1077	1060	1063	1028	1026	1035
390	418	421	546	712	836	752	800	678	801	925	932	980	1034	935	858	837	988	1095	1032	944	940	1006	1043	1100	1104	1028	1027
583	803	780	683	855	773	450	439	564	771	944	953	998	1041	1049	1039	1064	1068	1090	1113	1077	998	904	764	870	1003	1058	1071
627	714	797	890	1113	828	585	600	551	727	975	956	986	1038	1023	1010	1079	1104	1117	1119	1096	1108	1117	957	799	743	730	730
566	643	655	999	979	652	447	578	625	623	859	917	968	1013	1019	1058	1097	1096	1101	1104	1122	1118	1093	1112	1076	802	480	419
512	672	709	993	975	687	422	401	474	485	760	893	946	1032	1033	1056	1084	1095	1126	1125	1120	1098	1078	1089	1098	976	344	277
439	625	707	922	915	731	548	555	567	553	684	749	859	1009	1035	1052	1082	1084	1092	1087	1084	1078	1070	1068	1084	1072	425	271
311	492	718	834	737	662	588	572	577	591	610	678	740	961	1064	1067	1078	1085	1071	1073	1062	1064	1060	1071	1056	1072	850	492
345	425	639	705	686	600	502	486	497	523	558	603	703	891	1082	1059	1083	1093	1088	1075	1058	1059	1072	1057	1051	1039	1004	876
308	439	559	624	632	528	444	422	443	448	486	528	649	836	1104	1100	1084	1077	1093	1069	1078	1059	1051	1063	1034	1039	1018	1003
93	225	450	517	519	434	391	344	375	339	413	448	546	693	944	1085	1090	1089	1086	1088	1059	1062	1059	1029	1018	1015	1019	1022
116	165	326	308	395	374	326	285	274	237	285	325	433	550	730	976	1109	1114	1105	1102	1092	1077	1064	1057	1035	1031	1034	1010
118	169	276	282	260	270	208	195	137	161	182	172	267	416	557	771	1056	1136	1111	1115	1078	1063	1067	1063	1049	1058	1046	1038
85	109	181	286	175	152	166	168	105	107	95	135	211	313	306	475	813	1060	1156	1113	1096	1074	1057	1054	1057	1055	1056	1050
63	71	91	116	163	113	116	70	86	82	165	195	164	194	147	223	613	919	1056	1103	1079	1033	1051	1043	1059	1063	1074	1070
106	79	70	60	82	111	70	72	63	237	235	159	166	123	153	229	547	668	581	940	1049	987	973	1065	1060	1086	1095	1086
117	64	68	84	69	106	81	76	311	317	80	80	144	167	141	437	704	470	226	511	871	925	868	969	1026	1060	1089	1074
98	95	104	109	127	158	171	198	286	125	92	100	116	116	337	711	497	163	351	191	598	817	728	804	925	942	1025	1040
91	69	91	103	86	145	188	160	150	124	116	122	97	167	587	568	122	176	489	207	312	804	624	425	582	627	892	1077
180	172	108	77	71	103	158	76	125	99	94	72	103	550	628	140	97	163	468	183	78	490	613	448	452	436	585	867
70	143	222	162	86	62	89	119	73	88	62	133	482	636	255	129	177	187	443	233	86	231	345	308	366	342	437	656
106	113	117	205	234	235	225	266	271	269	334	502	582	244	129	170	165	134	408	339	115	176	181	180	234	264	256	429
83	83	72	65	55	84	77	83	122	256	177	112	114	157	140	174	159	162	346	297	88	102	138	179	202	196	241	271
93	100	108	101	49	52	57	49	164	143	52	59	82	100	129	119	208	228	131	239	245	115	116	118	130	134	204	221
193	190	174	184	199	191	342	849	921	717	961	959	558	875	1049	996	991	997	998	1019	988	1019	1032	1042	1064	1038	1055	1055
259	231	214	196	236	218	239	544	956	885	981	1072	764	942	1040	1010	1014	999	1018	1049	1050	1021	1015	1053	1047	1050	1056	1050
216	212	195	183	217	229	275	318	779	1017	1046	1083	1070	894	1009	1019	1028	982	992	1021	1036	1048	1040	1012	1059	1063	1045	1048
232	223	266	283	320	328	354	330	519	971	964	693	961	772	907	1074	1045	1018	1022	926	1040	1030	1044	991	973	1035	1053	1045
512	483	490	539	492	624	573	521	688	1032	929	500	609	981	910	874	1050	1081	994	923	1064	1046	1054	1044	991	999	1039	1035
638	725	634	801	806	753	803	885	972	1063	1079	906	572	836	923	784	1082	1038	1022	953	1050	1039	1045	1052	1035	992	1026	1047
836	803	650	727	913	996	924	913	943	1024	1071	1099	956	679	927	891	1016	1083	1065	1069	1068	1048	1042	1028	1033	1007	980	1022
1034	1062	970	910	930	871	974	1054	979	1003	1053	1040	1064	1022	909	843	1009	1094	1064	1067	1061	1065	1054	1047	1017	1015	1001	985
1020	977	905	983	952	898	988	1040	1038	1036	1054	1034	1032	1044	1059	1068	1036	1045	1054	1064	1057	1063	1047	1045	1050	1025	1021	994
953	987	1001	1055	1059	1057	1027	1018	999	1028	1037	1041	1039	1029	1032	1053	1068	1034	1068	1064	1070	1066	1062	1053	1066	1056	997	987
1016	1029	1047	1053	1068	1057	1033	1019	1030	1019	1039	1046	1040	1048	1048	1042	1051	1044	1012	1027	1055	1056	1044	1048	1047	1029	972	996
1035	1029	1036	1045	1042	1059	1053	1046	1029	1042	1035	1035	1030	1048	1048	1038	1042	1046	1022	1040	1051	1054	1041	1067	1044	1044	1040	1016
1006	1021	1020	1010	1031	1022	1018	1048	1048	1042	1039	1040	1042	1043	1058	1059	1048	1038	1033	1070	1074	1059	1049	1075	1053	1047	1052	1036
957	994	982	962	997	993	1010	1021	1031	1035	1036	1023	1031	1053	1044	1047	1053	1037	1040	1044	1033	1012	1058	1066	1058	1061	1055	1045
845	852	973	1028	1031	983	894	961	1029	1035	1040	1046	1038	1031	1040	1051	1050	1043	1048	1041	1042	1034	1032	1041	1031	1054	1071	1034
529	744	886	960	1005	956	999	1001	1016	1032	1057	1045	1037	1043	1041	1044	1057	1040	1048	1045	1043	1046	1042	1038	1035	1035	986	912
356	480	482	808	961	985	1000	1005	968	974	996	1008	1030	1023	1019	1033	1045	1049	1041	1037	1029	1036	1037	1050	1041	1038	1017	1022
410	455	521	719	912	1022	999	950	921	896	897	897	948	989	1008	1009	1023	1036	1039	1053	1051	1042	1041	1032	1049	1036	1024	973
351	436	442	660	941	980	916	826	787	748	733	749	785	830	929	990	1020	1046	1054	1050	1047	1051	1050	1059	1045	1067	985	866
240	405	485	604	784	890	794	682	622	574	554	593	655	698	741	818	906	979	1000	1057	1057	1053	1068	1048	1056	1079	1054	953
158	223	369	464	552	778	683	534	486	464	447	496	519	552	570	620	721	787	850	915	983	1039	1044	1059	1086	1087	1077	1087
74	92	159	298	337	692	604	399	366	328	297	306	286	275	284	357	407	472	625	646	820	803	778	786	773	707	592	455
92	107	124	129	156	408	501	306	234	192	149	154	154	150	184	291	255	204	229	320	369	367	322	279	255	269	283	301
138	107	94	99	79	138	317	147	152	147	141	150	125	164	216	193	132	211	198	194	226	350	318	241	356	328	321	331
94	109	142	129	127	195	215	67	131	115	117	93	181	185	155	181	193	166	161	178	181	450	442	365	356	279	207	222
84	115	116	103	111	229	199	90	126	117	131	297	228	161	151	147	146	151	198	281	187	458	360	430	280	201	147	180
74	77	84	63	126	112	141	96	102	126	177	353	135	125	168	162	163	120	295	561	178	444	399	403	112	141	167	205
111	113	70	120	171	76	89	86	70	102	371	149	70	90	156	118	162	123	302	465	188	308	510	361	266	126	134	141
141	118	139	112	95	72	265	570	477	265	243	185	219	397	821	652	484	573	720	764	858	1032	1027	1058	1075	1056	1052	1053
153	133	127	123	142	103	94	250	539	455	243	346	487	591	934	1048	715	694	989	1000	994	1019	1041	1052	1061	1058	1057	1072
130	168	158	167	165	147	187	148	355	598	597	623	624	707	959	1063	803	852	1028	1075	1054	1054	1065	1058	1080	1062	1048	1058
146	144	141	168	151	201	219	252	242	480	862	831	814	802	970	1063	943	922	1030	1040	1055	1053	1067	1055	1062	1056	1055	1062
253	178	151	149	156	181	205	279	360	480	694	906	984	978	1012	1047	1027	959	997	1043	1046	1055	1053	1063	1048	1074	1073	1068
220	255	228	207	233	227	277	325	524	736	846	1049	1052	1043	1029	1041	1068	1021	1030	1039	1057	1041	1059	1055	1050	1053	1055	1047
235	449	435	357	453	497	523	508	586	800	1102	1125	1096	1051	1044	1047	1059	1047	1040	1061	1063	1063	1057	1059	1068	1034	1018	1036
500	618	896	735	706	743	753	667	618	893	1166	1100	1076	1081	1072	1060	1062	1070	1059	1050	1053	1071	1061	1063	1060	1042	1039	1025
695	822	947	968	929	826	967	1004	933	962	1063	1075	1082	1077	1066	1069	1071	1073	1053	1045	1049	1075	1061	1068	1050	1023	1041	1037
701	775	962	1094	1039	1014	1008	1028	1038	1044	1061	1080	1088	1077	1086	1103	1111	1047	1080	1054	1046	1068	1064	1007	1022	1056	1029	999
772	779	826	1041	1071	1030	1017	1020	1048	1053	1063	1060	1072	1076	1101	1108	1021	632	553	928	1071	1047	1076	1057	1041	1027	1051	983
873	867	809	910	980	1044	1032	1021	1035	1070	1062	1075	1069	1067	1063	1103	971	586	437	892	1081	1046	1052	1089	1077	1057	1041	1040
915	927	915	862	881	1001	1010	1058	1050	1069	1076	1068	1070	1064	1069	1065	1037	835	970	1160	1083	1063	1066	1063	1077	1088	1080	1090
866	817	883	915	935	993	1029	1039	1043	1059	1066	1062	1057	1072	1055	1042	1034	1011	1062	1097	1093	1067	1068	1061	1033	1092	1108	1088
897	858	901	977	1014	995	996	1019	1040	1075	1061	1064	1061	1058	1059	1064	1043	1035	1043	1065	1068	1063	1068	1100	745	883	1092	1017
809	801	853	934	1023	1008	1017	994	1016	1061	1081	1067	1077	1073	1070	1057	1050	1045	1048	1062	1056	1059	1076	1116	961	954	1070	1042
637	669	840	941	1024	1017	984	869	967	1075	1069	1082	1069	1056	1063	1054	1057	1055	1048	1049	1055	1064	1056	1056	1024	1055	1079	1001
608	662	846	996	966	956	983	994	1036	1056	1058	1074	1076	1077	1059	1059	1061	1058	1056	1065	1058	1061	1068	1072	1077	1007	945	742
542	615	804	979	1021	996	1030	1052	1046	1056	1073	1068	1072	1062	1062	1066	1060	1064	1055	1042	1060	1062	1043	977	949	737	533	427
529	564	790	935	1053	1035	1029	1037	1060	1065	1063	1070	1064	1064	1057	1071	1069	1060	1064	1076	1047	918	828	764	692	557	409	294
595	551	591	760	972	1016	1024	1064	1057	1068	1069	1079	1069	1059	1053	1065	1047	1054	1051	1017	972	899	875	837	789	757	703	586
364	344	439	637	719	915	963	969	1075	1084	1087	1089	1058	1053	1063	1057	1054	1066	1030	1025	1020	1016	989	957	918	912	850	792
273	352	410	425	657	776	868	934	1066	1042	996	950	938	915	873	873	877	852	869	916	946	924	879	843	737	599	396	271
201	231	326	346	488	457	586	728	874	880	763	696	623	579	559	544	519	523	523	526	513	467	436	381	298	225	151	162
177	149	208	276	296	299	275	356	389	540	530	458	434	410	365	339	344	318	283	298	264	241	259	289	186	162	187	224
151	178	162	188	208	261	273	225	173	293	356	319	323	260	233	192	197	182	186	162	148	164	161	169	149	157	205	192
135	157	116	146	171	181	279	366	228	159	198	223	229	188	183	168	195	167	183	162	183	195	106	141	170	142	142	140
163	151	141	121	176	149	133	241	205	162	143	181	170	162	141	150	167	209	258	221	227	286	436	462	249	198	126	127
156	164	158	138	105	166	244	223	168	113	119	140	141	120	161	248	395	289	144	122	85	811	999	990	1012	1008	1005	1024
130	162	183	232	258	291	219	167	146	114	119	151	159	165	188	294	373	191	147	215	246	937	1040	996	1023	1030	1034	1037
111	125	163	335	505	616	573	204	136	109	140	95	129	177	212	413	404	235	567	889	999	1069	969	951	990	1039	999	1012
135	117	127	187	350	655	862	708	232	109	141	91	124	134	299	585	357	315	920	1124	1087	853	766	865	998	982	949	988
174	187	137	169	109	258	689	947	788	325	149	232	353	461	665	784	499	491	802	1074	954	856	785	858	907	917	962	964
116	170	233	229	183	123	226	658	969	755	390	720	1034	940	842	826	831	721	770	1016	1014	946	882	846	842	941	958	950
142	123	148	217	245	198	133	318	685	897	736	772	1036	971	841	870	941	930	881	1024	1015	970	883	856	991	962	927	872
278	165	151	205	180	189	208	193	407	698	905	912	1028	1032	852	982	1031	1017	969	1027	1062	978	901	897	1024	860	776	714
416	438	276	221	233	300	402	475	337	487	791	875	960	979	907	1004	1039	1030	1051	1042	1069	1045	841	973	700	557	566	530
128	340	515	372	314	423	534	638	709	677	770	894	969	948	953	1018	1043	1044	1049	1072	1069	1015	924	374	373	678	485	324
128	155	374	602	482	476	553	687	921	1015	950	984	1021	1006	1016	1009	1063	1062	1073	1064	1057	987	1040	803	601	874	435	317
144	122	318	535	456	525	617	819	965	1052	1025	1024	1033	1044	1009	1046	1090	1067	1075	1085	1068	1048	1019	1047	1066	1006	566	515
208	240	347	269	392	586	757	923	1012	1013	1017	1020	1036	1056	1044	1060	1042	1059	1084	1062	1065	1056	1045	1046	994	1042	741	629
183	281	489	439	632	783	888	930	994	1000	1024	1063	1070	1068	1073	1073	1083	1067	1066	1074	1078	1059	1048	1032	1014	1020	896	663
255	300	424	546	785	871	953	995	1006	1038	1064	1076	1078	1083	1077	1069	1079	1078	1063	1059	1064	1032	1032	1040	998	975	821	567
388	421	510	494	857	920	959	1040	1048	1060	1074	1089	1079	1071	1069	1058	1065	1079	1070	1070	1048	1043	1068	1045	1048	920	610	490
382	511	741	870	1006	990	996	1026	1018	1068	1080	1077	1078	1080	1076	1054	1063	1075	1069	1061	1069	1050	1071	1061	963	828	671	490
439	574	723	900	1000	1023	1029	997	1017	1084	1083	1075	1077	1072	1076	1063	1068	1075	1079	1081	1052	1022	1072	1098	1064	804	654	628
470	624	767	816	961	1020	1026	985	1041	1070	1084	1081	1070	1078	1065	1059	1067	1072	1076	1076	1096	1056	989	1007	797	521	399	289
341	422	781	727	767	884	980	1028	1050	1068	1075	1082	1078	1086	1074	1064	1075	1089	1093	1118	976	793	757	590	375	346	358	259
435	442	622	600	714	787	892	1020	1040	1076	1077	1075	1082	1011	1009	1101	1079	1111	1041	723	499	498	436	323	233	217	289	179
471	597	623	692	804	767	901	928	1029	1070	1070	1083	947	871	1064	1089	1113	1012	581	414	470	454	283	206	181	232	183	138
459	555	590	636	755	863	1003	956	1021	1048	1029	1015	988	1040	1107	1100	1142	745	481	491	473	382	255	221	198	223	165	163
338	409	526	590	675	702	915	970	950	1034	1008	1051	1073	1083	1099	1120	938	621	558	511	406	370	328	290	319	269	277	248
261	302	445	589	621	701	747	866	871	932	1056	1106	1035	1065	1130	1131	870	603	513	495	453	433	398	370	301	242	227	241
236	358	424	434	539	702	867	843	833	875	1066	1025	998	1068	1115	844	628	549	470	415	364	332	270	206	235	227	196	175
221	263	312	360	425	599	756	852	842	800	890	840	994	981	812	512	450	355	260	229	211	195	173	187	168	146	132	132
212	242	309	335	366	480	514	741	790	690	616	654	599	487	435	277	207	205	241	217	187	149	127	161	164	144	167	192
388	485	520	374	189	292	368	129	109	100	118	167	200	107	156	178	131	199	96	171	330	901	948	977	1023	1035	1012	960
547	724	838	826	667	368	354	102	111	165	142	162	203	155	242	200	167	183	142	152	189	863	954	961	958	937	1006	975
274	358	555	737	804	667	466	156	138	211	194	159	204	218	174	179	222	200	200	214	544	757	545	489	582	778	635	597
140	127	124	198	397	656	594	373	144	194	220	165	202	216	213	232	255	282	692	972	800	309	301	288	360	425	249	354
173	136	117	136	48	291	545	469	205	144	242	260	211	235	429	494	425	514	1107	723	454	381	278	276	280	294	267	285
157	133	129	160	131	105	217	405	370	307	325	558	431	308	558	566	272	704	823	411	359	415	288	278	434	592	379	252
151	128	151	166	162	122	142	218	354	221	287	595	552	395	378	410	327	703	317	286	439	594	413	277	579	594	294	211
148	126	129	169	143	160	197	158	224	197	260	607	577	330	271	361	536	568	386	399	559	591	719	405	359	229	303	281
171	136	106	147	125	71	265	379	151	201	260	244	360	283	289	471	752	662	736	607	804	674	491	507	176	187	232	161
358	371	388	396	424	430	546	823	480	237	168	227	414	351	341	595	877	841	776	798	947	689	518	435	292	271	231	217
411	456	549	516	566	605	607	737	650	484	331	408	553	544	491	548	878	929	997	948	866	611	566	483	311	547	441	295
320	291	440	405	444	466	502	570	566	469	429	452	560	717	666	728	893	966	1034	1016	1004	768	666	501	451	847	587	194
208	183	281	149	127	87	91	235	416	408	389	484	595	798	806	845	920	922	1000	1003	972	846	701	610	325	423	249	188
204	196	199	165	177	149	91	155	261	423	509	661	795	864	915	924	918	941	991	1010	964	899	796	715	470	348	313	238
205	194	169	154	158	204	227	292	488	583	745	843	868	903	1059	1061	966	930	961	1047	1016	928	804	664	626	463	243	252
214	169	155	163	267	341	362	571	680	689	818	928	917	956	1085	1066	1027	907	959	1078	1101	978	880	729	670	586	420	334
259	181	335	590	677	686	597	607	689	733	890	929	934	952	1031	1027	1034	975	996	1063	1042	866	855	797	772	431	260	194
281	329	491	737	807	753	646	661	691	848	925	953	926	919	1053	1042	1058	1079	1018	992	916	444	659	810	560	278	261	234
249	428	538	584	685	832	766	684	746	889	938	921	910	949	1074	1054	1041	1058	1004	1005	911	721	816	891	503	296	265	213
259	227	191	206	290	459	642	694	772	873	968	971	965	948	1012	1038	1048	1014	976	924	925	948	1010	888	400	270	248	234
132	161	196	221	294	436	664	622	703	962	1079	1051	1022	930	970	1045	1034	962	932	764	921	969	768	429	249	242	307	163
158	160	166	191	268	386	542	597	767	1038	1037	1014	919	739	922	1046	1023	918	878	792	932	683	280	190	187	275	230	179
173	195	152	140	263	303	423	514	654	925	970	925	810	842	967	1065	1038	926	916	933	639	239	173	169	212	235	166	147
184	190	179	173	244	324	506	446	476	676	861	958	887	918	982	1029	938	824	820	671	320	228	159	188	210	157	171	134
238	282	308	240	232	408	455	315	413	612	830	985	855	931	964	961	857	815	577	436	219	189	127	166	180	160	147	137
88	227	216	175	245	315	322	284	413	497	680	810	800	830	847	739	628	531	381	383	270	178	147	162	172	146	149	187
208	220	208	251	274	214	369	289	321	314	575	606	571	599	449	458	448	301	307	316	272	182	155	156	195	211	232	228
185	182	268	287	209	208	397	248	235	284	372	467	426	485	353	383	348	271	271	318	284	254	215	228	213	223	220	202
102	89	42	144	169	39	59	95	58	44	67	73	64	82	57	85	128	200	379	770	1056	1086	1052	1039	1056	1068	1097	1116
348	167	33	32	134	31	71	101	62	79	102	110	100	119	129	111	88	124	230	465	881	1083	1042	1030	952	908	835	863
347	216	86	13	105	75	85	87	95	120	121	159	119	153	190	98	64	114	116	272	794	931	828	739	669	550	458	352
110	149	118	78	81	123	73	83	83	76	119	152	151	137	131	104	220	214	148	452	325	275	385	406	362	348	251	186
143	134	95	74	93	185	117	123	147	155	345	280	133	174	146	146	274	292	658	330	129	167	159	258	278	215	217	88
128	174	122	71	64	202	231	171	300	379	574	339	88	151	180	188	290	727	767	200	136	259	142	256	143	222	608	348
150	140	168	178	113	141	275	134	106	109	391	231	65	110	152	252	411	933	424	202	283	480	151	223	143	182	181	134
134	120	102	113	227	262	445	149	102	101	160	206	101	131	217	250	418	823	343	240	320	390	323	161	138	147	119	149
120	127	113	128	181	40	431	354	102	139	199	163	144	129	188	390	407	699	436	214	233	211	308	115	220	203	149	151
176	139	119	138	93	20	126	343	123	136	154	101	147	149	192	399	531	508	392	211	256	242	191	155	248	378	231	254
268	134	99	116	99	48	67	202	179	106	99	97	132	192	159	177	383	515	561	395	298	347	163	145	145	267	893	483
221	128	101	129	100	82	83	108	112	102	108	87	120	132	189	209	251	396	467	499	593	298	157	128	102	78	254	153
183	128	104	166	160	118	118	100	125	118	114	98	104	96	223	216	275	279	359	362	374	217	130	122	113	133	110	149
154	143	112	100	180	144	113	96	125	103	106	85	76	99	236	314	346	335	462	396	377	250	154	187	83	115	139	141
131	153	130	121	121	121	96	114	117	76	101	166	236	265	731	984	648	306	415	644	505	263	145	125	74	62	150	184
168	115	122	112	138	132	85	75	80	67	139	334	447	589	926	1011	714	281	355	900	939	372	236	129	68	50	107	265
370	245	140	89	105	90	72	42	66	80	153	371	465	529	719	823	734	443	430	944	977	429	195	86	67	82	146	85
686	738	504	284	184	71	44	67	77	141	199	313	466	670	778	826	887	785	518	558	551	306	271	145	56	77	141	113
205	382	375	288	257	134	38	31	163	258	206	206	315	511	772	903	982	835	469	481	457	273	341	380	135	119	169	169
67	105	157	209	195	221	207	189	341	401	358	428	398	333	575	974	1052	690	417	451	387	272	258	496	400	393	275	149
107	136	211	327	329	473	578	493	355	513	769	735	596	358	460	961	1083	613	364	388	268	217	215	333	399	365	301	220
124	112	142	131	212	353	420	567	745	987	911	816	605	342	394	975	1017	622	281	322	317	219	152	261	269	164	113	71
102	126	124	130	263	335	485	541	793	940	743	420	274	265	491	1079	793	532	357	266	219	180	156	137	175	188	157	138
101	105	93	156	217	321	346	156	353	598	260	168	221	250	671	835	342	348	333	311	236	141	132	130	153	186	161	117
115	100	148	161	87	140	207	40	353	369	105	285	167	317	587	302	196	289	255	250	229	165	101	145	179	213	172	152
92	171	155	75	89	143	187	84	387	156	94	292	125	305	341	208	259	241	312	270	147	184	171	110	137	192	134	120
133	176	99	118	103	148	181	173	380	52	118	217	94	231	237	219	247	215	321	314	197	149	173	166	156	166	146	126
177	130	96	94	93	107	243	233	233	61	135	160	111	190	167	209	216	199	190	250	180	192	143	127	127	151	131	139
401	438	365	350	380	376	347	352	341	300	330	315	327	325	317	382	449	714	1035	1106	1069	1065	1070	1064	1063	1053	1061	1060
332	349	332	341	320	341	345	290	282	291	294	270	269	289	285	296	339	461	755	1095	1093	1070	1065	1076	1081	1066	1090	1089
324	337	325	309	291	344	346	280	300	288	254	247	277	316	255	262	300	358	449	852	1150	1111	1104	1106	1117	1099	1031	1004
308	313	299	299	280	320	323	294	292	248	210	305	371	320	237	213	284	328	350	657	748	767	947	980	943	876	752	674
302	272	275	264	256	222	308	467	363	283	170	204	299	291	166	147	171	248	488	471	283	344	421	515	558	506	472	357
252	280	288	281	254	254	261	378	431	191	119	103	190	215	261	114	79	315	488	151	205	325	282	292	277	257	309	194
194	275	320	315	194	187	187	268	122	110	142	106	63	59	185	143	144	612	303	61	133	131	142	191	119	101	178	247
116	145	119	131	139	134	143	185	84	65	121	128	115	71	105	137	312	808	237	236	209	151	176	204	139	163	165	274
63	87	81	72	86	74	118	128	81	77	100	101	82	89	140	187	383	835	251	237	175	180	286	137	136	167	169	187
56	45	67	127	98	82	108	64	77	105	128	100	95	87	178	265	327	785	224	181	158	239	176	160	151	255	167	165
72	89	83	148	107	96	99	351	262	73	86	111	120	95	129	236	349	579	189	188	246	263	144	196	174	215	519	395
86	91	108	114	93	100	136	183	157	120	112	121	124	123	157	224	342	363	173	149	216	227	119	142	120	160	186	276
91	83	109	113	94	98	129	99	112	123	140	119	130	118	222	275	336	263	191	136	158	204	135	172	180	194	134	88
114	100	101	105	90	99	111	92	115	110	142	88	119	146	222	523	568	232	213	211	182	205	158	217	143	131	156	142
124	126	133	133	92	89	107	151	96	97	165	206	431	289	171	640	795	446	389	157	125	253	136	111	139	142	125	141
128	90	108	183	175	117	104	148	181	248	485	585	692	493	276	552	485	378	329	245	276	177	148	199	180	126	124	117
101	120	98	113	176	248	253	280	351	412	440	622	651	508	233	418	263	136	158	436	808	266	128	122	143	160	134	122
50	50	56	68	118	157	196	208	188	186	221	331	537	578	231	250	270	142	120	419	912	295	104	102	131	139	121	128
90	38	30	85	46	63	128	147	149	111	124	111	116	225	155	468	570	280	139	216	541	396	194	77	101	176	167	103
163	228	300	363	229	130	154	127	112	120	144	130	123	96	120	757	808	458	114	143	275	231	141	91	85	257	372	269
290	296	361	491	475	261	108	44	98	135	105	108	114	114	285	839	908	567	145	99	132	126	157	127	122	100	201	513
174	90	55	82	160	221	181	268	438	332	163	64	75	79	305	878	840	779	257	38	128	108	122	187	112	119	105	84
119	87	83	129	344	537	774	867	661	383	188	70	76	55	432	959	341	771	523	134	68	113	112	157	163	133	122	122
135	173	243	383	391	486	586	442	375	374	155	90	71	39	866	715	15	315	607	377	198	88	141	155	167	137	105	121
108	141	314	342	232	233	159	22	436	559	152	78	41	364	1061	282	58	121	380	299	174	102	120	130	175	192	128	195
85	184	299	252	193	183	88	118	621	380	140	244	308	625	640	100	114	150	300	146	66	97	138	135	181	204	192	96
157	167	116	164	150	150	74	340	756	234	221	321	300	376	258	107	103	118	292	125	117	116	110	110	172	149	197	155
193	104	94	111	115	111	178	554	556	145	207	189	154	257	128	151	111	99	251	103	146	147	119	119	152	156	191	197
1094	1104	1103	1082	1070	1052	1043	1039	1020	1016	1024	1002	1017	995	1027	1056	1060	1074	1062	1070	1071	1059	1069	1057	1061	1053	1066	1052
1053	1058	1056	1045	1026	1011	990	971	954	956	956	943	935	943	949	992	1057	1070	1096	1062	1066	1059	1061	1052	1060	1051	1050	1054
1024	1015	1012	995	965	961	951	931	929	906	893	886	875	864	884	917	977	1065	1113	1102	1060	1064	1052	1053	1063	1058	1064	1072
968	975	956	948	925	911	908	894	867	853	835	829	803	796	803	824	883	980	1081	1151	1111	1103	1085	1075	1080	1088	1085	1070
919	920	905	909	886	858	871	830	786	786	783	770	738	706	671	658	681	771	1019	1041	974	1041	1059	1059	1054	1029	985	832
847	863	858	856	850	852	853	792	741	718	707	642	624	555	517	502	462	564	833	662	700	767	823	827	815	755	647	380
746	776	777	804	760	759	745	722	660	588	552	516	487	430	404	393	366	538	574	366	384	346	394	404	368	317	191	139
606	643	636	629	590	618	590	560	509	474	448	391	387	360	315	285	292	572	350	185	119	210	164	101	100	108	76	213
472	497	503	483	469	489	451	441	395	379	337	296	255	275	251	174	256	647	181	124	96	138	109	111	139	155	115	109
366	375	384	402	414	376	323	347	301	273	254	216	187	156	190	290	200	647	74	117	137	120	141	168	142	173	148	105
269	276	289	286	292	298	310	318	182	203	181	133	128	80	93	231	195	535	119	148	177	130	136	174	184	188	208	396
167	167	199	180	158	175	230	181	121	149	110	102	85	85	72	234	270	475	207	194	187	146	129	154	113	113	137	241
80	87	110	106	97	85	108	89	71	87	145	102	90	130	193	321	395	399	218	186	155	189	182	182	143	128	125	131
126	104	63	99	81	70	87	75	77	84	158	107	129	177	224	384	399	337	225	145	134	165	203	194	176	119	136	129
184	198	186	148	85	56	78	75	50	65	258	110	185	142	194	211	273	475	465	162	164	202	198	165	168	160	139	110
73	98	185	305	279	160	116	117	178	388	534	209	102	83	162	199	182	323	542	273	171	246	177	124	156	112	92	113
103	114	100	155	387	435	419	470	536	619	504	315	109	82	123	161	224	104	282	176	187	272	131	131	136	115	116	120
111	104	166	208	170	206	299	319	220	200	253	288	112	64	162	143	213	201	140	144	389	275	115	254	190	162	133	132
64	96	141	126	63	44	140	142	146	156	157	145	102	103	154	138	172	230	200	277	585	582	379	292	195	153	134	140
121	158	146	96	62	95	180	145	150	180	191	146	102	106	78	118	143	207	206	349	483	307	248	110	111	128	142	165
350	233	125	51	64	88	117	116	143	133	169	166	112	93	366	425	123	255	331	386	200	73	205	169	111	162	132	136
223	104	34	39	80	114	86	115	115	109	176	132	119	87	543	647	200	398	418	242	79	98	126	242	117	116	120	136
117	98	94	132	171	141	158	129	135	178	177	127	132	108	659	702	180	478	522	199	36	116	97	219	235	150	145	115
329	351	383	399	361	347	301	132	60	214	154	130	103	251	844	483	109	358	737	640	349	241	112	140	241	149	136	141
301	257	396	443	357	401	213	56	67	101	182	97	105	516	840	239	90	150	633	608	627	493	175	62	192	180	145	134
323	314	359	408	237	185	93	49	52	73	258	327	561	840	390	135	127	118	440	298	460	295	103	144	179	140	121	115
278	134	85	156	164	145	109	86	180	349	376	471	746	461	78	132	120	121	445	110	88	128	81	116	204	177	145	149
76	93	112	81	136	124	150	407	381	343	247	269	400	146	67	116	155	110	387	86	101	123	116	110	168	174	177	205
1083	1086	1099	1091	1101	1112	1095	1106	1109	1102	1111	1087	1105	1100	1098	1102	1088	1097	1077	1087	1093	1076	1084	1073	1069	1065	1075	1080
1088	1106	1099	1093	1096	1099	1104	1105	1106	1108	1105	1115	1097	1104	1095	1099	1102	1088	1076	1061	1067	1064	1069	1063	1074	1071	1059	1056
1105	1090	1095	1103	1105	1103	1107	1116	1121	1111	1119	1114	1117	1113	1114	1116	1104	1086	1067	1081	1056	1060	1050	1056	1056	1061	1053	1052
1104	1105	1111	1101	1102	1106	1113	1111	1110	1110	1129	1107	1114	1131	1123	1111	1105	1093	1103	1064	1069	1073	1072	1051	1049	1051	1041	1047
1116	1107	1106	1115	1104	1109	1116	1117	1126	1134	1124	1130	1134	1141	1135	1125	1117	1095	1084	1098	1089	1074	1071	1069	1060	1053	1070	1091
1124	1112	1114	1112	1123	1116	1114	1131	1137	1126	1131	1139	1142	1130	1133	1097	1079	1111	1091	1115	1119	1109	1120	1112	1112	1107	1097	1013
1121	1125	1119	1119	1128	1129	1128	1132	1136	1134	1136	1115	1094	1066	1032	983	983	1036	1082	967	947	950	968	991	981	892	682	345
1137	1147	1141	1138	1134	1144	1140	1130	1119	1096	1073	1022	969	930	895	856	825	931	867	649	617	609	572	515	412	260	99	35
1111	1112	1111	1115	1104	1089	1088	1055	1026	989	942	887	839	795	764	700	695	826	619	492	413	343	319	221	111	55	66	88
1005	1026	1008	1005	1002	990	956	919	898	849	810	753	739	701	637	594	549	697	454	353	283	210	168	100	75	43	102	109
873	877	884	883	869	846	832	777	769	723	692	645	602	563	515	439	402	576	314	220	159	110	88	69	115	101	139	180
721	734	762	735	738	719	683	677	635	606	565	528	485	459	393	338	285	530	204	104	77	61	77	96	118	116	130	122
566	588	602	595	611	582	580	526	489	460	428	391	357	312	262	231	215	504	136	61	63	103	87	142	158	107	121	127
461	469	443	459	461	455	447	400	366	332	290	276	240	188	155	158	176	409	143	65	73	120	154	143	180	113	128	104
347	355	347	328	340	287	294	255	238	189	164	195	188	133	92	116	112	259	199	115	110	114	124	150	176	136	127	173
215	220	249	236	221	224	207	171	198	205	88	119	94	93	85	64	134	180	287	294	263	132	114	134	148	319	229	116
145	141	123	184	295	178	122	82	99	150	44	43	83	108	146	96	175	144	343	240	122	128	106	115	244	218	117	106
139	145	218	296	158	77	72	70	78	65	77	73	74	76	113	173	198	138	210	148	59	106	131	452	355	92	106	115
124	126	200	151	91	92	133	97	101	99	85	94	116	130	118	157	241	195	107	135	71	114	263	464	260	124	129	93
81	77	128	111	103	105	160	162	138	119	144	113	123	147	118	126	144	230	122	257	172	108	118	79	112	135	114	128
103	117	150	107	110	132	162	141	109	134	142	114	130	150	192	235	81	155	333	486	201	107	110	110	113	152	97	98
117	138	135	122	129	182	189	215	161	103	111	109	128	128	144	207	107	118	492	451	120	120	104	110	118	118	133	121
112	138	136	119	136	136	131	147	226	197	149	117	124	96	189	242	152	136	387	181	119	163	115	136	101	112	139	105
314	221	109	89	110	91	106	114	102	249	205	103	79	272	392	273	117	145	343	117	207	314	179	141	101	99	126	154
368	228	132	106	94	96	114	124	112	126	165	121	280	543	310	141	119	151	279	309	550	656	575	184	64	114	118	113
371	340	219	117	106	122	115	113	107	133	132	98	457	752	191	76	122	133	154	264	638	716	503	150	90	127	108	113
345	203	139	100	125	126	93	92	176	256	179	106	841	683	93	120	143	101	95	95	155	358	272	146	135	121	135	126
77	112	174	103	134	94	157	367	372	234	193	537	786	194	53	120	121	132	121	107	114	98	161	141	114	99	148	165
1068	1067	1092	1074	1098	1092	1082	1077	1081	1078	1080	1071	1079	1096	1089	1076	1085	1076	1080	1090	1091	1087	1084	1080	1074	1076	1081	1079
1072	1077	1090	1074	1064	1074	1078	1071	1081	1077	1073	1067	1061	1077	1076	1095	1072	1069	1068	1054	1073	1082	1086	1080	1103	1076	1090	1078
1089	1077	1076	1086	1086	1071	1072	1094	1094	1078	1083	1081	1075	1082	1078	1089	1085	1073	1056	1067	1062	1058	1067	1073	1066	1082	1075	1074
1080	1081	1086	1081	1069	1083	1083	1084	1080	1080	1092	1067	1076	1088	1080	1075	1064	1072	1078	1062	1076	1072	1094	1073	1075	1074	1061	1058
1086	1093	1075	1080	1068	1071	1082	1089	1080	1077	1075	1081	1077	1076	1074	1072	1089	1080	1080	1079	1084	1090	1085	1095	1082	1058	1071	1037
1088	1077	1082	1073	1077	1081	1088	1083	1077	1088	1078	1078	1079	1076	1086	1089	1085	1086	1087	1093	1094	1080	1088	1081	1076	1075	1068	1108
1089	1077	1070	1080	1085	1096	1078	1085	1081	1073	1077	1076	1083	1095	1104	1093	1093	1090	1088	1105	1120	1113	1114	1113	1110	1117	1072	899
1082	1084	1077	1085	1081	1069	1080	1075	1081	1095	1094	1099	1094	1103	1112	1123	1119	1097	1104	1143	1132	1108	1089	1060	990	877	723	600
1083	1082	1089	1087	1096	1084	1093	1087	1095	1101	1112	1113	1117	1121	1120	1120	1135	1090	1113	1067	1010	950	875	792	708	665	579	436
1096	1101	1103	1097	1099	1093	1104	1113	1118	1115	1122	1115	1122	1116	1132	1111	1102	1087	1034	927	847	779	690	645	611	491	337	187
1115	1117	1107	1116	1117	1117	1120	1115	1126	1127	1125	1117	1113	1114	1078	1028	996	1024	893	792	713	677	635	546	433	293	203	82
1138	1135	1120	1123	1134	1124	1127	1121	1118	1118	1107	1079	1043	1010	973	911	859	899	750	678	651	610	524	396	266	131	85	72
1099	1106	1119	1121	1106	1106	1097	1086	1069	1041	1006	965	939	873	833	794	749	819	655	620	598	493	345	243	128	22	66	96
988	1008	1023	1030	1023	1017	998	982	937	916	887	841	791	768	733	702	686	801	612	533	435	320	214	64	96	80	98	138
863	867	886	890	889	881	863	840	817	782	754	751	706	696	673	665	647	783	577	368	293	148	48	58	114	134	138	164
789	789	769	772	774	774	762	748	718	710	698	690	675	664	617	556	522	645	480	199	201	45	53	80	106	294	292	131
718	715	726	737	724	715	696	671	694	682	642	606	586	552	495	399	375	420	342	47	68	54	96	91	189	227	119	158
658	677	683	681	669	657	635	608	598	538	503	467	403	340	283	231	186	189	282	51	61	92	82	205	223	94	85	82
495	509	550	540	514	511	494	478	436	384	340	274	248	179	106	79	92	129	239	158	106	110	130	274	127	103	92	81
268	300	361	358	350	346	317	310	244	209	177	121	105	70	38	83	68	161	178	135	115	109	136	162	66	99	96	75
133	148	179	163	157	183	171	121	78	83	58	70	61	82	103	207	155	178	205	103	119	103	110	73	57	124	214	130
66	90	104	71	98	97	134	139	110	83	64	107	108	91	108	202	132	152	279	147	124	124	104	84	63	214	208	111
98	82	90	118	105	90	95	96	110	111	109	91	124	131	102	95	119	155	413	166	125	166	97	95	99	335	116	101
92	140	148	140	116	131	138	113	103	118	114	92	74	66	116	117	100	166	399	92	87	122	224	173	277	292	76	110
96	120	174	121	119	128	122	150	142	151	160	153	228	129	101	155	117	250	394	47	29	129	564	578	282	153	103	82
95	98	105	103	106	129	120	127	145	171	222	199	277	202	118	111	108	407	371	98	124	393	693	514	102	130	169	101
107	115	139	117	113	112	111	141	142	117	170	151	458	290	106	97	138	528	357	130	129	268	365	212	78	98	145	131
100	110	125	109	114	81	91	89	102	78	182	531	495	133	80	121	168	348	150	100	164	104	133	106	106	126	165	150
1076	1071	1074	1074	1094	1073	1087	1074	1078	1073	1067	1073	1071	1088	1068	1072	1083	1088	1074	1081	1086	1090	1078	1081	1077	1076	1079	1086
1080	1077	1078	1070	1075	1084	1074	1076	1080	1078	1084	1066	1071	1077	1076	1063	1063	1059	1089	1083	1074	1075	1079	1093	1094	1085	1089	1094
1084	1073	1066	1085	1081	1073	1070	1087	1082	1083	1087	1088	1083	1086	1069	1063	1061	1064	1052	1065	1070	1064	1085	1076	1081	1074	1089	1087
1078	1083	1095	1092	1092	1085	1085	1079	1081	1076	1073	1068	1073	1072	1077	1063	1055	1063	1063	1064	1070	1083	1081	1089	1082	1080	1076	1067
1081	1083	1079	1071	1081	1082	1078	1087	1067	1072	1077	1088	1081	1067	1081	1071	1072	1060	1059	1082	1076	1080	1070	1086	1085	1079	1080	1046
1071	1081	1085	1081	1066	1074	1080	1081	1073	1084	1088	1079	1077	1094	1074	1084	1088	1081	1084	1085	1079	1084	1086	1084	1083	1083	1085	1067
1080	1085	1077	1082	1095	1087	1075	1087	1090	1078	1076	1069	1074	1084	1088	1069	1074	1075	1082	1077	1096	1099	1077	1075	1078	1086	1084	1085
1091	1084	1072	1082	1086	1077	1084	1079	1070	1089	1085	1085	1079	1077	1077	1091	1083	1085	1079	1082	1076	1066	1083	1093	1091	1108	1147	1120
1073	1082	1096	1091	1091	1073	1079	1075	1083	1087	1087	1074	1073	1092	1078	1067	1082	1084	1085	1088	1097	1107	1104	1130	1133	1144	1080	979
1074	1076	1082	1079	1075	1082	1084	1084	1083	1080	1091	1075	1084	1070	1080	1076	1087	1089	1096	1100	1102	1119	1128	1129	1115	1039	920	798
1085	1083	1071	1087	1082	1080	1084	1084	1086	1089	1080	1072	1076	1095	1084	1080	1092	1083	1112	1114	1127	1131	1127	1081	974	867	788	645
1090	1075	1084	1089	1082	1085	1080	1077	1082	1081	1092	1085	1101	1091	1097	1103	1107	1107	1115	1132	1128	1111	1057	966	851	774	611	431
1083	1088	1080	1086	1080	1088	1081	1089	1087	1089	1086	1092	1105	1116	1116	1103	1106	1117	1126	1119	1110	1012	913	846	750	572	363	233
1098	1091	1086	1094	1098	1093	1093	1097	1101	1111	1116	1114	1124	1117	1133	1106	1124	1116	1112	1063	986	892	809	687	542	337	133	106
1117	1109	1112	1114	1105	1109	1117	1117	1114	1119	1122	1134	1121	1129	1127	1132	1109	1117	1042	941	868	772	654	486	274	125	57	39
1126	1125	1114	1126	1120	1126	1117	1123	1117	1129	1135	1126	1123	1124	1109	1077	1003	1044	945	827	744	615	439	243	81	0	82	57
1133	1128	1140	1131	1121	1132	1125	1125	1134	1130	1114	1112	1078	1035	1002	961	902	923	837	686	569	395	186	57	36	47	73	177
1098	1102	1118	1120	1119	1112	1109	1096	1086	1047	1032	999	963	928	886	832	785	783	807	485	284	159	54	33	44	99	81	166
1001	1019	1020	1026	1031	1030	1023	1008	975	955	915	877	847	803	756	694	615	540	683	356	99	34	81	149	93	106	162	130
882	895	902	909	921	907	896	877	849	820	797	760	719	645	575	490	359	267	380	332	26	50	91	209	74	90	165	82
751	766	779	792	785	793	765	727	702	674	619	579	501	429	351	295	229	108	146	230	95	74	71	192	67	124	340	143
611	640	630	627	643	606	595	550	539	494	418	377	296	211	143	91	47	35	65	83	88	123	98	165	59	307	183	95
408	458	444	461	449	429	374	344	327	275	209	137	110	58	14	22	46	79	66	85	99	118	102	69	113	304	94	92
200	260	258	267	241	221	192	151	101	68	29	19	15	19	56	45	73	120	65	90	118	154	131	80	218	220	95	81
90	81	115	99	80	48	64	68	50	48	69	60	62	65	63	116	108	152	145	145	151	126	152	347	226	125	99	60
64	49	53	50	73	61	35	34	80	91	131	172	71	67	78	97	114	261	224	77	102	37	310	685	97	111	140	92
56	82	79	80	64	100	95	97	92	64	104	120	56	78	93	83	182	439	286	85	94	48	230	441	60	100	119	139
131	86	96	114	94	81	112	131	130	88	78	71	49	81	92	151	412	337	217	180	118	104	83	73	80	114	138	140
1078	1074	1066	1079	1087	1075	1077	1074	1052	1061	1059	1080	1081	1065	1068	1081	1084	1089	1075	1088	1092	1080	1082	1069	1084	1073	1082	1079
1086	1086	1064	1076	1071	1076	1068	1071	1082	1063	1079	1047	1067	1073	1075	1089	1080	1062	1096	1075	1058	1072	1081	1080	1072	1077	1079	1084
1090	1080	1071	1082	1077	1083	1081	1076	1072	1071	1070	1080	1065	1075	1077	1067	1068	1082	1071	1084	1084	1080	1075	1076	1083	1089	1086	1072
1067	1074	1085	1078	1080	1075	1072	1080	1075	1088	1077	1080	1074	1077	1071	1067	1072	1085	1069	1078	1067	1091	1080	1075	1074	1081	1084	1052
1063	1079	1072	1073	1080	1070	1083	1066	1074	1077	1072	1075	1067	1067	1066	1082	1069	1063	1085	1086	1089	1075	1079	1071	1078	1086	1081	1057
1063	1077	1088	1080	1074	1080	1074	1090	1085	1080	1072	1070	1065	1067	1068	1072	1077	1087	1070	1086	1063	1071	1069	1075	1069	1068	1079	1078
1080	1091	1075	1067	1086	1072	1074	1083	1092	1078	1071	1068	1064	1060	1070	1074	1074	1081	1080	1079	1094	1092	1079	1083	1074	1069	1071	1059
1089	1074	1078	1084	1075	1080	1083	1084	1077	1067	1076	1073	1069	1083	1083	1076	1076	1073	1071	1072	1069	1072	1079	1073	1078	1071	1073	1075
1070	1080	1074	1085	1080	1083	1078	1080	1074	1084	1080	1080	1088	1080	1087	1081	1081	1080	1076	1087	1087	1086	1090	1077	1080	1081	1080	1080
1085	1068	1085	1077	1087	1074	1085	1071	1085	1086	1079	1083	1089	1079	1064	1090	1077	1077	1089	1086	1085	1082	1067	1074	1059	1083	1105	1108
1074	1069	1063	1075	1075	1083	1072	1080	1078	1081	1091	1068	1069	1084	1080	1069	1093	1080	1076	1076	1084	1080	1075	1091	1101	1095	1116	1093
1094	1074	1090	1089	1077	1085	1071	1085	1087	1085	1083	1082	1087	1074	1075	1075	1077	1071	1088	1074	1087	1086	1083	1100	1102	1113	1067	970
1079	1069	1073	1091	1067	1069	1086	1075	1075	1080	1088	1087	1071	1076	1081	1084	1072	1077	1090	1082	1082	1084	1094	1102	1108	1068	968	850
1076	1076	1086	1077	1086	1079	1084	1067	1084	1090	1081	1076	1090	1085	1074	1081	1076	1063	1084	1071	1098	1108	1124	1107	1029	938	817	686
1079	1075	1081	1084	1072	1074	1077	1083	1075	1087	1085	1086	1072	1075	1084	1077	1065	1076	1088	1101	1107	1120	1090	1008	914	797	647	559
1079	1082	1076	1088	1073	1086	1067	1081	1080	1082	1078	1075	1100	1074	1088	1099	1077	1088	1109	1114	1111	1081	987	884	767	610	466	281
1082	1076	1075	1081	1070	1089	1079	1068	1080	1085	1073	1092	1078	1093	1090	1103	1092	1090	1113	1108	1057	975	855	723	598	408	188	107
1079	1088	1077	1079	1082	1075	1083	1080	1089	1091	1101	1096	1102	1107	1127	1112	1122	1114	1113	1036	923	845	695	547	396	148	50	132
1095	1099	1089	1100	1099	1089	1090	1098	1102	1100	1114	1114	1116	1113	1119	1119	1085	1032	1047	946	800	615	510	333	142	61	107	117
1113	1091	1106	1112	1096	1111	1113	1112	1121	1112	1122	1124	1115	1101	1055	1030	953	891	914	931	646	493	305	150	74	92	145	109
1112	1115	1115	1114	1117	1114	1115	1122	1117	1098	1082	1063	1015	986	951	904	843	777	760	873	650	363	179	149	96	116	197	187
1079	1066	1074	1070	1070	1077	1071	1040	1035	1004	985	940	919	877	845	790	725	648	594	620	712	309	103	170	116	150	110	105
964	989	990	986	992	975	953	938	920	903	871	843	803	765	716	658	609	475	369	316	328	204	103	138	173	185	106	100
863	879	874	883	885	862	851	830	819	785	750	730	689	640	591	490	372	230	143	127	52	77	95	150	131	167	104	90
799	784	801	797	790	775	761	748	718	685	648	608	563	473	351	239	134	75	63	111	88	106	118	131	106	122	101	95
683	692	697	693	699	671	654	620	569	506	438	393	274	194	134	78	76	31	68	86	103	109	170	291	63	112	137	125
438	467	488	486	459	448	418	348	303	245	191	152	72	70	64	65	103	63	85	92	85	77	109	445	245	150	153	103
178	202	198	193	192	181	167	146	107	89	54	60	49	52	90	85	213	124	144	168	110	107	99	236	249	124	131	104
1063	1060	1076	1072	1060	1061	1081	1064	1063	1087	1082	1087	1089	1071	1076	1079	1080	1086	1103	1090	1094	1082	1072	1091	1085	1089	1087	1087
1076	1090	1077	1068	1064	1063	1062	1063	1084	1077	1082	1072	1074	1095	1088	1079	1094	1068	1083	1080	1081	1093	1101	1085	1085	1082	1089	1095
1090	1086	1085	1081	1084	1078	1071	1076	1081	1067	1075	1082	1082	1073	1070	1083	1077	1083	1092	1083	1086	1089	1085	1082	1070	1097	1102	1070
1081	1079	1093	1087	1080	1093	1092	1087	1083	1081	1090	1076	1081	1087	1083	1084	1080	1091	1082	1069	1082	1081	1080	1095	1092	1090	1089	1056
1082	1087	1074	1080	1079	1072	1083	1082	1092	1096	1071	1075	1077	1078	1095	1079	1067	1086	1096	1094	1086	1075	1090	1082	1095	1087	1081	1093
1082	1074	1077	1086	1084	1088	1094	1067	1076	1068	1088	1081	1088	1077	1065	1082	1093	1079	1090	1083	1068	1061	1075	1084	1077	1078	1097	1070
1079	1089	1087	1080	1084	1080	1072	1067	1083	1066	1067	1082	1071	1074	1087	1089	1084	1092	1080	1076	1088	1067	1080	1083	1087	1085	1076	1081
1104	1082	1082	1091	1087	1080	1067	1064	1068	1056	1064	1070	1065	1091	1093	1078	1085	1053	1074	1093	1082	1090	1080	1079	1077	1078	1086	1074
1075	1086	1084	1078	1082	1087	1084	1080	1076	1073	1077	1074	1095	1090	1090	1100	1096	1083	1075	1074	1084	1087	1093	1085	1082	1086	1084	1076
1088	1080	1079	1089	1080	1072	1095	1087	1086	1086	1085	1091	1082	1078	1069	1084	1071	1082	1086	1088	1087	1076	1080	1076	1080	1074	1095	1086
1079	1077	1068	1078	1080	1090	1067	1081	1081	1082	1080	1081	1085	1086	1083	1085	1091	1080	1084	1089	1091	1080	1083	1078	1091	1088	1070	1088
1092	1085	1084	1087	1091	1078	1082	1088	1086	1082	1089	1087	1088	1075	1076	1069	1074	1084	1086	1082	1078	1085	1083	1072	1087	1081	1087	1072
1073	1072	1076	1084	1066	1081	1084	1078	1080	1080	1107	1098	1081	1075	1082	1081	1089	1079	1086	1086	1079	1081	1092	1087	1073	1089	1113	1062
1081	1093	1088	1093	1087	1090	1086	1075	1079	1083	1072	1070	1075	1091	1074	1078	1076	1065	1079	1064	1085	1083	1083	1084	1096	1111	1068	1001
1075	1079	1089	1076	1078	1082	1079	1080	1071	1091	1092	1089	1077	1084	1081	1088	1081	1053	1074	1093	1080	1078	1088	1086	1101	1100	996	1012
1081	1077	1064	1071	1077	1089	1079	1085	1088	1081	1077	1086	1097	1076	1082	1076	1064	1091	1098	1080	1092	1080	1085	1103	1109	994	961	941
1080	1078	1094	1101	1087	1075	1079	1079	1089	1072	1082	1077	1081	1081	1088	1085	1079	1081	1081	1093	1094	1108	1109	1103	1010	932	917	724
1087	1088	1080	1080	1072	1075	1081	1082	1067	1086	1092	1081	1090	1082	1086	1069	1075	1086	1076	1095	1099	1100	1083	1024	942	863	689	327
1075	1087	1088	1082	1083	1078	1087	1076	1085	1081	1075	1073	1086	1070	1085	1085	1101	1100	1082	1119	1112	1058	1016	919	858	669	282	59
1074	1082	1076	1101	1084	1084	1084	1064	1082	1080	1088	1085	1090	1109	1090	1092	1090	1100	1101	1108	1080	1017	948	833	650	307	83	94
1084	1072	1079	1080	1068	1081	1084	1088	1087	1085	1084	1092	1095	1083	1100	1108	1103	1094	1108	1110	1057	958	878	690	352	78	64	129
1083	1087	1101	1084	1078	1091	1082	1087	1098	1092	1102	1107	1107	1111	1121	1105	1112	1073	1063	1046	1073	936	757	412	128	63	109	123
1105	1100	1082	1094	1094	1108	1098	1103	1104	1115	1118	1109	1110	1111	1098	1084	1064	1012	965	933	947	890	583	208	84	136	169	138
1119	1101	1104	1107	1109	1095	1113	1099	1116	1117	1109	1097	1088	1072	1065	1025	978	918	858	838	717	504	252	95	90	121	77	75
1113	1104	1127	1112	1118	1110	1113	1098	1088	1082	1071	1058	1044	1012	971	925	865	765	655	519	380	182	68	79	116	113	98	124
1074	1092	1103	1088	1090	1070	1074	1064	1039	1018	1006	970	940	912	847	738	606	465	342	246	156	70	67	87	68	163	176	113
1005	1019	1020	1013	1008	1006	992	977	959	938	900	859	756	639	510	389	273	197	110	82	90	76	69	151	155	166	121	93
895	896	896	892	894	905	878	846	797	711	607	499	403	291	196	124	82	41	45	62	92	105	103	221	209	96	97	63
1084	1082	1089	1079	1088	1090	1106	1086	1086	1083	1089	1093	1082	1079	1049	1053	1089	1064	1093	1076	1079	1078	1077	1074	1084	1086	1069	1063
1085	1083	1089	1078	1086	1086	1076	1085	1090	1082	1080	1097	1087	1066	1078	1062	1066	1078	1077	1077	1077	1092	1079	1068	1080	1083	1091	1076
1083	1082	1094	1089	1088	1095	1090	1087	1080	1082	1074	1082	1087	1100	1069	1071	1089	1070	1074	1075	1069	1061	1089	1081	1070	1067	1072	1060
1103	1088	1083	1101	1085	1096	1087	1081	1082	1081	1084	1077	1084	1071	1058	1062	1065	1078	1080	1072	1066	1090	1076	1074	1077	1084	1054	1017
1086	1088	1095	1077	1090	1078	1080	1092	1088	1090	1094	1092	1097	1081	1083	1075	1070	1070	1074	1087	1087	1071	1082	1092	1087	1085	1067	1015
1099	1095	1080	1101	1086	1100	1104	1088	1087	1087	1082	1090	1084	1076	1075	1076	1076	1063	1069	1051	1078	1073	1076	1073	1080	1075	1088	1050
1097	1080	1087	1078	1080	1073	1076	1089	1091	1069	1083	1088	1079	1076	1065	1074	1071	1081	1086	1098	1076	1072	1083	1068	1070	1065	1072	1075
1083	1076	1076	1082	1072	1068	1085	1072	1070	1087	1087	1068	1103	1081	1089	1062	1070	1089	1076	1075	1063	1082	1075	1081	1066	1094	1072	1088
1087	1089	1072	1065	1061	1074	1085	1093	1054	1072	1077	1085	1070	1082	1080	1082	1091	1079	1090	1082	1087	1085	1081	1078	1079	1076	1076	1069
1085	1081	1072	1084	1084	1058	1068	1082	1104	1083	1076	1090	1090	1062	1083	1092	1073	1077	1067	1072	1083	1066	1072	1083	1063	1087	1082	1091
1081	1076	1079	1080	1080	1081	1073	1067	1080	1078	1080	1086	1084	1080	1087	1084	1092	1092	1072	1087	1083	1091	1084	1075	1090	1081	1074	1066
1083	1090	1077	1084	1072	1086	1075	1084	1098	1082	1087	1094	1081	1074	1072	1075	1069	1083	1092	1078	1091	1071	1077	1076	1064	1083	1071	1061
1084	1094	1087	1075	1086	1068	1071	1085	1086	1089	1094	1088	1080	1086	1084	1072	1080	1089	1071	1082	1081	1077	1089	1074	1071	1077	1078	1049
1075	1081	1073	1084	1092	1083	1079	1083	1069	1078	1079	1070	1077	1070	1093	1089	1087	1075	1088	1087	1089	1092	1085	1084	1072	1084	1046	1004
1089	1086	1080	1078	1067	1089	1079	1077	1091	1079	1067	1100	1089	1078	1073	1061	1079	1073	1088	1083	1084	1073	1074	1088	1082	1081	1058	1037
1076	1092	1076	1099	1092	1088	1079	1076	1080	1082	1098	1086	1078	1088	1079	1076	1078	1093	1094	1066	1086	1075	1077	1075	1076	1056	1054	1083
1094	1095	1091	1081	1082	1083	1081	1078	1087	1086	1093	1078	1098	1070	1078	1083	1087	1081	1085	1087	1082	1085	1090	1092	1064	1028	1113	1066
1090	1084	1082	1078	1083	1087	1081	1092	1079	1081	1089	1081	1082	1086	1077	1067	1078	1088	1075	1075	1097	1088	1080	1096	1023	1054	1072	973
1080	1077	1074	1079	1085	1091	1090	1073	1079	1088	1077	1088	1089	1067	1084	1090	1112	1085	1091	1096	1076	1090	1108	1076	1041	1073	956	711
1086	1090	1076	1086	1073	1079	1071	1080	1082	1087	1082	1079	1097	1096	1085	1063	1082	1083	1083	1080	1090	1099	1093	1069	1064	984	775	379
1083	1068	1078	1076	1063	1078	1081	1093	1087	1081	1095	1083	1088	1076	1081	1090	1077	1069	1084	1076	1082	1091	1090	1070	1007	824	443	126
1081	1075	1080	1097	1079	1092	1072	1069	1079	1075	1083	1070	1086	1085	1090	1071	1084	1100	1086	1075	1069	1093	1078	1002	868	582	191	65
1076	1086	1077	1081	1076	1078	1085	1074	1084	1063	1072	1089	1085	1085	1096	1087	1078	1090	1104	1092	1094	1078	1029	918	650	344	116	131
1076	1074	1074	1078	1075	1073	1080	1089	1070	1086	1083	1076	1081	1093	1087	1092	1089	1109	1080	1087	1055	1024	966	720	382	162	117	206
1081	1090	1097	1075	1095	1079	1090	1060	1073	1092	1081	1094	1085	1083	1098	1107	1104	1081	1057	1010	1002	915	745	444	177	115	167	166
1092	1077	1077	1083	1081	1077	1078	1074	1091	1096	1099	1090	1102	1104	1098	1064	1039	1024	973	928	880	719	448	178	84	116	162	116
1093	1083	1102	1088	1090	1097	1090	1102	1096	1095	1110	1102	1091	1050	1020	998	960	891	852	802	645	435	202	67	97	120	130	99
1114	1093	1093	1095	1098	1102	1112	1092	1083	1075	1051	1029	996	967	899	859	814	736	625	478	305	163	95	109	117	111	96	57
1091	1089	1089	1083	1060	1064	1076	1054	1078	1079	1080	1081	1082	1080	1055	1053	1056	1068	1077	1082	1092	1093	1075	1066	1070	1079	1077	1073
1063	1066	1076	1076	1083	1069	1088	1101	1077	1077	1078	1093	1081	1072	1083	1069	1090	1085	1071	1068	1074	1094	1090	1082	1081	1071	1100	1097
1072	1079	1069	1073	1070	1083	1080	1075	1087	1084	1091	1085	1087	1082	1063	1069	1068	1074	1088	1082	1076	1083	1076	1084	1083	1023	1046	1020
1092	1088	1072	1095	1099	1090	1081	1087	1078	1095	1091	1084	1074	1068	1059	1075	1085	1078	1078	1088	1084	1085	1089	1077	1079	1026	954	946
1088	1087	1094	1082	1078	1087	1082	1082	1092	1077	1091	1079	1090	1078	1092	1064	1082	1092	1078	1075	1100	1085	1080	1091	1080	1062	991	956
1083	1085	1086	1073	1080	1081	1078	1075	1090	1095	1070	1085	1079	1079	1080	1071	1079	1075	1086	1070	1069	1087	1090	1093	1092	1064	1031	1016
1092	1079	1090	1082	1088	1081	1077	1095	1087	1080	1082	1092	1082	1076	1057	1070	1067	1090	1084	1070	1081	1078	1081	1082	1083	1071	1061	1044
1073	1068	1079	1088	1079	1085	1093	1078	1080	1083	1095	1080	1082	1082	1066	1065	1084	1064	1077	1093	1099	1093	1087	1078	1089	1083	1073	1059
1066	1055	1062	1071	1066	1077	1075	1074	1084	1080	1072	1071	1087	1079	1067	1069	1091	1088	1080	1072	1088	1088	1077	1085	1082	1068	1065	1044
1081	1081	1071	1073	1092	1091	1078	1081	1084	1099	1082	1089	1066	1065	1072	1079	1089	1071	1074	1077	1079	1067	1091	1078	1084	1080	1047	1053
1098	1065	1088	1079	1079	1077	1075	1079	1078	1091	1089	1077	1067	1060	1062	1065	1078	1094	1097	1092	1091	1091	1089	1085	1106	1083	1038	1045
1075	1091	1078	1083	1079	1083	1087	1084	1081	1078	1096	1069	1068	1065	1066	1080	1081	1073	1060	1070	1079	1085	1067	1084	1080	1077	1022	1079
1086	1075	1087	1076	1062	1067	1082	1081	1090	1091	1090	1077	1066	1069	1074	1091	1082	1097	1090	1074	1084	1086	1086	1094	1088	1067	1049	1019
1082	1087	1080	1077	1074	1088	1080	1079	1071	1079	1082	1083	1075	1068	1069	1080	1078	1088	1094	1100	1091	1081	1090	1082	1070	1066	1056	917
1101	1083	1087	1076	1092	1084	1081	1078	1086	1075	1069	1083	1071	1082	1072	1063	1080	1077	1072	1094	1083	1085	1073	1092	1078	1067	992	952
1091	1081	1090	1091	1077	1062	1074	1084	1073	1083	1088	1087	1088	1080	1088	1090	1079	1088	1087	1072	1079	1088	1076	1093	1089	1061	958	1041
1083	1092	1085	1069	1070	1072	1068	1073	1089	1092	1084	1081	1085	1092	1085	1075	1084	1091	1078	1096	1085	1079	1098	1090	1068	979	973	1087
1089	1087	1079	1086	1099	1084	1088	1093	1091	1076	1075	1093	1086	1081	1071	1083	1088	1085	1081	1067	1086	1101	1074	1076	1022	941	1048	1098
1077	1077	1081	1087	1075	1081	1098	1081	1079	1085	1077	1083	1073	1077	1091	1105	1083	1078	1094	1088	1087	1072	1082	1105	983	982	1093	1078
1092	1095	1093	1091	1075	1080	1090	1079	1091	1081	1088	1088	1080	1077	1093	1075	1090	1082	1080	1092	1072	1082	1087	1072	978	1023	1087	1017
1085	1081	1070	1089	1089	1097	1080	1085	1080	1070	1078	1069	1081	1085	1085	1079	1080	1076	1094	1074	1078	1093	1088	1075	977	1053	1037	885
1080	1079	1087	1086	1075	1070	1090	1064	1086	1084	1079	1081	1080	1094	1089	1089	1088	1076	1069	1082	1089	1079	1099	1028	998	1033	980	583
1076	1089	1082	1098	1082	1093	1084	1085	1088	1087	1080	1076	1085	1077	1082	1085	1066	1087	1078	1079	1073	1074	1080	993	1005	1011	776	211
1081	1074	1077	1073	1087	1077	1078	1085	1089	1078	1079	1082	1059	1082	1088	1084	1079	1084	1063	1074	1086	1096	1040	1011	1009	901	450	93
1086	1089	1094	1083	1088	1085	1087	1074	1092	1069	1085	1083	1086	1083	1082	1083	1086	1088	1091	1090	1101	1071	1024	1029	918	648	183	95
1080	1075	1086	1078	1084	1071	1080	1083	1089	1087	1083	1083	1085	1068	1082	1083	1075	1090	1095	1089	1080	1036	1023	898	640	298	97	104
1080	1085	1077	1075	1077	1089	1075	1089	1084	1077	1091	1078	1078	1097	1100	1088	1092	1082	1095	1090	1043	1018	891	612	267	77	116	62
1069	1084	1096	1077	1081	1068	1065	1081	1076	1101	1084	1086	1103	1067	1081	1084	1081	1064	1058	1042	973	835	574	228	89	118	85	185
1063	1054	1067	1056	1056	1051	1067	1089	1131	1100	1077	1109	1096	1097	1084	1099	1088	1085	1075	1090	1091	1082	1070	1089	1067	1076	1051	1096
1076	1066	1065	1054	1079	1089	1092	1108	1092	1094	1116	1102	1108	1100	1099	1096	1094	1102	1091	1092	1084	1086	1090	1080	1058	986	1073	1061
1074	1076	1078	1071	1072	1071	1104	1087	1095	1095	1099	1105	1091	1104	1098	1089	1084	1094	1085	1094	1086	1072	1078	1079	994	965	1025	1028
1096	1065	1059	1085	1098	1088	1085	1095	1102	1116	1103	1111	1098	1096	1076	1093	1091	1085	1076	1076	1082	1073	1090	1038	1000	976	983	1021
1071	1077	1064	1067	1095	1092	1096	1092	1084	1093	1095	1115	1095	1104	1092	1096	1087	1089	1095	1087	1083	1096	1042	1041	1046	1032	1014	1016
1061	1055	1076	1101	1080	1086	1090	1095	1104	1097	1095	1074	1088	1095	1091	1108	1101	1093	1113	1095	1104	1087	1041	1072	1049	1020	987	968
1069	1078	1072	1081	1097	1096	1094	1093	1092	1096	1091	1097	1094	1091	1100	1086	1077	1087	1078	1090	1086	1070	1062	1063	1007	991	991	942
1074	1079	1090	1086	1079	1083	1094	1097	1097	1097	1096	1100	1089	1086	1069	1074	1087	1085	1086	1097	1096	1107	1049	1057	1034	1003	984	954
1048	1060	1097	1090	1085	1096	1099	1077	1087	1092	1088	1086	1110	1110	1096	1115	1089	1100	1091	1081	1087	1073	1075	1047	1024	983	955	943
1096	1093	1093	1089	1086	1094	1098	1098	1090	1092	1089	1095	1088	1089	1109	1082	1094	1091	1087	1078	1094	1072	1065	1081	1018	1004	970	986
1083	1077	1080	1078	1088	1089	1094	1079	1084	1087	1092	1094	1074	1079	1070	1105	1100	1108	1091	1107	1106	1076	1074	1058	1045	989	946	1000
1096	1082	1079	1090	1091	1081	1086	1086	1094	1098	1090	1087	1067	1088	1092	1089	1084	1088	1089	1078	1084	1084	1078	1077	1027	969	961	1044
1080	1076	1095	1087	1086	1089	1091	1107	1084	1093	1073	1080	1111	1095	1089	1087	1087	1088	1088	1098	1080	1081	1074	1059	1006	955	986	1060
1102	1087	1074	1075	1089	1071	1086	1090	1086	1080	1092	1080	1090	1089	1085	1078	1078	1090	1098	1102	1109	1080	1074	1053	1004	1004	1039	965
1091	1082	1073	1072	1081	1096	1091	1085	1091	1089	1065	1082	1093	1082	1088	1078	1091	1083	1096	1094	1090	1077	1076	1063	1017	998	1005	913
1090	1085	1067	1097	1088	1089	1077	1101	1083	1078	1079	1095	1081	1095	1084	1090	1090	1096	1090	1070	1081	1089	1087	1057	1018	1014	947	945
1091	1068	1089	1081	1089	1087	1071	1074	1072	1075	1083	1092	1090	1092	1097	1091	1086	1085	1086	1092	1090	1072	1080	1050	1022	996	904	1017
1093	1085	1086	1095	1082	1071	1093	1088	1091	1098	1103	1088	1094	1085	1068	1079	1094	1081	1071	1094	1086	1090	1088	1058	1004	912	928	1069
1093	1071	1080	1091	1080	1078	1084	1078	1102	1087	1085	1086	1076	1078	1092	1093	1078	1073	1084	1094	1092	1093	1078	1035	951	927	955	1056
1088	1085	1085	1080	1081	1091	1086	1085	1076	1084	1091	1088	1093	1096	1099	1077	1089	1087	1087	1082	1078	1073	1085	1014	905	927	975	1066
1090	1086	1098	1085	1079	1088	1090	1096	1088	1085	1074	1090	1087	1075	1086	1092	1086	1084	1084	1085	1090	1081	1069	963	915	944	1011	1095
1091	1083	1081	1095	1085	1083	1076	1090	1100	1086	1105	1093	1086	1088	1070	1069	1091	1081	1086	1082	1087	1091	1020	938	921	948	1050	1069
1086	1086	1098	1085	1082	1088	1073	1089	1078	1080	1083	1075	1092	1082	1088	1083	1076	1081	1063	1088	1075	1059	957	903	932	1030	1104	918
1083	1092	1080	1073	1078	1089	1087	1087	1081	1084	1079	1096	1089	1081	1082	1091	1078	1073	1074	1076	1067	1023	903	908	1007	1105	1033	559
1091	1077	1083	1095	1076	1088	1089	1090	1095	1093	1087	1097	1081	1098	1084	1074	1080	1080	1086	1076	1045	916	917	1031	1068	1071	700	298
1073	1078	1084	1079	1096	1083	1080	1087	1087	1091	1092	1084	1072	1084	1081	1088	1077	1075	1096	1058	933	939	1043	1069	1080	844	443	278
1090	1084	1105	1087	1084	1089	1103	1086	1089	1098	1088	1084	1087	1087	1084	1077	1083	1082	1074	973	950	1038	1076	1062	713	269	233	472
1070	1089	1068	1080	1094	1087	1095	1094	1084	1085	1083	1097	1091	1087	1081	1082	1097	1062	988	994	1067	1072	1019	589	93	71	262	817
