1392	1388	1416	1354	1200	1195	1176	1097	1016	1005	1052	1043	1036	1031	1046	1039	1040	1054	1075	1086	1085	1037	1018	981	1005	1019	963	762
1275	1284	1331	1300	1171	1253	1260	1331	1328	1241	1194	1181	1120	1051	1047	1059	1067	1059	1070	1078	1090	1064	1015	965	969	988	1008	939
1326	1326	1365	1495	1207	1228	1245	1298	1405	1429	1437	1425	1305	1197	1136	1113	1095	1080	1071	1072	1081	1080	1037	970	936	967	992	1008
1409	1397	1400	1582	1545	1226	1285	1190	1266	1385	1461	1501	1468	1358	1247	1216	1217	1259	1239	1167	1152	1089	1045	1001	934	944	960	983
1399	1404	1382	1415	1539	1519	1231	1074	1062	1184	1351	1414	1440	1466	1425	1359	1371	1475	1528	1385	1278	1105	1014	984	932	934	949	977
1288	1348	1406	1420	1438	1744	1428	1037	1015	1040	1080	1060	1045	1168	1361	1369	1379	1401	1481	1417	1277	1126	1015	985	944	950	946	992
1160	1195	1344	1469	1541	1645	1645	1394	1222	1128	1101	1007	954	982	1138	1267	1296	1313	1445	1365	1174	1087	1037	996	949	928	919	984
1076	1072	1148	1205	1308	1466	1538	1432	1333	1279	1254	1117	1011	1018	1073	1146	1186	1204	1250	1215	1053	1033	1024	981	946	938	922	968
1070	1061	1061	1043	1080	1314	1493	1352	1218	1212	1234	1162	1072	1044	1080	1074	1027	1004	1009	1027	1014	1001	993	966	944	936	919	936
1058	1051	1045	1030	1117	1359	1561	1461	1255	1248	1125	1047	1041	1021	1029	1035	989	962	962	981	1007	992	986	957	942	946	916	910
1041	1037	1036	1079	1264	1539	1664	1687	1495	1198	1001	989	987	990	998	1000	1023	1042	1037	1025	1021	976	984	967	940	953	925	921
1041	1037	1087	1200	1441	1590	1657	1727	1443	1039	1022	1027	1024	1003	972	997	1034	1061	1061	1047	1044	988	961	970	959	953	931	926
1091	1134	1248	1334	1535	1627	1682	1491	1130	1014	1031	1025	1017	987	960	979	999	1036	1052	1055	1043	1020	990	954	970	972	934	934
1314	1297	1306	1426	1674	1681	1486	1159	1026	1008	1023	1044	1031	1043	1029	1008	989	1032	1045	1057	1054	1046	1034	961	948	990	945	936
1478	1357	1369	1543	1665	1415	1136	1043	1035	1017	1042	1078	1099	1112	1122	1126	1052	1054	1069	1057	1045	1047	1055	997	942	1019	979	950
1428	1366	1447	1629	1373	1114	1051	1060	1059	1050	1066	1113	1149	1130	1147	1187	1118	1054	1073	1071	1059	1064	1074	1031	949	1025	1013	960
1361	1362	1480	1507	1100	1062	1076	1067	1067	1069	1075	1102	1119	1136	1161	1162	1094	1067	1062	1064	1067	1068	1075	1056	979	1011	1030	999
1320	1340	1498	1263	1062	1080	1081	1069	1057	1065	1069	1070	1073	1108	1116	1082	1058	1062	1069	1071	1078	1080	1082	1079	1008	1001	1020	1030
1328	1336	1515	1098	1065	1070	1068	1069	1068	1082	1081	1079	1076	1082	1080	1075	1053	1058	1074	1076	1081	1088	1093	1084	1024	1015	1033	1045
1329	1366	1393	1060	1057	1064	1070	1077	1077	1076	1081	1084	1082	1082	1075	1059	1038	1058	1083	1088	1087	1086	1087	1061	1017	1023	1056	1045
1301	1315	1287	1051	1056	1077	1079	1077	1077	1070	1079	1084	1085	1086	1074	1032	1039	1075	1084	1084	1083	1082	1075	1039	1008	1010	1045	1062
1254	1287	1233	1044	1053	1069	1064	1070	1086	1083	1082	1084	1083	1083	1044	1014	1044	1080	1088	1092	1091	1081	1059	1055	1020	1019	1055	1072
1164	1264	1173	1047	1065	1068	1073	1071	1082	1086	1082	1080	1081	1056	1013	1039	1071	1080	1090	1091	1086	1065	1058	1057	1032	1068	1086	1082
1060	1203	1173	1025	1027	1042	1072	1077	1077	1075	1082	1087	1070	1012	988	1054	1082	1082	1080	1084	1077	1064	1070	1065	1080	1087	1083	1082
1019	1123	1119	1039	999	1016	1083	1087	1086	1082	1091	1091	1060	986	961	1025	1066	1081	1083	1081	1077	1078	1073	1083	1090	1087	1087	1082
1018	1080	1073	1027	1017	1030	1082	1090	1082	1079	1087	1093	1066	993	967	1010	1047	1077	1091	1087	1084	1083	1086	1094	1089	1086	1080	1078
1011	1066	1054	1033	1041	1075	1087	1092	1094	1092	1096	1106	1069	1006	1019	1040	1064	1083	1087	1088	1081	1086	1094	1091	1090	1085	1081	1078
1014	1060	1027	1038	1061	1085	1086	1097	1100	1100	1098	1090	1066	1032	1056	1073	1083	1088	1085	1083	1084	1088	1087	1087	1088	1088	1085	1083
1426	1492	1360	1197	1104	1089	1094	1057	1010	1008	1042	1029	1036	1052	1064	1059	1060	1060	1054	1054	1061	964	813	615	523	481	454	376
1369	1431	1357	1157	1095	1123	1127	1148	1143	1116	1093	1079	1050	1033	1046	1064	1056	1048	1055	1064	1056	1014	876	681	548	494	478	459
1418	1412	1266	1265	1149	1119	1100	1134	1184	1182	1194	1201	1148	1097	1081	1076	1074	1064	1053	1053	1047	1038	944	767	609	531	503	511
1382	1346	1243	1348	1328	1183	1195	1123	1125	1183	1209	1213	1205	1176	1132	1119	1128	1157	1140	1079	1074	1044	998	855	687	585	537	548
1329	1333	1264	1280	1337	1339	1229	1123	1083	1149	1180	1173	1185	1209	1220	1194	1203	1250	1273	1167	1115	1039	1008	906	768	665	598	603
1326	1441	1457	1328	1316	1421	1286	1117	1123	1138	1104	1047	1026	1085	1192	1200	1204	1220	1254	1192	1120	1044	1009	957	846	768	691	683
1301	1358	1472	1516	1393	1341	1319	1233	1177	1136	1144	1093	1053	1055	1122	1184	1167	1173	1227	1165	1075	1015	999	985	911	847	794	793
1201	1281	1370	1513	1447	1267	1255	1213	1174	1150	1151	1143	1149	1149	1156	1228	1208	1117	1120	1088	1019	994	985	975	944	904	875	890
1121	1213	1398	1397	1352	1371	1347	1234	1181	1156	1161	1169	1214	1210	1195	1209	1182	1046	1009	997	992	973	962	969	954	932	912	922
1059	1083	1374	1388	1339	1401	1477	1419	1318	1252	1172	1163	1226	1229	1187	1126	1099	1023	972	960	971	957	948	954	961	940	918	920
1042	1094	1328	1388	1431	1459	1477	1492	1415	1272	1154	1142	1174	1212	1177	1035	1041	1053	997	978	981	949	937	936	959	961	931	938
1040	1219	1352	1409	1548	1530	1536	1576	1382	1173	1171	1150	1142	1180	1134	1000	1011	1046	1025	994	982	952	932	939	950	959	951	959
1202	1409	1420	1473	1585	1573	1547	1366	1093	1018	1059	1098	1131	1130	1042	996	1014	1041	1040	1030	993	971	950	936	943	951	950	965
1479	1475	1476	1492	1549	1467	1303	1103	1040	1023	1027	1033	1057	1073	1048	1038	1033	1055	1039	1007	1015	999	975	942	935	960	943	955
1527	1470	1430	1436	1416	1240	1097	1062	1048	1040	1049	1056	1060	1076	1091	1096	1066	1065	1060	1000	987	1008	992	962	939	970	956	949
1484	1431	1390	1364	1210	1085	1049	1051	1052	1036	1044	1071	1091	1083	1092	1116	1089	1062	1073	1038	990	1012	1012	984	952	985	985	958
1460	1377	1303	1250	1086	1065	1065	1056	1050	1048	1049	1073	1081	1087	1099	1103	1075	1064	1064	1053	998	1019	1022	998	968	985	1014	1005
1430	1286	1265	1155	1068	1076	1076	1075	1066	1067	1064	1065	1065	1077	1077	1074	1068	1072	1079	1073	1020	1035	1053	1025	983	975	999	1017
1377	1213	1273	1097	1076	1077	1078	1081	1079	1083	1080	1080	1076	1073	1068	1080	1071	1071	1075	1072	1046	1051	1090	1061	1011	992	998	994
1318	1201	1224	1079	1077	1078	1084	1086	1082	1078	1079	1080	1072	1064	1066	1071	1061	1071	1084	1082	1062	1048	1065	1064	1024	1012	1026	1005
1244	1173	1169	1076	1078	1083	1081	1080	1082	1075	1078	1079	1075	1063	1072	1061	1068	1084	1088	1073	1060	1071	1070	1061	1017	1008	1034	1047
1185	1165	1150	1071	1074	1080	1079	1085	1093	1088	1083	1082	1070	1061	1063	1056	1070	1087	1086	1066	1052	1058	1067	1066	1045	1046	1068	1079
1126	1155	1124	1072	1075	1082	1083	1079	1079	1080	1080	1081	1063	1054	1054	1069	1082	1086	1079	1061	1052	1051	1064	1074	1064	1080	1089	1088
1084	1136	1119	1056	1055	1068	1083	1083	1081	1080	1083	1070	1062	1054	1048	1076	1087	1081	1062	1073	1077	1060	1074	1086	1092	1094	1092	1090
1069	1090	1093	1065	1039	1054	1083	1086	1087	1087	1077	1045	1052	1039	1034	1064	1083	1073	1063	1081	1076	1072	1080	1089	1093	1092	1089	1084
1104	1045	1054	1066	1062	1065	1083	1086	1084	1086	1070	1032	1031	1027	1029	1052	1068	1076	1083	1091	1088	1091	1092	1094	1091	1091	1087	1085
1144	1059	1052	1064	1070	1085	1089	1091	1095	1094	1075	1047	1028	1022	1044	1063	1076	1086	1089	1094	1092	1090	1092	1090	1089	1087	1085	1082
1176	1065	1056	1069	1082	1092	1089	1094	1096	1092	1061	1051	1050	1049	1067	1086	1091	1093	1092	1089	1088	1090	1089	1091	1093	1091	1089	1088
1462	1547	1387	1186	1046	986	1005	1036	1021	1031	1041	1033	1045	1062	1076	1074	1071	1068	1047	1028	1021	929	745	524	377	288	468	535
1417	1506	1427	1149	1043	992	997	1007	1022	1037	1017	1015	1026	1041	1054	1061	1051	1053	1053	1054	1010	974	831	607	445	371	545	607
1459	1461	1259	1110	1098	1024	984	1003	1030	1013	1006	1030	1045	1044	1049	1047	1054	1057	1049	1040	1011	988	910	719	544	441	618	701
1401	1375	1175	1146	1137	1163	1153	1112	1068	1057	1032	1010	1016	1053	1057	1037	1032	1049	1047	1008	998	985	969	823	639	504	662	824
1314	1354	1194	1148	1147	1185	1258	1245	1199	1218	1155	1103	1095	1108	1120	1060	1016	1011	1021	976	965	958	984	894	745	598	675	931
1343	1492	1461	1189	1180	1120	1174	1230	1263	1297	1254	1197	1172	1180	1190	1148	1078	1051	1047	994	971	957	976	949	839	726	707	987
1384	1459	1553	1479	1196	1054	1015	1105	1201	1231	1260	1247	1218	1210	1227	1252	1193	1151	1124	1036	983	944	953	972	923	853	800	1002
1332	1435	1533	1770	1437	1044	981	1025	1065	1066	1088	1200	1287	1287	1290	1367	1338	1203	1145	1044	992	951	944	955	959	924	889	980
1240	1376	1638	1728	1538	1307	1142	1092	1106	1066	1055	1127	1287	1333	1311	1343	1367	1212	1117	1032	994	958	942	957	966	961	945	944
1160	1208	1578	1580	1432	1331	1284	1262	1257	1165	1138	1176	1279	1330	1292	1223	1258	1174	1051	986	978	953	938	946	968	958	955	944
1097	1165	1430	1471	1438	1282	1205	1204	1243	1230	1182	1185	1239	1285	1245	1083	1088	1069	975	970	985	963	939	923	965	971	960	967
1052	1270	1406	1450	1523	1369	1287	1284	1208	1187	1188	1162	1165	1232	1185	1001	987	1010	989	966	957	953	944	919	936	960	974	989
1186	1415	1425	1597	1675	1525	1337	1155	1016	992	1031	1090	1145	1173	1095	1018	1017	1023	1009	998	954	938	941	928	925	935	964	996
1379	1414	1606	1671	1581	1450	1187	1003	1004	997	1000	994	1030	1050	1049	1061	1064	1062	1030	973	989	960	947	939	929	934	943	971
1367	1479	1626	1498	1400	1267	1076	1037	1034	1029	1026	1009	1004	1018	1034	1046	1063	1066	1048	964	959	980	957	943	943	934	943	952
1388	1523	1516	1359	1248	1095	1036	1036	1067	1051	1038	1027	1024	1021	1036	1049	1051	1050	1052	1004	945	972	974	945	948	944	960	954
1442	1446	1337	1178	1093	1062	1056	1071	1091	1088	1085	1084	1076	1046	1047	1099	1083	1059	1051	1032	956	977	988	946	948	951	980	985
1444	1315	1113	1046	1047	1068	1081	1112	1116	1115	1109	1119	1125	1112	1049	1095	1120	1085	1075	1057	973	985	1028	973	952	942	965	982
1398	1146	1023	1060	1057	1056	1065	1091	1121	1130	1119	1130	1165	1145	1060	1073	1089	1082	1067	1061	1011	1003	1072	1019	980	960	959	947
1325	1043	1042	1066	1077	1072	1077	1080	1081	1092	1111	1130	1134	1082	1062	1078	1079	1082	1083	1076	1033	1001	1023	1038	1005	978	981	964
1204	1022	1043	1081	1086	1076	1075	1081	1086	1080	1088	1098	1087	1060	1074	1094	1101	1101	1099	1074	1048	1041	1040	1049	999	974	997	1017
1124	1046	1065	1085	1080	1081	1085	1093	1098	1092	1083	1081	1071	1051	1076	1093	1096	1099	1094	1066	1043	1038	1055	1043	1030	1033	1043	1061
1088	1055	1075	1089	1082	1092	1090	1088	1085	1081	1081	1086	1063	1048	1081	1101	1100	1102	1085	1060	1048	1036	1042	1050	1059	1071	1078	1081
1080	1062	1066	1082	1080	1090	1093	1087	1085	1085	1086	1067	1057	1068	1092	1100	1095	1086	1067	1079	1077	1040	1037	1066	1086	1092	1092	1092
1077	1057	1067	1086	1075	1086	1085	1087	1088	1089	1075	1026	1035	1074	1098	1100	1098	1078	1066	1087	1065	1035	1055	1084	1094	1093	1088	1086
1118	1022	1040	1093	1093	1096	1088	1089	1092	1098	1069	994	1013	1077	1096	1097	1096	1086	1083	1092	1062	1073	1094	1096	1095	1095	1093	1091
1162	1036	1036	1087	1093	1096	1091	1092	1099	1094	1060	995	1006	1059	1077	1089	1091	1088	1087	1080	1076	1091	1094	1092	1092	1089	1088	1085
1195	1048	1050	1084	1100	1097	1092	1095	1095	1088	1051	1015	1019	1068	1083	1096	1092	1089	1088	1086	1092	1090	1090	1092	1094	1092	1091	1089
1399	1384	1433	1318	1043	949	955	1007	950	984	1026	1032	1030	1030	1060	1073	1059	1064	1070	1047	1005	1011	1002	1020	1021	1209	1314	1336
1347	1343	1433	1287	1014	944	947	947	965	983	987	981	996	997	1016	1042	1061	1072	1064	1055	994	998	1009	1001	1001	1167	1429	1484
1385	1367	1403	1190	1055	1000	945	898	956	995	972	949	963	963	985	1033	1076	1080	1062	1042	1005	973	1004	1008	1001	1081	1437	1621
1431	1477	1354	1169	1120	1127	1091	1022	1020	1027	990	952	929	946	993	1069	1138	1130	1086	1050	1018	965	990	1027	992	1000	1352	1736
1379	1501	1318	1131	1113	1153	1177	1189	1185	1202	1183	1141	1103	1110	1139	1142	1142	1139	1116	1108	1074	981	962	1015	1007	971	1194	1789
1336	1428	1402	1121	1109	1107	1152	1178	1184	1211	1238	1202	1165	1211	1276	1290	1238	1190	1196	1173	1114	1024	960	996	1021	994	1036	1705
1354	1371	1471	1340	1113	1056	1030	1099	1195	1205	1163	1101	1063	1105	1222	1362	1409	1367	1357	1254	1133	1036	973	989	1029	1022	972	1465
1386	1365	1436	1629	1200	1014	1016	1052	1083	1034	996	1027	1037	1062	1166	1297	1405	1434	1398	1256	1108	1005	978	966	1009	1028	975	1173
1354	1380	1427	1613	1375	1110	1094	1047	1020	954	897	889	969	1043	1112	1189	1310	1354	1290	1201	1083	1007	997	964	993	1029	1010	997
1302	1352	1331	1286	1208	1155	1118	1050	1019	975	917	882	903	980	1050	1114	1246	1266	1164	1098	1070	1031	1011	964	969	1015	1019	985
1196	1217	1128	1106	1170	1135	1086	1087	1050	1000	923	910	927	925	950	1023	1077	1046	1013	1057	1077	1053	1046	985	968	996	1010	1005
1126	1117	1115	1181	1272	1189	1085	1100	1081	1006	959	949	972	962	930	942	951	967	999	1026	1037	1037	1035	971	962	981	1003	1011
1088	1046	1231	1611	1644	1450	1186	1065	1074	1081	1039	1007	1004	990	990	982	988	995	988	992	988	988	1017	973	968	971	986	1018
1061	1047	1552	1870	1746	1644	1265	999	1034	1061	1083	1074	1052	1034	1036	1052	1050	1039	1029	1012	1022	998	1019	992	974	969	965	988
1061	1255	1859	1750	1720	1551	1122	995	1049	1084	1103	1078	1085	1101	1100	1100	1106	1094	1071	1029	1030	1020	1022	991	983	979	974	975
1137	1480	1867	1754	1593	1241	1105	1088	1119	1125	1147	1141	1104	1093	1120	1136	1134	1127	1103	1084	1052	1039	1036	982	968	964	972	966
1242	1539	1749	1552	1224	1120	1141	1199	1242	1210	1193	1225	1233	1144	1136	1241	1186	1129	1106	1092	1073	1046	1051	996	982	971	963	957
1326	1547	1334	1188	1139	1139	1166	1229	1241	1236	1235	1262	1312	1284	1136	1203	1252	1155	1124	1104	1076	1049	1078	1021	987	967	959	956
1413	1345	1096	1118	1129	1116	1138	1195	1245	1252	1236	1279	1352	1329	1125	1127	1186	1168	1134	1129	1100	1071	1099	1038	988	967	956	947
1398	1142	1097	1096	1105	1084	1090	1103	1148	1188	1224	1263	1312	1173	1073	1082	1116	1141	1150	1141	1104	1061	1043	1017	986	961	964	959
1255	1097	1088	1076	1070	1061	1072	1075	1081	1098	1157	1183	1161	1087	1073	1089	1095	1106	1114	1119	1101	1043	1012	997	978	948	966	987
1170	1100	1073	1070	1068	1070	1077	1086	1092	1089	1093	1103	1099	1072	1070	1087	1089	1088	1097	1103	1096	1047	1022	996	984	978	993	1016
1129	1075	1073	1085	1089	1090	1090	1092	1101	1097	1092	1092	1096	1050	1062	1101	1105	1106	1105	1107	1097	1034	993	985	1002	1026	1043	1047
1083	1047	1072	1084	1086	1090	1098	1092	1091	1092	1090	1092	1068	1026	1063	1098	1098	1094	1101	1103	1079	1020	973	991	1038	1053	1062	1067
1055	1062	1073	1086	1081	1086	1097	1092	1091	1091	1096	1079	1034	1036	1074	1094	1096	1098	1102	1095	1055	997	1006	1047	1068	1069	1075	1074
1051	1060	1066	1084	1077	1088	1095	1101	1102	1104	1096	1045	1044	1081	1096	1103	1107	1103	1095	1087	1029	1033	1071	1082	1083	1087	1091	1087
1044	1028	1032	1080	1087	1096	1088	1094	1098	1089	1069	1014	1032	1086	1094	1096	1096	1089	1083	1055	1040	1080	1088	1087	1091	1091	1090	1089
1040	1022	1002	1067	1099	1097	1096	1101	1096	1089	1084	1018	995	1077	1095	1094	1083	1077	1072	1072	1089	1086	1082	1081	1087	1088	1090	1087
1095	1113	1056	877	796	802	819	771	625	702	890	878	871	928	970	1030	1034	1048	1083	1093	1071	1056	1038	1011	1123	1978	2130	1714
1203	1177	1130	911	763	792	776	563	484	586	750	654	634	678	796	968	1023	1059	1079	1072	1060	1050	1045	1039	956	1478	2008	1799
1250	1224	1248	1005	843	831	678	449	424	567	609	468	447	469	640	903	1097	1116	1075	1063	1056	1021	995	1031	948	1105	1690	1776
1304	1281	1335	1064	925	855	637	450	441	553	503	383	337	360	577	1018	1413	1385	1205	1137	1130	1047	995	1024	961	973	1361	1644
1388	1370	1371	1050	954	918	726	565	574	557	477	358	277	323	630	1157	1537	1557	1408	1383	1358	1184	1040	1022	1018	993	1164	1473
1364	1417	1418	1169	974	998	904	772	702	565	461	300	225	320	597	1005	1362	1475	1495	1542	1484	1271	1079	1024	1059	1035	1066	1298
1367	1398	1424	1351	1153	1028	1005	900	762	606	448	276	225	310	506	792	1111	1277	1367	1461	1486	1288	1080	1047	1059	1049	1042	1159
1374	1389	1401	1388	1279	1091	1116	979	845	689	505	339	270	321	471	702	919	1079	1213	1344	1343	1149	1079	1067	1056	1031	1019	1045
1313	1285	1263	1297	1285	1207	1310	1052	935	786	617	458	378	382	476	672	866	977	1096	1244	1142	1051	1077	1060	1055	1039	1035	1015
1259	1237	1229	1255	1218	1264	1274	1095	967	878	674	545	485	487	568	692	837	936	1023	1084	1046	1059	1062	1038	1035	1045	1059	1047
1245	1263	1240	1226	1247	1283	1277	1323	1037	921	767	639	622	619	632	710	815	888	959	1035	1060	1066	1071	1055	1043	1057	1060	1055
1325	1350	1366	1289	1267	1257	1254	1387	1348	1104	948	857	843	773	710	734	801	894	970	1026	1041	1048	1059	1052	1059	1065	1066	1061
1288	1404	1536	1663	1320	1223	1215	1314	1438	1458	1326	1156	1072	920	767	785	902	977	1007	1020	1009	1018	1040	1038	1047	1054	1053	1059
1163	1289	1558	1761	1382	1169	1170	1236	1353	1430	1449	1423	1354	1222	1034	989	1018	1024	1026	1032	1038	1036	1034	1036	1050	1050	1045	1046
1060	1187	1724	1569	1410	1269	1151	1113	1223	1389	1445	1381	1375	1413	1368	1305	1253	1173	1103	1075	1057	1059	1043	1035	1059	1069	1067	1050
1005	1197	1827	1510	1484	1412	1336	1249	1132	1160	1347	1446	1362	1338	1319	1313	1352	1373	1287	1261	1203	1168	1112	1079	1083	1061	1049	1036
1036	1463	1746	1630	1458	1299	1347	1389	1320	1206	1144	1375	1458	1342	1289	1287	1269	1270	1269	1260	1240	1211	1155	1139	1139	1093	1033	998
1275	1696	1555	1600	1521	1338	1333	1358	1335	1296	1279	1302	1427	1366	1276	1291	1319	1277	1282	1288	1291	1259	1205	1171	1142	1096	1058	1016
1537	1602	1426	1486	1500	1430	1438	1457	1393	1312	1305	1375	1352	1359	1249	1298	1400	1368	1327	1326	1340	1312	1250	1199	1125	1067	1035	1001
1575	1441	1388	1370	1322	1259	1228	1228	1339	1358	1326	1310	1381	1211	1072	1104	1216	1291	1319	1306	1315	1282	1204	1132	1088	1068	1033	1001
1441	1411	1311	1202	1130	1099	1093	1072	1067	1133	1270	1271	1231	1065	1047	1044	1042	1067	1118	1171	1189	1159	1083	1049	1076	1048	1014	987
1398	1299	1165	1116	1108	1089	1095	1096	1080	1078	1119	1146	1105	1075	1080	1075	1064	1036	1055	1075	1088	1059	1045	1052	1067	1041	1005	985
1341	1155	1112	1111	1118	1099	1096	1094	1091	1098	1096	1077	1095	1076	1069	1083	1078	1060	1067	1081	1076	1036	1018	1032	1040	1016	994	983
1235	1094	1095	1102	1111	1108	1109	1104	1099	1100	1089	1081	1080	1047	1049	1077	1082	1081	1080	1084	1082	1057	1024	1008	1006	995	1001	999
1152	1092	1102	1107	1106	1105	1113	1091	1100	1103	1090	1089	1082	1016	1034	1083	1093	1084	1083	1083	1085	1067	1041	1010	1011	1021	1041	1034
1105	1105	1114	1112	1096	1077	1085	1092	1095	1093	1091	1088	1055	996	1051	1084	1085	1087	1087	1088	1094	1063	1033	1032	1043	1062	1078	1069
1083	1100	1098	1101	1092	1086	1081	1094	1081	1082	1072	1046	1015	1038	1082	1091	1093	1094	1093	1091	1082	1065	1058	1058	1074	1093	1097	1096
1061	1074	1051	1093	1103	1104	1101	1092	1085	1076	1044	1024	1017	1082	1093	1095	1093	1087	1087	1081	1078	1080	1070	1067	1081	1089	1092	1094
727	612	373	226	158	138	148	188	224	202	455	304	189	233	244	395	740	1147	1295	1238	1203	1101	1072	1056	1052	1212	1313	1244
711	594	398	222	156	144	168	167	168	257	324	124	115	138	171	312	660	1321	1631	1482	1346	1238	1132	1041	1013	1119	1252	1240
750	609	441	236	157	167	182	146	145	290	179	69	76	85	123	250	613	1321	1669	1579	1508	1385	1200	1034	996	1053	1177	1185
824	677	517	296	213	253	196	130	127	199	87	65	65	72	96	197	553	1056	1385	1499	1610	1571	1359	1105	1009	1022	1099	1136
1009	820	664	434	308	332	213	113	149	131	68	52	48	58	87	178	415	746	1072	1319	1478	1515	1474	1123	1029	1048	1063	1114
1233	1066	886	677	468	452	291	196	187	110	73	49	39	54	79	139	301	531	787	988	1174	1359	1299	1043	1043	1074	1069	1101
1291	1267	1136	976	778	629	501	344	220	117	73	55	55	55	67	119	241	382	548	754	938	1127	1111	1059	1070	1079	1068	1094
1310	1324	1249	1163	1032	817	824	447	235	128	84	60	46	47	76	119	198	292	393	569	736	869	970	1069	1082	1079	1068	1080
1283	1308	1280	1186	1138	1205	1155	638	275	159	105	71	51	59	77	112	165	232	309	424	567	733	939	1072	1072	1072	1066	1073
1273	1281	1317	1198	1188	1292	1231	1011	524	213	108	78	81	80	85	105	144	196	261	338	477	750	968	1046	1081	1083	1071	1089
1291	1311	1319	1276	1226	1252	1215	1178	975	446	133	86	92	94	96	108	130	170	235	361	610	851	963	991	1079	1107	1081	1092
1327	1340	1359	1352	1256	1242	1201	1191	1162	945	445	182	143	118	105	118	126	161	270	611	718	753	914	946	1047	1117	1089	1096
1331	1369	1416	1494	1260	1218	1168	1157	1139	1147	1047	748	571	317	156	146	205	370	718	954	722	711	770	886	1016	1098	1079	1085
1317	1402	1418	1571	1264	1120	1114	1104	1084	1095	1131	1110	1008	761	449	403	566	793	916	923	825	640	683	839	993	1102	1112	1124
1252	1411	1561	1625	1307	1040	1047	1046	1053	1080	1090	1060	998	912	768	701	697	668	632	676	793	853	851	992	1173	1302	1227	1209
1121	1231	1508	1511	1347	1115	1073	1036	996	1012	1071	1083	1004	879	723	626	598	586	594	663	799	1126	1266	1326	1386	1284	1211	1200
1051	1080	1237	1320	1278	1136	1116	1091	1044	998	986	1049	1063	877	690	620	607	615	656	751	910	1194	1366	1351	1309	1256	1226	1227
1065	1131	1277	1360	1316	1124	1126	1124	1079	1040	988	968	1054	923	785	722	715	743	789	864	1012	1189	1281	1277	1260	1294	1312	1260
1145	1280	1461	1579	1569	1360	1204	1125	1114	1068	1017	964	1004	979	871	883	908	933	973	1034	1124	1166	1219	1216	1276	1342	1283	1183
1473	1504	1548	1588	1664	1595	1139	1042	1067	1071	1074	1065	1048	1038	972	988	1049	1105	1155	1171	1188	1172	1177	1225	1315	1263	1152	1068
1603	1534	1516	1575	1479	1242	1050	1028	1011	1017	1048	1071	1080	1077	1060	1049	1068	1097	1131	1155	1164	1173	1166	1192	1178	1099	1059	1053
1510	1512	1504	1359	1176	1053	1026	1064	1052	1014	1000	1021	1056	1075	1069	1052	1060	1061	1079	1085	1076	1086	1100	1080	1061	1061	1062	1067
1495	1523	1316	1107	1063	1045	1038	1055	1064	1042	1027	1009	1040	1078	1076	1077	1079	1062	1050	1067	1075	1074	1073	1067	1082	1080	1074	1076
1497	1339	1090	1085	1079	1067	1053	1043	1036	1033	1050	1035	1034	1065	1071	1079	1085	1073	1069	1077	1081	1075	1062	1052	1067	1070	1071	1071
1482	1124	1091	1104	1099	1084	1058	1054	1050	1033	1037	1049	1047	1032	1048	1064	1080	1069	1073	1085	1087	1065	1055	1064	1084	1085	1078	1060
1323	1080	1101	1107	1092	1084	1076	1058	1051	1063	1053	1059	1069	1025	1045	1062	1063	1074	1084	1080	1076	1058	1050	1072	1077	1076	1066	1046
1161	1090	1107	1098	1090	1083	1083	1077	1066	1079	1074	1062	1045	1000	1056	1070	1075	1084	1087	1087	1083	1066	1071	1087	1080	1072	1060	1041
1098	1101	1103	1105	1098	1096	1079	1075	1083	1073	1065	1069	1017	1021	1071	1087	1093	1095	1094	1092	1090	1063	1075	1078	1068	1063	1060	1041
247	165	84	49	32	17	17	33	53	83	197	152	34	54	52	96	219	605	1228	1482	1540	1515	1452	1261	1066	1064	1100	1074
228	143	81	36	23	15	24	43	70	125	161	77	33	37	34	72	190	522	900	1132	1335	1468	1486	1388	1120	1060	1092	1088
248	156	97	33	18	26	41	48	90	145	180	79	30	24	27	57	172	434	679	824	1005	1239	1395	1321	1062	1064	1077	1075
302	185	120	49	33	56	51	55	109	156	221	86	41	31	25	32	126	296	476	621	784	954	1140	1116	1024	1077	1068	1068
412	245	166	112	74	84	58	70	126	130	97	55	29	27	16	8	59	170	312	454	582	721	875	888	967	1067	1050	1068
596	378	266	201	142	131	84	111	128	75	37	13	19	21	10	2	32	100	192	281	386	524	630	703	861	1020	1051	1062
858	566	402	317	252	195	160	147	113	55	27	23	23	17	14	14	31	66	115	186	263	382	468	586	755	937	1018	1063
1139	880	570	427	356	279	276	178	105	42	26	26	23	16	12	8	17	41	68	115	179	266	363	525	662	919	998	1049
1317	1199	893	609	495	506	501	231	89	45	42	27	19	17	9	0	3	28	49	75	124	187	333	541	742	982	971	1037
1329	1313	1221	988	861	835	885	549	190	49	42	37	39	39	38	36	47	76	101	125	182	302	496	590	684	858	913	1000
1277	1310	1346	1227	1108	1087	1075	990	685	260	89	117	132	119	117	127	161	174	163	219	335	441	525	419	491	702	839	968
1277	1288	1346	1361	1124	1093	1100	1085	1075	908	522	235	162	132	119	131	166	130	139	292	316	298	341	329	425	596	811	963
1324	1329	1344	1423	1192	1065	1094	1075	1074	1063	777	400	262	179	140	140	190	221	352	419	288	292	267	293	392	535	762	944
1363	1410	1376	1405	1279	1035	1041	1039	1059	1065	799	539	413	328	203	150	213	337	451	551	564	325	214	255	361	534	778	1113
1335	1417	1417	1440	1330	1051	1007	1026	1049	1070	816	463	336	249	179	160	170	173	176	234	378	499	338	287	415	673	963	1194
1241	1305	1377	1410	1318	1100	996	1004	1009	1049	865	464	335	244	173	139	126	120	125	138	181	402	592	516	598	822	991	1174
1194	1203	1248	1280	1221	1091	1041	1011	1017	923	686	466	363	250	169	143	141	138	145	173	219	344	647	787	892	977	1044	1168
1156	1213	1302	1346	1224	1090	1091	1048	1026	790	434	439	442	278	199	174	170	184	194	216	269	385	604	826	1083	1207	1180	1203
1110	1235	1562	1687	1448	1168	1083	1059	1026	785	388	342	463	353	243	242	244	253	268	290	349	464	655	900	1149	1252	1219	1227
1201	1373	1805	1654	1589	1332	1002	998	1029	991	676	405	393	485	360	314	332	344	369	414	506	640	835	1072	1192	1218	1170	1135
1407	1743	1681	1545	1525	1206	926	942	985	1019	1019	842	634	606	670	514	453	478	528	615	729	871	1052	1147	1143	1128	1086	1070
1599	1719	1549	1445	1287	1062	946	962	971	1002	1004	1074	1059	953	914	935	831	825	821	908	982	1032	1080	1079	1070	1066	1057	1055
1740	1562	1374	1211	1100	1077	1075	1074	1026	999	1004	1015	1087	1153	1142	1138	1127	1091	1075	1081	1092	1084	1071	1064	1067	1059	1057	1068
1621	1405	1172	1154	1160	1146	1143	1146	1133	1103	1091	1053	1063	1116	1151	1161	1181	1165	1147	1135	1116	1076	1053	1061	1069	1061	1070	1079
1390	1162	1080	1106	1150	1209	1257	1200	1167	1184	1220	1197	1119	1177	1247	1198	1183	1162	1155	1165	1158	1107	1064	1047	1053	1055	1070	1065
1224	1044	1050	1067	1078	1093	1176	1261	1216	1200	1252	1261	1164	1122	1246	1272	1231	1200	1178	1165	1155	1123	1088	1064	1068	1071	1077	1069
1125	1049	1075	1087	1080	1076	1072	1125	1207	1244	1272	1285	1125	1043	1075	1127	1137	1146	1156	1145	1148	1109	1067	1073	1077	1072	1077	1071
1079	1076	1088	1085	1075	1076	1070	1065	1114	1170	1209	1133	1062	1038	1062	1080	1080	1082	1078	1071	1072	1054	1057	1080	1085	1077	1080	1070
50	20	23	31	31	29	29	29	23	53	106	251	79	52	59	48	34	212	640	817	913	1043	1216	1305	1123	1087	1066	1051
45	10	15	18	22	27	29	29	42	68	141	201	97	65	56	47	41	165	336	461	663	866	1042	1208	1067	1065	1067	1068
46	10	19	20	22	34	32	33	62	94	188	187	111	60	51	46	38	49	117	225	382	642	890	998	893	957	1019	1051
69	16	19	17	27	32	33	44	88	135	222	134	91	75	59	48	34	18	52	130	222	358	557	647	643	767	924	1022
102	25	17	26	30	26	33	59	109	132	142	120	91	77	58	59	61	50	49	80	141	212	319	429	541	644	780	979
174	48	27	28	37	32	37	79	110	79	81	82	71	68	60	70	69	79	80	87	105	122	173	286	420	563	732	909
360	116	44	35	38	31	38	84	94	78	85	88	76	84	91	93	103	121	126	96	96	87	112	215	367	538	726	884
674	326	127	53	33	30	28	98	110	118	104	87	110	111	111	137	131	138	142	115	110	103	142	294	418	555	662	769
1292	777	344	158	92	70	126	124	134	133	132	131	141	125	152	177	161	174	169	180	163	147	179	283	431	558	560	653
1475	1280	859	514	394	387	484	322	185	130	162	174	173	209	251	241	245	265	260	234	164	163	235	263	308	405	495	576
1341	1381	1270	1049	929	938	946	919	611	289	239	307	320	297	275	250	255	247	238	203	198	203	254	156	139	266	414	527
1274	1319	1336	1264	1033	917	898	902	974	850	493	330	294	241	212	208	224	215	182	167	150	130	145	92	82	167	375	510
1280	1298	1324	1329	1077	835	826	862	938	966	563	272	196	167	175	180	212	201	199	160	134	130	123	84	61	120	332	485
1300	1317	1324	1306	1231	914	883	867	810	833	649	331	116	85	85	66	58	83	141	241	324	188	118	80	53	126	336	603
1299	1305	1316	1277	1251	1096	934	809	796	864	662	175	32	0	0	0	0	0	0	29	162	294	219	135	111	194	442	645
1284	1297	1307	1325	1239	1244	1011	838	814	832	584	90	19	0	0	0	0	0	0	0	0	53	232	244	326	311	480	679
1307	1346	1351	1347	1262	1306	1118	916	816	577	344	128	31	1	0	3	2	0	0	0	0	0	100	235	476	458	518	725
1314	1370	1412	1430	1288	1287	1235	1082	874	408	134	154	104	28	8	2	2	0	0	0	0	0	122	269	487	683	707	872
1265	1359	1524	1532	1351	1217	1213	1255	904	414	85	90	186	61	8	11	9	3	0	0	0	62	182	351	518	703	962	1085
1150	1419	1682	1457	1299	1230	1146	1225	1161	794	325	104	188	227	69	24	24	23	33	67	132	223	330	475	579	751	1034	1123
1178	1594	1646	1477	1322	1144	1090	1158	1221	1182	904	526	321	388	326	165	121	132	160	232	349	458	557	629	724	933	1067	1073
1359	1627	1563	1508	1379	1091	975	1082	1216	1269	1217	1055	779	579	485	514	407	395	384	455	577	681	765	843	955	1098	1065	1052
1588	1562	1488	1389	1273	1217	1139	1087	1115	1263	1254	1245	1204	995	768	726	682	620	605	624	679	801	877	979	1081	1105	1066	1097
1661	1429	1351	1348	1273	1270	1285	1260	1201	1253	1332	1237	1282	1356	1256	1115	1002	905	849	821	831	933	1028	1102	1129	1144	1143	1136
1380	1268	1279	1308	1335	1385	1424	1323	1268	1340	1349	1366	1252	1331	1417	1404	1336	1262	1199	1183	1213	1265	1259	1248	1210	1197	1136	1110
1280	1244	1244	1192	1190	1192	1288	1394	1327	1332	1357	1392	1312	1297	1433	1433	1390	1391	1364	1344	1353	1328	1278	1221	1161	1162	1183	1184
1269	1198	1109	1083	1087	1068	1067	1155	1308	1303	1340	1307	1140	1158	1260	1329	1347	1352	1362	1334	1310	1266	1230	1218	1196	1191	1194	1170
1224	1100	1069	1076	1071	1070	1067	1064	1166	1242	1249	1119	1070	1052	1058	1117	1168	1211	1273	1299	1289	1268	1245	1227	1198	1175	1126	1089
45	44	32	30	27	30	31	35	33	27	97	294	133	97	100	104	112	124	147	88	134	289	571	872	837	814	854	923
43	36	30	23	26	30	30	31	29	38	139	239	151	112	95	93	105	213	190	63	67	171	346	601	684	756	807	870
38	27	28	25	23	33	35	36	32	68	134	205	175	133	95	87	95	148	139	100	99	162	251	391	497	598	730	802
42	36	33	27	31	37	39	39	38	73	106	139	148	139	112	86	95	122	132	137	142	149	134	168	220	338	588	740
44	44	42	34	30	27	29	25	45	80	136	151	145	170	119	105	149	147	146	146	168	150	132	119	150	195	403	676
44	35	41	39	36	32	27	26	51	80	119	151	151	154	137	148	187	166	194	202	194	166	124	104	111	162	352	565
55	21	33	46	48	42	36	48	90	116	135	171	165	167	170	178	197	217	271	247	211	183	151	145	172	209	361	537
236	4	29	39	35	34	33	89	161	174	182	173	186	197	198	234	245	282	296	285	254	220	220	302	315	237	300	395
1173	431	46	25	21	16	68	171	223	211	209	208	231	210	249	319	316	317	317	331	338	312	281	246	239	191	191	241
1558	1194	524	178	149	203	257	298	290	246	251	254	253	305	380	365	329	353	351	306	216	211	200	163	146	108	154	179
1405	1314	967	724	644	642	631	646	502	348	337	358	366	360	328	265	221	213	239	181	154	159	192	170	113	83	122	143
1293	1253	1053	873	727	545	493	495	599	600	374	345	335	280	227	207	180	210	197	164	162	163	199	158	93	62	103	130
1271	1240	1117	919	698	458	391	446	548	609	366	331	292	192	171	167	178	187	196	177	193	168	190	165	89	59	85	113
1255	1254	1190	1039	858	569	521	519	375	376	434	352	236	140	98	87	70	76	101	143	197	176	217	208	114	77	93	124
1252	1255	1256	1145	997	883	636	405	346	415	408	161	98	93	70	66	64	57	51	67	161	232	294	300	216	116	103	127
1277	1261	1286	1244	1125	1191	732	431	400	388	269	37	57	56	43	36	35	45	61	92	86	187	283	350	405	123	117	177
1331	1341	1382	1349	1214	1323	875	547	399	177	133	104	84	48	45	35	36	49	56	73	58	82	115	157	328	121	99	250
1381	1374	1447	1423	1251	1320	1103	777	486	119	112	173	73	63	64	53	66	67	70	72	62	46	37	27	113	272	249	423
1384	1419	1428	1330	1227	1263	1231	1127	600	156	103	161	133	61	79	86	86	84	94	83	61	41	27	7	11	246	610	674
1267	1495	1454	1310	1073	1200	1244	1274	980	442	155	126	249	250	140	95	86	82	87	95	94	69	24	12	63	246	757	846
1114	1351	1525	1410	1094	1069	1204	1286	1179	911	527	231	236	426	177	86	88	84	80	96	142	151	100	115	234	514	873	935
1088	1312	1436	1406	1282	1073	1025	1168	1259	1096	948	672	418	289	104	109	73	66	63	71	155	249	314	408	562	794	894	997
1240	1383	1411	1359	1293	1227	1121	1052	1122	1232	1096	1036	955	567	249	190	144	97	87	113	178	350	460	593	758	892	975	1088
1465	1447	1555	1465	1246	1253	1236	1188	1136	1215	1272	1146	1151	1094	891	680	509	395	340	320	355	529	672	783	919	1095	1148	1173
1442	1513	1590	1584	1429	1332	1315	1223	1186	1265	1247	1316	1188	1101	1073	1064	973	882	803	774	820	938	1006	1126	1233	1297	1204	1189
1453	1506	1512	1390	1281	1177	1218	1267	1219	1242	1224	1277	1291	1261	1241	1161	1100	1110	1090	1070	1101	1138	1193	1259	1237	1251	1263	1260
1422	1417	1225	1084	1064	1041	1046	1108	1218	1169	1186	1134	1080	1171	1291	1312	1297	1279	1283	1276	1271	1286	1326	1326	1286	1279	1272	1249
1411	1184	1046	1053	1053	1055	1053	1051	1135	1171	1136	1048	1032	1023	1040	1117	1191	1251	1337	1386	1387	1384	1377	1353	1311	1268	1197	1163
37	31	29	28	32	33	31	30	28	35	101	153	151	160	132	148	164	141	199	166	147	154	164	160	197	256	372	552
32	26	32	33	35	28	18	22	26	33	109	142	163	165	130	146	142	134	140	145	134	176	201	144	143	172	267	397
37	26	32	31	29	25	26	34	29	35	116	132	180	215	148	156	136	147	140	161	151	155	143	146	135	146	220	293
40	39	37	31	27	26	32	36	25	44	119	154	183	189	183	153	157	171	152	165	151	156	142	154	167	152	188	244
46	44	36	29	20	21	25	30	26	90	161	153	150	260	203	154	205	174	160	161	145	142	148	154	150	151	173	222
48	33	27	24	19	20	27	29	47	155	157	163	211	242	228	220	295	170	203	229	186	163	193	207	179	201	204	154
63	42	35	34	32	29	39	34	144	198	167	218	235	207	212	228	229	199	296	300	202	217	242	236	213	188	168	164
165	57	70	65	55	48	43	78	254	188	221	246	193	201	192	184	216	285	305	306	234	209	201	206	160	151	168	160
907	402	134	100	94	77	81	189	302	233	244	207	209	195	179	249	288	259	270	245	266	217	185	145	141	195	174	137
1296	921	385	214	251	232	229	222	260	290	255	223	208	214	270	262	178	201	220	186	189	190	178	148	156	168	155	143
1243	864	448	318	275	172	128	88	134	298	330	255	258	274	259	218	174	190	185	175	183	173	175	152	160	176	163	140
1239	886	428	257	162	27	21	11	32	207	364	380	331	298	234	218	185	183	172	172	185	171	144	155	155	172	173	149
1321	1108	618	236	121	25	14	17	64	102	175	389	395	276	229	218	217	196	192	186	226	203	156	172	164	176	159	153
1326	1275	961	501	231	60	63	129	67	8	46	245	451	374	264	196	174	177	194	209	214	196	204	248	210	185	169	167
1289	1334	1198	907	592	375	166	58	24	18	28	139	197	258	194	162	166	162	161	202	234	216	206	224	221	201	196	155
1277	1294	1318	1107	928	726	149	11	26	29	56	105	133	146	90	67	67	100	145	236	238	374	363	229	232	232	188	121
1285	1281	1379	1243	997	858	244	21	27	48	106	173	194	92	67	41	54	89	118	168	113	201	368	420	390	192	125	106
1312	1293	1393	1308	1035	1016	550	102	46	96	140	268	144	61	61	58	94	116	136	156	131	99	92	139	305	366	155	104
1332	1320	1394	1335	1082	1088	887	446	200	134	143	243	121	77	111	112	118	125	152	139	121	93	76	72	76	245	316	164
1356	1388	1445	1406	1085	1053	1037	810	347	122	155	165	174	233	209	122	104	84	77	79	77	65	63	86	70	78	409	337
1258	1358	1455	1294	1075	1058	1029	957	556	114	102	128	227	369	136	63	45	34	30	36	47	47	40	44	40	93	457	568
1141	1117	1181	1158	1094	1060	1019	999	782	279	149	100	241	277	46	34	29	26	26	25	34	33	22	24	40	131	436	749
1100	1105	1144	1114	1094	1068	1041	991	948	644	340	212	278	111	42	24	25	30	29	28	29	31	21	10	82	301	635	856
1081	1498	1658	1359	1090	1109	1040	974	989	928	702	570	450	157	65	22	15	20	23	24	27	27	25	81	326	676	872	1036
1445	1772	1733	1646	1264	1054	1052	1018	991	990	972	954	775	434	249	140	85	62	49	35	33	49	132	397	773	1007	1112	1221
1568	1581	1596	1473	1194	969	1003	1036	1043	1012	990	981	965	826	610	464	351	284	259	244	271	374	584	863	1052	1158	1189	1181
1395	1519	1372	1122	1042	1030	1020	1034	1044	1025	1019	1017	1001	971	908	818	734	685	687	728	806	916	1050	1141	1177	1198	1191	1219
1465	1299	1079	1063	1053	1059	1068	1063	1043	1037	1022	1035	1031	1002	1003	991	967	962	972	1011	1056	1118	1198	1268	1286	1240	1244	1284
51	35	31	27	25	27	23	27	26	71	134	107	153	138	113	141	159	123	143	123	142	171	189	188	149	144	153	187
56	37	31	29	29	26	22	27	20	60	122	118	161	144	121	190	199	146	152	159	131	154	205	206	145	151	163	165
52	30	31	31	23	20	18	22	15	58	132	146	188	156	132	211	149	164	166	271	175	148	139	196	213	186	152	142
36	24	26	24	19	14	15	23	10	101	169	177	135	156	170	160	145	155	156	315	222	165	150	207	268	148	133	138
37	27	31	26	14	10	17	22	35	187	176	139	128	192	201	162	154	149	181	250	145	154	167	186	149	149	132	135
55	36	33	24	7	7	16	37	127	230	172	149	180	205	209	192	207	211	225	257	165	140	202	193	153	178	184	145
190	114	82	55	19	18	37	61	192	241	222	225	240	184	202	194	232	251	347	271	178	162	168	181	154	150	244	166
337	222	181	164	146	80	72	90	240	247	244	248	219	189	180	170	175	224	287	183	177	162	148	165	159	153	182	158
275	148	139	180	307	201	183	343	424	282	267	263	228	204	176	185	204	182	192	175	172	157	131	166	166	154	142	134
251	93	58	78	241	174	103	127	216	244	265	292	257	216	223	214	217	172	156	172	199	169	156	183	177	140	144	157
451	98	51	49	56	39	42	25	19	166	289	299	272	239	230	241	235	240	154	155	268	198	157	168	238	268	207	175
949	298	38	44	51	48	37	31	28	105	241	300	301	258	263	253	204	220	170	163	235	216	162	180	168	256	190	170
1264	863	185	40	47	42	38	31	42	111	90	176	337	322	278	276	239	238	235	190	202	218	166	198	179	220	197	162
1393	1177	680	97	51	49	38	48	121	66	25	30	130	325	371	318	319	313	266	241	261	228	205	236	241	191	189	172
1354	1343	1054	451	91	61	57	134	117	38	34	32	29	196	246	122	171	231	260	275	296	286	252	267	236	196	196	196
1310	1382	1276	907	340	116	127	107	38	46	38	40	62	149	59	48	58	68	92	130	153	252	341	320	277	241	216	189
1294	1332	1399	1173	843	501	253	57	48	48	49	45	112	88	39	49	49	49	55	59	44	54	126	251	392	346	221	225
1283	1291	1375	1352	1117	975	380	93	65	57	54	105	167	42	45	47	47	47	47	39	38	27	26	52	163	386	425	280
1271	1283	1318	1355	1232	1089	591	117	76	76	71	204	195	51	49	44	41	44	42	40	37	32	36	34	38	138	390	451
1280	1292	1313	1318	1260	1254	1008	272	83	75	120	248	123	54	50	43	39	44	41	38	40	37	35	35	48	50	121	310
1357	1367	1347	1273	1351	1413	1151	589	209	146	329	302	71	50	44	54	49	53	48	43	40	37	36	34	43	43	65	130
1428	1424	1402	1312	1435	1307	1076	932	693	391	553	285	79	59	56	66	67	57	48	37	35	34	35	39	38	36	54	99
1431	1577	1523	1340	1285	1274	1169	979	987	663	488	202	118	56	60	59	63	57	46	37	36	41	41	43	47	50	63	146
1275	1722	1533	1222	1194	1275	1323	1085	965	850	521	229	143	74	69	56	70	75	53	38	39	38	38	41	47	64	178	510
1448	1611	1454	1286	1069	1190	1308	1310	1116	978	840	502	266	108	83	70	72	75	76	48	41	42	43	43	86	280	644	973
1597	1528	1553	1390	1049	985	1143	1294	1350	1246	1058	802	550	294	142	113	82	66	74	61	50	56	82	185	446	785	996	1052
1411	1537	1469	1306	1227	1156	1087	1126	1250	1299	1291	1174	939	704	418	229	160	147	148	142	171	254	442	719	948	1052	1049	1051
1419	1433	1374	1314	1259	1239	1252	1237	1194	1217	1213	1231	1219	1122	948	748	577	504	547	640	694	798	948	1047	1081	1062	1060	1088
475	329	279	266	233	191	156	162	111	134	173	145	153	158	131	171	276	324	257	256	145	153	146	138	169	189	146	144
411	314	315	313	277	203	146	133	92	118	173	152	165	158	171	239	225	127	156	227	127	137	143	149	158	179	140	135
394	320	340	358	317	224	169	178	207	152	147	160	221	211	179	216	153	147	161	210	139	131	138	154	209	194	149	178
415	358	381	407	383	323	272	199	215	221	156	177	168	170	216	173	170	163	150	194	177	143	139	197	418	198	166	168
471	436	457	482	440	387	247	182	146	189	193	167	164	205	208	163	157	153	157	179	190	256	163	167	254	189	146	147
592	595	566	570	456	361	260	159	126	145	187	192	204	225	205	193	171	166	182	225	297	250	161	163	180	167	158	137
722	679	665	682	607	392	336	262	160	129	180	255	260	266	222	228	200	181	201	216	175	129	145	170	168	143	175	160
585	478	502	593	653	365	304	235	206	207	210	213	265	260	196	228	206	187	187	164	147	142	145	165	150	140	149	154
469	333	307	356	546	329	153	145	162	157	196	264	285	217	212	197	183	177	203	218	200	170	193	172	155	155	143	140
471	259	209	294	248	39	15	41	100	168	214	236	249	247	230	194	197	233	262	233	302	185	252	322	252	156	153	151
617	201	143	139	0	0	0	5	10	131	204	212	224	251	226	213	235	216	179	166	193	178	164	202	261	208	184	182
940	294	59	16	0	0	11	10	14	47	159	208	227	227	242	239	234	198	182	200	232	249	241	207	180	199	190	177
1142	642	65	0	5	7	9	11	4	55	212	188	241	317	315	337	336	302	297	287	307	298	228	231	287	180	187	162
1245	960	343	6	20	23	18	12	60	155	114	77	111	252	287	283	320	342	317	316	279	238	177	208	284	189	176	162
1275	1156	764	119	12	16	27	128	192	123	87	140	83	96	228	170	148	194	211	209	212	267	327	307	251	210	180	173
1304	1238	1071	486	125	140	236	194	78	60	111	153	77	119	127	46	33	49	98	72	54	91	199	338	418	336	208	182
1285	1300	1227	955	587	372	301	102	54	67	83	103	93	128	68	41	32	32	50	58	50	43	39	86	266	499	378	218
1262	1312	1273	1137	838	486	172	86	62	58	59	67	116	98	63	50	38	33	46	42	34	29	31	38	49	192	435	402
1252	1291	1304	1188	832	503	227	83	66	59	52	56	103	87	86	54	37	41	51	44	33	34	33	33	34	44	162	330
1271	1273	1326	1244	1085	784	382	114	68	67	65	67	76	103	97	49	32	40	50	43	35	31	30	30	32	32	48	117
1334	1326	1364	1261	1325	1100	537	221	99	89	112	102	97	120	113	59	32	39	49	41	38	33	32	28	31	28	29	49
1391	1406	1406	1266	1435	1227	745	404	218	164	219	171	138	153	130	62	25	31	46	34	33	34	34	31	25	23	29	47
1451	1464	1428	1340	1382	1383	1136	700	455	358	303	174	149	176	126	61	29	33	42	28	32	33	33	37	36	26	32	58
1463	1590	1366	1308	1303	1345	1484	1196	722	411	337	211	201	186	105	61	32	39	46	31	29	32	37	37	36	32	64	148
1307	1602	1396	1121	1137	1278	1376	1560	1161	595	481	286	212	151	83	63	37	41	62	42	32	35	36	32	35	71	179	288
1340	1563	1484	1279	1051	1069	1271	1368	1562	1354	880	374	197	134	92	74	42	38	54	51	35	36	38	52	103	177	318	492
1414	1571	1418	1257	1272	1176	1123	1264	1331	1466	1497	962	486	244	159	104	64	52	68	69	64	66	106	169	246	373	606	854
1418	1534	1449	1281	1253	1296	1279	1209	1276	1277	1346	1505	1257	782	441	288	185	147	165	198	219	261	296	393	547	765	968	1061
944	925	910	905	884	844	804	770	560	245	178	179	158	154	138	161	224	232	184	196	161	145	132	137	159	178	156	137
910	925	935	939	911	861	810	777	641	352	180	170	154	140	156	179	154	130	138	178	144	141	151	151	163	162	135	131
899	924	947	960	939	889	843	819	777	527	302	227	187	163	155	193	190	140	169	172	147	153	164	150	177	172	151	167
905	944	964	985	979	951	917	852	766	623	486	301	165	140	186	218	209	152	178	161	155	148	250	392	296	170	162	152
916	979	1002	1017	1007	985	909	832	699	533	407	220	144	164	243	189	144	146	167	169	161	231	307	301	223	161	142	155
963	1045	1054	1062	1012	972	912	820	693	531	404	233	149	189	219	164	142	155	152	189	217	231	150	127	156	148	141	193
994	1061	1088	1106	1083	984	954	884	725	543	384	283	195	209	169	184	161	164	152	169	149	149	139	140	146	138	156	153
882	939	984	1044	1079	954	907	837	709	579	385	188	204	218	156	188	186	173	171	169	123	123	150	150	138	136	139	139
824	866	884	920	992	893	783	692	565	448	346	207	209	192	193	171	184	174	184	317	438	196	192	157	150	149	137	132
815	818	830	892	844	709	668	603	502	385	236	150	200	203	220	236	263	271	277	284	362	197	219	238	192	154	153	143
861	766	776	809	685	610	552	470	377	276	144	163	209	221	211	196	207	230	255	187	183	181	151	177	259	270	175	176
973	782	725	666	543	481	438	374	296	170	153	159	158	210	226	235	245	303	226	220	195	244	241	230	301	234	206	163
1048	874	657	463	388	350	309	253	207	177	257	219	233	255	287	281	298	307	272	273	264	248	300	245	240	158	215	184
1079	965	646	349	281	213	174	212	206	136	83	174	297	275	272	268	297	301	295	275	259	238	237	284	240	188	189	194
1111	1017	796	390	298	289	379	328	115	39	45	106	143	103	184	238	209	202	225	205	212	262	348	357	262	206	185	192
1198	1058	956	503	231	319	346	109	24	30	77	107	72	64	94	102	93	71	115	115	98	113	221	348	410	307	191	205
1284	1113	920	385	183	111	86	45	40	58	67	73	60	76	61	54	86	73	59	35	26	24	32	86	257	455	383	235
1291	1204	937	498	268	111	54	57	55	57	55	50	59	66	57	57	68	80	58	29	22	21	21	17	15	104	362	446
1252	1308	1125	709	289	132	78	66	57	51	49	35	54	63	71	78	77	78	61	38	26	26	27	29	27	19	56	180
1265	1326	1268	1019	620	265	88	57	59	57	50	33	52	74	82	73	83	82	57	35	24	24	24	28	27	30	33	43
1315	1319	1370	1127	1013	489	133	67	56	55	42	40	71	83	94	90	106	100	58	35	26	28	27	22	21	24	29	33
1353	1361	1368	1158	1218	770	256	107	52	61	63	75	91	99	117	119	139	115	59	29	27	29	30	27	23	22	25	32
1386	1375	1333	1234	1229	1082	568	256	125	116	110	88	88	112	149	155	156	131	60	22	22	27	29	33	29	26	29	36
1421	1455	1309	1250	1201	1206	1020	610	276	119	126	100	104	126	153	167	169	123	65	22	18	28	34	35	37	37	39	47
1233	1371	1238	1126	1141	1186	1187	1070	549	175	151	102	100	122	124	137	158	122	81	43	28	35	35	35	34	32	48	67
1226	1273	1201	1169	1091	1057	1157	1173	1012	605	326	100	54	85	109	114	126	147	115	74	34	39	35	27	18	12	84	165
1470	1609	1317	1136	1170	1070	1033	1130	1147	1033	795	353	136	72	96	96	98	136	133	112	72	32	28	17	24	83	238	371
1570	1678	1643	1235	1119	1165	1086	1020	1101	1130	1083	880	542	279	158	121	98	103	98	89	91	87	81	131	243	399	557	693
1189	1247	1255	1256	1251	1238	1220	1187	1025	678	301	176	168	145	140	126	167	139	122	132	159	139	135	145	141	141	184	158
1187	1251	1258	1260	1255	1247	1233	1211	1113	837	460	197	165	152	151	140	219	178	139	130	148	141	156	160	153	146	141	138
1183	1245	1258	1262	1263	1265	1251	1225	1174	987	729	363	159	122	139	205	238	153	175	161	160	165	173	237	165	149	144	146
1183	1251	1256	1258	1265	1268	1262	1239	1154	1025	961	519	136	149	159	227	194	136	178	167	155	165	299	578	195	137	148	136
1162	1238	1246	1246	1257	1264	1266	1232	1129	958	872	514	125	126	200	174	133	129	174	174	141	179	286	298	163	149	145	188
1143	1220	1243	1249	1256	1267	1266	1235	1148	998	842	568	140	132	169	127	131	178	176	174	140	165	146	126	135	147	139	217
1122	1208	1234	1238	1249	1267	1270	1246	1170	1028	849	655	360	191	125	127	137	193	164	148	148	157	142	135	136	146	155	151
1090	1204	1231	1237	1237	1259	1246	1221	1136	1026	832	616	355	161	123	125	163	173	167	158	304	237	146	138	139	140	140	139
1075	1192	1227	1243	1234	1238	1226	1168	1055	939	818	575	259	153	160	145	170	151	145	332	660	254	163	161	163	136	134	132
1057	1172	1213	1232	1234	1209	1176	1106	1001	868	705	529	255	145	178	195	222	212	219	305	353	184	176	181	155	161	259	178
1046	1148	1192	1229	1192	1135	1079	999	911	777	621	478	179	135	202	182	157	195	283	205	189	184	140	146	195	294	324	230
1045	1134	1178	1158	1070	1014	968	912	843	718	604	348	97	127	184	176	195	282	294	228	178	234	203	190	266	234	212	145
1044	1114	1128	984	916	883	848	800	764	713	604	342	171	157	244	227	227	255	244	231	232	211	281	221	176	151	212	184
1026	1066	1039	872	807	746	714	753	730	562	412	369	339	234	242	258	289	296	314	286	279	237	293	300	213	202	186	193
1038	1011	995	885	822	814	894	803	530	346	154	25	86	74	97	176	189	179	251	248	249	251	325	339	278	201	189	188
1130	1007	996	827	672	718	723	497	345	197	36	4	39	24	38	83	93	68	116	165	203	202	253	315	337	254	192	209
1286	1018	865	384	302	317	309	278	170	52	10	26	32	27	39	47	86	76	67	93	109	105	122	175	281	340	303	243
1332	1135	809	272	125	149	154	99	31	13	32	40	32	30	39	45	58	84	77	59	78	65	49	62	125	190	316	407
1293	1307	977	349	33	30	30	17	23	38	50	49	36	30	42	64	67	76	78	62	64	34	19	8	51	67	93	183
1296	1371	1181	659	180	1	15	32	46	54	50	47	40	35	47	62	75	79	74	71	69	35	20	19	26	23	28	31
1303	1345	1325	1016	583	88	26	43	45	45	44	43	41	36	50	72	99	100	81	80	72	45	26	22	21	24	29	31
1306	1322	1302	1130	929	311	22	31	42	40	39	40	42	38	67	104	138	125	98	84	73	39	26	23	21	21	24	27
1327	1316	1253	1218	1087	577	112	28	31	31	34	37	34	38	99	136	151	150	114	103	92	43	31	35	27	21	28	32
1362	1353	1278	1329	1164	802	405	119	35	28	30	29	25	45	109	142	159	141	108	108	106	60	58	62	56	46	44	41
1312	1298	1241	1280	1215	960	751	427	87	7	20	26	28	58	91	112	147	132	109	95	85	63	56	65	83	74	76	84
1329	1263	1184	1195	1263	1070	878	716	366	55	12	21	30	56	77	90	114	143	123	102	122	78	65	87	105	112	108	106
1516	1509	1247	1142	1203	1225	1047	853	705	436	168	11	16	45	69	71	82	120	120	102	131	177	97	83	76	99	125	123
1577	1590	1547	1213	1174	1210	1230	1104	907	767	548	235	37	19	51	65	72	85	81	69	79	183	156	88	109	156	234	319
1207	1217	1212	1213	1214	1224	1232	1240	1243	1056	412	145	170	158	149	122	216	172	142	139	143	135	138	144	175	151	200	173
1207	1214	1213	1212	1218	1225	1240	1248	1256	1212	727	193	185	187	173	167	329	204	151	134	136	132	137	189	180	146	146	146
1208	1216	1220	1223	1227	1232	1237	1248	1266	1257	1028	438	180	149	174	228	245	162	169	160	155	154	176	442	189	131	134	149
1210	1224	1222	1219	1220	1220	1220	1229	1269	1324	1301	629	141	209	186	198	174	154	155	165	181	183	243	540	190	132	137	162
1189	1204	1205	1206	1209	1210	1210	1221	1244	1318	1470	815	151	158	150	150	150	138	182	189	165	150	135	160	145	164	145	206
1170	1198	1210	1213	1211	1213	1217	1221	1227	1248	1388	1038	231	144	124	120	133	186	210	177	151	159	152	147	137	155	140	179
1172	1219	1217	1216	1216	1219	1220	1222	1230	1246	1272	1136	584	220	135	119	141	197	167	142	211	303	171	146	140	150	148	153
1174	1214	1215	1214	1216	1218	1222	1226	1231	1253	1248	1182	603	153	137	120	160	164	143	138	489	409	141	143	146	159	163	154
1167	1207	1210	1212	1216	1220	1227	1231	1241	1263	1265	1134	472	130	156	141	145	135	129	241	589	270	149	180	175	215	252	170
1161	1210	1214	1214	1216	1223	1227	1231	1246	1264	1260	1120	455	105	135	115	119	123	156	261	276	175	174	200	179	211	425	231
1150	1203	1214	1218	1233	1241	1249	1256	1261	1275	1256	998	310	58	175	171	128	117	224	202	190	191	147	142	129	222	441	264
1136	1184	1201	1220	1241	1250	1255	1262	1277	1283	1188	791	238	25	126	126	137	147	288	219	185	220	185	143	127	171	186	145
1119	1177	1199	1225	1240	1245	1255	1267	1275	1268	1105	695	224	84	203	210	231	229	243	208	240	275	249	187	165	152	171	166
1098	1155	1196	1228	1243	1247	1253	1254	1249	1172	987	739	344	127	155	196	243	276	338	357	320	279	306	237	211	205	178	160
1094	1111	1163	1208	1233	1240	1239	1234	1174	952	595	273	51	2	13	39	78	96	196	254	279	264	295	274	271	218	210	165
1141	1094	1125	1145	1137	1137	1169	1133	937	670	347	114	7	10	12	9	31	35	81	138	230	256	247	269	285	235	217	218
1250	1081	1063	932	879	912	922	810	600	372	186	39	15	16	20	20	26	32	55	143	185	225	224	241	277	258	221	235
1292	1138	979	676	595	620	580	467	314	184	68	20	22	21	20	20	18	37	71	86	122	121	142	162	256	304	289	308
1282	1229	988	490	347	347	300	238	161	73	32	31	21	16	22	24	18	35	76	79	92	51	88	132	188	184	191	283
1314	1296	1112	512	175	175	151	101	54	44	42	32	26	23	26	23	18	33	73	97	107	62	59	61	71	68	88	97
1300	1303	1218	945	317	56	64	40	40	43	35	32	29	30	27	21	18	36	82	110	112	83	53	37	30	25	58	102
1284	1281	1186	1118	676	96	52	42	41	33	34	32	35	35	31	27	23	48	103	120	109	75	53	31	25	25	58	113
1309	1286	1172	1204	877	194	42	44	43	41	40	35	29	32	30	27	21	65	125	156	157	105	61	47	38	41	71	91
1359	1308	1208	1395	1027	327	69	34	46	42	41	37	33	27	23	19	16	62	110	160	219	165	93	97	96	81	71	70
1441	1380	1307	1376	1183	591	281	82	42	45	38	36	31	24	20	17	17	51	93	118	192	123	77	99	132	103	107	124
1501	1438	1331	1277	1364	939	484	239	63	33	40	37	32	27	21	24	23	37	64	110	245	123	91	136	166	171	151	146
1511	1309	1193	1213	1302	1383	944	486	241	77	33	37	37	33	30	28	24	19	33	66	191	287	141	125	114	143	150	133
1417	1341	1215	1165	1297	1348	1460	1128	631	335	103	31	24	25	21	17	16	14	22	54	79	249	201	69	50	71	112	110
1192	1195	1197	1196	1206	1213	1201	1182	1099	724	261	121	149	190	162	176	305	202	142	134	140	138	133	149	262	218	152	142
1190	1197	1197	1198	1199	1205	1209	1203	1147	965	434	104	166	184	171	198	216	138	134	143	136	134	166	316	267	136	131	144
1194	1197	1196	1195	1196	1200	1207	1224	1234	1093	655	305	216	192	223	196	181	140	153	162	146	148	238	690	217	108	144	185
1166	1180	1189	1192	1195	1197	1202	1225	1297	1452	1225	427	213	241	231	182	235	217	160	167	230	195	191	265	130	120	137	258
1110	1153	1178	1193	1200	1207	1217	1226	1268	1522	1745	634	195	248	228	197	194	194	214	237	202	152	164	133	147	142	116	141
1088	1151	1191	1201	1204	1205	1210	1214	1199	1240	1670	1073	317	252	209	159	136	141	181	177	178	293	206	147	138	141	130	117
1128	1200	1212	1213	1217	1219	1220	1221	1217	1205	1247	1078	411	172	174	161	161	131	145	139	298	679	231	140	153	144	137	159
1188	1220	1214	1218	1225	1225	1225	1219	1219	1232	1229	1106	521	174	178	180	157	131	140	144	312	413	149	159	178	239	228	165
1201	1207	1210	1209	1213	1215	1214	1211	1212	1230	1231	1171	593	134	181	141	139	158	156	152	181	168	155	176	161	432	572	252
1210	1213	1214	1215	1218	1212	1211	1212	1215	1226	1224	1207	655	74	134	149	154	135	139	148	165	224	169	154	171	281	474	230
1210	1217	1218	1223	1225	1222	1221	1221	1220	1233	1232	1230	715	67	106	174	162	102	127	165	206	235	184	160	153	146	182	138
1202	1204	1213	1217	1224	1224	1222	1219	1226	1231	1235	1246	678	22	100	191	168	135	141	174	178	193	210	196	163	142	131	193
1205	1211	1214	1213	1216	1211	1215	1219	1227	1232	1247	1237	615	99	164	183	315	300	237	199	186	368	328	183	174	166	149	174
1200	1216	1218	1223	1220	1217	1213	1219	1224	1227	1236	1212	638	112	72	72	100	129	239	343	299	371	293	212	169	186	213	156
1190	1212	1217	1220	1219	1219	1227	1228	1229	1236	1229	1027	267	0	0	8	17	13	39	153	278	338	289	246	214	254	276	176
1173	1197	1214	1222	1224	1228	1231	1231	1241	1251	1156	613	29	0	0	11	22	24	19	32	107	250	286	275	264	226	240	290
1142	1167	1195	1216	1231	1235	1237	1239	1239	1185	820	191	0	1	1	4	9	11	15	16	42	199	212	239	259	216	197	228
1101	1124	1164	1187	1206	1222	1222	1210	1122	818	318	11	0	2	1	7	19	17	15	16	21	89	241	238	236	251	200	202
1098	1076	1116	1103	1104	1113	1084	957	676	305	51	1	1	3	3	8	13	19	21	19	23	47	251	469	421	326	230	266
1216	1081	1085	907	774	753	616	408	195	67	24	10	6	6	6	8	13	18	18	19	31	72	148	175	169	207	286	276
1299	1114	1084	870	485	286	175	95	55	39	23	13	9	8	11	13	14	20	23	22	37	101	105	61	47	42	168	331
1341	1219	1036	983	543	149	96	62	45	26	18	12	16	19	19	14	17	20	19	16	38	108	119	65	50	36	161	377
1323	1317	1099	1001	392	129	123	50	40	29	21	17	17	19	20	19	20	19	18	21	62	184	131	68	57	93	193	257
1346	1350	1125	1096	468	85	95	46	40	35	26	25	21	19	18	19	20	21	16	0	180	300	91	84	107	114	119	143
1409	1310	1155	1210	764	122	55	56	49	39	28	25	21	20	20	15	16	15	12	14	255	165	49	65	69	47	60	75
1482	1249	1199	1242	1097	439	51	47	45	37	33	24	21	18	17	18	20	23	20	85	232	92	42	47	46	43	47	51
1444	1219	1142	1177	1179	981	369	52	44	44	38	32	28	25	27	27	26	24	30	116	176	90	46	45	41	38	35	38
1300	1288	1123	1078	1143	1198	1064	467	114	57	47	47	39	33	31	28	24	32	45	130	140	76	48	44	42	38	36	38
1118	1165	1173	1161	1147	1044	879	593	315	171	167	110	137	156	134	124	161	164	159	158	135	146	136	145	159	143	146	192
1084	1098	1057	1011	993	929	845	676	446	326	197	107	143	154	159	190	184	167	152	147	145	154	354	525	178	135	117	108
1036	1017	971	909	872	849	844	751	551	300	174	204	171	164	196	184	172	153	146	156	175	126	398	614	138	110	256	261
1009	980	975	937	931	959	1025	986	784	535	281	114	171	175	171	172	183	158	130	145	174	161	147	147	123	100	294	511
896	986	1047	1088	1119	1174	1307	1327	1180	847	375	76	121	184	165	189	203	151	169	178	245	400	261	140	123	116	128	168
798	1058	1117	1208	1203	1187	1223	1248	1162	960	622	188	108	168	192	191	167	138	171	182	349	699	316	138	135	148	166	134
1021	1150	1197	1225	1219	1212	1216	1235	1226	1096	790	335	134	214	199	160	137	127	180	203	192	386	165	220	361	287	208	171
1137	1199	1221	1217	1210	1217	1222	1233	1242	1235	1037	532	198	189	165	147	133	147	198	192	200	204	143	190	463	528	222	177
1183	1219	1222	1214	1209	1215	1217	1224	1228	1249	1198	774	272	128	141	127	142	154	150	171	188	178	153	153	187	361	233	160
1211	1222	1217	1213	1214	1216	1221	1223	1225	1240	1249	1003	420	132	150	156	161	157	146	159	165	319	219	161	173	181	196	176
1215	1214	1212	1213	1214	1215	1218	1220	1221	1231	1253	1147	469	79	120	159	193	196	120	157	177	330	336	200	165	157	140	234
1215	1211	1215	1213	1215	1217	1220	1222	1222	1219	1235	1206	510	35	98	184	234	175	171	125	125	270	272	260	228	166	143	356
1217	1214	1215	1211	1212	1214	1220	1218	1218	1222	1231	1222	606	148	187	209	281	291	292	267	195	233	175	166	275	229	247	247
1216	1222	1223	1220	1217	1218	1217	1219	1218	1218	1224	1196	733	257	111	55	49	61	129	251	292	282	182	165	178	305	288	165
1217	1224	1226	1224	1223	1221	1222	1222	1217	1221	1224	1163	526	0	2	18	27	22	18	34	149	304	307	216	199	213	252	178
1212	1221	1221	1220	1221	1224	1221	1221	1218	1221	1222	1062	233	0	0	7	18	22	22	20	36	191	320	262	232	192	167	226
1200	1211	1216	1220	1220	1221	1222	1222	1223	1221	1196	749	15	0	0	2	10	17	21	22	19	56	191	299	245	191	165	198
1170	1207	1216	1220	1219	1220	1221	1221	1215	1200	1023	263	0	0	1	3	13	16	20	19	19	21	99	322	278	215	166	170
1091	1174	1212	1211	1203	1212	1212	1203	1180	1063	478	0	0	1	6	4	8	16	22	21	23	23	58	182	212	272	234	185
1069	1094	1164	1186	1172	1178	1153	1106	947	481	26	0	2	4	9	10	7	14	17	21	27	30	33	47	63	144	258	178
1203	1040	1088	1097	1099	1000	901	681	297	38	5	4	4	5	8	10	7	11	15	20	26	28	18	45	87	129	319	341
1360	1063	1027	1017	711	395	379	210	45	21	11	9	6	7	9	10	12	10	15	20	25	23	52	119	91	44	201	441
1356	1253	1023	1018	296	51	112	76	37	21	11	7	8	9	10	11	12	12	14	18	17	56	145	67	20	24	39	76
1324	1385	1168	1053	308	66	80	48	35	19	12	9	7	6	11	9	7	6	7	5	46	144	54	25	31	36	38	39
1318	1351	1300	1162	526	90	60	47	32	21	19	16	7	4	4	4	6	10	9	21	114	51	23	29	30	31	35	40
1355	1350	1377	1343	910	247	37	37	27	21	10	7	5	9	11	14	12	12	13	122	80	23	30	31	34	34	38	39
1350	1403	1439	1338	1043	662	120	27	26	22	20	35	17	11	15	13	12	14	129	164	35	32	27	27	30	35	35	40
1271	1556	1395	1279	1095	987	609	125	33	23	20	100	86	45	32	29	31	77	154	88	36	33	32	34	38	37	39	41
499	460	482	430	342	240	185	121	51	31	137	132	152	188	199	181	127	146	142	140	132	122	164	377	386	307	214	168
426	349	333	298	265	210	176	148	89	48	132	131	145	176	142	228	184	152	133	139	152	223	578	558	182	167	141	124
370	307	286	242	215	193	177	176	169	119	136	177	145	143	157	194	144	130	131	146	155	416	679	307	76	351	442	205
450	328	303	257	248	243	242	290	255	142	86	102	151	151	161	137	146	130	116	102	93	453	421	102	125	169	266	263
804	593	423	359	356	382	461	458	304	204	60	40	132	190	181	137	139	122	110	93	177	610	427	145	168	167	148	148
626	962	682	527	547	729	905	626	365	270	149	69	123	174	179	153	122	126	125	133	235	516	522	363	239	173	170	170
483	1022	984	856	957	1095	1136	900	548	372	233	108	120	170	159	177	139	132	148	167	223	205	306	453	339	188	186	230
879	1103	1121	1124	1147	1168	1165	1124	913	683	404	224	141	133	143	176	140	166	178	165	328	286	167	188	272	265	215	163
1107	1119	1150	1188	1208	1223	1232	1224	1150	879	529	279	154	105	147	154	126	161	174	152	268	410	206	192	160	206	286	277
1105	1172	1222	1238	1235	1230	1244	1264	1242	1019	674	344	216	118	157	183	143	168	193	186	170	360	226	156	136	115	209	455
1169	1222	1233	1227	1220	1215	1220	1232	1251	1215	930	524	224	104	151	180	135	196	204	186	168	234	232	152	137	142	149	338
1211	1223	1224	1218	1213	1218	1223	1217	1220	1247	1135	730	241	94	127	204	219	188	195	170	147	206	205	196	168	149	160	251
1224	1219	1224	1215	1215	1217	1218	1213	1211	1224	1229	890	340	193	227	230	286	298	288	246	169	185	213	172	206	185	186	172
1223	1226	1224	1219	1214	1216	1209	1210	1215	1218	1227	1005	432	211	143	71	52	83	170	279	300	252	212	181	171	218	204	150
1223	1229	1224	1219	1218	1214	1214	1216	1219	1218	1220	1006	260	29	27	36	42	29	9	30	192	349	264	202	183	182	181	152
1223	1228	1219	1219	1217	1218	1216	1218	1214	1208	1235	926	149	28	28	29	33	33	28	16	12	156	359	277	192	172	149	169
1216	1218	1215	1214	1215	1214	1214	1217	1214	1221	1240	704	51	27	18	22	25	25	30	35	24	11	237	378	226	156	147	184
1208	1217	1219	1217	1217	1215	1214	1216	1223	1244	1151	348	24	22	16	19	25	25	30	29	29	22	41	268	321	208	162	225
1165	1216	1222	1219	1216	1215	1218	1226	1238	1234	762	60	25	20	20	21	20	21	24	26	26	29	27	39	140	285	214	169
1114	1174	1212	1222	1219	1224	1230	1233	1204	919	181	4	29	24	23	20	14	20	21	22	26	28	24	24	17	122	220	142
1136	1069	1155	1187	1208	1193	1180	1104	843	255	0	22	25	25	20	19	14	17	23	27	25	25	21	32	36	110	298	249
1257	1037	1061	1083	991	893	827	602	242	0	3	28	26	27	20	19	19	17	20	27	28	25	24	68	131	257	327	354
1322	1146	1050	1039	556	301	214	155	95	30	12	24	27	25	22	18	19	23	25	28	20	21	117	147	92	37	25	39
1320	1239	1185	1001	206	71	97	110	106	67	19	19	23	20	23	17	13	16	16	6	22	124	93	17	9	16	28	29
1314	1327	1428	966	222	105	102	86	87	84	62	25	18	19	19	13	14	13	1	35	129	49	7	20	23	27	31	32
1317	1355	1431	1145	489	151	90	76	60	58	100	78	30	19	17	17	11	12	72	188	55	12	27	27	30	32	33	34
1367	1461	1370	1390	896	348	50	30	33	46	66	125	110	76	55	51	56	109	202	87	11	25	27	27	31	33	33	35
1346	1522	1291	1396	1307	676	196	44	30	57	71	84	116	140	112	95	84	91	76	28	22	23	27	30	31	32	35	35
215	79	55	0	0	0	0	0	2	52	167	136	163	168	170	259	175	129	149	148	112	123	133	277	292	263	246	256
162	20	0	0	0	0	0	0	16	64	148	139	158	159	136	202	157	129	116	87	84	175	376	308	341	396	206	173
140	0	0	0	0	0	0	0	81	90	102	150	133	133	145	171	128	107	113	123	230	623	764	219	225	417	317	157
250	20	0	0	0	0	0	40	70	21	43	125	137	125	152	134	101	83	170	366	584	767	582	139	112	153	184	146
747	325	70	6	0	0	47	86	0	0	31	92	130	165	177	188	117	95	187	439	586	613	378	132	139	146	148	138
744	854	304	102	160	405	523	212	13	12	27	90	130	154	159	208	135	123	156	310	431	436	383	269	194	180	151	162
237	894	764	560	785	1018	956	498	139	25	4	95	136	134	138	197	165	163	168	240	294	171	260	319	199	266	274	204
450	899	1038	1024	1062	919	749	645	458	215	71	163	127	117	140	188	160	177	191	254	305	246	157	166	146	206	380	173
953	1063	1087	1100	1054	865	719	693	673	384	195	154	119	108	130	170	147	153	167	198	259	318	186	187	166	159	314	251
1064	1104	1141	1160	1179	1118	1001	897	713	451	231	112	129	109	142	191	158	154	170	192	210	243	181	156	134	157	201	360
1099	1171	1195	1199	1218	1229	1240	1189	992	729	406	193	115	104	156	186	147	162	188	170	175	189	169	127	126	176	177	264
1174	1207	1208	1211	1218	1220	1218	1225	1225	1013	609	301	117	95	119	167	198	172	164	169	172	185	166	135	126	140	152	205
1214	1208	1215	1219	1219	1217	1213	1213	1223	1194	889	397	145	160	183	207	244	236	202	178	167	186	208	151	142	147	143	190
1214	1215	1215	1217	1217	1215	1209	1208	1212	1229	1069	610	226	167	169	179	185	209	239	236	223	216	246	212	151	145	149	179
1215	1221	1216	1218	1218	1210	1210	1214	1214	1214	1190	674	52	37	37	39	59	92	132	176	228	292	207	191	175	161	151	154
1216	1220	1213	1216	1214	1212	1212	1212	1209	1217	1206	575	39	45	43	39	33	32	40	87	139	201	265	235	172	166	142	139
1213	1212	1213	1212	1213	1210	1211	1211	1212	1221	1171	480	49	44	38	37	33	30	25	33	76	137	285	303	177	147	149	167
1213	1212	1212	1214	1213	1211	1210	1212	1215	1221	1075	309	56	42	33	34	35	31	27	24	27	60	128	262	256	173	149	187
1202	1220	1219	1216	1212	1212	1208	1211	1214	1219	804	120	53	35	30	35	33	29	22	22	24	26	44	88	184	228	166	153
1166	1213	1224	1217	1209	1210	1208	1212	1231	1057	336	54	47	36	31	31	28	28	24	20	16	21	28	41	85	167	175	128
1097	1141	1206	1214	1215	1214	1221	1229	1093	457	82	56	39	35	32	28	26	25	25	25	21	18	20	30	47	133	204	163
1103	1067	1103	1140	1148	1139	1090	886	405	85	64	50	40	35	31	25	21	22	21	23	21	20	29	61	146	364	320	259
1198	1077	1048	1055	829	697	450	211	132	112	78	58	45	31	30	21	18	24	24	25	27	56	158	282	308	270	178	174
1280	1074	1097	978	300	189	114	122	154	139	103	79	65	43	36	28	21	23	31	50	114	271	321	236	123	63	72	85
1344	1179	1282	852	114	84	96	120	156	170	142	99	87	69	57	53	49	63	106	177	342	265	95	23	9	14	37	45
1307	1245	1281	1002	306	57	76	120	114	131	179	155	113	102	91	92	110	128	222	360	185	20	0	3	14	14	35	37
1300	1298	1209	1240	798	186	40	64	70	75	103	171	180	153	139	145	162	242	283	74	0	11	10	14	19	18	35	36
1244	1259	1162	1254	1225	659	130	67	57	66	77	99	143	175	159	161	193	275	86	6	16	12	13	19	16	19	34	34
509	417	278	170	138	95	74	49	58	115	169	114	131	143	145	220	162	114	162	168	273	369	399	273	174	168	224	282
459	328	226	182	160	129	85	65	100	152	149	122	152	135	126	145	113	100	114	150	199	382	533	387	420	435	229	190
440	289	199	165	137	96	58	60	118	100	85	121	114	116	124	152	214	246	239	243	306	544	718	454	322	292	161	153
488	326	212	174	98	51	55	87	90	50	58	123	134	142	210	219	300	433	526	629	805	647	466	343	276	145	136	157
780	531	283	209	94	24	48	97	42	48	74	140	162	164	182	254	220	239	393	626	688	424	238	197	347	230	139	135
908	842	407	305	349	397	271	87	33	54	103	143	137	151	142	259	174	118	174	371	454	347	177	124	262	400	179	133
362	849	771	621	749	902	727	331	157	136	73	132	149	156	161	233	196	167	171	273	258	167	139	103	142	490	412	205
215	811	990	831	800	550	327	223	174	94	90	170	127	153	166	184	173	161	176	304	205	157	134	124	181	303	479	248
716	1014	993	799	660	397	227	161	189	106	187	191	121	136	144	183	159	132	139	235	199	149	150	164	246	212	305	268
1060	1052	1048	957	890	782	548	365	181	67	101	159	118	115	140	194	172	140	125	180	213	135	137	166	200	212	191	316
1047	1083	1132	1160	1178	1167	1069	862	526	214	83	144	96	93	146	164	181	144	134	158	179	171	147	176	169	184	178	220
1126	1181	1191	1205	1215	1210	1206	1183	1010	534	138	120	109	80	101	122	185	155	132	159	173	175	160	188	142	139	135	201
1205	1197	1199	1212	1213	1207	1204	1218	1208	946	389	97	110	135	121	155	177	173	147	146	164	170	180	207	140	130	127	214
1208	1203	1201	1209	1212	1213	1208	1207	1217	1169	688	239	163	172	179	213	238	242	218	179	150	198	247	215	149	126	130	199
1205	1208	1206	1209	1216	1211	1209	1212	1212	1208	975	332	51	63	56	54	101	160	213	252	202	210	170	162	157	148	137	158
1204	1204	1204	1209	1210	1209	1212	1210	1209	1227	1054	294	52	74	48	44	55	91	99	168	232	213	162	164	147	159	137	132
1203	1205	1206	1207	1209	1209	1212	1212	1216	1223	1016	296	86	74	58	48	57	64	59	86	147	221	244	173	127	141	148	161
1203	1207	1203	1210	1209	1210	1211	1213	1213	1212	898	235	105	80	61	54	55	40	52	68	82	121	196	225	154	136	137	153
1206	1211	1212	1216	1211	1213	1206	1206	1211	1174	648	163	112	90	71	58	60	64	76	67	72	74	90	158	192	152	138	157
1193	1214	1215	1217	1212	1210	1203	1204	1212	956	365	157	119	104	74	61	58	59	60	69	103	101	76	90	146	177	151	135
1098	1193	1218	1216	1220	1209	1208	1217	1051	484	207	151	108	89	77	62	59	58	54	63	79	105	105	103	121	158	136	124
1022	1089	1139	1184	1197	1196	1162	935	437	203	168	121	92	85	75	68	64	68	63	61	75	95	108	125	177	314	250	210
1121	1029	1052	1096	1034	922	557	237	171	241	172	126	99	80	79	81	78	75	80	81	95	129	195	305	371	373	300	313
1276	1044	1044	1013	507	253	119	143	200	217	212	158	127	106	98	97	90	95	115	150	206	321	398	374	254	175	172	197
1363	1159	1131	842	147	75	96	151	187	219	272	190	158	144	129	135	130	163	233	289	423	402	257	180	149	153	152	154
1296	1216	1196	956	279	33	64	140	159	187	222	220	185	197	179	220	235	268	300	411	334	186	166	143	134	141	154	156
1255	1215	1185	1125	701	127	55	93	105	121	144	195	202	199	202	240	265	315	345	241	148	137	141	123	118	114	137	143
1173	1145	1150	1148	1033	634	161	85	89	95	102	145	180	206	219	217	245	358	192	119	135	136	125	106	103	100	110	117
1118	1102	907	735	623	504	441	356	343	343	276	203	191	201	185	106	105	137	158	220	561	698	768	472	242	179	166	165
1028	919	801	753	684	596	485	412	396	339	257	218	241	258	183	180	142	132	170	317	437	718	1006	722	285	168	176	148
933	872	764	700	636	524	422	371	337	296	270	228	222	282	271	369	474	476	438	418	276	272	582	653	208	143	178	174
795	901	771	682	527	426	371	314	279	259	242	231	279	373	477	519	726	952	867	551	347	175	207	531	489	194	159	203
754	967	840	734	513	360	292	243	213	200	234	228	255	237	255	294	380	475	540	372	230	220	175	302	662	401	171	181
833	922	903	842	824	637	333	193	149	163	232	220	181	190	142	233	191	124	145	199	168	208	194	185	438	644	249	124
692	905	919	742	613	613	487	397	377	406	210	163	176	208	203	265	210	136	126	181	138	169	196	187	230	562	446	262
424	919	840	466	352	214	161	138	164	230	231	160	167	204	210	181	172	132	114	215	171	153	156	166	324	358	367	329
565	958	748	324	188	123	146	64	48	122	204	168	155	172	194	188	141	123	119	198	160	152	154	161	350	311	309	385
1043	1030	926	623	416	315	139	61	88	114	150	169	133	134	157	189	157	140	119	163	159	137	132	169	269	224	214	512
1033	1021	1098	1113	1066	966	686	344	138	72	109	152	109	103	140	129	170	149	124	173	167	133	123	238	220	161	150	285
1095	1168	1196	1208	1203	1195	1190	1044	565	102	81	146	127	105	112	120	165	154	135	170	162	140	162	290	175	142	152	184
1207	1200	1193	1198	1196	1190	1195	1221	1114	515	75	126	161	158	115	119	132	158	166	163	149	132	175	292	165	123	142	191
1214	1199	1193	1196	1198	1204	1201	1204	1224	995	255	88	160	180	165	134	138	132	123	168	146	198	213	176	164	141	126	190
1200	1199	1197	1191	1204	1211	1208	1209	1219	1177	592	131	151	116	98	109	155	176	160	168	149	174	157	130	134	149	118	151
1196	1195	1194	1201	1205	1208	1213	1214	1213	1210	781	182	158	126	74	87	125	188	168	175	173	143	147	130	123	151	136	133
1198	1199	1194	1197	1203	1211	1215	1216	1217	1214	782	201	181	125	95	92	137	136	130	168	173	154	137	123	118	126	139	165
1199	1201	1196	1202	1207	1211	1214	1214	1215	1200	658	201	171	137	112	106	119	90	122	157	170	166	151	126	107	126	134	180
1202	1203	1199	1210	1212	1210	1206	1206	1217	1112	426	199	196	174	141	112	126	130	169	159	161	160	146	144	122	124	144	177
1200	1208	1204	1211	1213	1210	1211	1214	1207	789	275	248	226	209	150	122	118	120	125	154	250	234	164	145	132	124	156	155
1128	1201	1206	1215	1216	1212	1219	1209	918	361	257	262	217	183	157	137	129	126	121	140	178	254	244	202	173	142	137	131
1047	1083	1158	1210	1216	1225	1139	811	365	256	266	227	191	175	154	155	157	159	147	143	183	230	215	197	216	203	196	196
1148	994	1082	1135	1138	855	436	240	226	364	264	226	206	172	165	194	189	169	184	190	204	198	184	197	205	209	261	309
1314	1116	1074	1056	653	185	120	196	245	267	284	250	211	196	192	209	198	206	228	240	225	205	221	260	272	264	263	290
1334	1292	1156	865	192	106	139	187	189	223	378	239	203	243	212	219	214	245	269	267	262	314	364	385	353	355	320	308
1269	1316	1298	929	230	94	109	152	198	211	232	248	210	263	239	309	279	315	292	288	355	405	469	387	331	345	334	345
1289	1331	1307	1173	558	92	89	114	135	180	197	224	202	207	212	270	292	288	357	444	387	340	364	302	299	292	303	314
1256	1296	1229	1278	990	406	98	89	127	165	182	185	214	264	292	254	219	239	285	304	342	340	310	247	248	247	241	261
1197	1193	1206	1207	1204	1223	1215	1148	1072	999	862	657	647	400	202	195	248	240	164	372	514	468	275	136	119	131	122	121
1145	1191	1217	1225	1241	1259	1264	1222	1121	962	804	690	677	710	485	440	367	345	336	282	225	274	253	159	134	125	128	115
923	1166	1235	1255	1266	1283	1280	1210	1058	895	766	700	737	982	961	1102	841	402	319	230	169	162	209	205	145	141	160	149
347	921	1197	1277	1273	1279	1227	1100	922	765	678	680	809	999	1028	1127	867	484	263	181	148	148	152	228	207	169	202	307
147	702	1068	1190	1237	1192	1049	877	681	584	584	419	371	348	395	416	366	354	348	338	329	249	190	218	272	271	335	415
361	852	1032	928	906	911	829	675	523	508	308	226	228	191	160	224	202	177	202	279	381	422	301	229	177	180	194	172
907	968	749	148	54	139	229	322	524	574	238	219	215	210	211	222	195	146	148	164	181	308	498	525	287	189	186	175
970	981	391	12	15	14	21	93	217	292	279	245	234	223	244	169	174	145	124	150	171	171	251	452	523	398	232	189
931	993	278	30	40	35	60	100	118	121	131	204	220	197	167	147	165	152	129	138	152	141	149	154	341	426	316	235
1009	1036	607	181	105	45	58	120	110	114	147	181	182	176	140	142	143	134	128	140	146	126	140	126	186	261	205	273
1028	1044	1092	995	889	700	443	189	102	126	147	179	177	158	142	121	138	144	127	140	154	146	149	170	160	245	182	156
1093	1160	1202	1207	1202	1202	1168	853	290	118	173	172	162	158	153	132	128	152	128	136	168	156	189	198	148	161	273	173
1195	1208	1200	1196	1191	1190	1202	1213	945	288	152	202	163	141	155	145	128	132	134	138	174	160	142	134	134	133	240	256
1202	1190	1188	1187	1195	1192	1196	1205	1209	778	149	146	199	129	141	165	136	120	131	141	143	138	144	121	154	186	145	248
1199	1194	1189	1190	1193	1194	1202	1204	1215	1070	351	139	176	123	142	190	161	140	143	145	140	120	135	154	151	168	126	174
1198	1201	1193	1199	1196	1199	1207	1208	1205	1149	548	132	170	154	148	202	207	143	112	105	108	112	134	173	158	161	152	128
1201	1195	1195	1197	1199	1211	1210	1205	1200	1172	558	138	207	157	168	212	287	200	131	105	100	117	136	159	162	135	168	142
1202	1197	1199	1196	1205	1210	1211	1202	1207	1141	460	233	219	174	179	207	254	224	194	162	127	128	125	132	127	122	133	138
1204	1197	1197	1201	1208	1207	1210	1207	1214	997	302	238	232	183	166	193	228	185	166	185	169	146	148	144	137	132	132	136
1199	1203	1201	1204	1211	1211	1205	1203	1158	643	226	222	220	207	178	200	208	168	146	163	198	183	178	144	137	145	152	150
1127	1193	1206	1218	1220	1219	1211	1156	795	304	224	226	230	200	206	224	221	197	180	166	169	194	185	131	119	137	140	141
1031	1081	1139	1192	1212	1193	1055	690	309	288	333	254	258	196	203	213	225	216	189	180	190	193	188	183	166	165	141	137
1136	1015	1056	1076	1041	706	352	223	245	433	366	310	301	194	187	238	214	176	196	208	199	216	213	189	187	172	149	141
1237	1039	1016	977	589	159	133	187	222	243	298	381	307	211	188	236	201	187	180	201	234	244	220	184	184	167	164	177
1239	1169	1132	849	205	101	161	206	239	245	290	236	262	358	240	218	202	196	211	241	241	273	261	188	175	182	185	209
1237	1280	1313	873	178	106	140	201	263	246	199	190	242	329	286	251	208	260	432	296	213	229	388	289	230	229	195	274
1264	1312	1322	1180	410	76	120	179	204	207	211	205	203	212	213	212	220	228	319	291	245	221	264	219	278	277	241	238
1272	1316	1264	1412	1025	304	121	169	184	192	216	196	207	248	246	252	262	267	270	285	319	268	227	177	186	226	219	240
1218	1254	1261	1263	1270	1275	1257	1254	1249	1236	1217	1187	1176	1027	834	520	171	116	241	269	318	482	420	234	148	177	184	198
1117	1148	1189	1222	1260	1276	1280	1285	1251	1214	1185	1172	1176	1129	984	862	542	292	237	290	218	226	370	482	399	308	259	210
553	618	844	1082	1235	1293	1308	1278	1236	1199	1181	1183	1203	1222	1112	977	549	298	252	199	180	179	155	267	443	274	131	113
109	238	470	832	1132	1309	1320	1256	1205	1179	1171	1184	1223	1183	893	669	499	297	225	178	158	185	197	207	295	338	225	189
67	126	286	642	1069	1310	1279	1207	1169	1154	1155	1124	994	610	243	183	235	260	299	367	328	284	316	282	275	322	318	250
158	235	509	807	890	880	1017	1136	1148	1143	1022	802	509	208	75	123	122	128	199	333	317	264	208	178	137	106	158	209
831	885	856	402	118	42	181	439	667	744	596	421	342	275	145	142	137	146	134	191	192	192	227	202	156	108	118	151
1064	1010	445	22	26	24	17	48	129	220	269	225	209	257	234	147	168	131	112	187	200	127	154	194	235	214	162	140
972	1010	264	0	1	19	37	48	71	110	169	167	176	181	223	173	179	156	141	177	249	157	135	132	162	208	228	161
1035	1075	614	223	255	133	52	71	107	115	165	238	217	177	164	173	166	166	142	170	217	226	139	127	136	148	161	202
1030	1056	1073	1025	1000	853	551	206	97	146	164	189	203	162	157	159	161	159	152	183	146	208	189	134	136	147	143	139
1076	1132	1168	1181	1186	1191	1164	883	311	127	157	157	183	190	183	155	157	141	126	142	145	171	223	172	133	130	159	130
1177	1196	1189	1185	1189	1194	1199	1200	927	255	146	186	300	216	165	160	165	140	120	135	160	157	176	177	152	145	157	163
1191	1187	1186	1183	1188	1187	1189	1197	1189	702	140	163	304	205	149	156	182	165	147	142	140	138	142	153	132	144	152	170
1183	1185	1187	1182	1186	1186	1188	1199	1206	993	290	170	205	161	195	175	179	178	156	142	145	127	128	144	131	137	130	144
1187	1193	1189	1183	1183	1191	1191	1195	1206	1096	405	157	194	130	183	185	186	168	159	154	147	130	132	150	149	126	131	132
1187	1189	1188	1186	1186	1189	1190	1194	1204	1110	426	167	187	138	166	195	208	182	168	148	147	148	139	150	147	142	150	131
1185	1188	1192	1186	1187	1191	1194	1195	1207	1053	356	245	188	175	157	193	225	192	198	160	158	140	135	148	156	149	148	140
1187	1185	1189	1187	1192	1191	1190	1200	1211	828	239	250	220	218	156	182	179	197	210	165	147	168	182	173	164	158	145	147
1184	1192	1192	1197	1198	1194	1192	1208	1066	422	291	296	294	312	201	212	216	175	163	174	165	210	208	180	157	148	153	170
1100	1176	1193	1202	1209	1215	1241	1078	557	210	357	254	374	301	221	227	200	148	150	196	196	187	181	191	157	135	137	146
975	1055	1119	1154	1183	1097	858	494	233	279	385	226	348	197	171	173	189	181	171	206	200	179	191	200	161	157	143	151
1012	997	1055	1029	852	433	237	237	226	298	277	229	250	180	175	170	185	201	246	269	207	192	222	194	171	170	153	178
1139	995	983	868	346	127	159	211	228	232	212	234	243	202	173	218	198	193	231	308	375	289	210	193	186	184	153	171
1266	1040	998	775	185	125	151	189	219	227	206	210	211	241	254	358	471	291	213	211	306	361	229	172	176	202	239	244
1318	1105	1082	876	247	98	121	182	219	212	189	201	220	266	226	231	334	368	307	219	178	212	251	192	167	212	349	337
1290	1152	1105	1073	585	95	103	163	195	193	197	233	213	197	228	238	186	237	251	251	229	183	179	183	213	209	211	175
1240	1110	1075	1110	993	473	143	154	178	185	207	214	219	240	223	218	196	231	220	236	256	201	182	181	215	230	217	181
1121	1130	1142	1158	1179	1185	1150	1118	1116	1102	1093	1129	1074	882	632	520	409	182	170	159	196	333	353	315	238	165	182	186
1078	1088	1086	1035	988	945	920	973	1056	1184	1267	1290	1290	1252	1109	772	398	246	254	330	320	315	369	374	298	215	213	191
778	608	494	418	493	614	744	915	1135	1292	1284	1281	1282	1270	1204	829	401	351	360	334	281	183	159	193	327	239	141	133
385	124	51	176	359	540	705	990	1282	1300	1273	1265	1271	1250	1116	858	541	340	234	162	126	116	135	131	184	322	229	168
246	0	0	112	296	540	876	1232	1332	1295	1272	1263	1225	1092	837	508	283	168	167	184	148	143	181	167	151	295	272	211
403	172	176	351	505	745	1031	1182	1259	1305	1258	1154	1046	901	592	263	109	81	126	172	151	132	132	137	205	196	169	254
914	878	866	679	486	252	175	328	598	851	988	957	911	792	403	170	86	107	116	127	145	144	179	188	219	138	127	179
1041	1009	633	145	113	76	59	57	99	164	254	294	399	564	428	181	138	128	121	152	156	146	133	138	145	144	155	156
1007	1011	500	102	81	81	89	79	99	105	127	89	118	247	255	283	223	134	129	142	163	139	110	118	144	167	174	154
1049	1079	848	596	567	319	129	80	115	128	149	156	143	236	141	137	182	142	113	121	157	167	129	128	137	159	134	156
1060	1097	1115	1108	1106	1016	747	307	105	173	151	144	155	347	282	167	191	155	136	136	129	151	145	128	137	161	131	127
1122	1168	1179	1180	1185	1183	1177	988	394	160	193	138	169	349	306	237	210	174	166	139	119	123	141	135	124	120	128	121
1187	1196	1185	1187	1188	1187	1190	1201	988	310	166	169	230	219	245	196	222	196	178	158	144	125	137	141	135	142	127	119
1189	1188	1190	1190	1188	1191	1190	1192	1193	706	170	153	204	302	294	185	207	195	176	168	157	144	145	142	125	125	137	122
1185	1188	1191	1186	1188	1192	1195	1195	1201	959	249	145	164	344	273	182	210	179	181	187	183	155	160	156	143	135	139	135
1189	1186	1187	1186	1190	1195	1198	1200	1210	1044	302	148	192	350	233	176	218	176	192	177	180	155	157	161	157	140	137	134
1187	1186	1192	1191	1198	1200	1197	1200	1224	1055	317	179	227	364	191	179	219	227	238	161	173	155	146	168	169	156	142	129
1186	1189	1190	1194	1197	1193	1192	1200	1208	917	281	181	237	344	159	179	266	231	226	238	182	152	141	148	160	165	148	151
1184	1186	1190	1194	1192	1189	1194	1206	1187	655	225	301	363	299	130	155	225	225	174	227	225	191	160	156	175	201	150	172
1172	1190	1187	1194	1193	1189	1200	1215	915	287	303	504	386	256	153	156	253	338	184	182	175	205	183	163	152	187	198	182
1085	1149	1180	1192	1192	1202	1190	886	356	189	306	284	347	255	204	177	201	411	268	203	208	192	174	165	171	217	158	155
1027	1022	1079	1148	1182	941	596	304	216	254	260	262	279	195	201	185	160	321	426	325	311	274	229	218	233	178	159	166
1101	1015	1039	982	644	242	151	212	231	230	281	285	210	185	189	296	236	202	377	348	273	289	313	317	308	259	220	216
1205	1051	1036	709	183	106	157	204	216	246	272	240	205	201	202	474	348	165	227	315	262	213	188	170	176	209	192	180
1310	1144	1037	607	144	145	168	203	223	257	183	226	213	205	186	414	459	218	218	230	217	240	185	179	226	237	222	196
1312	1263	1164	814	202	120	151	194	210	206	183	244	229	200	178	217	302	255	235	238	166	179	190	180	351	479	320	235
1290	1293	1240	1088	543	131	148	177	199	183	186	255	265	199	184	215	232	215	210	231	207	182	185	177	211	257	234	194
1284	1273	1211	1145	950	452	154	173	176	183	211	224	229	194	179	207	215	192	189	210	195	179	181	190	210	187	202	180
1125	1137	1153	1178	1204	1201	1080	777	511	451	452	528	688	759	688	475	353	193	130	137	167	252	297	365	331	208	178	158
1125	1142	1134	1085	978	745	468	333	397	516	771	1079	1217	1225	1148	662	202	176	226	312	372	371	341	292	274	274	284	290
1059	946	741	467	258	141	153	289	481	864	1178	1236	1229	1233	1231	944	427	358	380	365	358	251	173	147	162	175	174	171
815	598	343	140	35	26	125	382	805	1170	1237	1220	1215	1233	1247	1151	639	346	220	147	122	145	139	116	112	198	190	164
646	426	253	103	0	11	287	723	1054	1223	1240	1219	1229	1277	1227	985	387	117	78	90	81	97	126	123	112	211	189	194
752	595	431	344	346	499	708	929	1112	1223	1242	1232	1257	1260	1078	753	180	55	66	108	106	117	129	149	207	217	151	206
975	897	784	663	689	583	446	491	747	979	1152	1210	1208	1148	910	633	131	58	84	89	106	151	180	196	242	165	132	172
1020	960	620	193	184	172	171	131	198	361	560	679	802	974	913	678	224	79	101	99	114	155	145	181	159	149	154	172
1048	1037	706	254	164	120	143	159	135	117	273	363	433	732	776	770	456	156	126	102	93	120	117	141	154	162	147	152
1069	1091	1061	934	818	542	272	151	169	133	141	208	384	727	649	566	459	248	156	110	118	126	127	112	131	152	122	128
1105	1163	1176	1179	1179	1144	956	485	172	187	141	189	447	762	600	509	413	233	180	137	139	139	131	130	132	157	135	132
1187	1213	1202	1194	1195	1193	1203	1096	528	191	230	247	412	497	466	587	420	218	214	158	120	130	127	141	142	154	145	131
1210	1210	1199	1201	1200	1193	1193	1210	1051	393	196	255	285	245	431	479	314	215	220	182	136	143	151	133	134	148	136	120
1199	1201	1204	1209	1203	1202	1195	1194	1193	724	186	141	149	321	429	413	294	199	198	214	189	165	177	167	140	126	139	119
1197	1202	1206	1203	1199	1201	1200	1192	1194	907	234	111	133	345	313	381	324	183	206	234	219	186	177	183	163	149	155	147
1198	1198	1203	1203	1201	1200	1198	1201	1210	972	269	137	173	356	294	329	338	189	211	222	212	183	173	186	169	160	165	153
1196	1197	1201	1201	1202	1203	1204	1205	1230	971	252	170	212	345	209	260	354	243	273	234	224	174	161	198	194	162	163	139
1196	1197	1193	1202	1202	1198	1198	1204	1216	770	211	155	214	302	177	251	394	316	385	292	207	169	169	196	179	185	154	155
1192	1193	1197	1203	1198	1198	1203	1224	1109	463	198	264	400	398	275	289	370	286	158	236	242	180	192	193	186	195	151	168
1153	1193	1194	1201	1202	1214	1228	1134	682	216	230	417	416	321	270	322	327	410	188	174	175	193	186	156	139	184	201	177
1051	1110	1154	1179	1207	1219	972	595	273	187	212	258	309	205	262	375	237	493	344	201	199	212	209	182	182	234	185	221
1053	1009	1006	1043	940	637	347	237	230	244	218	286	211	181	269	376	186	317	468	340	310	268	277	308	311	272	245	231
1126	1000	979	763	339	133	154	215	217	237	292	284	182	191	221	393	226	161	386	345	257	272	307	430	352	278	256	246
1228	1039	1020	472	105	120	185	207	230	241	298	243	192	194	212	469	320	164	268	321	171	151	159	311	279	195	197	184
1292	1154	1063	478	132	174	205	220	235	252	224	219	203	194	188	326	295	165	206	287	250	167	146	262	336	196	185	168
1282	1309	1204	761	163	156	186	211	213	224	205	231	210	196	184	191	221	163	192	251	273	227	228	235	398	409	232	172
1279	1359	1357	1097	455	150	187	193	203	189	182	221	245	210	164	175	216	176	185	211	250	166	197	227	288	300	239	191
1293	1376	1346	1280	901	329	163	185	184	179	199	204	214	181	160	182	206	175	179	195	248	168	163	199	216	208	227	204
1180	1230	1243	1247	1235	1193	1070	689	286	73	8	76	464	943	1119	709	297	162	128	135	140	197	229	294	281	212	168	141
1201	1232	1241	1238	1097	775	413	174	175	120	345	807	1120	1213	1241	852	217	95	142	197	258	267	247	254	282	322	320	347
1198	1228	1190	970	566	245	169	169	165	544	1033	1163	1185	1210	1240	1153	471	244	249	230	290	244	145	138	109	126	164	172
1137	1132	928	575	287	184	157	80	311	947	1145	1160	1186	1203	1224	1226	571	243	182	146	158	190	155	137	111	91	135	141
1055	1011	800	549	341	227	119	164	473	835	1096	1167	1195	1207	1230	1236	448	99	71	112	114	119	142	133	118	116	117	153
1011	997	822	600	487	448	409	482	649	809	1042	1174	1196	1207	1251	1184	313	44	65	144	132	130	135	157	130	138	109	118
987	837	514	330	476	624	700	677	694	787	972	1144	1184	1220	1278	1077	263	57	78	99	97	149	137	134	174	142	108	129
1039	766	306	97	130	163	234	285	360	491	755	995	1108	1166	1138	968	301	61	79	82	104	136	143	187	158	151	138	157
1082	1012	675	341	215	125	150	193	213	215	414	667	865	1038	1030	941	542	184	138	105	102	116	136	159	135	138	134	138
1078	1104	1140	1083	964	760	452	237	216	186	199	367	729	1005	914	807	617	358	218	139	137	140	133	105	114	118	123	122
1133	1195	1202	1194	1194	1195	1093	672	254	187	224	338	711	896	660	675	539	374	290	185	171	175	155	131	125	131	143	143
1206	1212	1202	1196	1191	1192	1206	1152	652	204	273	509	691	506	438	712	531	309	375	314	190	180	168	157	166	178	160	144
1208	1205	1204	1203	1204	1197	1193	1203	1069	426	185	527	552	261	428	609	361	209	274	350	303	301	238	164	144	145	151	145
1199	1199	1201	1209	1208	1201	1191	1190	1171	678	231	416	392	260	381	551	336	181	201	261	248	255	290	254	159	129	154	145
1199	1201	1205	1204	1198	1195	1191	1185	1177	795	277	345	294	199	275	548	407	190	204	235	220	196	205	270	253	218	204	198
1197	1201	1206	1204	1196	1191	1184	1191	1190	812	263	257	227	197	287	515	512	230	191	232	208	191	184	207	221	224	198	187
1198	1200	1200	1202	1193	1190	1193	1198	1184	746	205	207	184	170	195	470	622	313	234	263	236	177	170	205	195	224	211	146
1200	1195	1197	1201	1196	1195	1200	1206	1111	532	171	214	156	150	186	460	638	501	496	253	207	172	189	227	192	206	199	189
1191	1196	1200	1201	1196	1200	1225	1196	849	276	179	226	283	363	384	453	491	461	324	258	209	161	236	240	198	161	159	176
1107	1177	1200	1200	1201	1214	1152	860	401	175	179	217	318	354	366	451	317	411	292	291	261	231	229	182	152	160	183	167
1005	1066	1105	1135	1139	1034	608	321	243	189	186	227	263	181	286	482	238	398	315	233	264	313	295	237	194	192	202	262
1037	1014	954	856	516	296	207	247	245	235	248	280	183	162	276	446	211	268	304	234	218	230	312	374	318	328	307	277
1084	983	924	458	91	116	202	241	203	238	267	248	168	181	228	335	185	199	293	248	180	175	217	400	284	237	244	284
1198	990	940	289	106	158	218	218	237	208	245	242	193	177	191	249	182	234	301	273	162	139	135	389	332	164	176	219
1268	1062	1017	456	145	191	218	221	220	204	236	232	199	183	217	200	168	211	213	274	294	163	131	288	340	147	168	176
1285	1189	1111	770	189	173	197	207	193	225	216	221	188	215	201	170	189	178	180	224	330	266	250	247	267	156	169	170
1286	1245	1263	1059	476	155	189	187	197	207	190	186	191	211	181	150	187	165	161	187	282	156	180	240	318	275	210	165
1262	1249	1272	1255	902	310	169	180	193	177	184	173	186	189	166	160	200	172	172	186	321	161	139	189	210	235	244	216
1139	1186	1174	1018	905	834	892	927	873	498	268	259	549	1074	1202	1019	602	219	107	84	57	60	62	98	102	100	134	139
1189	1200	1153	988	814	702	728	769	837	675	551	670	1018	1159	1142	1041	403	81	108	64	45	54	54	80	120	94	88	142
1211	1203	1117	862	605	523	676	762	804	832	864	979	1115	1153	1127	1013	373	121	108	86	107	66	70	90	101	81	81	113
1231	1221	1101	707	472	543	607	474	496	796	956	1042	1168	1208	1220	1085	375	133	146	149	179	103	79	109	76	69	109	109
1246	1221	1124	942	796	747	567	267	112	236	763	1061	1192	1210	1222	1190	463	95	104	113	93	75	76	77	45	61	111	103
1134	1029	839	634	658	765	602	221	51	117	594	1031	1205	1221	1225	1179	476	55	117	131	101	85	92	112	79	77	88	99
1028	783	280	107	140	299	581	543	194	167	513	970	1170	1237	1237	1014	403	127	136	124	111	112	102	111	125	103	81	99
1088	593	96	71	51	31	158	449	515	318	422	833	1062	1006	781	489	224	139	111	116	115	125	126	130	125	128	119	117
1094	928	556	451	368	240	174	167	348	427	361	584	911	581	338	274	219	165	154	141	132	140	141	139	136	146	133	130
1059	1102	1128	1109	1069	949	678	350	218	311	337	427	711	487	223	222	284	271	195	148	156	149	145	132	127	148	138	142
1124	1162	1175	1161	1158	1163	1119	827	322	185	384	434	503	486	251	210	291	418	346	191	185	166	158	134	139	156	151	144
1149	1165	1175	1176	1169	1163	1172	1148	729	208	316	670	641	476	275	271	301	403	575	515	284	186	153	134	166	146	141	146
1162	1169	1179	1184	1185	1181	1175	1176	1056	391	136	768	730	302	248	326	286	217	343	598	573	486	316	203	168	149	157	171
1175	1174	1174	1179	1185	1184	1180	1178	1144	571	305	886	758	231	286	430	247	151	181	264	289	358	423	341	191	158	179	176
1179	1179	1179	1181	1178	1178	1177	1181	1158	650	323	791	633	156	261	503	374	176	163	181	177	169	253	362	377	307	276	272
1174	1175	1181	1184	1182	1175	1175	1184	1147	578	220	531	485	232	220	556	628	293	167	182	162	167	199	207	295	316	220	221
1181	1180	1189	1194	1188	1180	1174	1186	1071	404	160	386	368	284	196	641	827	452	169	176	188	167	181	190	193	345	266	148
1186	1182	1197	1195	1191	1186	1192	1189	824	228	188	316	227	251	237	628	800	667	355	157	173	160	176	172	169	205	278	274
1162	1188	1196	1188	1185	1184	1230	1039	432	169	201	292	175	185	304	426	427	626	561	348	213	165	198	206	196	157	176	240
1035	1132	1182	1180	1168	1105	873	456	189	157	242	265	154	160	253	279	176	419	465	501	414	290	246	207	189	165	196	165
984	1039	1052	1045	871	536	278	199	192	219	227	241	166	151	175	189	189	374	252	286	383	425	339	234	188	174	195	179
1044	1028	972	682	209	139	213	233	250	215	208	255	160	158	181	175	185	370	225	142	181	284	294	287	234	235	230	218
1110	1020	912	281	90	172	214	247	219	186	223	265	170	155	185	184	199	350	241	147	152	157	169	223	222	218	210	322
1209	1027	892	286	162	189	210	206	197	176	194	280	193	158	164	170	173	329	255	133	146	138	130	180	182	158	175	304
1317	1084	993	497	156	182	188	202	180	173	166	283	224	175	166	163	166	292	271	154	155	128	148	167	165	177	186	196
1336	1167	1073	818	237	164	187	183	160	191	180	268	199	189	175	165	212	233	212	216	194	185	174	167	166	175	168	167
1329	1157	1106	1027	580	163	172	169	184	214	205	206	192	194	188	152	250	206	142	188	233	181	159	156	215	208	169	161
1249	1100	1096	1075	966	458	164	178	197	188	188	159	175	171	167	192	267	171	161	186	288	192	160	162	169	176	189	198
1108	1071	975	300	74	84	149	209	303	227	136	177	450	678	592	379	256	244	189	123	69	76	71	118	243	183	187	182
1106	1073	839	157	65	62	121	167	299	352	277	406	797	674	356	288	209	185	156	98	64	63	55	102	173	170	139	157
1144	1105	727	84	48	48	102	251	551	458	392	565	919	773	474	339	181	171	132	127	124	64	77	91	81	113	154	125
1235	1186	854	197	92	93	171	470	776	727	766	929	1127	1145	1098	802	249	121	133	154	142	102	111	99	58	55	117	125
1298	1259	1167	818	491	455	738	843	689	436	508	942	1152	1231	1245	1219	532	133	150	148	109	124	124	106	79	73	126	138
1262	1208	1109	972	798	830	979	937	440	50	65	564	1146	1222	1217	1253	647	140	162	162	146	139	123	131	112	115	130	136
1224	1147	960	745	585	502	539	846	661	123	41	486	1105	1243	1258	1179	500	177	196	177	142	125	134	143	137	136	129	140
1184	1105	835	614	439	240	167	400	749	614	428	775	1028	966	955	646	256	147	156	151	151	152	152	150	165	168	143	151
1091	1078	989	939	873	670	417	282	333	593	659	703	731	397	280	208	182	179	181	153	157	220	190	174	196	205	186	168
1100	1145	1170	1175	1165	1134	1011	648	313	346	448	392	517	406	229	175	199	204	185	166	151	182	180	157	181	235	173	148
1165	1171	1169	1172	1176	1171	1160	1065	521	189	341	276	542	618	442	225	214	208	191	158	160	146	154	140	166	203	174	155
1167	1172	1172	1177	1181	1172	1169	1171	871	242	250	244	529	836	740	357	190	229	249	222	197	157	138	140	167	156	158	157
1191	1184	1185	1188	1187	1185	1181	1181	1091	428	187	339	338	680	919	626	195	183	217	278	265	257	312	316	308	288	275	223
1193	1192	1194	1194	1191	1192	1190	1192	1156	573	196	420	393	374	797	795	299	112	141	179	165	195	302	314	309	312	323	254
1189	1196	1199	1203	1197	1199	1196	1199	1166	603	179	485	649	243	562	771	481	147	136	144	125	141	169	179	206	176	165	161
1187	1194	1200	1202	1203	1202	1199	1202	1120	502	154	626	961	478	359	630	547	333	305	269	196	156	166	164	205	203	236	241
1187	1185	1186	1194	1197	1191	1188	1190	948	323	180	710	958	729	339	389	472	297	226	273	323	303	271	240	257	291	283	227
1188	1189	1188	1193	1193	1192	1194	1104	602	231	212	367	456	586	486	274	335	282	205	167	198	199	218	178	161	180	196	218
1126	1174	1184	1184	1185	1179	1098	745	302	204	188	257	242	304	584	338	189	252	233	228	187	152	146	164	168	153	161	196
1029	1084	1128	1184	1133	890	571	316	193	185	259	224	183	198	409	408	190	203	237	259	199	173	153	164	169	143	149	146
1082	1058	1057	955	569	294	244	206	233	287	215	178	181	180	200	285	272	278	235	221	212	184	171	166	160	149	146	135
1174	1075	976	509	170	195	225	245	251	232	168	169	181	171	157	177	215	288	197	167	183	190	167	166	157	147	153	150
1223	1039	837	238	154	191	208	243	191	198	176	171	174	142	150	157	168	286	236	164	162	158	150	151	159	152	164	189
1277	1092	871	286	174	202	216	178	182	189	200	184	172	134	137	161	159	300	288	153	153	147	148	184	185	154	158	232
1304	1266	1114	466	163	206	190	177	202	201	177	172	152	141	139	140	150	281	313	174	161	156	168	208	205	167	161	246
1273	1344	1251	790	218	185	176	187	187	178	183	198	161	159	148	138	193	272	240	290	216	168	187	190	165	162	167	173
1323	1324	1273	1068	519	161	168	177	186	185	204	178	186	181	159	157	297	246	161	270	293	171	158	173	183	178	171	176
1310	1281	1230	1155	935	461	164	181	197	202	188	141	175	152	161	269	273	188	170	198	303	311	219	189	195	169	179	194
