11	13	12	8	9	13	12	12	10	17	14	15	16	19	18	18	19	57	191	406	607	722	705	572	386	284	262	284
12	11	11	9	11	12	14	11	14	17	16	14	15	19	22	20	59	214	460	645	733	659	511	348	276	259	325	406
11	10	12	13	13	11	13	16	14	16	18	20	19	21	18	40	198	478	691	684	630	447	294	257	298	346	392	398
10	11	12	12	11	10	17	16	13	15	20	22	19	12	24	184	503	754	724	589	380	297	293	343	366	353	303	256
11	12	10	13	16	13	13	15	21	24	21	21	18	14	138	472	743	706	386	310	285	338	333	334	315	226	207	213
11	10	14	14	15	13	12	19	25	27	21	17	14	68	387	660	630	401	201	277	339	319	256	186	179	249	293	345
12	11	14	11	15	14	18	22	23	21	20	26	21	230	586	657	441	257	286	350	277	185	174	273	362	424	462	680
14	11	11	10	15	13	17	20	24	19	26	15	97	453	642	504	226	253	331	293	177	205	368	609	573	541	562	722
13	12	11	12	15	14	15	22	24	22	22	44	294	577	576	345	214	282	274	216	252	397	684	883	749	662	637	718
17	17	12	14	18	15	22	25	29	20	31	170	462	613	421	210	250	309	229	279	436	625	956	979	874	715	721	765
16	16	13	14	17	17	22	21	19	13	74	369	487	448	265	194	209	258	257	414	532	877	1090	1011	796	660	599	579
11	13	13	15	22	27	22	15	16	20	206	495	464	355	155	184	170	236	366	456	757	1038	1071	1035	794	671	602	510
12	15	17	15	18	20	22	18	20	59	353	519	500	309	148	163	160	272	394	603	918	1001	959	928	806	705	638	566
16	16	15	16	20	23	22	23	25	159	511	567	380	245	221	132	172	309	468	756	961	1008	915	749	741	665	553	501
14	13	17	19	18	21	25	16	41	325	544	528	355	242	256	188	170	400	537	821	1003	1082	1118	962	726	654	619	511
12	11	16	20	27	27	22	9	99	480	635	444	284	254	255	185	236	479	591	836	1009	1058	1017	950	799	706	694	652
11	13	15	23	19	22	19	17	198	547	693	462	261	256	285	241	316	464	633	844	971	1005	843	704	646	641	640	602
14	16	15	23	21	20	18	28	319	548	676	418	257	242	278	266	324	457	619	780	868	993	854	693	642	574	537	535
20	15	18	19	19	23	12	67	445	493	622	411	279	278	285	295	325	427	508	604	650	815	895	697	656	583	539	572
16	16	17	19	17	20	15	114	563	580	588	393	284	285	333	363	367	423	452	566	635	601	747	729	675	645	593	492
12	15	22	25	22	22	15	194	646	643	577	347	225	325	418	492	445	452	472	566	510	485	502	628	795	693	654	617
16	20	29	24	21	15	27	319	705	500	652	404	164	457	560	643	619	605	425	296	323	354	307	357	620	604	557	535
19	23	27	23	21	12	73	456	590	554	688	322	151	531	677	703	812	722	474	150	143	188	131	111	190	305	360	386
16	24	23	23	27	36	173	537	515	632	648	206	211	635	720	754	772	563	489	196	74	51	59	40	0	1	76	125
20	22	25	20	23	41	292	471	419	654	666	149	300	683	779	709	415	546	751	775	693	581	739	757	626	336	9	23
20	25	22	24	21	66	331	373	461	566	447	128	428	693	528	275	663	933	838	628	477	426	395	696	959	1007	578	44
21	18	23	26	20	88	302	312	631	767	271	179	540	452	154	594	769	819	816	726	662	696	685	683	818	1057	1071	570
21	20	30	27	15	98	287	397	505	642	159	258	445	104	499	630	619	722	635	619	644	670	682	775	923	1027	994	433
10	10	11	13	12	11	13	13	14	14	15	22	25	23	13	138	463	770	754	574	363	252	277	335	391	403	386	334
9	10	12	13	13	13	13	14	16	19	24	18	19	8	96	416	730	763	539	305	244	304	407	435	389	321	280	223
9	10	15	14	14	14	15	15	18	20	18	20	12	58	370	697	776	504	262	244	351	467	402	315	227	183	217	300
8	10	12	16	18	15	16	14	20	23	17	16	25	281	670	723	544	283	273	372	449	371	240	149	192	273	363	480
11	10	11	15	16	18	18	18	20	22	22	12	169	598	796	526	273	227	393	430	312	204	166	271	447	511	615	779
11	14	14	15	17	17	17	21	17	20	13	81	432	740	613	247	224	372	439	291	146	212	417	658	792	672	639	862
14	13	12	15	18	18	15	21	26	17	33	279	614	634	318	182	326	434	291	182	301	565	756	858	843	648	615	785
14	17	20	18	21	20	23	23	25	13	175	489	595	376	168	251	376	257	173	355	607	723	720	905	872	669	614	707
15	15	18	18	19	21	23	24	16	94	388	550	451	177	224	301	266	221	419	682	810	698	868	1035	872	691	633	653
14	16	15	20	17	23	22	10	34	232	510	528	249	146	274	214	151	326	626	815	783	725	971	1047	841	655	593	627
14	13	15	19	19	24	28	13	117	370	591	373	140	162	265	158	207	571	942	965	775	704	953	1049	894	642	621	602
16	16	19	16	24	25	25	21	224	500	567	261	203	243	163	182	369	764	1011	864	702	741	938	1026	991	703	653	611
19	16	15	17	22	22	19	55	330	489	428	218	238	288	135	247	543	822	852	720	738	847	980	1022	972	741	648	638
19	18	20	28	24	21	17	110	468	470	336	204	256	293	174	320	652	789	707	718	829	940	1014	999	853	681	635	627
21	23	23	23	20	18	11	208	634	478	336	223	257	239	183	393	702	823	721	699	819	973	1025	978	775	669	652	649
22	19	24	22	25	23	11	348	737	445	317	255	254	200	205	543	940	993	837	689	796	992	1012	980	919	750	679	675
17	26	32	23	24	19	67	469	748	411	220	285	292	196	288	636	747	738	744	713	867	1028	1008	946	818	715	675	685
21	31	32	26	23	24	163	621	701	434	211	272	322	202	360	548	663	723	761	897	1026	1034	1002	863	681	639	649	663
17	26	23	24	27	41	286	684	776	520	268	254	380	249	322	563	824	949	1015	1054	996	999	995	831	659	615	555	585
22	23	29	25	21	69	444	732	773	642	354	212	503	286	309	483	700	891	972	895	784	862	1017	870	689	669	625	542
17	22	25	24	17	132	540	751	768	665	385	217	542	381	325	426	502	666	744	661	639	799	973	877	673	621	674	588
21	24	25	22	15	206	609	746	786	698	444	258	430	573	402	433	400	430	630	643	613	655	794	727	647	633	566	512
19	20	23	20	22	315	698	666	781	786	458	368	287	673	572	422	394	332	347	491	609	590	585	607	631	624	585	627
16	18	21	19	66	418	702	622	845	792	422	383	271	589	772	599	585	496	413	237	230	292	317	279	301	398	513	576
23	24	22	17	115	508	594	616	885	788	373	331	294	501	804	696	655	575	564	450	322	263	375	515	289	184	182	335
23	22	23	20	174	551	524	717	821	785	342	320	371	442	743	555	453	612	811	840	513	395	406	572	946	929	514	127
23	24	20	19	237	485	513	613	826	896	316	325	386	455	484	448	690	895	982	913	869	690	561	329	777	1020	1028	513
22	21	23	24	267	446	499	372	826	955	282	191	223	217	325	639	803	1013	1028	944	869	846	705	794	982	963	816	440
10	13	11	13	15	14	18	13	18	21	25	18	5	110	510	794	679	361	221	308	402	459	445	312	182	154	226	308
12	16	12	13	15	18	17	17	18	22	18	10	63	464	829	713	308	192	337	429	474	371	222	154	162	313	483	636
18	16	12	13	16	17	20	19	17	18	12	36	352	792	709	363	232	324	425	452	345	183	167	241	412	521	572	632
14	13	14	13	17	17	16	24	21	21	17	254	705	728	364	191	333	485	462	315	185	198	383	587	658	711	845	819
18	15	16	18	17	18	20	21	19	19	156	591	745	424	173	293	468	485	294	181	249	466	630	645	659	701	873	1019
18	15	17	18	26	23	24	24	11	81	423	697	478	165	253	420	445	286	194	330	584	801	946	851	631	637	746	990
20	19	21	23	24	23	20	23	26	265	625	540	187	169	318	413	282	218	406	707	922	998	1024	1046	797	600	647	914
18	19	20	20	22	22	21	9	127	411	570	258	122	241	371	286	230	397	718	965	977	916	939	1038	991	680	601	807
19	15	21	20	26	24	23	16	295	460	388	121	209	325	281	165	405	634	658	852	924	789	832	998	1030	794	617	764
21	22	24	24	26	23	14	87	522	429	219	142	285	288	148	271	687	774	615	610	861	746	722	970	1009	797	681	804
15	27	30	24	26	19	20	235	563	343	176	196	310	190	180	544	1022	1131	962	800	941	707	684	938	987	796	723	837
21	30	23	22	24	14	46	345	389	260	208	244	297	157	382	647	766	1020	1097	1066	922	679	690	943	997	851	784	853
28	36	27	27	25	11	104	589	541	220	260	264	218	222	524	651	646	899	1082	988	790	659	736	972	985	924	851	876
23	29	29	28	25	5	238	677	516	234	294	290	167	294	605	840	927	973	914	795	706	662	848	989	975	907	861	894
22	28	26	25	20	34	381	696	451	210	365	313	143	354	808	1050	1010	930	817	734	692	775	935	978	975	924	875	893
25	25	19	22	13	110	566	742	426	177	367	305	157	421	880	1086	1063	1049	1005	901	834	932	984	1001	977	931	896	898
21	20	28	30	4	254	721	595	392	169	370	326	204	431	919	1077	971	974	1019	960	952	1000	986	984	967	917	879	885
24	27	28	21	29	434	721	588	423	203	337	319	230	475	953	853	724	813	981	962	992	1011	1007	981	943	892	847	879
26	30	23	14	112	568	673	665	469	236	318	295	256	522	849	698	685	858	977	973	973	985	983	966	921	857	847	848
24	28	24	15	207	677	713	678	505	227	185	296	311	485	796	688	683	798	930	959	931	932	938	939	912	842	805	763
28	22	26	16	324	778	756	706	517	238	168	258	301	403	807	695	674	674	749	862	855	856	875	892	873	819	768	651
28	25	23	45	469	793	708	777	539	273	254	212	284	286	757	639	598	600	674	774	698	601	681	787	709	654	543	474
21	28	15	117	602	752	758	897	640	281	336	226	368	290	521	620	573	545	589	623	572	569	525	520	512	486	509	559
25	22	16	217	698	725	772	982	668	310	339	368	224	559	416	362	386	356	373	497	564	525	538	567	576	618	612	544
24	26	26	332	785	734	855	1051	740	392	330	454	227	341	695	532	500	530	443	368	272	203	179	259	252	349	519	556
23	19	45	449	723	700	877	1051	861	401	261	337	378	226	580	585	553	550	503	587	477	339	385	386	548	405	142	206
22	11	90	513	692	710	552	669	963	464	295	259	402	412	421	590	360	430	609	811	838	480	378	319	418	855	633	129
30	19	130	554	721	712	831	718	915	492	320	214	274	451	291	331	265	475	800	1038	967	562	708	787	526	792	994	496
11	9	11	11	13	15	15	24	19	17	11	70	473	857	729	427	224	319	505	503	319	159	169	315	472	550	534	651
15	11	15	13	16	20	22	20	21	11	41	397	792	640	247	202	388	528	490	268	173	282	495	579	644	632	570	628
9	11	15	20	16	16	20	19	15	14	308	760	676	262	158	367	569	517	257	120	327	576	637	740	802	653	618	610
12	13	16	17	21	22	22	22	0	181	666	735	309	123	309	511	521	270	154	379	672	641	640	722	887	860	722	625
15	13	14	16	25	23	24	13	55	440	686	376	120	255	462	522	282	140	402	719	722	659	721	748	820	920	898	798
15	14	13	15	24	24	21	3	260	545	388	142	203	423	493	300	135	395	702	771	737	718	764	829	838	893	947	938
17	21	24	18	27	23	13	52	483	436	247	149	325	453	294	153	437	639	832	923	940	951	956	967	914	890	958	961
20	17	21	19	20	25	0	211	540	268	163	263	408	378	164	379	728	639	745	910	991	1021	1002	1013	981	927	947	971
23	21	23	26	22	18	11	432	464	157	193	370	332	187	251	560	662	625	595	680	892	992	992	1006	1005	978	962	961
23	22	21	24	24	8	122	612	373	125	274	377	193	157	521	829	980	906	695	585	798	993	969	991	986	995	979	970
17	24	22	21	17	16	348	702	281	178	366	298	130	380	785	1009	1055	1057	976	842	981	984	966	977	976	978	984	945
18	23	27	23	9	93	592	583	240	302	387	184	201	644	915	959	982	1020	1017	1016	983	965	952	964	983	976	977	939
21	24	23	23	8	271	762	516	182	383	333	110	384	762	854	806	780	937	1020	996	973	963	998	997	1000	998	982	949
24	24	24	19	46	441	667	388	175	406	254	154	525	651	649	655	699	932	993	983	970	979	996	1001	994	997	974	959
24	22	25	9	144	581	559	349	169	405	202	181	509	662	687	703	871	1001	985	975	958	987	994	1003	998	1007	975	948
23	25	21	8	297	690	530	323	178	377	187	244	658	905	912	962	1013	988	990	969	963	982	983	1007	1012	1010	973	926
25	31	18	32	459	726	499	274	177	290	209	354	747	923	1000	1011	997	994	985	964	974	992	1004	1015	1019	1009	974	925
25	26	5	93	562	707	485	252	178	232	206	466	804	961	1035	999	987	990	976	972	982	989	1001	1001	1008	993	952	905
26	24	4	204	587	545	490	286	198	157	193	557	880	1047	1035	994	980	982	964	960	971	984	998	996	985	977	952	903
23	22	20	315	757	623	373	248	214	137	148	552	906	989	990	973	984	985	939	930	944	941	940	956	951	957	935	904
19	17	38	471	827	628	508	228	242	194	96	369	763	918	985	1010	954	780	672	833	873	861	879	869	881	880	878	860
19	8	75	624	826	688	738	311	295	234	196	179	412	790	948	819	634	571	570	781	748	628	637	685	697	694	690	680
17	14	143	725	765	816	819	423	355	236	180	273	239	348	686	632	587	513	506	601	568	551	526	497	472	487	467	453
25	17	262	826	686	947	913	506	386	310	231	157	309	272	363	588	503	489	499	591	608	555	514	517	519	514	455	410
29	26	415	799	702	1002	1021	587	429	365	302	274	285	254	282	305	423	364	312	306	356	379	543	604	530	496	514	518
21	61	540	786	766	1053	1036	660	510	405	341	270	375	490	362	281	332	433	421	305	261	282	331	389	419	428	477	554
17	130	637	756	786	620	630	725	646	493	348	328	277	450	687	479	416	439	287	372	436	461	337	350	295	474	363	336
22	208	701	791	726	485	768	846	571	521	339	292	310	274	541	729	567	502	441	640	696	699	541	449	350	412	606	336
14	15	17	18	21	19	23	21	22	0	239	656	745	403	250	378	551	548	345	111	176	606	789	602	788	895	902	857
11	16	13	13	21	23	22	24	2	165	635	710	302	110	337	569	605	330	88	236	521	743	799	605	622	788	893	982
12	16	17	19	19	23	21	15	40	537	633	315	115	283	548	569	368	97	315	600	865	983	880	674	573	587	723	809
15	16	18	21	22	24	27	0	283	716	370	134	250	494	589	414	135	336	656	722	1021	1012	863	721	596	565	610	698
15	19	24	26	26	28	15	52	613	573	210	201	419	566	407	145	320	681	690	766	1014	989	831	690	624	603	574	690
20	25	25	27	20	21	0	269	759	275	167	406	488	447	148	287	700	778	667	762	983	991	871	689	627	641	647	858
25	24	18	18	18	13	36	609	579	86	292	496	408	197	243	671	862	802	696	708	945	1012	986	881	785	769	870	975
20	21	22	22	22	0	243	754	292	128	445	407	201	209	578	692	632	687	716	684	870	997	1001	1009	999	992	987	1000
20	23	26	20	11	52	574	584	120	272	467	248	138	474	640	611	653	673	719	734	815	983	977	986	1003	987	1001	1012
25	24	33	23	0	280	742	389	152	413	365	89	362	633	663	707	902	946	927	863	894	994	975	983	1000	997	1010	996
26	23	23	12	70	571	671	279	278	482	194	185	597	715	683	680	756	868	936	955	959	977	994	982	994	1009	1011	995
26	28	20	6	262	719	524	244	354	472	81	377	829	870	813	770	797	877	938	941	952	967	989	985	993	1019	1001	985
30	26	23	32	501	750	443	212	424	353	71	593	990	1013	987	970	958	965	962	950	960	970	978	988	1000	1027	991	972
30	25	7	127	657	600	317	196	441	228	177	645	739	820	892	942	961	973	970	949	964	969	979	992	1000	1010	973	959
26	29	3	279	693	495	259	202	439	138	356	689	592	610	659	749	945	982	976	967	975	981	990	1004	1004	1009	984	936
26	15	28	450	710	422	258	229	400	120	420	693	679	635	616	708	955	961	948	956	960	986	990	998	1012	1003	959	931
23	13	91	599	649	345	269	222	314	144	512	749	760	712	711	832	954	945	938	927	938	963	990	981	996	990	960	908
23	9	163	668	575	356	254	192	260	185	589	873	833	815	846	923	939	939	939	943	957	963	985	992	1006	986	934	872
20	1	262	750	548	468	259	224	257	189	559	934	940	930	925	907	903	887	903	913	932	929	958	977	984	967	926	875
24	4	372	786	605	627	257	296	233	229	441	714	704	681	639	648	665	695	748	788	831	883	901	936	954	935	882	851
19	21	512	714	675	711	263	334	156	361	244	748	708	578	602	636	635	611	636	741	801	853	870	889	886	901	869	825
15	67	596	729	659	685	392	385	187	242	359	366	661	714	814	655	530	515	507	699	799	720	657	602	616	666	758	761
11	120	708	834	753	647	489	383	295	165	214	147	221	586	739	595	557	536	492	558	559	493	494	531	510	464	460	459
11	205	825	760	905	702	510	403	335	302	383	352	143	134	401	636	551	501	473	474	505	552	577	555	522	562	560	463
13	321	833	724	1032	790	527	448	347	232	317	661	534	363	143	126	233	279	381	496	573	587	545	526	539	544	531	525
29	480	817	754	1115	908	530	409	425	261	245	441	710	624	471	338	385	311	247	302	373	367	448	511	576	561	543	541
83	646	781	778	840	822	634	347	449	291	256	281	515	630	545	509	552	607	571	492	422	261	278	351	432	562	623	572
176	771	771	673	380	615	763	367	383	339	230	282	407	632	623	536	535	555	606	536	456	301	257	310	313	287	475	550
19	18	20	19	21	19	22	21	4	394	673	464	248	246	460	591	536	258	81	439	667	771	661	654	911	990	767	576
17	23	19	24	22	21	24	1	188	752	466	288	193	452	583	493	202	118	458	628	621	665	634	575	643	900	986	792
18	22	21	22	21	22	11	21	564	661	266	241	450	583	495	170	147	454	614	662	714	721	707	605	552	626	904	929
20	21	21	20	17	25	0	227	755	296	137	482	607	495	182	170	467	680	786	810	784	776	766	703	592	556	732	936
17	20	25	24	21	20	28	555	538	82	349	614	452	167	178	504	717	931	940	916	899	876	830	780	701	591	707	917
14	25	25	23	25	0	264	681	210	175	552	495	180	163	510	692	857	969	957	949	962	964	944	923	860	726	791	923
21	22	23	23	9	67	616	546	79	381	546	229	119	433	660	821	929	930	932	942	949	957	955	967	926	876	900	934
19	26	27	22	3	366	698	243	155	520	391	105	353	596	758	791	804	856	917	935	938	939	942	952	940	950	975	944
22	26	25	0	170	673	507	133	327	523	182	266	578	660	652	651	697	794	883	925	919	938	952	965	967	975	986	961
21	22	19	20	511	707	346	168	446	369	137	523	623	606	595	591	647	697	739	824	910	933	940	957	978	982	975	981
21	28	1	174	760	522	260	149	452	257	216	778	661	613	623	615	593	576	610	807	944	929	931	961	975	968	971	964
26	23	10	438	748	348	286	154	453	136	373	819	670	654	659	619	616	692	814	934	949	948	941	935	964	963	956	944
29	16	66	641	605	278	251	189	403	71	570	732	690	714	726	752	877	951	958	944	947	952	939	957	960	955	945	905
28	6	206	708	443	267	214	222	298	130	695	758	751	751	795	888	940	926	922	937	949	949	963	965	955	949	925	895
32	6	405	651	375	250	228	254	199	252	829	926	857	857	929	898	883	911	911	920	918	934	936	938	947	934	912	891
22	45	588	626	332	265	201	276	100	411	898	983	940	923	898	861	871	907	898	890	906	918	936	941	935	938	909	876
12	125	711	605	392	257	196	336	73	529	905	921	914	867	786	832	916	893	889	879	880	902	921	943	939	931	907	855
7	209	780	586	434	310	213	349	95	460	828	794	713	707	749	903	900	871	885	879	891	894	916	935	937	925	923	853
7	287	821	669	475	355	259	329	177	220	705	679	623	690	862	905	883	851	791	731	696	664	677	709	754	851	888	813
0	362	838	708	594	360	280	331	346	81	454	686	715	832	841	788	713	637	589	567	545	546	551	587	673	775	855	792
10	448	747	680	726	381	267	281	370	248	143	579	727	696	618	565	518	499	525	516	531	551	596	627	676	787	822	757
29	516	663	659	816	401	338	290	194	361	332	242	565	579	500	471	424	407	412	441	495	516	569	607	651	769	820	711
48	631	853	776	763	437	330	361	313	285	198	190	163	379	603	563	520	500	425	383	403	394	419	459	504	566	632	540
105	713	731	825	739	543	263	374	435	527	394	192	199	189	205	349	460	462	452	513	517	507	478	444	432	436	413	400
188	799	707	940	689	518	349	319	406	433	554	444	323	302	437	389	258	279	427	516	485	440	415	408	427	421	426	432
289	880	692	1045	851	529	303	338	400	301	544	514	350	391	560	757	838	768	495	307	370	478	437	401	395	434	447	494
464	835	714	1043	874	551	245	355	442	150	410	558	413	516	824	866	776	732	948	968	477	198	413	550	519	480	457	509
651	805	757	562	544	665	284	277	489	188	213	470	448	488	730	992	1055	951	572	854	398	419	303	258	366	494	538	559
18	19	18	20	22	20	23	0	276	825	384	198	329	590	568	354	124	237	504	670	892	793	648	608	618	616	589	575
15	17	20	17	19	29	6	100	746	491	99	300	593	516	310	111	265	585	722	838	907	732	602	570	645	732	660	574
15	18	19	23	22	22	3	477	671	78	246	612	536	268	120	349	631	696	694	708	790	749	586	545	595	781	773	650
23	30	20	16	22	0	195	722	234	114	583	571	264	132	461	652	637	605	605	621	661	682	605	555	554	778	887	843
24	27	25	20	15	40	588	526	25	369	620	301	159	468	664	611	633	667	697	709	711	688	653	605	639	808	906	939
30	20	26	29	0	353	744	199	67	582	388	149	364	604	659	751	820	853	893	912	909	893	850	828	893	919	911	915
29	26	25	2	156	690	476	25	276	549	168	280	512	548	634	657	668	709	814	909	916	921	948	955	954	960	946	936
24	25	13	33	505	646	211	18	432	295	204	522	624	661	683	677	624	596	643	781	911	937	942	942	959	980	983	968
28	24	0	275	720	362	195	61	399	149	509	766	767	763	748	722	710	636	595	654	793	940	943	942	959	975	982	996
21	11	65	624	619	267	201	110	288	185	682	762	751	745	694	724	740	715	681	636	817	950	932	944	961	961	982	984
25	0	281	774	362	308	161	130	159	314	774	771	766	746	766	930	826	827	849	874	976	971	939	935	942	955	960	941
18	24	525	655	249	359	159	161	130	493	778	775	802	861	900	941	879	901	923	984	1005	986	967	972	949	935	936	917
5	126	615	441	249	292	319	226	143	660	798	757	873	931	917	946	934	931	906	908	962	992	970	971	969	946	929	903
0	297	704	349	230	239	382	218	219	778	787	792	894	964	943	914	918	976	964	903	879	955	977	978	973	951	917	882
6	495	629	302	261	189	397	260	311	783	807	843	897	923	926	873	859	951	952	942	877	891	978	986	969	952	902	876
51	635	601	372	294	188	356	293	314	744	837	830	840	822	875	912	843	806	948	994	881	894	979	972	954	936	909	863
115	694	615	512	294	219	336	377	190	710	840	794	773	760	814	925	891	790	888	908	814	897	938	921	936	943	932	858
181	727	662	584	307	253	334	493	119	606	837	812	757	787	822	909	908	897	907	839	786	882	915	929	877	880	965	848
218	786	673	615	345	307	317	527	120	366	801	764	751	794	878	871	841	862	839	744	755	814	727	622	559	592	855	910
258	780	660	654	326	376	322	508	238	144	616	590	618	770	857	791	732	740	714	712	697	584	588	523	570	528	775	865
306	801	646	680	324	377	300	506	436	142	309	458	643	778	727	653	596	588	592	635	572	535	558	518	502	516	782	805
361	846	593	768	337	323	209	440	616	325	214	250	587	765	600	518	485	516	544	540	505	499	512	504	522	527	764	759
443	825	593	835	437	332	189	192	371	302	245	311	489	613	655	540	522	483	462	468	443	488	510	486	462	465	650	698
565	705	694	821	469	320	267	233	368	204	140	453	800	909	605	459	495	431	408	414	425	422	400	373	402	425	433	454
701	657	808	758	556	290	313	136	474	432	196	236	458	830	839	539	476	433	439	402	373	381	452	515	516	447	359	311
825	700	867	838	508	281	353	210	170	543	296	532	751	688	782	762	653	571	441	411	436	487	496	502	476	421	432	464
888	718	943	1091	569	257	306	327	117	243	310	453	711	831	906	758	702	742	685	556	475	436	468	474	446	507	530	453
882	737	846	617	687	273	289	302	287	72	317	566	670	779	957	719	594	638	798	724	570	571	395	315	476	564	508	465
22	26	25	26	26	23	0	97	662	463	65	242	521	497	151	152	452	687	776	948	982	975	970	904	821	786	734	564
22	21	26	24	22	12	6	590	666	50	158	574	462	120	201	516	780	906	929	963	980	967	912	827	720	675	661	562
22	26	33	24	22	0	338	764	142	66	569	454	91	243	601	818	947	974	970	956	960	957	904	805	709	664	654	588
23	23	26	30	2	163	757	308	0	356	510	87	264	664	849	928	945	931	934	939	945	944	947	878	819	828	801	759
27	24	23	11	61	653	548	29	146	511	141	230	613	732	755	775	803	847	886	916	929	928	940	929	919	918	891	898
23	23	14	12	463	686	157	126	317	307	140	551	631	647	655	635	674	710	793	860	891	926	935	943	958	956	910	929
24	23	0	272	746	326	123	228	345	142	442	654	695	706	735	729	756	663	607	698	830	910	934	935	950	972	973	957
23	3	82	694	524	177	194	306	224	344	743	732	811	727	760	717	721	725	614	565	642	838	923	948	943	980	980	972
26	0	409	766	225	278	198	223	132	552	817	964	973	864	750	677	671	725	665	585	550	745	899	909	923	947	974	961
10	79	730	506	166	228	325	229	176	707	772	938	910	833	782	739	800	889	808	803	875	978	947	926	933	940	925	937
0	309	763	257	213	198	433	194	320	737	760	874	874	815	880	953	905	814	840	943	1031	1032	1023	994	972	971	923	913
20	568	569	180	231	266	413	128	492	792	797	863	830	860	928	866	856	814	885	921	1055	1067	1021	990	988	967	916	872
136	708	361	215	262	319	418	83	605	843	883	816	730	707	845	887	840	905	985	957	913	985	1023	1013	993	974	932	875
285	746	271	268	221	383	448	109	692	842	831	779	693	716	824	880	894	864	906	895	942	918	1028	1014	983	981	931	886
460	661	226	236	227	386	420	136	750	796	771	771	756	774	796	758	812	885	823	774	901	938	990	997	991	974	947	880
616	575	213	222	244	369	385	135	821	761	753	756	735	729	782	807	790	820	903	863	846	907	1025	993	971	960	931	892
704	499	315	290	267	414	489	104	775	797	760	757	803	810	815	828	898	948	992	945	775	863	1010	967	957	937	955	918
737	482	349	305	340	368	542	120	623	790	824	836	936	903	840	925	874	959	1012	900	729	851	935	925	863	832	962	931
753	542	389	213	334	347	518	156	470	729	765	914	988	906	878	867	807	833	859	772	712	874	905	741	570	543	805	941
818	612	435	211	339	349	590	228	334	663	726	735	832	868	863	818	788	735	695	620	746	776	642	531	550	508	695	877
808	638	543	211	300	300	605	353	228	587	639	707	690	713	737	712	645	604	568	573	644	559	533	531	462	442	729	853
817	655	647	257	286	216	464	460	196	495	582	578	676	665	603	568	544	496	484	534	519	499	526	463	418	482	723	856
866	668	725	258	288	177	250	460	198	364	742	665	676	714	631	520	488	491	498	513	517	538	490	486	518	511	640	813
934	753	795	307	249	255	97	169	153	207	562	917	838	736	619	526	529	534	554	540	543	537	536	556	548	460	450	550
844	584	937	431	201	251	239	87	144	219	535	669	720	784	778	606	525	558	523	525	518	517	558	543	450	365	346	338
796	564	987	720	192	265	301	250	136	208	569	582	511	543	594	626	624	591	520	509	537	556	539	505	512	505	475	468
900	648	980	1042	367	228	249	394	90	344	738	567	499	478	493	532	580	665	720	667	594	547	541	544	536	512	532	534
900	640	819	854	700	187	251	253	176	463	786	734	573	492	528	523	516	586	620	785	724	585	549	545	544	553	507	480
14	23	26	21	22	17	13	531	589	78	146	393	329	97	251	674	708	673	738	687	645	661	855	1001	1007	985	747	558
19	27	24	23	25	2	362	731	154	111	470	342	76	292	620	647	624	685	711	738	776	791	916	1009	1012	1017	891	605
18	26	21	24	0	199	717	305	79	378	411	86	317	627	632	615	661	695	721	764	830	888	949	994	987	976	927	797
23	21	23	3	80	666	493	35	356	467	140	309	679	660	642	682	691	694	747	815	881	932	963	976	976	959	928	852
20	22	13	13	564	662	94	213	516	297	194	640	695	570	506	467	467	543	741	849	897	932	945	966	980	975	963	919
26	22	0	402	771	213	134	483	539	147	549	819	767	778	821	775	730	637	560	700	830	892	927	946	966	993	978	961
26	0	211	829	359	138	303	631	267	402	767	837	864	1047	992	972	953	917	704	562	658	834	902	927	946	979	991	983
13	40	668	628	137	208	449	531	126	707	788	781	888	1010	943	906	891	858	883	634	531	618	860	915	929	956	988	970
0	280	821	256	206	325	516	277	308	837	788	765	804	952	911	913	983	1036	962	783	611	658	927	951	954	939	934	957
13	621	611	197	246	365	496	147	498	798	813	738	729	832	845	928	1040	984	976	927	970	1044	1045	1005	996	969	934	936
162	813	360	194	263	423	411	137	772	840	826	840	794	715	756	793	872	849	891	1020	1051	1085	1088	1066	1051	1003	941	919
416	729	249	237	312	482	275	235	877	775	813	860	861	734	734	771	903	864	852	1002	1039	1077	1084	1062	1072	1058	996	911
664	578	249	190	320	558	169	325	837	796	801	842	814	731	713	809	790	798	858	982	1022	1041	1067	1077	1069	1043	1015	940
804	464	242	158	360	590	77	422	822	821	823	899	912	845	844	986	838	802	896	959	1058	1038	1101	1099	1038	1010	996	959
816	377	257	164	415	550	41	583	855	813	832	826	836	836	805	875	890	911	937	909	1023	1086	1073	1058	1067	1053	1016	940
774	377	330	197	408	573	57	681	952	746	655	697	744	814	893	865	926	954	946	957	1007	1098	1070	1084	1104	1071	1008	926
738	395	282	240	416	617	64	684	945	793	723	694	750	853	896	852	876	963	1019	1016	988	1063	1071	1092	1057	1019	1002	940
712	403	174	234	430	605	89	668	914	899	914	895	823	854	883	884	914	951	975	1045	995	1038	1037	977	901	927	997	955
649	490	168	195	416	602	138	581	907	900	919	955	893	834	829	866	966	877	902	992	998	977	932	795	606	575	843	961
642	544	211	167	357	621	203	418	888	861	941	899	870	910	868	832	926	918	817	913	928	855	773	583	581	584	758	918
633	558	254	180	158	580	254	274	734	684	840	971	939	963	892	879	942	821	686	745	787	729	673	561	502	511	765	935
640	656	292	221	64	379	293	240	574	387	533	831	971	962	903	909	835	690	645	665	703	660	587	546	457	563	864	903
626	840	418	266	118	140	289	270	602	467	810	801	807	907	890	833	768	770	737	689	650	569	515	456	441	698	899	866
666	880	728	276	212	63	82	250	649	706	839	855	746	707	709	756	776	717	657	599	542	490	464	458	479	644	764	816
650	838	973	344	244	152	66	137	603	603	527	561	681	751	808	837	788	619	562	542	527	503	493	455	382	400	532	645
572	834	1037	506	231	190	192	152	581	769	557	462	447	560	685	863	870	606	580	555	547	533	478	435	426	411	427	419
595	825	1029	709	183	140	193	293	564	811	692	581	431	395	508	530	712	731	622	616	595	560	533	482	484	536	506	525
613	797	1002	872	221	143	184	328	552	547	556	688	635	451	409	539	590	701	669	677	594	578	546	528	534	581	560	566
17	24	24	22	19	0	290	816	197	121	530	663	237	159	508	550	597	590	542	579	535	506	776	977	969	881	581	502
28	21	21	20	0	158	782	367	58	532	653	185	165	540	571	649	691	669	613	538	551	515	627	949	973	950	806	665
26	20	20	6	73	633	520	10	411	676	238	184	637	532	537	656	662	654	666	601	548	541	707	913	935	935	900	843
20	22	20	26	467	620	54	206	669	376	152	862	732	491	505	567	627	671	721	720	731	784	878	876	922	931	912	875
24	14	0	375	786	206	89	551	598	117	729	1063	651	554	500	444	465	531	658	787	856	890	916	922	936	945	944	916
23	0	215	835	361	96	345	635	263	371	1048	821	731	764	749	716	696	596	505	590	763	858	881	914	937	960	966	946
6	58	715	604	192	226	503	455	111	842	1012	847	824	888	924	823	863	855	671	540	547	707	849	887	919	964	962	956
0	385	850	267	198	364	552	146	334	931	852	776	779	871	913	838	867	934	904	649	522	522	797	892	905	936	934	935
75	776	542	211	221	470	358	23	573	836	784	789	743	818	877	877	932	893	848	812	598	638	939	939	931	922	897	919
314	826	298	250	300	464	172	125	755	811	788	802	746	688	793	911	869	819	769	860	987	848	984	990	968	948	917	894
606	614	253	183	371	470	52	354	824	770	825	835	869	794	745	834	848	799	850	1103	1168	874	988	1030	1021	999	937	900
794	431	223	167	458	440	35	624	866	787	803	853	905	850	777	797	929	1021	1108	1158	978	917	1027	1045	1059	1053	988	910
802	329	185	184	554	356	110	771	891	848	833	852	877	891	746	769	797	835	988	1061	973	991	1050	1061	1066	1033	1029	935
721	270	188	197	626	324	198	810	859	857	825	842	870	891	799	769	806	794	834	951	1010	1069	1079	1076	1082	1037	1011	937
618	289	237	238	640	230	298	816	818	820	814	782	791	774	741	799	919	1014	961	920	1075	1120	1076	1078	1082	1064	997	942
535	320	218	322	629	178	308	787	782	793	701	634	695	733	870	945	1008	1015	1047	1005	1095	1113	1082	1099	1082	1034	987	938
515	334	143	343	688	209	299	807	797	764	656	712	800	882	947	978	1019	1084	1035	989	1065	1101	1088	1077	1051	1028	988	958
498	329	91	270	676	139	372	962	915	931	841	908	1017	1015	886	973	1040	1105	1056	1020	1064	1070	1060	1026	966	955	1004	944
473	320	109	179	629	151	373	1098	891	828	821	839	861	840	826	953	1059	1143	1050	1045	1063	1042	977	929	712	611	922	951
488	343	150	106	520	195	277	970	831	848	766	861	1038	1005	907	1041	1075	1083	1035	1001	1048	997	927	799	556	571	840	946
618	442	172	70	464	221	265	801	776	944	698	838	1204	1261	1080	1037	1077	990	965	995	1038	955	939	631	513	660	876	944
673	639	216	51	256	201	359	681	1037	990	689	683	960	1129	1007	1013	1006	946	972	1049	1025	1000	765	527	541	742	907	819
681	763	281	124	32	115	506	840	741	873	842	603	695	917	1028	1031	913	962	1044	1016	923	720	540	512	534	837	859	731
687	855	288	221	15	107	512	689	541	552	695	739	605	622	688	667	826	903	767	642	557	536	520	420	602	830	840	732
592	968	339	231	133	179	488	641	549	466	484	607	715	735	702	475	745	674	572	556	536	479	396	413	444	649	842	785
574	995	479	184	198	258	620	826	776	593	443	404	473	546	576	795	960	659	559	566	521	425	391	420	432	455	550	577
656	972	607	153	125	427	766	701	649	661	634	496	377	404	545	547	738	773	598	592	564	536	510	412	403	555	526	514
704	954	670	222	123	409	550	533	506	519	596	641	553	381	496	628	684	592	342	435	402	379	358	414	257	355	373	360
23	24	20	21	0	73	720	589	25	340	640	499	79	376	644	608	805	687	529	555	587	509	727	955	953	928	813	664
22	21	20	7	14	552	734	57	248	618	443	55	320	607	654	784	847	853	753	564	519	521	613	911	936	930	859	834
28	19	18	0	384	802	189	92	557	475	65	322	597	596	620	674	808	853	853	814	665	610	740	879	928	950	900	889
22	26	2	252	763	354	23	375	573	119	322	626	542	561	568	568	658	801	845	861	874	884	911	927	939	951	933	935
22	2	125	708	521	113	216	567	265	222	990	822	688	679	612	522	541	625	734	820	865	884	892	929	949	973	970	935
11	19	598	732	201	170	474	391	45	765	1051	870	695	676	614	540	499	480	517	644	782	867	883	912	966	985	959	918
0	319	886	265	153	356	522	114	258	907	798	708	676	670	684	706	748	677	565	525	560	680	854	900	963	985	950	932
71	763	565	135	182	496	391	48	614	764	816	785	744	748	704	796	884	852	740	578	522	543	792	897	929	957	933	914
373	875	220	184	269	533	190	266	780	809	836	762	671	752	782	865	921	850	760	646	534	718	937	936	935	934	916	917
747	622	188	218	390	455	83	592	879	836	892	843	784	779	827	829	852	777	733	740	702	799	981	983	950	936	912	914
895	405	229	226	466	315	174	825	870	831	857	832	772	815	841	802	786	776	759	798	798	767	968	1016	997	985	922	905
790	355	209	218	481	147	339	847	884	854	886	837	800	844	831	786	779	781	779	830	840	774	985	1044	1043	1052	971	902
643	381	148	230	470	86	421	852	897	874	877	854	815	791	816	770	753	794	787	809	825	783	998	1080	1101	1064	983	920
539	375	123	350	486	50	466	861	897	878	868	840	762	776	849	816	719	790	766	760	768	815	1051	1111	1117	1051	986	930
417	308	112	477	427	46	477	879	907	864	854	842	720	630	715	828	739	766	785	786	811	930	1107	1131	1120	1061	970	926
349	203	151	584	413	38	518	860	920	867	821	794	684	652	711	855	834	766	868	1034	1049	972	1082	1122	1100	1047	1002	945
347	167	210	677	341	76	604	872	885	827	799	767	798	850	860	844	939	818	856	1051	1090	1030	1065	1122	1076	1025	984	969
421	130	201	712	292	128	738	865	848	682	700	805	805	948	903	852	942	1189	1156	1059	1087	1072	1055	1058	1035	1023	997	989
541	155	137	648	273	210	927	826	759	757	726	661	734	736	805	885	1236	1335	1322	1015	1044	1079	1000	926	749	843	992	990
646	205	56	527	276	199	830	962	1005	890	647	711	728	734	840	1218	1316	1297	1313	1069	1047	1020	942	736	545	714	922	1003
675	265	40	383	280	191	798	1085	872	687	680	833	963	1068	1207	1301	1291	1315	1305	975	993	947	802	560	607	798	960	922
652	314	92	210	148	499	946	863	972	622	817	1087	1182	1228	1251	1298	1329	1305	967	840	912	773	578	567	671	914	943	625
701	333	117	12	115	762	756	544	646	637	773	1180	1231	1285	1317	1265	1053	743	640	711	628	559	552	525	779	965	708	469
766	449	164	28	293	728	568	462	503	624	646	875	1074	1058	900	650	536	540	576	559	563	549	483	550	897	895	598	473
686	581	188	107	392	822	666	486	405	484	608	623	661	686	615	469	651	601	573	558	521	461	452	472	688	912	762	560
675	661	163	133	431	640	715	586	488	380	407	544	635	664	717	834	582	553	572	580	525	375	366	420	577	646	649	642
641	727	186	87	477	542	606	713	582	504	433	366	417	537	600	870	801	688	637	589	480	398	445	532	524	566	578	654
544	817	285	56	469	538	527	646	684	605	573	517	400	362	517	540	774	411	530	546	443	471	555	556	517	648	681	670
19	28	20	17	0	414	916	225	104	521	576	215	87	461	577	725	873	806	668	604	544	490	613	751	848	864	831	778
24	22	19	0	264	903	397	16	424	587	223	99	471	621	777	874	896	912	825	689	609	648	750	820	859	872	857	824
21	25	0	132	808	558	10	284	579	275	73	477	685	822	838	829	865	897	904	867	784	783	803	839	897	903	893	848
21	4	66	648	719	88	109	517	395	28	407	626	689	701	715	703	719	802	872	883	873	870	858	862	900	916	894	865
25	14	406	778	206	54	335	520	105	300	609	640	644	655	671	668	641	630	702	833	858	857	875	903	914	925	895	879
1	198	756	347	94	211	518	279	183	637	596	635	658	636	611	635	604	583	572	626	777	833	855	899	952	921	874	872
17	601	648	147	136	384	434	87	688	705	548	671	837	738	629	602	571	571	553	553	599	747	839	906	945	905	854	863
218	851	282	245	192	477	212	313	924	735	598	762	815	785	723	649	597	584	588	611	566	713	844	898	925	896	874	894
576	634	209	239	291	427	104	540	672	687	758	753	700	678	728	725	703	650	561	561	575	794	896	898	912	893	849	911
770	378	305	141	416	247	194	585	623	722	902	997	877	689	776	761	708	607	605	588	585	834	907	913	937	891	856	902
734	354	248	207	464	82	379	559	632	809	988	1001	870	709	723	719	657	669	701	594	637	838	942	949	958	921	865	862
561	351	166	328	365	79	505	534	703	831	976	978	821	751	740	742	690	709	654	656	695	830	970	997	983	929	888	866
410	270	111	427	260	169	547	539	716	853	881	938	800	715	781	802	723	679	692	689	681	778	997	1048	1033	966	888	863
318	200	156	525	145	263	563	600	767	918	892	874	780	687	754	728	665	700	722	751	783	797	947	1080	1052	956	880	867
272	154	253	534	77	327	610	796	927	939	920	889	727	690	792	704	697	716	703	723	904	1159	954	1052	1040	941	891	892
356	107	347	500	64	427	566	822	947	941	874	714	625	754	704	746	799	709	724	825	1168	1293	1056	999	1024	931	900	907
413	77	447	518	56	583	553	774	943	877	638	566	661	751	733	817	1090	791	732	1139	1307	1303	1046	968	1021	942	915	912
393	71	498	526	62	715	604	795	942	653	528	595	638	718	799	856	897	936	1032	1294	1309	1280	907	970	1013	973	925	961
350	65	439	455	79	758	617	814	757	545	556	612	763	830	906	1055	1211	1262	1221	1127	1257	997	868	785	828	938	959	993
326	49	353	386	84	624	639	723	737	564	565	940	1142	1121	1194	1282	1292	1286	1253	954	938	893	734	576	658	912	982	908
401	60	226	337	198	695	684	631	815	575	675	1249	1285	1278	1285	1274	1276	1299	1164	844	852	692	582	612	763	905	917	578
529	103	91	154	382	759	582	548	671	554	731	1257	1295	1284	1274	1278	1304	1218	797	605	569	574	564	600	821	928	616	445
582	158	14	31	645	594	425	478	546	513	580	1074	1272	1272	1274	1286	1120	726	542	540	582	551	520	673	952	715	452	484
567	173	46	192	783	648	478	376	435	527	506	588	892	1077	1075	896	659	571	549	600	565	490	461	729	949	555	450	484
568	204	82	332	554	541	604	519	375	403	501	512	543	649	662	663	579	534	535	529	474	420	448	747	954	637	494	440
521	318	62	384	539	445	534	599	537	432	374	440	526	636	668	752	566	568	578	568	441	394	454	706	789	585	471	431
384	414	55	353	615	471	379	523	599	593	479	370	379	451	580	655	669	612	594	551	419	403	444	475	432	483	509	549
441	422	81	233	620	539	420	440	520	548	530	503	424	363	417	555	583	477	623	493	437	437	450	459	492	548	574	593
37	35	25	2	129	793	665	26	228	561	476	91	299	619	598	586	735	901	926	857	585	516	510	464	588	650	704	727
30	23	9	46	640	743	92	131	529	513	95	337	686	626	601	631	718	866	928	921	821	568	526	539	648	726	809	832
28	14	0	440	856	197	30	451	534	144	288	730	642	585	615	655	694	805	890	920	905	770	635	688	760	798	868	850
22	1	273	840	384	13	275	578	281	220	725	659	643	666	688	680	716	762	840	905	898	872	847	836	851	864	914	853
12	134	615	495	121	94	494	418	128	708	756	665	713	714	719	739	754	771	815	881	911	906	895	898	912	931	913	861
21	450	820	223	79	307	487	122	504	764	625	692	749	732	766	785	797	817	853	867	872	893	912	937	968	953	897	888
138	798	470	183	128	458	244	201	683	574	542	657	769	785	802	816	827	845	872	879	887	888	904	959	972	937	895	892
446	789	279	226	223	369	98	495	557	548	559	566	699	800	842	841	860	878	863	848	875	881	906	964	969	915	868	909
777	573	268	129	319	145	284	581	521	532	619	571	576	671	807	835	880	885	843	825	860	871	899	956	958	903	863	924
918	359	188	122	312	84	508	523	510	524	580	630	599	603	759	850	885	835	777	794	860	890	915	955	940	903	861	913
765	171	128	202	205	175	561	561	562	551	595	670	641	698	772	838	787	697	713	776	867	902	940	957	921	892	871	897
506	199	115	292	105	319	610	698	613	585	685	824	823	776	768	739	654	668	704	775	896	939	941	950	923	893	865	856
288	216	121	358	69	450	617	675	709	775	902	911	914	847	718	649	639	593	623	716	776	892	974	969	925	893	864	843
246	171	223	331	101	517	548	594	834	958	992	981	927	744	619	636	593	693	996	1135	1041	826	928	999	924	886	857	861
291	106	371	265	172	530	515	566	777	969	999	970	754	579	609	617	721	964	1146	1250	1277	1097	843	963	940	895	889	883
250	70	475	224	238	541	530	575	723	900	942	773	587	595	609	661	845	990	1167	1283	1307	1221	868	935	909	915	934	884
186	85	548	210	263	599	564	575	762	897	834	648	597	605	667	740	919	1065	1258	1301	1302	1166	846	969	978	945	952	922
157	132	596	158	330	663	550	552	781	849	727	630	601	652	768	842	913	1189	1330	1282	1221	955	839	1007	998	963	973	933
139	152	561	107	472	812	637	562	769	804	677	597	731	1023	1155	1185	1106	1075	1164	1151	966	783	706	754	952	991	990	794
157	116	495	84	424	894	771	583	710	761	642	706	1046	1204	1223	1216	1179	1064	934	912	897	760	583	625	904	994	866	537
202	69	421	93	591	619	540	555	588	628	606	745	1040	1124	1150	1119	1090	965	866	871	789	608	573	696	923	896	558	447
203	39	223	175	768	589	411	472	560	541	531	588	753	890	942	971	905	783	730	617	594	588	559	786	926	613	434	453
244	42	6	337	852	645	410	359	433	520	519	521	580	654	705	751	741	674	562	538	628	508	560	886	733	447	453	432
370	70	17	490	782	680	574	486	372	367	436	506	528	572	561	726	650	614	548	539	486	485	624	887	532	430	446	398
417	132	120	502	568	549	602	609	569	445	364	393	481	572	635	766	546	567	575	539	498	485	693	861	521	465	439	404
365	161	154	527	494	446	470	536	603	600	495	389	355	438	593	666	565	583	549	547	488	408	630	805	559	471	442	488
307	202	92	522	497	405	345	368	472	575	578	571	454	359	401	561	681	521	603	552	395	366	414	449	423	483	566	589
333	270	36	431	553	524	509	376	343	413	480	555	587	503	342	435	575	496	533	429	366	364	416	504	573	632	640	716
18	25	21	0	414	890	256	32	372	598	365	110	485	547	496	584	573	593	714	651	529	531	490	466	487	483	454	469
20	24	0	202	871	514	7	272	571	386	98	498	565	502	490	527	546	533	672	800	612	484	512	498	468	412	539	650
17	7	78	723	774	58	131	531	430	74	431	561	508	522	507	486	521	539	542	791	774	505	502	512	470	591	757	772
18	9	475	962	231	29	443	531	92	416	586	516	530	543	510	493	477	512	503	725	830	724	591	593	704	794	863	797
0	232	890	520	7	222	544	158	295	669	599	579	569	530	507	504	485	477	524	772	842	842	861	861	843	879	848	787
56	638	746	157	56	467	321	161	573	552	578	593	592	525	507	509	518	522	689	854	867	856	844	880	937	934	818	806
296	927	421	137	255	413	104	448	541	552	555	538	520	522	536	538	539	660	885	895	867	865	906	941	941	905	835	836
655	878	210	120	376	169	289	536	608	620	589	574	547	536	553	556	650	854	890	883	861	858	929	948	915	892	836	866
949	613	144	146	265	135	511	550	737	716	619	576	586	556	542	658	864	903	904	893	867	873	941	924	898	856	855	862
997	303	165	155	111	446	581	540	770	757	675	630	616	596	687	884	916	926	908	889	868	900	945	929	897	839	836	849
800	237	159	173	114	750	599	542	758	761	700	690	713	809	926	949	932	924	902	880	880	925	955	932	884	826	802	860
404	276	148	189	206	726	602	621	773	773	768	805	887	922	932	937	927	918	907	898	887	919	931	909	862	806	795	861
195	249	180	162	287	604	598	676	797	819	866	894	933	938	922	931	923	910	870	868	885	916	925	904	851	807	785	802
218	160	287	161	326	563	538	708	851	876	907	932	951	899	886	886	898	848	811	798	843	882	892	904	876	837	824	759
244	140	417	139	380	548	579	732	817	901	936	926	925	874	879	881	837	824	811	804	823	857	882	894	880	859	800	762
213	166	469	84	430	681	773	710	656	837	934	909	891	880	912	876	818	864	878	849	836	855	895	882	891	901	790	775
192	220	483	61	503	860	856	689	627	706	910	911	890	877	907	854	826	852	858	813	747	818	949	926	898	950	847	825
161	281	431	85	583	894	825	655	588	621	854	925	877	872	881	876	829	806	750	659	590	642	831	952	915	919	904	669
90	307	343	157	638	585	602	557	581	588	774	902	867	849	857	848	740	665	648	642	618	603	656	858	945	944	739	458
85	297	288	201	593	600	587	595	577	577	754	908	856	828	826	678	598	627	676	621	584	607	701	822	933	818	499	447
109	274	231	336	574	484	477	579	606	562	688	835	815	822	715	557	602	604	562	510	569	632	751	894	856	528	407	466
106	193	155	474	525	445	381	394	470	515	530	572	636	669	566	555	599	563	573	542	548	716	774	884	598	395	434	419
155	63	128	778	588	497	443	353	324	378	446	502	521	531	539	569	598	574	556	539	581	663	793	703	412	428	419	358
222	12	200	622	575	542	536	472	427	355	301	328	410	480	564	623	538	541	542	522	493	605	802	494	403	429	352	353
223	32	218	540	507	552	590	543	541	533	458	357	383	503	684	637	545	533	511	495	483	691	773	438	428	400	344	369
301	60	176	541	429	520	549	549	547	550	578	535	426	330	402	561	563	535	590	513	413	487	631	511	423	379	442	411
255	131	132	513	470	344	442	432	439	475	521	551	565	485	367	429	525	517	528	391	341	360	420	440	472	525	541	470
182	163	99	455	540	368	315	317	300	310	344	405	497	518	376	353	397	415	368	336	360	374	431	622	823	853	807	744
23	20	6	59	685	741	53	180	528	599	142	311	562	477	421	495	518	485	478	477	480	447	396	407	436	481	439	394
21	14	2	440	895	169	85	515	656	195	363	575	485	510	636	635	558	540	494	496	515	513	449	411	386	377	415	419
20	0	228	894	486	1	418	681	244	378	658	526	565	682	784	722	597	550	524	508	502	512	533	514	496	512	587	487
10	64	683	789	44	185	645	328	256	660	533	610	667	720	763	797	707	609	565	580	651	666	705	721	736	774	767	552
0	343	962	321	0	461	471	150	601	525	584	684	707	749	775	797	796	734	738	790	831	866	837	804	828	879	768	597
88	765	741	52	172	532	149	480	560	530	647	702	725	741	754	771	776	799	839	862	869	854	825	870	897	853	767	679
367	925	308	53	412	275	282	597	499	596	702	739	759	737	741	740	784	858	901	867	859	848	898	932	898	833	794	767
714	800	148	129	440	129	536	521	521	610	727	789	791	757	755	765	861	935	925	892	834	862	938	939	869	831	816	821
981	568	195	236	253	302	543	518	537	620	712	815	849	842	856	891	966	961	916	898	850	884	929	913	862	801	826	802
992	360	190	275	113	485	513	555	570	632	723	857	897	894	921	960	982	962	912	886	881	912	934	915	854	801	823	784
818	251	136	223	181	537	492	568	616	689	823	912	909	943	954	987	986	956	933	908	922	959	941	913	840	805	831	825
466	162	134	174	277	521	574	555	705	844	916	921	941	944	950	974	970	939	927	929	949	965	941	894	855	832	824	866
226	131	197	161	355	517	555	651	890	932	941	933	955	973	975	981	979	952	949	946	964	984	952	904	873	822	801	773
194	99	306	142	415	564	682	904	955	953	946	963	980	976	987	998	987	967	980	966	973	972	934	882	842	832	763	689
192	100	349	124	476	679	937	974	951	939	930	952	974	969	977	974	977	968	978	947	944	925	900	892	885	838	695	725
200	155	359	132	540	809	1002	975	936	929	902	894	912	926	932	927	947	949	959	971	962	944	908	928	958	830	691	731
183	275	323	157	636	964	967	856	778	758	754	766	791	832	883	882	889	913	915	887	876	937	931	929	970	839	774	671
135	360	199	308	688	821	643	599	597	633	679	701	706	754	818	848	855	876	792	655	583	699	912	922	977	845	761	549
69	405	132	344	671	565	635	593	579	655	699	696	658	684	761	819	814	753	621	579	548	580	862	931	962	832	572	498
47	396	120	483	556	598	685	632	583	610	687	683	676	733	820	823	714	618	565	535	557	613	861	956	907	580	454	458
59	342	119	500	440	392	420	481	533	577	626	659	613	696	824	697	573	561	550	542	547	642	882	935	620	423	438	411
60	219	188	652	489	423	364	344	394	498	497	506	496	521	588	486	594	535	501	512	499	632	904	682	400	428	421	406
82	60	288	756	560	545	495	435	350	328	359	381	406	408	436	482	570	519	485	488	452	676	814	438	409	432	381	398
71	15	311	585	529	541	542	519	445	366	327	340	336	356	469	593	613	556	535	520	463	729	597	416	427	362	354	406
88	0	304	559	477	490	557	572	527	455	423	413	363	354	444	584	525	579	553	519	465	592	505	436	379	356	385	427
186	0	270	560	416	409	513	573	555	531	512	507	488	390	346	440	488	560	522	415	380	418	407	372	368	359	352	369
210	23	218	571	430	335	392	499	542	571	576	561	564	584	463	337	390	396	344	329	337	366	383	448	538	497	374	335
160	73	173	547	519	495	368	285	308	332	371	405	434	418	360	348	335	338	336	401	478	522	536	690	780	738	614	418
23	29	0	154	829	411	9	430	715	443	158	681	643	499	478	475	474	466	452	448	455	420	405	404	411	383	379	400
24	6	46	658	728	6	307	733	443	174	682	713	595	477	495	593	544	471	423	408	407	415	423	413	405	388	395	388
17	0	384	896	175	115	672	488	141	637	682	532	622	551	484	660	739	648	584	556	555	557	567	482	434	421	419	383
2	109	787	589	0	434	536	99	451	608	560	562	539	630	541	560	772	813	842	838	795	762	698	582	509	488	430	372
1	390	925	183	111	527	151	312	641	689	679	627	528	496	534	542	650	790	884	883	829	785	698	642	656	578	440	389
99	777	707	0	325	299	187	634	686	632	584	532	521	498	518	552	597	677	807	852	818	755	708	740	727	595	474	416
399	952	297	54	397	140	490	786	682	606	544	513	534	538	569	575	595	712	839	849	770	733	796	813	725	605	503	448
769	711	93	182	302	253	646	793	660	591	535	531	555	578	639	712	798	881	874	826	808	804	836	804	724	647	576	511
996	493	91	297	199	420	724	793	710	649	576	529	577	747	875	917	935	926	852	826	825	831	846	819	738	658	627	543
1005	307	128	327	156	553	776	787	731	670	628	678	867	957	954	949	943	915	872	877	891	869	845	811	750	698	680	577
771	194	155	271	203	629	798	787	752	743	824	961	978	972	957	962	953	908	906	895	911	925	876	831	784	744	751	659
451	185	196	199	283	694	862	853	867	940	996	981	978	973	963	958	935	920	932	946	961	950	897	824	750	745	734	735
258	137	268	150	378	774	947	990	1010	1002	981	981	981	971	980	958	944	949	963	972	970	960	904	812	746	738	734	695
172	91	345	136	480	851	1010	1022	1003	989	963	962	970	963	956	950	939	936	946	954	964	960	914	857	776	726	638	620
158	119	348	137	566	886	1010	1018	1007	981	952	930	941	929	934	927	929	933	929	928	954	923	910	901	828	721	557	578
157	193	304	172	614	909	1009	1012	993	946	897	873	869	861	845	829	811	790	778	781	834	898	893	933	901	722	586	470
175	279	219	301	629	932	986	940	882	804	726	669	630	606	586	584	587	612	612	615	549	752	922	964	919	763	608	439
146	340	108	499	692	661	750	767	682	639	584	534	493	509	507	537	544	553	537	541	513	549	847	948	897	788	591	413
120	337	94	427	622	566	544	525	527	510	512	505	486	479	478	493	512	540	554	508	482	506	723	930	883	749	532	410
103	262	163	597	467	478	563	591	558	534	505	474	472	476	496	518	530	559	555	508	486	470	700	921	761	545	467	420
108	176	268	560	398	333	349	446	522	547	529	548	540	526	551	532	562	516	502	459	438	452	808	826	495	453	416	410
68	74	536	702	512	494	426	346	317	348	388	428	444	445	469	469	560	492	434	509	482	529	874	588	428	411	386	386
40	38	652	739	541	556	581	555	454	345	324	340	343	354	347	368	423	550	583	547	504	580	683	443	402	350	344	384
38	58	582	541	484	475	525	563	560	545	466	413	367	328	352	432	580	710	563	521	440	499	492	395	375	346	331	362
38	51	576	561	485	418	413	478	516	542	549	513	493	439	362	390	459	458	488	420	382	445	389	369	342	335	347	352
58	28	572	619	556	500	354	399	463	462	489	532	547	552	449	346	394	411	362	324	345	329	323	315	336	371	372	355
98	0	494	567	488	477	397	358	413	444	477	493	524	552	470	375	362	324	307	370	485	496	430	342	341	396	432	468
143	0	340	546	420	406	388	329	322	313	333	375	413	389	346	350	330	330	454	523	553	553	499	403	463	617	549	712
19	20	0	326	867	230	53	570	783	341	264	530	408	422	471	575	629	452	408	411	407	432	406	404	411	378	383	386
18	0	146	803	502	0	445	777	324	257	505	399	454	534	569	518	511	471	430	413	421	440	426	404	397	394	398	387
21	31	504	785	45	229	718	324	409	721	430	557	710	578	481	425	409	407	400	428	467	456	450	409	401	400	385	375
6	178	777	382	17	560	442	255	748	663	542	604	840	623	516	439	420	420	490	559	525	492	459	420	420	405	381	390
17	468	883	94	230	490	206	632	787	880	795	812	962	740	554	507	452	444	500	600	655	544	457	441	433	401	382	392
149	813	681	2	355	214	573	679	917	1056	1036	969	946	880	737	590	525	525	508	622	788	578	475	489	455	415	413	408
435	1001	330	78	256	354	687	715	911	1012	1012	926	880	817	783	734	650	590	641	855	798	605	564	523	469	450	425	418
754	879	97	184	155	627	615	762	886	968	995	942	837	805	803	838	891	940	982	911	786	770	742	648	500	430	438	442
966	571	20	239	214	688	620	752	870	946	982	961	929	943	980	983	980	949	878	823	836	881	855	797	638	473	458	459
998	293	51	236	317	684	652	762	846	904	950	995	1014	1021	1001	975	959	917	888	876	881	894	895	861	738	587	497	494
829	223	139	240	409	684	697	761	792	845	903	955	981	1012	988	955	924	914	957	977	976	943	913	883	766	660	550	497
513	211	216	202	490	696	736	732	761	796	819	833	923	987	972	948	916	898	946	1004	995	967	941	864	757	690	592	543
290	136	291	152	564	738	715	705	724	723	722	768	919	982	963	929	926	931	946	995	1020	996	932	868	753	690	609	508
182	113	315	128	657	788	715	647	645	700	773	856	946	961	957	945	925	925	955	970	995	987	933	863	778	683	569	475
144	133	243	200	760	782	674	722	830	874	895	918	933	920	908	917	922	949	956	954	951	926	881	881	842	679	506	439
174	140	158	390	779	825	866	963	967	930	898	885	865	859	867	863	841	812	771	699	690	807	891	928	910	705	546	445
319	152	130	583	758	779	881	882	755	670	640	632	634	620	609	582	552	556	545	518	523	547	801	979	937	772	564	424
142	214	104	657	817	627	632	631	625	577	512	521	499	501	503	488	478	470	505	525	535	513	622	956	900	813	500	404
126	238	117	525	756	616	546	550	576	667	622	560	542	553	581	535	501	496	498	506	584	493	553	872	891	711	413	412
129	224	157	532	548	501	482	482	507	507	562	657	580	537	516	509	511	505	622	550	538	444	564	808	739	479	410	415
147	153	265	491	450	329	375	354	384	444	486	541	497	438	415	395	414	436	590	524	497	448	576	651	472	386	405	408
96	75	475	598	506	374	377	359	326	311	339	349	345	355	407	396	392	409	524	679	543	463	532	468	366	356	394	395
44	64	633	665	657	600	590	535	490	463	429	389	359	337	344	345	371	439	573	545	433	396	453	353	346	369	377	398
42	83	547	476	547	614	620	623	594	570	528	529	531	477	441	380	393	461	467	416	375	385	343	345	359	366	379	395
30	101	557	442	367	412	487	519	536	541	541	511	546	549	526	448	387	412	392	377	370	339	357	334	322	353	367	386
31	100	561	514	481	376	306	368	414	449	475	479	508	556	515	411	387	374	350	352	412	497	410	319	319	344	387	407
93	64	563	514	552	567	461	327	312	304	310	334	381	405	386	367	369	325	355	505	562	629	476	371	373	427	517	490
140	25	534	556	529	555	557	432	327	310	301	317	329	316	342	342	321	424	681	556	550	565	525	453	458	464	592	945
17	25	0	190	708	197	58	560	735	339	247	516	421	369	416	415	407	495	447	533	527	402	365	394	394	386	384	407
20	9	64	645	429	0	430	774	350	281	511	407	428	516	493	442	441	474	451	481	552	430	374	389	385	396	402	410
20	14	387	735	43	232	692	377	451	769	462	471	671	779	755	662	543	478	449	457	536	531	414	382	393	402	389	398
3	136	781	399	19	566	454	276	822	896	654	517	680	819	812	753	630	503	465	456	458	609	471	382	402	387	397	400
10	437	831	92	244	532	188	574	546	577	610	561	692	864	884	842	727	591	514	495	510	489	441	404	404	401	403	398
116	730	639	4	390	209	442	558	523	583	657	693	765	848	912	945	854	710	592	519	506	442	398	406	413	402	400	378
325	955	418	48	309	246	562	471	508	565	625	677	722	790	876	956	962	927	837	828	745	445	391	413	421	409	387	391
555	984	179	139	219	458	512	432	477	578	584	654	699	759	851	922	947	942	951	902	757	629	546	507	447	429	408	380
811	831	33	222	216	595	521	477	476	563	619	649	690	746	827	927	928	904	854	795	819	820	745	661	502	435	446	419
1023	583	7	213	309	617	517	502	493	520	584	634	653	707	837	886	867	839	820	834	863	872	813	743	603	500	455	453
1072	314	56	211	433	596	511	490	474	498	518	565	592	692	864	867	831	807	837	894	917	880	819	770	663	579	488	472
902	151	143	200	582	603	517	473	453	460	487	519	521	754	862	850	829	824	857	934	974	919	837	800	687	533	465	512
666	127	200	170	734	621	511	466	471	468	475	449	565	824	834	830	811	829	877	921	949	919	851	822	694	523	437	507
407	117	168	198	924	674	516	518	510	518	532	472	620	780	812	832	827	831	861	895	933	921	835	821	696	550	455	498
240	98	133	351	849	692	530	533	535	521	544	535	646	738	766	811	846	847	835	851	878	889	824	817	713	567	430	622
295	145	113	462	683	670	545	539	530	529	517	545	652	693	709	731	723	748	771	722	692	741	796	816	776	602	450	584
286	135	123	558	701	589	563	563	526	502	494	504	549	543	505	469	474	485	510	486	440	466	639	784	774	547	440	488
117	132	129	656	573	521	598	660	604	515	484	452	440	445	463	481	559	575	485	448	489	495	447	643	667	487	384	485
103	182	149	537	521	477	496	631	638	560	512	508	504	517	509	537	594	574	500	491	512	482	425	498	516	388	411	544
130	186	171	550	463	430	477	496	464	449	464	491	503	512	514	496	445	430	441	494	486	456	400	404	386	386	459	467
122	162	258	624	457	389	393	369	350	349	369	383	396	398	422	435	398	373	397	426	460	422	370	369	371	437	408	383
87	140	170	462	595	441	384	354	359	359	337	333	339	328	342	343	360	381	398	389	404	356	346	334	424	391	395	446
69	89	390	585	584	602	511	444	437	431	405	407	411	370	341	329	375	379	376	349	340	333	327	415	431	389	426	446
69	80	379	517	476	549	589	549	527	524	531	494	525	507	509	469	369	383	346	371	350	337	458	487	411	405	418	445
66	52	387	510	353	397	487	536	540	541	550	538	537	535	527	476	386	375	355	340	401	515	593	489	447	427	436	442
75	36	362	533	374	320	318	371	415	442	461	444	438	411	380	365	388	374	336	433	537	596	569	500	467	429	431	466
84	17	347	561	493	425	332	295	300	310	294	302	314	316	326	341	329	338	499	634	559	581	552	472	431	422	450	641
106	0	355	548	477	477	424	372	347	316	313	313	319	317	318	312	340	433	693	551	512	513	447	370	356	411	489	536
22	17	18	342	904	423	0	374	784	492	168	468	506	455	583	739	476	400	416	456	504	448	466	580	477	394	398	418
22	8	183	827	639	0	241	715	494	261	693	557	423	399	436	549	570	424	411	405	481	476	439	555	505	398	398	406
15	44	553	856	101	61	578	500	216	743	802	715	591	473	489	551	570	527	434	405	464	505	445	486	467	404	407	407
6	212	844	475	0	409	562	186	527	579	667	813	697	561	507	685	716	643	548	437	427	475	442	427	408	390	397	403
32	455	924	229	114	590	218	462	555	488	530	646	638	627	562	612	865	821	711	564	421	417	415	415	405	387	403	391
116	709	839	62	340	408	325	652	476	467	518	538	542	556	590	574	788	920	856	725	548	440	418	414	398	391	392	387
288	890	588	6	415	250	604	568	461	415	464	504	515	510	537	556	684	858	877	812	646	439	407	420	404	394	379	414
476	1034	370	39	316	348	633	483	445	392	414	436	456	476	505	517	698	798	815	728	613	463	428	423	425	401	389	440
654	951	206	111	249	495	561	496	406	376	412	418	432	469	465	579	758	754	730	680	639	546	480	430	428	405	390	447
908	857	67	190	241	568	517	483	471	423	403	428	465	447	513	691	727	695	712	741	734	684	561	465	454	439	415	439
1016	612	15	214	264	595	491	481	523	502	428	411	423	451	616	699	689	683	721	794	815	798	617	508	471	461	463	443
991	402	29	191	352	579	466	515	525	486	431	419	389	484	587	625	639	707	796	855	889	852	681	550	469	450	491	434
973	239	60	154	496	572	526	591	574	508	470	452	467	490	519	567	630	723	829	882	921	861	700	571	460	458	441	403
878	146	62	150	706	657	628	598	551	511	481	475	473	508	495	513	565	678	793	867	913	856	706	583	452	438	413	406
723	113	56	178	611	580	554	521	502	478	454	463	471	541	528	507	508	541	648	767	841	852	652	536	430	414	770	641
490	91	93	204	580	490	483	493	488	469	463	462	490	489	529	526	522	484	453	464	526	628	571	491	411	565	984	862
436	94	143	247	589	508	415	428	487	484	475	473	494	468	469	490	480	459	489	512	457	421	444	440	414	664	1007	949
490	73	129	375	604	535	457	406	440	463	474	454	482	473	443	469	499	487	524	528	505	477	408	389	463	690	919	849
447	59	137	353	559	492	483	392	368	372	382	405	424	430	451	468	468	517	519	438	428	432	381	382	492	731	908	666
257	94	134	436	553	442	412	399	401	388	361	353	357	363	373	396	430	451	395	377	376	371	366	424	616	828	810	527
136	103	126	364	591	600	585	561	526	507	478	476	464	424	406	379	358	364	372	367	363	348	375	577	758	736	611	393
80	93	118	369	663	608	593	578	526	510	506	505	502	465	461	442	381	361	373	360	366	335	471	664	651	494	454	411
84	73	151	631	584	581	619	554	502	490	490	487	477	467	461	453	380	369	367	353	359	440	635	568	513	516	481	434
162	61	134	487	493	481	530	521	495	493	503	490	489	489	490	447	378	387	362	323	409	696	596	542	523	493	447	447
292	28	128	483	440	362	388	378	396	413	452	439	474	484	471	425	407	374	338	336	678	662	574	544	469	429	419	440
377	16	99	473	470	364	375	352	348	333	338	331	362	358	341	361	364	322	314	536	678	571	522	442	385	369	406	529
473	14	91	462	523	475	471	436	423	397	355	313	306	310	330	328	328	367	454	503	467	452	401	371	386	429	498	535
579	14	55	669	714	555	555	516	532	476	377	325	325	313	334	307	370	402	482	498	464	448	407	341	393	498	468	495
23	16	37	286	741	714	256	68	554	870	548	250	600	624	656	858	575	549	546	446	454	399	362	425	478	444	463	439
23	11	189	613	693	218	61	383	768	442	234	669	704	503	479	549	502	487	532	481	443	389	377	429	477	412	399	396
10	76	454	861	391	85	233	649	449	236	505	566	548	512	442	441	470	463	508	514	444	390	382	416	418	408	400	390
10	214	781	691	172	86	544	481	273	505	495	480	551	522	479	423	410	408	470	536	489	388	407	413	410	409	385	370
50	437	900	419	21	313	542	281	541	538	417	453	529	511	494	463	440	382	428	505	503	384	415	396	382	392	377	371
152	712	843	254	41	527	328	418	569	476	402	429	482	501	495	472	422	426	415	388	398	405	408	391	384	396	379	400
324	882	730	190	191	493	269	560	526	452	418	418	454	482	468	401	385	437	437	413	406	421	396	400	390	381	372	418
458	917	579	72	287	289	442	577	506	440	427	412	399	411	401	375	404	425	432	407	399	404	404	394	382	372	385	448
557	965	596	31	267	253	538	513	481	464	448	427	403	378	391	392	401	408	426	407	393	415	418	399	386	380	421	555
659	992	557	28	288	369	569	452	421	448	436	423	406	397	408	403	418	419	409	423	423	412	417	413	399	397	411	538
767	966	430	42	182	579	627	492	394	423	408	380	364	370	373	395	403	400	420	456	463	451	425	417	413	413	419	387
838	873	299	37	175	530	520	420	417	461	438	426	399	366	370	381	393	432	473	529	531	511	435	419	425	413	432	391
890	723	177	45	237	524	455	438	487	565	495	456	453	399	368	391	392	475	558	599	628	565	463	440	412	422	419	413
816	652	128	48	316	554	494	515	559	529	439	420	418	391	377	383	380	454	579	661	656	554	466	431	438	436	414	398
932	510	65	44	424	633	574	577	545	438	388	400	403	398	405	383	369	393	477	555	597	512	443	420	436	503	470	394
856	350	33	62	444	593	591	536	445	393	395	396	400	403	406	398	393	391	394	409	447	446	409	397	458	689	510	354
959	380	33	93	429	523	435	375	396	446	426	429	417	389	397	403	401	403	409	394	395	409	404	371	721	888	584	371
985	341	42	125	395	504	472	476	497	469	451	432	405	397	390	387	388	393	400	409	417	422	366	563	1012	778	464	364
943	258	54	120	548	506	523	518	475	425	412	392	395	376	371	368	370	377	392	382	390	361	388	904	933	633	444	369
878	216	42	115	741	694	526	470	466	454	454	436	430	403	403	393	379	364	389	380	363	326	608	873	727	607	417	371
625	164	37	128	680	591	561	562	554	540	516	497	490	488	507	503	424	368	392	375	344	393	815	830	942	711	410	380
558	79	78	96	416	506	516	529	539	558	557	547	549	539	522	515	425	364	393	374	335	565	1044	1045	894	590	384	361
544	43	70	174	405	487	374	421	462	477	478	485	457	440	399	381	373	391	401	371	455	733	893	860	674	514	377	384
658	37	54	230	404	475	336	312	330	352	342	342	336	334	339	361	384	388	359	353	756	967	736	538	452	430	414	418
841	80	47	243	446	463	464	403	340	320	316	332	329	330	341	364	388	365	292	517	1002	908	581	438	445	431	417	500
932	173	9	234	583	527	574	560	495	420	389	380	378	371	351	362	370	328	317	737	741	503	376	471	525	476	489	522
874	287	0	236	622	523	528	524	554	560	543	501	425	385	366	366	331	342	397	440	425	414	391	464	537	557	536	459
801	382	0	231	588	503	476	442	429	467	475	399	339	341	366	333	342	384	472	553	497	510	474	366	393	412	390	467
22	20	14	95	350	703	813	402	71	449	734	545	346	545	668	531	548	723	560	411	370	424	479	486	482	463	456	386
22	17	63	285	671	889	545	26	351	730	511	246	458	946	765	500	434	496	636	568	438	376	407	427	460	466	442	373
22	30	204	566	894	688	70	205	650	541	241	427	519	594	745	568	455	400	501	610	549	401	384	374	404	398	398	352
19	119	449	835	813	166	102	532	573	250	428	523	444	436	535	575	499	393	397	502	520	390	387	396	400	385	363	353
31	275	739	858	382	0	330	622	309	414	592	508	471	420	391	429	458	403	355	377	432	414	414	409	383	389	360	387
83	441	843	732	116	83	501	422	360	601	567	574	599	529	442	398	374	385	381	381	421	448	443	425	392	383	366	446
149	595	886	360	0	248	467	313	597	678	629	557	559	546	516	466	398	373	422	477	474	475	471	433	381	384	376	476
188	703	923	328	2	380	340	425	567	597	576	537	507	522	524	558	530	451	451	509	531	518	484	421	371	380	393	492
226	749	1030	381	45	366	336	486	532	526	528	498	499	500	513	532	606	585	568	547	521	478	417	380	392	381	404	506
273	818	959	241	85	282	407	518	470	466	479	475	483	484	485	485	509	534	612	515	423	388	394	397	392	397	392	438
316	901	913	162	108	315	516	533	458	440	395	387	386	376	373	377	377	394	419	388	380	410	410	397	391	401	399	360
388	921	821	124	118	325	530	502	463	482	456	434	396	373	349	355	351	359	368	377	398	411	430	401	395	413	417	395
459	1005	721	81	94	356	605	466	461	515	490	500	479	445	427	401	367	370	388	398	403	410	447	429	410	415	415	418
505	1103	749	29	94	366	537	452	436	444	461	443	514	517	512	474	387	384	393	392	393	413	442	444	414	413	423	426
597	988	575	24	118	391	531	461	464	484	586	614	523	541	522	486	387	364	386	386	393	417	436	424	405	402	409	397
663	969	447	19	137	415	525	490	526	565	636	568	516	502	501	467	372	362	383	377	396	420	438	431	387	390	397	399
699	958	425	21	135	442	515	530	572	556	484	496	486	482	487	460	384	368	377	386	407	419	441	431	417	389	400	388
694	858	322	24	153	517	549	554	525	443	491	491	482	465	477	456	380	392	365	397	410	419	434	496	407	378	410	428
724	843	275	10	209	669	571	533	502	557	562	525	486	465	459	445	371	369	383	399	376	390	529	549	374	395	436	439
763	806	238	13	266	791	590	515	536	546	490	462	442	441	443	433	390	378	377	387	347	411	749	525	389	373	408	415
734	817	184	38	270	717	591	525	466	437	422	426	414	408	415	410	375	364	386	381	324	672	1015	684	433	380	387	404
754	781	128	46	253	527	553	603	628	508	441	403	399	384	385	376	369	375	396	363	451	958	844	629	421	337	340	349
729	708	142	41	265	503	454	530	597	482	413	391	373	362	346	355	361	386	403	358	709	768	515	498	504	489	464	417
802	680	135	32	247	533	413	340	312	311	352	364	376	390	402	381	369	396	383	471	826	545	540	585	562	559	594	568
864	705	100	43	177	547	521	479	427	394	374	395	418	434	456	428	387	399	316	632	885	498	533	511	514	590	607	599
881	723	88	68	125	508	554	582	599	564	527	537	531	513	494	410	380	349	281	803	987	440	488	484	486	498	469	578
797	784	96	65	189	391	485	403	494	546	549	563	562	541	474	378	369	337	340	521	507	402	398	407	405	408	414	438
665	833	70	43	264	330	549	460	339	351	370	372	372	360	337	356	350	364	387	369	364	400	393	397	382	415	494	541
20	21	17	23	86	301	632	798	548	126	212	512	675	547	347	358	793	748	528	460	392	375	418	422	395	404	495	522
24	21	14	55	224	572	804	557	160	179	521	623	426	393	391	520	741	773	691	635	472	357	387	434	409	403	468	489
22	19	42	170	479	767	727	302	116	450	612	422	282	429	525	494	714	641	516	480	442	378	358	413	432	387	390	363
28	32	124	363	686	833	480	110	333	545	432	405	543	548	487	485	690	557	431	386	455	480	473	488	502	407	377	356
22	58	257	599	852	475	70	190	494	415	423	640	667	576	500	476	573	592	471	451	537	534	578	596	538	390	355	376
14	118	444	771	564	142	73	390	465	377	490	543	553	646	591	500	488	554	528	591	576	481	509	519	484	373	376	380
23	214	614	719	358	76	134	356	350	465	543	498	438	518	604	593	544	504	522	578	542	435	484	477	411	381	390	369
39	288	746	915	533	47	229	346	374	519	544	492	421	429	501	608	666	551	467	448	431	408	432	396	373	384	377	369
63	348	849	943	380	23	316	327	452	557	527	476	414	396	422	496	596	569	442	409	410	390	381	371	386	384	369	375
74	409	893	923	246	58	311	315	596	576	523	463	428	403	365	386	480	497	447	394	393	426	428	417	406	389	381	375
85	435	951	844	156	95	263	403	697	553	509	491	464	432	392	365	374	380	385	370	386	435	452	434	400	390	398	372
93	483	968	776	95	124	247	480	785	571	537	543	534	511	465	390	386	362	361	360	362	391	403	388	384	380	397	367
108	565	1038	690	64	152	241	552	664	581	513	560	565	571	563	453	378	374	377	358	363	386	379	379	387	392	393	381
144	585	1042	601	37	127	266	576	534	662	580	462	461	454	485	469	381	384	373	366	366	383	422	406	397	396	396	376
167	626	1007	506	38	114	325	555	529	493	491	457	415	389	386	388	372	375	382	375	379	389	421	412	406	392	374	362
190	684	978	455	38	123	413	545	513	460	450	443	408	393	391	379	373	372	381	381	387	403	411	418	400	437	482	427
205	710	1045	469	12	160	442	518	480	441	430	428	420	408	412	408	403	379	370	369	384	401	429	419	381	494	671	538
220	724	1002	342	30	181	375	512	482	464	465	460	446	436	436	440	411	368	363	384	391	391	433	418	411	444	508	543
235	749	974	279	57	173	389	489	475	463	445	434	422	420	408	416	405	369	375	383	397	386	414	410	409	433	479	542
249	752	919	260	63	205	403	472	429	402	405	398	391	396	399	397	411	382	366	394	370	382	414	396	365	440	507	518
259	743	896	257	50	223	423	482	434	421	447	447	454	450	436	460	469	384	370	378	357	465	469	396	367	422	577	564
276	771	838	233	46	237	481	515	472	419	457	482	474	479	473	494	469	360	365	361	392	464	420	364	351	379	472	456
271	818	799	206	49	207	502	581	508	409	446	449	447	440	449	468	444	367	365	372	430	514	445	475	514	407	359	363
276	841	731	204	57	203	420	488	409	394	456	474	496	505	539	542	430	380	377	393	631	618	463	534	571	514	498	519
307	851	668	176	69	209	400	457	436	473	547	553	546	549	540	465	373	381	350	404	663	660	508	422	534	593	542	602
349	823	644	149	66	213	488	578	574	563	542	491	454	427	375	340	379	395	332	395	481	497	466	418	458	468	478	516
396	841	638	121	67	193	433	504	565	597	523	479	463	434	368	355	387	378	337	362	425	381	373	357	334	366	426	517
409	841	568	85	77	161	413	466	432	523	550	521	506	417	336	349	379	370	376	356	368	370	377	378	383	468	517	562
20	16	20	16	17	59	200	461	845	849	544	261	200	404	604	571	468	385	362	448	540	564	631	606	412	428	452	422
20	20	20	16	29	148	356	643	844	706	357	216	391	635	553	395	429	477	510	543	613	573	627	756	448	380	490	488
19	18	17	20	97	281	574	875	765	372	179	371	560	504	378	461	658	679	631	626	743	742	620	625	485	395	501	483
20	22	16	50	211	487	802	707	364	144	330	516	416	471	617	721	596	523	519	532	603	732	641	483	458	436	477	397
23	19	30	142	404	609	699	444	145	239	434	420	413	515	772	595	467	462	488	508	494	495	620	469	418	459	472	370
24	15	69	278	571	721	639	244	148	359	417	423	428	484	570	590	477	406	473	498	436	464	594	485	359	431	467	376
20	22	129	450	808	946	593	155	214	376	452	479	469	478	530	555	502	379	437	473	429	470	580	466	391	427	469	381
19	41	232	599	901	723	241	102	303	359	575	537	525	444	458	503	477	374	412	480	452	450	549	525	437	488	460	377
21	64	319	775	954	484	95	127	238	377	602	571	558	461	386	451	454	385	395	492	525	496	484	499	505	539	398	366
16	74	377	784	903	398	63	152	288	442	517	549	536	486	397	405	421	373	364	441	514	564	540	525	559	441	369	377
19	94	433	916	897	279	51	200	321	431	523	511	499	484	439	426	407	374	360	362	449	538	536	467	424	368	378	373
18	127	509	940	827	212	61	182	339	454	523	507	502	494	455	398	382	369	358	383	492	514	467	393	371	371	362	354
19	160	575	1009	801	179	54	221	393	469	490	479	467	414	360	342	365	381	345	375	528	485	433	413	388	368	352	349
19	188	599	938	775	148	68	240	380	545	500	401	357	349	382	439	426	365	362	350	398	414	396	395	385	367	362	419
27	206	636	1034	747	96	86	193	380	495	463	397	417	466	491	505	459	369	373	357	337	359	380	387	390	375	420	436
44	228	711	985	612	82	79	207	383	472	450	497	546	553	526	497	454	386	385	355	359	369	386	390	361	397	464	442
39	255	763	982	527	78	107	210	411	556	564	577	534	504	485	445	434	383	368	361	360	367	412	378	388	511	573	523
39	262	772	971	452	43	131	237	630	652	551	514	494	466	446	442	427	365	348	359	365	387	412	384	411	530	524	516
41	261	775	914	349	43	114	239	553	566	500	463	473	469	454	447	435	375	364	377	376	380	382	374	377	371	372	371
46	266	779	920	297	52	132	236	452	555	500	481	467	459	461	465	460	393	355	383	384	378	384	381	371	364	460	441
56	270	785	932	283	43	140	241	428	624	510	471	462	449	440	419	415	363	358	374	376	369	411	425	361	427	603	624
59	274	791	901	267	56	143	245	417	645	565	483	450	419	410	395	384	343	353	365	361	407	418	371	386	481	481	528
60	284	802	851	249	70	137	254	451	546	498	424	419	410	416	420	399	350	358	368	391	439	409	386	453	488	472	466
67	299	807	813	207	69	128	253	491	524	507	459	438	435	425	409	372	354	363	371	448	527	465	469	509	545	558	558
69	324	811	776	194	76	129	258	527	535	513	472	448	435	401	364	349	361	356	369	487	555	488	458	474	488	452	437
71	346	852	870	228	79	160	360	563	487	421	368	341	331	339	341	358	378	363	349	431	531	601	555	533	508	487	453
83	373	865	790	173	81	140	336	595	511	454	461	473	454	412	360	366	369	359	322	338	390	428	420	434	421	460	468
88	420	907	728	142	76	148	245	484	613	568	550	502	461	415	349	369	363	355	348	333	357	365	375	385	363	392	429
16	15	14	21	20	17	24	112	301	583	817	935	936	583	235	234	337	456	559	492	427	470	399	396	470	768	648	482
15	16	18	21	19	19	64	217	487	779	975	876	450	255	253	385	523	496	434	361	521	732	521	490	497	716	782	580
17	17	17	20	21	40	149	375	729	920	832	462	244	258	383	510	457	454	465	455	560	717	531	482	507	544	524	621
17	19	16	16	22	103	283	597	828	800	580	270	198	322	436	458	433	398	421	500	843	996	557	462	560	575	438	481
18	24	23	16	51	200	471	755	786	656	297	175	285	405	445	426	399	395	449	482	554	914	651	482	511	570	447	398
20	20	23	27	125	336	645	872	657	416	181	286	404	450	432	402	449	466	453	477	496	725	683	506	488	592	497	375
25	23	19	60	227	508	782	918	569	180	219	315	401	454	456	439	532	515	421	444	501	588	636	513	512	599	507	380
22	17	25	116	386	700	893	695	350	120	227	292	400	416	539	505	536	501	416	446	461	538	551	482	524	553	449	372
16	17	43	198	557	874	856	497	235	144	210	339	384	426	527	540	546	477	410	393	433	547	556	446	465	466	396	378
20	16	66	301	660	926	802	365	117	177	258	343	415	526	548	558	548	418	383	385	504	593	498	403	406	385	372	403
18	14	93	398	782	978	723	280	97	192	340	431	513	578	566	541	449	363	363	421	592	554	459	437	461	382	357	413
21	16	126	459	817	943	673	192	90	205	359	456	523	560	487	400	359	370	370	401	518	534	521	580	573	391	372	370
19	20	149	492	887	971	533	127	135	261	339	421	495	435	373	402	374	412	428	380	424	484	490	563	570	384	360	330
21	26	166	519	969	925	445	96	148	250	355	456	468	457	542	614	500	423	492	382	358	381	422	535	485	378	358	419
17	29	189	579	973	886	381	73	131	232	348	499	495	539	583	531	490	481	518	364	336	392	517	521	403	361	398	545
15	33	216	631	983	808	303	53	126	239	511	635	604	614	514	459	549	541	466	333	333	453	533	400	359	367	431	517
19	38	233	673	999	768	223	67	120	298	500	567	549	522	528	510	549	518	357	348	413	517	516	407	366	378	453	574
20	43	241	677	984	695	165	60	128	258	416	496	493	500	494	506	480	373	347	438	504	503	432	379	360	458	562	547
19	46	257	691	995	600	131	86	150	256	421	436	414	407	382	362	325	333	353	403	479	435	370	364	382	430	462	423
20	58	281	730	952	524	120	103	154	245	428	483	463	411	347	332	348	371	367	348	390	428	392	368	366	361	371	449
20	64	273	676	772	492	102	107	131	338	512	515	501	479	429	357	361	385	392	373	372	393	379	389	388	401	417	431
20	61	252	578	632	426	93	92	123	342	598	553	512	489	476	426	339	366	413	419	403	395	382	408	411	396	391	361
17	47	264	744	753	386	97	99	130	260	523	562	533	524	514	485	418	343	351	380	378	374	394	413	412	401	385	354
17	54	296	801	810	318	46	91	121	295	512	475	495	530	542	539	546	390	330	347	362	381	421	467	489	478	451	443
20	66	318	798	860	319	40	97	136	332	501	436	398	396	425	469	459	374	359	360	372	401	456	503	475	456	458	446
23	71	326	832	832	223	31	93	143	358	487	419	437	394	348	425	450	402	377	357	369	396	542	631	510	474	439	415
25	64	341	841	814	191	39	105	135	397	614	480	451	452	364	361	402	391	365	365	361	367	450	620	550	534	584	538
24	73	337	834	812	217	33	109	112	475	599	504	429	413	362	322	335	357	356	355	347	343	364	391	389	507	593	503
11	13	11	10	12	17	22	18	36	97	218	417	649	895	930	804	576	341	174	175	308	417	404	394	346	337	390	377
9	15	17	16	18	22	18	25	81	203	405	653	847	959	826	510	275	160	213	330	440	461	440	414	507	569	602	656
12	13	15	16	23	16	15	72	164	375	626	850	943	772	516	248	173	251	403	447	423	319	339	499	708	569	526	521
12	13	17	20	20	13	36	134	296	527	796	948	808	542	276	178	276	387	414	370	386	454	467	457	522	498	466	396
15	17	19	21	16	19	84	226	441	682	907	849	543	288	175	299	382	374	358	369	572	763	674	576	556	549	540	495
19	21	22	21	18	46	149	346	612	833	839	630	298	171	257	413	461	411	368	467	767	858	489	470	442	426	436	415
18	21	24	19	22	84	236	498	729	809	773	436	179	218	344	390	373	381	447	524	585	693	533	436	453	434	381	361
16	19	22	19	38	156	383	659	913	836	593	301	185	298	376	403	387	465	506	513	466	560	641	439	411	477	457	399
19	18	23	19	82	269	548	823	921	686	292	137	223	335	386	404	455	531	542	462	442	536	671	470	378	413	493	502
21	16	16	24	141	402	705	925	829	535	218	155	257	343	423	466	471	497	446	404	452	502	628	522	434	356	415	586
20	17	16	39	210	541	817	927	711	329	134	193	286	356	429	486	465	427	448	480	462	482	665	804	618	388	365	479
19	21	12	61	272	619	959	966	633	260	104	185	303	394	435	449	435	491	585	539	417	433	488	655	661	413	373	362
16	18	12	83	317	693	1003	847	396	142	90	209	341	389	400	444	490	584	708	525	374	362	458	538	500	381	368	377
18	18	19	101	384	769	994	842	353	135	120	207	344	423	494	552	540	544	593	529	367	403	540	546	452	392	365	425
18	16	24	130	441	835	996	735	330	95	114	260	445	515	548	624	627	510	440	372	365	449	571	529	451	391	375	467
20	18	26	155	473	848	999	712	329	59	100	255	410	469	494	511	578	474	360	377	438	497	573	528	425	355	409	506
19	15	30	178	511	887	945	669	277	49	76	286	467	467	468	442	450	394	391	514	571	542	476	431	378	368	498	565
18	12	34	200	554	922	921	654	224	43	72	320	479	489	439	422	390	335	371	519	572	555	429	338	353	441	607	508
15	9	45	213	566	914	853	580	171	49	89	306	464	474	460	547	492	396	377	415	474	549	475	352	355	416	482	429
21	13	47	235	589	945	843	379	124	49	85	308	453	461	438	536	575	534	507	525	471	515	440	365	385	388	402	419
22	12	51	255	644	949	847	341	88	75	104	337	464	483	398	397	515	586	547	495	483	505	405	385	383	384	398	410
19	11	57	264	679	945	787	285	94	81	119	422	495	516	474	349	354	430	465	471	499	492	421	385	386	424	411	392
13	14	57	267	710	925	745	253	99	55	148	539	639	536	487	390	330	314	330	376	420	415	383	357	413	445	424	384
19	13	61	288	729	926	708	254	36	54	192	396	501	552	521	479	427	389	355	308	321	338	355	382	437	441	537	582
17	11	70	311	754	895	661	279	47	53	229	381	433	500	548	513	478	513	541	428	348	367	368	423	450	465	658	594
15	13	81	319	767	858	522	196	44	71	232	391	456	428	516	559	524	512	477	419	371	367	383	448	443	547	702	467
15	19	81	331	782	796	451	142	43	82	240	410	417	397	457	488	457	381	344	366	366	369	389	447	460	581	715	546
15	19	81	349	768	727	427	130	42	40	179	454	462	397	372	348	335	340	345	353	361	360	369	421	475	532	441	465
10	11	10	8	8	12	12	15	14	19	20	47	118	257	452	648	832	894	882	716	584	428	262	217	168	168	203	220
10	11	9	8	11	11	10	16	16	16	43	112	260	452	685	841	964	894	690	534	359	228	215	228	242	247	215	211
10	11	11	11	12	14	15	17	19	39	95	235	465	701	897	911	900	674	467	300	198	206	236	252	263	229	241	188
9	12	13	14	16	17	16	11	27	80	191	424	696	890	932	848	642	398	218	178	232	274	308	300	272	263	227	270
11	10	13	13	16	19	15	17	67	149	346	619	875	917	834	613	381	218	218	253	292	310	318	276	334	335	378	571
11	12	12	11	16	16	15	42	109	237	503	782	902	836	650	366	214	212	265	334	340	329	354	327	358	356	378	421
14	12	15	15	20	14	20	72	173	369	660	888	917	731	401	216	156	264	318	323	347	391	347	393	550	471	534	501
12	15	14	14	18	16	44	131	296	547	797	843	858	510	234	162	227	290	359	353	332	460	371	382	440	563	617	570
15	12	16	19	19	22	85	231	453	759	974	773	567	257	130	222	310	319	366	364	321	419	593	451	415	474	501	598
17	16	15	17	17	47	149	355	617	825	916	826	343	162	155	242	302	379	370	377	445	444	684	598	467	390	399	452
13	18	13	14	19	74	237	463	734	850	899	551	237	140	199	274	322	364	380	553	535	440	549	718	486	405	431	389
16	17	12	13	21	111	311	590	866	925	748	388	174	149	225	294	336	407	512	573	441	416	532	615	478	484	483	368
17	16	15	12	29	153	398	696	897	875	620	309	123	175	233	306	394	463	468	467	428	444	585	581	503	516	397	369
18	17	21	14	39	211	498	803	911	869	513	208	105	189	235	359	431	397	425	443	437	519	567	514	502	441	363	401
16	20	20	11	54	264	581	806	937	785	430	159	95	174	248	325	391	418	407	407	486	583	511	446	440	388	408	432
15	19	20	12	70	265	600	898	991	761	391	119	102	187	275	326	353	411	404	468	589	541	428	400	390	397	413	437
20	18	16	12	78	283	627	920	968	731	354	86	91	195	313	336	377	408	413	538	713	466	368	356	365	382	381	407
18	19	15	16	90	312	657	907	947	667	311	65	99	208	305	374	406	416	424	490	665	527	414	371	364	378	391	388
17	17	13	19	94	340	700	973	907	600	244	43	96	222	353	435	512	519	503	513	591	490	426	421	406	377	375	381
13	18	12	29	107	375	759	964	855	524	193	34	77	204	308	372	498	599	584	474	484	534	472	492	556	402	375	401
15	18	15	28	124	413	814	950	812	463	160	38	97	234	343	381	434	485	512	426	378	493	466	460	490	412	385	403
20	16	14	36	144	445	822	948	755	453	134	38	109	306	395	391	464	496	489	409	355	426	411	379	368	379	385	410
13	15	12	36	169	464	833	922	750	428	113	59	199	349	393	457	497	454	391	350	353	373	368	354	351	374	414	398
18	15	9	46	182	492	822	908	611	277	102	52	177	402	409	418	426	388	344	338	366	383	368	363	369	407	480	440
17	21	13	56	183	513	878	976	589	241	76	65	145	356	547	492	515	576	542	435	385	441	386	370	379	426	523	568
21	18	14	55	198	536	888	914	399	160	74	71	231	435	474	466	459	468	541	547	476	435	350	367	384	462	554	516
19	15	16	56	207	530	858	842	278	88	65	88	236	367	403	430	356	326	339	409	409	354	348	373	415	483	675	620
20	15	17	50	203	553	912	824	270	66	57	133	257	354	442	494	472	421	355	316	324	342	366	378	411	423	592	695
8	7	8	8	8	10	11	9	12	10	10	10	11	22	41	75	131	225	343	465	602	663	687	735	640	618	590	513
8	7	9	7	8	9	13	13	12	10	12	12	15	54	88	166	298	439	571	710	728	744	734	675	543	485	379	306
10	8	8	8	8	11	12	11	11	13	14	13	52	102	202	364	523	662	769	829	784	768	650	457	419	345	253	200
8	8	13	11	12	13	11	13	14	20	17	47	118	246	404	526	690	806	827	783	736	566	430	392	311	192	165	142
10	7	8	12	17	12	11	13	17	19	32	108	242	444	609	751	832	844	810	664	505	354	345	277	196	175	146	185
9	10	11	13	12	14	14	17	17	22	65	165	354	570	782	868	868	784	620	485	371	267	228	176	187	166	169	157
9	13	14	15	14	15	20	19	11	40	112	272	509	711	891	912	795	647	458	277	186	183	193	207	205	188	207	196
9	12	16	13	16	17	20	18	29	78	186	416	648	878	874	744	582	375	241	200	173	208	227	205	212	260	286	266
11	12	14	14	16	18	18	20	52	133	288	547	736	879	911	749	463	266	183	161	212	250	246	263	296	324	287	322
11	14	16	18	21	16	18	28	77	187	398	644	916	981	736	451	235	148	160	196	251	305	275	292	311	318	347	417
13	13	13	16	17	20	23	42	115	275	538	709	876	812	558	337	178	145	206	255	252	290	295	342	368	425	486	466
11	16	13	14	19	20	22	73	194	421	664	837	815	637	426	206	142	184	224	299	298	279	376	481	458	439	430	408
13	13	16	16	21	18	38	109	287	535	724	884	832	536	259	146	145	197	234	269	288	326	401	396	380	392	389	415
11	13	19	20	20	17	56	160	355	601	804	888	766	436	206	150	177	210	267	267	303	365	338	349	399	449	509	540
13	14	13	18	17	20	73	203	427	667	855	889	663	356	183	128	202	218	257	290	372	337	392	456	474	507	500	477
16	15	11	16	16	25	87	257	509	765	922	889	623	285	129	124	164	212	233	299	379	321	388	451	462	463	409	432
12	13	15	13	16	24	99	298	576	810	945	827	491	220	112	135	185	229	235	364	449	385	418	411	387	377	371	443
12	13	17	15	15	35	115	325	651	891	956	780	410	210	97	148	177	218	292	426	504	491	521	546	539	401	398	433
10	15	16	15	13	36	145	379	684	883	901	782	393	136	85	120	163	252	313	324	390	484	460	500	589	452	416	423
14	14	15	18	15	41	178	421	764	928	946	731	376	98	78	133	187	300	323	363	407	443	434	403	517	542	468	476
15	14	16	16	13	58	203	470	792	951	937	640	285	77	83	116	191	287	347	371	383	380	406	366	409	529	508	437
14	15	16	13	14	65	228	525	795	957	934	586	179	83	91	67	200	308	337	400	511	426	376	350	357	355	352	359
15	14	16	16	15	65	241	575	879	992	893	463	159	79	63	130	239	310	334	492	535	440	378	336	347	352	371	400
14	17	16	19	14	69	265	618	895	960	816	399	160	63	52	149	308	289	429	559	529	516	500	424	347	386	422	413
16	17	19	17	18	75	290	635	930	959	730	450	137	39	90	217	279	478	565	545	535	529	519	455	356	391	409	391
14	19	18	14	20	87	310	690	931	921	697	357	142	71	145	234	294	386	481	438	420	390	417	442	365	409	404	395
12	17	19	14	21	95	362	740	913	861	700	316	82	100	149	302	529	473	419	409	354	323	388	455	385	390	412	417
17	18	19	14	20	105	419	777	897	747	565	208	84	101	166	369	483	563	498	470	455	396	359	432	401	379	418	430
7	6	9	10	10	10	12	9	8	11	9	10	10	11	9	12	13	11	13	22	35	48	78	102	139	191	248	311
8	8	9	10	9	9	11	10	11	10	12	10	13	12	11	11	12	17	36	64	81	112	167	222	275	344	414	487
7	8	11	11	9	8	11	8	10	11	13	13	13	12	14	20	30	57	95	141	179	237	300	368	482	547	595	668
7	8	10	8	7	9	10	8	10	15	13	11	11	15	22	47	78	123	180	239	333	427	498	606	682	694	699	652
7	9	9	7	9	11	10	10	9	12	12	12	13	29	58	106	164	231	322	405	503	581	732	755	720	706	592	586
10	9	11	9	13	10	10	11	10	12	12	16	27	68	125	210	300	429	546	652	733	750	820	706	666	585	501	454
8	10	12	13	13	10	12	13	15	16	14	24	59	112	203	356	484	636	717	786	792	732	712	599	488	421	394	280
11	12	9	11	14	14	12	14	15	17	20	35	84	166	290	456	608	727	757	772	769	724	505	413	335	289	239	184
14	13	10	13	14	13	12	14	15	18	19	44	126	225	415	642	795	913	878	810	711	570	437	251	177	162	156	141
11	10	10	12	13	13	14	18	18	14	35	79	169	308	533	756	837	782	716	534	411	290	225	185	148	151	188	172
9	9	12	11	13	12	15	19	18	19	51	119	251	428	655	834	876	701	641	393	230	175	128	148	168	195	193	171
10	11	14	12	11	12	17	17	15	35	85	204	363	593	774	825	810	575	470	270	139	145	162	200	208	200	188	202
12	10	10	13	15	11	17	15	23	57	126	268	483	670	822	837	674	487	283	131	119	143	181	235	245	221	228	277
12	13	13	11	14	15	17	21	28	70	159	293	513	696	785	839	632	393	178	114	132	172	223	236	249	229	272	247
11	14	13	11	14	16	16	16	35	84	191	351	566	734	815	732	506	276	113	131	169	188	203	174	164	163	209	225
14	16	12	11	11	13	15	20	48	116	252	448	693	771	817	679	400	205	94	133	193	164	117	147	163	250	302	353
12	12	14	12	13	16	19	15	57	158	332	563	733	793	778	593	318	146	101	164	139	190	268	323	391	436	486	472
12	11	12	14	14	14	16	24	82	207	420	654	768	869	743	461	215	103	127	156	79	170	284	346	412	526	480	462
13	13	14	17	17	21	21	37	102	270	499	700	834	826	656	354	172	111	86	75	142	270	302	343	408	504	478	436
13	15	12	15	15	17	16	46	130	322	567	756	949	800	588	274	120	94	91	153	206	369	369	394	426	509	437	366
10	11	13	14	16	11	15	55	156	364	640	828	896	771	519	243	87	52	139	244	299	390	421	484	411	383	363	377
11	13	13	17	14	15	20	60	178	394	645	878	845	744	465	193	47	48	140	260	466	442	437	456	378	336	350	457
13	14	16	13	17	20	17	75	195	441	661	886	935	700	378	123	51	103	156	303	389	428	402	400	361	457	472	541
12	15	17	17	19	18	24	88	219	449	738	922	927	626	302	128	105	141	234	370	379	405	378	371	362	561	499	499
12	12	12	16	19	16	22	95	254	481	774	981	894	601	258	146	125	140	264	447	490	494	433	344	365	501	370	400
14	12	10	15	20	16	31	114	287	514	825	960	919	601	247	131	107	119	254	338	442	511	523	407	343	448	377	375
12	13	14	15	20	16	31	125	293	539	868	895	766	570	294	109	99	141	325	507	431	409	509	530	378	380	399	461
12	13	14	15	19	17	41	144	286	529	858	871	765	569	301	106	72	220	277	439	470	419	408	514	435	338	370	520
