22	23	24	23	23	24	24	24	24	23	24	25	24	23	22	24	23	24	25	24	24	24	24	25	24	24	24	24
23	23	24	25	23	25	24	24	26	23	24	23	24	23	23	23	24	25	24	25	24	24	24	24	26	24	23	23
23	22	24	24	23	24	24	24	25	24	25	24	24	23	24	23	25	24	24	24	24	25	24	24	24	26	24	22
22	23	24	24	23	24	23	25	24	24	25	24	24	24	24	24	25	24	25	24	23	24	24	25	24	24	24	24
24	23	24	23	23	25	23	25	23	24	24	25	24	23	24	24	25	25	23	24	25	24	25	24	24	26	24	23
23	22	24	24	23	26	24	25	23	24	23	24	24	25	25	24	24	25	24	25	25	25	24	24	26	26	25	24
23	21	23	22	22	23	23	24	23	24	24	23	24	25	25	25	25	26	27	26	23	21	19	18	17	18	22	22
22	21	22	22	22	23	23	24	22	22	22	22	23	25	27	23	13	0	0	0	2	17	37	50	55	49	29	12
23	21	22	21	21	22	21	21	21	20	21	20	21	13	0	0	77	227	389	533	640	715	759	784	789	776	730	649
23	20	22	23	22	23	24	23	22	24	25	15	0	59	314	628	844	940	969	969	957	950	950	951	944	946	955	961
23	22	22	23	24	24	23	24	25	26	0	40	394	799	963	971	945	931	919	915	926	962	1032	1078	1037	985	1082	1068
23	22	21	21	22	22	22	25	21	0	214	743	970	949	926	914	923	948	964	989	998	1043	1124	1168	1131	1063	1109	1145
23	23	23	23	22	24	24	14	1	401	911	967	923	915	926	969	982	835	616	467	409	514	727	877	987	943	923	1035
23	22	22	23	22	26	13	19	532	963	939	916	938	1007	935	631	369	166	82	103	104	97	104	166	289	281	517	589
25	24	24	24	26	16	18	579	978	929	932	1034	1061	689	220	93	108	128	129	140	129	134	131	171	216	346	568	833
24	25	24	26	24	0	524	980	927	961	1153	1034	388	88	106	142	137	154	118	138	126	141	133	196	333	592	874	1045
25	26	25	27	0	353	966	930	969	1170	929	236	92	111	142	124	106	159	124	111	123	152	128	297	593	898	1032	1081
24	25	28	9	122	864	949	953	1107	766	161	83	121	109	114	130	97	111	164	130	121	174	132	528	861	989	1048	1082
26	26	27	0	565	976	925	1032	689	115	101	138	112	117	135	112	112	133	123	240	109	114	267	794	951	911	1032	1079
25	27	7	166	902	933	979	861	137	96	141	140	149	158	155	141	120	191	127	236	157	155	505	909	1022	972	1033	1071
25	27	0	530	972	933	1044	501	72	145	132	154	117	151	144	171	117	146	184	196	213	393	758	965	1017	1040	1041	1065
26	16	80	829	948	1009	1054	255	96	137	113	114	118	120	126	138	125	101	102	143	268	517	906	1013	1014	1046	1057	1055
27	0	305	959	959	1148	1012	145	120	121	131	126	118	107	96	96	122	110	121	123	203	271	764	1111	1058	1060	1062	1058
26	0	582	975	987	1275	861	98	139	135	119	119	109	118	113	116	138	135	139	174	165	92	493	1110	1076	1072	1067	1065
19	59	803	958	1033	1250	574	112	178	185	118	126	117	113	120	129	139	142	143	137	144	152	202	922	1099	1074	1064	1062
5	195	925	956	1068	1078	322	113	134	150	189	115	123	117	170	132	130	151	141	145	149	154	140	487	1087	1078	1066	1043
0	347	965	958	1078	828	170	136	138	164	174	198	139	128	159	145	126	145	143	151	148	184	146	358	1033	1072	1056	1044
0	448	972	971	1080	697	122	161	153	151	175	250	247	289	288	134	174	154	163	144	152	186	131	353	859	994	1032	1067
25	24	24	25	23	24	25	25	24	26	26	26	25	25	25	25	24	24	24	24	24	23	24	23	23	24	24	24
25	24	25	24	24	25	25	26	26	24	27	25	25	25	23	26	25	24	23	23	24	23	23	24	23	23	24	24
23	24	25	24	24	26	24	26	26	25	27	25	25	25	24	25	27	24	24	24	23	24	22	23	24	24	24	25
25	25	24	23	24	25	26	26	25	26	25	26	26	26	25	25	24	24	23	23	24	24	24	23	22	23	23	25
25	24	25	24	23	24	24	25	24	27	26	26	25	25	28	26	24	25	23	23	24	24	23	23	23	24	22	26
25	24	23	23	23	25	25	25	24	26	25	26	26	25	26	26	25	25	25	24	24	24	24	24	23	24	25	25
25	23	24	24	23	23	25	25	24	26	26	25	25	26	27	25	26	26	26	21	13	8	4	4	2	3	7	13
24	25	23	22	22	22	23	23	23	24	23	23	23	26	26	19	6	0	0	15	62	119	172	209	219	195	144	88
26	25	24	24	23	24	25	23	25	24	23	25	25	13	0	15	149	353	552	710	810	873	904	922	928	923	896	850
24	24	22	22	22	25	24	24	26	27	28	17	0	84	382	712	907	974	968	951	938	953	964	960	963	989	974	951
24	26	25	25	24	24	24	24	26	27	0	47	423	830	974	963	938	930	927	972	1044	1101	1106	1037	1023	1113	1141	1031
24	25	24	22	23	24	25	26	23	0	213	752	977	948	918	910	931	994	982	973	1025	1136	1168	1073	1017	1096	1123	1024
24	26	26	24	22	24	27	16	0	397	917	966	922	940	989	1005	913	609	302	193	192	322	485	614	878	948	953	945
25	25	24	25	23	26	17	15	518	971	943	930	1033	1137	981	507	315	135	91	113	108	83	80	89	386	826	943	942
26	27	27	25	27	18	11	559	981	929	975	1151	1074	618	189	92	142	132	125	117	128	115	150	137	484	965	968	956
26	26	27	27	25	0	495	983	940	1013	1080	701	227	78	107	140	120	105	109	132	132	116	126	182	844	992	955	979
26	25	27	29	0	319	962	939	1004	920	341	79	101	132	107	144	127	106	128	199	114	117	64	523	1006	981	959	1017
25	26	29	12	107	845	950	971	905	215	62	136	131	150	121	114	169	118	167	190	137	98	222	913	985	1037	999	1040
27	28	27	0	552	980	958	1029	351	78	129	120	152	93	141	68	121	136	158	212	127	87	620	1012	926	939	1020	1060
26	29	6	166	900	963	1119	798	86	119	100	95	113	93	122	96	102	143	126	210	146	228	919	1022	993	1025	1058	1062
24	26	0	543	974	1072	1226	416	100	115	99	83	112	138	158	132	92	107	111	145	200	392	1036	1058	1070	1071	1065	1061
25	15	88	842	976	1230	1006	154	153	128	83	98	143	186	204	169	117	101	108	139	150	252	976	1065	1061	1065	1063	1061
26	0	306	964	1015	1217	599	112	165	108	84	110	163	235	217	181	123	105	123	149	146	109	755	1100	1063	1064	1065	1062
26	0	573	981	1046	984	260	113	164	122	96	113	172	218	225	173	129	104	129	148	144	115	503	1114	1066	1067	1063	1062
20	51	784	968	1062	684	112	177	201	155	125	108	169	186	194	161	112	123	122	165	165	153	284	973	1080	1064	1065	1063
9	164	905	957	1059	481	100	144	147	198	145	135	168	159	149	120	99	144	126	131	191	160	129	647	1108	1066	1068	1063
0	289	952	963	1061	467	99	141	137	138	215	192	204	166	104	96	99	111	140	119	157	168	73	605	1123	1073	1066	1066
0	377	968	992	1076	603	129	149	152	133	143	195	145	178	99	81	107	121	136	120	136	151	95	328	762	1066	1061	1063
24	25	25	25	24	25	25	25	27	27	27	26	27	26	24	26	27	24	25	24	24	24	23	23	23	23	23	25
25	25	25	24	24	25	25	26	27	26	27	26	26	27	26	26	25	26	23	24	25	23	22	26	24	22	23	25
24	24	26	25	24	25	25	27	27	26	27	28	27	26	28	27	26	25	24	26	25	24	24	23	23	24	24	22
25	24	24	24	24	24	25	27	27	27	26	27	26	27	28	28	27	26	25	25	24	25	24	23	22	23	23	25
25	26	25	25	24	24	25	26	26	28	26	27	26	27	29	27	26	26	26	25	26	26	24	23	24	24	23	24
24	25	25	25	24	24	25	27	27	28	27	27	28	28	28	29	26	25	27	27	30	26	28	24	24	23	24	25
24	24	24	22	23	23	25	26	26	25	27	26	27	31	28	27	28	28	22	12	2	0	0	0	0	0	0	0
25	25	25	23	22	21	25	24	26	26	25	26	28	29	28	12	0	0	29	117	227	330	406	447	445	401	313	220
25	25	25	25	23	22	24	25	25	25	26	29	29	6	0	82	302	559	758	879	933	958	971	976	971	973	962	935
24	24	25	23	24	22	24	26	27	27	30	12	0	175	541	842	964	973	942	941	969	999	1034	1058	1056	1054	1072	946
26	26	27	26	25	24	25	26	30	26	0	114	560	915	979	939	929	959	1008	1083	1119	1079	1025	1074	1141	1134	1068	1014
24	24	25	25	23	24	25	28	15	0	327	846	977	935	938	1047	1142	1130	1119	1119	1134	1103	1030	1034	1098	1085	991	972
25	25	26	24	23	24	28	9	27	520	956	947	919	988	1247	1371	1066	652	368	299	345	434	458	626	885	929	918	929
25	24	26	25	25	26	10	55	636	978	930	953	1072	1087	984	677	207	91	101	90	86	73	81	79	251	850	920	917
26	25	26	27	27	12	44	664	982	935	1016	1001	683	328	137	93	115	131	133	132	134	129	131	119	316	901	932	926
26	26	26	28	22	7	585	985	939	1039	800	251	81	96	128	133	117	168	123	179	142	122	107	344	964	979	928	951
26	26	28	29	0	398	973	951	1041	684	109	103	117	109	102	142	107	121	152	155	104	105	228	869	1025	968	944	1026
26	28	28	6	160	889	980	1137	813	108	81	144	154	192	185	168	137	67	111	109	109	86	431	1039	961	985	993	1059
25	26	25	2	621	989	1174	1090	234	62	132	309	439	469	465	415	303	151	68	100	129	78	560	1011	950	971	1031	1067
26	28	2	206	925	1045	1250	521	69	109	265	482	667	771	775	713	570	342	138	82	95	131	842	994	959	1022	1056	1060
24	28	0	570	986	1123	818	127	107	189	421	636	795	885	938	912	739	465	177	89	79	223	1021	1047	1051	1058	1056	1058
26	17	88	843	1001	1012	310	92	129	294	527	738	875	951	982	954	799	530	204	85	65	267	1051	1071	1060	1060	1060	1061
25	0	297	960	1015	751	120	123	190	376	608	798	915	984	1003	971	840	584	237	67	93	90	770	1094	1060	1061	1064	1060
25	0	543	986	1031	505	97	128	189	419	633	817	923	985	998	952	819	559	261	77	94	49	307	1024	1072	1064	1061	1061
17	30	740	989	1048	404	125	157	214	430	649	802	897	955	969	904	748	509	232	96	101	70	116	867	1090	1064	1062	1062
7	109	858	1002	1068	468	119	114	132	325	565	750	846	888	888	798	645	411	181	119	121	102	114	846	1095	1063	1066	1063
3	202	922	1018	1126	641	116	123	102	215	431	634	736	772	752	655	504	281	112	84	101	107	73	679	1116	1064	1063	1060
7	272	956	1026	1194	821	137	175	123	142	298	456	553	600	589	472	336	191	84	121	177	143	111	225	896	1091	1065	1060
25	24	25	25	24	24	25	24	24	25	26	25	26	25	25	26	26	26	26	25	25	24	23	24	25	25	25	25
24	24	23	24	24	24	25	25	25	25	24	25	26	24	26	26	26	26	25	26	24	24	22	25	27	25	24	25
25	23	25	24	24	23	25	24	24	26	25	27	25	25	27	27	25	25	26	26	26	25	24	25	25	25	25	25
24	24	23	24	24	23	23	25	24	26	23	26	26	25	27	27	26	26	24	26	25	25	25	26	25	26	25	26
25	24	24	23	24	24	23	24	24	25	23	24	25	25	27	26	27	26	26	26	26	26	23	24	26	27	27	27
24	23	23	24	23	23	24	23	24	25	24	24	25	26	26	26	25	26	27	28	28	24	23	22	24	26	27	29
23	23	22	22	23	23	23	23	24	23	22	24	24	26	24	26	23	15	4	0	0	7	17	20	13	4	0	0
23	23	23	21	23	21	24	22	23	24	22	22	25	25	17	0	0	66	216	393	543	640	696	712	683	608	493	383
23	22	23	22	22	21	23	22	23	23	25	27	16	0	41	274	583	815	926	960	963	977	990	988	981	984	977	965
24	23	24	22	23	21	23	23	24	25	24	0	51	381	764	951	965	938	933	981	1042	1074	1108	1091	1054	1065	1041	991
25	23	23	23	24	22	23	24	26	11	5	294	773	970	952	925	941	1001	1086	1157	1144	1050	1109	1144	1132	1071	1039	1057
23	24	24	22	23	23	24	25	2	66	571	949	957	924	946	1063	1169	1157	1184	1119	1045	976	1010	1069	1033	969	943	968
23	22	23	21	21	22	25	0	148	751	975	928	936	999	1101	1030	762	533	440	409	460	549	694	855	930	907	914	913
24	23	24	22	24	25	0	181	828	970	929	1003	1008	740	454	248	122	81	95	84	78	75	85	226	672	920	909	924
23	22	25	23	26	0	139	832	959	951	1050	843	319	75	80	82	108	148	123	192	150	121	86	164	618	900	930	945
24	23	24	23	13	52	740	969	1012	1083	623	103	77	150	213	187	119	120	75	115	107	116	104	705	979	923	939	971
23	24	24	24	0	531	974	1076	1207	534	162	322	447	547	602	575	438	220	109	58	69	74	189	978	1012	942	962	1054
23	25	27	0	245	928	1036	1211	532	128	569	835	896	955	972	948	849	583	292	157	72	81	174	973	970	958	1039	1065
23	26	21	22	713	984	1118	551	113	482	882	1072	1098	1104	1104	1097	1068	933	639	371	204	108	328	985	942	1015	1065	1062
23	26	0	281	954	1025	771	98	394	798	1042	1104	1112	1107	1102	1108	1113	1077	913	649	406	291	674	960	960	1062	1061	1059
22	24	6	642	993	996	261	160	635	966	1094	1111	1106	1098	1090	1091	1107	1103	946	602	295	287	891	967	1014	1066	1060	1061
23	8	129	883	1014	795	92	323	789	1043	1111	1107	1097	1090	1085	1087	1101	1109	986	640	305	137	611	1049	1053	1057	1062	1062
22	0	355	973	1042	598	78	415	889	1079	1115	1102	1092	1085	1083	1088	1102	1109	1010	677	351	155	298	1008	1071	1059	1062	1061
19	7	589	1011	1086	550	101	433	903	1088	1111	1102	1093	1084	1083	1087	1101	1109	1015	722	409	255	259	882	1085	1065	1062	1048
18	52	757	1033	1151	575	130	458	898	1082	1108	1102	1096	1089	1082	1091	1107	1106	1001	731	480	394	500	912	1073	1065	1062	1054
21	122	861	1045	1248	585	95	409	833	1058	1108	1106	1100	1093	1093	1103	1110	1094	948	596	359	345	629	1000	1061	1062	1063	1065
29	191	922	1044	1304	541	96	309	730	996	1097	1109	1107	1102	1103	1108	1100	1052	816	416	193	176	375	953	1075	1061	1062	1060
36	247	964	1047	1237	452	171	223	564	889	1044	1096	1109	1106	1102	1096	1060	943	617	268	143	119	196	754	1081	1061	1061	1061
24	23	25	24	24	25	23	25	24	23	25	22	24	24	25	26	24	25	24	24	25	23	24	25	24	24	24	25
24	25	24	24	24	24	25	25	24	25	24	22	24	23	26	25	24	26	24	27	24	23	23	24	24	25	25	25
23	24	25	24	24	24	24	25	24	25	23	23	24	25	24	25	24	24	26	24	24	25	25	24	24	24	24	25
23	24	25	23	25	22	24	25	22	24	22	25	24	26	25	26	24	26	26	24	25	22	24	24	25	26	25	26
23	23	25	24	24	24	26	24	22	23	21	23	24	25	25	24	26	26	26	26	26	24	24	25	24	27	26	27
23	23	24	23	24	23	25	23	24	22	20	23	23	25	24	26	26	26	28	23	16	11	9	11	15	21	24	27
23	24	23	22	24	22	25	23	23	20	20	21	21	23	24	24	8	0	0	19	64	106	122	105	66	31	10	4
23	23	23	22	23	22	25	23	22	20	21	20	24	18	1	2	105	320	549	721	820	863	874	862	807	730	636	567
23	23	24	24	22	23	23	23	23	21	23	20	0	19	251	608	867	960	965	954	957	966	965	965	974	971	967	967
23	22	24	24	23	25	24	25	25	25	6	6	256	696	945	968	935	945	975	1041	1098	1112	1081	1052	1081	1061	1038	1016
23	22	23	24	24	25	25	24	23	0	105	595	938	958	921	927	971	1037	1129	1168	1155	1134	1119	1112	1077	1060	1054	1040
23	25	23	22	22	24	26	24	0	252	826	972	921	915	969	1014	971	1028	1176	1070	989	971	982	1000	1003	1000	977	957
21	22	23	23	23	26	23	0	344	919	949	924	961	1015	892	522	278	314	425	502	621	788	904	932	931	945	961	966
23	23	24	24	25	27	0	334	938	946	964	1040	983	549	141	39	59	68	83	68	60	140	346	713	963	963	979	994
22	24	23	24	27	0	233	909	957	1063	1122	865	302	156	289	312	240	110	82	100	102	173	195	443	971	988	1005	997
24	23	25	26	8	95	810	972	1144	1174	921	531	623	835	929	926	803	548	316	202	158	210	392	832	998	1003	1002	993
24	23	26	24	3	600	982	1091	934	616	922	1056	1107	1120	1119	1117	1100	997	791	590	399	364	569	1003	997	1012	982	1008
26	24	28	0	315	958	1032	905	459	874	1122	1113	1102	1095	1089	1091	1101	1110	1058	919	712	622	702	973	1011	1001	1018	1039
24	24	14	66	792	1004	989	438	853	1121	1103	1078	1077	1075	1072	1071	1075	1089	1104	1078	985	866	882	987	1008	1019	1053	1054
25	23	0	411	977	1059	640	578	1103	1109	1079	1062	1064	1067	1064	1071	1071	1072	1085	1100	1078	1038	1003	1002	1021	1060	1060	1058
22	14	51	770	1008	998	326	866	1129	1092	1073	1069	1071	1062	1064	1069	1071	1070	1085	1101	1059	980	1000	1014	1024	1061	1064	1062
24	4	247	953	1070	845	366	1018	1119	1080	1072	1073	1072	1072	1070	1070	1071	1070	1082	1104	1069	957	919	1023	1031	1050	1066	1063
21	15	495	1010	1150	762	488	1073	1100	1073	1071	1065	1071	1072	1070	1070	1072	1071	1078	1105	1077	996	943	1020	1043	1038	1049	1061
35	46	700	1042	1233	628	577	1098	1099	1068	1067	1069	1072	1071	1070	1069	1069	1071	1077	1105	1086	1033	1006	1020	1055	1046	1034	1018
49	92	834	1061	1215	443	659	1098	1101	1071	1064	1073	1071	1072	1062	1066	1072	1070	1076	1105	1092	1058	1034	1001	1025	1052	1051	1023
38	161	915	1056	1054	236	609	1089	1106	1079	1074	1073	1072	1068	1065	1069	1071	1073	1086	1106	1066	1033	1018	1007	1045	1064	1064	1055
16	245	958	1045	843	162	514	1042	1116	1087	1078	1075	1072	1070	1071	1072	1070	1075	1099	1082	987	940	989	1060	1066	1069	1070	1062
4	314	981	1047	661	109	393	929	1117	1096	1079	1073	1075	1071	1064	1067	1072	1083	1098	1028	880	792	936	1091	1064	1067	1076	1080
23	24	24	24	25	25	25	26	26	26	26	24	25	24	25	25	24	25	23	23	23	23	23	24	24	23	23	24
25	24	25	25	25	25	25	26	27	25	25	25	26	25	26	24	24	25	23	25	23	23	23	22	24	25	23	23
25	24	25	25	24	25	25	26	26	26	24	26	25	26	26	24	26	24	26	23	25	24	24	23	24	21	23	23
25	23	25	26	26	25	26	26	25	27	25	25	25	27	26	26	25	27	27	26	24	24	24	25	24	23	23	24
25	24	25	25	26	26	26	26	26	26	25	26	27	25	27	27	28	27	28	27	26	25	27	26	26	26	25	25
25	22	25	25	25	25	26	25	25	25	24	25	26	25	27	29	31	28	25	14	5	2	1	5	13	20	21	23
24	23	23	25	24	24	25	24	24	23	22	23	22	26	25	12	0	0	39	113	185	226	218	164	104	57	35	26
23	23	23	25	25	24	25	24	25	23	23	23	24	5	0	91	330	589	776	875	918	932	925	896	847	779	715	686
23	22	22	24	24	24	25	24	25	24	25	8	0	160	542	852	964	965	950	950	950	966	969	969	960	950	956	959
24	24	23	26	25	27	27	26	27	25	0	96	530	899	973	943	950	1007	1064	1087	1065	1040	1068	1068	1061	1041	1029	1019
23	22	23	24	25	27	28	29	19	0	303	829	971	929	925	987	1074	1144	1161	1117	1080	1053	1083	1077	1059	1060	1022	981
23	23	23	24	24	26	28	21	5	463	951	947	923	951	1026	1076	1035	1079	1035	981	975	976	1008	1023	1027	1018	990	961
23	22	22	24	24	28	22	3	511	976	940	973	1062	1100	905	431	179	234	313	476	782	965	1006	1022	1037	1048	1055	1049
25	23	24	25	27	27	0	427	968	939	1047	1264	1253	729	250	228	274	211	203	286	459	756	986	1061	1061	1060	1068	1067
25	23	24	25	30	0	268	930	953	1074	1123	1131	900	714	900	981	951	780	651	624	661	827	947	1066	1074	1071	1066	1064
25	23	24	27	9	105	824	970	1052	1102	1113	1074	1066	1125	1117	1103	1109	1103	1054	980	898	957	1036	1068	1071	1075	1062	1062
25	24	26	21	14	622	985	1026	1007	1042	1083	1076	1076	1072	1071	1066	1061	1079	1101	1111	1085	1079	1097	1072	1070	1072	1066	1066
25	24	26	0	376	967	1016	1057	1058	1095	1072	1068	1073	1071	1069	1072	1062	1066	1074	1090	1104	1107	1102	1074	1066	1072	1073	1069
24	25	8	125	854	1003	1044	1022	1101	1074	1071	1071	1075	1073	1070	1072	1069	1060	1066	1073	1081	1091	1084	1078	1071	1066	1070	1068
25	24	8	527	991	1055	931	1056	1083	1067	1070	1066	1060	1067	1072	1069	1069	1068	1069	1069	1070	1076	1075	1074	1067	1063	1064	1066
24	24	117	852	1043	1117	904	1098	1073	1071	1071	1068	1054	1051	1069	1072	1066	1063	1068	1070	1076	1084	1078	1075	1067	1066	1068	1063
29	24	337	971	1153	1099	986	1099	1071	1071	1069	1074	1071	1072	1072	1072	1071	1070	1069	1069	1073	1085	1083	1070	1063	1065	1071	1066
52	17	579	1006	1187	955	1044	1091	1069	1071	1071	1069	1071	1071	1074	1073	1073	1071	1071	1073	1074	1080	1084	1076	1069	1066	1069	1067
53	36	772	1019	1054	835	1097	1081	1070	1065	1056	1068	1072	1071	1074	1074	1070	1069	1069	1072	1075	1073	1071	1074	1072	1065	1064	1062
18	115	887	1034	770	667	1117	1078	1072	1068	1058	1069	1071	1071	1061	1070	1074	1072	1069	1066	1072	1074	1071	1071	1065	1058	1064	1060
0	223	949	1034	531	626	1113	1080	1070	1071	1073	1072	1071	1066	1058	1067	1073	1073	1062	1059	1071	1076	1072	1065	1066	1069	1074	1062
0	334	978	1017	389	580	1098	1087	1071	1073	1072	1072	1072	1071	1074	1074	1073	1073	1073	1073	1084	1087	1073	1066	1066	1068	1074	1055
6	420	987	999	328	521	1060	1102	1074	1074	1071	1070	1072	1073	1072	1067	1072	1072	1073	1081	1093	1100	1082	1065	1063	1065	1059	1039
23	25	26	25	24	24	26	26	25	26	26	24	25	25	24	25	24	23	25	24	25	25	25	25	24	25	25	25
25	23	25	24	25	25	25	25	26	25	26	25	26	24	25	23	24	24	25	25	24	26	25	24	24	25	24	24
25	24	24	24	25	25	25	25	26	26	26	25	26	26	25	23	24	25	25	25	25	26	25	25	25	24	24	26
25	24	24	25	25	25	25	25	25	26	26	25	25	26	25	24	24	26	25	26	26	26	25	26	28	25	26	25
25	24	25	25	25	24	26	26	24	26	27	25	27	24	24	25	25	26	27	26	27	27	28	28	29	29	28	26
25	23	24	24	24	25	25	25	24	25	24	25	25	24	25	26	27	23	14	5	1	0	0	2	9	14	20	22
23	22	22	23	22	23	25	23	22	23	22	22	18	22	16	0	0	21	105	200	267	295	274	220	162	106	74	59
23	23	21	22	23	23	24	23	23	23	24	22	15	0	25	232	516	741	867	923	944	949	939	927	896	849	809	786
23	23	22	23	23	24	25	24	26	26	23	0	34	348	748	944	969	951	952	962	976	987	977	959	952	948	949	951
24	24	23	25	24	27	25	25	28	19	0	248	744	968	951	937	977	1013	1042	1043	1038	1094	1078	1056	1052	1047	1033	1003
24	24	23	25	24	28	27	30	15	22	488	937	961	921	957	1050	1127	1130	1075	1048	1045	1076	1053	1045	1044	1003	946	928
24	24	23	25	24	27	29	16	42	611	982	936	942	1039	1143	1149	1070	992	915	980	1041	1055	1043	1036	1038	1025	1022	1032
25	25	23	25	25	31	22	28	607	982	934	1000	1272	1361	982	659	514	531	646	904	1054	1064	1071	1075	1075	1075	1077	1078
23	24	25	24	27	25	9	478	974	941	1023	1248	1274	1017	784	895	969	949	985	1045	1087	1098	1082	1077	1074	1062	1069	1067
25	24	23	24	27	7	296	937	953	1019	1073	1141	1102	1060	1091	1098	1092	1092	1100	1107	1098	1098	1086	1073	1073	1059	1066	1068
25	25	25	23	20	130	825	976	1029	1058	1067	1074	1076	1074	1068	1066	1064	1066	1071	1081	1080	1085	1082	1073	1074	1065	1056	1056
26	26	26	25	47	644	988	1032	1075	1077	1069	1073	1069	1072	1067	1068	1067	1068	1068	1070	1073	1075	1073	1064	1069	1077	1058	1063
25	25	25	21	419	975	1030	1071	1077	1070	1066	1060	1062	1069	1072	1063	1055	1071	1070	1073	1074	1073	1071	1061	1045	1066	1071	1074
26	23	32	169	882	1013	1128	1094	1071	1066	1067	1055	1067	1071	1071	1064	1062	1070	1072	1074	1072	1073	1060	1062	1049	1058	1070	1072
23	37	31	581	994	1153	1180	1074	1071	1071	1072	1072	1069	1065	1072	1071	1062	1068	1071	1071	1068	1072	1072	1073	1064	1066	1070	1071
26	52	128	876	1040	1203	1129	1067	1072	1073	1072	1071	1053	1050	1068	1069	1058	1063	1070	1070	1072	1073	1076	1058	1043	1064	1072	1070
55	12	361	974	1067	1129	1085	1066	1066	1070	1072	1071	1062	1068	1071	1072	1071	1072	1073	1070	1073	1075	1073	1058	1039	1064	1074	1071
64	0	594	986	1044	1084	1080	1072	1070	1070	1071	1070	1072	1071	1072	1072	1069	1067	1073	1071	1066	1068	1073	1072	1065	1068	1072	1075
20	29	776	1002	1028	1065	1075	1070	1069	1071	1067	1069	1066	1068	1074	1072	1070	1067	1067	1069	1063	1057	1072	1075	1062	1055	1060	1066
13	129	889	1020	954	1059	1077	1072	1072	1068	1049	1058	1069	1069	1063	1072	1073	1074	1069	1066	1071	1069	1072	1074	1068	1066	1058	1057
87	282	947	1022	886	1074	1074	1068	1070	1066	1058	1064	1073	1055	1051	1069	1073	1073	1071	1060	1064	1067	1070	1073	1070	1073	1075	1072
73	370	978	1020	806	1079	1077	1066	1069	1071	1071	1072	1072	1069	1068	1072	1073	1072	1071	1063	1062	1074	1071	1073	1076	1074	1073	1072
63	477	990	1057	708	1061	1085	1072	1070	1074	1074	1071	1072	1071	1072	1071	1072	1073	1073	1073	1072	1076	1072	1068	1067	1072	1064	1028
22	24	26	24	24	24	23	26	26	24	24	26	24	24	24	25	23	24	24	25	25	23	24	26	23	24	24	24
24	23	25	24	25	24	24	25	25	24	25	24	25	25	25	23	23	24	23	27	24	25	24	25	25	24	24	24
24	24	24	24	24	24	24	25	25	24	25	26	24	25	25	23	25	24	25	24	26	24	26	25	25	25	25	23
25	24	25	24	24	23	26	26	23	25	25	26	25	25	25	25	23	25	25	25	26	25	26	26	26	25	25	25
24	25	25	24	24	24	27	25	23	25	26	24	26	25	25	25	25	26	27	26	27	27	28	28	27	27	28	28
23	23	24	24	23	23	26	24	24	25	24	26	25	23	27	28	27	20	10	1	0	0	0	0	1	4	9	11
22	23	22	21	20	21	24	21	21	22	20	23	20	22	12	0	0	42	135	234	302	328	327	298	252	205	171	145
23	24	23	23	21	22	24	21	22	22	23	23	6	0	72	322	602	794	896	935	950	954	952	950	933	913	894	877
22	23	22	23	22	24	24	22	26	26	21	0	88	475	837	966	963	953	959	973	973	966	954	940	941	952	956	955
23	25	24	25	22	26	24	26	29	14	3	360	842	978	941	949	997	1050	1071	1091	1088	1070	1062	1055	1054	1042	1020	993
24	25	23	25	24	26	25	29	7	53	595	970	948	933	1001	1084	1116	1121	1065	1041	1034	1022	1026	1017	988	959	951	958
24	26	24	24	23	26	25	8	72	701	980	931	954	1035	1163	1119	1064	1034	1037	1045	1047	1056	1061	1055	1054	1060	1071	1072
24	24	24	24	24	28	17	41	667	977	934	984	1010	1086	1091	1064	1056	1078	1092	1087	1075	1077	1076	1072	1074	1075	1072	1065
25	26	24	24	27	22	5	526	977	945	1006	1014	1033	1045	1065	1081	1084	1088	1083	1075	1068	1075	1071	1066	1073	1073	1067	1060
24	26	23	26	27	1	323	949	965	1020	1047	1042	1049	1068	1069	1066	1067	1058	1069	1068	1054	1059	1065	1068	1069	1064	1062	1056
25	27	25	27	5	145	846	984	1030	1052	1065	1067	1074	1069	1066	1070	1068	1051	1065	1070	1061	1058	1057	1065	1070	1055	1048	1050
25	26	25	18	38	682	993	1075	1089	1069	1072	1074	1070	1075	1058	1064	1071	1062	1067	1071	1071	1071	1067	1061	1058	1043	1040	1054
24	26	24	6	455	974	1083	1178	1081	1071	1069	1067	1060	1071	1058	1056	1069	1069	1071	1070	1067	1072	1069	1046	1039	1059	1061	1070
25	23	9	189	896	1025	1215	1131	1066	1072	1067	1056	1047	1063	1061	1047	1066	1071	1070	1073	1072	1073	1068	1044	1056	1069	1065	1071
23	24	26	603	990	1090	1126	1066	1072	1070	1069	1071	1057	1056	1061	1054	1060	1073	1065	1058	1069	1072	1068	1066	1073	1070	1067	1073
23	37	142	880	1010	1066	1067	1071	1072	1072	1069	1071	1063	1040	1059	1070	1068	1072	1069	1060	1055	1065	1068	1064	1063	1059	1069	1072
42	21	351	975	1032	1063	1068	1070	1069	1071	1072	1072	1067	1064	1070	1072	1070	1067	1061	1052	1050	1062	1059	1055	1059	1069	1071	1068
70	5	595	1001	1061	1071	1070	1070	1064	1067	1070	1069	1070	1070	1070	1074	1065	1057	1061	1055	1054	1072	1062	1039	1052	1063	1058	1062
63	70	789	1018	1070	1072	1068	1067	1059	1063	1069	1067	1066	1064	1067	1070	1071	1064	1068	1070	1069	1070	1065	1044	1036	1048	1059	1069
69	176	908	1036	1082	1076	1071	1068	1063	1057	1048	1053	1066	1068	1067	1067	1064	1063	1065	1066	1070	1067	1066	1069	1058	1060	1062	1064
65	314	967	1103	1128	1071	1069	1069	1067	1063	1050	1041	1064	1049	1056	1072	1069	1065	1067	1060	1058	1066	1062	1069	1066	1069	1072	1074
93	448	993	1193	1162	1067	1070	1068	1067	1064	1059	1061	1066	1060	1058	1068	1071	1072	1067	1059	1040	1065	1067	1061	1062	1066	1069	1062
101	515	1017	1227	1143	1064	1068	1070	1069	1069	1071	1069	1070	1071	1072	1070	1070	1071	1069	1067	1056	1058	1060	1061	1060	1066	1072	1066
24	24	25	24	25	25	24	26	25	24	24	25	25	24	24	25	24	27	26	25	25	25	24	26	26	25	26	26
24	23	25	24	25	25	25	26	26	24	25	25	25	24	25	23	26	25	26	24	26	26	25	27	26	26	26	26
26	24	24	24	23	25	25	26	25	25	25	25	25	26	24	24	27	25	26	24	27	26	26	28	25	27	27	26
24	25	26	25	24	25	25	25	25	25	26	25	25	26	24	25	26	26	26	26	27	27	27	27	27	27	27	27
25	24	25	25	25	25	25	26	25	25	26	26	26	24	26	27	26	27	28	28	28	30	29	29	29	30	30	30
24	25	23	24	25	24	25	25	25	25	26	25	25	26	28	29	28	24	15	6	0	0	0	0	0	0	1	2
20	22	22	21	21	22	21	20	20	22	21	20	20	23	9	0	0	29	106	195	267	316	345	355	341	328	306	284
22	22	22	21	23	22	21	20	20	22	22	22	5	0	83	327	585	769	875	928	948	957	960	958	955	951	946	944
23	24	23	22	24	25	24	23	24	27	16	0	130	528	856	964	967	948	940	939	936	936	937	942	948	957	963	960
24	25	25	24	24	25	25	26	28	4	27	451	890	979	941	952	989	1020	1036	1033	1047	1051	1055	1057	1047	1026	1007	976
24	22	24	25	24	25	24	28	0	107	698	983	939	958	1033	1088	1104	1076	1046	1029	1047	1051	1036	1002	974	975	988	993
25	25	23	23	25	25	26	2	134	795	970	941	991	1079	1158	1109	1063	1043	1047	1061	1068	1070	1061	1065	1072	1076	1080	1080
24	24	24	25	25	26	11	83	767	970	958	1021	1036	1049	1083	1058	1061	1072	1071	1075	1069	1063	1071	1063	1069	1070	1071	1073
25	24	24	25	27	23	19	620	979	975	1029	1033	1000	1000	1057	1072	1072	1072	1069	1067	1073	1071	1059	1063	1073	1071	1073	1074
24	24	24	25	27	7	382	966	995	1066	1043	1012	1034	1072	1071	1069	1068	1068	1073	1067	1066	1060	1051	1069	1070	1069	1068	1071
25	26	26	26	14	158	871	1004	1128	1159	1049	1063	1071	1067	1066	1070	1064	1052	1070	1071	1073	1050	1040	1060	1057	1055	1062	1067
25	24	25	30	39	678	995	1103	1129	1095	1071	1067	1067	1068	1060	1067	1065	1052	1062	1067	1072	1062	1041	1053	1043	1039	1058	1069
24	23	34	18	427	977	1059	1139	1095	1069	1071	1067	1066	1071	1064	1069	1071	1062	1056	1063	1066	1057	1047	1039	1032	1041	1055	1051
23	30	36	156	886	1012	1079	1078	1060	1072	1069	1067	1063	1062	1057	1061	1069	1066	1052	1049	1054	1061	1046	1041	1036	1045	1059	1042
31	58	15	557	1000	1055	1062	1066	1069	1071	1071	1069	1059	1043	1045	1038	1047	1065	1057	1044	1034	1052	1057	1055	1055	1068	1071	1066
65	45	116	870	1013	1076	1071	1069	1066	1070	1069	1068	1070	1054	1040	1052	1052	1063	1051	1045	1031	1035	1055	1064	1070	1062	1069	1070
77	22	380	973	1034	1073	1071	1069	1065	1063	1068	1069	1067	1068	1070	1065	1055	1040	1027	1029	1030	1028	1038	1039	1055	1055	1066	1069
70	58	659	1009	1073	1070	1072	1070	1069	1066	1069	1069	1069	1067	1067	1064	1048	1030	1027	1030	1043	1050	1049	1040	1049	1066	1071	1068
58	148	848	1057	1133	1067	1072	1070	1069	1069	1063	1066	1071	1067	1063	1064	1049	1035	1037	1049	1058	1053	1060	1054	1062	1064	1067	1067
57	285	944	1134	1188	1064	1070	1069	1068	1066	1055	1050	1064	1070	1070	1064	1059	1055	1055	1049	1051	1057	1060	1071	1071	1070	1071	1070
58	436	991	1184	1170	1067	1069	1067	1068	1068	1058	1036	1032	1055	1061	1070	1069	1065	1065	1046	1043	1061	1037	1051	1071	1066	1061	1056
61	562	1009	1130	1111	1070	1069	1059	1059	1057	1052	1044	1045	1046	1045	1067	1071	1070	1069	1054	1055	1057	1054	1049	1054	1063	1063	1058
108	650	1020	1061	1073	1070	1067	1067	1063	1061	1063	1059	1061	1057	1064	1070	1070	1071	1067	1066	1066	1063	1059	1060	1052	1058	1071	1066
23	26	24	24	24	26	23	25	25	24	24	24	24	23	25	24	23	26	26	25	25	25	26	26	24	26	26	26
26	24	25	25	24	25	25	25	25	24	25	24	25	25	25	22	26	25	26	25	25	27	26	26	24	27	27	24
23	25	25	24	25	25	24	25	25	25	24	25	24	25	25	25	27	27	25	25	24	26	26	26	24	27	27	27
24	23	25	24	26	24	25	25	26	24	24	25	23	25	25	27	26	27	25	27	27	27	27	27	26	26	27	26
25	25	24	26	24	25	25	25	25	25	24	23	26	23	26	26	25	27	27	27	28	30	30	29	29	29	29	29
24	23	23	24	23	24	24	24	25	23	25	23	23	26	26	27	28	26	18	11	1	0	0	0	0	0	0	0
20	23	19	19	21	19	20	20	20	19	20	17	18	21	13	0	0	3	62	152	246	333	400	441	457	464	455	436
21	22	23	23	22	21	22	21	21	24	23	21	10	0	40	225	467	681	829	911	947	964	972	966	965	965	962	963
26	25	23	24	26	25	23	24	23	26	16	0	102	449	785	945	973	963	939	926	925	929	931	939	951	960	965	959
23	25	25	24	25	25	24	26	26	0	31	435	865	980	949	930	936	958	981	1004	1030	1038	1048	1053	1035	1021	1001	968
24	23	23	26	25	24	23	26	0	135	719	981	943	943	977	1014	1033	1037	1044	1057	1067	1062	1040	1005	994	999	1015	1023
22	24	23	24	25	26	27	0	184	836	972	943	1009	1064	1084	1061	1036	1046	1056	1067	1071	1073	1072	1074	1080	1081	1080	1077
25	24	25	25	26	27	8	137	827	969	967	1069	1128	1115	1070	1050	1068	1075	1075	1071	1064	1066	1067	1071	1073	1071	1069	1067
25	24	25	26	25	20	47	688	976	982	1085	1111	1047	1043	1065	1070	1070	1070	1070	1072	1070	1057	1057	1073	1064	1060	1064	1060
24	26	25	26	25	16	425	972	983	1141	1146	1044	1035	1072	1071	1074	1068	1067	1073	1070	1067	1064	1059	1069	1052	1049	1063	1071
23	24	24	23	35	164	878	976	1155	1312	1076	1058	1067	1068	1069	1071	1070	1068	1071	1071	1066	1061	1053	1055	1045	1040	1059	1049
24	24	21	57	36	651	991	1038	1114	1123	1064	1072	1070	1070	1073	1071	1074	1069	1069	1061	1041	1046	1048	1053	1050	1054	1042	1046
25	23	66	27	360	974	1025	1055	1067	1059	1071	1072	1071	1067	1069	1071	1067	1051	1057	1051	1042	1049	1051	1044	1040	1044	1048	1055
22	62	77	105	844	1009	1069	1060	1058	1068	1070	1073	1074	1067	1066	1057	1057	1054	1053	1051	1040	1042	1033	1031	1033	1043	1055	1061
68	98	49	515	992	1053	1067	1067	1068	1071	1071	1070	1073	1064	1049	1041	1048	1057	1057	1050	1039	1033	1033	1034	1047	1068	1074	1071
99	64	164	864	1007	1074	1065	1072	1069	1069	1070	1066	1069	1071	1060	1044	1029	1042	1057	1051	1040	1028	1050	1066	1068	1069	1072	1072
79	40	449	981	1097	1096	1069	1070	1072	1068	1069	1069	1068	1069	1072	1046	1031	1034	1051	1056	1048	1036	1041	1054	1068	1067	1067	1065
62	74	723	1031	1214	1096	1068	1071	1071	1056	1051	1068	1067	1065	1067	1041	1026	1027	1036	1056	1053	1049	1054	1057	1071	1070	1070	1071
30	195	893	1082	1224	1071	1072	1072	1069	1062	1050	1064	1070	1065	1067	1041	1023	1028	1030	1054	1053	1045	1065	1070	1073	1071	1071	1070
23	376	974	1084	1123	1066	1069	1070	1072	1069	1062	1056	1070	1065	1064	1063	1039	1029	1033	1045	1040	1037	1038	1055	1062	1065	1067	1070
31	556	1001	1048	1073	1073	1066	1062	1068	1067	1063	1051	1052	1063	1073	1071	1067	1050	1038	1035	1034	1033	1030	1054	1059	1054	1042	1032
48	692	1014	1046	1067	1073	1070	1065	1062	1065	1062	1053	1034	1031	1047	1071	1065	1065	1063	1053	1061	1046	1061	1069	1069	1067	1072	1070
96	773	1031	1064	1070	1070	1070	1070	1069	1071	1071	1051	1047	1044	1036	1056	1059	1056	1061	1071	1071	1067	1066	1062	1061	1068	1070	1035
23	24	24	24	24	25	23	26	24	24	25	25	25	24	25	25	26	26	25	25	28	26	27	27	26	27	26	27
25	24	24	24	24	25	24	25	25	23	25	24	25	24	25	24	27	26	26	26	26	27	27	26	28	27	28	26
23	24	24	24	24	23	26	24	25	24	24	25	24	24	23	27	26	28	25	27	26	27	28	27	27	27	28	27
22	24	25	24	25	23	25	25	25	23	24	25	23	24	24	28	25	27	26	28	27	27	28	28	27	28	28	28
25	23	24	25	24	25	25	24	26	25	23	23	24	23	26	25	25	27	28	28	30	29	31	29	29	30	28	30
22	23	22	23	22	24	23	23	24	24	22	23	22	24	27	26	28	27	22	13	0	0	0	0	0	0	0	0
23	22	21	23	21	23	22	21	22	22	20	20	21	24	24	8	0	0	34	130	248	366	466	529	566	579	570	551
24	25	23	25	22	23	25	23	21	23	23	23	21	1	1	97	319	575	777	894	948	967	971	966	962	960	960	964
22	23	23	25	24	23	24	24	24	24	23	1	18	242	593	859	964	978	947	925	922	922	927	938	950	959	963	955
24	24	25	26	26	24	23	25	26	7	1	250	697	945	969	934	916	931	953	976	1006	1030	1043	1046	1039	1024	996	966
24	24	23	23	25	25	25	26	0	73	580	946	963	926	928	957	998	1032	1048	1060	1070	1055	1035	1022	1019	1019	1032	1040
24	24	25	24	23	25	26	0	154	785	985	932	939	966	1012	1026	1043	1057	1060	1066	1072	1074	1074	1078	1076	1080	1080	1074
24	24	24	24	25	26	0	143	833	974	937	988	1050	1052	1040	1050	1063	1070	1074	1074	1071	1072	1073	1077	1063	1067	1075	1063
24	26	23	25	24	12	63	749	974	957	1026	1081	1077	1058	1063	1071	1077	1072	1071	1072	1072	1071	1073	1075	1066	1067	1052	1049
23	24	24	23	33	18	517	978	971	1034	1081	1066	1062	1073	1073	1064	1071	1074	1070	1072	1075	1074	1071	1072	1068	1060	1050	1063
23	23	25	46	51	239	919	973	1033	1054	1060	1067	1072	1072	1075	1066	1067	1071	1072	1057	1059	1070	1052	1057	1068	1064	1072	1051
24	23	52	87	78	737	984	1032	1060	1053	1068	1071	1072	1073	1069	1065	1062	1070	1071	1036	1036	1050	1042	1050	1066	1070	1069	1059
20	49	90	68	442	983	1025	1052	1061	1071	1062	1066	1071	1072	1072	1064	1049	1052	1073	1052	1051	1055	1046	1041	1058	1064	1068	1074
35	73	93	196	876	1022	1072	1037	1071	1073	1069	1062	1057	1059	1065	1063	1048	1044	1047	1059	1053	1047	1036	1045	1064	1070	1074	1073
52	81	68	593	997	1083	1068	1060	1072	1068	1067	1059	1055	1052	1051	1051	1050	1033	1040	1048	1046	1038	1035	1054	1071	1070	1072	1070
53	54	203	899	1053	1125	1068	1073	1073	1070	1072	1070	1068	1071	1063	1042	1039	1015	1008	1051	1050	1053	1050	1057	1070	1071	1071	1070
60	28	515	991	1125	1114	1065	1066	1065	1067	1073	1070	1066	1070	1070	1059	1042	1023	1021	1048	1062	1066	1063	1047	1055	1064	1069	1074
62	82	787	1018	1121	1080	1064	1063	1055	1047	1067	1072	1068	1070	1068	1043	1027	1029	1028	1032	1049	1066	1070	1067	1067	1068	1066	1072
38	232	930	1036	1061	1069	1070	1071	1064	1052	1068	1070	1065	1067	1067	1035	1025	1027	1028	1049	1030	1041	1059	1068	1071	1072	1072	1066
17	426	988	1043	1059	1072	1070	1069	1066	1067	1068	1065	1059	1064	1067	1050	1035	1031	1030	1061	1035	1014	1025	1020	1029	1027	1029	1015
13	630	1005	1057	1070	1070	1071	1071	1068	1066	1070	1068	1068	1066	1064	1048	1037	1038	1034	1052	1029	1001	1049	1061	1065	1060	1053	1042
76	781	1021	1070	1072	1070	1070	1072	1067	1067	1067	1065	1050	1036	1044	1042	1029	1028	1038	1048	1036	1050	1057	1058	1058	1067	1077	1049
166	868	1035	1070	1069	1067	1069	1072	1067	1059	1053	1041	1037	1034	1029	1034	1027	1027	1032	1042	1054	1062	1067	1056	1054	1059	1063	1036
23	23	25	23	25	24	24	24	25	23	23	24	25	23	25	24	24	25	25	24	25	25	25	26	25	24	26	26
25	24	24	24	24	25	24	24	24	24	23	24	24	22	24	24	26	25	25	24	24	26	23	25	26	26	26	25
23	25	24	23	24	25	25	23	25	23	25	24	24	24	23	24	26	26	24	25	25	26	25	24	25	25	25	26
22	24	25	23	24	25	24	24	23	22	24	24	24	23	24	25	26	26	25	26	25	24	26	25	25	26	25	26
24	23	26	25	24	24	25	25	25	24	23	25	24	24	24	25	25	26	25	26	29	28	27	25	26	24	23	24
22	24	24	24	24	24	24	24	24	24	23	23	23	25	25	25	28	28	23	12	0	0	0	0	0	2	2	0
24	22	24	23	23	24	23	23	22	24	23	22	24	24	26	19	1	0	23	122	254	390	509	594	640	656	645	630
25	24	24	24	24	24	26	24	24	24	25	25	29	15	0	30	222	499	740	887	950	965	967	961	951	949	952	958
23	24	24	24	24	24	25	24	26	24	27	18	0	66	379	751	942	971	949	926	920	919	923	931	941	951	954	948
25	24	24	26	25	22	25	23	25	23	0	51	392	809	974	955	925	920	939	963	992	1022	1040	1045	1038	1023	996	960
24	24	24	23	26	25	24	26	9	1	274	764	979	951	921	935	977	1017	1042	1057	1067	1063	1045	1033	1026	1027	1032	1040
24	24	23	23	24	24	25	4	48	546	955	960	925	937	982	1036	1062	1059	1056	1062	1071	1072	1073	1077	1077	1076	1078	1075
22	25	24	24	23	23	14	94	708	986	936	955	984	1004	1043	1065	1065	1071	1073	1072	1073	1070	1068	1073	1070	1070	1071	1063
23	23	24	21	29	52	86	708	980	962	1044	1066	1063	1067	1069	1072	1074	1061	1060	1066	1075	1066	1062	1073	1073	1074	1065	1048
22	23	22	33	77	57	571	982	998	1097	1104	1074	1070	1067	1072	1064	1071	1072	1055	1062	1074	1069	1055	1049	1068	1074	1071	1072
23	21	28	73	60	348	960	1000	1100	1099	1063	1068	1070	1062	1071	1066	1063	1074	1060	1047	1067	1068	1053	1041	1068	1072	1074	1066
22	25	47	81	158	836	999	1088	1086	1051	1069	1069	1069	1069	1063	1061	1036	1070	1056	1038	1060	1066	1062	1071	1072	1073	1077	1074
24	31	54	84	594	995	1105	1138	1044	1071	1065	1062	1068	1073	1068	1053	1011	1049	1072	1063	1058	1061	1064	1069	1069	1076	1073	1080
25	30	56	291	939	1068	1348	1080	1053	1065	1052	1055	1066	1072	1070	1048	1031	1014	1074	1070	1051	1058	1067	1063	1066	1073	1074	1069
22	44	83	695	1003	1127	1209	1050	1064	1068	1061	1058	1066	1061	1064	1056	1056	1014	1061	1070	1069	1068	1064	1060	1067	1073	1073	1071
30	53	274	940	1036	1073	1052	1077	1073	1068	1068	1070	1067	1061	1053	1059	1060	1027	1017	1075	1072	1068	1064	1062	1071	1074	1072	1068
45	42	578	998	1052	1031	1069	1072	1064	1070	1067	1067	1067	1071	1066	1067	1063	1021	958	1046	1077	1071	1068	1069	1071	1072	1070	1070
33	109	837	1021	1043	1042	1075	1070	1059	1062	1071	1067	1070	1069	1070	1052	1029	1030	1005	983	1031	1068	1076	1073	1073	1075	1071	1070
8	281	960	1039	1044	1066	1071	1071	1064	1061	1071	1070	1070	1066	1049	1031	1025	1028	1033	1005	994	1008	1032	1033	1051	1053	1046	1041
9	513	999	1046	1051	1074	1072	1070	1069	1068	1069	1067	1066	1059	1036	1028	1028	1028	1032	1031	1016	1023	1028	1026	1039	1030	1033	988
59	727	1015	1050	1058	1070	1072	1065	1067	1069	1067	1063	1063	1062	1039	1027	1026	1025	1034	1052	1019	1015	1069	1065	1075	1074	1081	1042
146	857	1031	1043	1066	1066	1060	1050	1045	1063	1068	1070	1068	1058	1044	1027	1027	1026	1038	1061	1033	1053	1075	1061	1064	1073	1074	1018
233	930	1044	1047	1068	1070	1067	1061	1048	1049	1060	1064	1068	1054	1030	1024	1035	1032	1041	1053	1043	1053	1053	1045	1059	1069	1062	1068
25	23	25	26	25	23	25	25	25	24	23	23	25	24	24	25	22	25	22	24	25	23	23	25	22	21	24	22
26	26	24	26	25	25	24	25	25	26	23	24	23	25	24	23	24	26	22	26	23	23	22	24	22	22	22	21
22	26	26	25	25	25	26	25	25	27	26	24	26	24	24	25	25	23	23	24	24	24	24	23	22	21	22	21
25	24	25	27	25	25	25	25	25	24	27	23	27	25	24	27	26	26	25	24	23	24	23	23	23	23	23	20
25	25	24	28	25	24	26	25	26	25	24	25	26	26	25	25	27	25	27	26	24	27	25	25	24	22	19	18
26	24	24	25	26	26	24	26	26	25	24	27	25	28	26	26	28	28	27	17	3	0	0	0	3	6	6	3
25	25	24	24	24	26	24	24	24	24	23	28	24	26	28	28	12	0	5	82	212	370	506	607	667	692	688	671
25	24	26	25	25	25	27	27	26	24	27	27	30	28	8	1	109	377	657	844	935	965	968	958	952	949	947	954
27	24	25	25	25	26	24	26	28	26	24	27	15	0	158	550	866	972	961	936	925	918	916	922	930	932	934	936
26	25	25	26	25	25	25	23	24	28	27	6	104	511	896	977	936	916	924	944	970	985	1003	1018	1006	989	994	956
24	24	24	25	26	26	23	22	35	29	39	357	818	974	935	919	942	990	1029	1053	1062	1056	1042	1029	1019	1016	1025	1031
25	25	25	25	25	24	29	51	26	166	653	959	952	925	958	1017	1046	1049	1053	1059	1065	1072	1076	1077	1078	1078	1077	1073
25	24	25	26	23	36	74	53	355	866	969	930	948	1002	1053	1069	1066	1069	1075	1077	1075	1073	1077	1074	1070	1072	1068	1058
25	24	26	23	35	68	50	460	953	958	963	1002	1048	1073	1074	1071	1073	1068	1070	1067	1075	1075	1074	1058	1065	1075	1073	1065
24	25	25	27	47	35	437	968	974	1024	1052	1069	1073	1070	1073	1066	1069	1073	1070	1071	1072	1074	1072	1052	1067	1075	1076	1075
25	24	25	28	52	307	938	990	1049	1065	1071	1073	1070	1068	1076	1047	1039	1065	1071	1062	1059	1073	1072	1066	1070	1080	1075	1048
25	22	20	57	173	838	1006	1077	1077	1068	1070	1073	1073	1066	1073	1040	999	1056	1058	1062	1064	1068	1074	1077	1080	1078	1068	1042
26	22	51	69	631	993	1062	1106	1066	1069	1060	1073	1071	1068	1056	1051	1013	1050	1074	1070	1065	1071	1077	1075	1074	1056	1052	981
22	46	50	318	949	1013	1096	1072	1063	1061	1063	1070	1069	1074	1072	1062	1053	1057	1075	1069	1068	1074	1077	1072	1066	1068	1063	1048
25	53	75	736	994	1060	1065	1065	1072	1070	1067	1070	1067	1064	1073	1070	1076	1075	1068	1066	1068	1073	1074	1071	1070	1066	1064	1062
28	19	304	959	1021	1043	1049	1074	1071	1068	1071	1070	1063	1057	1065	1070	1063	1072	1023	1054	1067	1070	1072	1069	1065	1060	1061	1060
23	23	656	1001	1054	1022	1068	1072	1063	1070	1073	1074	1069	1064	1067	1076	1063	1030	1011	1048	1058	1062	1062	1065	1063	1061	1061	1063
7	188	895	1019	1039	1040	1077	1071	1073	1071	1072	1069	1065	1064	1064	1048	1029	1015	1011	1027	1052	1061	1059	1064	1062	1061	1059	1057
7	435	978	1024	1021	1069	1071	1073	1069	1072	1072	1066	1058	1048	1024	1027	1028	1029	1028	1013	1026	1033	1027	1031	1039	1038	1039	1031
39	658	1000	1033	1030	1077	1068	1069	1073	1071	1071	1058	1052	1035	1017	1029	1030	1030	1027	1023	1024	1033	1027	1055	1070	1071	1053	990
101	815	1022	1050	1052	1074	1054	1052	1068	1070	1066	1054	1045	1035	1017	1027	1027	1028	1029	1033	1041	1043	1064	1073	1069	1074	1070	987
187	914	1065	1104	1063	1073	1067	1049	1061	1067	1072	1070	1059	1052	1015	1028	1029	1026	1031	1048	1044	1045	1067	1062	1063	1066	1037	1080
277	961	1113	1151	1063	1071	1068	1065	1069	1072	1072	1073	1067	1058	1015	1010	1032	1035	1047	1057	1063	1061	1065	1064	1068	1044	1053	1132
24	24	24	24	24	24	24	23	24	24	24	24	24	24	26	25	23	25	23	25	25	25	24	24	25	25	25	24
25	25	23	24	25	24	25	25	25	24	24	24	23	25	25	24	25	25	24	25	24	24	26	25	26	24	24	24
24	24	25	23	24	25	24	24	25	24	25	24	24	26	25	25	24	24	25	26	24	24	26	24	24	24	25	25
24	24	24	25	23	26	25	23	25	23	26	24	24	24	25	26	24	26	25	26	25	24	25	24	25	24	27	25
24	25	23	26	25	24	26	23	25	25	24	25	25	24	25	24	26	26	25	26	26	24	27	26	26	25	27	25
24	23	23	23	25	24	24	24	24	25	23	26	25	26	25	25	27	26	26	23	10	1	0	0	0	1	2	0
23	24	23	23	25	24	23	24	24	23	23	25	25	24	25	24	20	4	0	14	102	243	386	510	594	634	644	630
25	23	24	24	24	25	24	25	25	23	25	24	26	24	26	13	25	182	457	706	862	944	966	967	962	957	957	959
24	24	22	24	25	23	25	24	26	26	23	24	34	27	40	276	664	914	972	955	935	923	917	918	920	922	921	924
24	26	24	25	26	25	24	24	21	28	44	47	18	192	655	948	961	926	919	926	938	948	959	967	961	959	976	949
24	24	23	24	24	25	24	24	51	72	30	70	488	911	967	922	925	954	981	1011	1018	1019	1028	1006	988	988	995	992
23	25	23	24	26	23	26	58	60	26	283	786	976	931	938	982	1014	1012	1012	1022	1045	1062	1066	1068	1075	1075	1077	1080
24	24	24	24	25	26	41	22	83	570	952	951	929	972	1032	1048	1050	1062	1069	1076	1077	1077	1072	1073	1070	1068	1069	1071
25	24	26	25	23	23	10	169	765	977	934	960	1010	1057	1070	1054	1067	1079	1075	1071	1073	1074	1071	1063	1048	1063	1067	1070
24	23	24	23	27	44	236	844	967	953	1002	1049	1069	1071	1075	1048	1053	1070	1074	1072	1064	1073	1074	1068	1065	1071	1072	1036
24	24	24	35	49	228	856	983	994	1014	1055	1072	1072	1066	1074	1038	1014	1071	1066	1066	1054	1070	1071	1072	1071	1054	1011	976
25	23	35	60	152	804	999	1033	1037	1060	1069	1068	1073	1067	1054	1053	1005	1060	1062	1073	1072	1074	1075	1060	1045	1023	1006	988
23	22	57	72	665	1005	1042	1059	1067	1070	1055	1071	1072	1071	1064	1067	1063	1068	1071	1071	1072	1065	1052	1046	1068	976	979	1006
23	28	20	404	984	1027	1064	1066	1067	1067	1071	1072	1071	1069	1072	1064	1070	1074	1068	1065	1057	1025	1033	1066	1063	1049	1052	1047
27	12	105	834	1010	1053	1070	1069	1069	1069	1068	1071	1066	1073	1070	1071	1071	1071	1062	1052	1051	1049	1051	1058	1059	1056	1060	1051
24	8	471	988	1033	1056	1053	1072	1067	1069	1068	1064	1063	1069	1071	1068	1069	1062	1053	1049	1044	1045	1048	1056	1060	1059	1055	1057
11	118	813	1005	1053	1025	1069	1071	1069	1070	1061	1056	1055	1056	1068	1046	1037	1048	1051	1050	1052	1051	1056	1055	1057	1043	1027	1054
4	373	963	1011	1029	1043	1074	1072	1070	1067	1059	1047	1041	1041	1048	1023	996	1032	1042	1051	1058	1055	1052	1050	1056	1047	1008	1011
25	641	989	1073	1054	1062	1062	1062	1067	1067	1054	1041	1038	1040	1040	1036	1024	1027	1026	1025	1044	1041	1047	1057	1054	1038	991	1013
80	823	1006	1111	1069	1069	1046	1056	1069	1068	1050	1037	1037	1037	1043	1037	1027	1029	1027	1033	1051	1052	1053	1057	1047	1037	1024	1018
165	916	1041	1138	1065	1068	1044	1062	1069	1065	1051	1038	1038	1037	1042	1036	1028	1026	1029	1030	1049	1054	1052	1057	1058	1046	1015	984
287	967	1069	1123	1064	1071	1064	1066	1065	1071	1060	1040	1039	1037	1035	1039	1027	1026	1028	1028	1037	1057	1063	1065	1068	1051	991	1043
416	988	1059	1068	1067	1070	1070	1067	1064	1070	1068	1047	1038	1036	1037	1032	1027	1029	1027	1029	1040	1061	1063	1064	1069	1038	1042	1065
23	25	23	24	24	24	24	22	23	24	24	24	25	24	24	24	24	25	24	24	24	24	25	24	25	24	25	24
24	24	24	22	23	25	25	23	22	24	24	24	24	24	25	24	26	25	24	25	24	23	24	26	25	25	24	25
25	23	24	24	23	24	24	24	23	24	24	23	24	25	25	24	23	24	24	25	24	25	25	25	23	24	24	25
24	24	23	24	22	24	23	23	24	24	24	23	24	24	25	26	24	25	24	24	24	24	25	25	24	24	24	26
23	25	23	24	24	23	24	23	23	25	23	24	23	22	25	23	24	24	24	25	26	24	27	25	25	26	26	26
24	25	23	25	24	24	23	25	23	25	24	23	24	24	25	23	24	23	25	27	22	15	6	0	0	0	0	0
23	24	23	23	25	23	22	23	22	24	23	24	23	23	24	22	22	22	7	0	10	74	182	307	414	481	512	518
24	24	23	23	24	23	25	24	23	24	24	25	24	23	27	20	1	28	169	401	640	818	913	954	963	964	963	965
23	24	23	24	25	22	24	25	24	24	24	23	30	32	10	62	335	684	900	967	960	938	922	919	918	916	918	920
24	23	24	24	25	23	25	24	23	22	28	52	36	55	342	763	959	957	929	921	928	941	956	960	966	964	948	937
24	23	23	25	25	22	25	24	24	43	58	40	253	709	955	952	926	946	967	980	1013	1047	1045	1017	992	978	955	945
23	24	23	25	25	23	23	22	39	21	117	568	930	958	928	957	1003	1005	979	985	1020	1032	1031	1037	1045	1055	1058	1059
22	24	23	24	24	22	33	42	13	319	839	974	932	954	1002	1023	1022	1041	1048	1066	1073	1077	1077	1077	1073	1064	1066	1070
24	21	23	24	21	52	64	62	528	955	947	949	998	1047	1069	1057	1042	1082	1078	1076	1072	1071	1074	1071	1060	1054	1071	1058
24	23	23	22	58	42	127	678	977	950	989	1040	1072	1074	1075	1066	1045	1074	1072	1070	1051	1062	1071	1071	1071	1066	1033	974
25	25	22	53	49	142	755	986	997	1031	1055	1073	1074	1070	1070	1061	1010	1066	1066	1071	1063	1070	1076	1071	1036	991	970	986
22	23	28	37	115	750	1001	1029	1061	1057	1068	1070	1073	1063	1052	1059	1039	1071	1074	1074	1069	1058	1024	969	949	967	989	974
22	23	12	54	689	1017	1037	1070	1071	1072	1061	1069	1073	1069	1071	1077	1077	1069	1053	1035	1034	996	1001	1001	1000	1021	1013	1005
25	19	14	530	1012	1042	1071	1073	1069	1072	1071	1068	1063	1069	1074	1069	1067	1059	1042	1005	983	934	997	1049	1029	1012	1011	1048
25	2	286	947	1035	1059	1071	1072	1071	1072	1066	1066	1065	1071	1067	1067	1060	1049	1043	1046	1047	1055	1055	1052	1054	1044	1052	1049
15	51	708	1016	1049	1058	1064	1070	1071	1067	1053	1051	1057	1059	1061	1060	1048	1042	1043	1044	1044	1048	1054	1062	1041	1043	1049	1057
3	280	948	1017	1111	1048	1068	1068	1069	1061	1044	1042	1038	1036	1045	1048	1052	1047	1045	1043	1047	1054	1058	1042	1015	1005	1005	1052
2	595	991	1081	1185	1042	1059	1065	1070	1057	1038	1035	1035	1035	1038	1044	1030	1053	1050	1052	1052	1052	1056	1044	1037	1051	1043	1029
68	833	983	1205	1195	1041	1047	1059	1067	1052	1037	1038	1037	1038	1036	1043	1019	1034	1049	1049	1047	1060	1052	1051	1049	1047	1044	1046
215	944	1000	1136	1100	1061	1060	1065	1066	1051	1035	1039	1037	1038	1037	1043	1017	1031	1036	1047	1054	1058	1053	1062	1053	1037	1022	996
376	985	1022	1044	1065	1069	1059	1070	1068	1058	1037	1039	1040	1039	1048	1039	1016	1026	1027	1030	1038	1043	1057	1064	1047	1013	987	1016
519	992	1033	1018	1070	1072	1065	1064	1066	1068	1045	1037	1041	1040	1041	1040	1023	1025	1026	1026	1024	1039	1055	1053	1042	1051	1025	1065
643	1004	1042	1007	1075	1073	1071	1064	1066	1067	1057	1039	1038	1037	1036	1037	1035	1028	1026	1027	1027	1035	1048	1052	1061	1032	1040	1065
23	24	23	24	25	22	24	23	23	23	24	24	23	24	25	24	24	24	25	23	24	25	23	23	24	24	25	22
25	23	24	23	24	25	23	24	23	22	24	23	24	24	25	24	26	24	25	24	24	23	24	25	25	24	24	24
24	24	23	24	23	26	23	24	24	22	23	23	25	24	22	24	25	24	23	25	25	24	24	24	26	24	24	23
23	23	23	25	22	24	24	24	24	24	23	24	24	25	24	25	23	23	22	25	23	26	25	23	26	25	24	24
24	23	24	25	23	24	22	24	23	25	22	23	23	25	25	23	24	22	23	25	23	26	25	25	25	25	26	24
23	23	24	24	24	25	23	23	25	24	25	23	24	25	23	24	23	22	23	24	26	26	20	14	8	4	2	0
24	23	24	23	25	24	23	23	22	23	25	23	25	24	22	21	24	26	21	10	0	0	17	72	143	213	266	301
25	22	25	22	24	23	25	23	22	26	23	24	25	22	33	52	38	9	3	75	260	487	683	811	885	923	939	950
25	24	24	24	24	24	23	23	24	25	25	23	28	52	65	19	56	276	581	823	940	964	952	939	928	923	921	923
23	23	25	24	26	24	25	24	25	23	23	36	54	37	89	389	757	939	962	938	922	926	933	939	944	941	936	931
25	22	25	24	24	23	24	24	23	27	48	25	74	401	801	968	945	932	955	985	1032	1050	1048	1052	1037	1008	973	934
25	23	24	24	23	25	23	24	50	41	33	324	779	968	945	950	995	1036	1028	1025	1039	1019	1005	999	988	984	982	986
23	24	26	25	24	22	34	70	32	167	680	962	946	938	991	1041	1037	1011	1000	1022	1038	1053	1062	1071	1074	1077	1072	1076
26	22	22	24	22	48	70	60	401	896	965	939	993	1048	1072	1073	1014	1050	1079	1081	1078	1071	1067	1072	1075	1077	1065	1014
24	26	25	25	41	52	80	577	968	955	985	1045	1077	1073	1072	1078	1049	1077	1076	1070	1068	1059	1072	1072	1062	1023	984	926
25	24	25	28	24	79	653	981	985	1036	1058	1075	1075	1064	1073	1066	1024	1057	1079	1079	1074	1070	1050	1008	954	932	967	863
23	24	25	5	56	660	992	1022	1069	1067	1068	1072	1070	1066	1067	1060	1053	1044	1030	1030	1000	975	959	961	972	984	985	864
23	24	14	73	632	997	1038	1076	1073	1072	1065	1072	1071	1074	1076	1063	1051	1051	1024	1008	984	977	989	987	973	974	985	936
26	19	36	566	992	1038	1071	1070	1073	1073	1067	1068	1066	1071	1062	1035	1048	1047	1048	1038	1035	1022	1007	1011	1023	1032	1032	1032
26	3	361	966	1034	1072	1065	1067	1067	1069	1054	1057	1057	1060	1056	1046	1048	1044	1043	1048	1053	1051	1044	1044	1053	1045	1049	1048
12	83	809	1011	1068	1057	1062	1064	1069	1058	1049	1043	1038	1038	1045	1053	1052	1047	1045	1042	1048	1058	1055	1048	1038	1046	1050	1054
0	413	991	1038	1076	1056	1062	1064	1070	1057	1037	1038	1036	1039	1035	1043	1052	1052	1044	1046	1051	1055	1048	1042	1041	1056	1058	1055
33	778	1007	1061	1065	1063	1064	1069	1063	1046	1040	1040	1039	1039	1037	1038	1051	1055	1043	1051	1053	1047	1051	1043	1054	1061	1058	1015
234	957	1016	1049	1052	1064	1061	1069	1062	1043	1039	1040	1037	1039	1038	1038	1045	1056	1046	1061	1053	1048	1046	1048	1062	1062	1019	993
476	992	1033	1048	1059	1072	1072	1069	1067	1048	1039	1039	1038	1039	1037	1039	1045	1053	1050	1057	1041	1037	1029	1053	1062	1048	998	995
672	995	1046	1049	1066	1066	1069	1067	1069	1058	1044	1037	1041	1041	1044	1045	1029	1047	1046	1041	1038	1031	1030	1043	1049	1033	1031	1031
805	996	1058	1032	1069	1067	1068	1069	1066	1065	1052	1054	1059	1062	1063	1045	1023	1039	1034	1027	1029	1028	1029	1034	1055	1059	1064	1056
893	993	1045	1017	1074	1073	1069	1063	1048	1065	1050	1052	1060	1049	1044	1046	1044	1032	1031	1029	1027	1025	1026	1045	1056	1047	1076	1063
23	24	24	22	25	24	24	23	24	24	23	25	25	25	24	23	24	25	25	23	25	24	23	24	25	26	25	23
24	24	23	23	24	24	24	24	24	24	23	24	24	25	25	24	24	26	24	23	25	24	24	24	25	25	25	26
24	25	24	24	24	25	23	25	24	23	24	24	24	24	24	24	24	25	24	24	25	24	25	24	26	24	25	25
22	25	24	24	24	24	24	23	25	24	24	24	25	24	24	25	23	24	24	24	23	27	25	24	23	26	25	25
23	24	24	23	25	25	23	24	24	25	24	25	24	23	27	24	24	25	23	25	23	25	24	26	23	25	26	24
23	23	24	24	23	25	24	23	24	24	25	25	25	24	25	24	22	22	22	24	25	24	26	24	22	21	18	15
24	23	24	24	23	24	24	23	25	24	25	23	26	25	23	21	34	51	54	48	32	11	0	0	1	20	48	76
24	24	24	23	24	23	24	24	24	25	25	25	26	23	22	49	73	57	31	11	36	144	298	460	594	696	766	811
24	24	24	24	23	23	23	23	23	26	24	25	21	28	57	47	11	44	227	497	741	887	948	965	963	954	944	942
24	23	24	24	24	24	25	24	25	25	26	26	39	33	21	142	455	768	932	965	943	924	918	919	920	921	921	922
25	23	25	25	23	23	24	24	23	22	25	15	18	212	604	895	966	939	932	953	980	1005	1015	1026	1025	1016	985	945
23	23	24	24	23	24	24	22	34	41	25	213	635	934	967	937	968	1014	1053	1066	1062	1045	1020	1009	983	946	922	916
24	24	26	24	23	24	27	59	64	167	576	923	962	931	973	1048	1057	1026	989	974	972	973	980	984	987	993	989	983
24	25	25	24	23	26	54	62	378	856	973	938	968	1032	1067	1082	1005	945	995	1034	1057	1070	1072	1072	1069	1048	1023	1017
23	22	26	26	23	18	66	572	960	953	969	1028	1072	1074	1071	1082	1035	1006	1071	1077	1074	1074	1066	1047	1023	1017	1063	918
25	23	25	25	8	62	638	977	980	1031	1055	1075	1070	1070	1075	1077	1006	982	1021	1029	1021	1003	971	949	964	1006	1050	742
24	25	23	15	104	658	988	1020	1069	1073	1070	1071	1068	1070	1069	1038	962	935	935	959	971	987	985	956	961	1003	1008	713
24	26	12	90	642	989	1029	1074	1071	1071	1066	1066	1067	1067	1056	974	988	1018	985	989	972	1007	1003	987	972	980	1005	935
25	22	29	562	986	1031	1070	1066	1069	1067	1055	1053	1053	1052	1039	1006	1041	1053	1052	1020	998	1006	1021	1042	1052	1037	1029	1023
27	0	362	962	1021	1074	1065	1068	1062	1057	1045	1040	1037	1038	1043	1049	1051	1045	1045	1059	1051	1033	1046	1057	1053	1058	1062	1037
7	115	861	1002	1068	1064	1066	1066	1068	1052	1038	1037	1036	1035	1035	1041	1050	1051	1050	1054	1061	1035	1049	1043	1039	1057	1065	1046
0	577	998	1051	1066	1061	1069	1069	1065	1048	1035	1035	1034	1038	1037	1034	1043	1053	1049	1052	1050	1034	1048	1043	1051	1057	1050	1041
162	910	1010	1071	1060	1057	1064	1069	1063	1044	1037	1038	1036	1037	1035	1034	1042	1056	1047	1054	1046	1044	1048	1039	1052	1047	1012	1023
494	990	1042	1072	1058	1063	1067	1067	1060	1044	1035	1039	1037	1038	1039	1034	1046	1055	1048	1053	1037	1028	1035	1045	1054	1031	981	1002
782	988	1064	1066	1062	1072	1067	1065	1066	1054	1040	1036	1036	1037	1036	1038	1051	1054	1048	1051	1027	1025	1025	1041	1049	1025	1005	1021
923	993	1071	1062	1067	1068	1068	1067	1069	1065	1052	1039	1038	1039	1041	1043	1053	1052	1053	1047	1026	1027	1027	1035	1044	1048	1052	1055
947	1006	1071	1049	1070	1070	1065	1061	1049	1068	1062	1050	1049	1050	1042	1034	1053	1053	1051	1036	1027	1030	1032	1038	1060	1051	1045	1069
944	1007	1054	1041	1068	1070	1067	1059	1047	1065	1072	1027	1019	1034	1042	1051	1049	1049	1046	1033	1033	1031	1029	1053	1062	1056	1089	1087
24	24	24	24	25	23	24	24	24	24	23	25	24	23	24	24	24	25	24	23	24	24	25	24	23	25	24	23
24	25	24	24	25	24	23	23	23	23	23	25	23	25	24	23	24	25	24	24	25	24	24	25	23	25	24	24
23	25	24	25	24	26	23	24	24	22	23	23	23	25	23	24	24	25	24	25	23	25	24	25	23	25	25	25
23	24	25	25	24	23	25	24	25	22	24	25	23	24	23	25	22	23	24	24	24	26	25	25	24	25	25	25
24	25	23	25	24	22	24	22	25	23	23	24	25	23	25	22	23	26	23	23	24	22	23	25	24	24	25	25
24	24	25	24	23	24	24	23	24	24	24	24	23	24	22	23	23	25	22	26	31	34	36	33	30	27	25	25
24	25	24	26	23	23	25	24	24	23	26	25	24	24	24	24	23	29	43	59	68	67	54	40	24	10	0	0
25	24	23	24	24	23	23	24	24	24	23	25	24	22	24	24	33	39	37	29	22	22	52	126	225	323	414	480
24	25	23	24	24	25	23	23	24	25	22	24	22	24	25	24	11	12	70	227	428	615	771	866	928	954	966	969
24	25	25	23	24	25	24	25	25	24	24	19	17	9	2	47	268	580	820	936	967	956	944	929	923	918	917	919
24	22	25	23	24	24	24	23	21	22	30	22	1	117	443	786	950	960	936	930	942	958	969	977	978	974	956	941
25	23	24	23	23	23	24	22	44	63	56	169	525	865	971	943	943	979	1021	1050	1065	1064	1056	1054	1028	982	945	924
25	24	24	23	23	24	24	41	42	156	542	888	970	936	952	1021	1056	1059	1034	1010	985	959	938	927	925	920	933	940
24	24	25	25	23	25	10	29	398	856	974	939	954	1008	1055	1048	974	933	919	926	944	959	965	972	975	973	999	1038
25	24	24	26	24	10	68	599	967	949	957	1009	1064	1072	1078	1047	965	940	973	982	1006	1016	1020	1034	1046	1062	1068	1059
26	25	22	22	19	134	688	982	977	1030	1053	1073	1074	1073	1059	1006	951	958	976	997	1020	1004	1000	1018	1026	1016	1033	1064
24	26	24	13	126	702	989	1020	1070	1071	1073	1069	1062	1067	1045	971	944	956	977	1011	1007	977	1009	995	995	1021	984	1000
25	27	14	64	661	991	1034	1076	1069	1066	1055	1052	1044	1041	1046	1013	957	967	982	977	982	983	1014	977	976	1040	1051	995
25	21	0	556	990	1035	1073	1068	1067	1056	1045	1034	1034	1035	1037	1044	1013	994	1011	1028	1053	1059	1054	1047	1032	1056	1069	1032
28	0	404	975	1021	1074	1068	1069	1064	1052	1036	1035	1035	1037	1034	1041	1047	1026	1056	1069	1067	1063	1063	1062	1059	1063	1060	1027
0	209	924	1008	1066	1068	1071	1069	1065	1049	1034	1038	1034	1036	1037	1037	1044	1047	1061	1064	1067	1056	1058	1060	1066	1048	1026	1035
24	732	996	1050	1070	1066	1066	1068	1067	1045	1038	1038	1038	1037	1038	1037	1038	1052	1061	1060	1045	1046	1063	1061	1066	1047	1000	1052
348	973	1020	1071	1069	1060	1060	1071	1065	1045	1034	1038	1035	1038	1038	1037	1039	1053	1057	1054	1041	1047	1056	1054	1063	1052	1020	1028
755	978	1057	1073	1069	1070	1070	1070	1068	1053	1036	1039	1037	1038	1035	1035	1046	1055	1055	1053	1040	1042	1047	1056	1053	1033	1009	1004
952	986	1072	1069	1068	1070	1067	1069	1068	1065	1048	1037	1037	1036	1037	1041	1053	1052	1048	1049	1035	1031	1040	1051	1045	1032	1021	1027
945	1019	1075	1065	1071	1071	1062	1066	1066	1070	1053	1050	1047	1043	1042	1045	1055	1047	1048	1055	1037	1032	1033	1047	1052	1067	1034	1061
935	1038	1070	1063	1072	1073	1061	1063	1064	1071	1052	1021	1039	1041	1043	1048	1045	1040	1046	1055	1038	1018	1027	1049	1063	1048	1063	1085
946	1050	1066	1064	1066	1059	1072	1070	1066	1069	1064	971	955	981	1034	1049	1050	1047	1051	1038	1010	1006	1041	1064	1048	1017	1005	1048
23	24	23	24	25	23	24	24	24	24	24	24	23	23	25	25	24	23	24	23	24	23	26	24	24	25	23	24
24	25	24	23	26	23	24	23	25	24	24	23	24	25	24	23	25	23	22	24	26	24	24	25	24	24	24	25
23	25	24	25	24	24	24	24	24	25	23	23	24	24	23	25	24	23	23	23	24	25	25	25	24	24	25	24
24	24	24	25	24	24	24	25	24	25	24	24	24	22	24	23	22	22	25	26	23	25	24	24	25	25	26	25
24	24	24	24	24	23	26	23	26	24	24	23	25	23	24	22	22	25	23	24	24	24	24	24	23	22	24	25
24	25	24	24	24	24	24	24	25	24	25	25	23	24	23	23	25	23	24	25	25	26	29	36	43	46	42	38
24	25	24	24	23	25	24	25	24	24	25	24	24	22	22	25	24	24	22	25	28	38	52	62	62	60	51	48
25	25	23	25	24	24	25	24	24	25	24	25	22	21	25	24	24	24	21	15	9	11	12	11	23	46	78	114
25	26	24	23	24	25	25	23	25	24	24	24	21	25	23	20	1	0	2	77	194	320	456	582	692	768	823	853
23	25	26	23	23	24	24	25	26	23	21	20	24	12	0	12	164	421	675	844	924	954	965	962	953	946	940	936
24	23	25	25	26	25	23	24	24	28	51	67	39	102	381	714	916	970	951	930	926	933	939	941	941	938	935	934
26	24	22	23	24	24	23	24	27	35	51	186	514	840	970	950	930	946	980	1013	1043	1054	1058	1063	1047	1008	967	956
24	24	24	24	26	26	27	16	2	163	574	896	970	936	935	992	1045	1068	1061	1053	1037	1009	984	963	940	929	944	938
25	25	24	24	27	24	13	34	436	884	968	937	950	994	1027	1021	1000	980	959	962	945	956	958	971	953	950	961	956
25	24	23	26	24	17	142	661	974	941	955	1013	1065	1066	1010	952	942	944	962	992	1023	1044	1053	1065	1045	1011	992	996
26	24	24	26	10	160	744	978	962	1027	1055	1075	1071	1065	1025	962	944	979	1043	1072	1074	1029	1021	1021	1012	995	988	1030
26	24	27	6	103	738	989	1011	1066	1076	1065	1049	1040	1044	1044	1028	963	998	1072	1063	1018	990	1016	1022	1022	1030	1001	1006
26	27	13	32	672	992	1038	1080	1075	1064	1045	1032	1034	1033	1033	1046	1012	972	1007	1010	994	988	996	1011	1037	1070	1048	1003
28	17	12	598	994	1033	1073	1071	1072	1054	1034	1037	1039	1035	1033	1037	1045	952	972	1042	1062	1050	1030	1020	1027	1064	1040	975
26	0	493	987	1030	1074	1072	1071	1070	1045	1033	1038	1037	1037	1036	1033	1049	996	1042	1066	1066	1063	1060	1063	1056	1026	1019	1014
0	305	957	1010	1070	1071	1064	1069	1069	1042	1036	1037	1036	1036	1036	1036	1046	1028	1057	1058	1062	1062	1060	1061	1065	1043	1040	1069
88	830	997	1061	1068	1065	1061	1072	1067	1046	1037	1038	1036	1035	1037	1036	1042	1040	1054	1056	1063	1065	1061	1064	1064	1066	1049	1047
525	982	1031	1073	1070	1068	1069	1075	1064	1050	1036	1039	1037	1037	1037	1039	1043	1047	1049	1058	1063	1063	1063	1065	1067	1070	1061	1054
899	977	1064	1068	1071	1072	1073	1069	1065	1060	1045	1037	1037	1036	1037	1040	1051	1052	1049	1054	1057	1064	1064	1063	1060	1054	1049	1056
945	1014	1076	1065	1071	1066	1068	1072	1073	1062	1050	1048	1045	1045	1040	1049	1057	1047	1049	1053	1050	1062	1061	1061	1060	1051	1008	1035
937	1044	1072	1064	1072	1065	1063	1072	1070	1060	1024	1027	1043	1050	1050	1054	1047	1042	1049	1055	1053	1010	991	1022	1064	1066	1027	1080
958	1060	1067	1070	1072	1079	1073	1072	1068	1057	1033	952	960	1022	1054	1047	1045	1049	1059	1047	982	938	973	1042	1068	1027	1001	1067
974	1066	1063	1067	1061	1075	1077	1069	1063	1048	1042	949	939	989	1037	1036	1042	1050	1027	987	960	1000	1054	1066	1038	1022	989	1002
23	24	23	25	25	24	24	24	24	25	24	25	24	24	25	24	24	24	24	25	24	25	25	26	24	25	25	25
24	24	23	23	24	24	25	23	24	24	25	25	24	24	25	24	25	24	23	24	24	25	27	24	25	26	25	24
24	23	24	23	23	24	24	24	24	23	25	25	23	24	24	26	25	24	24	24	25	25	27	26	24	26	25	26
25	24	24	23	24	24	25	24	24	25	24	24	25	23	25	24	24	25	25	25	25	25	25	25	26	26	26	26
24	25	25	24	23	23	24	25	24	25	24	25	25	23	26	23	24	25	24	25	25	26	27	26	26	26	26	25
25	23	25	24	24	24	23	23	23	25	25	25	24	25	24	23	25	25	25	25	24	26	25	25	26	31	34	40
24	24	24	23	24	24	25	24	23	25	25	24	25	24	24	23	25	26	27	25	26	26	25	28	33	43	49	57
24	23	25	23	24	25	23	25	23	25	24	25	24	22	24	24	26	27	27	20	12	6	1	2	6	10	12	12
24	23	23	23	23	23	23	25	24	24	23	23	19	25	25	17	0	0	0	32	91	157	229	300	371	438	498	536
24	23	23	23	22	22	22	22	22	22	21	30	60	49	18	42	194	415	627	778	861	911	941	953	961	965	969	969
22	22	23	24	24	23	23	23	23	25	28	44	61	207	482	770	927	968	956	940	932	930	930	927	926	927	927	930
24	24	23	24	23	23	24	25	20	0	24	270	648	908	971	942	923	929	952	984	1014	1028	1039	1051	1040	1003	964	971
24	24	23	24	24	24	24	10	10	227	689	945	965	931	928	968	1010	1044	1062	1063	1064	1045	1019	1002	974	954	950	948
26	24	23	24	24	23	9	112	545	929	960	929	942	969	1004	1047	1028	1006	978	966	961	962	946	968	999	1000	996	985
25	24	24	23	25	8	186	744	972	939	964	1014	1043	1029	986	954	943	945	976	1006	1014	1006	1006	1000	1023	993	991	1007
23	24	24	26	1	183	817	968	964	1034	1063	1069	1050	1043	1045	1020	961	996	1061	1075	1072	1061	1018	986	981	958	972	976
23	25	27	0	113	801	980	1001	1067	1075	1060	1035	1030	1032	1032	1047	1022	1028	1068	1038	1009	981	972	991	976	994	1002	958
25	26	3	84	764	990	1032	1076	1051	1057	1036	1032	1033	1034	1033	1033	1050	991	991	999	1004	978	967	994	1055	1050	986	969
27	9	48	710	1002	1042	1071	1059	1028	1053	1032	1034	1036	1033	1032	1033	1046	996	964	987	993	989	990	984	1044	1047	997	992
21	6	613	1002	1039	1066	1070	1067	1037	1050	1032	1036	1036	1035	1036	1032	1047	996	1025	1041	1020	1030	1039	1023	1027	988	1034	1029
0	432	983	1029	1066	1068	1071	1059	1026	1054	1036	1034	1034	1034	1035	1036	1046	1010	1058	1056	1056	1059	1060	1056	1051	1029	1013	1014
186	908	1000	1072	1067	1073	1071	1045	999	1053	1045	1034	1035	1033	1036	1041	1032	1018	1053	1056	1060	1061	1064	1062	1057	1056	1056	1044
693	981	1046	1065	1071	1077	1064	1027	985	1039	1053	1041	1041	1041	1043	1041	1017	1035	1046	1051	1059	1061	1065	1066	1063	1057	1067	1061
946	992	1070	1058	1074	1073	1065	1037	1009	1033	1050	1047	1050	1052	1042	1035	1041	1048	1040	1047	1054	1059	1063	1065	1063	1060	1048	1075
935	1034	1063	1062	1074	1065	1069	1030	981	966	1033	1020	1036	1037	1040	1049	1049	1043	1042	1044	1050	1064	1064	1060	1059	1035	1037	1120
956	1057	1059	1081	1094	1070	1062	1053	1008	971	1040	960	960	1014	1053	1048	1042	1042	1045	1052	1061	1026	984	1009	1067	1045	1131	1180
984	1065	1067	1105	1099	1029	1041	1064	1035	987	1038	950	936	1014	1049	1048	1051	1045	1054	1052	998	934	957	1047	1067	1026	979	1065
1006	1062	1070	1107	1093	1001	1011	1058	1045	1014	1026	974	975	998	1038	1034	1032	1024	1007	992	960	947	1022	1062	1042	1036	1031	1048
23	25	22	24	26	23	23	25	25	24	24	25	24	24	23	25	24	24	24	22	25	24	25	24	24	24	25	24
24	24	24	22	25	25	24	23	24	25	24	23	26	24	23	23	24	24	22	24	24	23	25	24	23	24	25	23
23	25	25	25	22	25	25	23	25	23	24	24	25	26	22	25	24	23	23	24	23	23	25	26	23	24	25	24
24	23	24	25	24	23	25	25	24	23	24	25	23	25	24	23	24	22	25	24	24	23	25	24	25	25	25	25
24	25	24	24	25	23	24	24	25	26	24	26	24	25	25	22	23	24	22	25	25	25	25	24	25	25	25	26
27	23	25	23	23	27	20	25	24	23	26	24	26	24	22	24	24	25	23	24	25	24	23	24	26	26	23	24
26	25	24	24	22	26	24	23	24	24	26	23	24	24	23	22	23	25	25	23	25	26	26	26	25	24	24	24
25	23	26	24	24	24	26	23	24	25	24	26	23	23	23	25	26	24	21	16	14	9	5	4	3	3	5	7
27	23	23	25	24	23	26	24	24	24	23	24	21	40	61	57	18	3	4	42	92	131	153	161	164	168	174	191
21	22	21	20	23	22	21	23	21	22	21	20	28	33	38	114	283	496	675	792	860	890	904	903	904	899	902	913
24	21	24	23	23	24	23	27	24	25	11	0	54	302	620	847	955	970	954	942	937	930	932	930	929	933	933	938
26	24	22	23	24	25	24	25	19	2	51	384	782	959	968	935	920	921	927	947	969	988	1009	1017	1012	975	957	964
24	25	23	23	24	26	26	9	41	322	768	969	949	920	926	944	963	992	1034	1058	1074	1064	1046	1020	998	976	966	950
25	25	24	24	24	26	10	106	589	945	947	925	936	964	1010	1035	1026	1010	998	991	977	974	961	1005	1034	1046	1048	1040
25	24	24	26	28	1	140	736	972	935	971	1016	1041	1047	1047	1008	950	948	956	967	963	963	980	1022	1050	1047	1047	1039
24	25	25	27	0	132	794	970	958	1038	1074	1065	1042	1031	1034	1050	1003	980	1023	1047	1042	1028	996	996	1024	1016	1013	1042
24	26	29	0	134	812	980	1001	1066	1072	1061	1031	1030	1033	1031	1035	1039	1007	1069	1070	1051	1027	977	960	960	953	929	948
25	25	0	119	803	994	1034	1081	1031	1034	1039	1030	1034	1034	1034	1030	1045	1008	1043	1041	1022	1001	976	978	1009	1000	953	953
25	4	79	763	1004	1051	1077	1023	954	1041	1043	1030	1035	1033	1032	1034	1042	977	997	1004	1014	1019	1011	1003	1066	1032	1016	981
13	25	676	1005	1045	1073	1038	972	955	1042	1051	1034	1033	1033	1036	1043	1037	977	997	1016	1003	1010	1023	997	1029	1041	1062	1004
0	515	992	1034	1071	1043	994	966	947	1018	1059	1043	1039	1040	1045	1051	1012	998	1033	1052	1035	1026	1025	1040	1028	1010	996	996
266	946	1009	1071	1048	1000	981	947	950	990	1042	1051	1053	1053	1053	1032	1001	1041	1060	1057	1060	1057	1041	1051	1025	995	1014	1028
793	979	1056	1060	1017	1020	1010	995	1000	972	1023	1033	1043	1044	1025	999	1022	1050	1045	1051	1056	1060	1061	1061	1053	1041	1058	1054
950	999	1067	1038	1042	1007	922	942	929	965	1021	1003	995	997	987	1022	1050	1042	1043	1045	1058	1062	1059	1062	1060	1048	1033	1067
946	1043	1057	1030	1061	1001	906	855	841	885	1021	984	962	971	1024	1053	1045	1045	1046	1054	1059	1061	1056	1050	1044	1007	1093	1091
979	1060	1055	931	746	907	1028	961	921	937	1033	964	957	987	1056	1046	1045	1042	1044	1059	1068	1026	992	1038	1066	1045	1174	1152
1008	1071	991	697	391	290	898	1014	981	1038	1006	967	974	974	1032	1050	1051	1047	1051	1053	1009	933	986	1067	1062	1048	1019	1147
1030	1083	915	613	379	108	568	1087	1036	1028	975	973	1016	1031	1051	1058	1059	1052	1032	990	947	943	1036	1062	1098	1116	1124	1109
24	25	24	24	24	24	23	25	24	24	24	25	25	23	25	26	25	25	24	22	25	24	24	24	25	24	25	24
24	24	25	25	23	24	24	24	25	24	24	25	26	25	24	25	25	24	22	24	25	25	23	24	24	26	25	23
25	24	25	26	24	25	24	25	24	24	24	25	27	26	24	25	24	24	23	26	23	25	25	25	24	25	25	25
25	24	24	24	25	24	26	25	24	25	25	25	25	25	26	25	23	24	25	25	25	26	24	23	25	26	24	25
24	24	24	24	25	24	24	25	24	25	25	27	25	25	25	25	24	25	23	24	25	26	25	26	25	25	25	25
26	23	23	24	24	25	23	25	25	24	26	26	26	25	24	25	26	25	24	26	26	25	25	25	26	26	24	25
25	25	23	24	24	25	24	25	24	25	26	25	26	24	25	24	22	24	26	25	27	26	28	26	27	27	26	25
24	23	25	23	24	24	24	25	24	26	24	26	23	23	26	33	55	62	47	25	13	8	8	9	15	18	21	21
25	24	24	25	24	25	25	24	26	24	27	25	25	24	29	40	43	33	33	72	114	145	151	133	96	53	23	18
23	23	23	22	23	23	23	22	24	23	24	24	12	0	2	118	327	536	700	814	871	893	899	886	851	785	680	643
23	23	24	23	22	24	25	26	26	24	11	0	57	336	663	879	962	967	954	939	936	931	927	931	933	945	979	1004
24	23	23	23	22	24	25	26	21	7	84	399	802	963	960	934	924	923	925	927	934	944	956	960	953	945	959	972
23	23	23	24	23	23	27	16	18	302	763	967	945	920	920	931	943	968	986	1021	1051	1062	1057	1012	982	948	951	951
25	24	23	24	25	28	8	45	517	932	953	923	933	964	1011	1037	1039	1027	996	1013	1024	1022	997	985	996	992	986	968
23	24	25	25	28	2	50	636	969	928	947	995	1035	1056	1060	1054	980	948	951	955	1001	1047	1046	1060	1050	1043	1045	1032
26	25	26	29	0	86	723	976	943	1010	1059	1075	1052	1037	1033	1050	1025	965	975	969	1008	1040	1042	1061	1062	1050	1024	1017
24	25	29	0	119	771	980	991	1057	1052	1051	1051	1033	1032	1032	1040	1039	977	1024	1044	1047	1042	1042	1028	991	961	944	960
26	28	0	130	799	997	1039	1079	1033	981	1047	1043	1036	1036	1036	1043	1035	987	1065	1066	1065	1050	990	953	966	951	977	943
28	2	104	785	1001	1052	1079	1020	954	976	1050	1054	1049	1044	1045	1053	1001	974	1066	1066	1071	1021	954	1008	1030	985	1020	971
12	49	723	997	1049	1075	1014	960	959	963	1028	1055	1055	1055	1055	1041	974	958	1052	1065	1061	994	988	1016	1023	1037	1055	983
0	576	994	1037	1074	1024	975	974	956	944	986	1035	1049	1060	1041	999	971	951	1022	1052	1035	988	989	1008	1004	1049	975	953
330	959	1013	1075	1040	972	977	973	951	942	956	976	1001	1017	984	975	974	988	1043	1053	1054	1038	1014	1011	1008	1028	1004	1022
845	978	1058	1063	974	983	998	982	999	977	961	961	969	966	966	980	1009	1050	1057	1060	1062	1064	1060	1054	1062	1067	1058	1051
947	1016	1074	1014	967	1031	1021	1024	1038	1039	1007	969	969	978	973	1011	1048	1052	1058	1061	1061	1057	1058	1059	1058	1030	1024	1061
953	1054	1062	987	1011	1040	969	968	1001	1041	1013	975	984	968	984	1036	1043	1052	1061	1059	1063	1066	1053	1044	1041	986	1033	1061
992	1067	1053	704	575	975	1016	976	987	1029	1015	972	944	928	990	1035	1045	1049	1057	1062	1044	1010	1033	1055	1062	1056	1102	1135
1022	1089	862	78	45	679	1052	996	994	1044	1002	952	933	937	980	1024	1032	1034	1031	1019	974	944	1041	1068	1066	1056	1036	1163
1040	1099	635	0	0	482	963	1043	1035	1018	959	941	974	1016	1048	1054	1060	1055	1004	952	936	945	1027	1059	1032	1031	1077	1106
24	24	24	25	24	25	24	25	25	23	24	26	24	25	26	25	24	25	25	24	26	24	24	24	26	24	25	25
25	24	24	25	24	25	24	25	24	25	23	25	25	25	25	25	25	24	24	25	25	24	24	25	25	25	25	24
25	24	25	25	25	26	24	25	23	24	25	24	25	26	25	26	25	24	25	25	23	24	25	27	24	25	26	25
24	23	25	25	23	26	25	26	25	25	25	25	25	24	26	25	23	25	25	25	24	25	26	24	26	26	26	25
25	23	24	25	24	24	25	25	26	25	25	28	25	26	26	25	25	24	24	24	25	26	26	24	26	25	26	26
25	25	23	24	24	24	24	23	25	24	24	26	25	28	26	25	26	25	25	25	24	25	24	24	27	27	26	25
24	24	25	24	24	25	23	25	24	24	25	24	25	26	25	26	24	27	29	34	35	29	25	25	27	26	27	26
25	24	23	26	24	26	22	25	24	25	25	25	26	24	23	24	27	42	64	68	50	29	16	9	13	20	23	25
24	25	23	24	25	24	24	23	24	23	24	25	26	23	21	8	0	9	44	85	140	195	217	184	96	26	37	48
23	24	23	25	24	23	24	23	24	22	24	22	14	0	1	111	332	565	733	831	892	923	932	916	843	594	222	107
24	23	23	24	24	24	24	24	25	25	16	2	43	267	622	873	965	965	948	935	932	928	920	922	933	1001	953	853
24	24	24	25	24	24	25	25	25	6	49	341	737	953	969	935	919	917	920	915	917	923	936	938	924	957	987	1035
24	24	25	24	24	26	26	23	5	183	663	951	952	925	919	922	935	951	966	986	1020	1051	1054	1020	988	978	954	963
25	24	25	26	23	27	17	0	343	872	969	926	921	941	984	1028	1055	1055	1009	1036	1035	1024	984	957	952	946	940	939
26	25	26	25	28	10	17	521	959	945	927	951	989	1026	1051	1037	987	977	979	962	980	1013	1024	1019	995	962	956	954
24	26	27	28	1	64	658	979	938	979	1023	1025	1035	1046	1050	1048	1011	1022	1037	1013	1045	996	1021	1052	1031	965	959	990
22	25	28	0	112	748	986	985	1044	1048	992	1014	1047	1058	1063	1071	1038	1021	1031	1034	1043	1029	1056	1036	976	946	957	960
22	27	0	146	805	996	1034	1079	1025	954	974	1024	1055	1074	1072	1060	1027	1019	1043	1040	1029	1039	1017	958	954	940	941	949
25	0	123	813	1006	1051	1081	1018	965	965	972	1000	1040	1071	1059	1029	1015	1006	1031	1029	1017	1011	966	960	980	949	973	971
9	64	754	1001	1053	1092	976	852	948	996	967	965	1015	1050	1051	1040	1017	977	1009	1059	1071	1048	969	1023	1009	1006	1030	979
1	615	989	1040	1088	960	655	695	908	987	966	947	982	1001	1012	1035	1021	986	1050	1068	1066	1020	956	1001	985	1032	1025	945
384	965	1015	1072	1013	662	575	717	920	968	953	943	976	1029	1024	1022	1001	963	1047	1064	1056	1008	990	995	981	1014	1023	990
875	980	1061	1066	847	631	714	924	974	972	988	1009	1031	1029	1017	1013	976	950	998	1056	1050	1038	1047	1047	1045	1061	1063	1049
946	1025	1076	1009	865	810	917	1021	1027	998	1007	1039	1026	1027	1026	1015	991	983	1013	1056	1058	1058	1058	1059	1060	1044	1030	1137
960	1059	1059	972	932	984	1053	1062	1051	1035	1014	1036	1035	1025	1012	1015	1006	987	1015	1051	1057	1064	1046	1042	1049	1000	1015	1117
1003	1072	1023	961	944	1014	1051	1031	1044	1050	1021	1039	1032	995	962	980	969	991	1000	1027	1043	1027	1041	1060	1062	1067	1047	1151
1033	1063	986	819	824	1003	1050	1030	1033	1045	1040	1027	983	967	959	969	977	959	956	947	945	964	1057	1067	1063	1057	1019	1048
1047	1048	927	736	714	978	1006	1029	1042	1037	1029	990	967	999	1018	1028	1031	997	958	939	935	964	999	1044	1050	1100	1129	1142
24	24	23	23	24	25	24	25	24	25	25	24	25	26	26	24	25	28	23	24	26	24	23	25	25	24	25	24
24	24	24	24	23	25	24	25	23	25	25	24	25	27	26	23	26	27	23	25	26	24	24	25	25	24	24	24
23	25	24	25	25	24	24	24	26	25	23	26	26	25	25	25	27	26	24	24	25	22	26	26	25	23	24	24
23	23	25	24	24	24	24	25	26	26	24	25	26	25	26	26	23	25	26	24	24	25	25	25	24	26	25	23
26	22	23	25	23	24	25	24	26	26	26	26	26	26	27	25	24	25	25	23	25	25	26	26	25	25	24	25
25	25	23	23	25	23	23	23	26	23	25	26	25	28	27	26	27	25	24	26	26	23	24	24	23	25	24	26
24	24	25	22	24	25	24	24	25	24	25	26	26	25	26	26	26	26	28	27	33	40	41	32	25	23	24	25
25	24	24	25	23	24	24	24	24	26	24	26	26	24	25	26	25	26	26	34	50	49	45	40	42	41	30	24
24	24	24	24	24	24	25	23	26	24	26	26	25	26	25	18	4	0	7	66	123	161	198	190	98	22	51	49
22	23	23	23	24	23	24	23	22	24	25	23	19	9	1	35	210	451	665	804	875	917	938	937	868	532	89	214
23	22	22	22	23	25	26	25	23	27	21	8	27	154	440	758	935	974	959	942	934	931	919	920	933	1000	826	876
22	24	23	22	23	24	25	26	29	19	5	146	523	857	974	954	928	920	918	912	917	923	930	925	920	934	986	977
23	22	23	22	24	24	25	28	2	24	394	843	970	941	921	917	917	925	948	967	994	1027	1042	1045	1024	996	988	997
22	24	23	23	24	27	23	0	139	675	965	944	920	922	939	980	1019	1046	1055	1060	1057	1044	1009	971	963	950	946	949
22	23	23	23	25	15	0	343	883	969	925	933	955	993	1035	1036	1020	1022	1009	974	968	967	958	940	935	936	932	941
23	23	24	25	3	27	547	969	948	947	990	995	985	979	980	984	1026	1047	1040	1044	1031	1008	991	958	940	936	929	945
25	24	26	0	73	682	981	968	1015	1055	1004	949	950	970	1007	1001	966	966	1002	1034	1034	1018	999	944	941	941	931	941
26	26	1	108	756	989	1014	1084	1057	996	940	954	946	957	994	1022	936	1000	1054	1050	1053	1036	973	933	940	933	968	968
28	3	93	770	1003	1045	1098	858	802	1051	1028	998	974	997	1015	1051	1039	1045	1036	1035	1032	1009	962	944	951	960	979	1000
10	43	707	1009	1051	1105	665	107	285	896	1086	1039	1015	1033	1049	1052	1048	1044	1003	1044	1068	1065	996	960	959	967	1025	989
0	581	989	1045	1114	701	0	2	169	817	1094	1040	1012	992	1003	1031	1047	1032	1030	1070	1066	1064	1002	1024	1024	1033	1042	985
364	968	1018	1093	906	57	0	13	297	993	1073	1033	1013	1035	1035	1038	1059	1021	1048	1067	1065	1052	971	996	1026	993	989	985
867	980	1067	1078	392	18	85	191	708	1059	1035	1044	1055	1058	1055	1047	1042	953	1012	1065	1063	1036	979	1004	1023	1016	1044	1046
950	1026	1068	998	664	532	532	764	1035	1035	1043	1057	1038	1043	1054	1052	1025	947	1019	1068	1060	1048	1043	1061	1054	1046	1039	1080
967	1064	1054	936	752	754	922	1051	1055	1038	1051	1059	1040	1048	1054	1051	1025	972	1031	1067	1062	1063	1041	1037	1049	1007	991	1088
1015	1071	1025	882	733	792	1009	1049	1051	1028	1039	1050	1055	1051	1028	1026	1005	1039	1046	1057	1042	1013	1015	1055	1063	1064	1037	1230
1045	1059	1003	793	827	861	1012	1057	1047	1029	1042	1049	1046	1042	993	1029	1040	1055	1044	1001	959	984	1055	1067	1059	1062	1010	1077
1061	1053	970	778	814	891	1000	1063	1055	1053	1048	1029	1027	1056	1067	1058	1049	1016	976	940	938	978	999	1046	1080	1112	1120	1122
24	25	25	23	23	25	24	25	25	24	25	24	24	25	25	24	25	26	26	24	24	24	24	24	26	24	25	24
24	25	24	25	24	24	25	24	25	24	24	25	24	26	25	24	25	25	24	25	24	25	23	26	24	26	25	22
26	24	25	24	24	25	24	25	25	25	24	23	26	25	25	26	25	25	25	24	24	23	26	26	24	24	24	25
24	24	25	24	24	25	24	24	25	26	25	24	25	25	25	25	23	25	26	24	23	24	25	25	24	25	24	24
24	24	23	25	23	26	24	24	24	25	25	26	25	25	27	24	26	24	25	24	24	26	26	25	25	24	24	24
24	25	24	24	24	25	25	25	25	24	26	26	25	25	25	25	26	25	23	25	26	24	24	26	23	25	24	25
24	23	25	23	24	24	25	25	25	25	26	25	27	25	24	25	25	26	25	26	25	25	28	32	31	28	24	23
24	23	25	24	23	25	24	26	25	26	25	26	26	24	25	26	27	28	25	24	21	30	42	49	59	69	72	58
23	23	24	25	24	24	24	26	25	26	26	27	24	25	26	23	18	2	0	2	38	89	125	122	77	24	8	40
23	22	22	24	23	22	23	23	23	24	25	22	24	18	11	13	75	241	455	634	758	830	873	881	852	763	659	747
22	23	21	22	24	23	24	26	24	27	25	20	5	40	225	527	796	939	973	964	950	940	933	930	936	949	978	962
23	23	23	22	22	23	23	25	27	26	7	11	215	620	908	974	947	926	922	920	919	917	917	917	917	917	919	918
21	22	21	22	22	23	26	26	20	0	93	531	905	970	932	917	914	918	925	944	969	993	1011	1024	1025	999	981	989
24	23	23	23	23	23	27	3	14	368	848	977	933	915	919	941	983	1018	1049	1063	1068	1060	1040	1015	1002	975	964	964
25	23	24	23	23	20	0	154	683	971	946	924	939	982	1033	1053	1042	1017	993	978	964	945	942	950	966	976	983	963
25	24	25	26	14	1	373	893	970	937	972	987	989	982	964	956	952	949	963	950	939	944	943	947	965	985	992	951
25	27	26	9	20	544	965	962	992	1050	1019	957	949	935	936	961	986	978	984	982	973	978	961	946	954	958	942	960
26	30	11	41	630	994	1017	1092	1085	1087	848	917	1012	976	970	993	1011	1013	1027	1046	1061	1063	1042	984	936	934	937	969
27	13	30	649	1008	1046	1101	753	409	843	1049	1030	1063	1028	1018	1030	1013	1028	1027	1064	1068	1069	1059	977	932	966	999	1023
18	10	595	1008	1055	1109	605	0	0	190	1014	1082	1068	1043	1047	1048	1042	1017	1027	1063	1065	1066	1054	951	957	1000	1044	977
0	490	989	1037	1106	661	6	19	1	141	951	1088	1060	1046	1056	1037	1044	1025	1040	1072	1072	1069	1057	972	965	990	993	963
280	948	1021	1092	870	40	0	13	0	494	1071	1075	1062	1044	1063	1062	1056	1031	1052	1075	1072	1069	1046	987	1037	1022	966	983
818	990	1059	1075	548	157	235	107	285	1013	1083	1066	1062	1063	1061	1061	1069	1045	1053	1073	1069	1069	1018	998	1005	976	955	937
955	1032	1069	1009	755	742	585	551	903	1097	1064	1061	1058	1056	1049	1062	1071	1065	1050	1067	1066	1062	1004	1014	982	986	969	999
968	1063	1052	960	681	779	658	753	1030	1011	1035	1057	1041	1041	1047	1053	1062	1072	1061	1061	1065	1055	1015	1010	1012	985	967	1093
1018	1068	1036	909	786	691	714	867	1027	978	961	1043	1037	982	1012	1044	1074	1067	1065	1068	1069	1010	990	1050	1064	1060	1029	1149
1044	1067	1025	826	800	742	805	884	1004	1047	1003	1034	1029	1019	1044	1051	1070	1067	1067	1070	1043	998	1047	1063	1056	1058	1037	1067
1059	1060	1007	835	729	680	841	942	969	1066	1056	1047	1026	1037	1054	1059	1071	1072	1058	1024	961	959	1015	1059	1077	1104	1115	1121
23	24	25	24	25	24	25	26	24	24	24	24	24	24	26	24	25	26	24	24	24	24	25	24	24	23	24	24
25	25	24	25	23	24	25	25	24	25	25	24	24	24	26	24	24	26	24	24	24	23	26	24	23	24	25	24
24	25	25	25	23	25	24	24	25	24	25	23	25	25	26	24	26	24	23	24	24	24	25	25	24	24	24	25
23	24	25	25	24	25	25	24	25	25	24	24	25	25	25	26	24	25	24	25	23	24	24	25	24	24	25	25
23	25	24	25	25	25	24	24	25	27	23	25	25	25	25	24	24	24	25	24	25	26	24	23	25	26	24	23
25	24	25	23	23	26	24	24	25	25	25	26	25	26	25	23	25	25	26	23	25	24	24	25	26	24	24	25
24	24	25	24	24	25	25	25	25	24	25	25	26	25	24	25	23	26	25	26	24	25	25	25	23	24	25	23
25	25	25	23	25	25	25	26	24	26	25	26	27	24	25	25	26	25	24	25	25	23	22	25	31	37	44	46
26	23	23	25	23	26	25	25	25	25	25	27	25	25	26	24	23	15	9	4	0	0	10	23	31	35	36	51
23	24	23	24	23	23	25	25	24	23	25	23	23	24	18	14	34	93	206	349	492	587	652	686	699	711	734	775
22	21	21	22	23	22	21	24	24	22	25	23	21	1	35	223	515	768	915	969	971	968	963	958	958	959	957	951
22	22	21	22	23	24	25	23	25	26	26	3	6	221	628	907	972	955	933	925	921	918	918	919	916	918	923	925
24	25	21	23	23	23	27	26	26	10	0	162	606	922	969	931	920	919	916	925	945	962	978	988	994	990	955	968
25	22	23	23	22	24	26	19	0	85	518	909	976	931	918	929	954	983	1012	1044	1062	1063	1049	1049	1064	1063	1036	1016
27	24	23	22	21	25	4	18	368	839	980	939	928	962	1008	1040	1040	1020	1013	1016	1035	1035	1013	1048	1073	1088	1095	1068
26	26	26	24	21	0	148	688	971	955	959	976	997	1032	1004	994	988	976	958	991	1034	1058	1056	1058	1080	1074	1079	1027
26	25	26	25	0	297	872	993	996	1035	1036	1017	1045	962	989	1039	1045	1034	1004	1025	1051	1066	1068	1058	1066	1068	1030	961
28	28	23	0	399	951	1022	1079	1093	1086	1017	1022	1077	984	1045	1064	1067	1069	1062	1065	1070	1074	1073	1033	960	958	941	967
27	23	0	433	979	1048	1096	909	660	917	1084	1063	1071	1097	1088	1071	1055	1075	1074	1075	1074	1071	1057	963	930	994	989	1017
21	0	415	979	1047	1096	842	106	2	202	937	1079	1067	1082	1079	1070	1080	1078	1071	1076	1075	1058	1021	974	989	1015	1025	939
0	326	959	1041	1078	984	323	0	0	56	794	1060	1022	1080	1079	1067	1074	1088	1078	1070	1066	1049	1007	949	964	971	970	937
156	890	1022	1078	1025	493	0	0	52	456	1025	1050	1008	1070	1087	1067	1061	1090	1081	1071	1073	1068	1030	949	993	997	957	948
688	1000	1058	1064	882	385	338	393	613	944	1067	1072	1030	1059	1087	1078	1069	1088	1082	1076	1080	1070	1031	958	1029	1021	949	929
958	1026	1072	1030	841	809	803	885	1020	980	1044	1071	1048	1045	1084	1088	1090	1093	1085	1075	1074	1059	992	971	975	958	945	982
968	1062	1060	1014	858	881	846	930	1037	1012	1030	1067	1047	1022	1079	1091	1093	1093	1075	1045	1061	1035	999	971	940	935	966	1050
1010	1067	1032	964	862	884	653	954	1043	997	941	1039	1010	948	1014	1056	1076	1059	1053	1033	1043	997	986	996	1022	1010	1054	1119
1044	1068	996	907	808	792	825	951	1036	1050	1025	1039	994	930	940	959	1011	1043	1068	1059	1023	996	1023	1063	1064	1060	1079	1175
1061	1052	971	896	839	909	948	957	1020	1070	1074	1058	1007	946	953	967	1042	1058	1037	1016	964	969	1040	1063	1061	1059	1065	1067
22	25	25	23	24	24	25	25	23	24	25	25	23	24	25	25	24	25	25	23	24	24	25	25	24	25	24	24
23	24	26	24	24	24	24	25	24	25	26	23	24	26	25	23	24	26	24	23	25	24	25	24	24	24	24	24
25	24	25	25	24	24	23	23	25	25	26	23	26	24	25	24	26	25	23	24	24	26	24	24	25	24	25	24
24	25	25	24	25	24	25	23	23	25	25	24	26	24	24	24	26	24	25	26	24	24	24	25	24	23	24	25
23	26	24	24	25	25	24	25	24	25	24	24	25	25	25	25	24	25	25	25	25	25	25	25	24	26	25	24
23	26	25	23	24	26	24	24	26	23	24	25	25	26	26	25	23	26	24	25	26	25	25	24	25	25	25	25
24	24	25	24	24	24	25	24	25	24	25	24	24	27	25	25	24	25	25	27	27	24	25	25	26	26	27	27
23	26	24	24	24	24	24	25	24	25	25	24	25	24	26	25	24	25	25	24	23	24	21	22	24	24	23	24
25	24	24	25	24	25	25	25	24	26	25	26	25	23	27	26	25	24	23	27	31	30	25	17	14	11	13	13
24	25	25	24	25	24	24	25	25	25	26	25	24	26	25	22	13	28	72	133	203	263	318	367	415	456	501	541
23	23	22	22	22	22	22	21	22	21	24	21	23	20	0	12	154	407	639	808	900	941	964	968	969	972	971	973
24	23	23	23	24	25	25	25	24	25	27	24	1	0	189	572	866	966	964	951	931	922	920	919	919	919	924	926
25	24	23	23	23	25	25	25	27	25	4	0	205	634	928	974	938	923	920	921	931	939	945	967	976	985	960	960
26	25	23	25	25	25	28	29	7	0	168	617	939	971	927	929	949	968	986	1017	1041	1057	1057	1061	1052	1039	1010	1006
24	25	24	24	25	26	21	0	116	556	917	971	936	948	988	1017	1035	1024	1047	1079	1077	1076	1065	1077	1076	1081	1090	1093
26	23	25	26	27	7	14	408	877	980	952	969	1009	1054	1060	1070	1083	1084	1069	1075	1073	1077	1074	1076	1093	1083	1079	1080
27	25	25	28	1	90	662	991	987	1019	1026	1046	1073	1071	1080	1088	1097	1100	1079	1083	1074	1070	1077	1069	1073	1082	1074	1021
25	27	30	0	160	799	1030	1049	1062	1054	1048	1078	1083	1072	1075	1079	1095	1089	1072	1079	1080	1074	1043	981	953	980	965	980
27	26	0	204	865	1052	1080	1060	1045	1071	1062	1065	1079	1084	1073	1059	1085	1090	1072	1066	1049	1013	960	937	978	1010	964	1009
25	0	209	883	1049	1081	1047	814	786	980	1079	1062	1064	1082	1055	1022	1052	1078	1058	1039	1007	975	970	965	963	1005	1006	969
3	145	860	1042	1078	1063	712	456	613	923	1093	1036	977	1031	1017	997	1020	1043	1039	1004	984	973	976	976	957	937	935	942
35	728	1020	1067	1060	914	556	667	859	1062	1081	1043	965	966	991	977	1009	1032	1037	1012	994	969	960	977	965	933	927	971
455	1002	1045	1070	1028	908	934	1042	1082	970	1041	1056	1005	963	985	1001	1030	1044	1044	1018	1008	992	988	961	989	1008	949	977
902	1023	1073	1042	977	1002	1069	1079	1075	947	1027	1066	1054	977	982	1014	1034	1044	1041	1035	1046	1046	1031	945	988	1015	958	983
978	1050	1070	994	996	1017	1057	1070	1071	1056	1067	1073	1045	952	966	986	1001	1024	1038	1054	1071	1056	1023	946	938	947	977	1061
1004	1074	1025	967	1012	953	976	1035	1059	1082	1074	1022	956	954	955	955	967	969	1040	1053	1028	977	967	942	944	999	1084	1162
1039	1072	962	963	1025	818	880	991	989	966	1006	1054	990	976	960	945	937	959	1019	1012	996	989	1007	1023	1033	1074	1082	1071
1053	1048	927	955	1018	926	903	968	986	849	870	1060	1056	1022	986	941	967	960	960	1006	965	1003	1058	1057	1058	1065	1067	1068
23	26	24	25	25	25	24	24	24	25	25	24	25	25	24	26	25	24	24	25	24	26	25	25	24	23	24	24
23	25	26	24	25	25	24	25	24	25	25	25	24	25	26	24	25	26	25	24	23	25	25	25	26	24	24	24
24	25	25	25	24	25	25	25	24	25	25	25	25	26	27	25	25	25	24	25	25	25	25	24	25	26	25	25
23	25	25	24	26	24	24	25	24	25	25	25	25	25	26	24	27	24	25	24	24	25	26	25	24	25	25	26
23	24	25	25	25	25	22	25	25	24	25	24	25	25	25	26	25	26	25	25	24	25	26	26	24	26	25	25
26	25	24	26	23	26	24	25	25	25	25	25	26	25	26	25	25	26	25	26	24	27	27	26	25	26	24	23
24	25	25	25	24	24	25	24	25	25	24	24	26	27	25	25	25	26	25	26	26	26	27	26	26	23	25	25
25	25	25	24	25	23	24	25	25	24	26	24	25	26	25	26	26	25	26	26	26	26	21	19	21	24	27	30
25	25	26	24	25	25	24	25	26	25	26	25	25	25	26	27	25	26	26	26	27	39	53	69	73	73	65	56
26	26	25	26	25	25	25	25	26	26	26	27	25	27	27	28	28	19	9	25	60	95	119	123	124	138	157	175
24	24	23	23	23	23	23	22	22	23	22	22	23	25	20	2	0	60	244	453	610	717	786	832	862	887	905	917
24	23	24	23	23	24	25	25	24	26	25	27	23	1	4	174	504	789	932	981	965	951	945	935	935	933	933	935
25	25	26	25	24	25	25	25	26	25	24	1	12	247	645	914	973	948	925	918	922	925	936	953	968	983	968	955
25	25	25	25	25	26	26	29	23	2	13	269	693	946	973	943	940	952	972	989	1014	1039	1053	1056	1038	996	968	969
26	24	26	24	25	26	28	7	6	251	693	948	964	948	982	1009	1017	1034	1059	1073	1077	1076	1076	1067	1064	1066	1071	1074
26	24	24	26	28	23	0	141	630	943	975	970	1002	1054	1073	1075	1078	1086	1086	1072	1078	1080	1081	1076	1083	1087	1083	1069
26	27	24	25	16	1	334	868	996	1008	1041	1070	1075	1081	1076	1086	1093	1095	1091	1078	1083	1085	1074	1047	1048	1069	1039	990
24	24	25	12	16	480	973	1032	1049	1063	1080	1085	1086	1087	1051	1046	1075	1086	1082	1036	1027	1027	965	971	994	975	945	983
22	23	10	30	552	1012	1070	1067	1067	1064	1067	1075	1085	1072	996	968	984	1024	1013	953	944	939	931	970	1023	986	957	1009
25	14	29	565	1022	1078	1057	1083	1105	1085	1066	1062	1037	997	953	947	954	952	945	948	964	984	970	973	1004	947	988	978
22	10	501	1011	1082	1046	1047	1108	1111	1095	1074	1045	981	956	938	942	938	949	951	955	965	967	949	935	937	951	961	952
0	316	969	1073	1068	1019	1098	1100	1090	1074	1068	1051	1028	984	953	951	956	954	950	956	945	941	945	940	936	972	1027	1074
110	831	1068	1079	1031	1014	928	951	1049	1067	1063	1059	1065	989	939	947	950	958	953	953	937	943	975	967	969	964	963	1037
533	1048	1077	1055	1012	951	823	837	980	1061	1060	1057	1062	975	935	942	948	946	956	954	937	947	962	948	974	1006	988	994
906	1073	1074	990	1001	974	951	969	992	1039	1031	1039	1016	955	961	947	935	950	942	987	1033	1059	1037	943	936	989	978	993
1023	1069	1032	932	1025	979	1000	1035	1024	1020	1028	1003	1005	1025	1012	967	945	933	962	1056	1037	989	958	929	969	1023	1050	1080
1048	1047	978	918	1022	1007	1056	1065	1034	889	999	1031	1057	1062	1052	984	946	953	978	977	948	972	993	979	1042	1075	1054	1057
1049	1011	940	919	1003	957	973	1028	893	568	903	1013	1014	1035	999	944	964	971	989	988	968	1021	1038	1112	1150	1072	1064	1064
