18	23	28	24	16	14	14	19	19	14	49	103	58	69	167	68	32	38	91	135	169	112	115	65	68	94	119	226
15	14	22	22	18	22	21	15	14	4	53	132	21	20	98	73	25	7	16	52	93	171	162	63	173	269	357	484
16	12	15	18	14	10	9	9	9	10	45	177	82	72	86	85	10	68	320	541	635	684	610	360	666	857	902	932
13	18	15	11	12	7	8	8	12	13	20	80	171	179	217	215	130	538	891	931	938	962	969	898	1024	1070	1038	997
11	5	11	13	21	17	9	6	3	9	14	17	34	37	40	239	600	939	927	911	946	980	1011	1061	1082	1085	1076	1051
25	21	16	13	8	10	6	5	10	12	15	15	17	44	114	451	930	934	933	977	1029	1055	1077	1085	1088	1086	1085	1085
44	60	62	36	21	9	14	13	7	11	24	58	117	182	485	892	957	926	994	1055	1063	1074	1077	1076	1079	1083	1083	1080
50	57	53	69	82	63	24	23	21	45	104	237	401	631	915	962	936	994	1065	1070	1068	1078	1074	1081	1081	1079	1084	1088
59	63	43	22	27	86	28	14	61	148	352	616	852	972	973	977	1027	1070	1077	1069	1069	1076	1078	1081	1078	1086	1083	1084
104	94	39	14	9	59	66	59	142	376	717	938	976	961	998	1052	1080	1082	1078	1065	1069	1070	1076	1073	1075	1078	1080	1074
138	134	53	24	16	50	128	174	359	659	924	983	965	998	1041	1072	1089	1086	1078	1077	1076	1075	1066	1072	1079	1078	1079	1075
103	160	108	43	39	81	239	426	639	870	978	970	989	1030	1072	1086	1087	1078	1074	1069	1071	1078	1085	1087	1086	1087	1076	1088
105	121	129	100	116	214	420	679	866	969	987	979	1023	1074	1090	1094	1088	1072	1070	1081	1090	1096	1090	1095	1097	1093	1089	1092
74	91	97	178	307	388	588	834	970	987	987	1015	1049	1074	1088	1087	1086	1081	1078	1079	1086	1087	1094	1101	1098	1090	1084	1064
48	96	103	179	424	567	698	910	989	975	987	1007	1036	1063	1074	1077	1074	1066	1074	1077	1080	1086	1092	1098	1088	1091	1078	1040
29	50	106	158	374	668	787	934	998	973	985	1006	1033	1065	1084	1086	1081	1077	1073	1081	1086	1095	1095	1095	1088	1091	1075	1076
63	81	141	214	335	630	839	943	996	975	982	1012	1034	1060	1086	1093	1084	1079	1079	1092	1092	1092	1096	1094	1084	1083	1082	1083
207	164	180	305	390	536	796	936	981	981	978	995	1006	1024	1049	1060	1073	1074	1081	1081	1078	1075	1085	1082	1081	1083	1084	1080
637	432	329	348	461	529	703	887	981	993	977	962	969	983	996	1026	1042	1058	1071	1076	1078	1083	1087	1086	1086	1094	1081	1079
1009	867	645	477	514	622	679	826	945	1009	989	956	967	970	961	953	954	992	1065	1079	1081	1097	1102	1087	1078	1089	1085	1105
1040	1047	974	801	628	712	776	807	906	980	1002	972	971	972	939	956	1008	1057	1088	1084	1084	1084	1077	1059	1078	1087	1088	1096
1002	1022	1028	1019	926	815	898	925	920	947	976	978	981	962	994	1068	1091	1095	1082	1071	1071	1076	1074	1080	1092	1080	1076	1088
947	1014	1025	1031	1040	1010	987	1026	1014	993	969	965	982	985	1032	1074	1083	1073	1074	1081	1092	1105	1092	1091	1085	1077	1082	1108
953	992	1087	1113	1142	1127	1072	1042	1049	1032	997	979	960	996	1060	1078	1099	1107	1110	1112	1111	1099	1084	1076	1062	1079	1105	1102
973	1008	1114	1261	1346	1389	1303	1112	1018	1023	989	958	929	989	1071	1099	1108	1114	1107	1098	1086	1066	1062	1075	1089	1095	1106	1099
958	976	1145	1398	1522	1595	1650	1539	1176	984	979	940	917	1007	1071	1073	1084	1085	1092	1093	1082	1107	1178	1202	1145	1094	1094	1094
992	963	1058	1435	1645	1641	1639	1786	1772	1199	937	921	906	1004	1064	1055	1065	1085	1093	1081	1131	1286	1234	1267	1319	1163	1081	1077
1025	982	937	1280	1801	1687	1494	1570	1873	1855	1122	927	911	986	1052	1068	1064	1078	1084	1101	1326	1284	1164	1204	1299	1276	1070	1090
20	21	29	23	17	15	11	16	16	11	49	107	56	67	145	64	36	31	82	127	171	134	131	59	76	110	131	246
13	18	24	25	17	16	12	10	11	2	60	133	22	33	101	73	18	4	32	93	133	210	199	95	233	360	445	561
20	15	14	19	15	13	13	7	4	3	39	173	90	84	107	93	15	129	419	622	697	744	658	430	743	903	929	948
20	19	16	15	16	10	9	7	9	9	12	68	159	165	202	217	205	625	904	926	933	956	972	950	1040	1070	1051	1011
17	12	12	14	18	10	4	5	2	5	9	15	32	42	49	261	670	937	926	921	960	994	1026	1058	1074	1078	1071	1054
27	33	23	10	7	9	4	2	6	10	18	22	33	58	153	519	932	937	945	991	1041	1058	1072	1074	1083	1085	1080	1077
47	62	64	36	23	14	9	6	3	14	27	77	153	246	561	907	960	949	1006	1058	1064	1068	1072	1077	1083	1079	1078	1083
51	55	50	63	61	48	13	9	14	47	134	302	482	687	924	973	962	1014	1063	1064	1061	1077	1077	1080	1084	1081	1086	1085
52	64	46	18	25	68	19	11	72	191	429	678	858	963	982	995	1029	1061	1076	1077	1079	1080	1077	1082	1083	1085	1084	1077
93	97	45	15	3	47	58	83	198	442	745	923	969	973	1005	1049	1079	1087	1083	1074	1072	1071	1076	1082	1080	1083	1080	1081
116	132	69	17	8	40	153	237	419	671	901	972	969	1001	1049	1082	1092	1084	1083	1076	1074	1077	1078	1082	1080	1081	1082	1084
97	134	120	49	42	118	294	468	640	837	955	972	995	1045	1080	1084	1086	1084	1075	1073	1075	1079	1084	1084	1083	1085	1073	1082
104	113	124	120	153	253	440	689	848	952	991	990	1028	1067	1083	1091	1086	1080	1075	1078	1078	1084	1087	1093	1090	1084	1079	1075
73	90	85	175	304	393	572	800	948	989	994	1010	1040	1066	1086	1085	1082	1078	1073	1070	1080	1083	1089	1089	1088	1086	1078	1047
45	90	112	185	392	532	659	862	979	981	992	1017	1034	1052	1069	1076	1071	1068	1067	1072	1079	1084	1087	1088	1085	1091	1075	1056
45	76	128	181	358	608	722	888	990	988	995	1008	1032	1049	1067	1084	1083	1077	1072	1080	1083	1090	1091	1087	1086	1089	1076	1079
106	125	167	230	336	567	770	894	1003	1006	1000	1013	1022	1042	1066	1081	1081	1070	1075	1079	1081	1081	1083	1087	1085	1078	1081	1084
250	211	214	300	367	488	706	867	977	1017	1000	1000	1001	1013	1026	1040	1051	1064	1070	1073	1071	1068	1079	1079	1083	1088	1087	1077
587	404	326	335	425	483	628	809	935	1000	1003	969	968	978	980	998	1011	1030	1059	1070	1072	1084	1090	1089	1085	1091	1077	1082
972	776	564	421	460	562	612	736	869	955	983	955	955	963	958	950	970	1004	1072	1082	1088	1098	1099	1081	1072	1079	1075	1086
1028	1016	895	685	528	619	701	727	817	900	954	958	963	967	948	976	1022	1055	1082	1074	1076	1075	1068	1059	1075	1078	1072	1087
999	1019	1014	962	815	707	804	835	828	868	911	935	956	950	987	1056	1075	1076	1073	1066	1073	1079	1075	1085	1084	1075	1079	1095
962	1012	1030	1066	1069	970	890	947	945	931	924	941	959	968	1021	1067	1077	1078	1075	1085	1085	1090	1088	1077	1067	1062	1081	1091
972	1009	1075	1119	1185	1203	1107	1021	1022	1007	981	963	955	991	1060	1073	1090	1089	1090	1087	1085	1080	1075	1063	1064	1076	1097	1093
976	1032	1088	1201	1295	1369	1368	1192	1029	1022	1000	974	948	989	1056	1071	1085	1090	1091	1087	1082	1071	1061	1068	1080	1088	1096	1095
949	992	1121	1289	1416	1487	1537	1487	1194	1002	996	962	929	995	1049	1061	1077	1093	1100	1092	1081	1108	1156	1171	1134	1093	1095	1103
976	955	1061	1352	1549	1577	1558	1658	1651	1206	974	945	913	986	1046	1049	1060	1082	1088	1078	1128	1272	1217	1251	1305	1160	1072	1074
1020	978	943	1207	1704	1699	1513	1546	1758	1777	1175	939	906	973	1032	1046	1050	1064	1067	1099	1307	1275	1163	1208	1299	1270	1066	1083
21	22	27	21	16	14	9	11	7	8	36	83	61	140	115	41	28	14	62	114	176	131	127	53	58	108	138	247
15	17	16	22	14	11	10	12	10	3	40	98	21	92	146	47	6	4	59	127	164	253	217	89	203	297	315	379
16	11	11	13	10	15	16	9	9	7	20	104	53	58	138	76	31	268	604	740	773	833	739	457	708	858	837	843
16	16	17	14	13	10	8	7	8	6	6	47	113	106	118	163	415	807	927	928	941	962	993	976	1046	1081	1027	980
33	25	10	10	11	10	3	4	1	3	8	13	16	22	53	365	854	934	916	934	975	1013	1050	1072	1085	1078	1044	1012
44	62	34	8	7	10	1	0	1	5	6	7	21	70	306	745	949	927	962	1010	1048	1071	1082	1085	1090	1089	1070	1040
44	41	72	48	44	35	8	0	0	0	13	107	258	471	783	941	948	986	1038	1067	1076	1082	1082	1086	1090	1084	1081	1064
47	30	28	45	26	38	14	0	15	127	329	558	735	859	944	976	1009	1047	1072	1074	1069	1078	1081	1086	1092	1091	1090	1074
48	36	21	0	0	7	12	64	273	538	745	852	913	967	1008	1039	1056	1073	1086	1082	1085	1087	1083	1085	1087	1087	1086	1073
73	39	0	0	0	53	231	433	626	771	872	945	993	1032	1060	1073	1081	1089	1086	1081	1085	1079	1079	1081	1080	1079	1079	1086
96	50	42	25	115	317	566	696	769	847	947	1008	1039	1056	1070	1082	1086	1081	1077	1081	1076	1075	1085	1088	1082	1086	1087	1088
106	52	173	293	401	587	741	788	831	921	1001	1037	1049	1070	1083	1080	1084	1087	1079	1081	1078	1085	1092	1093	1088	1087	1079	1081
159	124	269	496	627	709	778	869	941	999	1041	1052	1064	1071	1079	1089	1086	1082	1087	1087	1083	1088	1090	1092	1085	1083	1083	1079
221	257	347	578	731	769	824	909	993	1032	1052	1058	1065	1076	1093	1092	1088	1090	1085	1080	1089	1085	1088	1086	1083	1084	1080	1065
293	373	464	619	790	829	861	943	1009	1027	1045	1064	1072	1074	1080	1083	1080	1080	1077	1081	1081	1090	1092	1087	1087	1096	1078	1073
389	460	546	631	766	860	882	958	1013	1033	1051	1058	1071	1068	1073	1088	1089	1086	1077	1086	1091	1095	1095	1093	1095	1090	1075	1085
522	553	603	659	739	837	910	963	1031	1046	1045	1052	1059	1073	1078	1079	1077	1072	1078	1080	1082	1083	1084	1087	1092	1075	1083	1090
659	625	629	690	737	802	876	942	1013	1040	1035	1040	1040	1049	1053	1055	1057	1068	1071	1067	1069	1071	1080	1081	1076	1076	1093	1089
825	706	678	710	764	781	833	901	961	1017	1032	1014	1020	1032	1030	1036	1042	1048	1068	1077	1083	1090	1094	1084	1079	1088	1088	1083
998	861	770	736	773	815	832	868	920	958	975	970	981	993	993	987	995	1005	1059	1079	1081	1090	1086	1071	1070	1077	1075	1081
1106	1104	1013	870	798	840	869	868	887	904	934	952	950	951	946	970	998	1019	1061	1068	1074	1078	1068	1067	1073	1078	1075	1082
1117	1211	1258	1215	1037	890	901	908	890	905	915	924	939	937	964	1013	1062	1068	1071	1075	1084	1078	1074	1084	1085	1088	1086	1089
1137	1230	1297	1390	1428	1264	984	936	942	926	919	922	932	960	1008	1063	1083	1092	1090	1091	1086	1079	1084	1079	1074	1071	1080	1085
1260	1232	1280	1359	1422	1531	1416	1031	973	965	952	933	925	955	1044	1070	1079	1085	1082	1083	1078	1071	1077	1073	1083	1084	1091	1090
1192	1397	1327	1303	1298	1376	1630	1411	1011	985	974	957	938	955	1023	1047	1068	1073	1080	1077	1068	1062	1070	1075	1080	1083	1087	1081
972	1290	1615	1443	1288	1294	1466	1672	1290	1013	996	956	930	950	1008	1043	1054	1080	1090	1079	1062	1093	1120	1128	1107	1074	1061	1081
978	982	1408	1805	1573	1384	1408	1670	1706	1196	995	946	921	945	989	1010	1033	1061	1069	1071	1116	1255	1180	1175	1190	1094	1045	1088
1021	970	980	1456	1914	1706	1508	1599	1794	1565	1071	925	906	933	956	974	1012	1037	1051	1064	1273	1267	1168	1203	1220	1155	1056	1090
14	13	15	15	13	11	11	18	23	32	46	91	77	134	55	23	27	13	43	94	156	96	113	78	30	86	127	199
17	20	17	16	14	16	16	16	18	25	39	89	79	163	129	25	11	33	118	164	218	293	213	69	88	151	142	168
16	15	19	17	13	16	15	9	9	17	35	80	74	103	203	127	163	466	761	831	827	887	795	383	481	584	552	538
30	13	12	11	12	7	2	5	11	14	24	51	97	70	85	311	708	916	926	928	958	995	1019	915	962	1017	942	883
55	55	13	9	8	10	8	11	16	15	14	18	25	27	242	688	949	916	915	956	1010	1038	1058	1078	1088	1080	1010	966
31	65	45	8	17	39	36	22	13	8	6	15	38	165	613	918	929	917	966	1025	1048	1071	1082	1091	1092	1078	1033	986
25	20	73	62	66	57	40	31	39	81	131	236	458	744	925	930	939	994	1051	1069	1075	1089	1087	1086	1090	1088	1057	1018
34	5	10	28	14	43	93	158	306	506	683	824	927	960	956	988	1038	1072	1083	1078	1081	1081	1085	1093	1096	1091	1063	1056
43	34	39	42	104	218	367	515	723	888	956	970	977	1004	1043	1069	1078	1083	1084	1078	1085	1089	1088	1085	1090	1089	1076	1078
104	187	274	273	372	523	709	856	956	991	1001	1019	1051	1082	1094	1088	1084	1082	1074	1083	1087	1087	1087	1084	1086	1081	1083	1090
260	327	497	548	642	801	951	1018	1029	1031	1045	1063	1084	1087	1082	1082	1083	1077	1079	1085	1083	1084	1082	1085	1087	1086	1086	1086
442	455	649	797	877	985	1047	1048	1047	1056	1074	1091	1093	1086	1084	1080	1074	1081	1080	1083	1085	1084	1085	1093	1086	1085	1082	1082
577	615	761	937	1017	1054	1058	1052	1060	1071	1086	1093	1087	1079	1081	1081	1080	1074	1081	1089	1085	1087	1093	1087	1081	1085	1084	1085
675	764	852	994	1066	1066	1053	1048	1065	1077	1089	1085	1077	1077	1087	1083	1087	1091	1091	1090	1090	1089	1090	1087	1088	1086	1087	1088
762	866	930	1021	1087	1076	1066	1065	1067	1074	1078	1084	1095	1096	1088	1090	1089	1089	1092	1097	1091	1096	1089	1086	1087	1090	1082	1080
849	940	990	1041	1095	1089	1071	1073	1069	1078	1091	1098	1101	1090	1083	1087	1083	1088	1089	1091	1094	1094	1092	1096	1093	1084	1078	1084
927	994	1023	1044	1073	1088	1072	1075	1079	1083	1088	1088	1087	1090	1087	1076	1076	1085	1084	1085	1086	1088	1093	1091	1091	1088	1091	1095
1012	1016	1030	1057	1070	1083	1079	1064	1067	1070	1069	1076	1077	1082	1083	1076	1081	1073	1060	1059	1063	1064	1060	1066	1078	1079	1093	1090
1168	1076	1030	1051	1066	1054	1052	1046	1044	1055	1066	1064	1068	1072	1075	1079	1081	1069	1063	1066	1066	1054	1055	1065	1075	1085	1090	1079
1270	1295	1171	1081	1055	1048	1044	1038	1032	1035	1025	1032	1042	1036	1029	1023	1013	994	1030	1071	1074	1083	1080	1079	1080	1084	1077	1080
1276	1369	1411	1335	1147	1035	1025	1007	989	966	956	954	948	942	940	945	953	959	1021	1065	1075	1078	1076	1084	1081	1085	1082	1089
1205	1305	1400	1532	1523	1140	970	966	952	938	924	919	919	926	941	962	1008	1029	1059	1071	1074	1070	1075	1081	1086	1094	1086	1084
1299	1278	1333	1433	1660	1633	1078	934	947	945	929	912	917	945	990	1033	1041	1056	1077	1081	1083	1072	1071	1074	1081	1082	1081	1084
1740	1449	1316	1361	1468	1724	1558	1001	927	931	932	920	921	945	995	1025	1041	1055	1066	1081	1074	1064	1064	1076	1086	1088	1083	1078
1528	1954	1656	1413	1355	1483	1702	1328	946	928	926	928	922	922	955	1004	1046	1061	1073	1084	1063	1046	1068	1078	1084	1078	1059	1064
995	1506	1989	1755	1429	1381	1527	1549	1133	956	954	922	920	921	946	1006	1044	1067	1077	1072	1040	1045	1064	1079	1070	1028	1027	1071
988	990	1422	1856	1652	1418	1423	1540	1384	1033	960	926	926	928	941	987	1034	1064	1065	1035	1035	1119	1095	1069	1037	993	1035	1098
1042	1005	979	1319	1638	1541	1432	1463	1456	1166	954	931	926	940	942	975	1037	1054	1029	986	1108	1143	1112	1085	1030	1013	1063	1091
7	5	12	15	17	16	24	36	37	44	71	103	73	40	5	11	17	10	15	63	107	72	91	101	14	37	99	135
9	11	11	5	5	7	8	15	26	32	44	97	111	130	68	22	17	55	149	202	264	275	157	60	18	72	81	96
17	14	16	17	16	14	14	18	30	46	63	99	125	128	216	242	353	602	807	857	861	882	776	298	229	263	233	207
70	40	21	24	27	21	16	18	28	45	68	78	129	69	208	608	882	923	915	939	983	1013	1030	773	660	705	679	624
71	98	47	29	24	24	28	31	35	31	41	54	70	142	603	934	927	910	950	1012	1058	1065	1060	1052	1014	973	916	886
33	70	86	34	40	71	83	69	50	39	44	62	105	381	863	926	905	935	997	1047	1055	1057	1059	1073	1074	1040	974	948
25	27	70	83	88	85	74	102	175	279	360	434	625	874	930	911	941	1000	1057	1067	1067	1079	1082	1078	1077	1061	1003	982
44	38	31	58	88	157	298	484	686	840	898	935	969	959	954	993	1040	1078	1086	1079	1085	1086	1086	1085	1088	1059	1010	1035
150	268	293	303	447	635	808	918	968	965	961	986	1000	1018	1043	1067	1078	1077	1075	1080	1084	1084	1084	1084	1087	1064	1041	1079
391	607	760	785	889	968	1006	998	998	1016	1048	1063	1075	1078	1080	1078	1080	1076	1072	1079	1075	1080	1083	1088	1088	1076	1080	1093
696	833	983	1024	1043	1049	1044	1045	1064	1083	1086	1077	1076	1080	1081	1081	1078	1071	1077	1077	1080	1086	1081	1078	1086	1080	1082	1090
887	967	1057	1081	1068	1060	1066	1086	1099	1092	1089	1087	1089	1084	1079	1072	1070	1078	1078	1082	1088	1075	1074	1085	1084	1081	1082	1083
992	1062	1090	1084	1071	1071	1082	1090	1087	1086	1091	1091	1086	1081	1075	1070	1076	1075	1075	1081	1079	1082	1093	1086	1082	1084	1084	1085
1037	1102	1107	1087	1087	1087	1079	1083	1084	1087	1086	1080	1075	1075	1084	1079	1082	1079	1083	1084	1082	1085	1084	1082	1088	1085	1087	1089
1063	1105	1107	1093	1090	1095	1092	1089	1094	1095	1083	1075	1081	1086	1079	1083	1083	1087	1088	1089	1089	1092	1083	1083	1085	1084	1083	1082
1082	1109	1106	1102	1095	1090	1096	1103	1093	1084	1080	1083	1085	1078	1074	1079	1076	1082	1090	1090	1089	1090	1086	1087	1083	1079	1082	1079
1082	1107	1104	1100	1097	1093	1092	1106	1099	1091	1090	1086	1074	1072	1078	1075	1074	1079	1079	1081	1084	1086	1081	1076	1083	1093	1091	1088
1239	1125	1101	1100	1090	1092	1094	1086	1088	1089	1082	1076	1069	1066	1063	1060	1066	1055	1034	1035	1039	1035	1025	1048	1086	1093	1090	1080
1467	1411	1176	1080	1084	1075	1073	1072	1070	1069	1069	1066	1060	1054	1055	1057	1073	1055	1008	1004	1015	996	1011	1059	1080	1082	1081	1073
1409	1559	1553	1230	1049	1047	1044	1051	1054	1050	1048	1055	1053	1034	1012	997	1001	981	1005	1033	1050	1062	1064	1080	1089	1082	1071	1078
1304	1402	1618	1637	1179	993	1013	1005	991	988	976	977	967	947	933	930	936	950	1006	1041	1058	1047	1050	1068	1083	1078	1074	1086
1218	1261	1397	1626	1566	1065	942	951	946	933	928	943	931	923	938	959	979	993	1025	1049	1046	1031	1035	1052	1075	1071	1081	1081
1449	1284	1294	1394	1576	1426	994	919	933	942	930	943	947	947	995	1024	1012	1007	1030	1055	1049	1022	1022	1037	1053	1066	1077	1071
1928	1684	1415	1364	1451	1471	1237	948	910	921	931	940	972	985	992	1019	1028	1034	1057	1068	1034	1004	1002	1024	1042	1052	1052	1046
1439	1849	1738	1530	1452	1438	1338	1050	920	911	908	914	946	955	954	1004	1045	1058	1070	1064	1025	999	1003	1018	1033	1027	1017	1051
1010	1250	1559	1596	1460	1394	1344	1149	942	913	925	920	918	958	978	1029	1060	1080	1073	1031	999	986	996	1000	1005	981	1019	1079
1043	1025	1104	1296	1374	1325	1293	1206	1008	925	937	938	928	942	984	1039	1069	1070	1034	977	948	969	996	982	957	954	1048	1091
1073	1064	989	1000	1124	1217	1214	1171	1063	954	944	949	948	961	976	1025	1076	1051	975	937	959	983	1000	963	931	987	1079	1088
22	23	57	67	60	60	60	64	61	62	77	71	64	4	5	9	7	1	6	60	59	82	76	108	28	0	54	99
7	1	3	10	16	19	18	25	36	40	50	66	71	45	38	32	52	114	197	231	230	189	59	51	7	19	64	96
27	5	2	7	17	25	34	46	63	76	81	98	102	73	175	344	494	684	815	852	868	837	654	234	105	107	87	60
93	83	40	42	44	44	53	59	69	82	102	116	119	108	483	834	932	934	937	975	1009	1012	1021	621	269	293	310	275
72	122	92	56	54	51	58	65	72	71	86	96	128	449	903	961	926	946	1014	1068	1085	1081	1072	972	710	599	630	635
65	87	130	80	64	76	92	91	84	93	120	164	323	707	939	906	929	997	1061	1073	1071	1064	1065	1067	996	830	833	878
52	51	76	114	122	130	129	208	356	479	571	649	769	905	925	929	982	1050	1079	1073	1072	1079	1085	1072	1048	1007	962	968
130	177	147	168	251	381	549	740	873	926	942	965	974	957	948	993	1054	1085	1085	1087	1093	1097	1095	1079	1064	1032	979	1006
478	661	668	671	786	901	968	976	955	950	960	978	987	990	1016	1063	1081	1079	1083	1097	1096	1094	1089	1085	1075	1015	992	1045
823	956	1022	1042	1050	1032	1020	1011	1018	1034	1043	1042	1044	1049	1064	1069	1075	1083	1087	1084	1076	1076	1078	1083	1086	1038	1039	1075
1058	1093	1086	1082	1082	1081	1081	1077	1083	1086	1078	1066	1069	1074	1073	1069	1069	1069	1070	1070	1074	1077	1082	1080	1081	1049	1069	1095
1088	1111	1100	1099	1096	1097	1100	1101	1096	1085	1079	1074	1072	1068	1065	1062	1075	1079	1079	1079	1081	1074	1078	1083	1082	1059	1087	1086
1096	1102	1096	1095	1094	1086	1087	1087	1083	1079	1087	1089	1082	1079	1069	1073	1080	1081	1082	1080	1083	1087	1090	1089	1082	1076	1089	1075
1101	1111	1100	1093	1102	1100	1092	1090	1089	1092	1090	1090	1094	1095	1100	1098	1089	1085	1084	1084	1085	1081	1079	1083	1080	1079	1082	1079
1112	1113	1110	1108	1116	1111	1094	1087	1095	1101	1097	1083	1082	1086	1085	1087	1083	1086	1082	1079	1083	1086	1087	1082	1073	1087	1084	1079
1117	1115	1110	1095	1085	1090	1088	1089	1083	1074	1069	1074	1078	1080	1084	1084	1082	1087	1089	1092	1088	1087	1084	1073	1073	1087	1079	1075
1130	1116	1105	1103	1097	1084	1088	1091	1079	1076	1075	1078	1071	1069	1076	1079	1079	1078	1080	1085	1079	1063	1047	1059	1081	1085	1081	1078
1383	1167	1099	1087	1075	1073	1068	1064	1064	1060	1069	1054	1046	1039	1033	1046	1055	1051	1029	1029	1033	1007	1012	1063	1092	1094	1087	1080
1596	1544	1201	1049	1049	1046	1038	1036	1033	1033	1032	1034	1033	1033	1026	1025	1063	1048	971	973	996	977	1015	1072	1089	1086	1083	1077
1403	1526	1536	1175	997	1004	1003	1017	1028	1025	1026	1015	1026	1005	983	987	1000	993	999	1011	1008	1005	1031	1061	1082	1077	1071	1082
1322	1396	1480	1404	1034	954	979	989	997	1017	1014	1003	978	960	956	965	970	990	1026	1039	1016	993	1004	1031	1073	1066	1068	1076
1341	1392	1438	1405	1169	920	953	960	957	968	981	994	962	953	981	1010	1019	1014	1020	1049	1004	968	978	1026	1068	1056	1079	1079
1532	1443	1404	1391	1301	1019	921	927	935	935	947	1000	1000	991	1035	1055	1047	1028	1037	1043	984	951	984	1027	1039	1056	1073	1065
1590	1637	1498	1402	1354	1119	950	928	913	922	933	954	1016	1031	1040	1061	1058	1060	1073	1038	969	957	976	995	1018	1031	1038	1037
1117	1291	1443	1427	1339	1184	1003	944	935	922	919	917	972	1023	1037	1059	1068	1067	1049	1001	974	971	966	983	1000	1001	1014	1048
1041	1008	1073	1175	1182	1126	1036	967	937	930	935	940	929	1001	1060	1084	1079	1072	1024	968	972	978	977	970	974	989	1033	1079
1097	1078	1030	1029	1046	1044	1019	989	966	941	944	954	936	953	1020	1067	1067	1031	978	951	948	955	964	952	962	990	1064	1087
1094	1079	1032	1020	1029	1018	1016	1003	994	959	934	935	944	957	967	1003	1026	993	947	953	949	931	942	952	973	1021	1092	1100
34	35	82	109	92	87	80	78	80	72	49	38	62	9	13	14	17	29	63	75	25	83	84	103	72	9	11	74
28	19	22	50	65	65	59	55	59	66	60	33	57	20	18	48	115	214	292	232	143	100	28	49	32	1	40	106
56	16	2	12	47	58	64	62	71	79	85	74	47	64	208	448	583	741	835	845	806	680	412	152	100	87	85	66
62	91	40	31	45	64	74	81	82	83	93	103	77	307	781	937	945	945	962	991	1001	988	906	454	78	96	86	61
49	91	101	52	51	59	70	87	103	106	96	131	327	815	976	930	939	994	1051	1067	1068	1062	1053	812	267	155	233	253
67	69	116	103	65	63	76	80	90	135	238	402	692	934	909	918	980	1055	1082	1078	1076	1075	1076	1017	699	384	499	605
65	67	72	113	133	147	177	288	477	624	749	845	906	915	928	976	1054	1094	1089	1077	1074	1077	1062	1018	907	759	786	841
283	345	297	281	369	525	678	843	936	955	953	956	948	943	963	1031	1087	1094	1083	1085	1092	1092	1080	1041	1000	961	933	956
842	904	879	881	921	957	979	976	957	946	952	958	960	969	1021	1080	1091	1088	1090	1098	1099	1093	1077	1063	1049	983	962	990
1035	1034	1036	1041	1036	1026	1015	1015	1000	995	998	991	993	1024	1063	1070	1073	1084	1086	1088	1082	1074	1069	1083	1078	990	980	1023
1099	1109	1113	1104	1098	1092	1081	1066	1066	1064	1056	1047	1055	1062	1062	1060	1066	1070	1071	1071	1072	1074	1082	1096	1072	997	1026	1062
1106	1118	1116	1111	1107	1101	1098	1100	1092	1085	1078	1071	1065	1058	1056	1060	1069	1073	1074	1072	1073	1079	1085	1088	1062	1001	1060	1061
1095	1093	1097	1096	1096	1093	1090	1090	1086	1079	1078	1074	1068	1068	1070	1078	1078	1078	1077	1077	1080	1085	1082	1087	1059	1031	1067	1041
1094	1091	1082	1084	1087	1093	1096	1094	1096	1092	1082	1085	1092	1097	1096	1099	1089	1089	1084	1089	1088	1083	1086	1089	1053	1050	1062	1054
1119	1104	1087	1090	1092	1087	1082	1084	1083	1087	1096	1092	1093	1098	1098	1100	1089	1085	1084	1087	1087	1086	1085	1074	1040	1068	1067	1063
1123	1114	1100	1077	1065	1074	1069	1064	1069	1069	1075	1088	1093	1095	1096	1089	1083	1087	1080	1079	1073	1068	1067	1043	1051	1084	1070	1069
1130	1107	1084	1076	1065	1053	1049	1041	1042	1049	1053	1062	1064	1064	1069	1073	1088	1089	1082	1082	1055	1012	1018	1055	1078	1081	1075	1073
1259	1126	1078	1053	1035	1016	1008	1007	1004	1006	1028	1011	1013	1010	1016	1052	1076	1071	1052	1050	1028	994	1031	1082	1092	1087	1079	1077
1374	1205	1047	991	977	979	982	995	998	996	1007	1003	1003	1012	1028	1032	1060	1048	1007	1003	997	1009	1052	1085	1089	1082	1081	1078
1379	1288	1058	931	937	954	972	1008	1028	1025	1015	999	1021	1002	1009	1044	1043	1029	1026	1020	985	988	1031	1059	1074	1082	1081	1082
1384	1382	1164	919	915	941	946	976	1010	1034	1037	1008	990	1002	1025	1044	1038	1030	1044	1041	982	983	1009	1034	1067	1068	1070	1073
1428	1423	1277	1013	903	924	940	932	931	968	1000	1006	996	1022	1050	1060	1061	1056	1054	1042	967	964	996	1045	1066	1063	1069	1072
1348	1355	1275	1108	969	945	924	919	926	921	950	1010	1044	1053	1076	1076	1076	1083	1081	1023	947	958	1014	1052	1056	1064	1072	1068
1132	1153	1168	1116	1031	980	953	930	927	935	938	949	1023	1068	1075	1077	1072	1075	1058	978	944	995	1021	1036	1053	1062	1063	1055
1070	1033	1022	1032	1008	990	974	960	958	953	958	951	975	1055	1087	1087	1081	1063	1008	970	988	1012	1021	1036	1044	1048	1048	1050
1072	1076	1044	1015	983	970	979	970	953	961	970	969	960	1002	1053	1071	1072	1040	990	980	1008	1029	1029	1032	1028	1046	1051	1070
1081	1071	1077	1068	1050	1021	983	958	943	946	951	960	970	978	990	1021	1029	1005	985	996	1016	1021	1017	1005	1025	1039	1069	1085
1095	1057	1039	1046	1043	1038	1015	992	959	941	935	937	947	976	969	971	975	979	990	1003	998	985	992	1011	1030	1038	1094	1104
8	7	13	41	32	34	50	43	25	6	0	31	43	2	3	3	26	85	114	39	0	28	77	71	88	32	5	30
44	30	26	61	69	58	68	71	62	44	18	29	68	11	8	47	114	198	243	146	55	28	61	45	61	9	15	73
70	28	2	19	68	62	51	56	73	69	42	10	37	121	341	579	660	721	806	793	644	363	139	67	77	42	64	69
14	60	17	0	31	67	50	43	40	56	52	41	206	648	903	924	918	934	951	961	955	893	593	192	70	89	60	23
8	24	64	20	9	48	57	60	58	65	104	310	719	936	891	894	948	1012	1031	1035	1027	1007	955	550	54	30	34	19
39	28	53	78	44	41	64	70	95	208	443	732	894	876	884	957	1025	1042	1046	1050	1049	1036	1013	834	234	31	117	171
42	44	36	55	85	103	133	285	551	761	881	917	901	908	958	1036	1065	1067	1065	1061	1058	1038	981	903	565	246	339	466
388	371	308	273	340	497	666	864	951	948	929	924	921	942	1008	1070	1084	1081	1083	1079	1068	1047	1007	961	851	664	704	790
964	956	934	918	933	962	978	959	942	937	934	939	946	982	1054	1090	1088	1084	1077	1068	1058	1043	1028	1021	1007	950	925	945
1011	997	993	996	992	976	962	969	957	936	943	945	968	1030	1075	1078	1071	1067	1067	1067	1059	1040	1046	1078	1039	970	954	964
1073	1078	1076	1070	1065	1058	1038	1027	1023	1018	1014	1026	1051	1063	1061	1060	1062	1065	1068	1068	1067	1064	1077	1096	1032	962	966	976
1084	1095	1097	1095	1094	1087	1084	1079	1072	1074	1080	1079	1078	1071	1062	1057	1061	1061	1064	1065	1068	1078	1091	1095	1029	950	975	987
1065	1074	1089	1097	1092	1088	1087	1090	1085	1074	1066	1061	1060	1058	1064	1066	1072	1074	1067	1064	1072	1083	1081	1083	1017	955	997	985
1080	1072	1071	1071	1081	1091	1087	1083	1083	1073	1061	1061	1062	1063	1067	1072	1072	1071	1076	1086	1083	1086	1087	1080	1001	981	1003	993
1100	1085	1062	1062	1065	1066	1063	1066	1068	1076	1081	1080	1080	1081	1082	1077	1067	1073	1083	1083	1083	1091	1084	1055	995	1005	1014	1021
1100	1088	1083	1064	1049	1046	1049	1052	1054	1060	1073	1081	1083	1076	1070	1066	1061	1049	1035	1042	1042	1045	1036	1004	1008	1029	1036	1039
1062	1045	1028	1026	1022	1011	1007	1002	1010	1016	1020	1036	1049	1055	1062	1071	1075	1056	1054	1044	1000	964	993	1020	1038	1043	1044	1044
1031	1002	996	983	966	958	962	974	976	970	984	973	986	998	1032	1061	1080	1069	1065	1022	963	977	1039	1051	1053	1053	1046	1048
1018	930	940	941	947	965	992	1019	1021	1008	1015	997	996	1009	1061	1077	1066	1053	1048	984	965	1049	1081	1076	1067	1055	1051	1048
1048	881	899	919	926	965	1023	1068	1059	1008	998	1026	1039	1042	1071	1086	1077	1049	1051	971	989	1053	1072	1072	1070	1073	1069	1052
1148	955	899	935	962	958	986	1013	997	991	1013	1033	1049	1066	1072	1068	1071	1064	1048	987	1006	1044	1062	1067	1061	1062	1058	1050
1183	1082	990	965	967	958	955	945	930	962	982	1023	1078	1084	1075	1071	1077	1077	1053	995	996	1037	1060	1062	1051	1053	1044	1044
1074	1059	1032	995	959	963	954	941	948	944	958	999	1087	1102	1090	1084	1081	1082	1050	983	995	1037	1054	1048	1049	1057	1051	1047
997	973	971	966	962	967	965	957	958	975	972	971	1038	1086	1095	1092	1073	1059	1013	967	1005	1045	1041	1052	1067	1063	1051	1043
1039	1004	984	971	949	947	969	979	997	1008	1009	991	990	1046	1072	1078	1074	1044	1002	1001	1028	1040	1047	1054	1055	1050	1044	1037
1076	1083	1051	1017	989	980	991	1009	1010	993	1003	1018	1017	1016	1031	1036	1035	1042	1048	1043	1037	1049	1057	1062	1059	1057	1051	1045
1068	1069	1057	1043	1051	1044	1024	1006	999	994	981	993	1027	1039	1023	1020	1031	1042	1044	1059	1067	1066	1069	1064	1059	1045	1048	1068
1078	1059	1047	1032	1033	1043	1031	1032	1013	987	981	985	997	1016	1027	1021	1025	1030	1033	1044	1052	1061	1062	1058	1053	1045	1072	1081
7	9	8	11	15	53	45	14	10	12	14	57	56	14	17	31	65	100	48	18	18	16	59	77	88	83	28	13
27	0	3	3	9	29	50	34	10	7	4	36	46	4	14	72	121	107	71	32	0	0	43	50	58	30	7	40
68	30	2	5	5	14	31	56	51	19	4	25	119	269	502	704	762	729	738	672	434	119	13	76	77	32	41	71
9	38	21	2	6	25	20	27	44	44	78	240	580	863	924	915	922	956	965	955	926	728	236	23	83	108	100	71
4	2	28	24	3	32	32	21	38	136	338	706	921	890	891	942	1003	1028	1031	1025	994	959	778	199	13	45	31	17
6	1	0	27	40	30	57	88	223	482	772	904	884	901	960	1025	1042	1039	1039	1036	1029	982	947	615	70	33	48	45
4	0	0	0	26	68	160	417	730	887	898	878	894	941	1010	1042	1036	1036	1043	1047	1033	983	936	841	234	15	50	92
333	276	229	209	293	472	688	883	920	893	889	897	929	982	1043	1051	1052	1059	1064	1062	1047	1017	983	968	596	222	271	374
959	952	917	887	915	954	958	918	905	905	897	912	949	1014	1060	1065	1067	1071	1071	1069	1050	1032	1045	1032	903	724	703	730
977	959	954	960	955	936	909	907	910	898	909	941	1007	1064	1075	1070	1072	1072	1072	1056	1022	1021	1059	1047	955	881	848	833
1032	1020	1012	998	987	971	957	949	952	962	986	1030	1062	1064	1060	1066	1073	1069	1070	1064	1060	1057	1062	1051	955	913	894	882
1059	1059	1054	1044	1042	1047	1053	1057	1059	1065	1075	1082	1083	1080	1077	1069	1064	1061	1061	1055	1058	1067	1074	1071	987	935	926	922
1068	1075	1076	1083	1085	1079	1081	1081	1083	1082	1078	1076	1073	1072	1068	1066	1068	1077	1074	1067	1073	1080	1084	1075	982	929	931	933
1090	1081	1082	1080	1085	1086	1085	1080	1078	1071	1071	1068	1066	1064	1071	1072	1074	1074	1076	1075	1082	1084	1083	1054	961	931	936	933
1087	1082	1077	1073	1078	1081	1073	1075	1080	1080	1078	1072	1072	1068	1066	1052	1042	1057	1071	1076	1082	1086	1076	1020	951	945	950	952
1061	1067	1070	1071	1062	1061	1067	1071	1069	1066	1076	1079	1074	1068	1065	1053	1022	1006	1016	1043	1041	1036	1008	963	940	946	959	970
1009	999	985	999	1013	1032	1046	1032	1019	1032	1050	1066	1072	1073	1073	1075	1055	1020	1040	1011	957	940	939	943	947	955	970	980
947	952	953	952	950	976	1020	1035	1020	1012	1016	1010	1036	1070	1085	1083	1081	1078	1042	942	916	933	968	980	982	985	987	999
935	936	938	944	968	997	1005	1032	1037	1032	1043	1041	1061	1077	1086	1089	1086	1093	1039	934	947	1002	1030	1021	1011	1006	1000	1002
984	971	973	970	966	994	1051	1049	1015	1014	1044	1070	1083	1084	1084	1085	1079	1074	1030	930	997	1045	1046	1040	1019	1005	1010	1011
1045	1031	1023	1015	1001	994	1023	1010	981	1002	1043	1079	1084	1083	1081	1078	1085	1088	1030	983	1052	1059	1054	1042	1016	1009	1023	1017
1055	1035	1020	1017	1023	1012	1012	1006	983	1015	1024	1055	1092	1090	1086	1081	1082	1069	1010	1017	1059	1054	1053	1044	1016	1023	1026	1006
1043	1006	996	1005	1010	1008	1006	1008	1013	1005	1020	1032	1065	1083	1090	1084	1076	1054	1017	1035	1057	1059	1059	1045	1032	1040	1023	999
1011	966	961	966	973	999	993	979	987	1004	1016	1020	1044	1052	1063	1078	1062	1051	1049	1045	1062	1073	1059	1033	1039	1034	1007	993
1020	1035	1027	1010	997	995	988	972	981	1005	1023	1020	1021	1036	1041	1022	1016	1031	1024	1008	1036	1048	1036	1041	1045	1026	1017	1005
1051	1067	1075	1064	1047	1036	1025	1018	1020	1007	1008	1033	1057	1048	1044	1018	1003	1032	1027	1023	1020	1027	1040	1052	1033	1024	1032	1022
1054	1066	1073	1070	1058	1055	1056	1043	1035	1032	1022	1014	1050	1069	1058	1048	1053	1055	1052	1057	1062	1065	1059	1048	1044	1038	1032	1051
1072	1085	1070	1047	1040	1038	1024	1035	1045	1044	1038	1022	1021	1049	1060	1058	1057	1052	1055	1053	1053	1059	1058	1039	1042	1041	1058	1079
22	20	17	15	52	62	21	18	22	22	21	61	56	16	42	70	57	35	35	36	31	28	33	88	100	104	86	42
30	17	19	20	45	66	33	21	21	21	14	47	39	39	109	161	163	100	49	22	16	22	29	68	64	72	40	26
86	40	19	24	28	61	71	41	23	17	37	163	352	490	664	794	826	777	667	482	206	33	19	63	92	63	28	48
44	89	53	20	23	30	59	77	51	120	386	713	893	936	936	945	961	971	975	950	827	440	54	26	100	124	104	103
24	40	88	72	30	27	43	89	228	546	834	936	925	937	990	1031	1053	1053	1048	1020	975	917	489	42	31	77	96	87
29	26	35	75	90	63	106	322	679	894	925	915	943	1008	1056	1065	1065	1070	1074	1072	1016	956	889	343	33	61	57	46
22	22	23	18	44	122	394	766	917	912	900	927	994	1048	1069	1070	1070	1068	1073	1064	1006	950	952	711	131	64	70	78
173	142	126	144	297	570	840	912	895	896	911	957	1026	1061	1071	1068	1068	1074	1074	1048	1005	1007	985	890	287	59	59	81
880	857	821	827	910	949	927	903	907	906	925	987	1045	1066	1068	1070	1070	1070	1065	1043	1034	1054	1040	976	523	166	177	176
954	946	947	948	936	923	917	913	913	916	961	1026	1063	1065	1068	1068	1066	1066	1063	1032	1027	1054	1051	988	775	461	426	384
979	965	958	949	943	945	942	933	943	981	1028	1061	1062	1062	1064	1066	1068	1063	1061	1056	1051	1046	1044	987	881	772	729	665
1061	1062	1053	1045	1041	1038	1039	1038	1050	1060	1061	1063	1058	1056	1054	1052	1052	1048	1048	1043	1049	1046	1045	1014	921	892	877	852
1076	1076	1076	1080	1083	1080	1077	1077	1074	1074	1068	1065	1059	1055	1047	1048	1047	1050	1049	1047	1053	1056	1064	1032	934	912	905	906
1084	1082	1083	1078	1075	1071	1072	1070	1067	1068	1063	1058	1055	1055	1054	1047	1051	1059	1063	1069	1071	1078	1082	1022	941	932	921	913
1076	1075	1077	1074	1069	1068	1062	1064	1065	1066	1070	1065	1063	1052	1039	1019	1023	1045	1056	1067	1078	1079	1049	971	936	930	925	919
1032	1041	1047	1054	1049	1056	1060	1063	1069	1074	1077	1073	1070	1064	1048	1026	1008	1020	1052	1049	1024	1004	960	929	925	925	928	932
977	973	963	967	958	1023	1058	1038	1026	1056	1074	1077	1074	1077	1078	1076	1071	1064	1060	987	947	945	932	924	922	927	933	937
927	919	919	925	929	997	1037	999	996	1046	1077	1087	1090	1091	1086	1081	1083	1089	1017	914	917	928	935	931	928	932	937	941
939	939	944	951	954	976	995	984	980	1040	1077	1084	1086	1087	1083	1083	1088	1090	1009	916	918	920	930	937	934	931	939	945
1006	1016	1031	1037	1044	1051	1060	1049	994	1040	1087	1086	1088	1088	1085	1082	1085	1084	1008	918	938	950	949	944	938	940	949	966
1071	1076	1079	1074	1070	1071	1067	1062	1042	1033	1054	1074	1082	1087	1086	1083	1081	1068	976	939	984	992	981	955	938	950	972	979
1064	1067	1068	1067	1067	1064	1060	1059	1056	1055	1043	1054	1072	1081	1081	1076	1078	1054	965	1002	1034	1025	1000	965	950	979	1004	975
1067	1069	1070	1074	1071	1070	1063	1058	1061	1062	1049	1031	1025	1037	1060	1061	1043	1019	1006	1052	1055	1046	1018	994	1016	1040	1019	953
1058	1054	1053	1049	1045	1040	1042	1047	1054	1056	1058	1030	1031	995	988	1000	987	1021	1049	1058	1053	1048	1035	1030	1048	1049	1006	940
1015	1007	1004	1020	1028	1038	1038	1032	1042	1055	1063	1054	1025	1017	993	972	984	1030	1047	1052	1056	1050	1039	1048	1047	1038	1000	958
993	989	1016	1043	1055	1057	1057	1047	1041	1044	1056	1064	1060	1044	1045	1035	1034	1049	1046	1042	1042	1053	1052	1058	1050	1034	1023	1008
1030	1037	1051	1063	1060	1053	1054	1054	1047	1047	1048	1052	1059	1059	1058	1063	1067	1063	1062	1038	1024	1044	1047	1045	1052	1040	1024	1040
1132	1121	1112	1086	1055	1050	1048	1044	1046	1047	1049	1051	1058	1057	1057	1057	1058	1062	1058	1035	1041	1051	1050	1043	1047	1036	1043	1057
26	30	27	40	78	30	23	24	23	22	24	64	46	14	44	76	43	31	32	32	24	21	21	78	148	88	104	80
30	27	27	48	72	30	23	21	25	22	17	74	74	54	134	173	140	67	8	1	14	19	30	34	91	73	70	29
62	30	24	38	69	66	34	20	36	107	272	492	606	615	737	821	819	723	518	246	52	22	32	32	81	96	35	23
84	84	33	27	41	74	64	73	243	546	803	919	938	948	956	960	961	964	951	857	553	145	16	29	69	128	67	63
37	77	93	53	36	50	127	363	689	904	933	927	957	1004	1037	1057	1060	1046	1012	968	933	671	152	16	28	78	125	116
33	30	54	85	80	138	432	781	931	933	925	973	1035	1069	1071	1075	1076	1077	1066	1009	942	941	604	82	26	29	39	43
26	27	25	21	96	413	807	939	921	916	953	1031	1069	1076	1074	1076	1079	1079	1072	1029	963	947	898	370	41	69	65	51
80	82	96	224	533	830	920	912	908	931	1000	1060	1075	1074	1075	1075	1076	1079	1065	1042	1044	1012	963	686	121	67	55	69
736	731	750	850	934	926	907	916	920	961	1034	1072	1079	1080	1076	1076	1079	1078	1055	1060	1077	1069	1003	868	217	71	52	58
959	956	948	940	929	919	923	927	952	1007	1059	1075	1076	1074	1074	1075	1077	1079	1063	1063	1079	1082	1042	973	395	73	84	73
982	960	933	922	923	929	949	965	1005	1054	1074	1072	1071	1074	1075	1070	1077	1081	1077	1079	1080	1085	1067	1001	701	287	247	176
1069	1056	1035	1018	1007	1015	1026	1043	1065	1071	1069	1068	1067	1068	1069	1067	1074	1073	1072	1071	1075	1076	1067	988	858	599	546	431
1075	1074	1077	1076	1081	1082	1079	1079	1076	1073	1071	1068	1070	1063	1052	1060	1069	1065	1063	1063	1067	1064	1059	966	876	759	719	649
1082	1084	1079	1082	1080	1077	1079	1078	1074	1077	1073	1066	1050	1031	1025	1045	1060	1063	1068	1070	1069	1069	1045	950	910	877	807	745
1082	1079	1084	1079	1075	1074	1078	1078	1075	1076	1069	1059	1039	1021	1009	1022	1037	1041	1053	1052	1060	1057	988	927	916	918	876	814
1040	1049	1060	1061	1066	1076	1073	1073	1075	1076	1072	1070	1064	1061	1058	1054	1055	1056	1067	1045	991	962	929	916	916	921	916	884
973	971	980	964	995	1064	1061	1041	1062	1078	1080	1078	1078	1076	1078	1080	1075	1079	1060	993	949	916	912	906	912	914	919	926
939	926	925	929	964	1030	1026	1016	1064	1083	1082	1083	1080	1083	1083	1084	1080	1080	1017	919	916	922	915	906	913	915	921	934
948	941	943	959	972	969	985	978	1040	1083	1081	1085	1082	1081	1079	1077	1079	1079	1005	924	909	913	925	923	925	921	927	938
981	992	1002	1017	1023	1018	1023	1011	1012	1069	1086	1090	1088	1086	1083	1083	1085	1081	1001	923	919	910	919	927	933	924	923	934
1025	1035	1039	1042	1045	1042	1042	1052	1058	1052	1055	1063	1071	1075	1075	1077	1070	1052	966	911	918	912	911	917	927	930	929	926
1045	1053	1049	1050	1046	1050	1054	1061	1056	1057	1058	1058	1057	1049	1062	1063	1046	1028	956	932	943	935	923	921	922	931	937	932
1059	1051	1042	1039	1032	1045	1060	1060	1057	1060	1058	1059	1049	1009	996	991	974	998	987	989	986	958	933	952	980	987	956	924
1082	1056	1034	1020	1001	1021	1044	1055	1054	1051	1055	1055	1054	1014	963	967	989	1032	1048	1042	1028	979	965	1021	1040	1033	985	925
1089	1061	1006	966	962	995	1040	1048	1059	1056	1060	1059	1055	1032	987	993	1039	1055	1058	1055	1055	1006	1012	1051	1053	1046	1017	942
1116	1079	1031	997	996	1030	1042	1030	1045	1053	1063	1063	1061	1054	1031	1026	1043	1049	1053	1056	1056	1043	1045	1056	1055	1050	1043	997
1080	1122	1098	1060	1011	1036	1051	1033	1031	1034	1040	1055	1057	1055	1058	1056	1060	1057	1051	1056	1056	1057	1056	1055	1051	1050	1049	1047
859	1028	1113	1129	1018	1030	1051	1038	1022	1021	1029	1040	1039	1030	1036	1042	1056	1057	1032	1038	1056	1064	1059	1051	1036	1030	1052	1043
20	22	30	74	54	23	26	25	22	19	15	52	43	14	21	45	81	39	29	27	28	26	24	88	189	123	91	114
27	26	45	73	33	26	24	21	6	6	43	141	147	75	82	149	97	19	4	13	23	24	30	22	137	123	78	70
31	23	31	71	57	33	19	18	140	407	661	792	803	736	758	805	749	565	284	69	22	32	32	26	57	125	81	27
79	46	28	46	80	62	73	373	752	918	930	924	930	955	963	959	951	954	900	620	222	31	30	30	30	110	90	24
63	94	81	64	71	137	522	881	936	914	919	961	1015	1044	1057	1062	1043	1005	962	951	777	299	39	33	26	62	137	108
29	37	61	64	121	539	922	929	912	923	987	1056	1071	1070	1076	1077	1077	1069	1015	939	947	784	245	28	30	27	51	88
30	26	12	83	490	905	929	910	919	972	1052	1073	1069	1072	1073	1074	1074	1079	1046	982	944	954	645	109	26	35	33	25
37	50	189	572	891	913	897	912	940	1020	1066	1069	1071	1074	1075	1078	1075	1064	1064	1072	1035	969	891	354	37	79	76	71
576	672	840	936	915	899	906	920	980	1053	1072	1076	1075	1075	1075	1077	1066	1046	1062	1083	1081	1021	961	642	100	91	48	61
972	971	945	923	911	914	927	970	1043	1070	1069	1072	1073	1074	1076	1069	1073	1070	1074	1081	1079	1059	986	833	182	87	58	41
946	927	915	910	927	957	996	1039	1069	1070	1067	1075	1076	1075	1068	1073	1073	1079	1080	1077	1078	1071	1011	904	283	66	101	85
1042	1012	984	982	1008	1037	1054	1065	1069	1066	1068	1071	1069	1065	1066	1072	1078	1079	1076	1074	1077	1075	1029	926	464	120	102	75
1070	1066	1070	1072	1072	1073	1078	1071	1072	1072	1068	1063	1053	1052	1060	1073	1076	1073	1071	1073	1070	1074	1027	945	665	252	190	141
1071	1078	1073	1074	1076	1078	1075	1073	1075	1070	1054	1044	1004	998	1036	1058	1055	1063	1069	1073	1071	1074	998	938	816	444	331	237
1064	1062	1070	1070	1069	1074	1073	1069	1061	1051	1034	1037	1039	1031	1038	1054	1049	1043	1042	1038	1051	1031	940	924	928	733	527	354
1001	1046	1052	1050	1061	1065	1052	1047	1055	1062	1064	1069	1074	1075	1078	1073	1068	1062	1069	1033	963	941	914	915	948	928	748	521
930	960	959	966	1037	1055	1036	1057	1074	1076	1075	1073	1071	1071	1068	1068	1069	1070	1069	1018	940	908	915	916	928	962	908	733
938	937	928	936	995	1016	1023	1070	1081	1075	1077	1080	1081	1084	1079	1079	1076	1076	1055	958	929	920	916	915	925	933	958	936
950	945	933	934	946	949	955	988	1048	1077	1081	1080	1077	1079	1078	1073	1077	1075	1029	941	914	926	928	926	923	927	943	977
942	931	934	933	947	954	953	947	968	1018	1055	1073	1084	1082	1077	1080	1080	1060	974	932	920	924	939	933	928	930	933	956
943	940	946	952	957	948	966	998	1032	1038	1032	1035	1047	1068	1078	1078	1066	1011	955	945	938	924	922	928	931	938	942	937
976	947	952	953	957	969	996	1037	1060	1067	1065	1054	1025	1003	1022	1015	983	979	962	917	926	934	929	926	924	933	927	921
1094	994	957	947	937	962	1019	1051	1055	1064	1060	1057	1062	1036	994	971	950	966	981	930	921	929	940	932	926	929	930	927
1207	1151	1011	970	951	957	1009	1053	1060	1058	1054	1056	1061	1058	1044	1034	1032	1025	1014	987	962	932	931	945	955	951	945	927
1212	1233	1154	1006	975	962	972	1021	1060	1065	1063	1062	1059	1057	1055	1050	1051	1055	1050	1045	1037	960	931	972	979	964	951	929
973	1122	1189	1086	999	992	989	968	1026	1053	1055	1058	1055	1054	1054	1053	1054	1057	1057	1060	1057	996	953	987	993	975	973	956
505	744	949	1071	1010	1026	1032	984	976	1001	1028	1051	1054	1056	1054	1054	1057	1058	1061	1061	1050	1010	982	983	987	993	1020	992
274	377	552	781	919	1029	1065	1030	983	969	962	998	1029	1031	1038	1050	1060	1055	1053	1054	1029	1005	986	976	981	1002	1045	1014
23	28	72	60	34	31	30	26	18	12	1	33	59	19	25	28	55	84	35	23	24	24	23	66	117	91	98	85
28	35	78	44	29	25	15	25	73	165	262	313	245	100	70	78	75	32	20	22	23	23	24	33	146	118	80	95
28	27	64	65	29	40	150	373	619	805	892	914	883	776	719	701	557	304	91	22	24	27	27	22	70	180	109	65
62	41	54	70	110	305	617	851	933	935	923	929	948	970	966	959	954	900	654	275	56	20	28	26	21	111	160	42
88	93	81	142	386	706	906	933	930	945	992	1037	1057	1065	1063	1048	1001	965	955	810	396	68	23	28	20	35	151	109
30	27	106	357	697	907	934	934	972	1026	1068	1081	1081	1081	1080	1082	1067	1008	945	943	843	393	49	28	27	24	47	116
37	85	326	678	896	935	930	968	1024	1064	1075	1077	1075	1076	1074	1077	1075	1065	1019	960	951	808	265	28	30	31	26	28
188	408	711	898	916	912	933	990	1041	1067	1074	1075	1073	1074	1079	1079	1071	1077	1084	1055	982	951	615	95	24	37	44	38
747	867	919	914	905	919	964	1018	1059	1073	1079	1077	1077	1080	1080	1075	1065	1067	1077	1078	1047	977	864	284	26	71	71	72
960	940	925	927	933	969	1018	1054	1073	1076	1071	1073	1075	1077	1075	1076	1078	1077	1077	1080	1076	1007	952	539	54	91	53	44
936	931	943	967	1007	1038	1056	1067	1072	1070	1071	1073	1079	1078	1081	1082	1080	1082	1080	1082	1082	1040	975	747	106	79	78	50
1002	993	1011	1037	1059	1065	1066	1068	1071	1074	1068	1063	1066	1071	1076	1077	1078	1079	1077	1077	1080	1061	984	845	174	36	76	73
1077	1076	1077	1077	1073	1071	1071	1071	1068	1060	1033	1008	1032	1059	1071	1075	1078	1080	1082	1081	1083	1066	978	903	294	43	52	52
1078	1078	1076	1075	1076	1074	1068	1058	1055	1050	1027	1024	1013	1034	1057	1058	1057	1063	1066	1075	1081	1047	954	950	478	87	67	53
1065	1065	1072	1072	1072	1073	1067	1053	1050	1054	1058	1071	1069	1065	1068	1069	1063	1056	1041	1031	1042	988	925	961	694	222	123	69
977	999	1001	1023	1062	1059	1051	1057	1069	1073	1073	1075	1075	1076	1077	1074	1077	1070	1075	1030	965	934	920	948	882	466	238	119
923	923	924	966	1042	1047	1065	1080	1079	1076	1077	1076	1078	1079	1075	1073	1077	1074	1074	1036	949	917	923	933	970	768	434	223
932	921	918	936	968	980	1013	1070	1081	1077	1076	1075	1075	1078	1076	1075	1077	1076	1066	992	938	924	925	926	950	954	694	414
950	922	913	930	959	952	948	983	1021	1065	1077	1081	1081	1078	1077	1077	1080	1066	1005	951	929	928	922	920	923	970	920	718
961	939	922	927	955	968	984	978	960	979	1003	1040	1069	1075	1073	1074	1055	991	923	917	917	930	936	922	917	936	973	954
996	968	949	942	947	948	965	987	996	976	959	957	972	1016	1038	1024	999	954	933	936	932	925	929	922	925	933	943	954
1113	1009	987	964	951	951	946	953	988	1003	1005	989	962	952	956	959	957	983	968	933	937	946	974	959	938	933	924	927
1170	1075	1015	991	970	966	974	979	1000	1017	1029	1031	1030	1014	987	965	944	975	982	919	924	940	982	988	936	924	936	935
943	1043	1011	1004	998	988	993	1010	1019	1028	1035	1043	1051	1055	1054	1038	1025	996	965	935	926	929	961	983	940	919	943	929
594	711	856	928	995	1009	1010	1012	1021	1028	1034	1043	1048	1052	1056	1052	1043	1024	990	980	966	927	944	957	936	921	943	935
388	444	569	681	852	979	1025	1019	1022	1032	1032	1036	1051	1055	1057	1053	1042	1025	1028	1046	1007	934	917	923	922	920	947	942
235	273	361	463	590	796	964	1033	1026	1021	1037	1027	1034	1057	1056	1039	1041	1041	1033	1013	972	933	923	926	915	929	961	935
191	214	234	282	411	562	742	944	1032	1047	1056	1037	1011	1028	1043	1017	1018	1027	1019	1011	981	948	934	937	947	971	997	955
25	64	63	31	29	29	24	17	12	14	9	17	67	28	28	28	31	79	49	19	22	26	23	28	37	41	100	81
26	63	67	24	28	38	75	166	300	415	469	426	289	67	19	29	62	67	28	22	23	22	23	25	78	61	73	94
36	52	65	59	130	290	541	768	888	933	945	945	914	736	576	509	315	94	23	22	22	20	27	26	59	143	82	82
71	62	113	240	476	753	907	934	923	923	933	944	950	964	960	941	896	676	283	50	22	25	26	25	19	126	157	88
73	112	285	550	818	923	929	933	967	1009	1045	1063	1065	1054	1036	986	946	956	854	433	74	15	26	25	19	41	183	163
103	244	540	820	917	927	948	994	1043	1071	1078	1073	1075	1078	1075	1067	1011	941	936	900	475	63	23	27	24	17	50	174
273	522	807	921	923	941	991	1042	1069	1072	1072	1069	1074	1075	1073	1080	1075	1036	972	942	901	398	34	25	26	22	16	44
608	827	915	917	919	959	1016	1057	1068	1073	1077	1074	1074	1077	1075	1073	1076	1080	1070	997	953	831	225	18	26	24	29	27
904	923	914	912	936	991	1045	1065	1068	1074	1076	1072	1072	1074	1074	1070	1074	1078	1080	1066	983	969	589	57	22	32	49	45
948	943	949	968	1000	1043	1064	1071	1070	1073	1072	1072	1074	1074	1076	1075	1076	1078	1080	1082	1040	961	855	208	14	60	70	62
972	990	1016	1043	1062	1071	1073	1075	1072	1066	1073	1077	1076	1075	1076	1079	1074	1078	1077	1078	1069	982	954	452	22	73	63	27
1027	1044	1054	1062	1069	1069	1069	1075	1071	1045	1040	1067	1077	1074	1077	1074	1074	1075	1076	1074	1078	1015	965	675	58	44	85	51
1068	1070	1071	1065	1067	1061	1056	1060	1039	1007	982	997	1047	1062	1062	1066	1072	1075	1074	1074	1077	1018	954	815	127	24	50	67
1071	1068	1064	1060	1051	1036	1027	1036	1045	1040	1042	1041	1043	1059	1061	1056	1061	1062	1050	1066	1067	986	936	907	223	26	33	35
1040	1039	1037	1022	1030	1052	1058	1060	1067	1071	1071	1076	1075	1072	1074	1072	1071	1065	1046	1017	1007	934	913	966	391	32	42	30
946	946	945	955	1015	1066	1073	1074	1076	1074	1070	1070	1072	1072	1070	1072	1070	1070	1074	1015	932	912	903	967	663	83	56	36
943	922	920	950	971	1005	1067	1080	1078	1079	1077	1077	1082	1078	1078	1076	1075	1073	1070	1003	925	904	904	924	924	314	80	50
1002	967	935	945	936	924	962	1036	1078	1079	1072	1073	1071	1071	1069	1073	1072	1070	1044	970	924	907	910	901	977	725	197	78
1028	1008	972	964	969	952	924	950	1000	1046	1058	1065	1071	1070	1068	1071	1069	1035	958	932	931	919	914	912	930	973	551	180
1007	1037	1023	1004	994	972	950	940	938	960	970	984	1018	1049	1058	1046	1001	938	909	910	913	933	929	905	904	958	912	619
981	1026	1042	1039	1025	985	950	936	925	921	924	922	928	946	968	956	934	919	921	933	919	935	944	918	915	927	982	1009
809	884	997	1044	1043	1032	987	945	916	919	933	928	919	917	922	936	939	942	936	933	928	949	1009	1006	960	931	943	977
577	591	734	938	1039	1053	1039	999	946	929	932	947	938	941	937	923	926	955	938	912	924	970	1019	1060	1021	946	922	925
377	397	474	576	825	1026	1069	1048	1017	994	966	948	963	995	994	959	941	937	929	906	908	944	986	1038	1024	944	923	921
255	254	299	354	471	727	995	1074	1069	1089	1047	973	965	990	993	985	954	933	935	921	912	920	962	1015	991	927	921	921
247	204	217	243	288	390	643	946	1069	1172	1146	1064	980	993	986	963	947	951	1005	979	931	914	913	936	951	935	930	929
217	178	185	202	216	266	349	600	919	1207	1227	1199	1098	997	1004	954	982	980	1000	969	932	918	909	920	943	953	947	931
173	175	173	199	181	222	243	329	579	1084	1354	1246	1275	1102	997	947	978	977	936	936	953	951	929	936	950	977	966	929
56	71	35	24	16	6	9	17	30	35	24	7	61	39	25	23	23	61	69	20	24	25	25	22	19	21	74	76
61	62	17	17	86	214	365	503	601	648	623	505	311	65	3	19	53	89	34	22	21	22	23	22	28	29	45	84
65	36	113	330	563	742	864	923	938	944	948	958	931	687	418	283	141	39	22	26	21	24	26	26	35	57	44	85
90	208	505	721	837	909	925	932	939	960	964	960	950	961	955	884	661	299	63	20	24	25	24	25	23	64	97	103
258	553	761	861	920	938	964	1005	1038	1066	1075	1073	1063	1031	986	945	953	853	471	112	12	18	24	23	20	25	129	204
535	754	870	918	943	984	1034	1062	1075	1079	1080	1076	1078	1083	1070	1020	951	939	906	542	120	10	25	25	22	19	34	190
719	861	917	932	976	1030	1058	1072	1072	1073	1075	1076	1080	1083	1082	1080	1051	988	953	915	519	80	14	27	24	24	18	49
855	913	910	932	1000	1043	1065	1071	1074	1076	1079	1081	1080	1078	1078	1079	1083	1074	1018	965	884	392	35	22	25	26	23	24
941	932	934	975	1025	1059	1073	1074	1075	1071	1072	1075	1075	1075	1078	1074	1077	1082	1076	1019	959	784	202	14	25	23	29	29
1002	1010	1023	1042	1061	1071	1074	1074	1072	1072	1076	1078	1079	1079	1083	1080	1081	1080	1083	1068	974	958	515	34	20	31	49	53
1039	1050	1064	1072	1072	1075	1076	1074	1067	1071	1082	1080	1080	1080	1079	1080	1080	1083	1079	1084	1027	965	784	143	14	48	74	55
1060	1068	1074	1075	1071	1067	1058	1056	1030	1010	1049	1075	1077	1080	1080	1080	1083	1081	1081	1082	1062	969	910	322	17	51	86	35
1068	1069	1057	1051	1037	1026	1045	1032	989	975	1004	1035	1060	1066	1061	1072	1076	1076	1079	1081	1065	966	956	519	34	31	72	69
1046	1034	1020	1000	996	1012	1038	1048	1053	1063	1067	1068	1071	1076	1073	1072	1076	1066	1057	1079	1045	947	963	696	68	30	35	57
1010	977	961	946	1007	1067	1069	1073	1075	1076	1078	1081	1082	1081	1081	1082	1083	1081	1061	1019	972	928	945	842	150	24	33	30
991	955	936	925	972	1060	1079	1081	1079	1077	1077	1075	1079	1077	1077	1079	1078	1079	1079	997	923	922	927	948	318	12	31	28
1023	1014	987	976	953	958	1014	1055	1075	1082	1080	1079	1081	1080	1079	1081	1079	1082	1072	983	921	919	919	986	582	53	27	27
1009	1056	1037	1001	972	947	930	949	1011	1044	1059	1071	1077	1074	1073	1073	1080	1080	1045	961	922	916	923	967	866	248	41	28
874	973	1039	1044	1031	1004	946	911	916	957	997	1023	1047	1062	1070	1063	1047	999	941	941	938	927	940	939	998	603	149	41
700	848	919	1021	1062	1043	991	958	927	919	971	961	967	1003	1020	1000	948	917	919	922	924	928	942	925	965	938	513	211
554	652	728	828	988	1054	1038	1015	1011	972	969	944	920	919	939	931	918	927	942	949	941	951	943	927	927	981	956	806
377	444	579	634	757	914	1025	1066	1092	1062	990	936	925	931	959	951	932	940	949	939	944	971	974	971	952	944	971	1007
253	267	338	479	586	678	859	1021	1195	1157	1091	978	960	976	949	927	915	924	926	919	927	955	993	1032	1009	932	918	927
215	202	242	263	366	527	670	847	1163	1275	1179	1097	997	994	948	921	913	911	915	922	920	944	987	1029	1015	933	919	915
197	170	182	186	203	306	466	648	932	1322	1249	1221	1092	969	949	936	919	918	921	924	917	925	967	997	989	928	921	917
216	178	175	166	190	195	250	403	631	1128	1315	1287	1243	1045	943	944	951	976	991	931	914	917	929	962	1024	963	920	926
221	167	183	210	203	193	181	246	367	774	1245	1317	1333	1207	971	931	994	1013	1012	930	915	917	916	945	1031	983	922	926
224	239	273	246	161	176	161	178	221	447	976	1294	1356	1378	1084	932	963	957	935	917	926	928	923	936	977	966	933	916
57	31	16	21	38	65	89	107	100	70	31	6	45	65	24	24	23	51	79	24	23	22	24	22	20	21	42	78
53	55	140	289	458	600	710	778	798	767	668	474	240	66	10	22	43	90	38	20	21	22	23	21	22	23	23	57
201	368	595	775	877	926	939	939	935	940	954	960	895	588	253	121	80	46	26	26	25	25	26	25	23	23	25	54
493	724	860	910	923	933	943	967	981	985	966	946	940	954	882	669	341	74	18	27	24	23	23	22	23	27	42	65
713	869	915	932	960	995	1033	1059	1072	1075	1072	1058	1027	977	942	937	874	551	151	18	20	25	26	21	21	19	51	125
833	913	942	971	1019	1052	1069	1073	1072	1073	1077	1079	1078	1060	1021	958	934	923	657	190	13	21	27	23	20	20	19	110
894	933	962	1007	1046	1065	1071	1065	1067	1072	1073	1075	1076	1081	1077	1050	995	945	934	671	167	7	25	26	23	23	20	36
919	936	978	1026	1056	1071	1072	1071	1072	1073	1075	1075	1078	1072	1072	1075	1070	1025	960	932	589	90	11	24	22	22	20	23
978	983	1013	1047	1063	1071	1072	1072	1074	1071	1072	1075	1074	1074	1077	1076	1076	1073	1036	966	888	420	32	18	21	22	22	23
1051	1057	1061	1067	1071	1070	1070	1068	1071	1072	1073	1074	1077	1078	1079	1076	1075	1077	1076	1018	946	782	202	8	23	22	27	32
1067	1071	1073	1071	1064	1055	1041	1046	1059	1072	1077	1078	1080	1079	1074	1074	1075	1075	1079	1066	975	934	497	25	23	26	50	63
1048	1053	1058	1049	1039	1025	1000	994	992	1012	1052	1070	1070	1069	1071	1074	1077	1075	1075	1077	1018	948	753	104	17	33	81	47
1012	993	983	981	985	1025	1036	1014	1003	1014	1040	1058	1063	1061	1063	1069	1070	1069	1078	1082	1021	934	897	260	12	30	80	51
1018	975	947	944	1007	1052	1066	1067	1070	1080	1077	1076	1079	1079	1079	1077	1075	1062	1056	1067	986	919	954	483	19	31	45	77
1026	990	948	934	1012	1071	1075	1074	1076	1075	1075	1079	1083	1082	1080	1083	1082	1078	1063	996	936	919	956	718	59	33	32	43
992	1037	995	954	964	1012	1045	1061	1068	1066	1072	1072	1072	1070	1073	1074	1074	1073	1063	962	917	919	936	894	181	18	30	28
867	1013	1064	1036	995	986	997	992	1027	1063	1072	1074	1076	1070	1067	1073	1072	1070	1050	951	915	913	915	969	415	0	24	22
684	848	945	1021	1043	1065	1027	988	959	976	1016	1045	1060	1066	1074	1068	1067	1063	1026	947	919	919	917	966	749	61	21	25
470	557	716	856	974	1071	1127	1071	1022	942	937	965	981	1010	1032	1024	994	956	925	943	937	926	939	934	973	341	15	27
325	387	468	625	791	928	1125	1197	1121	1039	995	973	930	945	959	948	923	909	909	920	925	920	932	922	990	796	227	46
258	280	294	374	560	762	936	1230	1243	1167	1101	981	922	919	928	924	921	918	923	925	939	955	940	926	940	1004	854	618
220	222	243	242	315	469	698	1031	1273	1252	1200	1047	947	959	959	950	929	924	930	933	967	1007	964	925	936	969	1013	1024
195	193	183	203	237	264	404	699	1147	1275	1287	1185	1050	995	956	941	927	915	928	946	949	974	960	946	949	935	939	941
224	191	194	199	184	220	260	383	798	1207	1282	1301	1188	1001	938	918	914	914	930	933	937	962	954	957	942	927	933	926
230	153	204	214	183	194	201	252	436	929	1209	1316	1324	1072	945	931	933	921	916	924	924	932	940	939	940	923	927	927
213	195	214	163	201	185	160	179	257	516	986	1269	1371	1237	971	946	972	974	980	935	909	907	919	939	985	947	916	933
241	202	189	196	252	211	184	170	173	266	625	1093	1310	1347	1053	930	977	1024	1025	939	911	914	914	930	992	959	916	933
252	210	229	235	187	184	169	154	145	183	365	775	1169	1335	1160	954	955	975	970	935	924	920	922	924	950	959	928	919
45	11	41	97	171	229	247	225	161	76	16	5	29	84	28	23	19	36	84	31	24	23	23	24	23	22	27	74
199	342	550	716	836	893	917	915	887	801	621	353	114	65	18	19	29	81	51	21	25	26	25	23	23	21	19	29
613	818	917	942	931	924	921	919	921	932	958	951	784	412	111	49	76	63	25	26	27	25	25	24	22	22	22	27
840	931	930	919	934	962	985	1001	996	969	935	916	941	932	715	373	103	13	21	26	25	24	23	23	22	21	22	30
912	932	943	981	1022	1049	1062	1067	1072	1067	1055	1017	960	924	936	902	642	216	23	22	25	25	23	20	19	19	22	46
945	970	1012	1045	1064	1068	1068	1065	1066	1067	1070	1073	1055	1004	945	915	946	797	311	30	17	26	23	22	21	23	20	42
966	1008	1047	1070	1078	1076	1075	1069	1071	1074	1071	1073	1074	1074	1050	991	930	940	836	321	24	22	26	25	23	21	19	22
977	1021	1057	1073	1073	1074	1076	1077	1078	1077	1078	1077	1079	1075	1077	1074	1038	961	946	817	249	14	26	26	22	20	20	21
1034	1049	1067	1072	1070	1070	1073	1074	1072	1073	1073	1076	1076	1077	1078	1079	1078	1055	978	956	685	129	21	27	26	26	24	24
1072	1074	1073	1075	1072	1067	1073	1075	1075	1077	1075	1077	1078	1077	1076	1071	1073	1078	1050	967	926	467	49	26	29	27	25	29
1063	1074	1062	1049	1035	1012	990	1030	1060	1072	1075	1078	1081	1075	1069	1071	1069	1072	1074	1034	954	802	210	17	27	21	27	46
996	992	995	975	976	978	965	988	1003	1019	1046	1055	1048	1053	1069	1074	1072	1075	1073	1068	972	935	502	28	25	22	49	66
991	945	935	932	987	1041	1051	1048	1054	1065	1070	1074	1072	1067	1071	1067	1061	1064	1076	1072	971	939	765	109	23	28	69	59
1032	1007	970	933	1011	1066	1072	1072	1077	1081	1079	1079	1081	1079	1080	1079	1074	1061	1059	1039	942	919	912	298	14	31	51	83
958	1060	1057	1043	1038	1052	1048	1062	1071	1072	1073	1076	1077	1076	1077	1079	1076	1073	1061	976	922	915	957	583	29	32	30	64
659	903	1045	1132	1136	1105	1080	1036	1060	1071	1072	1073	1069	1068	1072	1073	1071	1071	1054	947	918	913	935	825	124	22	30	29
451	601	812	975	1201	1220	1180	1109	998	1013	1054	1067	1078	1077	1075	1079	1073	1074	1047	937	915	911	914	949	348	0	24	21
331	405	485	638	880	1234	1255	1203	1139	960	951	984	1004	1025	1054	1054	1048	1048	1019	941	921	926	927	966	686	34	22	24
217	232	300	397	533	807	1212	1276	1234	1131	942	926	931	947	967	953	937	932	921	940	943	927	931	939	957	254	6	29
176	171	206	261	358	473	800	1226	1317	1228	1132	968	916	925	948	931	915	912	910	914	934	928	929	925	1006	727	123	18
183	164	174	170	234	338	473	854	1252	1319	1261	1105	922	927	946	943	956	931	921	913	927	940	940	932	955	1032	803	578
206	204	176	147	162	207	310	528	879	1263	1323	1231	1026	970	973	959	975	953	927	925	945	960	939	920	939	991	1031	1023
208	214	166	154	162	160	186	312	575	941	1302	1327	1184	1005	951	951	963	941	951	951	958	978	947	920	933	948	948	937
203	194	171	194	176	165	160	180	337	620	1021	1318	1309	1066	967	933	931	924	950	955	965	1006	956	928	919	930	939	931
234	186	280	235	175	177	162	150	180	383	701	1079	1325	1163	1009	959	962	947	931	953	959	952	926	919	919	918	930	935
225	234	262	168	176	172	170	169	186	210	435	784	1121	1214	1047	999	999	982	985	1003	980	922	911	927	935	917	916	944
236	233	196	173	202	189	179	175	196	151	236	522	824	1079	1073	1001	1003	1025	1017	990	949	920	916	923	936	920	914	945
248	194	169	188	178	189	188	173	203	186	160	294	579	816	1005	1027	1017	1027	1013	973	948	932	938	932	937	974	955	936
219	254	324	395	448	450	401	296	165	48	2	6	42	75	24	18	16	21	75	47	21	19	19	20	21	17	21	65
595	758	877	938	969	969	966	949	894	749	488	190	26	69	23	17	20	65	66	19	21	21	21	20	20	18	19	18
883	952	939	925	918	918	915	908	917	941	961	881	567	214	41	35	72	73	25	23	22	21	22	21	21	20	19	19
942	939	946	967	994	1014	1019	1009	980	939	908	915	950	829	475	154	30	16	20	21	21	21	21	20	19	19	18	18
982	996	1021	1048	1062	1068	1069	1069	1068	1056	1016	954	909	921	934	751	343	36	6	23	21	19	17	16	17	17	18	19
1022	1053	1072	1079	1076	1072	1072	1070	1073	1073	1074	1058	1007	945	907	923	906	555	87	4	22	20	16	16	16	18	18	18
1035	1068	1082	1079	1079	1078	1080	1078	1076	1076	1076	1079	1076	1057	1007	940	913	944	651	103	10	24	19	20	19	16	16	15
1042	1071	1078	1074	1073	1073	1077	1079	1078	1079	1079	1080	1081	1081	1083	1057	988	926	950	634	71	18	26	24	20	21	22	19
1064	1075	1077	1073	1074	1077	1076	1074	1074	1075	1076	1078	1078	1081	1077	1080	1074	1018	938	951	475	18	28	26	26	25	23	23
1046	1046	1048	1053	1043	1050	1071	1078	1078	1079	1079	1080	1077	1073	1076	1075	1078	1076	1012	946	871	230	10	26	26	27	24	25
1016	1003	994	991	989	963	974	1040	1062	1064	1067	1071	1070	1066	1072	1072	1071	1074	1069	999	955	644	53	22	24	21	20	33
1041	975	939	928	966	987	997	1032	1045	1043	1053	1047	1044	1060	1074	1077	1072	1078	1077	1045	949	914	301	8	26	22	24	69
1103	1117	1015	963	1021	1061	1074	1077	1079	1084	1083	1082	1078	1078	1078	1074	1061	1065	1077	1045	944	959	656	43	27	28	41	89
917	1148	1209	1121	1090	1078	1069	1077	1080	1082	1078	1081	1080	1080	1080	1081	1077	1067	1063	1004	927	929	898	218	12	31	41	95
592	816	1059	1249	1221	1180	1093	1052	1072	1076	1077	1078	1076	1077	1078	1080	1080	1079	1060	961	923	918	965	556	20	30	30	77
296	454	650	944	1245	1291	1244	1132	1050	1067	1071	1072	1072	1073	1076	1076	1076	1077	1058	950	927	922	939	847	145	23	33	33
215	237	351	504	855	1210	1322	1294	1133	990	998	1022	1033	1055	1072	1074	1071	1078	1053	939	920	922	924	962	422	8	30	27
190	174	179	250	411	763	1131	1326	1338	1121	936	923	936	964	1010	1005	1010	1026	1008	939	922	923	929	961	764	79	19	26
163	152	153	178	209	346	681	1095	1351	1331	1082	929	911	924	967	938	928	945	929	931	939	922	920	934	982	393	14	25
172	163	161	186	178	191	322	675	1128	1311	1281	1035	947	937	966	952	935	960	964	916	933	936	928	921	978	846	241	39
180	155	180	162	194	201	190	324	714	1117	1305	1206	999	964	953	946	955	952	952	926	924	936	941	934	944	1006	859	641
194	192	181	167	165	168	180	201	366	781	1104	1241	1100	1019	983	966	974	955	926	929	933	922	920	931	941	969	1005	1013
210	217	158	149	171	206	185	183	219	439	821	1071	1147	1062	1006	975	983	954	945	931	941	949	926	921	937	951	945	937
213	243	189	206	208	185	167	177	222	240	511	812	1017	1068	1047	992	980	957	938	942	951	981	943	920	915	932	940	942
306	313	302	214	179	173	167	175	206	220	298	535	785	937	1048	1035	1013	979	951	957	960	965	928	920	917	920	938	949
263	229	236	170	152	172	173	172	194	244	211	324	536	711	921	1056	1047	1006	1007	1018	1000	973	930	942	941	914	928	958
220	238	196	181	161	174	169	173	177	176	194	206	339	493	702	950	1062	1045	1049	1044	982	941	930	941	948	920	923	971
235	217	170	169	182	211	201	195	210	182	187	171	208	315	505	759	1008	1074	1093	1075	1016	939	935	932	933	961	969	962
584	669	721	749	735	656	517	322	130	13	0	20	65	40	16	12	13	12	51	63	23	14	14	15	16	12	22	64
885	937	939	939	941	947	957	949	867	651	331	68	22	64	19	16	16	44	75	26	16	17	17	17	17	15	17	17
929	924	933	940	939	931	912	902	919	952	947	746	340	97	35	37	61	77	33	18	18	19	18	18	19	15	17	18
990	1009	1025	1044	1055	1052	1031	1000	953	914	901	937	930	657	264	64	44	26	18	18	16	18	18	17	17	17	17	17
1057	1073	1079	1079	1075	1076	1078	1077	1065	1031	964	910	900	945	880	532	129	0	16	20	18	18	16	15	17	15	16	18
1075	1086	1081	1081	1080	1079	1079	1079	1080	1079	1067	1024	956	913	916	946	781	305	13	16	20	17	16	15	16	16	16	17
1071	1076	1078	1078	1077	1078	1078	1080	1077	1076	1079	1081	1068	1026	962	914	935	891	425	27	19	22	17	18	17	15	15	16
1072	1077	1078	1075	1074	1075	1076	1076	1075	1078	1075	1078	1081	1081	1072	1017	944	927	922	441	20	23	23	21	20	22	21	18
1048	1057	1059	1066	1076	1081	1078	1077	1075	1078	1077	1076	1077	1079	1077	1079	1053	973	928	918	327	5	26	23	23	22	21	21
991	977	990	1008	1012	1031	1055	1068	1075	1073	1076	1072	1068	1070	1074	1076	1077	1060	972	944	798	119	11	21	21	22	21	20
1043	964	934	955	989	978	1001	1047	1062	1054	1053	1056	1053	1065	1075	1071	1071	1072	1057	961	959	513	11	23	22	22	21	29
1210	1131	1017	977	1022	1043	1059	1069	1070	1069	1065	1056	1056	1071	1074	1073	1069	1074	1077	1000	945	882	200	6	25	23	19	57
1115	1309	1241	1156	1106	1080	1088	1083	1081	1080	1079	1077	1075	1075	1075	1075	1063	1064	1072	1002	932	969	605	22	24	26	19	101
572	908	1229	1335	1287	1187	1080	1074	1079	1079	1075	1079	1075	1076	1078	1078	1075	1070	1052	964	922	932	905	226	9	31	25	104
267	357	628	1050	1299	1336	1228	1072	1055	1072	1073	1075	1078	1079	1078	1080	1081	1080	1055	946	920	917	965	627	34	30	29	69
196	154	211	417	866	1228	1332	1262	1067	1041	1046	1044	1057	1070	1075	1077	1080	1080	1062	955	928	928	938	919	256	18	34	37
210	141	138	149	292	706	1119	1292	1234	1026	972	966	966	1000	1046	1056	1065	1074	1057	951	925	924	923	969	624	45	31	35
174	158	161	151	144	206	589	1041	1251	1174	993	952	930	928	967	961	970	1004	995	941	928	918	921	941	906	247	21	29
159	164	160	169	168	136	185	553	1009	1178	1094	996	972	947	971	936	923	959	938	923	935	922	914	922	984	673	105	22
167	163	161	199	173	175	153	206	573	931	1081	1025	1017	995	969	946	928	967	981	921	926	941	926	921	935	973	525	142
172	164	170	224	243	215	175	147	222	569	888	984	1008	1025	993	955	929	931	945	931	923	945	952	938	928	954	947	769
189	198	174	199	169	165	177	175	172	281	556	783	918	1007	1021	1003	962	953	930	927	936	930	943	943	939	936	962	989
193	185	152	141	164	203	194	185	184	205	308	503	715	914	1023	1032	1008	990	979	945	925	934	946	923	932	947	940	936
207	222	197	222	221	192	169	192	266	195	209	294	463	699	941	1029	1035	1040	1018	983	933	938	937	917	910	937	939	944
336	291	227	193	186	178	167	225	299	224	197	198	263	434	722	979	1040	1076	1064	1037	971	974	961	923	912	924	949	956
328	190	189	184	174	189	180	175	189	236	213	184	168	238	473	788	992	1111	1129	1112	1062	1023	979	941	936	923	949	963
249	221	193	196	217	201	170	166	146	162	206	185	174	162	269	532	844	1114	1210	1151	1149	1026	957	944	943	930	936	991
249	237	158	167	208	233	197	190	162	153	226	212	177	149	165	316	619	1020	1281	1188	1211	1096	954	936	923	934	944	986
861	911	919	922	899	795	590	325	99	0	2	38	76	17	15	13	14	11	28	74	36	16	16	17	18	16	36	78
924	916	910	909	909	930	955	949	834	552	215	19	52	58	16	18	17	30	77	46	18	20	21	19	19	17	17	21
974	984	997	991	967	936	908	899	923	953	903	606	202	66	54	42	52	79	50	19	22	21	19	20	21	18	19	20
1059	1072	1077	1079	1075	1061	1026	981	929	899	910	958	884	515	153	50	58	38	21	21	19	21	21	21	21	18	18	19
1080	1081	1081	1080	1079	1082	1083	1080	1050	990	927	898	913	957	803	368	45	8	26	24	21	22	21	18	19	17	16	20
1080	1080	1080	1079	1078	1078	1081	1080	1079	1075	1038	981	927	904	934	948	640	151	2	25	24	22	21	21	22	20	19	21
1077	1081	1079	1080	1078	1081	1079	1080	1078	1077	1081	1078	1050	994	934	909	955	801	258	7	25	26	21	20	21	20	18	20
1061	1071	1075	1075	1078	1077	1077	1076	1078	1077	1074	1078	1079	1077	1052	984	922	941	876	316	7	27	24	23	23	22	20	19
993	993	1021	1045	1061	1069	1074	1076	1075	1077	1073	1072	1074	1074	1078	1075	1029	941	935	883	250	5	27	23	23	22	21	21
1007	937	943	985	1015	1030	1040	1055	1064	1063	1059	1054	1064	1072	1072	1072	1075	1038	947	947	771	90	12	23	23	21	22	21
1182	1091	982	986	1043	1046	1049	1056	1066	1056	1046	1046	1054	1070	1072	1070	1071	1074	1040	934	963	484	5	21	22	23	23	25
1297	1345	1234	1101	1066	1080	1085	1081	1075	1075	1073	1071	1067	1072	1070	1069	1065	1071	1067	959	934	885	211	5	23	21	23	43
841	1189	1332	1350	1216	1084	1077	1079	1078	1076	1076	1073	1071	1070	1070	1071	1066	1062	1062	965	917	960	664	50	21	24	17	76
277	434	783	1140	1296	1243	1088	1063	1072	1072	1071	1074	1071	1075	1076	1073	1073	1071	1041	936	915	920	931	343	8	29	19	92
229	166	178	483	902	1130	1165	1064	1049	1065	1056	1058	1066	1069	1075	1080	1077	1075	1056	947	913	914	947	758	110	20	28	63
268	168	134	131	323	738	987	1071	1019	1040	1040	1020	1023	1035	1063	1074	1078	1076	1066	971	923	921	924	955	465	23	30	40
256	158	177	166	144	232	599	865	937	949	1003	996	964	961	1007	1032	1059	1066	1063	978	932	919	918	950	844	195	25	37
194	171	200	212	195	131	190	502	746	801	898	1007	1007	959	958	955	945	976	997	961	941	921	919	927	971	568	87	28
180	174	172	200	209	189	166	183	419	627	721	890	1029	1020	979	950	916	922	939	932	938	933	921	921	945	899	375	56
165	173	171	218	207	198	183	174	199	356	537	677	886	1035	1018	985	964	953	930	917	924	940	934	933	920	972	816	392
175	203	210	320	234	167	161	167	156	176	326	484	674	887	1036	1045	1012	1005	971	934	925	942	952	944	929	932	975	909
203	233	237	319	178	146	151	159	160	163	175	269	469	676	902	1050	1104	1079	1074	987	950	943	958	943	942	936	937	954
196	178	186	192	170	163	167	149	160	217	202	168	253	475	709	933	1139	1155	1136	1108	981	946	973	934	929	945	935	927
202	178	176	189	199	176	161	199	260	217	224	184	152	248	509	753	1033	1257	1169	1178	1066	957	961	940	917	937	939	933
268	189	167	192	186	194	212	322	317	184	189	186	155	130	261	579	839	1269	1243	1205	1160	1032	1008	955	918	924	948	946
332	190	176	209	260	223	207	212	199	170	177	191	161	138	139	324	635	1158	1334	1236	1254	1141	1032	960	922	926	949	952
274	210	203	219	264	231	187	167	152	152	187	178	168	178	177	154	387	934	1394	1252	1314	1242	1032	969	924	927	934	986
263	253	176	180	204	242	198	181	160	156	220	206	178	166	171	138	191	660	1339	1281	1314	1346	1089	983	931	936	922	996
911	921	922	936	950	869	625	319	84	1	9	37	83	27	19	20	22	18	24	82	40	19	22	22	23	27	57	97
946	932	919	908	905	921	956	949	800	474	151	5	54	71	23	21	20	26	77	57	21	24	25	24	25	22	20	33
1043	1054	1049	1020	982	939	908	903	932	958	860	523	148	51	71	49	51	80	64	23	27	25	24	24	25	24	23	22
1078	1079	1081	1082	1078	1060	1018	958	915	898	924	969	860	465	123	52	65	49	26	25	25	25	26	25	25	23	21	23
1076	1077	1078	1077	1076	1083	1083	1069	1021	955	913	897	926	965	777	317	27	11	28	26	26	25	24	21	21	21	19	22
1075	1076	1078	1076	1078	1078	1080	1080	1076	1065	1016	962	922	904	944	946	575	106	5	29	28	26	24	24	23	24	20	23
1069	1079	1075	1075	1078	1078	1079	1077	1077	1079	1085	1077	1043	980	927	914	963	762	217	10	30	29	23	22	24	24	21	22
1007	1031	1051	1063	1071	1071	1075	1077	1077	1072	1075	1079	1079	1074	1042	976	916	948	862	298	11	29	26	24	24	23	22	21
951	931	974	1016	1039	1050	1062	1064	1071	1070	1063	1070	1073	1075	1080	1074	1018	927	940	882	263	5	26	24	22	21	19	20
1115	989	953	1004	1044	1048	1051	1052	1049	1055	1036	1042	1072	1076	1072	1076	1077	1032	941	946	811	140	10	23	23	22	23	21
1258	1251	1085	1036	1079	1078	1078	1076	1073	1066	1055	1054	1068	1068	1069	1072	1075	1081	1029	924	963	601	31	18	23	25	26	24
1054	1251	1279	1146	1069	1077	1072	1076	1074	1071	1074	1077	1075	1076	1071	1068	1063	1071	1055	938	917	937	360	8	24	23	26	29
457	727	961	1129	1109	1037	1058	1074	1071	1067	1069	1070	1067	1073	1071	1073	1070	1067	1057	948	906	940	823	174	15	25	21	39
232	262	315	568	835	933	956	1024	1070	1070	1062	1068	1064	1071	1072	1073	1075	1076	1048	938	911	907	961	598	50	22	20	61
257	244	154	171	333	561	709	824	971	1054	1054	1052	1061	1065	1068	1076	1077	1072	1066	976	917	914	922	911	318	14	25	62
317	204	160	161	171	238	389	535	697	897	1019	1042	1033	1038	1076	1071	1073	1077	1076	1008	933	916	913	952	742	120	23	42
315	196	177	182	214	171	186	284	397	586	829	996	1033	1030	1037	1061	1059	1056	1067	1019	951	925	922	925	972	496	61	31
258	192	213	256	231	159	164	172	210	298	509	797	996	1068	1070	1039	1015	975	994	997	961	935	924	920	953	886	304	41
247	182	210	294	255	203	182	175	155	179	264	483	804	1020	1126	1107	1041	992	965	953	936	942	936	926	914	974	730	222
201	229	241	309	275	209	181	201	226	164	165	236	473	834	1069	1206	1136	1104	1024	950	938	936	943	946	925	930	966	719
195	226	247	338	215	154	154	201	193	164	170	156	230	481	854	1178	1248	1206	1168	1053	971	944	940	943	940	932	949	972
215	209	273	396	198	154	172	162	164	196	184	171	156	228	503	935	1345	1274	1283	1198	1041	970	945	934	943	947	933	933
229	191	234	321	208	166	160	146	162	214	229	197	153	151	242	558	1188	1374	1284	1327	1163	989	960	940	936	942	935	925
250	214	196	230	236	210	165	195	228	223	238	194	175	163	140	277	796	1409	1278	1334	1319	1043	988	981	946	937	945	932
238	222	183	199	239	313	328	349	234	183	187	179	187	169	140	165	416	1210	1349	1286	1390	1164	1039	1012	946	929	939	936
247	215	177	206	297	260	229	231	202	171	171	226	190	157	175	144	205	846	1389	1248	1363	1316	1071	1029	951	929	930	938
227	216	213	239	222	219	201	177	171	191	194	182	157	193	247	166	139	444	1281	1277	1267	1405	1124	1039	969	940	928	969
234	242	244	196	156	225	212	206	255	221	174	152	164	188	211	186	155	201	967	1305	1209	1380	1213	1046	977	952	927	991
908	907	906	917	950	916	673	336	90	1	10	24	75	49	18	22	24	22	32	80	29	18	20	22	20	28	66	93
1000	970	937	913	901	911	951	953	800	469	148	4	27	84	31	18	20	24	76	51	20	24	23	24	22	23	21	42
1075	1073	1060	1029	984	936	904	901	932	962	861	532	168	39	71	52	49	77	63	23	25	25	23	23	23	24	23	21
1075	1075	1081	1084	1079	1060	1002	939	907	902	929	966	878	511	142	47	62	47	24	25	23	21	21	22	22	24	23	24
1073	1077	1077	1076	1075	1080	1080	1048	993	945	913	900	925	967	821	376	39	7	27	26	25	23	23	24	23	24	21	21
1070	1071	1070	1073	1074	1075	1074	1077	1077	1060	1016	968	927	906	937	955	628	139	1	28	29	27	26	27	25	25	24	23
1035	1058	1068	1069	1073	1073	1073	1073	1072	1079	1081	1073	1047	982	927	910	956	805	272	10	25	29	25	24	23	25	21	22
950	976	1012	1039	1054	1060	1067	1072	1070	1068	1073	1076	1080	1075	1047	980	915	938	893	362	14	28	27	25	23	23	23	23
977	961	953	1007	1043	1049	1053	1052	1054	1059	1046	1068	1076	1077	1078	1077	1017	924	929	912	353	11	27	25	23	22	20	21
1107	1052	1016	1046	1078	1073	1066	1061	1050	1056	1036	1053	1071	1076	1072	1080	1078	1038	936	931	880	249	7	27	25	25	24	23
1019	1090	1035	1036	1072	1074	1068	1069	1070	1074	1077	1072	1073	1070	1067	1067	1070	1077	1017	913	946	763	125	15	28	28	27	24
541	713	840	884	967	1037	1065	1070	1067	1072	1072	1071	1074	1073	1077	1070	1061	1065	1041	925	911	957	601	61	20	29	28	24
220	253	371	500	623	778	946	1052	1070	1071	1082	1082	1066	1068	1071	1071	1071	1072	1054	940	910	916	928	424	22	26	26	26
221	199	173	178	264	369	553	790	985	1067	1105	1113	1094	1078	1063	1072	1073	1074	1062	968	917	908	934	839	224	10	23	31
241	222	170	152	157	163	229	357	604	878	1048	1142	1135	1141	1107	1068	1075	1073	1072	1018	938	912	909	945	641	80	15	38
307	210	162	158	201	175	151	161	239	439	757	1028	1189	1170	1180	1147	1080	1080	1080	1047	965	924	913	923	916	405	32	31
337	205	167	181	246	181	152	143	151	185	346	681	1044	1280	1186	1204	1170	1068	1065	1054	991	951	928	918	945	809	246	25
310	204	206	214	236	167	159	157	157	149	165	318	674	1136	1334	1212	1238	1147	1002	1000	976	953	946	927	921	965	661	157
347	237	234	285	243	172	169	187	173	187	152	170	330	725	1259	1371	1250	1278	1133	971	932	936	947	943	923	931	924	579
282	288	334	331	240	186	185	235	246	197	177	157	180	378	843	1403	1341	1313	1328	1104	983	949	939	957	949	932	944	919
228	211	222	272	248	206	194	274	213	158	179	162	160	183	417	1063	1430	1314	1352	1307	1068	993	951	948	969	958	932	948
241	161	183	265	227	210	237	209	212	221	180	187	181	153	191	551	1281	1360	1300	1388	1189	1022	975	944	953	960	935	929
219	158	220	375	228	212	209	197	187	181	174	186	167	168	155	207	795	1355	1294	1345	1337	1072	1000	955	958	944	943	927
217	199	224	387	351	303	227	199	176	157	169	174	194	196	166	140	330	1081	1317	1261	1390	1152	1042	1016	996	955	947	936
234	209	187	216	416	498	361	223	184	180	165	197	234	192	182	172	134	625	1260	1236	1314	1235	1071	1053	979	931	939	935
193	202	185	186	249	260	208	177	198	188	205	279	236	181	199	180	140	327	1076	1230	1231	1283	1087	1066	988	930	936	933
192	225	215	217	183	202	195	168	189	251	239	192	166	185	217	179	179	190	799	1226	1166	1237	1108	1068	1026	969	936	952
216	192	237	180	119	172	213	250	333	282	195	134	157	198	231	208	189	133	417	1108	1156	1172	1129	1068	1041	982	934	974
916	904	897	899	932	949	770	421	130	8	0	18	48	75	17	23	22	20	31	79	27	19	17	20	18	22	62	75
1036	997	951	917	892	897	934	961	855	559	215	22	0	77	47	18	20	21	74	50	16	19	18	20	18	19	17	40
1078	1076	1067	1043	987	929	901	894	923	960	908	641	267	44	65	55	48	75	64	21	20	20	20	20	19	19	21	16
1070	1070	1073	1075	1076	1055	986	924	905	901	918	959	933	645	230	48	50	44	23	21	22	17	17	17	17	17	19	18
1067	1070	1070	1069	1073	1077	1073	1042	990	947	913	899	907	949	903	533	105	0	25	26	24	19	19	22	20	17	17	18
1057	1062	1066	1068	1070	1070	1067	1073	1074	1062	1028	988	935	903	911	962	776	258	5	21	25	22	23	22	20	19	20	20
988	1017	1035	1054	1057	1065	1069	1068	1073	1078	1080	1076	1055	995	938	897	934	897	415	26	15	25	22	21	20	20	19	20
964	956	966	1020	1044	1043	1051	1058	1065	1064	1062	1074	1075	1072	1058	986	908	916	940	504	35	20	26	25	22	21	19	19
959	1011	993	1040	1066	1060	1053	1050	1041	1041	1034	1061	1071	1068	1072	1074	1017	929	910	952	514	31	23	23	22	21	20	20
776	888	971	1023	1061	1075	1077	1079	1083	1073	1063	1065	1065	1066	1066	1073	1074	1036	934	910	948	436	16	26	26	25	22	19
426	500	664	843	958	1016	1054	1090	1112	1117	1099	1079	1074	1070	1063	1061	1059	1066	999	903	922	909	322	12	27	25	24	23
193	182	238	364	570	794	956	1041	1121	1153	1128	1104	1075	1066	1074	1072	1061	1060	1029	918	905	934	847	219	10	27	25	23
199	177	153	130	146	261	518	835	1024	1167	1216	1171	1126	1081	1068	1071	1072	1071	1056	951	910	903	947	739	112	16	24	24
212	177	169	154	157	132	147	294	638	982	1261	1282	1225	1198	1096	1074	1079	1075	1070	1014	938	910	901	953	536	32	19	23
231	188	155	151	184	168	162	133	171	427	901	1325	1308	1301	1285	1131	1079	1079	1079	1059	976	921	910	916	907	302	14	23
294	214	164	172	208	188	175	152	139	126	282	828	1376	1314	1313	1368	1162	1072	1075	1074	1007	953	923	913	946	773	147	15
292	208	216	201	179	150	150	165	170	151	111	217	824	1444	1291	1322	1427	1149	1045	1055	1015	982	948	920	917	968	590	75
295	257	252	196	184	159	153	175	183	176	154	128	236	904	1430	1270	1347	1435	1099	948	950	939	957	942	916	926	943	459
436	324	244	212	201	196	193	191	210	201	170	171	141	279	972	1447	1235	1368	1400	1014	927	915	926	950	939	918	937	913
385	268	246	225	198	191	194	242	216	181	172	187	180	136	334	1142	1424	1229	1403	1277	1010	972	920	939	973	949	919	936
292	233	262	281	308	264	225	321	206	154	174	174	177	158	133	501	1277	1347	1235	1371	1111	1031	967	950	1013	989	928	923
296	232	262	229	234	251	276	279	267	196	179	213	181	175	164	162	720	1325	1276	1270	1219	1058	1034	970	985	993	938	925
162	147	192	198	174	219	207	188	183	176	180	211	187	199	184	137	275	984	1280	1232	1244	1101	1068	1005	991	956	941	934
150	170	193	279	346	284	200	186	186	164	162	187	193	173	188	165	127	528	1120	1190	1189	1119	1084	1046	1019	967	940	941
210	177	160	240	634	461	222	203	195	177	163	177	232	217	210	164	102	143	829	1119	1106	1091	1083	1079	1008	928	934	928
202	190	171	227	418	294	220	187	178	153	167	195	217	200	174	156	152	118	528	1012	1049	1060	1069	1090	1053	954	940	929
223	248	242	277	245	218	206	177	174	181	185	178	139	141	150	173	216	172	352	917	1006	1031	1065	1096	1094	1022	955	936
243	213	234	219	167	180	187	217	232	226	216	170	163	163	166	199	205	162	155	721	1018	1041	1082	1112	1118	1063	965	955
950	924	906	905	919	955	891	594	256	61	5	16	40	84	24	26	28	26	33	85	39	25	26	27	24	27	70	79
1067	1037	982	937	907	902	931	968	929	721	386	116	6	64	61	24	23	25	75	68	25	26	25	25	25	23	23	51
1079	1086	1080	1058	1002	931	911	907	918	952	961	811	469	140	64	63	55	79	76	29	26	26	26	26	24	25	23	23
1071	1076	1080	1079	1081	1053	994	944	920	915	916	944	974	818	422	107	44	47	31	27	27	24	25	23	23	23	21	21
1066	1075	1078	1079	1081	1084	1081	1061	1021	981	949	925	913	938	954	727	263	14	19	30	29	26	26	26	24	23	21	23
1028	1038	1062	1072	1074	1075	1079	1083	1088	1080	1062	1025	966	922	909	950	900	477	62	13	31	26	28	25	21	23	22	23
992	979	995	1048	1052	1057	1068	1079	1082	1081	1083	1087	1071	1028	967	911	920	951	631	108	15	30	27	24	25	26	23	22
1005	1027	1014	1071	1078	1061	1055	1062	1058	1041	1049	1076	1079	1082	1071	1003	918	909	963	690	124	17	30	28	23	25	21	21
675	873	998	1060	1099	1134	1127	1110	1076	1055	1057	1068	1072	1071	1077	1077	1030	946	916	964	698	124	19	27	22	23	22	21
266	373	565	790	955	1094	1220	1232	1198	1127	1083	1074	1072	1070	1070	1074	1079	1048	947	914	964	681	115	20	27	25	25	22
171	158	176	284	457	681	984	1272	1323	1257	1191	1097	1075	1076	1079	1074	1062	1075	1000	915	926	964	627	91	21	29	26	26
190	170	146	157	160	225	436	838	1279	1345	1268	1269	1145	1072	1081	1086	1078	1074	1042	943	928	930	955	540	57	28	28	28
250	210	173	185	160	125	147	338	724	1211	1371	1289	1309	1216	1083	1084	1087	1084	1076	1003	940	924	929	927	401	29	26	32
213	188	174	181	185	148	159	162	245	626	1179	1400	1259	1380	1283	1085	1085	1086	1082	1056	980	943	927	940	840	227	22	29
220	205	149	171	229	223	188	165	156	199	542	1141	1402	1272	1394	1330	1089	1079	1085	1081	1011	964	941	924	953	681	106	21
193	184	180	232	275	187	165	153	158	169	183	476	1081	1395	1287	1410	1348	1087	1071	1082	1055	1002	953	932	923	952	476	48
228	210	287	327	188	160	165	160	177	175	172	154	425	1058	1374	1297	1385	1296	1047	1046	1036	975	952	949	931	941	879	337
194	196	238	250	195	176	181	189	187	179	176	175	177	424	1034	1331	1271	1351	1173	969	963	932	940	958	933	927	960	822
219	190	187	205	199	212	225	204	219	177	178	192	170	146	455	1102	1278	1236	1267	1034	971	943	924	940	963	945	923	956
259	207	196	208	245	263	209	218	187	181	208	192	175	163	168	643	1160	1220	1187	1133	1026	984	943	952	1015	977	940	924
299	299	350	391	430	406	363	345	268	289	238	162	150	168	156	259	852	1155	1143	1114	1065	1053	995	975	1028	1002	952	935
322	351	399	331	289	315	349	296	236	223	202	175	178	201	188	150	416	964	1119	1093	1070	1075	1052	1014	1007	995	949	941
167	142	199	202	206	216	231	195	158	207	234	190	202	264	197	169	157	589	1033	1071	1056	1073	1074	1049	1012	992	935	946
213	137	174	200	211	242	242	215	161	188	244	200	183	186	173	174	148	261	852	1055	1049	1065	1083	1084	1040	960	928	944
310	227	199	216	293	261	243	239	174	184	235	199	177	168	169	169	177	143	538	999	1048	1089	1126	1131	1087	974	935	932
298	280	255	433	574	300	265	219	164	184	210	194	174	171	168	156	155	143	243	822	1045	1145	1191	1207	1141	1043	970	940
261	274	314	596	562	265	216	182	174	212	238	222	195	169	157	179	191	163	156	564	1002	1210	1239	1279	1229	1087	1004	948
271	335	273	343	322	320	225	222	189	160	220	240	199	196	213	257	223	169	126	277	873	1274	1264	1307	1348	1117	1028	956
979	929	901	896	903	924	941	775	468	188	37	0	17	79	25	19	20	19	28	78	34	19	19	19	18	27	75	78
1071	1049	997	939	901	893	906	940	965	869	619	307	68	38	63	19	16	23	62	63	17	19	19	19	18	18	20	49
1072	1075	1077	1054	985	930	908	907	905	915	950	924	710	333	101	57	56	70	72	23	19	17	18	19	16	18	17	19
1073	1075	1070	1070	1073	1048	1000	958	925	908	898	906	948	924	659	260	53	35	27	21	23	20	19	21	20	19	19	23
1048	1056	1057	1063	1071	1075	1075	1063	1035	1003	964	926	905	906	946	879	500	96	2	22	26	21	22	23	19	20	18	20
1008	1008	1023	1047	1057	1066	1069	1070	1079	1073	1063	1038	983	928	895	917	946	719	209	7	21	23	24	22	22	23	20	22
1038	1042	1097	1162	1105	1047	1047	1061	1050	1041	1068	1072	1069	1042	979	911	902	946	828	283	11	23	24	22	23	22	19	20
829	982	1097	1262	1264	1180	1112	1071	1028	1023	1050	1060	1065	1073	1071	1011	930	898	937	860	305	11	22	23	21	18	17	20
262	449	685	902	1180	1349	1288	1215	1140	1069	1055	1064	1066	1067	1073	1075	1038	951	909	943	861	331	27	24	25	22	20	19
118	141	191	298	522	921	1316	1354	1271	1242	1140	1070	1070	1074	1071	1067	1069	1041	947	906	934	875	374	37	24	27	23	25
132	166	115	86	118	220	599	1167	1385	1307	1336	1228	1081	1079	1084	1075	1060	1065	1002	910	909	936	872	348	28	26	26	25
212	196	132	131	128	119	139	405	1001	1371	1333	1361	1309	1103	1073	1080	1075	1070	1050	964	920	911	935	834	266	20	27	28
289	234	177	182	175	146	141	173	265	786	1340	1347	1343	1347	1104	1073	1078	1078	1075	1036	939	921	916	943	744	161	17	28
259	214	159	191	181	146	206	183	143	226	695	1269	1322	1341	1332	1086	1060	1071	1075	1068	986	950	948	920	939	583	75	20
302	242	156	180	203	226	199	158	179	144	212	640	1211	1306	1295	1274	1067	1041	1060	1076	1041	995	948	922	916	904	398	26
216	192	186	209	242	211	162	163	183	154	145	215	620	1158	1270	1255	1188	1046	1043	1056	1068	1021	938	933	917	938	819	242
201	180	217	259	179	175	192	189	172	172	155	149	194	592	1115	1220	1176	1117	1041	1023	1030	995	941	952	933	916	947	709
181	138	176	254	186	230	210	197	198	176	160	178	154	188	653	1087	1142	1111	1062	1032	1000	955	930	947	942	920	922	935
198	205	195	256	228	212	244	199	227	189	180	175	153	139	239	747	1068	1078	1065	1052	1035	978	927	921	957	941	918	919
249	272	234	259	256	242	204	186	178	193	221	182	176	167	148	326	858	1054	1054	1059	1060	1027	969	945	968	940	934	920
377	297	302	279	280	328	264	219	233	299	304	199	160	174	176	158	484	959	1053	1057	1073	1083	1054	974	955	938	947	945
319	268	304	287	241	288	290	264	265	264	236	201	221	233	188	154	196	643	1026	1054	1087	1117	1142	1072	985	1002	964	945
256	111	193	297	278	223	223	251	219	206	205	219	293	253	180	164	133	250	816	1053	1118	1168	1181	1178	1020	1018	947	937
444	136	139	239	255	239	230	251	222	204	238	272	251	179	154	153	155	135	492	983	1151	1231	1207	1277	1121	986	933	930
611	310	134	233	236	237	211	244	249	261	343	282	196	181	148	186	208	137	195	681	1154	1338	1242	1360	1266	1013	954	929
647	572	309	341	287	247	289	302	319	318	317	246	206	219	233	216	162	150	109	336	1025	1465	1263	1365	1395	1073	995	953
598	683	569	669	573	427	362	259	193	241	244	207	179	202	201	190	184	178	135	147	769	1521	1272	1326	1492	1139	1014	961
548	722	590	562	582	453	230	200	204	197	234	208	201	239	203	180	179	157	134	87	484	1465	1313	1267	1511	1216	1041	969
1018	950	913	911	910	909	935	920	733	435	159	23	6	76	48	20	22	24	28	81	37	20	22	23	23	42	88	94
1078	1065	1008	943	907	898	897	907	945	954	859	603	259	51	68	29	21	21	62	68	18	20	23	22	22	19	28	61
1068	1073	1072	1049	996	943	910	905	903	899	923	957	913	629	243	74	55	77	78	28	25	25	25	23	22	23	20	20
1072	1062	1070	1074	1076	1060	1027	989	952	921	907	900	911	950	872	511	138	26	22	25	27	25	23	22	23	21	21	23
1155	1081	1050	1060	1071	1069	1084	1077	1061	1041	1002	945	913	900	919	951	760	291	16	19	28	29	27	24	22	21	22	23
1186	1199	1181	1116	1051	1051	1062	1068	1072	1074	1074	1058	1017	955	904	896	938	905	461	43	15	28	24	23	22	23	23	22
1158	1270	1350	1347	1253	1122	1053	1043	1026	1048	1067	1072	1074	1058	995	920	899	926	939	548	55	15	29	25	24	24	21	20
679	915	1184	1388	1381	1311	1254	1167	1066	1053	1069	1068	1069	1073	1073	1031	955	905	911	954	588	80	13	28	28	23	20	21
170	257	423	699	1150	1416	1365	1317	1304	1166	1063	1071	1074	1070	1072	1079	1055	960	911	922	947	649	134	17	29	26	25	22
176	153	125	102	203	645	1247	1455	1347	1358	1269	1085	1073	1086	1075	1068	1067	1046	954	911	914	948	716	166	14	29	25	22
179	181	138	97	81	95	321	931	1433	1412	1377	1321	1108	1085	1096	1086	1071	1074	1019	923	909	912	952	704	134	15	29	27
219	188	162	164	150	140	128	246	711	1234	1436	1374	1321	1120	1085	1083	1081	1081	1066	1006	936	926	913	944	617	73	19	24
220	196	169	177	204	178	176	220	173	451	1040	1319	1306	1245	1083	1061	1066	1075	1077	1063	972	945	944	919	927	472	27	22
165	209	183	193	161	160	215	175	153	153	351	924	1179	1182	1121	1045	1048	1056	1064	1077	1040	966	960	921	922	872	299	10
310	304	274	234	151	185	187	165	222	198	158	338	897	1103	1093	1065	1037	1034	1030	1064	1075	1025	942	934	916	932	753	149
308	226	179	188	200	219	199	230	229	188	171	154	339	881	1107	1081	1053	1038	1051	1036	1054	1051	966	945	927	921	938	606
195	177	167	185	177	166	224	288	206	188	182	173	143	326	888	1089	1064	1048	1063	1065	1017	1004	968	947	945	924	916	911
233	189	182	206	191	246	261	188	215	205	225	205	168	131	356	944	1064	1056	1055	1101	1076	991	940	919	935	930	911	922
237	196	207	295	298	340	310	277	304	251	214	188	157	134	122	483	1004	1056	1046	1126	1152	1145	1005	937	928	948	938	917
333	476	487	431	287	237	245	238	201	190	227	214	189	179	155	156	641	1040	1045	1149	1181	1249	1209	996	947	930	939	928
581	498	365	306	250	231	234	247	208	176	254	253	211	183	183	161	268	857	1063	1159	1284	1237	1395	1171	1007	975	966	950
272	159	154	204	216	241	234	235	263	238	242	205	198	218	209	198	161	449	1006	1116	1395	1258	1369	1431	1075	1048	1003	950
256	160	191	270	287	273	278	260	233	210	189	193	211	227	202	179	151	147	633	1062	1432	1303	1247	1507	1203	1052	995	942
369	228	202	209	238	243	220	234	213	201	219	201	199	183	167	171	178	143	264	882	1388	1417	1194	1422	1365	1058	993	936
415	306	161	172	192	228	193	187	245	304	407	428	299	235	174	187	180	168	142	464	1225	1576	1200	1331	1483	1093	1027	952
516	444	287	240	219	310	264	231	316	349	313	314	262	268	278	261	196	168	139	189	895	1603	1302	1260	1489	1163	1049	985
637	555	395	256	205	298	305	300	261	233	178	180	170	214	225	227	234	208	182	132	562	1444	1400	1229	1434	1231	1055	1000
714	647	433	275	296	371	259	221	190	184	177	184	202	222	194	155	166	186	175	139	346	1209	1414	1256	1369	1271	1071	1025
1047	969	925	914	912	915	920	941	907	730	429	159	20	50	67	20	22	22	27	86	40	19	22	23	25	60	86	91
1083	1074	1019	952	921	912	906	905	913	942	955	844	559	193	70	38	22	19	64	69	19	24	23	22	22	20	38	72
1074	1080	1082	1066	1018	967	927	910	908	903	906	928	957	862	489	145	46	72	76	30	24	24	22	22	21	22	23	26
1195	1080	1065	1077	1078	1067	1044	1003	975	940	912	900	901	927	949	745	315	50	14	22	23	23	23	22	21	22	21	22
1269	1231	1119	1052	1051	1056	1072	1079	1069	1054	1019	961	922	909	906	941	903	544	100	2	24	25	23	23	22	22	23	22
1241	1221	1273	1220	1082	1039	1050	1052	1060	1074	1077	1068	1038	982	919	899	909	950	719	173	1	24	25	23	22	22	20	23
1244	1282	1282	1284	1282	1216	1118	1039	1043	1068	1071	1071	1072	1068	1011	937	904	904	952	786	212	2	26	24	23	23	20	19
616	819	1127	1356	1366	1306	1304	1266	1122	1063	1072	1073	1069	1072	1077	1052	973	909	903	954	824	289	15	26	29	26	19	20
187	187	282	569	1053	1384	1398	1329	1310	1170	1073	1076	1082	1073	1068	1072	1059	974	914	912	939	875	387	34	22	27	22	21
208	176	153	140	234	644	1150	1378	1350	1287	1173	1075	1081	1083	1071	1069	1064	1060	974	910	905	935	918	449	37	20	23	22
204	174	190	184	157	186	417	826	1191	1286	1243	1149	1079	1073	1075	1071	1069	1071	1042	958	925	914	927	913	409	18	24	24
199	192	209	189	176	197	181	261	564	976	1191	1167	1126	1075	1058	1048	1056	1071	1079	1041	983	973	927	933	871	289	12	24
178	231	203	169	199	219	212	214	160	363	872	1114	1099	1084	1059	1039	1044	1055	1066	1072	1027	983	965	920	942	776	160	11
195	229	227	199	195	219	218	209	212	187	299	799	1085	1063	1056	1032	1034	1076	1050	1057	1066	1014	957	936	918	947	618	66
251	160	177	237	208	212	210	227	255	229	172	259	795	1027	1038	1058	1030	1089	1105	1063	1052	1060	985	936	926	923	918	433
204	161	147	197	270	259	217	234	212	210	183	151	246	748	992	1044	1059	1094	1178	1174	1103	1047	1011	935	927	928	931	848
190	181	177	183	208	208	198	247	218	179	181	172	136	293	826	1009	1052	1100	1246	1219	1241	1125	1004	948	929	939	920	930
225	195	190	178	207	208	178	198	230	185	185	188	167	140	452	918	974	1053	1258	1265	1253	1349	1120	976	936	935	930	917
258	209	227	340	414	295	235	212	230	236	219	193	168	161	217	590	834	892	1142	1391	1216	1368	1374	1060	973	979	979	928
260	250	345	539	410	286	265	265	202	187	216	238	207	190	173	294	666	756	935	1448	1299	1244	1488	1244	1029	1003	998	947
290	278	266	245	256	238	172	224	212	192	235	237	228	209	176	191	439	700	788	1249	1531	1208	1389	1453	1082	1031	1007	943
224	232	206	186	193	217	191	214	261	246	253	226	208	210	188	168	241	545	729	882	1576	1322	1257	1520	1174	1059	1012	949
224	248	217	238	229	235	258	256	248	200	221	267	262	212	196	178	193	343	518	637	1286	1494	1219	1445	1305	1064	1027	958
206	228	216	231	240	234	200	203	215	222	225	255	306	272	224	205	200	218	332	558	1030	1507	1290	1341	1376	1071	1044	959
235	230	187	187	179	261	244	193	232	251	261	325	275	249	204	197	212	169	212	503	966	1375	1314	1303	1381	1101	1068	980
275	248	217	203	158	240	251	203	265	222	219	294	215	198	211	229	214	171	132	297	887	1262	1284	1258	1356	1144	1082	1024
314	246	241	213	161	191	209	210	260	219	188	207	189	177	208	227	204	190	174	213	720	1151	1218	1208	1273	1158	1081	1052
316	269	208	187	213	264	259	210	172	196	202	181	179	191	214	216	205	205	191	200	476	1037	1145	1161	1200	1152	1083	1069
1046	980	928	913	915	913	909	915	929	900	737	444	166	60	68	24	21	24	23	79	50	22	24	25	27	67	95	124
1083	1077	1034	967	927	917	909	904	904	916	939	938	820	497	186	46	17	20	55	77	21	22	24	24	24	21	40	77
1090	1078	1081	1073	1028	981	946	926	916	907	901	904	928	941	766	367	87	59	76	30	26	25	23	23	23	24	23	27
1255	1118	1063	1066	1067	1070	1053	1026	1003	968	929	906	900	904	938	899	582	166	13	16	25	23	23	25	24	22	23	23
1234	1258	1144	1058	1040	1057	1064	1063	1066	1062	1034	990	940	915	906	913	941	779	316	25	16	26	26	24	22	25	25	24
1265	1207	1228	1227	1118	1051	1023	1033	1056	1067	1075	1072	1053	1003	939	907	897	931	885	436	41	16	27	24	23	22	20	23
1121	1215	1248	1250	1274	1224	1097	1023	1052	1067	1073	1069	1074	1071	1029	968	917	900	920	917	505	72	16	30	27	23	22	20
400	635	937	1181	1280	1274	1250	1169	1070	1069	1075	1073	1067	1069	1072	1059	997	922	902	921	929	599	119	14	28	26	23	25
196	201	282	466	806	1130	1225	1213	1149	1078	1073	1081	1074	1066	1059	1060	1061	1007	928	909	910	936	689	166	19	31	27	25
204	228	227	211	252	520	870	1069	1130	1101	1072	1063	1063	1070	1068	1071	1066	1070	1013	930	909	911	951	737	177	13	25	24
173	220	240	228	225	251	344	551	895	1069	1065	1065	1060	1062	1082	1106	1092	1076	1066	1012	951	937	912	946	703	127	17	28
185	228	224	231	240	257	230	244	378	809	1049	1042	1032	1052	1065	1116	1150	1121	1077	1065	1017	986	945	913	943	591	62	24
211	316	246	211	237	258	237	245	214	331	830	938	766	975	1053	1118	1187	1212	1149	1086	1062	1011	961	925	921	921	411	17
287	291	217	225	283	240	215	248	250	256	402	765	552	624	895	1053	1215	1227	1248	1192	1087	1061	991	935	919	932	849	235
281	193	162	236	261	202	255	263	235	227	231	436	523	343	492	811	1136	1288	1239	1317	1218	1082	1043	945	927	916	944	713
218	204	197	340	271	208	230	227	205	214	218	278	415	330	280	452	857	1328	1296	1267	1396	1221	1056	981	927	933	921	936
218	242	261	271	213	238	267	236	221	238	210	217	313	393	338	316	526	1048	1480	1251	1309	1433	1144	1010	954	939	934	927
199	214	216	183	224	337	246	198	208	244	225	214	236	378	388	291	315	621	1320	1441	1231	1403	1381	1061	993	942	944	923
207	205	212	235	298	296	262	257	267	295	238	202	195	306	344	235	199	256	728	1523	1304	1275	1469	1194	1035	989	979	945
176	211	252	310	259	258	263	305	253	218	223	190	183	269	354	249	169	162	277	1112	1463	1220	1380	1351	1065	1025	1012	965
192	246	307	280	203	210	175	226	206	168	223	237	217	243	348	376	208	157	172	534	1383	1309	1269	1401	1101	1051	1024	952
240	230	231	220	176	207	200	214	206	257	301	226	226	250	352	475	340	188	172	211	907	1369	1240	1339	1138	1068	1021	954
254	243	225	235	217	224	293	286	247	250	259	255	288	271	320	432	485	269	124	118	465	1200	1276	1284	1163	1076	1050	982
194	221	249	242	231	231	197	196	217	220	194	232	287	271	311	377	490	344	129	115	303	995	1218	1231	1171	1084	1069	989
207	214	237	200	183	223	221	210	243	255	235	227	255	251	233	266	365	393	269	176	289	891	1124	1165	1156	1093	1084	1013
199	203	244	251	189	208	211	216	270	213	207	225	214	219	227	276	294	325	353	307	370	898	1078	1086	1115	1091	1081	1047
209	217	267	276	196	201	238	291	326	222	195	226	220	209	264	322	279	297	326	372	554	942	1070	1060	1073	1077	1075	1069
195	186	208	185	179	205	202	189	218	259	238	193	182	200	219	232	210	211	251	265	507	995	1059	1058	1055	1068	1069	1073
