520	260	62	138	318	603	400	408	454	276	46	49	42	148	168	165	124	122	435	667	643	654	716	712	284	178	54	16
322	409	491	598	636	376	134	199	269	180	154	47	35	134	176	162	138	111	181	535	691	649	686	749	469	142	130	12
227	137	197	352	445	383	181	183	183	188	237	125	64	176	163	160	128	131	106	333	646	645	637	708	672	205	185	47
250	183	187	241	255	361	354	215	183	188	307	118	53	156	163	165	149	136	112	152	476	664	692	705	735	515	145	170
175	174	247	275	196	198	343	331	157	135	322	193	31	188	170	179	163	148	135	144	274	614	752	752	696	740	377	152
130	159	199	245	218	213	175	256	289	277	476	183	49	208	187	169	160	156	158	151	311	637	752	716	697	726	707	247
121	164	191	188	206	176	189	160	164	352	575	327	71	254	191	166	185	166	144	176	360	572	628	744	732	695	728	610
118	92	245	176	164	182	137	159	134	135	451	630	137	285	220	209	195	134	207	339	541	511	482	671	732	760	712	759
123	91	259	378	132	158	152	142	165	166	260	491	233	301	293	236	159	259	433	579	589	500	513	479	629	741	784	745
235	260	219	534	293	136	168	178	154	162	240	515	117	282	240	191	366	481	623	656	532	546	536	466	529	639	763	779
485	469	255	423	573	215	137	166	202	159	336	378	85	208	269	492	558	539	659	485	473	531	511	485	486	665	696	765
435	690	552	311	500	546	293	195	175	214	312	380	31	148	476	462	492	441	477	485	462	464	476	475	550	682	682	741
603	656	727	415	383	492	499	411	304	319	543	358	181	166	277	475	343	350	495	454	444	467	509	547	529	534	715	752
341	409	506	505	663	691	350	393	459	393	592	385	249	145	130	297	109	342	495	426	428	428	497	468	467	524	747	817
158	25	159	633	854	762	638	526	503	491	571	444	89	153	247	238	412	489	485	489	488	456	550	461	572	630	574	570
271	96	172	587	632	746	731	356	215	440	478	519	459	420	465	471	448	464	460	410	365	404	487	461	446	358	240	240
633	342	444	395	284	256	347	186	6	320	528	500	522	469	460	479	499	495	389	270	272	258	315	288	245	168	84	85
371	453	348	256	41	43	46	76	55	312	538	504	492	513	508	498	484	438	352	266	265	257	253	166	103	52	32	43
225	447	449	111	25	61	34	22	186	491	512	474	490	490	485	452	454	461	518	302	297	253	217	175	70	31	37	33
553	450	690	283	58	100	70	43	135	385	394	481	523	522	504	443	373	514	559	299	324	248	280	195	112	30	31	24
505	539	540	435	168	310	302	225	288	189	191	488	475	446	340	267	392	582	435	307	337	229	339	200	182	35	31	23
231	591	531	446	514	486	493	292	373	395	92	257	406	166	96	128	159	445	410	332	346	262	299	222	198	45	30	24
119	487	519	443	668	759	600	330	291	561	165	110	311	192	215	268	117	223	462	301	319	336	295	291	169	22	27	18
175	401	433	535	539	845	789	474	280	709	279	113	216	510	454	344	249	141	471	281	314	422	320	291	65	19	26	17
125	257	588	704	546	771	896	661	546	777	490	220	246	587	545	411	300	129	486	245	334	453	337	202	17	23	26	19
418	513	709	670	650	714	666	457	516	616	631	419	653	472	335	305	285	128	499	215	396	489	328	111	9	18	20	15
677	568	772	721	839	651	421	260	348	350	694	606	592	318	183	196	217	364	478	165	465	555	313	43	24	27	20	17
667	502	627	806	793	628	273	215	234	241	636	691	380	241	125	161	274	584	447	137	528	592	195	9	29	21	16	15
535	271	145	214	394	515	285	281	289	212	124	72	25	126	185	162	139	123	341	677	648	660	721	694	229	171	43	13
381	558	595	618	629	332	128	183	211	168	190	171	70	87	154	154	148	128	173	522	705	639	681	732	435	139	129	10
233	338	348	418	492	413	238	182	182	180	184	191	167	114	172	156	154	143	113	330	645	689	651	709	670	204	176	59
172	255	278	244	266	408	440	296	157	164	214	210	128	137	175	161	163	150	122	198	488	676	681	708	734	521	132	180
151	207	262	269	208	179	287	410	305	159	263	207	101	195	178	158	155	151	136	159	405	671	718	710	674	721	361	140
179	263	254	225	215	219	167	180	294	350	447	226	131	211	198	154	163	168	139	139	418	687	744	712	685	705	677	215
138	250	367	218	191	168	195	174	134	252	406	405	236	230	235	157	179	171	121	199	440	517	620	739	738	697	739	556
126	201	433	301	161	171	134	181	171	128	258	426	294	341	300	180	186	142	141	397	506	482	488	596	748	775	698	753
196	213	366	479	182	152	154	156	188	179	177	273	259	354	364	300	171	159	378	598	532	504	502	470	630	771	747	723
249	360	315	468	372	121	154	182	171	179	192	266	156	259	368	333	212	360	575	576	522	527	524	469	570	743	751	754
336	328	313	338	529	218	140	174	190	160	226	246	192	189	317	432	423	498	513	468	440	492	510	494	510	722	739	740
277	473	518	281	499	480	213	167	168	186	241	330	197	65	291	531	463	377	467	456	445	491	518	533	630	710	738	757
348	402	668	457	481	552	419	291	223	244	355	320	121	222	237	316	353	318	399	407	426	578	570	593	534	659	757	750
338	380	534	527	623	613	457	516	441	355	386	238	345	395	133	158	115	235	384	411	428	445	430	508	607	663	665	647
169	92	242	623	741	681	504	489	499	459	413	307	182	125	197	302	380	447	480	453	414	367	525	574	587	458	366	355
155	77	128	540	615	719	720	496	378	457	424	351	297	345	433	486	452	424	353	264	263	278	448	488	335	233	139	127
349	245	331	428	382	294	404	439	162	231	504	492	474	463	457	446	451	399	268	229	260	239	233	293	194	93	65	64
298	411	326	217	84	64	82	162	55	129	478	540	509	452	407	389	358	357	252	226	274	168	157	138	81	42	41	48
321	446	359	96	52	60	41	56	145	379	578	502	503	406	417	389	429	507	369	220	313	136	85	88	41	28	33	31
484	444	403	114	63	65	46	34	230	526	536	565	520	370	340	383	460	559	449	217	284	102	115	91	53	23	23	21
376	404	377	205	132	194	204	257	347	305	305	465	281	202	173	169	301	509	429	250	269	104	169	145	109	29	26	24
382	437	426	317	296	327	355	310	340	367	175	311	184	85	83	94	70	273	424	331	264	155	162	172	152	38	30	27
359	463	482	454	539	613	484	354	346	430	229	152	172	106	106	134	50	111	391	401	261	231	157	202	175	45	30	23
288	437	428	453	500	647	605	479	326	524	204	181	212	223	181	146	115	86	387	331	315	299	202	233	181	53	25	24
217	384	506	572	564	639	649	541	455	608	334	199	247	320	272	179	228	167	421	277	319	369	271	242	152	50	20	22
467	481	606	584	644	655	602	478	439	478	508	258	318	345	289	187	318	182	467	313	313	461	267	218	132	26	17	19
551	547	659	656	730	641	544	400	352	353	517	360	433	360	256	232	217	310	502	281	313	492	362	232	84	17	16	19
540	503	707	710	697	658	477	355	330	283	475	489	487	338	262	173	241	560	466	256	325	511	326	162	33	18	17	17
493	356	196	230	392	525	196	179	164	158	172	212	11	70	122	153	128	135	149	553	656	666	730	618	152	171	24	18
433	694	679	584	576	465	163	166	170	150	179	228	213	130	61	123	141	135	125	369	657	635	697	723	339	145	112	7
318	524	542	479	603	626	366	173	143	158	155	171	226	101	84	132	150	143	97	249	582	670	668	727	630	163	182	50
200	371	298	360	458	545	554	434	254	140	147	214	163	125	123	158	143	150	126	194	516	637	649	697	751	452	126	177
297	349	331	348	253	236	356	487	501	411	290	286	126	166	148	180	126	137	142	150	525	708	651	664	693	711	259	157
269	371	367	337	235	210	144	201	324	494	511	433	263	132	168	159	138	149	139	132	535	719	703	696	655	712	553	153
269	321	405	360	262	199	155	126	135	221	377	553	488	210	232	125	143	152	114	179	559	539	601	721	713	680	718	397
314	378	406	350	237	181	132	137	145	123	147	338	447	387	334	133	172	170	98	359	550	467	486	558	740	733	708	673
442	464	418	354	195	166	148	140	172	156	97	117	276	344	352	314	252	135	249	617	539	498	515	459	685	758	684	729
359	468	417	331	254	127	146	162	166	175	150	86	152	207	325	354	168	193	479	544	549	528	522	441	581	778	716	723
354	388	291	273	340	162	152	177	174	151	140	122	152	152	226	288	248	270	364	453	432	479	530	513	556	741	744	713
233	461	503	290	418	295	137	155	160	149	146	246	244	59	125	386	312	312	402	451	441	448	580	665	692	724	790	739
280	223	510	526	479	423	249	151	165	198	218	262	126	271	414	340	213	217	275	269	288	427	613	728	616	758	684	630
327	370	386	515	511	485	471	389	274	286	236	225	422	629	437	176	175	152	266	374	388	385	504	653	686	582	396	353
248	215	308	484	613	598	398	438	369	447	441	397	386	259	177	272	344	388	429	373	349	298	574	630	479	233	146	137
263	58	51	304	476	656	653	494	343	322	316	270	209	240	332	432	381	363	281	164	152	165	371	502	231	93	59	53
219	103	115	252	406	266	294	394	194	144	331	453	396	360	350	374	276	264	228	143	144	134	179	298	186	34	45	48
223	370	248	219	176	86	58	112	38	19	225	355	379	267	191	250	242	257	203	234	245	67	95	176	108	26	40	38
339	479	319	99	70	51	37	63	80	207	352	291	304	220	216	236	298	352	253	189	256	53	1	77	33	19	27	28
361	338	156	15	61	54	51	24	217	479	527	372	257	149	134	218	334	450	385	159	214	13	1	20	12	16	17	22
308	293	139	35	68	82	84	169	322	409	348	272	74	27	44	69	174	340	448	223	175	32	21	53	37	21	18	22
401	430	260	120	86	113	151	238	211	251	137	176	49	37	55	51	15	81	315	305	222	120	69	67	69	26	21	21
482	442	378	301	265	344	392	444	322	153	139	105	61	50	27	28	18	20	195	421	327	181	68	84	102	41	27	23
364	396	347	268	316	392	443	442	230	176	83	130	131	35	1	9	22	32	172	337	335	238	133	111	165	55	20	24
197	316	325	300	336	314	309	285	181	225	109	106	133	66	44	16	92	103	228	309	304	270	222	256	247	104	16	24
297	290	379	400	415	351	328	246	185	175	203	88	48	133	135	60	173	198	339	384	278	353	237	285	262	150	41	19
334	343	398	448	473	445	402	265	167	158	182	92	158	199	174	135	159	265	446	387	272	356	411	334	205	123	33	18
354	392	514	447	442	465	444	295	190	128	160	176	290	213	214	128	193	461	460	388	253	299	392	318	220	65	13	18
437	330	215	282	417	675	194	194	162	173	159	271	73	99	21	210	204	124	29	366	708	595	751	509	134	139	11	19
488	610	626	606	671	732	330	170	154	136	172	163	280	294	8	69	212	142	80	142	624	624	700	700	217	167	66	12
378	444	472	484	624	732	560	321	119	164	284	114	184	150	34	62	157	159	96	79	443	670	650	751	472	137	165	25
238	386	226	375	523	574	565	497	425	294	303	217	140	184	78	97	145	138	122	83	330	627	612	717	712	264	156	123
265	412	443	373	282	270	410	461	490	585	508	494	230	164	134	152	178	126	141	87	297	640	589	683	767	563	157	181
194	273	530	491	239	193	170	322	347	447	582	603	358	119	204	167	218	123	151	94	314	649	638	685	690	717	344	150
248	190	372	551	333	232	166	177	224	215	366	513	492	329	263	101	138	124	135	77	380	622	595	712	652	725	606	223
340	323	307	359	375	227	183	164	125	59	148	271	255	282	330	154	175	212	103	138	465	579	570	643	667	685	747	487
569	557	438	259	257	179	153	130	83	58	109	113	158	149	197	237	257	206	98	378	552	598	543	598	758	623	695	703
463	446	409	286	173	169	152	110	73	130	146	78	93	131	135	197	220	144	229	452	567	621	576	555	661	675	637	729
411	437	216	259	261	190	176	95	99	135	95	66	23	83	81	136	173	55	253	479	443	502	603	587	655	729	683	705
281	513	440	320	279	187	133	81	108	76	56	112	106	93	94	136	108	159	311	499	461	381	411	555	728	754	703	641
303	236	392	484	319	152	93	40	79	116	160	208	215	299	529	458	95	84	212	297	252	137	430	753	656	583	460	402
310	366	225	366	326	216	204	109	113	276	309	362	403	522	551	260	181	152	219	400	440	450	601	683	565	263	140	121
259	227	232	207	327	354	256	281	233	436	484	454	380	296	169	181	286	318	386	340	359	448	609	609	310	94	47	48
357	87	21	62	188	374	387	238	162	164	234	269	210	168	172	265	290	302	271	154	136	222	395	547	198	45	38	40
295	160	7	17	214	159	88	95	86	111	172	309	250	173	158	217	167	181	194	76	50	62	174	307	216	29	32	34
323	426	252	235	183	73	28	13	21	37	7	79	138	82	45	121	137	121	116	194	222	100	104	163	113	15	27	23
271	335	343	211	53	37	37	43	37	127	66	25	54	59	43	75	98	79	183	323	324	125	59	84	26	16	21	23
214	148	262	88	34	56	73	47	80	249	271	60	0	27	37	77	122	257	423	350	265	161	75	44	19	19	20	23
285	191	91	29	30	39	31	37	144	245	209	63	14	32	35	36	102	239	469	310	255	228	84	55	19	20	15	19
296	323	92	0	21	24	37	96	79	91	29	6	49	38	33	31	24	15	201	309	256	289	146	82	18	19	15	16
357	276	161	64	53	126	227	286	144	0	7	22	35	44	25	27	37	16	23	329	371	338	140	114	24	17	21	18
345	285	241	138	112	198	274	220	53	0	19	29	37	43	22	22	30	20	0	250	346	303	201	83	43	25	16	18
236	261	276	201	139	163	202	160	45	0	8	40	17	19	17	22	12	14	34	283	296	232	240	212	209	149	44	22
258	263	312	344	268	243	234	149	107	28	0	29	26	20	10	16	0	100	123	368	312	249	246	244	296	271	125	25
312	270	314	358	340	358	296	203	156	88	9	0	6	6	27	11	58	143	241	442	336	261	345	317	277	256	115	15
331	329	333	332	324	349	336	278	196	147	67	0	0	16	38	50	108	234	374	477	378	188	305	325	404	204	27	13
499	362	352	440	543	710	268	204	183	198	187	170	140	237	15	234	461	275	145	354	712	523	721	513	164	100	12	18
551	434	487	606	705	696	440	227	150	187	329	132	183	328	77	21	327	355	218	154	635	634	661	684	194	173	25	18
352	289	285	407	457	522	579	471	185	205	373	158	157	200	156	17	159	341	281	102	405	711	621	756	367	151	114	10
184	307	249	274	352	428	465	427	424	396	378	305	207	336	180	18	151	262	282	123	195	660	612	751	637	126	179	47
33	233	430	306	301	273	341	370	314	358	471	545	399	292	216	77	225	218	211	155	125	585	588	716	809	316	145	145
26	55	458	450	258	255	278	357	291	233	435	460	317	224	371	158	273	180	166	143	120	593	625	669	785	625	171	194
61	1	358	525	317	251	266	279	252	183	238	339	338	372	397	153	150	198	178	128	150	634	646	669	670	803	416	149
139	123	367	398	401	254	241	259	194	73	161	167	141	152	342	281	157	284	139	57	276	663	714	717	597	739	730	266
429	403	409	354	349	214	218	204	136	109	179	150	175	79	114	291	145	287	103	64	449	697	627	766	712	560	764	552
442	369	372	353	323	254	211	152	125	181	197	159	228	143	56	166	200	216	69	233	478	662	706	737	751	564	627	690
368	281	259	305	364	316	242	110	131	187	127	109	103	35	63	73	190	81	124	448	421	504	706	674	720	668	615	636
259	307	296	295	261	297	237	103	142	93	49	25	21	54	82	63	40	2	217	500	445	385	232	333	693	655	487	458
180	162	286	292	214	153	180	137	80	29	79	131	178	220	268	281	96	14	229	440	308	223	214	556	563	296	221	177
246	235	177	159	160	21	55	112	115	201	270	285	244	204	194	143	79	131	265	447	516	662	524	497	395	93	46	38
267	148	106	26	25	77	75	88	169	287	252	199	130	98	97	125	184	284	440	397	421	620	581	588	231	44	34	41
418	286	88	16	4	73	102	48	110	131	171	160	124	106	65	133	272	302	294	212	218	390	532	587	179	42	34	30
445	438	256	59	36	109	47	36	49	81	130	118	88	52	47	75	205	201	188	158	150	211	290	371	204	21	26	21
510	531	439	355	151	40	77	58	14	26	21	19	24	32	42	30	37	43	91	192	281	238	176	147	122	9	18	20
206	187	342	299	66	34	39	33	21	113	65	14	24	28	35	37	41	55	189	427	470	233	161	108	61	14	17	20
185	110	378	177	15	38	58	59	18	126	90	16	23	26	43	76	123	197	479	547	384	324	159	111	31	20	23	19
330	260	215	0	11	6	38	28	15	21	91	36	27	32	28	29	71	185	411	418	425	425	174	131	23	18	17	17
290	180	144	105	101	75	19	7	29	14	26	31	15	24	28	28	23	21	161	346	324	390	211	178	18	9	16	19
293	234	184	167	210	198	133	78	54	18	10	22	18	24	22	30	37	32	0	276	314	404	189	198	22	20	22	19
359	297	279	217	198	208	215	168	200	147	42	17	26	23	24	26	34	35	15	189	301	318	223	163	80	80	37	15
376	390	382	343	299	322	332	313	279	236	153	45	20	38	19	22	30	36	6	210	254	262	260	172	195	237	108	33
408	411	407	419	400	434	415	392	340	240	170	83	14	38	18	17	19	15	6	268	260	262	253	207	305	290	201	42
417	397	416	431	408	458	447	441	413	327	221	128	23	17	26	25	16	7	66	332	269	289	219	302	275	282	206	14
400	374	410	424	411	444	424	453	465	423	302	169	64	17	25	23	30	44	198	376	397	256	211	299	404	289	51	7
643	629	515	517	534	526	381	211	241	190	275	198	134	316	88	107	670	671	402	526	632	578	634	652	228	123	23	27
505	319	347	414	409	399	360	337	234	296	487	162	162	188	140	18	271	735	519	446	632	671	643	709	341	151	45	16
306	320	351	321	321	366	372	383	299	263	248	174	174	278	288	124	61	579	636	429	578	653	639	720	515	148	96	14
200	329	364	350	355	358	386	354	328	251	183	231	280	451	373	71	65	453	651	450	523	642	648	705	667	165	145	22
112	141	323	369	374	385	376	322	271	171	132	280	315	403	308	148	95	340	465	443	495	658	644	656	791	261	170	66
120	80	208	353	357	385	378	341	237	224	240	256	186	221	433	206	108	268	298	359	462	685	682	618	796	528	139	188
113	89	243	333	341	324	339	246	208	287	304	351	362	179	400	257	115	341	357	388	350	643	723	592	730	796	273	165
178	218	327	352	326	276	270	275	297	311	308	329	471	211	258	357	123	358	342	295	355	568	758	691	566	821	601	135
321	350	283	286	331	323	348	357	398	392	282	292	470	313	149	417	157	367	365	166	348	604	784	703	558	693	730	306
377	386	410	371	362	367	351	341	418	369	327	366	492	240	25	241	248	258	331	227	346	541	827	652	617	549	704	466
421	323	378	417	357	348	348	356	377	328	315	299	283	60	46	63	241	157	139	380	399	466	721	626	626	486	536	416
279	258	252	299	379	421	401	364	346	299	209	144	91	66	33	19	114	77	156	477	372	356	374	435	490	322	293	238
93	108	145	207	281	397	440	451	332	170	145	107	82	58	18	8	35	61	244	414	272	420	216	370	475	174	94	44
213	101	80	92	140	203	312	297	186	66	82	94	49	39	22	16	11	91	338	442	490	620	477	363	280	67	25	29
474	254	159	93	55	77	85	88	70	60	63	75	44	37	23	31	70	250	447	453	497	480	563	530	200	28	29	34
685	604	262	36	23	85	75	66	49	54	58	47	27	25	39	92	204	280	346	371	313	414	523	500	195	37	27	20
578	602	597	188	43	195	189	93	35	45	31	17	21	21	30	56	147	213	338	332	266	374	472	402	202	41	26	20
514	539	593	581	258	119	201	172	87	52	38	28	21	24	31	30	50	105	273	370	303	309	270	260	238	36	20	22
239	350	341	213	131	57	25	105	111	50	62	35	36	39	53	73	109	157	299	360	346	253	204	228	163	20	19	20
382	312	262	175	14	22	23	57	78	63	80	28	26	33	57	86	117	141	425	408	361	274	132	148	35	18	18	17
528	649	373	78	72	49	72	37	23	55	85	36	24	26	18	20	27	21	233	370	417	314	120	106	26	32	31	18
447	504	523	472	423	304	178	118	79	42	28	34	23	22	21	23	26	20	38	265	376	258	167	112	37	59	45	23
471	566	614	598	625	538	450	400	318	176	72	32	20	17	19	19	29	38	6	204	321	222	162	165	82	118	50	31
442	404	440	435	530	497	520	570	619	499	228	84	31	24	26	21	28	46	61	162	218	338	197	189	196	241	109	31
371	336	363	386	457	422	448	490	528	619	422	159	62	29	20	22	37	48	46	119	207	388	287	173	212	405	177	70
344	318	340	350	392	370	385	429	454	479	514	280	81	29	25	21	30	33	32	82	197	346	282	207	331	338	193	55
333	316	331	348	373	354	373	419	431	436	505	431	141	25	25	30	26	29	28	51	206	333	169	223	325	300	189	13
323	312	333	351	363	341	373	400	412	417	463	515	283	49	40	21	21	20	9	106	337	259	159	355	404	195	45	8
565	365	358	490	410	312	307	371	345	222	352	327	201	242	191	71	474	750	584	762	727	637	671	710	438	147	49	21
253	157	314	411	431	430	416	400	395	303	261	220	242	195	137	95	72	625	626	710	783	637	695	681	597	158	107	14
238	422	463	458	442	419	408	398	374	378	270	111	206	286	335	372	56	338	726	642	787	678	665	630	718	193	142	19
427	468	407	385	389	414	396	396	402	436	345	48	90	281	443	247	40	218	739	648	739	723	676	612	753	302	144	38
434	477	463	454	405	391	409	387	401	419	449	241	91	209	244	269	40	187	696	589	684	731	688	555	748	467	140	108
437	461	541	457	395	372	382	380	391	400	404	375	210	170	188	294	121	181	566	441	633	782	727	600	675	665	159	175
443	422	458	416	385	376	396	411	409	415	415	392	336	289	131	272	164	267	662	425	454	727	709	672	562	794	306	141
487	491	435	403	386	394	397	449	472	446	429	430	340	333	125	204	199	261	700	516	537	581	716	675	493	787	482	121
467	497	439	425	400	382	441	505	446	434	426	441	346	338	134	162	293	252	649	537	410	552	762	590	482	705	523	144
434	443	418	411	396	383	429	447	406	426	455	408	285	185	113	146	313	210	634	644	345	499	740	376	444	674	461	156
603	441	429	402	394	382	370	387	406	402	395	406	325	134	64	110	316	220	447	603	438	408	518	388	476	357	283	161
611	561	434	437	427	407	385	373	378	396	405	410	377	194	41	51	240	238	300	615	381	293	301	478	332	182	147	79
333	470	423	479	492	461	421	389	399	406	398	359	320	236	83	29	126	242	156	520	625	222	146	358	421	111	12	16
469	372	266	265	353	454	467	453	415	386	325	274	238	232	106	50	37	139	219	518	683	332	500	378	213	58	34	30
583	524	443	348	179	114	221	276	183	145	89	158	157	109	82	47	40	22	184	430	528	226	377	520	297	28	24	27
597	592	512	179	41	145	186	162	70	50	55	54	62	51	39	29	28	0	203	362	297	123	270	403	317	80	21	20
450	411	365	157	62	368	498	213	55	45	42	39	41	39	40	51	40	3	141	295	167	162	240	176	258	165	24	19
460	443	446	376	312	390	425	372	334	148	37	28	27	38	65	83	66	42	97	289	143	234	146	153	216	163	40	17
512	402	358	181	132	119	54	339	405	72	94	22	29	42	53	50	34	38	100	273	178	193	66	106	111	108	49	16
590	571	424	88	45	27	4	186	243	54	73	15	20	23	23	23	22	16	47	213	281	131	75	25	36	58	29	17
635	716	718	512	443	359	195	46	24	89	38	25	24	14	16	23	20	21	2	91	319	129	111	34	53	113	80	20
547	652	749	789	788	809	786	659	422	180	37	21	29	23	15	17	20	17	11	18	210	197	186	62	139	279	148	39
406	526	687	735	746	763	791	811	825	727	401	70	5	19	16	19	20	19	17	18	114	263	267	251	327	368	131	48
319	343	490	628	683	704	707	689	655	701	752	453	40	19	24	17	13	14	32	11	148	558	386	228	187	367	209	75
318	297	277	331	420	473	495	507	510	493	533	654	248	10	35	20	19	19	35	2	258	593	415	196	101	447	229	89
307	303	288	271	288	334	353	366	410	445	442	554	452	8	25	26	15	24	21	16	344	457	288	202	282	328	199	50
307	298	286	283	291	325	340	370	387	413	432	479	570	78	0	23	16	19	4	92	346	327	160	247	390	257	91	6
299	297	294	284	296	323	348	364	380	404	437	446	594	231	9	27	20	19	6	210	420	268	149	361	287	72	33	16
478	187	140	359	416	417	421	416	466	395	297	243	257	155	212	87	266	576	685	685	780	703	663	669	594	144	86	13
188	240	448	438	413	426	385	376	395	425	365	238	161	154	169	205	118	186	709	673	794	770	681	649	688	180	119	16
325	473	433	394	389	386	365	349	345	356	375	343	210	86	206	451	376	13	502	676	731	759	670	607	721	301	126	40
442	421	390	376	374	404	381	363	361	365	370	371	272	124	85	243	196	58	306	639	652	792	708	603	681	508	115	98
440	422	404	365	355	335	352	376	391	402	421	456	413	258	89	143	200	81	219	504	571	811	723	628	612	663	144	159
434	405	384	400	376	300	345	390	400	403	395	398	417	365	230	94	213	73	225	685	455	723	746	675	541	721	226	156
428	384	378	410	411	321	327	413	385	380	376	374	381	368	344	194	137	105	194	692	395	599	778	668	519	724	293	139
424	391	381	408	431	370	327	417	395	377	382	374	368	347	400	340	69	134	194	673	671	567	688	627	549	671	270	141
411	403	388	421	441	360	307	345	352	367	373	376	370	387	450	359	70	162	226	720	616	436	601	545	514	556	201	130
407	399	413	434	403	343	315	347	387	407	383	370	361	369	381	319	67	172	208	664	417	310	590	270	553	370	164	124
390	438	441	420	370	360	345	303	369	372	390	355	352	368	397	341	109	233	191	594	592	606	448	235	442	188	117	43
426	453	422	397	349	384	413	315	345	335	373	377	374	368	379	318	119	315	238	441	739	763	236	292	318	108	24	26
433	447	445	415	369	392	424	365	301	314	350	374	364	362	363	282	66	187	234	327	741	695	214	386	348	72	19	20
233	290	420	452	414	393	424	401	344	356	335	315	320	338	343	296	173	107	203	236	610	648	257	539	338	47	21	24
282	283	258	321	382	384	412	400	385	377	341	371	341	339	320	255	219	87	178	227	513	533	370	472	465	75	19	19
387	426	279	184	204	269	302	305	275	269	245	280	298	266	219	199	163	86	89	244	376	535	530	545	374	129	33	29
462	342	286	155	123	156	192	157	97	135	153	147	141	129	120	123	93	53	24	246	244	339	421	360	193	270	100	13
715	527	298	241	260	209	124	61	83	155	49	50	53	65	61	53	46	36	12	158	249	196	348	393	138	213	187	14
660	723	596	216	115	80	40	50	79	46	27	33	28	33	34	27	29	31	31	51	225	166	288	497	202	169	210	20
669	713	833	798	639	410	97	80	127	17	24	25	24	41	29	26	33	36	33	22	154	152	196	265	242	119	63	27
661	607	553	547	648	819	659	246	80	70	44	40	37	27	26	25	29	34	28	15	127	154	165	206	228	143	26	20
407	442	370	361	354	598	876	829	587	275	90	40	44	28	19	19	24	27	25	18	80	246	280	375	237	234	76	12
310	362	386	361	408	555	760	601	649	784	551	162	18	28	17	13	19	24	26	24	36	255	393	381	311	269	179	24
314	317	342	383	463	519	478	419	374	566	805	616	90	10	27	29	20	18	22	26	5	304	456	268	120	440	230	53
301	311	350	392	427	384	413	430	416	482	616	775	420	0	34	32	25	17	24	17	15	347	444	192	234	410	194	79
302	325	353	367	386	357	391	414	403	473	554	618	623	38	31	39	26	20	21	8	90	437	301	192	309	257	128	19
298	323	341	353	355	357	386	386	395	456	521	541	656	89	22	48	23	28	22	5	280	461	159	212	304	113	24	21
300	339	346	341	346	355	377	374	385	451	490	518	664	166	4	71	24	30	7	110	500	353	117	256	210	144	157	22
417	247	129	370	497	442	410	432	404	390	374	368	347	185	157	159	93	310	606	656	697	716	579	633	593	132	86	19
205	234	439	426	427	405	382	402	415	409	348	349	395	289	53	271	324	46	332	654	740	775	644	574	684	197	123	18
236	530	576	482	470	403	376	391	443	372	346	337	374	428	85	193	433	107	115	504	697	807	694	556	681	322	132	46
480	616	488	421	409	378	360	363	358	335	333	349	348	359	244	4	178	328	56	286	579	842	742	574	612	473	128	95
614	587	445	397	376	340	353	349	319	319	347	392	403	410	429	68	68	323	172	147	556	813	788	564	570	570	134	119
538	470	444	399	333	307	309	316	324	348	383	436	413	387	407	251	40	117	145	222	585	644	797	507	570	554	155	126
457	423	405	361	313	287	292	319	357	368	378	372	358	353	354	383	179	57	178	220	616	533	780	433	561	513	164	119
412	414	358	324	314	303	289	323	390	409	401	397	381	373	377	462	303	21	142	189	602	477	599	426	608	419	161	95
389	374	339	334	343	321	296	319	375	409	414	369	389	418	412	441	262	42	120	217	546	362	631	447	628	341	146	77
406	386	362	359	364	316	300	316	374	376	350	349	373	380	404	385	293	103	100	220	562	705	621	212	516	271	126	54
408	394	378	390	368	300	302	298	336	326	310	321	376	421	465	421	340	203	125	168	429	777	471	102	443	208	104	20
374	372	383	419	345	297	361	304	297	322	322	329	422	449	439	401	355	196	91	199	366	748	399	198	372	120	20	14
363	350	397	435	333	309	408	350	259	351	375	347	392	410	398	403	316	185	94	186	272	687	452	343	297	49	15	14
338	353	420	419	339	321	406	393	277	314	399	359	332	359	359	374	335	208	83	185	234	554	481	431	300	40	21	13
323	372	403	385	339	335	374	402	342	284	314	355	338	324	324	342	358	331	138	122	200	448	440	456	376	67	16	15
271	360	377	346	347	363	362	445	427	335	295	306	314	325	313	325	370	374	213	71	178	334	429	442	468	128	28	17
350	261	320	341	362	390	407	440	409	365	335	312	320	344	348	345	357	374	196	34	150	275	349	339	406	272	88	15
599	426	328	357	394	389	379	332	320	324	281	296	304	332	335	366	414	405	171	6	152	268	287	224	220	286	253	33
730	593	471	382	332	330	329	305	271	246	236	260	284	317	308	304	305	256	122	14	128	269	275	216	156	96	273	139
648	657	571	475	405	372	322	300	280	252	281	267	265	286	261	256	214	147	66	11	57	205	175	213	200	26	95	159
374	440	433	445	462	450	373	332	305	282	292	281	231	217	234	194	130	78	33	6	37	170	218	333	197	108	21	59
372	398	368	390	386	454	467	415	385	306	284	299	249	271	213	136	102	66	12	4	21	144	227	333	214	248	80	11
397	345	376	434	381	449	518	434	407	407	374	317	291	225	190	171	143	67	3	12	18	155	219	324	228	343	175	28
357	355	393	396	372	447	528	471	429	443	417	343	274	262	241	197	120	28	6	24	6	238	254	304	169	402	196	48
345	390	374	358	367	453	449	511	437	429	415	394	357	279	223	152	42	5	15	27	7	290	280	215	250	292	166	45
377	371	360	357	375	450	375	474	451	436	485	420	398	307	191	66	5	11	42	66	12	299	265	149	240	195	83	73
374	351	341	364	400	431	349	417	455	454	532	477	345	211	185	51	4	19	41	37	44	320	209	166	216	117	170	79
351	340	356	353	418	423	355	410	441	463	489	456	312	140	151	70	8	30	33	30	111	368	191	193	241	226	212	33
302	297	274	348	370	348	332	392	479	549	470	385	457	408	123	174	155	162	217	577	679	745	530	625	430	112	58	19
279	325	367	343	342	410	522	557	591	513	365	352	361	423	259	96	364	143	81	301	570	720	648	562	610	134	99	12
333	462	381	392	500	525	347	276	460	517	376	336	343	411	378	112	151	252	72	144	479	684	726	468	680	216	108	26
452	501	444	490	522	416	334	483	443	374	382	331	331	360	373	234	18	260	257	51	409	622	758	423	646	325	128	47
583	629	540	472	509	451	405	381	367	335	340	331	353	371	409	373	58	95	441	122	343	592	717	396	624	378	124	60
680	591	536	478	412	380	368	355	350	355	325	366	402	405	424	440	179	16	223	129	298	566	656	364	599	383	128	56
466	471	445	391	352	347	352	349	347	330	335	372	379	355	345	379	334	63	139	205	250	498	550	400	584	372	131	53
339	402	384	349	334	310	307	309	331	371	398	377	350	352	356	399	345	198	50	207	256	351	580	486	544	372	133	54
389	383	359	349	328	312	285	280	349	407	397	356	361	382	393	419	400	347	87	123	289	446	726	352	405	448	126	57
405	391	373	349	315	298	292	299	375	401	350	368	409	404	455	517	519	410	209	55	230	451	669	171	372	395	110	47
408	404	388	409	354	290	284	317	379	374	349	408	465	542	578	575	539	451	307	78	119	393	551	132	458	218	85	23
388	391	393	500	521	296	272	326	405	386	427	518	552	586	572	551	517	437	318	186	112	351	457	238	376	84	26	15
392	406	387	376	490	336	289	367	419	453	473	496	526	548	544	518	492	402	312	236	142	284	409	321	295	40	16	14
364	358	369	364	375	318	353	419	488	516	502	495	510	520	519	526	508	389	315	263	164	220	385	326	317	32	19	15
319	335	374	352	311	288	356	409	478	524	505	499	519	527	515	524	500	406	343	278	166	199	346	292	363	48	16	15
276	322	345	321	351	301	334	383	445	486	512	490	498	490	478	475	445	404	367	301	140	117	267	268	404	94	14	16
303	319	309	360	404	324	336	354	400	432	474	473	442	412	422	405	371	366	354	321	117	94	241	268	406	157	53	17
383	347	325	394	409	339	338	317	347	380	395	409	389	379	367	366	377	373	376	373	95	94	207	242	353	192	144	39
429	385	392	410	389	340	330	294	323	347	350	348	348	346	348	355	372	376	454	463	55	163	184	209	320	174	188	138
426	409	423	408	371	318	318	298	302	360	359	325	328	348	343	339	337	324	356	407	59	108	152	223	313	146	125	173
395	384	386	377	333	310	357	361	306	346	376	336	308	322	331	326	319	323	338	321	28	81	148	248	316	138	95	120
403	399	333	340	331	366	412	370	298	321	383	395	376	356	327	304	310	321	350	211	0	111	162	245	302	134	119	103
416	409	369	348	347	393	420	352	302	319	360	461	429	329	301	307	331	344	344	69	1	113	140	216	264	169	152	145
386	411	424	373	362	362	395	382	337	355	362	371	336	317	335	346	350	371	208	0	19	88	138	265	174	200	179	227
357	396	425	353	312	331	368	403	346	341	344	334	329	347	367	352	345	268	38	15	26	105	171	272	133	172	206	237
364	406	402	375	356	323	313	374	408	393	401	355	318	357	353	315	274	119	2	44	24	121	189	218	143	177	246	195
383	382	357	400	416	316	288	357	436	397	388	357	325	323	344	307	186	19	16	31	22	149	216	256	132	200	255	100
396	354	351	359	357	302	288	343	391	375	346	361	341	314	334	283	57	5	32	28	52	176	387	308	151	196	158	33
334	342	324	366	399	350	335	343	376	422	528	574	544	393	177	123	195	164	164	305	689	630	423	533	265	94	30	17
348	335	343	386	430	410	481	479	423	436	479	499	512	592	489	78	169	219	158	188	470	756	449	601	334	102	51	11
357	363	382	402	440	605	599	559	395	366	514	448	446	409	422	278	23	140	159	56	308	764	500	532	484	136	73	16
377	384	425	477	517	381	525	648	542	242	380	370	361	330	357	388	162	60	225	131	164	685	643	358	582	161	94	23
435	458	493	436	249	418	573	618	622	351	354	327	324	353	358	478	336	0	285	367	105	562	781	299	592	213	96	25
501	504	453	236	307	392	398	525	477	348	347	305	395	432	434	476	199	33	87	185	125	380	771	348	566	281	110	28
502	413	234	276	416	347	361	417	348	352	337	335	362	337	335	353	352	243	32	173	110	239	748	421	494	371	111	39
304	222	302	413	375	301	352	413	334	344	342	326	313	343	359	368	395	426	44	172	123	218	737	399	331	468	132	57
336	369	402	386	345	307	340	390	363	331	332	343	373	394	441	475	489	439	200	44	152	292	760	286	275	498	126	58
402	388	381	368	327	325	334	325	331	356	356	409	465	527	572	593	572	502	377	133	94	214	501	176	448	407	100	41
412	402	392	373	319	303	295	324	409	464	483	517	536	587	587	556	544	510	430	328	63	159	375	232	510	183	68	19
413	415	401	395	381	290	296	391	476	537	571	545	516	537	544	541	517	471	447	434	207	95	333	305	410	72	25	19
461	424	390	355	389	314	323	436	528	564	534	543	563	564	572	530	489	462	446	423	350	91	302	311	360	51	21	21
395	396	393	382	380	331	373	491	582	581	543	553	563	585	629	582	525	476	446	421	390	105	219	274	387	40	18	17
364	379	407	392	375	346	423	526	592	616	560	575	607	597	576	541	536	519	490	441	412	124	152	221	406	49	15	16
360	381	393	393	384	356	428	529	602	615	558	568	588	573	581	554	514	493	498	487	425	120	116	165	413	97	12	17
345	395	394	383	389	362	400	493	583	606	572	527	528	538	562	530	460	452	488	503	446	106	117	150	409	167	29	21
348	389	390	363	366	336	354	443	536	582	576	524	520	530	493	459	436	430	462	445	327	69	132	157	398	234	77	26
343	360	361	378	382	330	316	365	458	530	548	518	518	499	448	428	426	431	455	443	282	69	189	193	359	292	113	59
341	346	377	393	385	308	289	301	355	448	474	467	457	421	400	401	413	409	385	426	273	34	187	198	342	292	113	75
373	374	394	395	338	287	297	302	282	345	382	378	362	362	376	378	380	367	380	445	233	11	133	175	340	256	107	81
400	392	372	348	316	294	320	324	276	299	334	337	327	337	351	341	341	350	388	418	113	29	137	163	335	213	120	108
391	378	349	321	315	314	331	337	294	298	331	371	348	322	341	333	339	344	393	280	12	51	132	163	350	222	139	154
352	347	333	314	308	295	348	377	310	301	326	340	324	307	338	352	347	369	373	131	11	39	127	179	399	244	170	205
354	352	351	317	289	271	331	385	374	322	307	313	312	320	341	352	359	354	283	39	27	46	124	193	406	247	198	180
353	376	361	326	296	264	319	393	387	340	324	321	329	350	348	357	358	338	178	5	32	55	105	253	452	251	190	122
366	363	331	320	305	273	354	383	344	302	313	345	373	372	370	378	363	316	58	10	31	76	120	413	459	206	148	50
357	388	369	297	266	283	359	354	316	320	355	406	397	420	423	440	435	134	1	32	49	93	237	550	384	139	79	22
322	345	380	404	413	380	359	301	281	294	391	449	464	505	245	37	82	197	155	254	467	464	428	336	143	50	22	20
330	328	366	408	429	413	467	439	343	361	424	469	578	593	554	194	37	139	233	224	446	601	394	474	153	71	24	19
325	326	384	400	410	494	542	588	517	434	536	537	472	408	423	452	76	38	164	121	244	633	332	560	243	104	37	16
324	320	365	406	447	412	500	535	438	365	402	377	360	321	326	439	290	0	81	170	88	535	442	438	385	110	51	18
352	330	360	345	263	422	517	575	475	451	417	355	308	326	356	460	297	12	64	375	209	381	642	320	485	136	73	15
366	365	340	223	285	376	413	568	568	469	426	327	329	388	427	452	304	104	0	149	234	211	696	439	540	221	105	25
431	371	249	273	350	342	398	431	468	447	391	320	299	303	309	323	371	313	0	78	167	91	599	356	443	408	110	50
331	290	325	383	337	335	431	447	404	365	314	278	316	365	381	391	430	493	54	63	133	113	499	332	351	516	124	62
320	369	419	375	339	357	415	417	332	316	276	356	414	427	449	452	464	505	238	1	104	171	545	305	429	439	117	55
385	368	409	367	342	368	409	402	333	304	358	429	466	518	513	497	505	488	443	97	37	137	281	202	549	359	102	37
408	396	403	348	320	359	395	367	403	440	474	510	516	513	494	478	481	478	499	336	28	92	192	199	575	236	71	20
414	389	374	335	308	341	369	439	543	566	540	488	457	473	513	518	500	489	499	491	157	27	211	271	510	119	31	15
453	357	324	329	307	315	419	545	612	603	490	491	505	521	536	519	503	494	505	516	306	19	186	279	465	80	17	18
376	362	330	326	314	353	496	589	625	614	508	518	551	572	587	568	527	517	504	503	423	46	136	224	464	102	16	17
365	382	346	333	323	412	533	597	623	653	552	543	588	611	565	562	530	528	520	508	498	122	67	181	460	137	17	14
367	377	341	358	338	427	540	611	664	670	580	579	583	581	595	558	522	551	558	585	545	177	41	139	448	178	18	16
358	355	343	358	353	415	517	604	682	685	625	569	575	584	559	553	581	564	544	579	547	202	36	111	414	242	27	17
348	367	362	358	370	380	471	568	660	690	675	615	595	600	543	548	564	525	529	513	452	173	54	109	382	315	54	18
363	380	357	369	389	356	427	507	610	657	663	640	633	619	565	532	526	514	502	427	410	118	121	143	348	387	84	23
368	393	371	366	408	340	368	433	523	595	610	603	603	584	567	558	533	475	389	373	400	55	163	149	318	449	109	35
364	374	361	362	377	327	313	344	416	502	517	517	512	506	487	438	389	355	353	416	375	13	99	129	309	480	121	59
357	343	343	353	350	304	302	303	326	386	393	385	362	345	342	353	377	392	404	506	282	0	98	112	336	481	135	84
341	337	353	371	340	299	309	311	296	321	318	300	291	322	364	366	364	368	415	496	126	9	104	110	403	479	151	103
357	357	348	332	305	285	316	321	301	304	303	304	309	342	378	380	374	371	430	369	25	20	114	94	505	468	155	112
382	362	328	326	290	268	300	323	343	320	296	306	311	317	332	351	369	406	490	215	12	35	109	98	619	388	154	83
351	306	314	299	268	267	299	338	331	305	294	298	322	328	328	345	364	408	431	86	32	48	71	289	685	282	113	48
339	320	304	284	251	269	321	327	291	285	293	326	353	336	333	351	379	442	222	49	32	69	99	585	561	168	73	19
317	326	328	274	248	277	325	314	281	291	325	361	383	408	385	397	481	296	51	65	37	79	287	668	342	107	40	12
285	323	392	395	403	430	405	366	329	364	427	431	485	639	423	160	23	133	166	330	384	329	491	203	83	21	21	20
302	316	378	391	381	399	450	481	461	374	405	466	635	619	487	240	72	38	210	250	494	396	373	418	129	48	18	20
326	320	340	368	389	389	384	431	622	469	430	529	521	502	492	431	155	43	110	171	318	526	247	547	161	96	20	17
327	321	328	353	397	426	410	406	404	462	366	358	368	369	385	394	263	105	53	116	185	378	295	523	259	119	34	20
341	322	315	323	394	432	405	413	283	488	454	388	363	349	378	421	328	76	0	198	388	259	404	385	413	123	65	15
344	324	324	340	363	403	413	483	471	547	506	368	324	334	352	369	415	165	0	76	299	171	511	415	543	190	98	22
349	345	345	340	351	384	433	448	523	516	411	317	274	282	295	304	370	324	5	22	151	141	287	261	533	332	107	44
342	365	359	357	351	392	449	423	478	411	310	263	302	370	413	406	415	501	49	5	119	165	172	293	537	371	114	50
316	349	381	374	367	404	435	399	377	371	274	317	370	379	366	347	376	492	169	0	70	158	273	291	550	348	117	51
335	335	386	385	383	410	436	412	375	317	317	354	364	371	354	351	381	454	360	11	11	125	210	198	531	363	105	37
349	365	390	384	376	418	421	430	357	343	347	379	395	378	359	371	374	403	434	123	0	73	170	151	581	298	85	28
354	352	354	366	380	385	438	432	444	421	385	381	369	364	397	435	443	454	473	271	19	31	150	179	564	197	49	13
367	319	315	347	364	368	469	490	522	481	377	367	370	409	447	472	499	486	500	440	77	0	108	224	531	132	18	14
334	317	307	319	336	395	475	525	555	546	404	417	456	498	479	484	494	500	539	533	202	0	93	179	533	162	19	17
317	317	290	295	305	421	506	553	585	585	456	450	472	528	496	524	491	478	478	502	358	58	52	138	519	225	22	14
316	301	265	286	294	420	539	595	626	603	497	488	494	513	522	515	492	502	533	587	438	102	28	122	481	270	26	17
316	263	256	292	302	407	563	620	655	621	541	519	520	514	482	494	553	579	572	569	418	131	16	116	433	306	34	16
305	276	284	314	325	381	557	630	669	647	597	573	567	564	529	529	560	561	535	515	413	126	14	109	393	362	43	16
324	319	314	333	336	338	520	629	668	647	609	605	610	604	587	551	539	530	505	435	420	98	34	106	370	411	69	19
367	367	347	352	358	320	428	588	634	635	595	573	580	582	582	575	539	478	405	378	423	63	87	120	349	466	98	30
381	359	352	392	369	323	340	463	561	598	568	537	521	517	495	446	387	360	358	387	395	25	61	106	366	525	112	45
367	330	376	435	362	318	304	343	412	453	435	404	374	343	329	339	366	393	393	457	327	0	59	95	448	532	121	53
339	338	400	414	353	305	292	302	333	337	303	283	281	300	322	335	340	353	384	499	183	0	73	119	535	478	124	54
351	362	384	379	330	297	277	278	314	318	293	285	290	327	356	358	355	350	391	461	57	18	88	153	571	402	109	47
359	348	340	378	353	286	270	281	311	307	286	286	295	310	329	342	364	389	483	354	11	36	93	247	595	293	90	35
326	268	298	396	363	257	264	287	301	292	293	315	342	342	332	337	348	365	493	169	26	56	93	474	556	186	62	24
306	270	302	425	316	248	266	282	290	307	324	346	359	355	371	375	354	397	330	64	32	69	226	664	354	106	42	15
295	254	322	420	269	255	278	287	305	319	330	344	366	373	368	369	378	399	130	56	36	106	532	551	138	62	26	11
283	322	352	377	400	452	447	427	379	415	493	489	487	623	661	407	71	44	176	284	421	311	522	173	75	23	21	19
304	305	350	356	362	375	412	459	478	367	397	453	579	694	429	149	176	25	172	223	490	298	392	429	129	45	22	19
342	314	331	349	360	384	382	382	510	335	333	455	551	585	575	431	319	56	69	168	389	514	261	546	184	82	21	17
346	335	334	355	393	420	425	388	422	354	295	346	364	371	409	463	340	213	74	84	291	464	265	530	227	109	33	22
340	339	337	358	385	409	397	370	326	400	383	356	375	361	358	464	525	154	11	75	370	394	274	487	345	120	54	20
338	336	342	373	405	425	403	421	372	472	451	351	352	322	302	376	486	187	6	40	271	277	368	392	474	159	76	19
326	322	345	377	407	400	417	446	459	457	362	318	321	318	331	336	376	305	14	22	78	225	234	260	583	189	88	25
321	316	331	368	398	407	408	450	488	396	339	369	388	388	402	368	374	431	48	14	62	224	156	239	616	207	111	32
306	315	334	376	399	410	420	441	475	397	308	356	376	330	297	286	324	400	115	11	37	165	193	185	526	330	128	49
297	313	333	390	408	413	411	382	435	408	301	281	275	269	274	285	295	422	229	5	37	97	242	176	480	415	108	40
293	327	359	405	414	429	395	446	419	404	291	278	291	297	288	301	316	404	280	0	54	51	200	154	534	324	105	40
301	342	363	397	436	407	461	411	384	321	289	291	300	283	291	345	379	391	370	58	65	27	130	126	532	266	83	22
309	344	370	395	431	416	471	372	353	329	291	296	303	322	349	368	382	378	423	239	53	24	85	173	538	184	41	16
322	337	362	388	421	454	401	376	396	376	330	353	348	378	357	345	365	385	485	409	59	29	55	163	540	180	32	16
304	314	326	354	387	423	390	419	446	427	355	356	325	349	357	377	390	402	448	405	162	40	32	120	528	239	31	17
291	277	282	320	355	384	416	469	496	445	341	327	346	376	399	434	446	411	482	478	220	46	28	100	506	292	37	20
284	242	253	279	300	358	458	506	518	457	369	367	381	397	421	425	439	479	520	511	222	44	22	100	481	318	43	19
280	243	255	263	268	329	471	532	529	475	407	411	440	453	456	423	432	501	495	473	257	30	15	92	452	351	39	13
286	272	266	279	264	292	443	542	526	479	431	441	464	464	475	469	469	473	416	413	295	34	14	84	443	354	57	14
338	306	304	320	276	272	372	521	511	471	434	435	444	446	458	454	427	408	383	394	303	34	38	111	466	328	69	18
382	355	360	397	312	278	315	452	489	464	450	428	400	391	386	379	368	369	376	393	276	11	51	119	512	332	66	22
413	427	439	436	310	293	296	366	410	384	368	349	333	330	335	335	350	382	384	386	196	1	45	149	590	296	67	24
452	463	455	384	307	295	307	338	359	319	297	308	310	305	316	330	337	351	358	360	105	5	64	250	606	211	60	25
432	428	442	390	318	307	298	311	332	310	300	311	313	310	322	341	343	320	350	356	44	28	80	366	532	130	48	20
410	450	450	400	364	296	278	303	318	296	288	293	307	328	345	364	341	306	400	290	14	42	109	516	392	80	35	16
382	456	449	458	390	256	274	303	306	288	285	317	344	339	321	334	338	334	408	138	17	57	205	601	255	62	24	15
329	406	467	501	335	252	287	305	306	314	340	353	353	363	380	374	343	370	320	29	29	79	415	521	135	44	19	15
299	343	481	493	271	264	295	307	336	354	373	376	357	345	362	374	362	427	153	10	42	203	625	299	45	18	18	14
291	346	369	405	385	387	397	338	303	293	293	289	287	481	733	509	92	29	119	201	286	436	472	142	75	24	27	21
296	313	325	334	353	361	389	348	305	299	283	308	357	608	482	66	223	62	148	177	349	260	547	308	96	39	30	22
315	319	359	357	358	364	375	370	326	296	330	381	413	480	616	595	582	63	43	141	325	344	448	501	152	54	21	18
327	313	348	391	415	431	410	327	297	272	288	324	314	292	366	672	603	163	28	102	302	539	354	480	162	76	25	20
322	317	329	377	373	393	377	355	345	310	274	282	297	309	321	563	568	196	50	41	261	499	281	582	224	101	31	24
318	315	319	376	399	394	382	401	411	355	280	293	308	312	333	514	589	181	60	20	318	382	242	534	310	118	47	22
317	319	337	385	385	376	379	397	415	319	298	313	346	364	374	401	448	231	49	37	104	249	296	377	449	124	65	19
317	317	313	349	363	377	386	491	430	311	362	489	530	422	348	307	337	276	54	52	30	176	321	235	545	199	108	23
308	312	322	345	368	394	415	487	450	342	320	471	463	355	311	299	316	359	109	56	24	173	297	117	542	358	126	43
309	312	321	344	384	394	446	418	445	445	336	304	298	291	303	290	299	401	158	44	62	82	254	167	509	449	116	49
308	316	338	365	391	406	431	385	523	533	346	307	310	327	332	320	346	476	209	16	124	38	182	133	516	397	131	57
320	344	360	386	413	426	430	414	569	405	321	307	341	360	369	362	377	414	311	17	201	22	149	125	526	342	121	40
327	357	363	393	413	415	460	382	367	341	313	350	345	353	357	331	288	325	370	38	217	45	108	143	549	271	86	24
334	370	373	402	422	471	466	369	316	289	345	357	328	318	313	283	265	308	375	116	150	89	64	167	529	223	57	17
342	388	376	403	424	452	376	313	287	327	354	318	316	297	271	283	293	314	433	195	90	124	35	169	523	215	42	16
315	338	357	378	429	389	308	292	324	334	306	320	306	288	308	337	360	344	429	263	69	143	25	149	547	234	45	20
305	300	312	343	355	316	300	320	341	332	286	285	287	311	344	345	366	348	383	377	75	140	21	124	550	259	49	18
313	291	285	299	301	302	321	341	336	316	293	290	302	311	317	315	337	387	466	444	82	112	18	112	541	263	44	11
334	314	282	286	291	316	340	339	326	306	293	295	297	303	326	373	409	414	403	384	78	96	21	118	548	244	50	15
343	312	283	276	292	310	328	318	312	298	306	338	354	375	397	385	351	341	368	360	85	51	37	149	583	190	44	15
369	358	320	281	284	297	318	327	307	293	336	355	342	335	325	323	341	366	396	370	84	15	49	203	598	153	30	16
455	486	368	273	265	289	324	335	319	291	304	328	332	333	346	358	390	416	436	362	45	9	44	312	562	94	28	15
596	593	460	320	269	300	369	365	324	296	307	346	349	353	379	396	408	429	435	278	26	15	69	448	437	57	22	16
622	594	550	373	288	320	355	340	314	301	337	376	388	373	368	399	423	387	392	218	5	23	120	559	282	48	13	14
609	653	594	364	276	300	314	314	307	307	328	364	394	394	409	456	422	364	431	117	10	37	233	581	154	31	13	13
567	700	621	358	265	297	311	306	296	296	289	285	300	309	320	360	382	376	367	55	20	62	416	447	81	25	16	14
412	611	628	358	266	299	311	314	330	335	318	295	297	305	302	307	323	402	264	16	22	162	554	242	50	16	17	17
317	466	588	333	272	303	308	317	331	347	372	353	344	321	323	338	364	414	106	6	45	389	492	109	25	14	18	14
281	342	423	394	370	305	267	255	250	259	264	284	300	308	615	509	96	7	134	280	261	561	281	107	52	19	22	17
273	307	339	377	382	331	288	275	283	314	365	399	421	464	606	121	203	88	107	161	235	326	539	201	90	27	23	12
280	318	361	370	351	300	286	282	293	329	370	337	305	385	634	602	637	149	27	108	236	171	648	353	95	29	25	13
285	311	377	405	411	336	318	280	261	263	271	285	330	341	464	571	660	222	27	126	255	375	556	370	115	39	23	15
296	299	348	386	386	338	294	275	260	279	289	330	355	343	355	472	601	217	83	42	211	299	415	502	160	80	19	17
296	299	320	359	407	380	322	317	315	282	268	276	283	276	302	451	588	206	144	25	313	298	249	551	214	112	29	22
311	306	308	339	421	417	361	390	384	276	268	265	273	304	333	393	442	247	110	52	171	261	206	513	324	119	55	20
319	312	302	336	344	361	369	409	363	284	270	332	350	355	338	288	311	299	57	110	35	255	346	352	484	161	92	21
305	309	310	346	345	360	386	442	335	277	285	316	300	297	299	286	307	342	57	126	23	196	361	232	593	262	116	44
313	306	311	344	406	428	538	429	304	280	281	294	309	312	339	316	312	364	127	85	45	140	287	153	571	436	129	65
314	303	313	355	381	406	393	310	327	334	365	350	358	368	370	310	294	359	230	21	70	66	229	136	566	485	144	76
323	326	323	363	374	386	394	400	578	457	376	356	382	422	421	359	344	408	354	4	115	49	207	136	631	447	135	61
328	329	318	355	375	392	426	352	458	412	390	360	294	366	444	445	399	479	411	0	168	38	176	133	613	451	131	46
324	341	347	375	388	410	437	413	342	346	343	308	316	400	459	384	347	446	365	0	193	50	125	160	653	358	98	35
335	363	383	404	397	436	415	362	346	323	333	340	474	483	385	356	321	378	326	0	192	88	89	278	657	220	53	15
346	365	412	330	385	395	337	347	339	367	368	526	480	367	314	300	282	316	331	16	199	130	55	306	638	166	38	14
331	343	411	368	356	340	346	373	382	425	336	359	316	309	295	287	277	316	351	79	176	142	46	291	608	169	36	12
319	316	348	356	321	361	394	403	398	401	375	337	319	295	281	288	315	350	400	154	130	146	29	287	621	143	31	12
340	304	317	329	360	380	452	425	399	381	357	322	285	286	298	326	330	351	407	170	120	119	22	306	587	130	30	16
332	311	307	322	378	395	424	393	376	357	313	289	280	297	321	323	324	344	394	207	99	87	54	318	553	121	33	9
368	302	298	310	344	376	384	373	358	317	292	289	299	314	325	331	335	346	401	265	81	51	50	391	510	96	20	14
540	319	293	299	316	323	327	330	329	314	294	291	292	296	310	306	308	307	365	267	68	19	66	531	386	63	20	14
578	446	405	318	306	317	319	322	315	293	276	272	274	277	279	282	291	312	385	211	51	8	129	596	249	57	16	17
591	554	490	353	305	328	322	316	302	304	349	354	381	352	334	340	342	360	449	123	36	17	259	584	153	32	13	12
620	511	438	337	310	334	314	301	305	329	352	381	435	368	386	424	492	580	460	34	29	48	463	455	84	24	14	11
616	472	370	316	314	317	303	299	300	318	330	328	353	362	363	363	415	484	303	28	23	134	606	269	57	16	13	13
416	375	331	330	324	303	293	305	343	371	359	330	358	387	365	346	360	445	159	20	19	354	576	126	34	13	12	14
298	319	318	313	307	309	332	344	327	358	404	364	370	349	386	422	443	375	30	20	93	596	355	71	19	19	15	12
283	291	283	276	261	262	262	272	278	280	287	313	375	531	657	402	87	21	123	232	419	508	166	83	28	25	22	16
276	290	298	276	255	263	273	302	356	391	411	430	470	626	571	118	248	65	98	191	248	586	340	107	53	26	23	15
264	277	290	277	269	271	299	347	392	376	327	297	302	579	756	675	574	129	40	87	119	265	634	217	83	20	22	12
270	282	292	306	291	274	268	274	275	260	259	309	360	439	359	378	560	234	21	128	197	295	650	256	108	28	24	18
278	290	299	299	280	256	261	259	267	281	338	370	347	291	259	272	382	265	27	82	196	242	549	352	149	50	25	20
264	278	303	320	295	283	281	270	276	311	342	305	264	252	280	303	355	250	52	45	309	216	400	458	166	81	15	22
298	293	310	318	324	320	292	272	264	269	262	249	255	282	297	287	322	258	53	36	220	221	253	567	206	108	30	21
288	288	305	330	352	373	360	314	275	265	272	265	275	288	271	266	317	306	37	47	79	211	164	589	346	127	60	17
298	292	301	318	338	374	356	312	284	261	272	266	274	275	291	326	389	418	36	65	38	166	192	435	521	170	99	29
305	296	314	359	366	362	316	284	265	265	265	267	267	266	282	355	332	382	114	55	23	161	263	216	628	310	126	50
308	290	308	360	364	366	314	331	325	331	341	309	289	268	254	292	265	341	172	48	23	124	279	252	664	351	140	66
314	301	328	358	385	416	340	364	380	360	332	313	311	315	297	273	295	377	209	58	35	69	248	225	726	433	130	71
327	313	314	337	343	358	372	328	315	296	294	309	307	294	310	308	312	411	232	24	55	40	224	191	681	467	151	78
327	309	318	377	377	451	384	320	310	340	355	322	291	310	315	299	304	413	257	20	87	30	156	150	690	432	146	74
322	318	334	372	371	378	351	364	440	398	383	311	355	403	435	381	365	555	250	15	132	24	139	278	683	296	110	34
323	334	345	368	410	360	334	390	390	352	341	337	352	353	363	369	377	475	296	17	175	22	133	397	625	194	66	17
340	347	388	301	396	428	397	469	417	372	336	341	342	354	356	350	343	427	284	23	183	32	136	474	545	127	38	18
367	364	397	380	343	450	443	401	382	361	376	476	418	414	365	361	346	439	379	24	173	29	91	508	485	102	24	13
353	347	343	349	389	345	385	369	378	395	427	438	386	346	343	344	352	454	419	65	171	19	86	536	416	83	20	14
316	339	341	329	371	341	343	370	411	423	378	329	325	405	429	416	396	510	427	87	177	17	100	532	358	70	15	16
288	305	331	340	341	357	376	377	411	368	343	355	396	441	415	398	374	405	389	114	145	11	127	572	284	59	9	11
362	353	339	336	341	334	335	349	345	342	354	368	357	329	326	317	319	344	347	103	93	0	226	623	174	41	15	14
547	496	390	337	331	323	313	319	320	318	315	311	306	294	296	299	304	344	360	79	36	13	369	566	108	32	14	16
548	526	418	356	331	317	304	295	278	267	273	281	285	291	302	311	318	367	327	52	26	40	519	453	77	14	13	14
447	455	416	368	338	314	299	290	282	280	278	282	284	278	292	298	319	408	214	63	10	128	640	284	52	12	16	14
372	370	360	343	324	303	284	277	292	308	313	302	307	289	291	304	335	409	123	78	1	327	604	143	33	14	15	16
327	338	339	343	316	295	290	284	295	316	315	306	320	323	333	320	342	310	94	30	57	551	415	86	18	19	13	11
334	349	341	329	292	296	341	318	286	294	310	310	320	329	353	376	383	168	48	7	223	627	229	56	13	13	11	10
258	272	275	261	261	283	309	340	358	338	331	333	320	558	739	350	7	25	114	292	638	265	110	48	19	18	22	16
261	271	281	269	269	276	302	324	310	310	321	338	421	622	372	43	182	25	124	245	543	537	124	87	26	21	13	18
266	277	279	269	279	280	311	318	318	337	352	360	522	764	639	540	440	56	46	115	303	556	312	109	36	26	17	14
270	271	275	272	269	262	284	312	347	352	332	324	490	614	444	465	547	130	27	102	82	456	576	210	75	17	16	14
278	275	279	268	258	264	255	257	263	274	301	346	484	351	256	281	470	215	4	106	167	395	578	196	96	29	22	18
283	283	286	277	260	261	277	304	340	364	388	400	329	270	261	277	396	283	2	75	214	246	621	263	114	36	21	16
285	287	284	277	257	260	266	299	331	335	318	283	263	265	273	268	414	297	2	40	163	193	561	379	141	61	26	16
291	289	291	282	264	264	271	270	271	279	277	268	268	268	324	392	467	312	1	21	109	162	417	535	183	99	30	19
295	292	297	282	264	265	265	269	279	282	279	281	274	316	441	314	286	308	31	29	66	166	254	598	278	130	54	25
299	304	304	292	273	263	271	272	276	277	284	285	312	425	361	278	278	325	55	50	40	149	181	510	431	159	79	23
314	319	313	290	282	282	272	262	259	257	264	270	289	310	280	276	287	341	73	35	18	186	164	478	557	174	97	30
321	323	318	299	295	312	301	299	277	264	257	258	262	270	283	297	304	368	81	29	18	119	156	440	640	224	110	42
330	329	308	304	303	299	291	277	267	268	268	275	271	259	283	291	307	371	89	49	23	105	178	429	692	257	108	53
331	322	309	308	318	323	309	278	273	275	273	265	265	271	278	268	303	365	143	58	26	76	148	319	702	324	146	61
324	320	318	311	315	315	311	309	332	333	314	303	311	325	375	348	325	438	155	59	46	62	129	318	773	372	122	46
330	337	321	315	319	314	308	311	306	305	317	324	323	313	335	379	418	528	169	76	76	52	155	501	674	253	87	26
339	332	317	298	296	311	308	311	297	286	285	288	283	280	288	286	297	443	203	103	97	48	163	613	589	178	68	23
350	348	327	316	314	358	348	342	317	307	306	322	306	280	289	313	338	495	258	107	90	51	181	676	466	125	44	15
364	355	336	333	319	324	317	314	330	346	365	393	347	299	321	345	368	557	289	129	86	48	212	689	326	100	30	14
357	372	357	333	331	320	317	340	384	386	371	356	358	318	308	311	320	455	289	161	83	51	240	650	256	76	17	12
355	374	376	358	335	337	336	349	355	357	359	354	343	342	324	320	323	412	294	138	65	40	325	616	172	51	11	16
384	364	380	368	343	329	320	336	374	422	400	388	398	442	457	414	409	470	266	108	36	39	458	511	121	39	15	15
436	390	396	375	345	324	308	305	357	393	380	385	403	417	460	394	351	424	228	102	17	94	577	410	80	23	15	16
450	416	384	360	339	322	302	284	283	291	301	330	367	356	373	357	304	382	190	70	20	178	648	299	50	18	16	16
404	383	368	350	330	312	310	288	284	284	276	281	303	325	380	363	320	363	121	34	18	333	608	175	43	12	17	16
355	350	346	337	325	305	296	295	306	342	319	297	289	282	303	325	362	292	90	28	49	548	460	104	29	13	14	15
347	337	334	314	303	298	290	285	294	370	410	362	340	316	310	326	368	162	73	7	166	650	298	78	16	13	14	15
346	344	326	310	298	286	293	291	287	308	391	463	416	358	347	358	281	63	28	19	382	597	190	53	10	12	16	15
268	271	273	269	265	260	253	250	262	264	272	279	327	683	647	106	0	15	201	600	396	164	65	17	14	18	14	16
270	264	257	253	254	258	276	305	315	335	379	394	440	587	152	132	70	9	130	470	593	260	120	40	20	24	14	12
265	262	263	261	259	284	331	344	346	370	444	549	637	675	483	528	234	16	70	249	545	420	161	65	24	26	15	11
262	265	271	266	301	371	386	377	347	336	412	548	630	540	457	601	388	58	39	60	326	595	305	141	24	13	14	12
270	279	294	280	338	372	327	320	312	310	342	455	445	295	259	360	425	103	24	107	279	591	327	148	47	21	21	16
274	288	303	277	281	312	340	360	381	389	405	365	291	266	268	325	427	145	9	100	224	580	432	176	75	20	23	17
277	289	291	289	275	282	299	323	334	312	300	275	264	268	275	314	517	158	15	71	148	447	537	225	109	21	23	14
281	286	292	284	268	274	274	267	266	273	268	265	260	281	353	452	572	142	47	30	145	312	598	295	139	42	21	18
284	282	293	291	278	280	274	278	278	276	267	270	338	420	428	305	377	172	70	12	94	219	603	385	170	64	20	20
288	292	299	296	284	281	285	284	301	309	338	404	424	373	296	249	360	227	61	18	78	159	546	461	210	98	27	19
307	311	310	296	283	288	283	300	334	398	401	341	291	285	276	291	424	265	66	24	42	164	375	539	277	132	37	16
306	307	311	298	289	285	277	275	261	265	277	285	284	281	319	419	535	256	97	34	38	171	271	602	329	155	55	17
319	318	304	289	278	268	271	269	268	286	292	284	281	316	353	475	602	287	97	70	31	134	299	645	374	164	72	26
317	313	297	282	272	269	269	268	284	285	283	281	290	316	336	415	523	402	112	82	19	110	247	683	465	177	94	23
320	306	300	299	280	274	272	277	280	273	268	267	301	319	334	382	440	401	152	84	13	95	273	589	518	213	94	19
328	314	308	301	291	294	284	279	270	256	253	266	311	319	354	394	457	406	135	117	14	78	274	548	573	243	79	17
327	319	313	310	298	292	279	271	265	260	256	270	318	362	390	361	372	398	126	149	16	93	261	703	490	180	72	20
338	339	324	315	300	297	274	262	260	255	263	277	299	356	377	338	336	402	155	123	25	87	272	772	430	136	58	15
363	353	337	332	304	295	278	272	268	266	265	277	280	287	311	309	324	424	188	128	29	113	349	754	308	128	38	13
376	377	355	332	311	298	283	279	281	281	278	278	299	302	293	294	318	380	202	152	36	118	420	661	236	107	21	13
404	408	367	332	306	293	281	283	284	298	332	366	402	459	432	337	298	353	191	135	35	108	512	571	186	83	11	17
420	403	372	333	312	297	294	293	314	338	367	389	387	417	473	468	461	488	138	110	26	136	633	475	146	52	13	18
408	379	355	329	309	301	309	318	313	312	316	342	341	340	346	341	446	498	136	89	21	219	697	370	116	31	13	14
389	364	343	319	306	293	298	299	302	311	299	294	306	301	312	326	386	292	114	49	34	357	676	260	93	18	11	17
381	352	347	322	306	297	303	298	318	360	351	316	295	290	315	337	404	243	106	22	74	521	561	188	71	9	15	18
382	336	341	345	326	315	313	309	313	361	393	478	353	309	298	356	430	183	101	21	162	641	436	136	42	10	15	17
373	335	323	341	361	341	322	313	306	315	359	447	441	390	351	413	290	120	54	35	344	655	297	108	21	12	12	14
344	331	316	318	336	359	325	301	304	303	304	319	341	363	431	474	143	81	11	101	571	552	186	75	9	11	12	12
253	266	285	284	301	315	339	326	303	291	271	423	705	585	182	8	0	190	497	380	187	66	30	16	17	14	11	12
259	261	256	257	246	251	261	273	283	311	333	485	638	324	43	99	41	117	441	484	271	119	49	19	20	18	12	12
286	289	283	264	260	267	285	318	377	433	496	671	689	412	403	339	90	36	286	503	383	181	61	28	18	19	15	13
309	297	264	263	272	306	364	405	368	345	422	527	590	600	646	475	146	1	67	397	492	319	118	43	18	14	15	13
290	291	283	286	316	388	456	354	278	271	330	393	346	332	456	436	194	36	79	346	467	350	169	54	19	16	17	16
276	273	283	281	294	338	338	305	300	303	351	405	342	311	409	459	219	53	18	245	531	417	217	84	31	20	17	16
277	271	283	280	272	273	276	293	305	307	375	382	316	284	357	493	287	77	4	133	459	472	275	122	42	17	18	13
293	275	271	272	264	269	281	282	282	279	286	285	280	276	380	598	311	101	15	63	362	512	345	152	56	22	15	15
292	285	280	278	281	281	280	272	277	275	276	281	329	417	488	520	286	124	33	37	257	515	442	195	74	25	14	16
287	285	293	291	292	291	278	285	305	346	395	432	427	339	254	308	321	168	69	12	170	510	490	254	97	37	16	15
297	300	304	304	308	304	330	408	498	526	452	332	251	240	269	361	336	200	117	1	100	453	504	296	132	53	19	14
310	306	311	305	296	277	289	304	376	407	312	275	270	308	370	486	384	193	158	10	52	288	476	390	173	70	24	14
319	310	302	291	271	272	302	329	388	361	282	280	317	346	407	578	492	192	189	16	61	137	516	513	201	89	31	16
318	310	301	310	312	333	350	342	307	275	286	324	356	393	449	662	431	211	224	27	101	153	605	563	233	96	39	19
319	302	288	293	314	332	310	293	276	293	355	363	366	342	399	499	348	221	258	48	51	177	618	566	265	119	38	19
322	309	298	281	283	288	293	293	302	369	398	336	307	284	298	390	448	232	249	73	29	165	594	541	325	144	35	18
322	320	303	291	300	301	300	307	292	334	372	320	279	291	308	321	345	241	230	89	37	161	525	556	366	137	34	20
335	321	314	318	316	305	308	324	342	377	389	303	262	284	296	320	388	269	217	80	42	158	484	654	317	141	36	18
347	330	329	325	299	300	318	277	279	301	329	290	278	288	325	369	452	321	199	69	42	138	533	657	264	138	31	21
359	339	326	326	322	337	386	301	252	254	271	286	286	283	266	284	343	319	214	64	38	143	613	598	227	113	16	17
382	355	331	331	359	369	395	353	265	268	286	316	339	357	370	353	401	322	194	54	37	210	686	513	188	86	14	19
392	371	319	304	297	296	313	328	291	281	307	332	331	362	408	410	480	342	168	40	45	307	708	440	160	59	14	17
378	353	318	304	319	317	307	311	303	279	301	321	305	283	275	301	386	331	212	26	53	434	694	351	135	32	14	15
341	338	342	345	366	398	319	307	325	402	397	386	348	303	287	342	404	243	194	6	97	573	606	253	111	16	14	20
403	421	386	373	395	415	314	302	316	362	417	450	441	397	433	526	285	206	126	0	188	647	484	202	81	8	14	17
368	376	389	401	363	336	318	310	308	316	338	440	506	519	541	372	242	207	43	5	361	659	380	163	44	11	12	16
359	348	342	359	377	342	347	362	342	324	307	330	360	443	555	342	235	131	7	129	598	635	259	123	22	17	15	12
343	337	320	346	394	426	394	406	434	389	322	290	290	366	458	270	224	45	14	377	698	429	193	91	6	14	14	13
257	243	295	280	292	313	317	324	309	356	542	653	499	201	0	20	275	420	363	163	56	25	18	13	14	10	9	11
263	279	276	308	311	278	257	269	274	283	425	700	523	125	58	10	180	438	431	273	83	37	20	17	16	12	11	12
361	389	352	318	282	256	265	323	385	449	589	592	271	215	313	99	84	373	477	360	172	48	24	17	16	16	14	10
355	451	396	256	259	314	425	485	475	456	516	625	610	621	467	161	11	222	377	458	295	93	30	12	17	13	14	12
282	367	367	277	285	324	373	333	307	290	305	404	602	597	424	225	15	40	355	485	340	145	49	16	17	15	12	12
307	327	284	264	270	286	290	278	281	275	278	327	551	614	422	269	59	10	222	449	422	210	64	26	16	16	12	11
329	315	258	261	266	274	284	287	298	282	313	357	534	611	437	287	106	0	146	421	447	281	98	39	16	17	15	14
324	353	323	326	312	306	308	321	300	272	294	314	360	526	519	322	156	13	59	355	481	344	144	56	18	18	14	15
291	312	319	308	302	290	285	286	281	257	262	273	280	466	537	308	212	50	15	294	498	405	209	70	22	18	14	14
287	281	288	291	288	289	282	281	283	299	324	362	413	478	393	243	247	99	4	194	482	477	269	101	36	19	16	13
295	295	296	301	305	303	306	339	392	405	396	419	463	401	350	300	272	173	23	95	431	514	341	146	46	18	15	13
310	311	288	287	314	327	312	295	330	348	377	475	468	441	425	349	287	220	47	29	341	490	381	218	80	20	18	15
319	309	318	401	427	383	324	302	351	433	524	463	345	372	410	385	304	251	77	3	223	466	509	282	116	31	20	17
311	311	358	392	388	398	429	462	482	460	369	289	291	326	384	453	258	274	125	0	215	459	614	315	133	36	19	19
311	303	299	299	299	313	319	328	325	316	327	324	306	314	428	393	227	298	155	8	155	483	654	351	151	45	18	18
321	305	292	305	312	282	280	285	299	338	357	332	316	391	496	313	329	291	181	1	157	477	601	374	176	50	17	15
323	321	289	293	334	299	281	296	304	320	339	338	406	469	395	295	288	299	202	0	158	448	593	355	213	56	16	19
326	311	300	308	308	299	322	367	444	441	427	440	405	320	320	319	346	320	195	2	128	416	618	421	188	68	19	20
326	314	310	309	306	301	353	402	442	443	411	376	295	275	346	427	352	319	195	0	99	445	592	418	195	67	22	20
342	316	296	313	328	331	359	436	440	326	274	285	285	309	377	399	285	313	197	0	96	471	614	366	188	57	15	16
358	322	340	403	416	387	381	456	560	432	327	279	279	322	409	403	325	319	173	0	104	513	637	341	172	38	16	19
370	338	381	396	344	360	406	498	518	433	339	305	291	346	442	405	345	315	155	0	144	599	584	303	142	27	15	14
379	351	341	418	343	310	302	305	322	309	307	316	306	314	377	365	279	281	150	0	228	641	515	272	115	15	13	14
350	347	328	396	431	403	330	300	298	339	361	360	331	311	345	355	306	257	105	9	330	640	426	228	87	11	14	17
405	425	366	353	392	498	469	321	323	393	491	495	475	487	487	377	269	232	39	41	450	613	345	187	53	11	13	16
409	465	438	424	403	511	479	316	320	363	390	462	576	534	378	263	293	181	0	169	585	568	275	151	22	12	14	15
405	422	429	448	494	500	369	344	342	330	298	310	418	505	322	247	309	72	0	414	652	498	204	103	12	18	17	13
403	446	387	348	394	529	449	392	414	394	365	381	414	295	239	298	208	0	176	626	598	301	193	56	8	15	14	13
306	252	311	326	361	468	316	326	459	525	511	396	111	0	111	329	393	327	121	54	12	18	14	11	12	10	11	11
284	282	285	315	405	397	274	292	391	562	587	504	194	18	77	239	364	404	211	84	31	11	17	19	15	12	12	12
479	497	448	413	346	258	276	348	491	514	411	258	111	131	119	170	352	449	343	125	51	15	17	17	15	12	12	11
395	476	552	458	265	294	421	540	583	545	534	583	501	392	158	95	288	411	392	243	76	22	10	16	13	13	13	11
266	330	459	400	259	277	333	332	315	309	391	592	661	465	208	62	196	320	430	322	120	49	5	16	16	13	11	10
298	377	391	273	238	245	259	272	279	302	406	481	590	479	266	38	107	320	412	371	172	77	14	11	14	12	11	10
355	446	410	345	322	324	327	332	373	442	443	462	596	504	306	51	84	266	404	427	242	94	31	9	15	14	13	13
324	423	502	475	466	446	403	394	454	404	337	384	455	464	384	97	68	204	370	450	333	122	48	13	12	16	14	13
277	302	307	303	301	303	300	306	373	408	310	313	307	345	366	148	79	150	321	446	406	172	68	17	11	17	16	14
287	279	276	273	275	282	286	279	276	312	305	328	370	363	333	243	95	96	265	418	451	236	95	32	14	15	15	14
291	292	284	291	300	279	271	265	265	277	321	400	520	393	291	320	163	79	156	331	463	318	131	63	13	14	13	13
299	307	289	305	358	361	331	301	313	329	420	567	565	372	313	339	235	95	101	297	444	401	180	90	27	12	18	17
307	298	304	370	413	440	489	497	444	437	520	536	452	331	270	316	262	123	81	311	416	463	284	103	50	11	18	18
294	285	322	345	345	380	427	489	443	421	348	293	315	258	254	339	269	170	48	260	476	482	330	131	62	11	19	18
306	296	292	288	288	318	361	428	350	297	281	296	349	281	318	314	264	213	17	244	480	543	388	156	69	16	16	14
316	301	287	307	319	325	368	346	283	272	277	291	376	457	452	277	324	226	35	170	396	557	382	180	74	16	14	12
315	301	283	289	324	346	332	285	288	290	337	335	499	544	294	291	363	257	46	141	374	582	418	184	70	14	14	14
331	315	294	309	339	330	310	332	388	419	487	584	571	373	305	341	379	267	50	104	387	573	456	206	69	16	15	16
311	328	334	322	309	299	327	377	405	452	543	603	471	380	338	397	362	266	62	89	415	547	406	214	80	17	18	15
322	307	289	292	309	313	322	421	496	471	499	478	423	375	373	411	345	267	56	90	407	582	404	184	83	18	18	15
353	311	313	349	342	343	327	400	588	650	543	462	369	353	384	396	337	259	45	84	430	592	399	182	84	13	17	16
371	330	358	400	412	470	460	486	590	661	525	411	341	365	425	385	339	251	36	99	457	604	352	164	65	10	15	12
380	367	364	472	496	475	485	487	514	496	410	344	348	370	407	352	329	197	11	128	513	549	310	151	52	13	14	13
369	358	338	392	526	511	400	358	344	337	338	345	349	346	333	376	316	149	0	212	521	481	276	134	37	12	16	13
365	382	349	328	399	607	571	345	315	355	415	449	484	448	391	338	300	102	3	339	604	437	226	105	23	14	13	13
408	459	426	367	359	556	711	402	342	391	507	554	461	368	274	321	266	44	95	489	618	390	192	79	15	15	15	13
407	437	499	503	472	573	583	440	337	366	443	342	349	401	276	294	173	6	257	654	526	320	151	46	12	17	15	12
416	456	465	561	581	634	561	501	439	414	397	374	353	291	276	263	47	113	502	637	389	221	119	18	13	15	14	11
476	418	412	445	565	667	470	375	413	381	165	8	74	176	326	450	227	80	34	11	14	13	10	12	13	11	12	11
452	439	415	418	529	547	472	468	468	530	374	91	31	145	253	422	326	120	57	21	13	17	12	15	16	14	13	12
578	577	542	533	489	381	354	381	443	382	188	49	130	148	180	368	428	206	87	33	11	15	14	14	12	11	12	12
386	384	509	611	472	406	463	531	514	463	425	339	211	120	174	313	450	309	134	57	17	12	12	14	11	11	13	10
275	255	398	506	432	382	469	491	463	455	479	519	325	84	175	276	401	429	228	84	25	10	15	14	12	10	11	10
287	346	432	409	401	345	338	362	407	472	514	494	349	97	173	186	334	480	327	127	54	12	18	13	11	12	12	13
328	440	483	509	537	510	489	485	540	630	529	437	366	137	105	158	311	483	407	183	82	20	13	14	13	12	12	11
300	385	527	539	524	504	477	494	649	622	417	358	376	228	91	172	250	443	475	259	103	41	8	13	11	13	11	11
279	320	328	288	279	290	296	309	449	622	457	315	339	238	105	176	192	384	482	314	127	58	13	13	13	13	14	13
285	290	285	261	263	278	291	283	300	407	398	288	292	230	142	189	161	308	466	372	157	71	22	11	12	9	12	13
285	290	284	294	318	348	330	295	299	341	332	281	328	316	181	217	156	230	371	373	200	102	36	10	14	11	11	12
292	299	304	324	368	385	402	415	420	458	412	370	403	287	219	249	165	194	342	420	259	132	58	11	13	14	13	15
321	301	288	275	282	358	493	585	639	563	431	370	401	309	242	248	182	161	343	488	369	158	73	21	14	12	13	15
319	320	300	278	276	309	338	389	445	355	315	299	309	302	311	295	189	132	286	477	480	211	84	36	12	13	16	14
300	294	293	287	288	312	338	445	396	285	280	281	360	306	331	298	172	105	257	481	519	284	119	54	13	18	12	11
306	300	291	287	291	317	376	426	299	274	297	308	346	383	335	287	209	95	245	450	476	313	152	61	12	16	12	10
326	295	284	279	282	351	428	342	267	293	358	357	412	410	225	306	265	108	191	397	425	384	166	62	8	14	12	11
452	376	342	350	398	422	345	274	285	351	454	554	460	311	330	367	270	98	139	376	481	405	169	66	11	14	13	13
308	337	367	356	331	323	297	284	291	368	533	626	436	416	375	369	307	101	104	355	548	344	156	85	8	16	16	12
301	299	303	298	316	334	334	313	372	486	641	526	426	380	341	363	295	103	125	362	545	364	169	85	8	16	16	15
356	351	309	291	291	334	339	297	356	581	670	503	407	356	356	363	276	101	119	366	572	376	170	79	10	17	16	12
407	334	277	316	388	435	395	349	425	668	609	443	377	374	397	359	273	94	114	381	583	357	161	65	7	15	14	12
394	355	340	391	540	527	524	546	625	638	489	404	366	381	393	310	255	57	133	444	569	313	157	49	11	20	14	12
384	356	351	362	541	638	542	508	524	476	424	382	362	381	330	340	212	24	183	513	478	282	153	34	10	16	16	11
346	355	345	335	392	571	601	539	452	425	375	366	421	372	330	339	151	43	300	570	462	254	121	25	16	14	13	11
382	381	366	326	323	421	717	614	450	431	478	439	325	329	355	273	73	141	396	600	424	220	104	17	20	16	13	12
387	404	470	499	418	528	752	617	415	402	415	301	277	333	331	191	53	228	555	567	338	174	74	8	19	17	13	9
412	399	457	637	720	725	687	613	462	349	298	312	298	310	258	110	138	403	622	439	232	130	30	11	18	15	12	9
671	601	422	389	546	506	439	266	62	22	84	129	274	413	341	144	62	10	16	18	15	10	9	11	12	12	12	13
677	713	626	523	456	431	520	484	280	53	44	118	197	361	411	215	97	21	13	19	15	14	12	10	13	14	13	12
545	598	635	660	594	444	331	316	188	70	174	195	129	260	402	306	128	42	9	9	15	15	11	10	11	14	13	10
328	356	390	554	762	627	535	436	287	235	243	183	121	163	362	386	176	82	22	14	16	12	11	11	11	11	12	10
353	340	305	438	676	585	557	610	577	506	338	165	133	114	336	479	271	137	50	13	17	14	15	11	11	11	12	11
348	308	333	491	628	567	487	481	510	525	331	157	153	145	283	433	416	176	85	18	14	14	14	13	11	13	14	14
305	297	337	524	722	722	654	582	560	502	296	141	144	173	185	375	477	260	125	56	9	16	15	13	12	12	13	11
293	305	342	447	522	504	502	521	591	577	381	190	138	243	161	336	499	326	166	83	12	18	16	16	13	9	10	11
297	352	399	397	337	301	319	335	397	557	471	241	240	297	145	262	449	398	198	94	19	9	16	16	14	11	10	10
284	308	379	330	272	288	338	350	331	375	418	238	194	284	189	182	399	447	229	105	31	7	17	11	12	10	11	10
283	296	342	310	335	445	471	415	346	370	373	250	169	286	235	131	329	470	288	133	51	9	14	14	13	9	10	10
292	286	300	302	325	387	470	547	448	429	365	214	216	274	278	142	233	471	379	172	84	18	11	17	16	12	10	10
359	318	298	288	275	271	274	375	574	573	470	259	202	268	316	187	170	444	459	231	114	31	11	15	14	12	12	10
416	437	410	345	307	280	285	320	525	399	334	278	219	297	352	192	142	389	488	303	123	48	11	15	17	13	11	11
291	299	335	358	358	347	321	370	433	270	252	258	277	319	358	243	143	321	539	351	129	61	18	18	17	13	11	10
293	289	282	266	278	324	369	505	340	255	304	370	295	282	316	251	114	291	548	431	253	77	17	13	16	14	12	9
341	325	312	322	333	363	491	413	249	263	295	388	334	300	295	254	127	240	493	400	207	107	16	8	17	13	11	10
653	503	441	411	409	445	372	261	267	278	302	410	273	234	334	279	144	195	409	445	224	107	29	9	18	15	12	12
373	303	335	348	351	351	324	336	339	322	324	379	221	310	357	294	158	143	351	447	238	135	42	7	17	14	11	11
302	278	314	354	353	357	334	323	316	323	418	304	286	335	340	282	152	106	385	462	257	136	50	8	16	13	12	13
359	417	440	421	404	411	380	304	259	284	486	303	334	341	333	269	119	110	381	491	276	143	56	10	15	16	13	11
451	422	344	295	316	390	435	393	303	414	439	351	354	347	344	252	115	162	383	495	302	151	63	6	15	14	11	12
468	395	329	310	377	402	441	429	468	493	400	436	358	337	336	240	105	194	424	573	306	162	53	10	19	15	12	10
414	421	384	348	417	548	641	609	567	477	453	412	347	338	282	186	80	225	508	552	275	151	38	8	16	16	13	10
373	366	390	349	335	382	567	707	545	497	444	340	305	293	250	120	74	313	626	449	203	124	26	13	18	15	14	11
392	346	339	368	370	337	497	668	459	438	358	259	298	319	239	62	152	485	563	380	185	98	14	14	14	10	12	11
401	394	395	459	460	488	607	555	427	367	239	279	304	290	170	129	313	538	519	270	156	68	4	15	17	14	14	11
454	402	399	424	561	676	587	447	350	246	211	290	311	212	132	260	449	525	395	210	124	27	10	18	19	15	11	10
567	434	120	37	86	57	37	51	92	234	352	415	306	150	73	20	16	18	15	15	14	9	10	14	13	15	14	14
568	622	517	255	26	0	28	47	71	146	310	440	391	209	112	39	14	20	14	15	13	11	12	12	13	13	11	10
361	481	592	597	408	141	39	118	164	107	183	344	428	320	159	72	18	17	17	12	14	14	11	12	13	11	13	11
338	377	450	525	591	469	292	214	140	107	127	250	382	380	223	111	41	10	15	15	14	14	13	11	13	13	12	12
510	500	412	353	496	552	381	330	231	142	128	188	356	422	288	154	75	9	14	20	16	15	13	11	10	13	14	13
465	396	334	308	491	618	459	352	221	163	163	168	272	413	360	209	113	30	10	15	15	15	12	11	15	13	10	12
350	357	353	338	548	621	491	345	233	172	183	157	242	387	433	273	134	52	12	19	19	15	12	11	11	13	11	11
320	325	332	395	654	598	499	363	248	173	197	167	127	300	483	370	177	77	17	15	18	16	14	13	12	11	13	12
309	290	350	563	475	367	383	367	286	204	199	262	177	277	442	436	209	95	30	9	17	18	17	12	12	11	11	10
307	315	502	476	311	301	384	447	314	140	257	307	172	204	378	480	251	119	39	9	12	17	15	12	14	12	14	9
298	310	457	352	315	337	507	521	271	144	285	296	191	136	347	485	335	155	66	13	13	18	13	12	15	11	14	11
307	270	327	311	299	305	384	475	301	144	278	344	235	109	301	472	395	199	98	24	16	15	14	15	16	12	11	11
389	315	310	312	308	299	297	362	287	126	248	352	281	152	193	496	453	260	142	50	8	17	17	16	17	15	12	8
555	537	507	443	370	318	344	354	214	178	210	305	323	190	138	396	529	345	169	70	9	13	18	16	15	14	12	12
329	351	421	506	547	516	456	381	327	215	199	311	369	272	109	295	603	472	189	81	17	14	17	15	12	12	11	11
287	294	308	314	361	485	577	575	357	213	235	357	412	274	116	240	491	589	238	96	17	14	11	11	10	15	13	10
323	417	450	481	511	516	479	364	246	226	276	344	386	282	136	151	457	542	276	120	26	7	15	14	12	13	12	11
721	623	497	444	399	327	271	277	263	281	321	354	374	287	124	131	456	508	294	122	29	7	15	16	14	12	12	10
547	273	269	323	351	335	333	375	361	291	261	322	365	318	194	141	392	483	290	125	38	6	15	15	12	10	10	10
371	255	315	480	409	340	310	354	360	266	235	305	369	340	197	120	352	431	272	142	52	6	12	14	12	13	13	12
360	403	598	628	549	490	362	309	263	236	258	340	352	323	171	126	303	410	301	156	67	11	15	13	12	12	12	12
458	607	544	404	407	593	631	510	316	247	292	359	331	286	169	72	289	490	350	183	78	16	15	16	13	11	9	10
588	576	447	391	384	493	642	515	340	263	282	352	336	255	158	114	361	558	372	219	95	13	15	19	12	10	11	8
453	601	546	403	361	347	528	491	312	258	306	401	353	239	105	135	405	599	398	214	107	9	18	18	13	12	12	9
387	449	573	429	358	342	357	434	261	228	331	360	299	158	56	137	422	551	394	223	96	7	19	18	14	14	15	11
426	408	417	412	362	351	380	335	187	255	339	348	256	92	76	289	554	507	299	166	60	4	16	15	13	9	11	10
439	425	392	364	355	393	382	246	227	277	334	330	175	84	269	599	578	368	224	115	28	8	13	13	12	9	12	13
509	416	395	385	376	398	264	225	263	320	336	236	119	184	528	644	404	276	178	62	10	16	20	16	15	12	11	9
118	98	59	102	88	130	252	392	484	438	236	119	48	15	18	19	16	12	7	9	11	13	13	16	14	12	11	13
186	57	21	28	40	61	166	336	466	458	302	171	82	27	13	18	18	13	8	11	12	15	14	11	12	10	11	12
326	205	94	38	22	46	97	231	268	314	421	246	121	53	12	13	13	12	10	9	14	16	15	10	10	13	12	13
447	362	277	179	78	84	69	52	133	307	458	333	187	96	31	11	16	16	12	9	10	14	14	13	15	14	13	14
559	454	383	302	182	133	122	112	226	356	446	378	248	149	55	16	16	17	16	13	10	11	13	14	14	10	12	11
577	512	432	376	279	196	155	125	154	304	428	435	330	208	85	22	15	16	17	16	10	10	10	12	12	12	12	11
471	472	463	407	315	213	165	147	106	208	373	463	429	256	118	36	15	16	16	11	11	10	11	12	11	12	9	15
392	392	396	380	327	229	206	175	118	115	292	442	488	302	138	60	19	13	14	14	12	11	10	12	10	9	12	18
375	338	336	397	363	256	206	196	162	136	187	383	506	380	176	91	34	12	18	14	12	13	10	9	14	10	12	12
379	334	361	487	342	262	229	255	209	137	180	341	448	448	217	124	51	14	15	12	10	9	9	10	10	13	12	11
380	321	478	466	268	247	234	251	240	168	194	303	421	453	307	163	75	16	18	14	11	10	10	9	7	12	13	13
406	323	456	364	261	267	253	245	277	267	195	262	369	462	392	224	112	25	10	12	15	12	12	9	12	12	11	13
524	351	360	382	336	273	244	264	335	333	172	210	347	485	435	275	150	53	10	14	15	12	12	10	10	15	10	9
756	658	570	543	461	317	244	197	321	302	189	181	324	469	464	331	205	98	22	14	18	13	13	11	8	10	10	12
509	555	595	601	471	253	182	209	293	322	242	182	254	388	523	448	267	137	46	14	19	15	14	12	8	7	15	13
347	412	572	661	564	328	197	235	293	348	278	175	223	379	534	464	282	161	50	10	15	16	12	12	7	11	12	11
449	661	726	682	590	375	204	194	295	345	307	219	214	361	490	448	293	149	47	10	14	13	14	11	11	11	14	13
696	656	477	438	460	347	216	201	336	376	336	227	195	319	423	468	277	132	40	11	14	16	13	13	10	9	10	12
659	364	305	464	460	327	221	207	312	387	381	218	150	269	434	471	291	143	41	10	14	17	15	14	12	10	12	10
577	326	367	681	618	377	219	195	305	413	358	242	159	251	386	436	297	158	49	11	13	16	10	10	11	12	11	11
372	381	542	765	651	414	216	209	318	377	349	252	166	249	415	452	301	171	56	11	8	15	17	12	12	10	11	13
523	545	654	671	590	371	190	219	324	394	345	232	149	228	397	450	296	194	79	16	10	15	14	10	10	9	11	12
644	611	637	637	532	315	200	242	319	390	317	182	110	188	443	490	353	223	124	32	12	21	18	13	10	9	13	10
482	671	735	669	474	263	186	294	386	369	256	169	110	257	512	542	401	234	141	46	13	22	14	13	12	12	12	8
427	619	653	589	365	226	237	310	342	328	245	154	117	230	473	580	411	254	150	40	10	18	13	12	12	11	13	8
568	591	540	410	251	233	297	328	338	277	172	86	180	355	546	594	360	218	122	25	9	13	13	12	12	12	12	14
648	541	410	306	210	258	328	366	308	203	94	126	348	587	593	429	260	169	69	10	13	11	12	11	11	9	10	11
620	457	322	259	246	292	352	353	266	134	103	304	573	588	442	319	195	94	15	11	18	17	13	12	11	9	8	7
158	247	329	381	403	483	369	250	160	70	32	25	19	16	13	8	11	12	13	12	12	13	10	9	9	9	8	9
90	147	250	341	378	505	481	339	215	104	51	26	23	18	14	14	10	11	10	10	11	9	8	9	11	10	8	9
45	68	131	276	373	487	491	411	232	152	86	34	21	19	15	11	9	10	11	11	10	13	11	10	8	7	7	6
59	69	140	199	270	392	417	388	289	209	125	56	23	21	17	17	13	10	12	11	13	15	11	10	9	10	9	9
147	133	130	163	245	313	383	378	449	276	171	81	36	21	21	16	13	11	12	11	14	13	10	10	10	9	6	11
178	148	142	139	189	279	387	438	508	353	211	120	59	28	26	19	13	11	9	10	12	14	12	10	9	10	11	8
232	182	173	137	142	216	292	414	480	425	263	164	95	36	26	23	15	11	9	8	10	11	16	11	9	10	10	8
265	211	180	165	100	156	265	370	430	466	335	206	131	49	26	21	16	14	10	8	11	14	13	12	12	11	8	8
313	238	178	169	121	127	204	288	423	473	378	265	154	61	19	24	19	15	11	11	10	11	12	11	12	11	8	7
360	268	230	178	160	113	124	283	370	474	443	305	189	85	26	23	20	17	12	9	9	10	10	12	10	9	9	8
404	332	249	229	217	145	99	184	279	441	493	346	227	119	38	19	21	17	14	11	9	8	9	9	9	7	8	6
462	372	272	220	200	144	83	140	257	424	506	404	275	164	70	26	23	19	15	11	11	11	10	11	11	11	8	7
511	403	293	227	209	199	145	150	242	407	469	471	312	216	115	44	19	18	15	13	11	11	11	12	10	9	10	9
593	459	349	277	254	233	184	160	265	378	455	484	362	257	156	66	24	20	15	13	11	10	11	13	13	9	10	10
632	522	359	227	256	238	251	212	195	300	460	525	400	287	188	95	34	19	15	11	12	11	8	11	12	9	13	9
608	383	232	253	275	290	317	191	178	280	426	498	442	303	207	114	41	19	21	11	13	10	10	9	10	11	9	8
505	474	411	284	275	305	272	196	173	233	412	484	446	333	216	110	34	18	17	11	12	10	10	11	11	12	8	9
608	592	408	271	256	322	279	215	182	242	366	474	481	344	218	99	28	16	18	18	16	12	10	13	11	9	9	9
644	594	426	258	242	317	345	237	176	234	362	482	493	363	224	91	49	21	19	16	13	11	11	10	10	10	11	9
693	625	437	270	219	318	357	260	208	231	345	481	508	395	245	91	66	41	13	11	10	11	8	8	10	10	11	9
610	620	434	258	221	338	391	252	185	233	372	498	521	428	299	147	94	46	17	13	10	8	7	8	7	6	8	9
637	568	362	214	206	329	311	244	178	195	314	453	501	444	333	216	95	28	17	14	11	10	8	8	8	7	8	9
643	484	293	188	211	331	305	261	174	168	288	433	503	470	364	253	126	34	14	14	11	9	8	6	8	9	7	8
579	418	214	187	272	364	296	227	138	196	329	460	495	447	377	270	164	55	16	14	10	11	9	7	7	8	7	5
445	310	189	238	311	349	264	172	142	218	381	515	473	452	384	277	178	65	13	13	11	10	11	10	7	9	6	8
345	233	216	282	316	287	208	145	191	280	411	513	530	466	368	258	151	47	11	11	8	10	10	10	7	7	7	9
250	206	283	348	314	251	129	137	209	338	497	578	539	433	312	204	100	19	13	10	13	13	9	8	6	7	8	9
202	252	332	326	260	167	140	184	361	493	595	534	451	323	226	133	37	14	14	14	13	10	11	8	6	8	9	9
324	309	262	200	148	128	89	57	41	26	17	11	10	11	11	11	10	12	10	7	9	10	8	7	7	10	8	10
363	336	317	246	180	157	133	78	49	34	20	14	11	12	11	11	11	10	10	8	8	10	10	8	9	8	8	9
358	367	373	312	246	207	159	101	52	40	27	19	12	9	9	10	9	12	10	11	10	10	9	7	8	9	10	9
382	415	367	320	283	248	195	119	71	51	36	23	13	11	9	12	11	12	11	10	8	11	9	8	7	7	7	7
336	393	391	363	321	274	209	146	111	61	43	28	16	11	11	10	10	8	10	10	9	10	8	7	9	10	9	8
301	345	392	400	356	305	250	180	139	85	48	33	22	13	11	10	9	10	12	12	9	8	8	7	8	9	9	10
249	313	384	411	390	342	288	205	161	108	55	41	28	16	14	13	11	8	10	11	11	10	10	8	8	7	7	10
235	268	336	401	382	368	318	246	177	128	74	48	39	24	16	10	8	8	10	10	8	8	8	9	9	8	8	10
200	233	294	358	379	408	361	273	209	157	99	60	40	25	14	13	12	8	8	10	10	9	9	8	9	8	7	7
176	214	273	317	387	468	419	326	245	196	140	79	46	31	19	13	12	11	11	11	10	11	9	9	10	9	6	8
144	188	228	264	397	426	428	385	298	230	178	103	51	33	19	16	12	10	10	11	10	11	9	8	8	10	8	8
188	174	155	254	312	346	406	407	341	270	213	136	66	38	28	18	12	10	8	11	10	10	9	9	10	9	9	7
192	165	146	190	289	366	435	441	362	311	248	172	81	45	31	23	15	10	9	10	10	9	8	9	9	9	7	6
200	183	167	177	247	330	429	443	403	334	276	200	106	57	38	22	15	12	12	9	10	10	9	11	11	7	7	7
230	200	170	156	208	318	391	463	449	349	301	222	129	64	42	27	16	12	10	8	8	9	10	10	9	7	8	6
226	195	169	151	205	313	390	467	461	369	306	234	144	72	43	30	19	12	10	9	9	8	9	7	7	8	8	7
287	277	233	191	188	252	341	444	461	392	309	238	155	83	42	33	18	12	10	7	9	9	9	9	9	10	7	9
313	309	248	179	183	229	289	424	473	397	327	256	176	90	42	28	16	13	12	9	10	9	9	10	9	9	9	9
295	265	242	189	185	217	289	424	485	437	363	293	188	94	45	30	23	16	10	9	8	11	9	10	7	9	8	8
298	257	240	202	166	191	273	389	507	510	400	314	218	117	50	26	23	18	10	10	9	9	9	9	9	7	8	7
280	243	236	183	154	205	331	433	545	550	436	335	246	149	67	34	26	18	11	10	7	8	9	9	7	9	8	6
255	226	223	174	153	212	286	427	506	517	436	336	259	166	91	43	27	15	11	10	8	7	10	9	8	10	8	6
246	251	204	170	175	223	322	461	529	503	400	337	275	184	111	52	28	15	10	10	8	6	7	9	6	9	7	6
244	234	182	178	202	280	384	507	535	473	399	335	271	191	126	58	34	19	12	9	7	7	8	8	7	7	8	6
237	204	176	186	233	332	427	497	504	460	391	318	256	196	130	62	35	19	13	9	8	8	8	8	8	9	8	9
219	203	172	201	247	348	472	551	531	439	366	305	245	181	116	54	32	16	11	9	9	8	9	7	7	6	7	6
186	161	181	266	332	448	518	533	470	423	360	295	225	162	89	37	26	13	12	9	10	8	6	7	7	6	7	6
168	174	243	321	435	494	520	488	484	432	348	269	190	111	49	31	18	15	11	11	9	7	8	8	8	6	8	7
