230	256	196	258	498	655	562	755	897	799	637	389	170	97	105	190	58	39	36	47	80	238	496	250	247	539	388	406
336	259	188	215	556	634	474	806	872	775	551	420	210	143	124	172	107	36	47	94	143	278	525	348	183	517	432	394
351	259	208	350	453	407	582	845	768	556	454	460	245	210	242	109	67	62	55	121	201	386	594	413	160	369	489	422
243	242	307	398	369	437	719	749	541	455	479	468	259	253	496	310	211	98	122	222	238	455	641	377	173	156	410	420
285	343	253	330	344	369	617	595	450	503	430	395	224	297	613	574	499	263	211	244	248	582	648	323	169	56	171	259
299	326	291	308	328	473	521	509	477	434	312	235	153	245	373	695	752	310	226	190	378	695	593	268	119	42	61	71
242	249	335	353	412	423	448	471	410	415	268	225	196	375	442	676	490	213	217	265	575	744	401	236	48	32	47	47
320	335	281	296	345	326	365	406	395	359	218	194	241	430	508	545	340	194	217	453	687	607	274	161	16	39	37	26
310	328	301	276	257	298	345	402	395	273	246	189	270	461	467	434	266	193	311	608	694	368	226	56	26	35	32	32
319	302	252	273	250	267	342	373	368	231	257	196	314	518	416	330	224	247	470	696	552	238	134	11	28	29	33	26
296	261	188	195	230	266	312	345	411	318	301	198	360	514	429	242	181	370	577	730	336	207	30	19	22	26	21	17
204	194	176	194	229	278	317	422	421	319	323	187	414	495	231	232	212	505	731	622	230	152	3	26	23	23	17	14
163	189	197	202	231	309	390	396	267	254	256	204	460	366	181	304	323	621	744	497	214	94	4	21	22	19	17	15
262	215	271	269	302	378	366	296	261	235	216	241	467	240	192	348	478	596	773	380	219	51	9	16	20	19	16	14
287	251	268	302	262	345	329	291	280	228	315	410	365	185	214	429	557	647	718	277	215	23	15	18	15	15	12	14
268	282	240	307	295	257	294	303	291	332	505	411	191	180	245	487	681	704	584	221	182	11	11	19	18	14	14	12
417	421	432	366	331	252	329	354	365	560	445	272	182	204	334	609	681	719	416	211	137	7	16	15	15	16	15	16
528	470	367	333	374	295	278	296	435	584	272	135	184	300	562	637	739	583	292	202	77	10	20	18	16	15	15	13
419	400	319	305	330	299	245	167	414	456	234	208	301	539	683	770	619	401	208	155	27	14	17	19	16	15	12	10
308	338	313	304	272	234	183	202	377	295	245	276	541	677	751	735	419	293	167	89	8	19	20	21	17	11	12	14
230	226	227	250	177	153	216	491	464	313	309	524	659	718	802	525	265	231	135	32	17	23	21	21	20	13	12	15
221	173	180	239	296	423	626	611	344	317	469	507	702	779	754	286	240	192	68	14	20	22	21	18	20	17	15	17
465	436	466	551	609	557	402	270	348	362	372	694	777	806	571	219	250	129	19	19	22	25	24	19	14	14	14	18
567	489	428	413	300	310	299	392	413	433	612	737	777	811	312	209	212	41	11	21	20	21	19	17	12	11	17	13
364	221	262	299	291	386	526	607	613	637	693	690	863	573	165	256	121	7	18	24	21	18	20	15	13	15	15	15
401	345	345	413	525	548	600	666	673	713	748	788	777	224	230	242	23	21	23	28	26	19	16	14	12	15	20	14
426	493	522	565	594	600	641	681	705	749	805	799	368	185	339	88	11	31	25	24	18	15	15	14	13	11	16	17
544	530	574	589	624	672	687	729	760	790	767	455	179	343	163	0	29	32	28	26	16	15	14	14	13	11	13	14
424	296	126	334	673	700	603	550	514	534	368	187	101	76	64	96	43	30	31	32	42	132	428	252	355	541	349	316
454	304	184	261	484	562	494	585	585	552	371	229	113	91	75	98	71	34	40	54	68	143	447	328	236	507	512	353
477	381	311	365	358	370	480	606	586	496	408	310	131	101	122	66	45	47	42	63	99	206	487	435	207	282	476	429
465	413	391	424	387	418	511	569	497	474	454	354	131	112	219	156	104	59	69	106	134	270	565	423	214	123	394	397
441	423	419	454	435	437	491	467	439	513	467	322	121	135	258	249	225	139	143	181	181	410	612	369	193	52	275	308
425	453	437	428	449	504	469	465	467	445	425	288	103	119	188	333	382	225	185	216	278	557	623	309	155	29	153	252
431	398	433	460	475	460	487	486	434	447	382	277	157	260	290	374	341	277	237	229	403	652	530	257	98	36	61	151
461	455	418	417	441	461	462	438	430	425	346	249	137	278	323	363	349	244	208	309	559	636	394	207	51	41	48	39
454	447	416	418	442	439	418	434	429	382	361	270	178	258	301	370	284	195	235	487	648	558	261	148	22	36	37	31
465	454	446	456	407	391	414	426	411	348	377	274	278	318	336	326	226	215	388	638	667	375	184	67	20	29	32	30
486	433	397	380	374	387	410	435	450	418	415	258	280	383	462	192	171	311	550	692	543	229	132	14	21	27	25	24
404	389	365	376	382	406	428	466	470	410	374	233	262	351	344	187	204	441	620	677	380	188	59	12	22	23	21	20
363	368	362	364	377	403	425	430	329	278	358	299	216	269	274	207	282	523	641	665	267	164	13	19	26	20	21	19
366	348	364	359	368	390	387	327	241	210	290	290	227	266	238	219	449	582	714	561	221	115	4	14	19	18	18	15
354	324	329	371	323	318	271	223	226	221	276	258	231	300	192	329	613	604	752	420	219	68	6	17	18	16	13	13
266	277	267	282	237	187	205	232	231	232	312	263	274	260	206	459	688	639	710	302	208	33	10	17	16	16	13	11
272	255	257	225	193	183	226	229	250	347	342	323	290	189	265	594	682	712	601	238	183	11	14	17	16	15	13	12
275	265	228	206	244	220	209	243	332	408	330	283	217	226	504	679	669	707	459	218	133	4	16	16	16	16	13	14
265	271	214	221	255	279	241	199	340	421	351	303	232	512	681	714	633	659	311	204	71	9	16	19	16	14	13	12
297	269	258	283	261	226	206	207	399	458	328	286	477	690	706	665	617	548	217	183	25	17	18	17	18	14	13	13
307	267	272	297	210	188	189	388	508	417	338	441	660	710	710	564	597	400	188	125	8	21	19	21	20	16	13	13
249	205	210	251	214	285	468	564	474	301	400	544	689	710	672	552	531	253	183	53	16	23	19	19	18	17	14	13
334	296	295	360	445	535	520	416	344	349	413	599	700	742	654	521	383	198	136	12	21	23	23	20	15	13	15	16
440	390	389	412	407	410	359	441	429	431	514	622	702	732	547	432	259	173	54	16	23	22	19	16	13	12	15	13
340	249	272	286	267	302	412	520	541	595	643	669	767	655	417	330	191	102	15	28	28	24	24	16	15	16	13	13
316	327	333	377	474	527	572	623	625	657	715	730	780	423	325	234	129	36	24	30	29	27	21	18	14	15	17	12
430	488	498	545	590	605	638	645	683	718	767	807	499	294	269	154	56	25	31	26	22	19	17	17	14	14	16	15
601	555	595	605	634	695	630	670	720	731	825	552	265	279	176	69	23	34	30	26	19	17	14	14	13	12	14	12
542	401	238	379	600	534	479	294	195	206	65	16	49	56	36	29	25	19	25	21	14	36	398	288	444	448	288	264
530	407	315	380	434	464	481	387	364	355	202	39	11	45	36	40	41	31	27	19	13	17	357	318	301	515	533	342
536	493	436	416	363	414	424	433	441	460	427	212	49	11	26	38	40	31	23	20	21	38	291	453	267	173	369	450
547	523	454	446	449	440	390	445	459	537	478	374	164	47	14	34	40	24	27	22	39	62	385	531	293	91	205	421
509	462	504	527	501	472	416	405	497	517	486	394	265	137	25	12	23	32	67	88	79	151	536	471	247	65	227	383
470	505	525	508	510	478	436	474	473	449	514	399	329	204	28	31	59	110	102	172	150	335	613	434	211	51	193	344
527	512	502	506	472	469	508	475	445	475	492	408	382	300	126	78	200	236	190	194	209	516	599	398	171	57	106	294
522	512	487	465	487	539	497	441	460	483	509	434	322	255	130	113	299	223	185	185	402	573	548	335	123	55	61	154
492	493	478	511	553	508	457	459	472	512	529	443	290	193	120	160	239	153	206	360	563	655	463	234	84	40	44	34
524	548	571	558	498	464	477	492	523	524	508	413	336	238	163	163	203	162	294	530	647	585	310	151	55	26	33	33
558	538	521	485	460	476	484	492	516	535	492	375	300	255	259	89	144	244	500	590	689	401	210	80	17	28	29	31
495	502	486	492	489	482	485	481	499	492	438	332	258	198	229	123	176	406	559	634	608	244	148	16	18	25	26	24
478	496	497	496	483	478	476	488	448	379	440	375	212	235	180	132	219	524	580	783	370	216	59	9	27	23	26	22
476	497	470	454	455	460	460	424	346	296	356	339	200	232	152	119	406	625	694	701	228	177	0	15	21	21	22	20
428	420	409	443	427	376	340	304	275	271	275	261	170	199	112	243	632	613	800	490	228	89	2	21	21	21	17	16
366	370	377	367	334	294	270	250	238	193	249	198	171	179	128	463	623	618	762	350	212	39	13	20	20	21	16	12
329	304	297	291	248	238	214	184	158	174	226	191	210	108	253	563	647	692	636	252	166	13	13	22	22	20	16	13
270	254	251	222	215	203	170	164	191	179	197	231	156	182	478	649	655	734	478	207	116	7	16	18	21	21	16	16
230	215	184	172	166	173	143	151	166	217	263	246	193	494	621	640	681	715	326	197	68	11	20	19	19	17	13	14
213	143	128	142	126	111	142	139	267	393	311	290	467	613	597	613	740	604	236	187	27	18	20	17	19	16	14	11
218	170	185	214	173	187	149	247	435	424	389	419	582	635	589	623	775	450	221	135	6	21	25	22	20	16	13	12
211	191	186	190	149	187	302	439	506	424	425	523	596	589	562	738	696	298	236	57	15	22	19	20	17	16	12	11
239	192	145	205	302	456	503	464	397	458	472	477	575	587	665	760	488	265	192	8	20	20	21	21	15	13	14	14
298	269	322	393	428	434	417	467	471	465	481	513	517	586	799	686	319	275	76	11	21	22	17	17	15	14	14	13
278	269	298	325	304	331	399	474	534	600	585	579	559	734	774	471	262	180	8	27	30	27	22	18	15	15	13	12
307	373	398	401	452	502	501	583	616	634	571	567	715	720	574	269	251	52	18	27	27	29	21	16	14	14	13	11
487	514	524	570	627	642	627	587	551	521	602	771	731	621	294	244	132	10	28	25	24	21	20	17	14	15	14	13
688	660	694	647	642	600	511	532	557	608	839	762	604	354	215	189	18	28	28	25	21	18	14	14	13	14	15	11
503	478	471	407	336	306	349	274	318	270	235	133	64	70	70	56	32	21	23	22	20	16	406	403	391	275	248	241
506	471	488	490	430	425	462	381	410	416	389	269	133	38	33	38	30	31	19	18	26	0	285	368	324	442	450	366
499	474	469	455	461	513	457	440	471	494	489	436	345	149	25	39	44	35	20	24	29	12	146	428	306	226	286	402
475	466	434	429	492	485	445	452	465	540	510	572	542	340	111	49	85	45	37	36	26	0	214	624	350	103	7	404
466	428	407	459	472	436	431	454	535	496	503	609	663	521	243	111	107	29	34	29	14	0	413	596	327	109	70	432
438	422	442	460	438	394	428	494	478	462	540	568	727	598	274	136	53	31	24	55	66	114	535	582	278	120	165	314
477	462	461	438	390	408	456	441	443	484	509	540	710	590	348	149	122	78	77	138	94	315	542	580	249	108	165	374
474	446	418	389	410	444	430	423	461	469	541	586	657	507	336	165	178	119	140	134	205	398	583	537	206	95	93	313
421	408	411	440	450	421	428	450	472	517	567	558	537	454	323	118	191	103	207	208	355	522	694	358	190	65	43	80
468	471	480	453	414	408	455	488	559	564	517	512	467	452	260	68	252	147	174	299	450	666	531	212	151	21	32	29
483	459	423	401	400	445	459	456	519	538	480	503	444	370	113	62	164	156	306	470	616	636	282	199	43	20	29	32
434	419	421	425	443	438	438	452	477	507	497	454	460	318	35	90	97	285	553	540	770	331	211	80	7	25	26	27
451	448	464	459	450	465	487	507	528	513	473	422	540	334	28	99	111	561	642	743	521	220	140	2	21	27	29	25
486	495	470	456	479	516	520	524	530	493	440	439	445	214	33	80	326	691	720	702	274	192	16	13	24	26	27	24
445	451	440	454	485	488	511	520	470	440	431	449	281	64	12	175	550	643	806	456	229	70	4	26	23	27	23	20
463	481	476	491	511	515	488	433	416	389	414	293	120	11	38	412	517	668	705	306	155	13	19	25	25	26	21	15
485	522	518	519	483	440	406	378	325	279	214	122	35	1	218	520	624	685	443	199	64	11	18	26	29	30	22	17
472	486	464	434	396	363	333	272	210	138	82	59	26	128	433	594	750	561	251	118	15	20	22	25	27	24	21	16
384	382	368	326	273	222	172	137	128	92	50	52	135	352	540	657	691	394	168	77	9	21	26	23	23	21	14	13
252	221	192	152	125	98	99	136	152	106	110	174	395	478	541	664	551	284	133	52	12	21	25	22	20	14	15	11
175	137	137	138	144	171	171	188	211	186	284	425	511	538	601	581	463	217	128	29	17	23	30	22	18	11	13	12
163	161	160	146	177	194	204	222	248	443	487	478	508	533	559	537	416	196	114	18	22	23	22	21	20	14	11	12
255	235	164	203	243	261	229	246	407	619	464	442	506	531	556	553	347	189	86	14	20	19	20	19	16	14	12	14
235	227	234	277	240	248	336	454	603	506	487	478	458	528	711	574	261	174	40	16	18	20	15	17	16	14	13	13
191	208	258	322	327	445	559	626	675	576	487	500	456	662	750	450	214	118	7	21	23	22	14	18	14	13	15	13
301	367	447	462	502	532	523	585	579	562	454	481	607	740	629	282	212	43	13	20	19	20	14	10	13	11	12	12
471	510	535	559	601	563	517	492	432	397	499	682	778	748	358	236	125	4	18	21	22	18	17	11	12	14	12	12
572	569	609	554	529	386	409	447	458	548	738	822	791	452	235	193	15	18	22	23	18	17	14	13	12	17	14	11
485	455	452	512	465	462	582	523	589	707	786	472	196	122	103	84	71	38	22	19	20	3	279	453	276	205	245	186
487	428	453	469	405	479	559	464	516	617	802	806	527	200	85	39	49	58	25	20	31	8	175	384	304	260	346	396
484	409	417	407	400	475	479	442	545	570	537	783	846	515	180	63	33	69	54	19	28	11	130	349	363	416	330	259
456	429	398	382	425	434	397	426	506	452	482	612	796	755	371	149	87	88	55	32	32	4	168	569	363	161	49	296
434	419	365	396	421	408	364	413	428	471	551	626	727	812	572	292	160	36	29	39	34	1	258	624	400	152	31	430
438	396	372	411	397	365	377	397	430	489	574	658	696	756	767	404	85	12	20	50	42	0	420	601	354	162	165	317
423	385	405	411	374	348	381	419	445	482	491	538	606	704	847	475	49	47	38	74	28	79	479	579	327	155	217	361
427	414	397	377	355	357	414	432	442	431	447	489	546	659	805	580	137	83	81	72	6	251	458	666	264	133	168	394
391	379	371	370	367	381	419	424	423	418	439	478	499	629	794	532	281	123	111	78	100	364	617	587	214	104	52	197
420	397	396	388	362	384	400	412	415	424	445	485	483	595	731	418	385	173	61	55	316	505	713	259	211	26	28	29
426	397	373	372	377	411	420	429	428	446	486	543	489	613	532	273	223	44	29	350	482	645	471	235	99	5	27	28
388	388	396	393	407	430	435	446	453	499	538	519	512	620	346	144	11	13	363	508	723	465	274	162	1	20	24	30
425	414	411	400	424	437	442	451	481	521	531	527	594	453	258	31	0	323	560	648	653	317	203	27	11	26	28	27
412	400	402	414	431	454	467	499	522	551	565	576	457	349	143	0	185	534	592	692	432	252	77	6	23	23	27	21
419	424	433	439	447	471	495	530	553	575	601	457	375	305	12	46	373	478	682	555	316	131	20	20	26	27	26	21
434	444	440	450	463	480	513	546	569	602	466	341	419	108	1	192	417	586	697	368	180	47	19	21	21	26	22	16
463	453	462	475	477	512	545	554	594	472	315	395	166	14	28	389	574	650	459	243	86	28	21	25	23	28	21	19
515	520	514	519	527	528	561	547	420	306	302	197	52	0	225	563	713	496	270	91	35	19	23	25	21	20	18	16
554	568	563	554	539	539	490	347	330	269	147	88	0	60	456	673	613	332	143	31	19	19	26	31	22	18	15	13
516	560	545	515	485	400	268	275	274	120	16	0	111	386	565	701	411	200	56	19	14	21	24	26	25	15	15	13
463	499	465	388	292	202	201	186	104	9	32	249	485	493	698	495	239	88	20	13	20	22	23	20	19	14	17	11
267	277	271	235	176	130	109	73	18	104	301	435	496	578	679	329	157	52	6	17	25	26	27	22	22	14	13	13
291	246	187	156	137	82	63	64	227	467	320	448	511	698	536	239	121	32	2	23	22	24	23	17	17	13	12	15
246	231	162	128	102	94	160	381	626	429	374	460	658	615	387	182	99	12	15	26	23	23	18	15	14	14	10	12
141	135	162	188	204	325	519	705	689	411	384	587	608	454	276	175	77	9	20	23	22	21	16	16	14	14	14	11
187	195	293	352	433	513	606	524	387	400	601	633	542	374	239	159	40	19	20	22	18	17	13	13	14	11	14	11
265	346	357	354	382	302	303	382	549	652	645	572	461	301	205	102	10	24	24	24	20	17	13	9	11	13	13	13
202	179	213	275	291	295	440	566	617	596	578	509	360	236	160	33	16	23	20	20	15	16	13	11	11	14	14	12
665	538	472	513	555	581	758	717	727	773	833	890	628	174	54	93	105	48	22	24	17	23	11	154	208	208	221	224
622	476	476	433	439	556	736	660	741	806	830	876	935	792	310	86	175	133	35	22	29	20	11	145	256	271	323	461
521	398	385	349	343	390	604	651	663	737	826	772	780	925	780	213	91	108	111	22	35	21	4	207	476	393	234	246
379	364	345	333	336	316	359	547	587	574	623	545	522	776	911	479	46	59	72	46	73	30	21	378	455	269	173	408
353	361	351	336	326	330	322	366	444	496	494	519	506	598	886	595	56	67	48	76	112	15	82	463	443	178	73	438
351	344	345	346	333	329	342	344	381	451	471	488	498	512	825	652	95	68	52	197	70	0	146	518	434	168	218	326
361	335	340	340	341	345	347	347	374	422	456	496	513	497	757	721	158	79	37	169	62	6	229	530	398	150	279	374
343	322	340	344	340	344	356	360	375	408	444	475	539	522	718	764	251	62	12	149	115	48	272	641	351	125	267	414
333	324	340	350	349	356	364	372	395	416	435	456	536	519	709	768	317	92	87	370	120	70	436	667	236	110	127	325
341	326	340	361	366	369	374	373	401	423	428	453	527	501	731	743	269	107	211	155	26	282	664	417	192	58	35	64
335	339	352	366	372	376	382	397	411	416	431	476	528	514	765	604	129	53	75	23	199	551	611	258	109	15	29	23
345	355	374	387	394	399	402	418	421	423	499	520	530	565	739	287	35	40	16	141	416	592	505	188	18	17	27	23
397	404	412	415	413	406	418	414	420	434	486	544	516	652	418	57	21	22	88	333	645	570	290	90	2	17	21	23
442	446	439	437	415	434	421	427	441	463	485	466	520	399	113	29	33	41	222	500	715	476	221	22	14	18	19	20
467	455	484	446	451	442	446	457	456	460	456	483	435	150	76	26	20	124	360	628	672	360	121	7	23	21	23	23
495	518	500	495	507	473	482	470	458	457	493	426	146	148	47	10	70	250	480	673	509	241	41	14	20	19	23	19
541	554	570	558	526	501	470	452	458	497	452	127	145	114	19	22	177	396	628	685	360	121	11	15	14	21	23	23
523	614	608	580	533	481	448	470	497	371	94	137	165	51	5	161	343	645	698	396	207	34	10	17	18	21	20	19
550	609	574	531	507	477	500	470	216	51	138	212	81	14	118	317	584	720	474	250	77	13	20	23	21	22	19	19
500	580	565	548	551	515	341	82	31	160	207	108	17	93	300	516	751	556	302	115	11	13	22	28	28	22	18	13
659	734	728	576	371	134	6	56	172	213	111	22	73	280	484	712	607	359	167	23	16	23	27	30	29	23	19	11
567	475	357	162	22	28	106	183	211	95	22	61	224	462	698	613	405	204	53	7	23	23	30	23	24	18	15	15
168	96	61	48	110	172	204	199	63	6	79	251	365	643	646	427	245	96	16	22	27	33	31	25	19	13	12	16
225	148	159	213	221	229	160	64	66	201	363	460	558	530	396	243	128	31	21	27	27	32	24	21	17	14	12	13
239	253	278	224	164	99	84	193	267	337	494	686	591	330	201	123	42	23	28	33	29	28	21	17	11	11	11	11
237	208	152	79	42	141	256	225	221	501	752	626	396	222	128	43	20	30	27	27	27	25	15	15	10	12	16	13
108	83	79	98	154	208	164	328	631	722	557	386	237	152	51	25	26	34	32	28	23	21	13	12	12	10	14	16
185	214	161	154	191	292	519	684	582	467	367	248	169	67	24	31	33	29	25	23	18	16	12	11	15	10	10	12
397	363	354	343	396	565	484	470	553	536	638	855	505	73	43	27	28	28	11	17	3	7	15	20	186	284	329	399
383	351	357	351	336	416	462	460	495	495	523	773	841	444	93	11	36	20	6	10	8	5	14	15	181	450	356	230
371	340	349	345	345	350	408	465	465	496	564	708	853	722	438	115	39	42	25	15	12	14	21	23	203	435	266	131
338	341	340	342	343	330	388	446	468	489	586	647	770	756	622	393	152	42	33	36	31	20	18	37	246	358	146	363
348	349	350	343	332	328	388	419	454	491	529	507	645	761	682	456	278	174	47	83	46	22	18	74	370	280	143	409
347	340	338	330	330	365	405	419	457	467	518	477	528	747	696	506	245	233	153	116	18	21	15	181	454	160	240	354
365	360	338	334	348	383	400	416	461	465	493	467	531	710	695	536	203	160	132	153	24	24	23	314	474	161	303	380
357	366	345	347	369	395	401	429	455	472	466	467	559	664	694	500	193	137	45	134	54	24	42	486	447	135	312	374
344	346	348	358	387	397	409	448	469	471	428	496	590	586	694	411	86	115	36	130	78	0	137	645	370	126	212	358
339	345	359	391	403	411	434	465	469	439	428	520	574	538	657	346	159	115	58	114	43	18	364	628	240	97	47	134
355	370	397	409	419	432	479	491	461	414	483	520	471	550	557	269	153	28	48	120	29	136	584	432	164	26	16	10
395	417	427	429	443	493	541	487	431	475	548	476	469	553	349	128	26	13	141	193	53	332	632	277	73	8	21	22
419	428	437	462	492	540	488	437	478	545	489	465	463	355	85	13	27	131	266	135	125	500	559	215	15	17	21	24
446	473	500	535	539	470	445	508	532	485	465	520	467	142	13	40	117	262	280	79	238	630	433	118	4	17	19	21
440	456	497	478	440	457	533	490	460	453	476	417	253	38	57	93	171	317	157	80	419	615	342	65	7	17	19	20
445	428	419	432	482	497	459	447	453	466	437	265	63	64	106	86	206	187	75	186	616	540	220	24	12	17	16	16
449	443	452	466	469	459	459	459	466	417	253	88	91	123	59	106	150	90	115	449	681	382	106	3	19	13	19	18
449	463	485	484	463	472	448	408	341	210	108	125	162	86	30	140	88	115	346	693	543	198	28	11	19	19	22	20
469	451	461	466	462	453	392	228	148	146	168	211	174	58	96	124	152	332	670	586	299	73	6	17	21	23	22	20
648	524	460	428	353	252	219	174	155	201	218	228	133	75	130	172	367	674	685	335	123	5	14	20	21	21	19	16
541	423	299	208	183	171	191	332	264	265	232	155	45	76	185	373	701	769	410	176	15	7	14	19	23	18	15	11
192	102	91	189	260	275	261	348	396	262	204	143	37	165	351	650	820	498	230	65	1	20	23	22	25	19	14	11
50	23	130	262	325	330	311	372	242	203	127	33	105	362	579	816	623	282	117	2	16	21	21	21	21	18	15	11
61	44	212	336	343	318	324	273	217	127	52	73	250	578	786	708	354	181	8	13	23	24	19	21	15	18	15	12
76	193	381	371	307	288	272	200	91	17	75	228	530	811	709	418	238	50	7	27	30	28	27	27	18	10	12	12
202	347	341	347	257	180	103	31	8	108	295	598	774	678	437	259	91	1	26	30	27	26	24	20	16	11	12	13
330	290	164	123	50	23	30	88	200	413	619	762	649	463	279	113	5	23	29	37	30	30	21	16	15	14	15	17
191	103	35	27	115	203	222	302	467	677	774	637	448	277	113	14	18	32	31	30	26	24	18	14	10	14	16	16
341	324	337	342	406	447	457	500	438	485	502	499	436	365	440	389	248	291	333	419	489	311	10	31	137	329	424	370
355	337	344	355	381	403	460	461	411	481	503	481	490	429	407	378	359	392	392	362	324	160	40	111	92	340	335	95
364	352	349	371	369	400	460	429	446	519	539	510	493	499	421	336	317	278	259	235	291	171	107	42	67	326	289	56
348	344	358	374	379	432	442	413	478	486	515	566	519	500	505	421	385	321	281	289	348	109	39	0	70	349	199	233
341	351	368	369	402	429	406	432	461	451	453	452	469	473	551	448	413	368	318	362	353	130	102	0	146	326	166	346
343	365	367	397	422	408	416	443	452	425	458	457	444	460	571	473	393	383	361	410	308	132	112	15	277	250	223	350
375	369	397	418	406	407	437	451	434	423	432	445	420	448	621	489	375	359	363	412	264	79	106	92	420	189	275	382
370	399	433	403	399	434	460	446	423	423	420	466	437	473	642	578	412	357	346	374	238	177	77	206	504	139	320	418
399	421	394	409	434	465	432	416	439	421	397	431	429	499	529	400	422	400	349	335	233	282	18	407	499	123	180	356
403	397	421	446	457	417	403	433	425	400	432	423	421	503	491	310	306	311	278	213	261	203	59	609	350	114	26	98
405	443	459	458	420	407	432	442	417	471	468	441	412	381	425	347	246	194	190	261	375	62	255	622	219	44	17	12
454	465	437	411	426	446	459	421	485	476	427	371	356	385	340	243	184	217	228	389	303	33	481	514	130	4	16	19
439	416	420	444	444	468	451	479	512	422	410	375	359	326	223	214	225	336	308	456	154	115	626	359	66	5	16	17
440	450	464	462	455	442	487	527	416	403	428	396	419	366	334	270	304	342	389	389	42	298	639	237	29	8	15	17
465	472	460	461	443	511	512	412	380	369	460	492	393	306	271	273	310	237	381	201	54	511	583	152	8	15	16	18
472	482	482	482	513	463	389	369	370	378	437	387	301	278	305	330	223	315	288	46	178	643	452	97	7	16	13	16
545	486	434	440	390	369	368	438	412	362	332	301	304	330	346	265	197	277	139	62	413	612	314	50	10	15	16	16
580	481	413	423	444	440	420	392	433	383	316	316	319	328	324	110	73	39	50	246	677	432	150	8	13	17	17	18
543	575	466	396	455	508	409	294	310	365	331	347	329	277	170	66	37	32	160	567	616	226	51	4	17	17	16	17
444	483	376	336	382	357	315	316	319	310	315	345	348	206	113	108	114	177	471	658	348	91	7	15	12	16	18	15
363	330	316	302	315	388	448	438	388	373	344	315	229	84	116	95	210	425	669	457	151	20	9	11	13	18	17	15
326	296	314	356	332	313	380	426	372	333	323	279	134	47	90	225	447	652	557	232	53	4	12	11	17	16	16	12
434	536	389	356	361	357	379	357	322	313	281	183	38	125	231	442	661	599	303	86	7	14	18	18	19	21	16	10
432	395	324	367	484	410	340	328	321	254	168	61	33	235	450	667	634	349	119	16	13	15	16	18	17	21	17	14
336	303	349	336	343	437	511	307	203	147	45	26	229	522	668	689	385	157	19	8	20	21	20	22	17	13	13	11
357	460	464	461	339	284	311	206	113	36	54	262	578	824	733	431	196	34	3	19	21	24	22	19	15	12	13	10
351	361	339	346	288	185	106	42	20	110	310	656	822	713	443	239	67	5	21	23	25	24	21	18	12	13	13	14
290	261	244	188	74	74	38	69	205	438	731	839	621	370	241	66	3	28	30	33	28	26	18	17	11	11	12	12
399	412	393	422	408	455	461	442	398	421	403	348	461	540	467	457	391	411	435	463	488	661	420	149	101	245	330	181
427	378	407	400	439	446	421	422	417	433	422	345	428	519	444	451	472	470	445	428	454	564	371	159	47	226	311	69
406	380	416	395	429	440	413	384	410	485	500	380	362	534	423	381	406	371	370	435	487	433	329	115	19	222	310	73
375	394	387	433	406	443	424	378	399	398	426	441	365	444	577	411	387	421	502	509	451	349	298	40	13	262	272	143
372	385	416	431	412	458	424	435	405	391	383	403	372	385	569	425	376	443	464	428	434	355	365	34	19	310	215	250
380	402	428	406	442	440	385	450	489	430	397	380	378	447	504	397	379	385	412	445	417	324	323	26	97	329	197	304
402	440	408	422	452	424	390	397	435	494	436	367	363	481	544	396	419	408	392	440	393	294	302	20	246	297	181	346
436	402	430	458	420	421	414	393	369	407	460	383	362	382	526	468	416	479	422	422	377	396	261	28	399	239	186	339
399	441	464	432	442	428	383	367	372	401	414	360	370	391	401	401	438	485	516	436	431	463	143	130	510	174	92	193
465	471	430	436	449	429	419	427	351	408	405	371	377	398	375	355	381	407	480	432	401	335	68	346	471	112	12	42
463	419	446	451	399	434	442	378	348	487	514	418	369	336	383	408	356	362	512	390	374	266	62	560	337	50	12	14
431	456	484	408	376	381	370	353	418	492	402	338	315	345	384	372	343	358	451	375	404	169	176	620	228	16	12	15
468	480	415	384	368	374	376	389	488	404	333	324	331	368	395	388	369	410	337	382	390	56	371	539	136	4	13	16
464	423	416	422	416	403	388	419	442	344	347	341	391	431	441	425	422	362	294	409	279	49	557	408	80	4	14	14
540	440	387	382	383	401	388	425	397	313	361	388	374	363	325	320	348	238	325	399	118	186	671	287	35	12	14	15
563	430	397	381	403	394	393	414	335	317	362	371	345	341	372	394	353	312	365	302	0	449	633	181	15	17	12	17
466	443	383	363	350	352	349	354	351	331	340	384	468	422	440	449	399	266	359	107	97	625	513	141	10	20	15	15
450	410	372	362	370	377	359	359	395	366	344	354	437	513	467	323	154	174	225	10	432	668	266	63	7	14	16	16
546	636	526	398	420	430	370	340	344	390	385	369	378	407	369	170	174	167	65	196	687	483	159	18	10	10	12	15
396	460	398	334	353	355	342	360	344	359	389	397	398	386	261	174	234	4	105	517	665	273	60	6	12	13	17	18
314	318	332	337	348	397	431	387	368	389	388	384	385	328	153	212	59	67	358	679	417	122	15	11	16	16	17	17
356	343	400	385	344	326	365	359	352	372	363	370	394	146	165	84	74	282	630	540	207	36	6	11	15	13	15	15
419	605	606	352	336	368	394	320	359	387	390	408	169	147	97	76	270	575	618	266	70	3	16	15	17	20	16	12
606	655	503	340	386	377	400	338	343	398	349	158	85	82	98	290	538	642	329	108	6	11	15	19	20	21	19	12
411	329	325	337	328	356	479	459	293	243	103	50	53	137	312	564	645	381	141	20	10	14	15	20	18	16	15	11
348	389	417	385	331	337	402	341	216	85	0	40	217	478	661	673	427	171	29	6	16	19	19	21	17	13	13	10
354	351	399	388	370	338	278	166	63	18	82	328	628	800	643	393	193	39	4	16	23	21	21	20	15	13	12	12
394	350	364	306	213	105	57	22	73	240	486	809	727	486	328	176	41	11	20	26	26	24	21	18	12	10	10	12
527	479	407	446	416	460	435	404	420	435	406	382	425	466	375	394	400	442	479	458	506	802	760	421	70	146	277	150
570	446	405	404	441	494	421	415	440	429	396	355	410	456	368	378	411	453	446	449	489	646	556	255	7	146	314	147
449	403	434	410	436	473	460	433	436	469	441	340	355	477	385	346	376	418	430	468	463	474	426	261	11	135	323	148
392	468	422	448	408	453	467	420	383	382	378	358	340	408	499	369	333	436	511	468	388	425	447	237	0	145	318	134
448	445	428	438	396	454	459	438	372	368	346	357	349	371	479	381	339	410	422	390	436	476	527	239	0	194	284	151
453	406	452	399	404	440	420	446	433	401	346	332	347	438	418	344	341	352	384	412	461	461	533	224	1	258	231	177
407	478	417	391	417	432	434	407	395	439	377	324	344	464	421	342	389	378	368	397	423	433	522	185	62	310	172	194
488	448	424	410	418	446	433	413	352	364	398	327	338	358	397	399	442	474	403	396	414	483	528	95	169	341	130	155
460	425	462	378	457	454	439	414	347	349	370	332	354	341	370	417	379	419	454	422	470	534	426	31	333	315	66	51
459	522	416	382	461	466	433	428	326	354	350	349	366	345	371	387	381	397	451	471	432	501	251	90	449	233	29	13
498	427	378	419	449	454	426	361	306	391	435	375	343	350	369	392	388	448	586	403	352	457	119	254	470	150	16	14
400	371	428	416	424	399	363	332	323	407	370	331	326	356	381	404	396	414	582	378	391	331	72	416	427	76	10	14
416	431	425	403	397	393	355	317	383	373	310	310	334	376	411	410	403	404	441	367	408	208	104	534	307	39	10	17
416	415	413	404	425	387	325	326	401	321	307	326	361	395	448	457	427	380	345	359	372	93	247	556	196	21	11	12
519	430	373	394	381	330	315	383	376	304	307	333	362	368	407	469	489	435	396	371	289	25	501	480	105	10	14	13
611	380	355	348	324	331	358	391	330	300	349	396	375	377	377	382	469	499	417	365	139	153	669	326	50	10	11	15
489	379	333	308	331	333	339	318	322	321	352	385	435	385	385	442	431	302	371	295	13	425	657	217	19	16	13	13
439	369	349	324	329	336	332	337	328	319	343	342	403	475	431	405	297	288	347	123	119	659	439	120	8	16	14	16
529	510	440	359	374	359	339	340	322	341	367	352	357	401	544	382	306	296	261	0	438	682	291	47	8	12	12	14
431	416	363	348	354	343	346	354	325	342	369	373	369	411	461	407	268	254	57	161	727	492	152	8	12	12	14	16
341	314	318	350	357	367	370	345	330	367	377	371	405	442	337	294	233	93	28	514	665	272	61	5	15	13	17	18
341	329	450	379	340	341	337	323	342	391	392	397	460	349	277	227	67	0	347	717	414	123	11	12	14	13	14	14
358	527	606	327	334	384	350	319	340	369	382	434	325	257	208	46	0	263	701	520	193	29	11	13	15	17	16	13
589	685	478	319	347	377	372	343	327	391	396	268	215	165	29	23	216	673	578	253	54	8	17	18	18	17	19	13
492	358	303	345	359	355	359	460	376	331	209	165	99	0	46	230	633	648	312	95	5	12	15	17	18	15	16	12
308	322	340	324	333	434	385	349	255	148	72	26	13	107	336	664	686	370	131	14	10	15	17	21	18	14	12	10
354	332	362	395	394	397	290	190	79	32	14	74	272	586	733	581	345	133	16	9	21	22	21	22	20	16	13	10
453	368	360	379	306	123	74	23	39	138	275	564	704	653	449	277	103	9	9	19	21	22	21	21	16	12	11	13
624	569	460	420	447	438	441	447	456	591	549	526	359	336	354	354	351	411	474	473	560	663	771	684	115	80	310	289
706	573	431	372	411	487	463	447	483	591	549	491	348	330	345	335	342	428	454	457	457	432	503	513	95	71	326	271
545	449	424	390	394	467	533	480	568	578	529	456	340	331	345	333	346	441	459	402	363	381	432	436	117	58	331	237
439	463	480	413	395	454	492	490	531	517	512	436	336	331	334	339	350	427	406	357	388	434	416	416	86	54	334	188
479	459	465	405	398	426	465	490	467	478	488	409	329	333	336	345	343	348	338	369	442	434	472	438	72	60	343	123
484	417	464	413	400	401	451	475	432	455	476	378	329	345	349	340	336	339	349	394	447	445	553	435	47	106	318	88
404	479	453	414	380	402	459	480	427	432	447	347	327	343	337	343	355	349	370	390	411	420	560	400	11	189	286	65
500	481	438	403	403	439	438	471	431	436	420	330	326	349	330	397	463	410	402	392	388	414	596	284	9	319	241	33
519	383	417	386	461	468	462	466	427	435	393	321	337	342	364	408	392	371	368	395	385	479	560	149	98	409	173	17
418	486	417	398	480	458	386	418	421	414	339	321	342	340	379	388	374	362	342	375	400	558	402	62	239	422	114	12
474	467	357	414	495	428	360	388	412	375	310	322	331	332	334	350	370	440	420	355	417	494	273	38	400	359	67	10
408	363	343	416	474	424	375	375	391	333	317	319	329	336	342	355	359	410	506	409	387	377	178	110	507	237	32	14
379	344	412	439	438	425	366	375	356	324	318	329	363	359	341	343	356	360	466	451	324	328	55	281	495	144	15	16
378	434	430	392	408	380	346	379	326	318	312	330	355	417	469	412	367	365	434	373	305	229	25	496	390	77	8	11
433	424	405	426	410	369	360	359	318	315	315	361	380	411	509	615	618	603	551	307	329	86	193	598	243	33	12	12
532	366	371	400	401	392	381	325	330	309	364	422	400	403	405	427	508	678	574	358	268	14	483	509	133	12	11	13
519	363	350	373	435	423	344	331	333	321	361	364	327	320	326	339	330	387	299	341	120	165	668	305	55	8	12	13
493	385	369	406	471	391	330	331	316	332	357	346	354	368	351	334	377	337	297	278	25	409	614	185	23	17	12	17
478	366	345	413	438	354	336	335	311	330	347	341	358	438	536	463	365	345	346	137	116	673	413	106	7	17	14	14
421	367	355	420	398	358	348	338	311	317	356	339	337	387	584	537	239	442	273	1	465	657	249	36	7	14	13	13
365	336	359	388	375	364	352	337	323	336	367	392	354	368	570	315	324	346	52	148	726	428	135	8	11	14	17	19
364	354	458	380	333	329	327	330	341	379	380	413	420	462	329	313	299	66	30	619	607	230	41	6	11	14	14	12
378	460	444	321	330	389	327	319	337	367	359	433	533	375	316	249	53	2	497	721	325	95	7	13	12	13	15	14
480	522	333	320	365	446	343	326	329	348	414	471	333	304	203	11	0	413	754	404	141	13	16	15	16	14	18	16
540	376	301	351	360	446	343	345	418	425	367	288	260	116	0	5	344	759	501	208	24	10	16	13	16	13	15	13
323	316	341	372	328	480	425	342	297	226	233	175	34	0	59	429	780	538	249	49	3	14	16	20	18	14	12	9
358	316	360	465	401	394	254	173	139	168	93	0	28	241	626	714	475	236	56	2	17	22	23	24	21	17	13	10
397	361	332	376	284	145	100	85	87	83	125	260	528	724	601	363	167	25	2	16	16	21	21	24	20	15	13	12
604	693	572	416	464	450	485	466	460	698	652	621	362	344	359	370	351	330	344	357	354	423	604	694	299	32	319	397
747	683	560	396	416	437	472	456	564	758	681	610	356	341	366	374	341	341	354	359	364	372	464	762	371	17	316	371
698	511	504	413	431	448	461	455	712	721	678	609	339	339	361	380	375	425	472	454	440	476	560	598	357	16	335	320
545	390	544	420	418	409	427	550	737	682	699	577	328	337	376	382	435	424	408	452	516	590	442	443	345	28	335	269
406	400	539	409	410	394	506	635	676	692	712	521	318	342	359	355	358	361	366	375	398	377	376	460	322	24	359	216
422	455	487	425	445	425	492	591	640	676	718	442	326	350	361	341	327	324	319	322	329	355	391	487	260	31	387	175
417	481	466	465	458	435	427	524	608	675	690	377	333	364	362	337	335	337	348	366	384	403	417	489	174	61	420	131
489	421	417	509	413	425	415	515	619	692	625	344	331	370	342	316	326	364	386	371	403	416	440	457	89	165	418	89
464	351	408	496	407	410	412	507	631	702	527	310	350	350	325	328	355	381	396	383	398	424	476	398	21	310	369	51
418	414	435	482	428	392	413	509	629	649	385	308	346	334	346	380	374	348	352	374	401	445	515	272	13	461	279	26
401	451	424	435	422	379	381	498	637	527	328	332	336	342	346	367	392	386	332	363	415	510	422	165	99	519	193	11
440	497	411	410	390	361	357	479	595	424	325	326	320	326	324	331	357	395	377	355	415	516	316	56	282	464	113	11
459	406	396	390	368	354	351	484	496	366	322	357	405	354	318	325	328	352	387	398	455	424	202	19	503	336	54	11
445	439	406	387	353	357	360	500	393	335	324	356	370	454	436	354	329	322	348	411	468	281	102	206	569	195	22	10
408	379	400	362	367	391	429	457	336	338	331	335	314	382	453	504	513	530	463	449	387	180	40	478	429	105	11	12
378	342	348	401	495	524	511	359	345	334	316	322	314	336	423	484	502	505	651	590	243	116	179	580	260	41	7	16
364	381	419	498	602	599	386	326	355	326	308	326	317	306	321	343	334	324	389	308	242	57	476	433	134	10	15	15
398	409	443	555	655	475	314	322	350	343	321	330	412	383	335	363	344	375	359	295	163	149	640	305	55	9	13	14
443	436	458	593	552	345	320	342	379	365	343	321	397	554	376	338	455	544	318	335	21	430	533	229	11	12	16	15
432	440	494	515	381	325	339	337	360	384	418	353	314	468	548	369	387	356	397	145	136	665	372	119	3	16	17	15
425	440	430	376	349	353	348	341	355	374	400	470	344	343	634	459	220	445	270	0	549	584	223	39	12	19	19	20
420	361	344	350	357	335	335	341	394	406	354	454	487	434	472	240	430	300	2	344	722	349	101	3	11	14	14	13
333	314	319	341	326	381	369	308	409	483	451	597	758	520	288	405	253	4	242	741	445	175	15	12	12	13	14	16
387	325	317	321	304	450	423	295	352	413	539	719	433	347	400	152	0	159	755	538	216	40	8	18	18	17	15	15
419	327	354	373	280	418	400	322	368	455	490	357	375	321	48	0	116	638	681	299	68	3	16	14	18	16	14	14
358	312	398	420	283	367	525	438	371	322	382	372	170	7	0	248	674	632	319	88	0	14	17	21	18	15	13	10
390	323	443	494	344	372	351	280	352	415	238	28	0	51	426	724	567	296	83	2	16	20	26	24	20	14	12	12
269	323	335	269	256	271	250	261	215	63	1	73	290	620	709	458	225	40	0	16	17	20	25	23	19	16	12	11
525	542	416	406	435	405	406	377	437	406	358	320	312	369	450	574	464	397	373	374	390	401	417	500	524	41	341	431
694	520	479	529	472	488	497	484	609	503	368	323	331	369	501	590	433	428	458	483	480	465	439	590	527	48	311	420
669	499	645	672	648	580	497	645	704	620	367	330	340	368	454	592	534	568	667	710	719	686	706	816	514	47	296	402
598	498	526	550	545	473	583	770	770	671	382	330	355	384	533	546	599	619	538	562	557	561	568	648	601	60	297	380
376	384	401	439	429	514	806	809	787	715	416	340	352	372	430	459	479	516	494	450	431	441	477	511	589	72	328	368
382	396	389	417	448	704	871	756	708	719	426	348	371	353	367	357	350	341	352	366	375	415	438	502	554	34	382	329
397	402	380	390	604	776	812	596	613	654	425	381	403	370	355	351	365	378	355	363	418	485	567	625	474	15	452	260
440	386	386	351	487	779	829	741	791	701	383	387	397	376	354	347	356	384	383	355	578	729	677	716	321	41	498	183
455	431	394	371	333	656	825	843	858	612	346	376	379	362	349	346	347	349	368	381	622	798	665	676	157	112	488	130
438	516	446	386	327	431	776	839	775	499	359	371	360	409	453	422	359	352	377	403	551	709	740	510	74	244	453	78
393	434	451	412	337	324	593	771	621	443	377	360	384	512	558	530	436	378	363	415	550	700	701	362	43	414	381	44
472	475	555	423	344	326	421	587	542	492	354	353	379	396	394	451	500	468	420	427	539	731	546	280	59	556	275	21
432	461	495	381	354	347	359	448	521	443	352	345	348	342	335	392	467	557	597	613	636	704	372	121	261	563	165	4
387	346	343	357	362	346	355	416	444	395	392	337	330	335	334	354	364	390	539	732	768	510	266	61	524	393	77	3
418	382	379	372	349	342	372	393	388	412	412	350	333	331	344	364	380	439	460	561	713	280	261	169	549	205	23	12
411	412	421	444	353	351	363	365	369	368	357	363	342	348	385	404	418	413	389	457	451	281	140	367	386	96	4	14
449	409	438	460	381	354	347	336	342	348	332	339	352	344	343	333	331	345	362	430	329	220	150	502	230	18	13	15
589	538	517	456	367	336	329	326	465	439	355	332	366	364	363	409	427	395	486	444	308	48	477	448	115	4	15	15
739	686	575	410	339	326	321	380	681	472	369	336	379	377	348	401	573	724	603	341	155	87	668	410	53	8	18	18
771	740	513	338	313	325	402	416	640	618	395	353	349	429	363	351	380	625	361	301	8	455	588	276	16	17	15	18
734	610	373	313	359	471	511	473	540	697	482	407	356	441	450	417	409	331	379	47	273	721	363	90	3	20	23	19
502	362	350	369	454	475	479	494	508	629	567	453	372	480	685	422	329	390	84	95	690	527	179	15	14	17	16	13
323	335	337	391	446	379	348	368	427	537	614	562	578	575	358	377	354	74	53	605	587	261	42	10	17	17	14	14
518	359	324	339	415	322	341	330	326	421	634	632	380	310	390	413	43	35	586	630	288	81	6	21	19	20	14	14
453	358	410	342	347	343	367	449	359	458	467	304	373	465	193	3	46	543	731	342	101	0	16	15	16	16	13	12
376	366	417	322	319	349	456	584	374	342	403	436	315	81	0	142	629	720	368	94	0	11	17	17	18	16	12	12
452	449	465	377	375	361	321	288	382	449	270	91	2	1	318	716	650	323	77	1	20	19	24	20	18	13	10	11
360	256	322	228	245	309	380	384	294	78	1	4	165	551	753	522	249	49	0	15	19	18	26	20	17	17	11	10
430	432	421	425	400	396	398	322	316	317	320	347	329	316	316	330	323	340	367	401	449	515	601	742	695	74	314	518
500	395	394	398	396	377	356	342	321	311	323	327	320	304	311	336	336	362	399	431	451	471	463	600	699	104	273	498
682	618	525	482	440	467	531	470	346	322	310	327	313	291	301	307	301	303	314	324	342	357	371	492	666	120	226	482
388	456	521	534	628	698	683	686	457	326	310	329	330	308	314	316	318	321	330	352	352	344	351	482	599	126	202	466
344	301	352	577	770	784	745	843	589	355	328	367	396	341	360	400	420	440	449	442	428	357	341	453	636	126	236	443
345	335	329	610	779	757	782	839	605	437	353	431	445	359	366	407	415	431	433	400	373	362	378	418	591	93	306	396
365	358	305	429	792	789	788	763	573	410	382	514	516	412	384	394	394	399	400	392	361	375	371	407	490	50	381	350
377	388	328	283	594	855	835	737	530	381	441	568	555	467	396	410	419	421	417	437	439	392	372	424	382	26	461	292
372	388	341	302	302	583	745	656	479	402	498	583	560	499	394	411	474	487	494	516	490	445	396	503	300	28	537	242
375	379	363	330	302	307	422	449	432	440	554	576	541	514	433	369	453	568	678	574	462	411	425	576	213	79	574	194
362	362	376	367	317	308	359	405	435	507	581	506	470	489	477	372	342	404	548	693	578	392	422	437	157	229	561	131
420	454	488	469	367	320	349	433	479	556	561	412	434	463	472	441	364	322	342	475	649	486	426	424	48	496	446	75
395	478	507	468	406	344	364	471	531	567	464	390	447	408	427	447	424	376	356	423	668	636	404	339	71	635	282	34
407	420	473	551	544	422	341	473	543	562	418	403	643	442	384	399	403	381	429	641	818	561	428	147	290	553	150	8
414	532	581	437	583	575	337	444	508	541	430	337	584	662	490	435	456	491	552	640	763	432	441	40	519	339	64	8
614	671	466	505	602	419	348	389	383	393	382	347	369	571	590	524	459	424	409	426	533	449	273	202	533	188	16	12
618	441	567	623	440	341	379	355	373	356	330	326	349	344	387	410	410	394	371	440	460	426	69	508	379	79	4	15
406	636	669	486	502	373	346	340	405	531	397	323	354	346	329	337	346	363	380	527	439	201	199	586	213	24	11	11
463	635	515	524	570	407	308	327	380	629	540	334	344	378	398	389	402	437	566	480	362	9	478	468	119	7	15	15
466	411	426	495	512	431	313	332	403	674	661	340	336	382	421	435	466	638	505	446	90	212	613	387	60	11	19	14
490	365	343	404	390	365	335	330	435	720	690	375	334	372	384	413	638	520	410	229	51	628	513	153	3	11	19	20
406	362	315	332	325	323	334	323	399	738	689	425	348	380	408	498	494	353	269	3	480	622	275	31	9	17	16	17
329	328	352	349	312	326	349	329	337	671	743	446	384	415	399	335	347	242	0	353	639	344	66	2	14	16	20	13
480	340	386	486	386	356	369	353	351	562	810	551	361	298	244	470	251	0	311	657	376	85	0	10	18	24	19	18
541	296	400	514	503	453	421	427	452	544	643	435	272	381	407	140	2	401	699	389	99	0	14	12	14	15	13	16
394	293	364	467	466	602	555	476	384	301	262	340	432	280	21	52	495	689	360	102	0	16	15	17	18	17	13	10
391	384	472	498	489	461	325	286	371	447	426	294	80	0	169	635	621	299	66	0	17	20	21	18	18	17	11	11
290	302	302	291	282	308	414	484	396	209	64	0	52	410	712	532	231	39	0	17	19	19	21	20	18	12	9	9
465	409	386	391	420	417	368	371	371	356	518	398	328	296	399	602	535	478	460	416	374	377	404	532	582	98	268	611
592	482	407	373	349	345	357	341	327	350	360	325	282	411	569	510	464	457	440	400	377	363	376	527	613	120	223	603
702	668	655	564	536	523	399	330	308	324	330	321	417	553	514	500	517	570	587	567	500	401	389	573	614	152	175	581
598	702	742	730	717	794	736	425	330	321	333	400	559	544	514	573	610	589	531	471	431	400	446	710	600	171	145	564
385	646	727	754	829	852	877	628	364	346	352	391	423	467	536	529	462	409	382	372	390	457	671	823	668	156	134	615
273	394	693	805	841	849	877	613	400	430	427	410	436	404	356	359	343	347	367	424	537	707	743	673	621	149	181	632
302	258	406	756	862	860	693	513	481	496	547	550	486	444	449	481	476	472	528	612	681	636	540	432	471	126	280	551
311	302	254	422	744	678	534	575	536	514	566	616	628	589	579	580	568	568	527	511	524	502	494	398	462	81	361	504
349	310	285	278	341	448	534	566	540	529	582	620	631	617	573	552	559	567	579	604	564	502	395	459	459	43	455	432
367	361	311	310	310	356	434	520	521	562	609	626	618	598	562	486	480	504	548	544	450	459	385	474	362	42	551	340
366	388	361	338	339	388	456	502	526	595	623	621	606	595	577	472	424	474	492	553	463	396	457	469	276	109	601	243
376	380	383	381	375	412	494	519	542	580	604	582	582	577	571	539	406	441	474	437	449	392	448	482	144	294	539	154
368	372	386	373	380	399	479	526	546	570	549	493	489	502	547	578	520	397	475	579	509	438	424	407	51	517	392	79
363	363	393	461	473	392	413	499	530	548	490	406	452	387	410	490	558	522	430	505	693	632	439	272	132	601	251	23
349	381	483	607	523	395	361	448	488	516	438	335	541	607	469	392	402	462	537	514	511	438	452	109	373	502	127	5
416	566	670	490	397	351	336	346	380	422	394	329	404	620	690	607	477	401	370	402	461	438	427	55	561	327	49	10
588	685	493	411	360	337	371	354	323	324	329	326	370	411	588	726	751	739	680	590	492	528	150	264	543	177	8	11
664	547	414	375	379	358	388	392	354	354	321	327	352	345	347	407	475	533	643	793	506	389	54	542	351	75	5	13
618	455	360	406	398	373	365	389	386	431	397	354	370	332	338	340	328	324	411	563	499	83	274	589	243	26	15	15
657	583	578	432	392	385	337	386	421	480	427	346	351	359	376	394	414	452	480	515	278	68	597	500	119	11	18	15
654	625	747	519	429	425	321	343	409	532	460	348	346	378	385	402	534	539	460	414	0	464	589	226	18	14	18	20
462	434	607	651	531	535	364	309	392	598	522	354	361	407	392	461	466	412	470	32	290	638	315	64	2	14	18	18
338	320	424	664	617	602	487	309	333	643	663	375	364	420	527	443	363	478	55	181	649	383	89	0	16	17	19	19
396	306	324	525	576	602	614	383	299	592	815	442	380	460	429	367	451	53	109	582	437	103	0	15	21	27	19	17
457	305	328	365	442	508	593	498	442	548	832	611	439	402	413	325	23	242	613	427	110	0	14	15	15	16	15	13
350	307	375	421	465	582	650	619	577	532	393	335	392	369	151	4	403	717	410	117	0	11	19	20	18	18	14	11
385	398	432	474	505	455	350	322	342	368	442	427	232	13	91	546	675	357	104	0	14	21	19	21	17	16	12	10
239	266	270	306	329	370	416	423	402	305	156	33	8	326	698	588	286	67	0	15	22	20	22	22	16	12	10	9
668	607	533	508	425	365	351	378	394	370	593	653	625	551	615	614	506	479	498	505	502	527	530	648	473	103	212	661
760	715	644	663	636	416	322	342	331	406	633	524	655	672	596	497	483	536	572	562	564	547	525	635	539	134	166	670
786	794	812	773	787	717	349	301	334	374	548	576	656	536	464	479	500	511	515	518	494	443	440	636	584	185	120	672
787	826	842	839	816	868	669	307	361	350	456	475	535	447	442	484	515	510	477	432	398	393	428	689	629	220	101	639
654	855	853	829	838	883	803	414	454	399	380	385	413	425	520	607	574	532	506	509	543	572	661	823	637	224	91	665
321	692	884	865	869	884	707	460	522	522	430	399	395	465	576	608	664	671	690	726	793	886	790	714	611	236	116	713
261	306	654	894	860	723	580	510	576	566	542	513	427	398	387	452	578	631	680	768	815	777	546	406	507	225	164	709
289	255	270	452	566	544	524	560	581	604	625	629	607	530	493	478	477	530	581	625	636	606	501	428	557	157	254	590
334	304	305	329	446	521	543	575	623	719	763	783	782	736	664	610	574	581	591	511	483	460	416	499	558	86	368	487
347	359	348	414	483	524	538	585	689	794	832	847	845	824	802	742	615	543	498	436	519	561	507	577	463	46	488	390
364	374	402	469	514	545	549	612	753	834	834	844	843	837	813	751	674	576	492	439	402	505	608	649	354	63	574	301
355	353	399	463	507	555	550	643	785	817	824	833	833	827	812	777	685	570	520	443	389	352	407	546	248	177	562	206
354	332	373	407	455	512	511	642	768	798	810	793	778	779	784	793	732	573	541	514	415	379	401	466	111	362	451	117
351	326	355	368	409	434	460	609	747	774	779	727	689	662	668	668	665	659	536	491	526	499	421	388	57	505	318	49
317	318	364	441	414	356	402	537	708	756	739	665	666	649	608	527	513	533	533	518	471	400	426	249	183	531	191	12
324	396	467	389	334	330	361	419	620	715	689	592	518	578	625	598	544	482	437	456	422	389	482	70	425	420	88	4
450	496	366	324	332	345	364	363	475	616	605	462	439	504	584	635	638	617	562	486	412	473	310	106	555	247	19	8
572	386	311	337	376	367	370	371	366	481	503	394	413	442	457	446	482	538	592	655	427	501	61	414	456	130	4	13
507	340	320	354	379	384	362	379	352	352	382	381	421	408	403	405	395	437	609	659	472	224	91	632	415	65	8	14
497	439	440	357	376	414	367	370	378	359	324	327	352	354	355	366	374	361	539	466	380	20	510	561	207	13	15	16
493	504	602	406	388	443	385	367	367	394	378	354	352	363	372	360	387	453	443	450	54	345	635	272	30	11	16	20
440	519	669	503	427	469	434	391	375	408	404	392	391	394	393	508	467	393	496	116	225	658	323	74	1	10	15	16
453	555	694	593	469	462	444	395	413	443	456	394	389	407	487	503	405	525	139	123	645	391	90	0	15	16	19	19
507	527	606	657	510	481	449	359	448	508	496	376	382	458	427	404	523	112	92	573	423	102	0	17	17	22	17	16
631	500	470	623	592	531	477	367	421	667	703	557	486	406	468	408	42	255	607	402	97	0	12	19	16	19	16	14
595	512	493	574	693	683	661	571	542	667	529	389	416	437	211	7	424	689	366	86	0	14	19	23	17	18	13	12
439	516	525	527	523	471	430	412	399	380	436	449	259	16	94	536	637	325	76	0	16	20	19	23	14	16	12	8
242	254	286	339	407	471	478	429	366	274	147	20	0	313	666	533	268	50	2	18	23	23	20	20	14	12	10	8
820	810	761	745	625	421	385	371	386	370	493	594	593	543	544	436	381	389	430	456	454	477	499	663	451	94	199	697
855	862	836	867	880	576	363	364	348	399	584	516	648	591	442	382	397	450	497	522	522	500	486	599	515	137	157	691
857	885	882	890	918	857	433	336	363	381	520	555	577	404	374	389	384	367	368	387	407	441	465	628	587	189	118	705
827	887	884	884	887	901	574	324	400	384	452	436	425	370	387	369	354	365	373	366	359	409	459	656	624	228	115	696
657	836	864	882	877	812	592	396	553	483	435	432	463	441	461	526	546	542	534	541	538	486	454	591	612	238	122	681
333	653	784	812	794	727	548	510	619	562	505	510	476	502	596	636	723	782	788	748	719	698	589	608	598	234	142	695
285	334	587	710	697	594	547	571	640	717	716	703	630	545	451	446	518	599	717	808	805	757	578	563	545	221	159	745
314	292	331	465	519	549	577	606	762	821	822	820	792	726	647	575	539	545	608	685	744	749	605	528	572	167	254	666
336	342	374	473	574	607	595	726	836	900	928	936	927	887	832	769	744	730	673	536	482	583	650	660	542	106	346	554
339	352	403	518	598	610	630	792	881	949	978	982	975	963	948	917	816	779	690	539	575	626	685	768	485	55	450	442
378	342	418	537	606	606	667	828	927	972	971	967	966	963	949	938	851	731	702	606	585	643	751	792	396	39	547	352
374	338	412	522	589	596	686	845	946	970	965	959	960	956	951	897	847	680	590	564	543	537	616	643	314	96	585	256
353	326	384	469	545	563	673	846	935	954	960	962	957	943	929	850	760	680	592	535	542	525	581	537	177	249	519	158
345	325	362	401	484	503	632	829	926	942	950	951	933	910	883	764	675	687	632	569	506	476	525	466	50	457	389	77
326	337	336	352	457	457	548	781	900	935	942	919	863	830	785	682	667	624	590	573	467	446	488	350	57	580	254	29
334	330	299	352	392	405	474	697	864	918	907	859	773	688	631	624	614	604	561	507	384	478	486	126	276	534	135	3
358	304	324	349	333	403	433	579	780	874	865	758	656	610	605	552	514	527	519	444	406	466	375	45	563	327	45	7
387	304	353	402	373	409	446	482	666	782	801	645	534	561	584	518	505	550	531	484	411	496	105	328	577	194	12	12
351	326	353	424	392	386	437	468	508	631	664	529	499	529	520	469	469	551	659	572	451	326	63	688	453	97	4	15
336	331	327	410	399	421	406	493	407	450	483	422	428	453	432	421	451	463	540	449	443	19	510	566	212	20	14	19
372	382	363	384	388	414	417	425	423	430	458	411	383	404	398	400	430	493	452	490	65	355	642	241	34	8	17	18
449	485	467	370	374	380	430	419	398	432	501	463	419	417	423	555	509	420	504	113	246	651	272	48	1	12	14	15
509	538	580	409	370	379	387	403	435	411	443	476	417	411	511	525	480	516	110	160	636	316	54	3	16	18	17	17
591	568	579	515	391	432	442	461	611	595	436	447	458	502	439	526	487	61	174	614	349	63	2	18	13	18	15	15
789	723	670	699	540	496	501	527	630	793	655	532	499	452	518	331	31	363	635	349	69	0	13	20	16	20	16	14
758	724	700	767	774	694	637	553	515	589	524	478	488	395	118	79	539	634	292	54	2	21	18	23	15	15	13	12
411	429	446	455	450	430	444	461	470	465	447	351	138	9	252	606	542	243	34	2	19	22	21	23	16	15	11	9
346	372	413	443	476	494	445	357	248	145	52	5	101	457	620	428	190	18	8	23	23	21	17	18	16	11	10	7
802	859	878	899	856	568	431	382	381	375	367	325	320	330	328	368	450	450	534	550	499	457	489	585	452	67	320	656
785	828	849	857	891	687	449	390	376	367	333	358	357	352	332	345	361	388	375	392	410	429	479	535	493	107	293	635
733	778	801	825	832	767	489	370	378	363	346	372	370	390	383	355	354	371	347	344	385	450	480	622	566	143	262	634
643	719	737	766	777	746	491	368	392	407	389	397	423	444	426	370	342	344	336	334	353	424	475	634	590	169	251	654
435	602	690	730	742	616	442	447	493	521	509	537	570	566	504	434	415	408	405	412	387	351	354	468	603	169	252	635
318	383	532	612	601	526	495	547	547	578	675	699	649	569	521	527	544	583	567	549	554	529	516	613	585	150	230	599
337	324	373	453	500	543	536	557	648	907	989	978	938	833	688	578	496	514	616	676	722	703	726	810	536	135	250	618
350	362	405	467	563	558	557	650	947	1039	1013	1010	1009	1007	959	873	795	720	688	660	715	786	794	701	507	111	354	649
358	415	466	524	554	568	606	877	1036	994	980	973	975	978	982	946	942	922	846	767	636	753	911	794	459	85	410	589
383	415	471	488	518	568	696	1008	994	972	966	958	953	955	956	948	940	970	914	807	714	654	796	788	437	47	500	478
403	360	440	449	508	553	795	1015	967	957	954	951	949	945	947	959	885	831	867	840	854	728	811	780	400	30	565	365
383	341	411	436	508	548	863	991	952	953	945	948	945	936	947	853	776	699	668	681	694	727	873	687	311	77	571	252
354	346	387	422	522	546	877	980	947	943	941	944	938	935	941	749	649	674	649	660	686	668	778	549	188	232	526	155
340	358	363	426	551	526	829	979	943	936	935	943	943	950	903	708	649	651	653	638	582	606	665	477	66	473	408	80
347	355	350	401	512	487	703	980	931	932	934	944	953	960	797	685	702	642	641	626	489	625	585	362	44	566	271	36
353	342	325	365	417	446	534	922	950	925	925	943	964	883	719	653	632	648	610	562	507	642	507	114	266	559	161	8
353	329	340	364	339	447	462	738	972	933	934	964	886	757	712	621	570	619	633	537	510	565	317	47	608	403	74	5
327	314	400	443	327	429	502	565	904	966	955	899	723	685	643	598	584	613	585	488	520	454	78	369	622	228	19	13
309	339	427	490	351	365	488	532	670	903	947	774	651	620	581	528	551	593	488	450	509	236	174	699	371	91	5	16
325	375	444	492	375	384	429	589	510	592	700	646	594	577	524	535	580	566	480	526	346	65	581	487	139	16	16	21
381	419	451	477	396	392	422	473	523	550	545	484	442	482	487	522	520	546	550	425	45	467	550	167	22	10	17	15
447	427	441	457	421	405	438	483	459	562	677	556	470	489	484	505	517	539	426	56	359	564	191	14	7	18	18	17
453	412	441	471	524	559	530	519	494	494	607	547	443	461	544	548	556	388	66	338	565	204	13	9	18	20	15	17
546	530	480	444	534	647	696	680	724	711	551	484	527	579	558	549	291	65	378	571	238	18	8	20	14	18	16	13
796	821	761	597	469	536	657	745	753	717	637	557	555	513	406	139	136	508	559	252	35	5	20	19	17	19	15	11
676	686	683	668	560	518	530	541	531	484	488	516	419	195	48	287	625	512	205	29	8	22	21	20	15	14	13	10
376	314	326	365	405	424	440	460	453	418	324	154	31	134	493	610	409	150	14	12	22	24	23	22	17	12	10	11
442	470	473	444	398	345	257	162	83	42	48	135	328	584	510	299	94	3	18	24	23	16	16	17	15	10	11	9
636	706	740	767	770	602	434	393	380	370	346	361	386	395	349	438	612	608	774	861	899	856	821	681	391	57	545	469
569	650	704	730	739	613	448	384	371	369	349	391	396	405	353	370	397	466	436	483	625	737	824	684	421	80	538	473
419	527	594	616	620	505	417	379	369	367	377	426	414	447	379	327	378	448	402	406	446	467	494	653	472	89	516	455
344	341	408	458	483	441	414	376	379	387	429	455	465	450	372	341	374	394	386	366	336	349	358	526	522	90	474	458
370	332	345	353	398	417	412	386	395	445	515	564	587	584	533	448	375	353	371	360	349	386	427	549	528	88	443	454
396	396	377	350	416	462	414	406	459	589	719	739	686	626	605	602	556	480	440	522	629	642	632	721	507	89	347	415
418	431	434	383	434	459	447	513	653	867	915	921	930	901	817	710	651	593	491	468	597	671	765	800	456	80	360	390
432	463	467	393	402	445	523	647	845	912	908	931	942	948	961	956	902	845	763	623	579	628	789	799	408	70	470	443
456	531	521	385	362	454	594	812	930	924	933	947	952	947	946	950	942	944	950	931	762	693	864	736	363	70	521	455
500	533	532	360	353	480	690	925	942	949	946	943	937	937	936	939	936	938	937	939	910	664	815	619	329	75	612	399
457	474	516	330	356	488	796	950	942	946	939	940	934	930	934	941	892	797	745	813	882	703	810	663	319	119	610	275
418	480	485	312	360	519	862	952	935	934	927	933	937	933	947	828	672	609	644	642	643	677	826	589	218	229	472	146
421	499	428	303	397	534	872	942	928	932	926	929	929	925	941	680	624	653	642	624	608	672	716	443	147	342	387	78
429	494	360	325	455	505	830	943	924	923	923	921	922	936	842	609	646	639	663	687	613	695	668	368	114	445	300	42
438	425	336	343	398	385	689	950	924	917	921	926	922	919	673	590	629	599	679	729	647	799	560	253	161	366	201	19
421	381	329	329	380	381	432	842	936	916	915	911	898	909	731	611	597	582	597	714	815	693	454	85	403	396	129	8
411	382	329	336	360	443	357	554	875	918	908	897	899	852	726	631	608	610	581	594	620	576	202	192	591	378	71	3
360	339	395	383	322	427	432	429	688	898	897	898	870	784	642	613	620	632	592	556	586	368	65	497	481	178	12	14
328	332	482	446	332	353	407	452	556	756	887	895	809	696	605	630	683	650	465	518	468	63	337	547	274	42	8	18
341	349	563	471	359	367	387	429	544	582	744	805	732	606	536	627	670	535	496	523	103	223	547	304	69	1	16	19
383	387	624	485	379	412	429	430	509	588	577	564	528	511	562	614	500	470	567	165	177	522	333	99	6	14	18	17
384	436	678	515	386	433	515	599	486	585	690	663	532	503	506	444	490	543	194	132	487	371	116	7	18	22	23	19
373	514	698	657	596	657	716	782	664	529	673	534	459	523	471	544	486	128	223	548	377	121	8	14	21	17	16	14
447	639	720	726	779	784	768	779	778	592	460	409	524	534	554	359	63	307	603	363	111	7	16	19	20	19	18	11
680	712	678	661	670	655	603	550	512	502	474	491	517	416	161	73	419	587	330	99	7	19	26	19	20	17	15	9
489	416	365	345	350	366	381	411	453	466	451	376	178	56	222	553	540	286	84	3	19	20	27	16	16	16	12	9
452	455	434	447	475	477	428	374	287	174	90	42	158	427	589	424	222	58	6	23	29	21	23	17	12	10	11	10
366	335	281	215	162	124	87	67	84	141	253	403	469	465	298	136	19	10	27	23	25	17	17	13	10	9	10	12
395	367	347	384	434	452	418	390	384	356	376	642	687	675	468	352	351	322	332	439	745	887	677	527	270	190	552	229
385	393	380	386	428	415	403	388	381	373	398	475	459	464	420	324	297	282	302	464	683	756	784	613	282	172	528	240
391	467	427	359	407	417	411	383	377	390	370	343	343	351	334	333	355	476	625	760	635	472	520	658	292	141	540	244
399	490	495	363	380	405	387	370	382	381	381	361	352	351	339	392	497	629	759	705	455	367	460	653	288	114	514	254
409	462	503	386	373	384	374	371	380	395	386	372	385	379	323	368	437	492	597	496	367	417	505	615	304	93	508	254
523	551	527	396	357	378	363	364	378	407	425	417	426	417	389	375	417	460	448	438	439	495	461	522	303	86	508	256
689	655	511	367	366	354	362	378	428	455	460	508	553	579	567	509	469	475	505	559	582	575	493	524	279	95	540	284
733	686	440	368	359	340	395	444	494	545	658	765	823	827	805	772	718	635	583	641	765	710	572	590	252	139	556	359
781	624	414	381	343	348	428	532	618	721	832	900	926	931	925	915	904	861	780	714	742	714	688	605	219	193	574	269
651	479	420	358	327	367	524	657	837	920	931	943	940	939	935	921	916	910	830	795	690	654	876	579	165	294	563	209
650	642	528	317	323	435	624	833	943	943	940	938	937	935	930	934	921	758	618	625	619	647	848	506	121	403	562	132
748	848	551	296	342	505	697	924	934	930	928	930	932	927	945	905	710	618	604	528	502	750	790	394	96	510	409	63
751	850	460	296	366	521	741	933	926	929	921	922	926	931	941	682	606	628	584	521	501	781	671	278	174	522	243	18
802	781	391	302	381	496	696	925	924	923	921	924	930	941	821	617	624	609	767	848	662	725	553	124	309	402	152	4
837	672	343	301	341	383	541	868	920	907	913	917	889	841	704	614	609	594	855	861	694	657	382	31	431	257	96	6
773	513	309	311	377	400	392	676	870	897	892	864	780	734	692	652	576	518	738	941	740	586	116	216	518	278	49	5
569	353	333	336	369	526	345	432	668	837	886	805	714	623	604	622	639	560	527	651	656	289	76	568	456	176	13	14
358	356	378	355	317	524	574	469	489	671	800	753	688	678	680	639	637	676	584	627	429	63	343	505	280	65	6	18
330	378	347	379	331	323	486	633	565	525	646	660	706	770	693	650	730	715	585	500	109	317	541	327	92	7	18	20
422	330	336	460	433	334	316	386	535	530	622	663	681	618	547	645	756	609	535	183	253	494	319	91	1	17	18	17
603	302	338	497	539	461	364	339	423	535	629	709	661	500	521	613	613	555	201	160	542	322	94	6	22	23	25	23
527	299	358	498	526	486	441	376	471	653	527	620	499	405	467	572	540	170	183	414	330	108	11	19	25	23	20	16
368	344	373	441	443	430	431	479	614	773	564	451	439	541	603	434	112	206	536	358	121	12	16	17	22	18	16	12
362	360	377	411	442	504	549	583	551	505	526	583	621	504	235	83	307	526	367	118	18	18	28	23	22	18	16	9
350	390	424	445	478	475	460	474	507	579	596	456	227	68	141	468	539	334	109	7	23	27	25	21	18	14	12	9
360	348	397	442	459	455	478	459	393	268	128	71	164	393	522	500	264	92	15	23	28	23	24	18	14	12	11	11
426	460	426	383	324	224	134	62	42	109	241	351	536	536	356	170	46	15	25	25	28	17	18	12	12	7	7	8
136	95	62	69	114	175	227	351	484	512	473	451	369	222	83	15	19	34	30	29	27	18	14	11	11	9	12	11
617	605	369	342	379	398	369	363	363	355	433	576	754	735	836	714	570	504	435	315	446	772	588	420	123	662	334	59
653	484	352	345	369	374	378	369	361	348	429	539	620	491	442	463	458	385	294	277	465	817	609	394	182	452	230	49
431	379	357	345	362	371	385	376	369	340	312	304	510	412	293	280	275	287	307	401	722	855	612	404	253	467	244	47
405	380	363	344	356	358	366	360	363	360	358	385	426	319	320	366	365	334	355	602	857	833	601	433	124	388	319	52
400	389	361	346	352	355	351	338	357	379	362	338	300	363	425	436	512	465	633	869	841	727	551	439	67	292	362	63
439	421	368	341	337	343	344	347	314	299	320	343	397	542	463	355	489	712	861	846	628	547	510	397	107	331	348	63
416	409	369	339	339	332	315	303	384	367	368	459	514	603	483	321	308	383	744	646	446	514	502	326	153	407	317	66
402	390	352	334	337	315	298	435	716	697	584	466	441	441	476	417	373	320	483	488	523	540	522	268	241	484	301	68
397	370	342	331	313	299	369	479	423	441	613	509	524	529	491	460	489	474	442	546	637	524	548	239	300	511	292	51
374	356	356	342	311	307	486	454	348	425	542	613	753	837	629	489	487	471	455	552	524	567	549	201	317	511	270	42
370	384	366	324	304	389	580	425	482	564	611	661	765	822	690	574	522	457	411	429	491	617	471	151	378	510	226	31
470	584	350	291	350	559	510	429	589	674	695	756	786	775	790	660	556	457	441	430	505	587	347	159	449	519	154	17
780	627	296	297	467	508	415	504	697	728	789	797	769	802	835	687	573	492	473	538	596	523	196	236	610	367	83	8
847	467	297	337	465	381	355	468	688	719	753	726	755	762	687	600	592	525	588	811	685	352	96	445	564	227	37	8
698	367	314	368	413	301	326	403	520	609	659	644	658	615	551	557	607	558	614	761	515	196	268	488	389	145	14	12
472	349	314	396	373	295	350	393	442	519	593	583	559	535	602	653	623	531	610	648	338	200	420	484	306	88	13	14
388	336	341	423	345	338	379	389	403	463	522	496	493	538	597	632	628	607	651	455	211	324	510	422	195	30	13	19
340	341	361	354	333	353	470	484	481	525	556	526	543	545	550	524	630	667	495	279	281	504	390	206	59	11	18	19
337	346	341	349	350	342	416	546	657	678	583	586	636	582	504	563	673	521	287	260	491	432	234	66	13	18	16	17
441	380	411	424	364	335	317	340	488	725	573	563	568	441	552	648	505	309	213	394	477	228	60	15	20	23	24	22
527	390	484	433	344	354	360	323	461	770	635	529	468	505	636	474	252	253	332	390	254	68	14	23	27	25	24	17
611	446	557	408	340	463	511	463	551	664	586	510	590	601	445	216	265	421	438	245	74	13	17	21	18	19	16	12
524	447	531	425	411	531	537	504	486	517	564	593	500	293	193	330	492	422	256	83	24	23	25	26	23	18	15	12
340	338	412	401	441	486	476	528	587	620	522	312	160	215	366	515	438	242	80	22	22	28	27	22	20	15	10	9
383	427	486	469	500	500	540	502	379	241	111	150	400	540	497	407	204	72	24	26	23	26	23	19	13	10	9	11
449	428	413	351	288	237	175	117	88	145	306	546	608	492	311	146	45	26	28	29	23	25	19	14	11	9	9	12
136	100	98	112	130	162	246	299	298	480	517	453	328	194	83	33	32	33	35	35	24	21	12	9	10	10	11	12
354	426	482	524	572	586	571	487	403	392	294	188	95	41	29	33	38	37	29	24	17	18	13	10	14	11	9	8
585	555	378	339	350	365	365	362	344	349	386	469	615	623	646	695	776	773	705	620	628	652	340	306	421	357	90	19
488	423	354	338	369	369	369	376	366	361	375	415	542	699	783	748	671	565	484	490	610	620	289	253	335	208	52	15
365	341	344	365	371	369	363	359	379	388	356	324	352	570	665	495	385	315	290	417	682	615	269	334	368	146	58	17
364	368	360	365	363	351	322	414	457	347	329	342	448	616	572	412	323	287	293	476	744	576	244	408	180	130	108	20
363	371	351	353	356	329	399	657	668	601	498	532	595	510	383	324	338	366	416	661	782	512	239	387	84	130	135	29
366	354	358	362	356	330	567	528	337	418	525	514	411	349	324	340	424	506	626	837	714	429	225	421	163	127	126	25
353	366	363	361	335	407	610	365	296	292	296	330	335	375	425	457	452	515	810	837	655	360	207	389	358	193	88	22
353	344	362	365	377	556	441	296	401	447	380	337	414	526	655	696	550	443	662	766	564	335	252	432	414	236	73	18
349	349	395	444	519	432	294	341	530	758	744	601	573	620	718	750	571	380	543	688	520	289	269	448	440	233	73	16
345	355	348	349	350	282	328	500	647	709	898	883	776	621	513	460	380	372	530	640	436	267	297	442	416	227	64	15
349	322	323	324	299	320	574	813	677	508	834	889	868	785	548	383	354	397	575	585	378	295	353	441	393	201	55	16
374	383	324	325	352	646	891	862	735	508	729	896	848	876	871	542	396	419	557	517	322	299	403	464	359	173	39	15
474	426	287	546	789	902	851	819	767	601	592	826	812	797	940	786	448	450	518	442	298	316	444	414	339	105	25	12
611	456	264	552	906	841	800	749	678	599	531	689	830	771	866	798	647	523	486	427	296	402	512	437	239	54	18	15
744	400	257	569	885	804	723	599	497	441	597	779	776	781	779	696	651	568	432	386	338	504	493	350	139	33	12	12
621	313	285	607	869	700	502	374	334	397	771	828	817	817	713	609	606	459	373	359	520	492	373	251	79	20	16	19
384	295	368	725	825	539	313	306	327	408	734	831	787	695	548	549	511	379	357	520	531	395	310	140	37	16	18	18
316	395	603	639	515	357	339	355	376	433	723	772	678	561	536	459	378	351	511	508	402	316	155	39	20	17	19	16
405	499	429	338	318	336	371	385	416	509	728	655	575	520	442	361	333	469	496	402	314	164	45	23	25	27	22	19
455	455	359	368	379	361	401	449	434	584	620	546	561	469	379	313	502	499	379	279	176	44	18	22	25	24	19	15
436	514	410	416	477	357	399	458	483	610	592	546	437	336	286	453	501	437	271	150	54	21	22	27	25	17	17	10
463	455	469	499	565	464	503	580	607	604	506	362	294	295	464	543	481	330	155	56	31	26	28	26	22	16	12	10
444	441	517	512	518	559	539	498	478	346	274	306	343	432	574	494	356	163	48	27	26	31	24	21	18	14	11	11
438	467	494	470	416	370	304	262	253	286	389	444	439	571	437	306	151	51	31	25	25	24	21	15	13	10	8	8
308	292	275	230	204	185	232	309	349	408	532	483	511	405	244	118	43	33	29	31	25	23	19	12	11	9	10	11
226	198	241	294	342	421	475	379	488	521	434	417	316	175	77	41	31	32	37	27	23	20	13	12	11	11	12	11
393	477	521	531	528	524	502	383	364	353	276	179	93	52	38	38	37	36	30	22	17	17	10	11	11	10	11	10
470	518	474	437	424	397	355	289	197	142	95	63	48	38	36	34	27	24	20	15	11	12	11	12	11	11	9	9
448	404	342	336	343	355	361	376	407	339	353	388	429	446	422	451	708	784	546	518	455	395	353	292	235	76	15	15
390	361	336	332	363	348	344	367	375	354	359	383	418	513	574	652	790	557	557	450	426	347	301	197	152	37	9	16
370	341	335	347	376	355	347	365	377	377	384	372	333	433	504	667	587	518	519	383	399	365	311	247	169	8	12	13
360	345	347	378	375	354	337	378	399	341	345	347	377	461	586	671	533	518	440	392	424	368	355	283	104	11	25	18
346	367	381	374	352	348	371	516	596	576	463	447	506	589	668	592	509	436	421	420	424	457	351	252	54	26	34	19
371	362	354	349	354	342	461	652	662	706	763	737	692	645	542	476	427	450	485	496	453	413	341	279	84	19	37	20
359	341	342	355	355	367	540	715	549	344	365	412	424	359	357	390	426	511	586	545	458	403	390	311	180	32	17	17
337	336	335	362	356	462	625	606	327	300	292	282	307	374	451	504	532	552	524	514	416	422	456	371	212	40	11	13
331	318	497	674	687	674	600	379	379	503	494	455	452	464	542	655	640	452	427	466	412	515	401	370	210	36	10	13
354	531	676	655	643	515	346	343	450	508	593	588	600	619	663	657	530	377	426	470	484	389	385	341	181	37	10	13
568	554	415	364	326	291	357	568	606	572	759	857	910	868	698	542	436	349	442	539	401	433	367	308	146	31	13	15
417	327	317	316	312	427	678	879	887	787	899	970	888	833	759	549	377	337	478	480	413	432	346	273	111	22	14	17
333	344	319	639	735	746	912	971	908	817	804	892	818	757	738	585	356	423	502	442	368	378	326	206	74	15	14	15
430	383	322	755	974	964	964	926	853	823	779	714	748	719	667	520	482	446	448	407	364	364	328	161	41	12	18	16
600	379	303	724	943	917	911	877	831	750	666	678	753	676	591	492	498	489	446	431	347	358	250	98	28	12	17	14
574	333	318	710	946	856	790	765	644	479	655	776	704	598	480	466	507	525	493	389	391	301	132	55	14	13	16	16
376	322	375	795	932	789	651	554	430	450	701	710	612	484	412	467	525	501	426	425	358	185	77	27	11	18	16	16
347	366	597	854	757	608	499	445	450	496	658	621	489	402	411	466	511	446	426	359	211	84	34	14	23	20	16	13
381	484	681	610	494	444	431	452	445	479	562	476	405	425	500	469	451	478	355	218	84	28	11	21	25	20	18	13
411	577	505	437	431	434	476	559	476	395	400	366	443	529	511	470	497	359	216	84	28	16	23	24	20	17	13	9
415	498	423	442	470	412	442	475	398	351	400	446	533	517	409	478	391	249	92	31	19	27	28	22	15	12	11	9
430	454	423	470	478	391	377	382	379	448	510	509	494	397	453	426	266	111	28	18	30	28	25	18	16	11	9	11
383	353	350	344	332	321	319	363	492	496	476	480	402	405	420	244	110	36	20	31	30	25	18	12	11	10	9	11
285	276	319	341	339	342	369	428	465	455	457	428	367	353	192	81	33	21	33	31	24	17	13	8	11	11	10	9
288	345	398	413	425	428	430	461	409	379	425	333	247	140	66	31	28	35	30	24	20	16	13	9	10	11	9	9
385	423	443	452	479	512	477	372	369	334	225	151	86	44	27	33	35	29	24	17	14	13	12	12	11	11	9	10
414	443	436	434	412	383	329	217	175	129	88	53	34	35	35	34	27	21	16	12	10	12	9	11	10	9	9	8
283	265	224	188	165	144	120	101	74	49	38	34	34	33	27	23	14	14	12	10	8	9	10	10	8	8	7	7
407	338	341	383	391	382	368	357	482	543	417	376	367	372	392	398	524	541	362	409	335	219	233	158	20	0	14	15
376	346	348	359	357	325	323	351	374	496	413	384	372	367	418	513	627	446	460	406	323	186	200	98	1	4	12	16
383	351	341	333	353	348	351	365	365	439	409	381	378	360	407	628	538	503	523	390	305	233	234	100	10	12	14	13
370	351	343	366	382	380	361	355	355	356	366	361	347	385	574	658	486	516	488	421	335	255	283	100	22	12	12	17
353	377	398	409	391	361	351	360	411	427	401	374	433	647	723	551	477	446	486	418	318	333	270	89	18	10	13	14
389	416	422	414	368	354	360	523	609	652	703	738	811	731	550	445	372	448	477	410	347	300	270	90	10	11	17	17
426	391	373	358	363	343	385	639	638	543	576	616	521	422	367	319	346	467	487	424	317	322	321	120	7	3	15	15
393	346	314	329	329	351	548	763	597	487	447	366	358	340	303	307	415	518	470	403	321	350	354	139	20	2	13	12
383	343	493	663	672	736	817	663	428	351	440	494	462	372	338	422	530	503	426	367	338	437	296	127	19	3	11	12
522	707	872	878	873	802	643	486	364	360	450	509	516	524	552	578	554	476	434	376	393	332	258	101	8	3	12	12
716	666	498	443	426	416	427	406	450	505	573	675	661	629	611	566	524	435	419	420	315	344	200	69	0	8	12	13
404	295	280	286	277	274	367	544	642	740	796	712	610	548	533	524	465	434	450	346	328	315	139	35	1	11	16	13
332	390	474	609	586	508	616	709	764	796	746	665	597	558	495	467	465	502	401	322	288	239	87	20	0	15	15	12
378	389	606	883	902	888	858	834	820	765	712	554	507	516	503	461	523	396	335	305	276	161	46	4	9	17	16	13
451	386	517	812	816	784	798	786	762	686	530	447	555	565	499	468	424	354	322	313	205	89	25	2	14	15	15	13
437	368	463	726	760	751	750	738	625	441	426	521	508	458	430	479	397	398	371	256	127	50	9	6	15	14	12	10
382	370	437	673	708	712	699	562	414	404	511	462	453	430	462	450	414	397	308	176	79	25	4	16	17	14	11	13
420	389	495	691	670	582	492	417	425	477	522	444	410	450	395	425	423	335	192	104	36	11	17	19	17	13	11	11
403	444	621	588	492	412	399	445	477	475	464	453	427	412	432	387	352	259	108	37	7	14	19	15	13	10	11	9
367	486	457	395	381	389	438	512	492	430	409	409	414	428	414	378	259	112	38	9	18	23	18	14	12	11	10	8
337	340	351	390	410	427	438	441	434	401	425	417	454	433	342	264	133	45	12	23	26	24	19	13	9	10	9	9
369	381	409	425	412	392	379	337	359	454	490	471	450	321	238	136	43	13	25	27	22	16	14	10	11	9	8	9
391	433	397	361	340	311	321	342	459	495	472	421	280	187	115	31	14	27	29	25	19	14	11	8	7	9	8	10
316	317	310	324	361	379	405	444	464	413	319	208	129	70	25	15	28	28	25	19	15	10	10	9	10	10	10	9
329	367	373	416	455	470	426	376	270	179	132	84	42	24	26	32	31	23	19	15	12	10	10	8	8	9	9	8
375	398	368	354	346	314	228	169	109	74	49	30	26	33	31	25	20	16	11	10	9	10	11	10	8	8	7	8
232	188	159	152	134	114	96	67	39	29	30	32	32	31	23	17	13	9	8	8	7	9	8	10	8	8	7	7
92	58	57	48	43	34	29	29	33	33	30	25	18	15	13	13	9	9	9	9	8	7	10	8	7	7	6	7
450	377	378	422	430	423	465	464	583	746	533	429	379	371	415	470	422	349	304	331	263	124	16	0	11	11	12	11
401	369	377	392	389	414	416	389	398	648	516	392	374	392	460	480	426	380	302	327	260	101	0	4	16	12	12	12
386	368	363	365	413	471	445	373	361	533	475	385	382	403	490	490	409	366	307	315	261	123	10	0	15	13	12	13
387	380	360	382	482	533	428	371	377	414	415	384	376	475	555	457	349	351	345	335	279	127	7	0	12	14	12	14
380	388	388	432	540	502	410	381	361	376	406	392	467	617	511	344	339	355	377	356	284	106	5	6	16	14	10	11
391	421	464	524	518	479	428	344	339	416	479	530	615	501	380	372	351	365	361	377	290	98	14	1	12	12	11	12
527	536	546	559	470	445	428	366	504	618	612	608	481	428	424	406	362	378	394	375	244	103	14	0	12	14	12	10
545	529	508	508	486	394	439	653	745	614	531	451	483	431	384	397	366	355	401	370	229	100	7	0	9	15	10	10
519	546	568	612	676	629	646	729	546	431	531	594	550	443	393	392	362	378	388	312	200	78	4	0	13	16	11	10
709	782	830	866	876	838	763	645	457	414	559	629	533	407	381	370	378	419	383	284	154	62	0	0	13	14	11	9
691	632	589	576	562	564	596	492	391	377	477	537	435	387	407	395	413	408	370	244	116	33	0	3	13	15	11	10
380	402	367	332	337	330	320	320	333	435	524	442	393	385	394	394	407	417	341	166	73	8	0	10	16	13	14	9
373	516	599	526	498	426	365	394	477	523	471	430	433	409	381	406	448	409	208	105	37	0	3	16	16	14	14	8
389	454	719	731	695	659	618	598	580	497	435	419	396	355	437	492	491	265	143	66	12	0	10	14	15	11	11	9
406	422	589	653	598	581	576	517	449	400	389	413	422	483	474	457	315	176	91	33	1	8	19	17	13	9	10	10
363	369	494	593	543	555	495	418	378	403	427	397	406	432	428	397	225	125	55	14	3	12	18	15	11	10	9	7
383	382	457	499	461	476	468	406	406	417	425	354	386	412	412	309	165	83	26	1	10	17	15	13	10	10	9	11
441	434	415	399	419	385	403	390	390	413	411	343	358	429	318	238	102	36	4	11	20	22	16	10	9	7	7	10
417	415	376	374	398	394	393	393	406	372	388	410	387	310	206	109	40	4	11	19	19	16	14	9	6	7	7	8
343	339	343	387	382	359	377	366	368	404	419	409	322	193	108	43	10	10	20	22	18	12	8	7	8	9	10	9
311	316	352	364	399	383	348	315	373	412	405	322	197	105	51	8	13	21	24	19	15	12	8	8	9	9	9	8
295	320	380	381	398	359	336	318	358	383	294	188	109	45	9	10	23	24	19	16	12	9	8	9	9	10	8	6
344	452	433	402	383	336	330	287	281	230	157	92	36	13	14	24	25	21	12	10	9	7	8	9	8	8	7	8
373	393	323	295	297	278	240	179	140	93	54	21	15	25	27	22	18	14	12	6	7	6	9	10	8	7	8	8
271	215	134	148	160	163	122	75	49	29	22	22	25	24	20	15	13	9	10	9	8	7	9	8	9	7	8	8
136	91	58	80	81	60	34	29	26	28	28	26	22	18	15	9	7	7	7	9	9	9	8	7	7	7	7	6
60	40	37	32	26	19	25	27	25	23	21	16	13	13	11	7	8	7	7	7	8	9	8	7	8	8	7	7
27	23	28	25	27	22	19	22	20	16	14	11	9	7	8	10	7	7	7	8	8	6	9	7	8	9	8	8
463	446	398	386	396	444	587	659	646	600	545	468	359	344	306	346	355	316	176	70	2	4	13	12	11	9	8	9
458	434	404	429	486	583	560	453	437	553	560	424	376	371	343	367	382	312	170	57	0	3	13	13	12	9	8	9
453	437	413	454	595	665	555	386	370	501	527	428	381	354	360	367	401	321	157	47	0	4	10	10	11	11	9	11
462	439	413	460	618	695	514	367	375	469	475	430	396	387	364	379	411	301	140	34	0	5	12	15	14	11	9	11
444	434	409	422	630	681	466	365	393	434	415	365	387	412	370	412	402	251	123	27	0	7	15	13	14	10	9	8
439	414	417	511	659	628	466	365	401	423	405	365	363	376	372	412	383	212	93	28	0	6	11	13	10	9	9	8
617	673	741	807	602	529	538	467	447	411	359	344	392	354	360	431	345	170	67	10	0	4	9	12	12	8	6	7
672	752	789	794	692	430	540	576	492	390	356	391	393	317	355	428	294	141	57	6	0	3	12	11	9	8	7	9
602	706	738	745	758	529	334	358	380	359	365	378	394	381	419	401	238	118	42	0	0	6	10	10	8	6	7	8
644	698	712	728	704	571	433	362	347	358	382	379	393	412	448	327	183	89	28	0	0	8	13	11	10	7	8	8
567	605	651	646	589	524	426	399	374	361	400	408	448	472	387	257	144	78	12	0	7	10	13	9	8	9	10	8
441	624	553	436	443	397	381	374	389	403	392	432	495	452	316	200	116	44	0	0	7	13	9	9	6	9	10	9
401	582	490	406	396	357	366	384	382	379	417	457	461	388	263	158	85	18	1	7	10	12	10	8	8	10	10	9
384	412	370	341	343	330	356	385	396	423	437	446	423	313	209	123	46	0	4	11	16	13	9	6	7	8	11	9
392	388	336	307	320	364	396	406	402	429	430	484	382	240	163	81	11	1	12	14	13	10	6	6	9	9	9	10
365	343	329	363	354	362	369	357	353	459	509	386	247	149	95	16	4	13	12	16	13	8	5	7	11	9	9	8
359	371	350	342	318	358	378	405	487	486	382	237	130	68	20	0	10	14	16	14	12	7	6	7	9	8	10	10
360	359	295	294	319	341	450	493	445	372	226	123	51	19	9	3	12	16	13	9	8	8	6	8	8	6	8	9
291	283	297	346	414	489	454	393	309	200	101	53	28	15	13	14	14	14	10	8	7	8	8	8	7	7	7	8
277	326	394	484	452	399	330	228	143	77	49	38	18	12	17	17	17	13	10	5	7	8	8	9	8	8	9	9
383	432	476	380	326	270	177	78	34	39	37	21	13	16	19	16	12	11	7	7	8	9	8	8	8	7	9	7
270	300	284	235	195	144	59	24	30	26	13	13	17	18	11	11	8	10	9	9	8	8	8	7	8	10	9	7
150	157	138	115	87	36	20	24	17	12	16	13	14	14	8	6	8	7	7	7	7	9	7	8	9	7	8	9
102	73	54	35	19	18	20	18	18	13	18	15	10	10	6	5	6	7	8	8	7	7	7	6	9	7	7	8
51	29	27	24	20	14	17	14	16	12	13	10	8	8	8	8	8	8	7	8	7	7	9	7	10	7	7	7
25	20	19	20	14	16	12	14	9	7	8	7	8	7	8	8	8	7	6	8	8	8	8	9	9	8	8	6
20	15	13	12	12	11	10	11	8	6	9	8	6	9	8	7	8	7	6	6	9	10	7	7	10	8	6	7
11	14	11	10	8	9	6	8	8	9	9	8	9	7	8	9	7	7	6	6	7	8	7	6	7	9	9	6
493	496	398	369	376	437	405	363	365	304	319	359	368	333	182	99	51	14	15	21	11	11	12	12	10	10	9	13
527	543	486	555	594	479	372	344	362	332	366	360	413	329	170	107	50	15	18	15	13	11	13	11	12	12	10	11
652	571	516	561	631	502	359	316	359	376	381	374	390	298	165	100	41	17	17	12	11	13	11	9	11	9	11	10
663	610	545	491	398	381	356	347	355	366	349	391	400	270	154	86	35	15	15	17	12	10	9	11	11	10	10	9
579	601	546	413	249	289	335	329	393	378	356	386	355	210	121	71	29	18	22	14	10	9	9	8	9	11	10	9
657	616	528	338	271	289	345	353	376	360	357	369	290	179	103	53	16	19	16	12	10	11	8	10	11	7	8	9
674	648	599	383	269	281	366	374	336	306	367	354	264	150	76	38	15	19	13	15	12	10	10	11	10	9	6	9
488	387	439	367	298	355	362	336	356	384	407	353	229	104	51	28	14	18	13	14	12	9	9	10	8	10	9	8
369	260	353	462	406	370	341	322	408	414	354	290	167	83	51	28	18	17	12	10	10	12	10	9	7	8	9	9
363	347	365	440	379	336	332	356	413	402	321	222	137	75	40	18	21	15	15	10	8	9	9	10	8	7	8	10
329	332	340	352	354	330	340	385	380	308	236	163	118	70	21	17	18	14	11	9	5	7	8	7	8	8	7	8
339	383	339	350	323	333	392	394	363	273	212	150	95	34	15	18	15	12	9	9	7	9	8	10	10	10	8	8
397	395	301	295	333	391	412	393	331	236	167	109	41	18	21	19	13	11	8	9	7	9	11	11	10	10	6	7
368	312	230	342	424	414	358	299	242	174	118	54	27	22	19	19	15	12	8	9	8	8	7	9	7	7	7	7
285	342	262	403	432	363	254	196	154	109	56	36	25	22	20	14	12	9	7	7	8	8	8	7	6	7	7	9
348	367	407	387	292	198	136	107	81	54	41	35	24	17	15	10	8	9	8	8	7	8	8	8	9	8	9	9
404	372	311	216	137	94	71	58	53	54	37	24	22	16	9	8	8	8	8	8	9	8	9	7	9	8	9	8
305	219	131	83	73	73	62	56	49	35	24	17	18	14	9	9	8	9	7	10	9	8	7	7	6	9	11	8
157	79	53	81	80	68	50	35	30	22	22	15	11	10	8	6	9	9	8	7	7	6	7	11	8	8	9	9
64	48	67	62	53	38	30	24	19	19	14	13	8	8	8	7	8	9	10	7	7	10	8	9	8	7	9	8
57	49	50	44	35	26	22	23	15	14	10	10	8	9	7	9	8	8	8	8	9	8	7	8	8	7	7	6
38	32	26	23	22	20	16	14	12	9	8	9	8	6	6	10	8	7	6	7	7	8	8	9	8	10	7	7
23	21	21	15	15	14	9	10	9	8	10	7	7	7	10	7	7	8	9	7	8	8	7	10	8	9	10	7
16	15	13	10	8	9	8	9	8	9	9	9	9	7	9	10	8	7	7	9	6	7	8	8	6	7	8	7
12	13	12	8	9	9	9	7	8	9	8	8	8	9	7	9	10	7	6	8	8	6	9	8	7	7	7	8
9	9	9	9	9	8	8	9	8	7	8	9	8	9	7	8	7	8	7	7	9	9	8	8	7	7	6	7
7	9	10	7	7	7	7	8	8	7	8	8	7	9	7	6	8	8	8	8	6	8	7	8	6	5	8	4
9	9	7	5	6	6	7	6	6	7	9	12	10	8	7	9	7	6	8	9	7	8	8	7	7	6	8	6
299	284	316	309	302	340	313	307	271	191	125	99	64	47	33	23	15	13	13	12	14	12	11	10	9	10	11	10
292	325	314	332	367	322	300	294	261	174	120	91	69	47	30	21	13	11	10	11	11	13	10	13	11	11	10	11
315	303	316	349	347	320	309	276	238	164	110	85	61	45	29	18	11	11	10	10	12	10	9	11	10	10	11	10
348	362	333	310	306	315	307	255	205	150	99	76	60	42	30	20	13	10	11	12	13	10	10	9	9	8	10	11
324	349	313	300	303	302	270	228	185	134	83	64	55	35	23	16	11	12	11	11	13	11	9	9	10	11	10	10
325	332	327	312	313	275	221	194	148	108	65	58	46	31	19	14	8	13	12	9	10	9	8	7	8	11	10	8
354	330	363	333	286	236	186	153	108	76	66	53	42	27	18	15	11	10	11	9	8	8	9	9	10	8	10	8
340	308	302	262	229	199	152	111	103	88	65	53	35	20	15	11	9	9	10	10	10	10	11	9	9	8	8	9
253	282	287	263	223	167	121	102	106	76	52	44	28	17	15	10	10	11	9	9	9	8	11	10	10	11	10	6
270	279	257	252	183	133	104	100	83	59	47	36	27	18	12	9	9	11	9	8	10	8	9	10	10	11	9	8
249	240	193	181	176	116	82	78	59	48	36	25	22	18	12	11	12	9	9	9	9	7	9	10	6	10	11	10
277	220	169	154	101	67	73	62	54	41	33	26	19	10	11	12	11	9	9	11	10	10	10	8	6	10	11	8
256	180	118	78	60	72	65	55	47	34	27	20	12	9	11	11	9	8	9	10	11	11	9	8	8	11	10	8
156	107	63	66	82	72	56	47	38	28	22	12	11	10	10	10	10	8	8	7	9	8	8	8	9	11	9	7
81	71	58	77	73	56	40	32	24	21	13	10	10	10	14	8	8	8	7	8	8	8	7	8	9	8	8	5
72	71	71	63	48	36	25	23	16	14	13	11	11	12	10	8	8	7	9	8	9	10	9	9	8	7	9	8
71	60	49	37	26	21	17	13	15	17	12	10	10	11	8	8	9	7	8	9	9	9	9	9	9	7	9	9
48	36	24	19	14	16	15	13	14	13	9	6	9	10	8	7	9	8	8	9	7	6	6	6	10	7	7	8
27	18	15	17	17	16	14	12	10	11	10	8	7	9	9	7	7	8	7	9	9	8	7	8	8	6	7	8
15	12	15	13	16	12	11	12	10	10	9	8	8	10	11	7	7	7	11	8	7	9	9	8	9	6	7	9
15	13	14	13	10	9	10	11	9	7	9	6	6	9	9	9	9	9	8	7	8	8	8	7	9	8	6	9
14	12	11	8	10	10	9	10	8	7	10	8	6	8	9	11	10	7	9	8	8	8	8	8	7	7	7	6
11	12	9	10	11	10	8	8	9	8	12	11	9	8	9	8	9	9	9	9	7	6	7	8	8	9	6	6
9	10	9	8	11	9	7	8	7	7	8	9	8	7	10	10	10	9	6	6	8	7	8	6	7	5	7	7
9	9	10	10	8	10	8	8	8	6	7	8	7	8	8	9	7	8	8	6	6	8	8	6	6	7	6	6
6	9	9	8	7	10	9	8	9	9	7	7	10	8	9	7	7	6	7	6	7	6	8	7	7	7	5	6
9	7	8	8	9	8	9	9	10	9	9	7	7	7	8	10	9	8	7	7	7	7	6	8	7	5	6	6
12	10	11	10	7	9	9	10	9	9	8	8	7	7	8	6	8	9	7	6	6	6	6	7	7	5	6	6
