26	25	25	25	27	28	26	26	24	25	24	25	22	23	22	23	24	25	25	24	24	25	23	23	25	26	25	26
26	25	26	26	27	28	25	27	27	22	24	24	23	22	22	24	24	24	26	25	23	25	22	21	23	26	27	26
27	25	26	27	27	27	26	25	26	24	23	23	23	23	23	22	22	26	26	26	24	24	24	22	22	24	25	24
24	27	27	26	27	26	28	26	25	24	22	24	23	23	22	21	24	25	24	26	24	24	27	23	24	26	23	23
25	26	27	27	27	25	26	26	25	25	22	23	22	22	22	21	20	21	22	23	25	27	25	22	24	25	25	26
26	25	25	25	26	25	25	25	26	24	25	21	20	19	25	38	49	55	50	42	37	36	35	34	32	27	22	24
25	26	25	24	23	23	22	24	25	23	21	23	34	41	30	7	0	0	19	38	52	47	28	8	17	41	53	41
25	24	26	26	23	28	48	59	52	40	22	15	24	77	189	332	485	620	710	751	772	750	681	546	350	155	53	34
27	26	22	24	40	37	4	0	55	171	337	529	709	849	931	966	964	958	952	944	956	963	972	979	963	908	789	688
22	23	22	20	54	187	410	636	823	918	969	970	949	931	912	903	909	920	954	995	1044	1075	1071	1047	1029	960	948	960
13	20	164	487	778	942	981	960	930	922	918	911	912	909	914	959	1004	1050	1087	1095	1100	1084	1158	1390	1344	1055	930	908
184	571	906	983	940	921	918	919	922	916	917	917	914	962	1040	1063	1034	1037	1034	1046	1052	1047	1320	1609	1575	1333	1271	1254
906	972	931	918	925	930	936	929	915	916	921	947	1013	1069	1112	1209	1354	1413	1364	1258	1139	1038	1184	1560	1369	1256	1312	1373
928	916	929	919	924	927	925	910	917	936	996	1018	1064	1347	1522	1558	1436	1156	910	850	967	1038	1151	1686	1570	1236	1129	1127
911	928	934	926	921	921	920	954	944	987	1020	1052	1348	1350	958	513	262	181	151	166	308	451	502	733	916	932	903	887
920	913	926	928	917	960	996	963	979	1090	1076	832	547	282	100	181	219	233	190	171	189	171	172	182	339	639	890	901
911	916	934	925	947	1011	1001	996	1072	870	417	166	131	152	174	210	237	180	161	182	201	245	253	210	304	612	948	1019
925	931	932	969	1033	1063	1117	1114	680	214	175	185	191	225	266	189	223	170	164	216	210	235	251	639	992	1055	1044	1104
930	940	990	1074	1076	1151	1368	739	186	174	191	187	177	169	159	177	232	206	164	217	204	275	760	1108	1086	1030	1068	1120
922	1009	1086	1081	1151	1455	1019	202	213	167	178	175	209	169	165	181	354	356	199	193	314	866	1135	1105	1094	1034	1053	1095
1007	1084	1085	1125	1388	1321	331	173	188	164	203	179	178	151	179	184	488	276	191	218	800	1137	1105	1093	1082	1012	1020	1054
1086	1088	1082	1341	1439	651	132	187	192	179	184	188	152	145	160	190	339	187	131	495	1137	1124	1114	1102	1048	995	1063	1091
1085	1081	1146	1476	958	178	172	198	180	186	205	217	214	188	205	204	248	129	167	869	1153	1127	1128	1112	1032	1039	1089	1100
1095	1077	1103	1078	267	190	195	276	229	184	184	212	203	228	312	197	224	151	287	1043	1134	1118	1119	1105	1064	1089	1115	1115
1092	1060	1069	566	133	180	173	305	390	167	180	192	196	211	422	238	208	171	310	1068	1127	1117	1124	1115	1096	1104	1112	1117
1079	1067	967	265	164	164	185	188	424	268	174	183	221	231	588	413	245	151	323	1052	1125	1117	1120	1116	1104	1102	1111	1115
1056	1077	681	159	222	183	166	160	273	371	192	213	184	172	673	581	253	252	290	961	1118	1116	1116	1120	1092	1082	1094	1105
1052	1057	401	162	252	215	163	168	174	327	240	380	615	337	631	599	282	375	234	784	1076	1111	1120	1106	1044	1043	1095	1113
26	25	25	25	27	28	26	26	25	25	24	25	22	23	23	23	24	25	25	24	24	24	23	23	25	25	25	26
26	25	26	26	27	27	26	27	27	23	24	24	23	23	23	25	24	24	26	25	24	24	22	21	23	26	27	26
26	25	26	27	27	26	26	25	26	24	23	23	23	23	24	23	22	26	27	26	24	23	24	22	22	24	24	24
24	27	26	26	27	26	27	25	25	24	23	24	24	23	23	22	24	26	24	26	24	24	26	23	24	26	24	22
24	26	27	26	26	25	26	26	25	24	22	23	23	23	23	21	21	22	22	23	25	26	25	22	23	25	25	25
25	25	25	25	25	24	24	25	25	24	24	21	20	20	27	40	51	56	52	43	37	35	35	35	34	28	24	24
25	26	25	24	22	22	22	24	26	24	21	23	35	40	29	7	0	1	23	46	63	57	35	10	15	37	52	43
25	24	26	26	22	27	48	59	51	40	23	15	27	83	199	349	507	644	734	776	794	774	710	583	393	195	79	50
26	25	21	23	39	39	4	0	47	163	332	529	712	855	938	967	964	954	947	941	953	962	971	978	964	922	825	738
22	22	23	20	46	167	387	617	812	917	968	968	947	931	917	907	911	925	962	1005	1052	1076	1067	1069	1046	960	944	956
14	19	141	443	747	930	977	959	930	921	917	911	913	910	918	965	1017	1060	1089	1091	1091	1086	1225	1456	1419	1088	943	914
164	537	885	980	944	922	918	915	921	918	918	915	911	965	1048	1074	1044	1038	1035	1043	1052	1078	1335	1484	1531	1345	1294	1284
891	972	935	918	921	928	935	931	916	916	918	948	1014	1058	1082	1150	1267	1309	1268	1199	1120	1051	1225	1503	1350	1266	1310	1360
931	914	927	920	929	931	926	910	918	935	992	1019	1043	1247	1381	1392	1255	1012	816	771	896	1005	1172	1690	1522	1200	1108	1103
914	929	933	925	921	919	920	957	943	974	1016	1046	1226	1154	771	422	233	167	149	167	267	382	443	685	880	924	902	890
919	914	924	926	919	961	997	963	973	1084	1059	769	455	237	114	184	217	225	185	180	199	181	179	168	292	612	895	912
910	918	932	924	947	1012	1001	1028	1088	840	380	152	140	167	167	195	223	187	170	183	201	232	238	215	355	673	965	1026
923	931	932	973	1041	1065	1147	1199	672	197	171	180	181	202	249	201	209	171	204	207	205	254	340	708	1009	1058	1054	1110
931	940	995	1078	1078	1173	1396	750	182	185	204	186	175	171	167	180	202	249	231	207	225	409	855	1108	1074	1033	1082	1124
924	1008	1085	1078	1170	1445	1011	190	208	174	182	178	205	179	176	181	298	370	218	217	438	941	1130	1102	1082	1037	1067	1099
1011	1085	1082	1136	1405	1281	307	181	200	165	201	188	193	168	198	188	402	245	226	333	879	1130	1099	1086	1070	1017	1031	1049
1086	1087	1076	1341	1416	577	137	201	208	177	181	207	177	153	223	202	301	219	192	601	1142	1121	1109	1088	1036	1004	1060	1084
1087	1084	1115	1386	838	166	185	226	199	181	203	218	247	202	301	216	246	193	222	940	1147	1128	1126	1097	1021	1045	1092	1106
1094	1077	1082	1013	245	199	191	265	238	184	191	202	206	272	414	216	233	182	361	1081	1129	1120	1121	1099	1053	1086	1111	1116
1091	1059	1070	560	139	189	193	267	351	176	188	190	191	211	458	251	238	188	394	1099	1125	1120	1124	1115	1090	1100	1109	1115
1079	1068	952	250	174	167	200	213	395	261	183	194	230	240	551	399	288	180	389	1084	1124	1117	1119	1114	1100	1097	1106	1114
1059	1077	647	160	211	177	167	169	272	386	221	229	193	181	555	497	273	292	341	1006	1121	1118	1117	1120	1090	1075	1092	1107
1091	1062	364	166	226	201	170	177	168	365	257	354	611	411	529	563	296	352	248	829	1088	1112	1117	1101	1043	1047	1100	1113
25	24	25	26	28	27	26	26	26	26	25	25	23	24	25	23	25	25	24	25	24	22	22	23	25	24	26	26
26	24	25	26	27	26	27	26	27	24	24	25	23	25	24	26	25	24	27	24	25	22	21	20	23	25	26	26
24	25	26	27	26	25	25	25	26	25	24	24	23	24	25	26	23	25	28	25	24	22	23	21	23	24	23	24
24	26	24	26	27	27	24	24	24	23	25	25	25	22	24	24	25	27	25	26	24	23	24	23	23	26	25	21
23	27	26	25	24	25	25	26	24	22	23	23	26	25	24	21	22	25	23	23	24	24	24	22	22	26	26	24
24	26	24	25	23	22	22	25	23	23	22	21	19	23	31	45	55	58	56	45	37	32	35	38	37	30	27	24
24	26	25	23	21	21	22	23	28	27	22	24	36	39	28	8	0	4	30	59	81	75	46	15	10	31	51	46
25	24	25	25	19	26	47	59	49	41	24	14	33	92	217	377	545	684	776	819	831	816	759	645	466	263	124	78
24	23	20	22	38	43	4	0	34	150	324	529	717	866	950	969	963	947	939	936	947	961	969	975	967	947	885	823
22	21	25	19	33	133	347	585	792	916	967	965	944	930	925	915	915	934	976	1021	1065	1079	1059	1106	1074	959	937	948
16	17	102	367	693	909	970	956	931	920	915	912	916	912	926	976	1039	1076	1093	1084	1077	1089	1338	1567	1546	1143	965	923
130	478	850	974	950	924	917	909	918	921	919	911	906	969	1062	1092	1062	1039	1038	1038	1051	1132	1361	1272	1455	1365	1333	1335
865	971	942	919	914	925	933	935	918	915	912	951	1016	1039	1031	1049	1119	1131	1106	1100	1089	1073	1295	1406	1318	1284	1307	1339
936	911	924	921	938	938	927	910	919	933	986	1021	1008	1076	1141	1109	948	766	656	638	776	948	1209	1697	1441	1138	1072	1063
918	931	932	922	922	916	920	963	941	951	1010	1037	1019	820	454	267	184	142	145	168	196	265	344	603	820	911	899	895
918	917	921	921	923	962	999	962	963	1074	1031	662	299	161	137	188	212	211	177	195	217	198	191	143	211	566	903	930
909	922	928	922	948	1013	1000	1083	1116	789	316	127	156	192	154	169	200	200	186	185	200	209	213	224	441	776	994	1039
919	930	932	979	1055	1069	1199	1343	659	167	164	172	165	162	220	221	185	172	271	193	197	285	491	826	1037	1062	1071	1121
934	939	1003	1086	1082	1210	1444	769	176	204	226	185	170	174	181	185	152	322	345	189	261	638	1017	1109	1052	1039	1105	1131
928	1007	1082	1072	1203	1428	998	168	200	185	189	183	199	196	194	181	203	395	249	259	650	1068	1122	1097	1062	1043	1092	1105
1018	1087	1076	1156	1433	1214	266	195	221	167	197	203	218	197	229	194	257	191	285	529	1013	1119	1088	1073	1048	1026	1050	1041
1086	1085	1065	1340	1377	451	146	226	234	173	176	238	219	166	331	222	237	274	297	782	1151	1115	1100	1065	1014	1019	1055	1073
1090	1089	1063	1234	634	146	208	273	231	173	198	221	303	225	465	236	241	302	315	1060	1136	1129	1121	1071	1002	1054	1098	1117
1093	1077	1046	903	207	213	185	245	253	183	203	185	210	347	587	249	249	234	488	1146	1120	1124	1124	1090	1034	1080	1103	1118
1089	1056	1072	550	150	203	226	203	285	191	202	186	183	212	520	273	290	218	538	1151	1122	1124	1125	1116	1081	1093	1104	1111
1080	1069	927	225	190	172	225	256	347	250	198	212	246	256	489	376	362	229	502	1139	1121	1118	1117	1110	1093	1089	1098	1113
1064	1078	588	163	192	166	169	183	269	411	271	256	208	197	355	355	308	361	429	1083	1125	1122	1118	1119	1087	1064	1088	1112
1156	1071	302	172	183	176	183	191	158	429	286	309	603	536	355	501	319	313	272	905	1108	1115	1112	1092	1042	1053	1108	1114
24	24	25	25	28	26	25	26	26	25	24	24	24	24	24	22	23	24	23	24	22	20	21	23	24	24	24	26
25	23	26	26	26	26	26	25	26	25	24	24	24	24	24	26	23	23	25	23	23	22	21	20	22	23	25	25
23	24	26	26	26	24	26	26	24	24	23	23	24	23	24	25	23	23	26	24	22	22	22	20	22	23	22	23
23	25	25	26	27	25	24	24	24	24	24	24	24	23	22	24	25	24	24	25	22	22	23	22	23	25	24	22
24	26	27	25	24	26	24	24	24	22	24	24	25	24	24	19	22	24	22	22	22	22	24	21	22	24	24	24
23	25	25	24	23	23	24	23	22	22	21	22	20	21	31	45	55	56	54	47	36	30	34	36	40	32	28	25
26	25	25	22	22	22	22	25	31	31	24	25	34	38	24	3	0	7	43	80	102	95	64	24	7	21	40	43
26	25	25	23	21	25	46	59	49	38	24	12	32	98	231	400	576	719	806	855	863	846	798	698	540	343	193	135
25	23	21	21	36	46	7	0	26	142	314	525	720	871	951	968	963	945	943	946	949	963	970	966	962	965	926	883
23	22	27	21	25	107	307	554	777	912	964	965	944	930	923	912	915	939	995	1047	1075	1066	1066	1136	1102	955	926	941
19	16	73	309	640	887	966	959	939	921	915	914	915	912	931	981	1049	1079	1094	1074	1066	1198	1427	1645	1662	1271	1009	947
105	426	806	969	961	932	921	910	918	917	918	908	910	977	1065	1090	1058	1033	1050	1046	1057	1219	1293	1190	1389	1380	1377	1369
834	971	947	922	911	923	934	931	918	915	913	956	1024	1036	1024	1037	1084	1095	1080	1084	1082	1099	1310	1344	1333	1283	1300	1321
939	908	922	919	932	938	925	913	921	930	982	1021	1019	1011	942	859	773	650	577	568	673	877	1170	1588	1311	1081	1041	1035
918	924	922	919	924	915	923	964	945	944	1013	1037	892	554	262	182	156	136	146	158	178	211	285	516	761	904	910	905
922	914	920	923	925	958	1001	959	985	1061	981	547	203	129	163	199	192	185	202	194	246	222	223	144	173	535	924	950
910	921	927	926	950	1015	1002	1156	1253	752	270	139	143	210	151	174	230	195	242	275	266	227	200	324	588	868	1006	1049
918	930	931	983	1061	1079	1214	1405	684	161	165	181	181	199	190	229	180	171	355	244	178	254	612	959	1057	1061	1089	1123
930	939	1006	1086	1085	1249	1424	772	163	203	228	172	184	263	175	190	158	257	311	167	231	750	1093	1100	1057	1064	1111	1128
926	1003	1085	1074	1241	1425	964	181	200	193	196	182	190	267	257	186	178	283	235	208	721	1119	1104	1094	1069	1077	1096	1094
1014	1087	1075	1153	1482	1127	233	196	211	173	185	189	222	207	428	260	234	179	213	574	1092	1101	1073	1076	1066	1066	1072	1042
1085	1086	1062	1243	1238	341	163	196	200	173	191	237	216	173	429	247	222	242	323	931	1141	1106	1084	1055	1042	1050	1050	1047
1089	1089	1040	1117	516	159	243	241	201	178	197	210	232	210	421	244	224	295	439	1124	1124	1122	1108	1059	1028	1057	1079	1111
1090	1075	1042	868	209	207	183	207	226	182	195	188	212	298	411	253	258	240	593	1161	1118	1122	1123	1091	1052	1075	1100	1123
1087	1051	1068	517	156	212	251	188	214	172	195	190	197	210	341	255	284	219	625	1159	1121	1124	1121	1117	1086	1093	1106	1114
1079	1059	890	205	211	177	224	272	281	269	222	203	220	249	317	278	305	224	587	1154	1124	1121	1119	1115	1106	1090	1091	1115
1104	1111	523	159	200	179	172	186	253	395	464	328	199	196	228	329	334	268	535	1117	1126	1121	1117	1118	1092	1061	1083	1107
1277	1178	268	190	175	161	198	330	235	279	284	403	522	438	277	536	389	233	299	959	1112	1114	1106	1087	1052	1062	1107	1113
24	24	25	24	28	26	25	26	26	24	24	24	24	24	23	22	22	24	23	23	21	20	21	22	23	24	23	26
24	23	26	26	26	27	25	25	25	25	24	24	24	23	23	25	22	22	24	23	22	22	21	20	21	22	25	25
23	24	26	26	26	24	26	27	23	24	23	23	24	23	23	24	23	22	24	24	21	22	22	20	21	22	22	22
23	25	26	26	27	24	24	25	24	25	23	24	23	24	21	23	24	22	23	24	21	22	23	22	23	24	24	23
24	26	27	26	24	26	24	23	24	23	24	24	24	23	23	18	22	23	23	22	21	21	23	20	22	22	23	24
23	25	25	24	23	24	25	21	21	22	21	23	20	20	31	44	54	53	49	46	37	31	34	35	41	35	29	26
27	24	25	22	23	23	22	26	34	37	28	26	33	37	20	0	0	13	60	103	125	118	85	39	9	12	30	38
27	25	25	22	22	25	46	59	48	33	21	11	33	105	246	423	606	751	834	884	889	871	830	746	612	428	267	198
25	23	22	20	34	48	12	0	20	133	305	522	725	876	949	967	961	942	948	954	953	967	973	959	956	973	956	932
23	22	29	25	20	83	269	522	760	906	963	965	944	929	917	909	919	949	1015	1068	1076	1069	1089	1161	1099	945	917	933
23	17	51	256	584	859	962	964	947	923	916	915	914	909	933	987	1057	1078	1088	1072	1108	1327	1467	1686	1680	1376	1054	976
82	376	757	958	971	941	925	911	918	914	915	908	915	985	1064	1081	1054	1032	1058	1062	1083	1258	1205	1173	1351	1375	1401	1391
800	970	952	925	912	919	932	926	918	915	916	962	1030	1038	1030	1054	1083	1095	1087	1087	1078	1124	1309	1333	1361	1285	1294	1303
943	909	922	917	925	933	924	917	923	929	978	1019	1039	988	799	660	628	566	515	517	591	798	1115	1444	1183	1037	1013	1010
917	917	914	917	927	917	927	964	950	950	1020	1034	796	376	162	139	147	142	159	159	175	186	243	443	713	895	920	916
925	913	919	926	927	955	1002	961	1041	1113	926	447	152	131	181	208	189	170	227	193	253	230	226	143	153	529	940	966
911	921	925	930	951	1014	1012	1216	1380	735	232	158	142	216	156	196	255	183	262	329	311	232	193	411	704	929	1013	1054
918	929	931	983	1062	1092	1235	1409	705	160	166	201	219	230	170	247	193	168	359	276	160	234	696	1036	1051	1058	1101	1119
928	937	1005	1084	1090	1293	1400	764	154	210	222	162	194	310	165	230	184	179	243	150	221	816	1114	1085	1061	1079	1113	1121
928	999	1087	1076	1272	1432	900	187	196	199	224	179	180	302	305	234	178	183	212	169	760	1124	1091	1095	1079	1096	1093	1086
1009	1088	1078	1130	1471	1008	202	200	198	177	189	176	209	209	536	306	231	181	140	598	1130	1088	1069	1085	1092	1091	1084	1050
1081	1088	1062	1141	1070	263	179	175	166	177	203	222	213	180	430	254	215	196	344	1034	1128	1100	1080	1060	1076	1069	1048	1032
1088	1084	1030	1050	451	174	251	193	168	186	198	199	182	202	320	240	203	246	564	1153	1115	1114	1102	1066	1066	1063	1061	1099
1087	1066	1048	852	210	197	183	181	195	183	187	196	210	236	243	236	244	213	688	1157	1116	1118	1120	1098	1080	1073	1094	1126
1085	1045	1056	470	170	219	240	188	179	161	190	192	205	212	227	235	248	202	707	1153	1120	1121	1117	1117	1099	1092	1109	1119
1086	1089	832	186	219	176	201	245	260	306	223	198	201	221	244	259	269	203	679	1154	1124	1122	1119	1118	1117	1095	1091	1117
1169	1187	462	157	216	221	199	184	232	356	519	361	235	188	225	444	347	181	638	1131	1126	1119	1117	1117	1097	1066	1082	1105
1380	1261	255	201	184	175	263	427	290	152	263	443	527	331	268	658	419	180	361	1005	1112	1114	1103	1088	1068	1072	1104	1111
25	24	26	25	27	28	27	26	25	25	25	24	24	23	23	22	21	24	23	21	22	23	21	20	24	23	25	25
26	25	26	27	26	27	26	26	26	24	24	24	25	23	21	24	23	20	25	22	22	23	22	19	22	21	24	26
25	26	27	25	27	26	26	26	24	25	23	23	24	24	22	23	22	22	22	24	21	22	22	22	22	22	22	23
25	26	27	27	27	24	25	26	25	25	23	25	23	23	22	21	22	21	22	22	21	22	24	21	24	24	25	22
25	28	27	27	26	24	24	23	24	25	24	25	24	23	23	20	20	24	27	24	21	21	21	19	22	21	24	23
25	27	24	26	24	24	25	22	22	21	21	21	20	22	31	46	55	52	43	43	41	34	33	35	41	37	33	27
25	25	26	24	24	23	22	28	38	42	34	28	31	36	20	0	0	24	78	125	149	143	105	57	18	9	21	31
26	24	25	23	22	24	47	58	44	26	14	10	37	117	268	450	636	781	868	904	907	889	856	789	679	513	352	271
25	24	21	19	31	48	18	0	12	122	301	524	731	887	953	969	958	937	947	953	956	973	979	960	951	968	968	960
23	21	31	29	16	60	234	489	738	897	965	963	944	926	908	909	930	968	1034	1074	1064	1103	1127	1178	1047	927	914	925
24	22	34	205	524	825	956	970	950	927	917	913	913	900	934	1001	1066	1076	1067	1084	1234	1435	1439	1682	1544	1404	1100	1014
61	327	705	936	977	945	926	910	918	919	914	913	917	990	1063	1072	1065	1041	1054	1080	1139	1201	1135	1193	1357	1337	1378	1386
760	966	955	926	916	912	922	925	919	915	920	967	1030	1038	1034	1070	1076	1078	1073	1075	1066	1143	1311	1386	1388	1305	1292	1287
947	914	925	916	922	924	925	918	925	932	975	1017	1052	976	722	527	458	463	439	462	536	716	1071	1302	1083	1012	992	988
913	916	916	917	930	920	932	961	953	970	1022	1016	707	302	140	124	157	158	192	187	170	172	208	394	680	875	925	924
924	919	917	928	929	955	1003	975	1137	1273	872	377	141	162	185	213	223	180	237	199	215	210	171	123	139	555	945	973
911	924	922	930	951	1009	1037	1241	1433	742	198	172	179	205	168	230	246	169	201	276	284	193	189	421	738	945	1014	1047
922	927	933	976	1057	1109	1287	1365	697	153	163	228	279	212	165	291	228	162	220	240	148	264	734	1013	1007	1054	1101	1102
931	933	999	1080	1097	1344	1408	747	156	240	214	163	188	239	162	327	209	152	200	141	278	868	1090	1067	1049	1063	1104	1107
936	998	1088	1077	1293	1450	798	159	183	207	288	174	168	249	306	352	176	176	199	198	822	1098	1091	1098	1077	1073	1073	1088
1003	1091	1089	1086	1352	846	170	218	194	178	223	179	181	209	405	281	191	185	138	669	1129	1087	1084	1097	1109	1074	1070	1068
1071	1091	1064	1080	907	227	187	202	166	189	198	197	233	194	270	225	195	174	400	1083	1120	1101	1101	1082	1096	1060	1055	1048
1083	1073	1027	1044	430	174	208	163	162	192	200	194	228	223	231	223	186	186	675	1153	1110	1109	1116	1097	1097	1077	1048	1081
1085	1046	1055	827	188	191	182	184	183	190	188	201	204	216	269	200	193	153	780	1148	1110	1113	1116	1108	1104	1078	1079	1122
1085	1034	1033	411	204	227	175	183	205	185	199	187	191	220	346	230	188	170	810	1148	1118	1118	1116	1116	1113	1085	1113	1126
1110	1189	747	166	201	163	154	163	318	360	181	210	214	171	391	412	336	182	802	1151	1118	1117	1115	1116	1113	1101	1110	1116
1288	1315	411	162	232	299	266	178	210	297	263	301	357	178	387	735	345	192	728	1141	1125	1118	1119	1118	1096	1078	1092	1109
1433	1249	256	196	199	232	418	393	261	180	228	314	724	330	320	880	356	193	478	1052	1114	1117	1107	1095	1085	1082	1098	1109
25	24	26	25	27	28	27	26	25	25	25	24	24	23	23	22	20	24	23	21	22	23	21	20	25	23	25	25
25	25	26	27	26	27	26	26	26	24	24	24	24	23	21	23	23	20	24	22	22	23	22	20	23	21	24	26
25	26	27	26	27	26	26	26	24	25	23	23	24	24	22	23	22	22	21	24	21	22	22	22	22	22	23	23
24	25	27	27	26	26	25	26	25	25	23	24	23	23	22	20	21	20	21	21	22	22	23	21	25	25	26	23
25	27	27	27	25	24	24	24	24	25	24	25	23	23	22	20	18	25	31	27	22	21	19	19	23	22	24	24
25	27	24	25	24	23	24	22	21	21	21	20	20	21	30	46	53	49	38	37	39	35	33	35	43	44	38	31
25	25	26	24	24	23	22	27	41	47	41	30	31	33	17	0	0	35	95	147	173	165	128	78	34	13	16	24
25	24	25	23	22	23	45	58	42	22	8	6	40	131	288	478	667	806	889	916	918	904	878	828	739	593	440	351
25	23	20	19	29	48	25	0	5	108	294	528	742	896	955	966	954	934	945	952	956	971	978	962	957	970	974	976
23	21	31	31	15	43	197	455	712	888	964	964	942	923	904	908	938	990	1046	1078	1100	1165	1167	1175	1028	921	912	919
25	24	24	163	466	784	946	975	952	931	916	912	914	902	941	1014	1069	1071	1078	1210	1381	1460	1455	1700	1417	1360	1129	1050
46	279	653	913	981	950	929	910	917	920	912	915	925	998	1061	1064	1072	1041	1074	1172	1157	1156	1113	1183	1303	1308	1343	1362
719	959	961	926	917	909	918	923	918	917	924	973	1026	1027	1033	1059	1033	1033	1052	1050	1059	1177	1341	1353	1293	1322	1295	1269
952	915	924	918	919	921	923	920	926	930	975	1015	1046	960	671	426	321	363	375	410	492	659	1025	1169	1014	990	975	971
912	920	917	917	928	922	932	961	953	1020	1106	997	655	271	134	128	165	168	194	201	174	156	179	367	659	865	932	933
923	921	916	928	927	951	1002	996	1184	1400	877	341	143	171	177	183	208	176	211	198	222	210	138	102	154	611	957	982
912	924	921	928	951	1002	1049	1267	1433	760	181	184	204	187	167	201	207	159	173	215	275	176	197	454	793	971	1018	1046
922	924	933	968	1052	1114	1330	1352	692	155	174	215	257	205	161	275	219	151	161	209	143	317	799	1014	1008	1060	1091	1086
934	929	993	1077	1092	1374	1399	698	143	232	195	163	183	195	164	433	244	141	180	141	348	926	1071	1059	1056	1058	1094	1096
942	993	1084	1073	1247	1413	677	146	176	192	262	166	164	217	263	413	250	171	174	241	880	1061	1085	1099	1080	1057	1064	1084
1005	1080	1075	1048	1220	707	154	234	225	203	267	178	171	204	292	363	210	193	170	763	1120	1081	1091	1105	1117	1066	1061	1070
1055	1081	1052	1054	831	210	184	200	168	180	260	322	288	186	241	309	193	169	438	1106	1111	1097	1110	1094	1106	1074	1061	1054
1073	1050	1020	1042	405	174	190	150	154	188	199	226	360	362	364	239	191	174	747	1146	1106	1105	1114	1108	1112	1097	1061	1057
1081	1017	1056	791	174	182	184	182	169	196	202	196	187	274	513	219	201	167	850	1138	1105	1110	1109	1111	1117	1088	1073	1103
1083	1081	1010	354	202	205	151	215	241	196	225	203	183	205	602	321	260	193	886	1139	1113	1114	1111	1115	1122	1088	1104	1124
1158	1318	689	160	189	151	145	174	389	304	183	388	275	156	588	540	365	183	867	1147	1114	1114	1112	1115	1116	1100	1115	1117
1365	1349	390	166	211	326	267	177	186	220	153	416	480	176	468	774	287	189	769	1147	1121	1115	1118	1118	1100	1081	1098	1113
1441	1263	259	183	191	245	387	314	247	195	190	284	666	267	286	766	278	179	535	1080	1113	1115	1107	1100	1100	1087	1092	1109
26	25	25	25	26	27	26	25	25	24	24	25	24	23	22	22	20	23	22	21	23	22	21	20	25	24	24	26
24	25	27	26	26	27	26	25	25	23	24	23	23	23	22	22	22	21	22	22	23	22	22	22	23	22	23	25
24	26	26	27	28	26	26	26	23	24	23	23	23	24	22	22	21	22	21	23	22	22	22	22	23	23	24	22
23	24	27	26	26	28	25	26	24	24	24	23	22	23	22	20	21	19	19	20	23	23	22	21	25	26	26	25
26	24	26	26	24	24	25	25	24	25	24	24	22	22	21	20	18	26	34	31	25	22	19	19	24	23	24	25
25	26	25	24	25	21	23	21	20	22	21	20	20	19	29	45	51	46	34	29	34	33	33	34	45	51	43	35
24	26	25	24	23	22	21	26	43	52	48	34	31	31	14	0	1	47	113	172	199	188	153	104	54	21	14	19
23	25	24	24	22	21	42	60	41	21	2	0	42	147	309	507	697	828	901	923	925	917	898	862	790	664	530	434
24	21	20	20	27	48	32	0	0	93	285	533	757	904	959	961	948	931	943	953	956	965	973	968	967	972	977	985
23	20	30	32	18	31	162	419	684	877	962	967	938	920	904	908	945	1010	1055	1103	1179	1236	1199	1153	1034	924	910	914
24	25	19	129	411	738	932	978	955	935	916	912	916	911	953	1029	1073	1075	1143	1394	1499	1424	1484	1662	1316	1288	1149	1086
34	234	601	888	983	956	932	911	916	920	912	917	938	1010	1068	1065	1086	1065	1137	1283	1145	1127	1123	1145	1218	1285	1301	1327
678	947	968	928	917	910	919	921	917	920	928	982	1030	1042	1079	1040	966	966	1020	1020	1053	1219	1380	1253	1138	1335	1299	1251
958	915	922	923	918	921	919	921	927	926	980	1038	1058	960	656	359	225	274	322	362	454	616	960	1051	974	972	959	956
911	925	916	917	925	923	932	963	954	1082	1241	1008	642	272	136	145	172	173	179	203	181	142	159	349	639	860	941	943
922	921	914	927	923	946	999	1019	1197	1473	932	332	153	168	163	145	167	166	173	201	250	227	132	94	190	677	975	992
913	920	923	923	951	992	1051	1293	1398	786	178	191	214	168	159	150	163	153	172	162	273	175	221	514	859	996	1024	1047
921	921	931	961	1046	1108	1361	1360	686	161	188	182	190	205	159	241	194	145	162	187	150	391	879	1031	1036	1068	1076	1070
937	925	988	1072	1076	1371	1368	621	125	201	173	164	180	176	170	497	280	164	177	151	431	983	1057	1058	1071	1060	1084	1086
946	988	1078	1067	1162	1323	551	143	176	169	187	161	167	201	197	415	368	177	154	309	935	1024	1076	1095	1084	1047	1062	1078
1010	1064	1052	1024	1100	597	150	241	258	240	305	174	174	200	207	491	265	197	218	862	1107	1074	1095	1110	1115	1065	1055	1062
1035	1067	1036	1054	812	202	176	181	171	167	354	488	334	177	317	444	199	174	467	1110	1105	1092	1112	1102	1110	1101	1065	1055
1060	1029	1014	1037	376	177	188	152	153	178	201	275	486	518	609	270	208	194	790	1136	1102	1103	1105	1106	1117	1120	1088	1030
1076	1002	1061	738	165	173	189	174	162	212	224	213	171	354	813	271	257	227	906	1128	1101	1107	1103	1112	1123	1102	1072	1076
1080	1183	991	298	180	169	165	278	270	209	284	266	189	182	847	434	386	244	939	1129	1107	1110	1106	1115	1125	1098	1088	1118
1220	1437	655	161	186	149	160	238	433	190	221	626	348	167	727	590	354	197	890	1142	1113	1112	1110	1117	1121	1096	1114	1119
1419	1330	395	165	182	322	224	183	166	148	150	576	543	182	457	618	205	177	771	1151	1116	1113	1116	1118	1106	1080	1100	1117
1424	1297	258	171	173	230	246	232	243	199	161	308	444	180	203	453	210	153	541	1091	1112	1110	1106	1105	1111	1089	1087	1111
25	24	26	25	27	27	26	26	25	24	24	25	24	23	22	22	21	22	23	22	23	22	22	21	22	22	23	25
25	26	27	25	27	27	25	25	26	24	23	24	24	23	22	23	21	21	22	23	22	20	23	23	21	21	21	23
23	26	27	28	28	27	25	26	24	24	22	24	22	25	23	21	22	21	21	23	22	21	22	23	23	22	21	18
24	24	26	27	28	28	26	26	25	25	23	24	23	22	23	21	21	20	19	20	23	22	22	21	23	23	22	21
25	25	26	26	25	25	26	25	25	26	25	24	24	23	21	20	20	27	37	39	32	21	19	19	20	20	20	21
24	25	25	25	25	22	22	22	21	23	22	19	20	21	30	47	53	44	29	23	28	28	32	34	43	50	42	34
25	25	25	24	24	23	22	27	47	58	56	42	33	31	17	0	7	62	137	205	235	222	185	136	72	26	12	14
24	25	25	24	23	21	40	63	42	21	0	0	47	165	336	542	728	851	912	937	940	934	916	890	825	717	602	514
24	22	22	21	26	48	39	0	0	83	278	538	772	913	969	961	941	931	946	959	963	968	974	986	965	955	967	977
23	21	29	39	24	21	131	378	656	867	966	975	940	917	910	922	967	1005	1059	1225	1309	1270	1197	1118	1028	913	911	910
25	32	19	100	354	686	910	979	961	935	920	922	919	918	969	1049	1087	1117	1361	1502	1434	1371	1443	1306	1282	1303	1173	1124
28	196	546	858	979	966	938	919	917	923	920	924	956	1028	1099	1074	1102	1218	1337	1259	1123	1126	1127	1059	1173	1267	1269	1303
629	930	973	935	916	916	921	920	916	923	935	994	1077	1199	1335	1046	898	889	967	1006	1037	1248	1386	1123	1058	1339	1304	1246
963	916	918	922	921	922	916	920	931	925	1001	1165	1206	1022	705	333	189	216	270	322	412	551	826	963	967	959	947	938
915	920	917	923	929	925	942	972	968	1106	1376	1156	668	266	124	169	185	173	185	197	175	138	158	307	591	850	937	931
923	917	914	925	924	950	994	1029	1214	1421	1031	323	158	174	157	180	167	163	189	248	231	268	178	141	229	688	957	978
917	918	923	919	946	982	1041	1311	1369	822	183	173	197	172	154	193	187	155	174	158	238	173	281	624	903	978	1001	1041
919	924	928	962	1031	1082	1374	1359	669	155	173	174	172	194	163	320	232	163	165	196	187	484	946	1051	1039	1053	1052	1068
933	928	984	1060	1041	1297	1299	521	129	187	165	162	183	174	172	355	310	297	174	171	534	1029	1053	1055	1068	1060	1066	1079
947	988	1071	1066	1093	1167	446	139	186	186	175	180	168	181	158	333	485	225	199	443	989	1026	1068	1085	1080	1045	1055	1069
1026	1070	1062	1035	1068	529	151	202	193	252	288	174	183	194	174	524	314	175	239	923	1105	1084	1109	1117	1105	1058	1059	1063
1057	1073	1039	1061	768	181	186	174	169	205	394	378	228	234	475	477	186	165	513	1117	1107	1105	1120	1117	1125	1114	1067	1060
1073	1042	1012	1011	342	203	184	166	186	171	204	277	326	392	706	274	203	207	836	1133	1105	1109	1107	1118	1128	1135	1110	1037
1078	1065	1090	637	150	183	183	153	168	271	247	370	193	290	727	297	344	260	978	1119	1104	1107	1106	1121	1125	1116	1096	1060
1099	1360	986	231	185	159	213	378	238	274	466	514	247	191	645	362	364	241	981	1122	1107	1109	1109	1116	1123	1113	1084	1092
1260	1436	632	141	200	187	164	249	325	155	298	659	337	189	455	376	283	198	905	1134	1110	1113	1112	1118	1122	1108	1093	1110
1384	1373	420	156	236	355	190	203	168	144	160	395	335	204	285	368	178	170	752	1148	1115	1112	1117	1118	1112	1092	1095	1107
1402	1359	241	183	170	220	192	269	234	194	174	257	268	167	176	290	230	158	512	1088	1111	1111	1110	1110	1112	1095	1084	1094
24	23	26	25	27	27	26	26	25	24	24	25	24	23	22	22	22	22	23	22	23	23	23	21	19	20	23	24
25	26	27	25	27	27	25	25	26	24	23	24	25	23	22	23	21	22	23	23	22	20	24	24	20	20	19	20
23	26	28	28	28	27	25	26	25	24	22	24	22	25	24	21	22	21	23	23	22	21	22	23	22	21	19	16
25	24	26	28	29	27	26	25	25	25	23	24	24	22	24	22	22	21	19	21	22	21	23	23	21	19	19	18
25	26	26	26	26	26	26	25	25	25	24	24	25	24	21	20	22	29	40	46	40	24	20	19	16	16	17	17
24	24	25	26	24	23	22	23	21	24	23	18	19	22	30	48	54	43	25	15	20	24	30	33	38	45	41	35
25	25	25	24	24	24	21	27	49	60	59	49	35	30	19	0	15	80	163	241	278	264	223	171	94	35	14	12
25	25	26	24	24	21	36	63	43	19	0	0	50	181	367	574	758	873	923	948	950	946	929	910	852	764	670	590
24	23	23	22	26	47	45	0	0	74	274	546	785	922	974	960	938	938	952	967	968	965	975	992	949	935	958	970
23	21	29	42	28	14	102	335	627	856	966	976	943	915	913	935	984	1016	1121	1362	1410	1281	1173	1082	1077	973	917	909
25	36	20	74	299	630	881	977	969	935	921	927	920	922	981	1075	1136	1212	1483	1500	1339	1334	1360	1036	1326	1367	1211	1164
23	163	491	823	969	974	943	923	918	922	925	928	968	1072	1205	1250	1276	1370	1423	1213	1114	1145	1127	1014	1174	1245	1245	1282
582	910	976	942	916	921	923	919	918	924	934	1005	1152	1358	1605	1142	853	805	898	982	1021	1253	1340	1039	1081	1348	1310	1239
966	919	916	923	924	923	917	921	934	926	1028	1281	1362	1175	802	306	164	173	221	279	365	477	700	893	965	951	936	922
917	916	920	928	930	926	950	981	984	1131	1417	1292	766	292	120	175	188	177	189	193	166	147	156	260	539	844	932	922
923	914	916	924	924	951	989	1038	1235	1355	1107	363	160	177	167	221	175	169	201	270	201	274	209	180	278	711	945	970
919	918	922	916	945	979	1029	1339	1344	832	200	160	192	187	154	242	248	162	212	189	200	177	350	724	926	964	988	1040
919	924	927	973	1024	1052	1365	1341	628	151	169	177	190	195	172	347	247	227	236	207	227	581	989	1062	1038	1038	1035	1072
930	936	993	1060	1029	1207	1200	427	142	188	181	168	188	201	175	223	302	395	175	189	631	1051	1051	1057	1069	1065	1055	1075
952	1006	1071	1069	1058	1039	375	150	191	194	195	209	169	180	149	251	466	246	228	545	1023	1031	1062	1077	1079	1056	1057	1070
1044	1078	1072	1051	1059	483	153	193	153	268	262	185	181	249	208	439	307	163	261	956	1097	1089	1112	1112	1093	1058	1067	1071
1075	1078	1042	1069	717	163	204	208	171	242	386	299	159	286	515	405	188	165	549	1115	1106	1115	1124	1125	1131	1116	1072	1070
1081	1063	1036	971	297	207	183	203	237	170	255	330	193	259	608	253	250	222	863	1128	1105	1112	1111	1125	1133	1138	1122	1054
1078	1170	1158	535	145	195	204	149	240	325	256	454	217	222	519	296	395	267	1013	1116	1107	1111	1114	1128	1125	1123	1112	1058
1123	1479	989	180	200	163	277	391	203	315	506	575	266	199	400	274	305	234	1005	1120	1110	1112	1115	1118	1121	1121	1088	1077
1285	1422	632	121	226	215	163	231	232	155	316	539	300	205	221	207	221	207	920	1129	1111	1115	1117	1120	1123	1118	1084	1099
1360	1431	421	156	277	330	168	229	182	163	189	230	186	208	161	215	182	177	749	1143	1115	1112	1119	1118	1116	1106	1094	1095
1383	1326	215	203	182	207	171	295	224	193	193	213	169	169	165	210	250	174	496	1082	1112	1113	1114	1115	1112	1103	1087	1082
24	23	23	25	26	26	26	25	24	23	25	24	22	22	22	21	23	24	24	23	23	25	24	22	18	19	22	22
23	24	26	25	26	27	25	24	26	22	22	23	22	23	23	23	22	24	24	23	24	23	23	23	20	20	19	18
24	25	25	27	26	25	25	24	24	23	22	21	21	23	23	23	23	22	26	24	23	23	23	23	20	19	20	16
24	25	26	27	27	26	25	23	22	23	22	23	23	21	22	24	24	21	21	22	21	22	25	25	20	15	17	17
24	24	25	27	23	26	25	24	23	22	21	23	22	22	21	20	25	33	42	50	47	31	23	20	16	12	14	16
23	23	24	23	22	22	22	21	18	23	22	18	17	19	27	46	54	44	21	5	12	24	26	28	31	38	40	38
25	26	23	23	23	24	19	24	48	58	56	51	38	27	15	2	27	100	191	278	325	314	268	208	122	52	24	17
24	25	25	22	23	19	31	60	41	15	0	0	48	192	398	599	784	893	932	953	953	949	937	922	875	808	730	661
25	23	22	21	24	45	48	0	0	65	272	558	797	932	969	954	942	954	961	979	968	954	975	977	917	916	952	964
24	20	29	39	29	9	73	293	597	845	961	966	945	915	910	941	991	1057	1268	1485	1449	1272	1132	1054	1206	1138	929	911
26	35	17	50	248	572	848	971	977	933	913	920	917	921	988	1106	1230	1367	1413	1362	1265	1332	1239	1002	1458	1472	1276	1209
21	133	440	784	952	976	945	920	918	913	922	923	971	1148	1409	1659	1671	1473	1297	1180	1130	1181	1120	1047	1230	1213	1236	1263
536	887	978	946	917	921	924	917	921	924	922	1014	1249	1468	1822	1357	841	716	815	939	1008	1227	1229	1033	1229	1364	1316	1231
964	923	918	927	927	923	924	927	935	929	1057	1345	1481	1435	943	261	130	141	173	231	311	397	608	840	956	950	925	912
915	916	925	929	926	926	953	987	999	1171	1318	1363	946	362	134	155	176	188	184	195	158	173	146	216	493	845	926	920
922	913	920	926	921	944	982	1050	1263	1315	1131	471	156	171	199	250	186	185	188	242	172	220	199	190	336	766	947	973
918	919	919	915	953	985	1017	1382	1328	799	230	163	215	210	160	267	342	175	299	250	168	188	418	788	928	970	994	1047
920	918	927	997	1035	1024	1329	1298	555	152	188	189	247	218	188	266	211	346	400	210	260	675	1002	1058	1038	1030	1034	1086
928	950	1019	1080	1059	1121	1071	351	160	206	226	184	195	258	180	177	241	401	180	201	711	1041	1049	1065	1080	1079	1054	1079
964	1047	1083	1078	1069	976	344	182	186	179	240	243	170	207	176	199	249	211	211	578	1029	1031	1057	1072	1085	1079	1078	1085
1066	1084	1070	1058	1051	452	153	245	182	298	244	209	162	389	317	216	217	176	292	960	1076	1082	1099	1090	1080	1070	1085	1093
1084	1076	1036	1074	658	155	230	297	181	264	323	354	194	312	351	215	217	182	566	1101	1095	1114	1119	1119	1123	1106	1082	1087
1079	1082	1096	916	240	172	185	270	304	177	370	467	197	207	276	206	378	241	865	1119	1101	1108	1114	1121	1127	1126	1113	1088
1075	1309	1274	447	158	202	264	172	401	356	245	387	230	195	261	262	379	244	991	1121	1108	1119	1125	1129	1122	1119	1114	1084
1153	1485	1000	155	219	179	351	265	186	305	301	306	211	195	244	223	238	236	1010	1124	1116	1118	1120	1122	1122	1119	1104	1084
1284	1432	662	108	263	215	154	186	214	183	236	266	252	204	183	197	197	233	942	1128	1116	1117	1122	1125	1124	1120	1097	1085
1355	1495	382	175	271	213	166	256	206	191	233	200	218	180	164	245	214	202	778	1138	1116	1114	1122	1120	1119	1117	1103	1080
1371	1149	182	226	209	190	179	269	213	199	205	201	176	168	160	211	238	196	515	1075	1115	1117	1115	1121	1115	1114	1099	1079
25	23	24	25	26	26	26	24	24	24	25	24	23	24	22	22	24	25	23	24	24	24	24	23	18	19	21	22
24	24	26	25	26	28	25	24	25	23	23	23	23	24	24	24	22	26	24	22	25	23	23	23	20	19	20	17
24	24	25	26	26	25	25	25	25	23	23	22	22	23	23	24	24	23	26	24	24	23	23	22	20	19	20	16
24	25	26	26	27	26	25	25	23	23	23	24	24	22	22	24	25	21	21	22	21	22	24	24	20	15	17	18
24	24	24	27	23	26	25	24	23	23	22	24	23	23	22	21	25	33	44	52	52	37	25	20	17	14	14	16
23	24	24	23	22	23	23	21	18	24	27	23	18	20	27	45	53	38	15	1	5	15	24	25	28	36	41	40
25	26	23	24	22	24	20	24	48	59	55	55	43	27	13	6	40	123	222	322	377	370	322	253	160	79	40	27
25	24	24	22	24	19	29	58	42	15	0	0	56	221	440	639	809	904	937	958	963	955	947	934	900	843	778	718
25	24	22	20	25	42	50	2	0	62	276	575	817	945	970	955	941	952	965	999	976	960	973	965	912	908	946	956
24	20	29	40	33	7	50	262	575	837	963	968	945	923	924	953	1006	1092	1360	1537	1417	1221	1091	1047	1291	1268	951	918
26	36	17	34	203	514	814	965	978	939	912	924	921	934	1023	1124	1229	1398	1355	1273	1242	1323	1125	1081	1451	1524	1330	1261
19	106	391	742	936	977	951	919	919	915	925	925	997	1214	1401	1578	1576	1361	1210	1161	1135	1166	1084	1102	1238	1215	1231	1249
489	861	977	950	918	918	922	917	928	925	918	1040	1307	1397	1614	1276	819	655	722	850	975	1151	1143	1060	1361	1373	1301	1223
962	927	918	924	924	928	924	931	936	940	1094	1347	1393	1398	898	254	122	117	131	166	257	345	534	788	987	950	916	909
913	917	925	926	923	932	954	995	1011	1194	1266	1347	1008	422	159	165	162	177	165	166	155	168	150	176	498	875	922	919
921	916	920	925	922	942	982	1049	1277	1292	1090	504	157	158	205	222	230	215	170	237	201	180	180	221	448	848	950	975
920	920	916	915	963	1010	1022	1364	1340	749	232	154	217	204	174	235	340	188	321	320	176	213	488	847	949	979	1005	1052
923	915	930	1014	1060	1041	1232	1200	483	146	187	182	227	205	187	205	185	321	400	200	288	755	997	1044	1039	1038	1054	1100
926	958	1041	1091	1072	1086	948	298	159	204	219	191	190	261	174	162	204	312	189	223	766	1025	1045	1066	1088	1092	1074	1090
975	1070	1089	1075	1075	948	317	192	183	177	256	238	171	339	225	185	180	199	199	592	1031	1024	1050	1070	1085	1097	1098	1104
1079	1087	1068	1058	1039	416	155	232	232	299	300	290	152	399	327	162	251	190	315	968	1077	1078	1081	1074	1076	1088	1099	1109
1087	1075	1065	1075	589	155	208	268	196	254	297	378	198	260	248	176	300	190	577	1095	1086	1103	1107	1112	1110	1102	1095	1101
1076	1131	1255	854	195	170	181	298	298	183	320	385	199	196	170	215	374	238	852	1114	1097	1102	1110	1111	1117	1112	1110	1104
1082	1391	1338	373	155	233	265	205	390	293	229	283	216	208	184	224	311	243	968	1124	1110	1123	1128	1122	1116	1112	1115	1101
1172	1470	1020	142	217	211	322	202	196	258	208	194	185	188	189	202	211	241	998	1127	1116	1118	1120	1120	1119	1117	1109	1095
1283	1492	650	118	260	214	184	179	199	197	195	181	221	196	170	191	178	233	950	1129	1117	1117	1122	1123	1122	1117	1105	1092
1330	1403	299	177	229	177	183	258	213	201	223	196	205	170	170	230	226	206	795	1135	1116	1114	1121	1119	1118	1117	1108	1085
1261	950	167	236	202	180	184	231	206	205	211	203	196	173	158	202	224	188	558	1081	1116	1118	1117	1120	1115	1118	1105	1080
26	24	25	25	25	27	27	23	25	25	25	25	25	26	21	24	24	26	21	24	25	23	24	23	19	19	19	21
25	24	26	25	27	28	26	25	24	25	24	24	24	24	25	24	23	27	23	21	25	23	22	22	21	19	21	17
24	24	25	25	27	26	26	26	26	23	25	24	24	23	23	24	24	24	24	23	24	22	23	21	21	18	21	17
24	25	26	25	26	26	25	27	24	24	25	25	25	23	23	24	25	22	20	21	21	21	22	22	19	17	17	21
25	25	24	26	24	26	24	25	24	24	24	25	24	24	24	22	23	31	44	53	54	43	28	20	20	17	15	18
24	25	23	23	23	24	24	22	19	26	34	29	21	21	28	43	50	31	7	0	0	4	21	22	26	36	43	41
25	26	23	25	22	23	23	23	47	60	55	58	48	28	12	14	60	153	263	371	432	428	381	304	206	112	58	38
26	24	22	22	25	19	28	58	44	17	0	0	70	259	488	686	834	912	941	962	972	961	955	945	922	872	819	767
26	26	23	20	26	40	52	6	0	64	287	596	841	958	972	956	938	942	964	1016	986	974	967	951	920	907	940	947
25	21	28	43	37	7	32	239	558	834	968	972	944	934	942	965	1023	1123	1402	1541	1355	1149	1061	1076	1355	1332	976	926
27	39	19	23	165	459	780	958	975	945	915	931	929	952	1059	1133	1199	1368	1310	1227	1259	1292	1040	1204	1374	1527	1376	1313
18	83	345	697	919	979	958	920	920	922	929	928	1028	1259	1280	1277	1265	1173	1158	1149	1128	1121	1043	1155	1211	1231	1229	1236
443	831	973	956	919	915	921	919	935	926	918	1075	1332	1249	1241	1067	788	612	628	742	925	1056	1081	1107	1439	1375	1280	1218
961	931	917	920	919	934	923	935	939	954	1133	1322	1225	1215	758	260	125	102	101	106	206	310	469	735	1026	954	909	910
911	918	922	922	922	938	952	1003	1021	1200	1244	1284	985	451	181	186	153	162	153	132	157	161	156	150	549	917	920	919
921	920	918	923	923	940	985	1042	1276	1288	1013	484	159	147	196	175	276	247	157	235	257	161	166	275	591	928	953	977
922	922	915	916	971	1041	1038	1298	1342	688	215	144	204	184	188	180	280	201	300	356	197	253	571	897	974	987	1018	1055
925	913	934	1025	1087	1077	1120	1060	412	140	181	177	174	176	178	166	168	230	312	186	318	820	985	1029	1040	1050	1083	1114
923	962	1057	1095	1076	1084	845	261	154	196	193	194	183	254	171	166	189	199	203	250	803	1008	1042	1064	1092	1101	1100	1103
984	1081	1091	1067	1077	933	294	191	186	188	266	222	166	473	268	194	198	209	194	597	1028	1019	1047	1070	1083	1108	1117	1123
1088	1088	1069	1063	1016	374	163	198	293	276	366	364	155	328	279	198	326	207	330	973	1087	1076	1065	1066	1077	1107	1112	1120
1088	1076	1134	1084	509	158	174	194	212	229	284	361	188	184	191	215	369	191	583	1089	1081	1089	1092	1105	1094	1104	1108	1113
1074	1192	1432	794	161	184	182	306	255	188	203	215	200	208	189	243	298	226	826	1109	1093	1096	1101	1097	1104	1101	1111	1112
1093	1425	1363	321	151	270	233	234	293	202	214	190	204	244	210	192	229	251	939	1126	1114	1126	1126	1113	1108	1106	1115	1115
1184	1452	1034	139	201	234	242	183	215	202	190	190	201	201	204	201	205	244	974	1130	1115	1117	1118	1117	1115	1115	1109	1106
1280	1537	595	141	240	215	224	192	191	205	188	214	224	202	184	193	172	225	945	1131	1116	1117	1119	1120	1118	1113	1110	1106
1291	1214	212	175	183	190	206	242	212	203	195	216	195	184	183	203	228	208	810	1132	1118	1116	1119	1118	1116	1112	1112	1098
1116	779	166	235	178	176	190	197	204	211	213	216	224	188	166	197	222	200	633	1084	1116	1119	1120	1117	1114	1118	1107	1083
25	24	25	24	25	26	27	24	24	25	24	24	25	23	22	22	22	24	22	23	24	23	23	22	20	19	19	21
25	24	25	25	27	27	26	25	24	24	26	23	23	23	22	23	23	23	22	22	24	23	22	21	21	20	20	18
25	26	24	24	26	26	26	25	26	23	24	24	23	23	21	21	23	22	23	22	23	21	24	21	21	17	20	17
23	26	26	25	25	25	26	26	24	23	24	24	24	23	21	22	23	21	19	20	21	19	21	20	17	17	19	21
25	24	25	25	24	24	23	25	23	23	24	23	23	22	22	21	21	30	45	52	56	49	34	21	22	19	19	19
25	25	23	23	23	23	21	21	19	27	37	35	24	21	25	36	42	27	2	0	0	1	13	16	25	33	44	42
26	27	24	24	23	24	23	20	44	57	48	51	44	24	13	28	94	205	325	426	486	486	444	359	253	148	83	54
27	26	23	23	24	19	25	56	46	15	0	0	85	295	533	731	866	932	953	967	969	961	956	950	935	899	852	808
26	26	24	21	24	38	54	12	0	65	306	623	861	961	962	944	937	937	956	1003	985	980	954	925	914	910	930	939
25	21	28	44	43	8	22	215	544	835	966	965	947	936	937	963	1026	1152	1386	1541	1340	1093	1055	1183	1446	1239	1004	948
28	42	22	13	131	415	752	945	973	945	916	932	934	965	1040	1134	1262	1388	1295	1225	1306	1202	1037	1238	1332	1476	1382	1329
19	64	301	653	898	985	963	920	919	925	928	920	1037	1249	1185	1200	1205	1160	1157	1145	1101	1078	1040	1150	1151	1219	1226	1233
404	801	964	966	922	918	929	922	939	928	917	1101	1327	1212	1173	1014	738	569	553	655	856	1007	1054	1148	1356	1386	1288	1257
964	938	915	922	921	939	933	937	946	962	1167	1333	1203	1122	667	232	116	101	99	102	162	278	397	673	1010	971	903	905
914	918	921	919	928	933	942	1006	1032	1187	1245	1242	907	392	160	184	164	174	194	145	173	216	139	151	651	940	916	920
924	920	920	925	924	935	989	1038	1263	1318	955	442	155	168	185	173	260	273	183	196	295	204	186	370	739	947	953	979
921	922	916	920	974	1056	1052	1190	1263	628	182	144	177	169	190	169	211	214	260	250	179	309	701	938	973	986	1025	1051
922	910	941	1030	1088	1089	1086	890	343	147	191	212	159	155	174	168	164	201	251	180	355	860	988	1030	1042	1049	1083	1106
922	964	1059	1090	1074	1085	806	232	175	205	206	195	193	323	199	165	196	206	228	264	830	1005	1041	1066	1089	1103	1105	1106
990	1082	1090	1060	1076	892	270	200	210	220	330	254	137	403	244	202	227	265	202	601	1018	1031	1054	1076	1083	1110	1122	1119
1087	1084	1077	1090	963	316	191	220	357	226	324	297	183	226	224	202	291	231	325	952	1079	1070	1063	1076	1080	1116	1115	1117
1087	1080	1268	1130	407	152	190	201	223	211	237	244	168	169	174	209	266	183	576	1068	1079	1084	1083	1100	1084	1112	1113	1112
1076	1239	1482	750	139	192	216	333	233	190	162	145	150	175	163	203	226	219	787	1099	1092	1090	1087	1089	1089	1100	1113	1115
1099	1411	1365	318	172	283	203	232	237	195	181	171	214	235	191	179	204	232	896	1133	1124	1135	1127	1109	1104	1101	1114	1116
1175	1491	1021	140	177	186	194	191	210	180	175	209	262	246	201	181	181	222	935	1143	1125	1122	1119	1116	1114	1111	1110	1110
1228	1447	470	169	240	233	214	200	194	191	177	235	271	239	188	182	185	222	923	1139	1122	1123	1122	1125	1117	1114	1113	1112
1162	995	202	189	202	212	203	221	210	206	188	220	232	199	166	181	196	213	838	1127	1128	1123	1123	1122	1116	1114	1116	1112
1072	755	180	218	161	175	205	210	210	212	210	212	217	191	184	204	234	329	770	1063	1123	1126	1124	1122	1116	1118	1115	1099
24	24	25	24	25	25	26	25	24	25	24	24	24	21	22	21	21	23	22	22	23	23	23	22	20	21	20	21
25	24	24	25	27	26	26	24	24	23	26	23	22	22	21	22	23	21	22	23	23	23	22	21	21	22	21	19
25	27	24	24	26	26	26	24	24	23	23	24	22	23	20	20	23	21	23	22	23	21	25	21	20	17	19	18
24	26	26	25	25	25	26	25	24	23	23	24	24	23	20	21	22	21	19	20	22	19	20	19	16	18	20	21
25	24	25	25	24	23	23	25	23	23	23	22	22	21	21	21	20	30	45	51	55	53	40	25	24	22	22	21
25	25	23	23	23	22	20	20	19	26	39	40	29	22	24	30	35	24	0	0	0	0	5	12	24	32	43	44
27	27	25	23	23	24	23	19	41	56	43	42	37	19	15	51	139	261	387	480	535	538	497	409	295	181	107	73
27	27	24	24	22	19	22	54	50	14	0	0	107	337	585	778	897	949	963	968	963	957	954	954	945	919	879	842
26	26	24	21	23	37	55	18	0	71	331	652	882	962	955	933	933	935	950	980	977	976	945	917	905	914	923	931
25	21	28	44	46	10	16	196	537	840	963	959	948	930	924	953	1029	1160	1337	1511	1318	1052	1106	1291	1471	1137	1015	966
29	45	26	5	103	379	725	932	969	941	917	931	933	964	1034	1166	1321	1379	1274	1258	1338	1111	1067	1223	1314	1406	1376	1331
23	48	262	609	876	985	962	920	918	926	928	915	1032	1241	1165	1184	1191	1163	1154	1126	1078	1054	1059	1141	1127	1241	1236	1236
364	766	955	971	927	918	929	927	938	929	918	1116	1317	1200	1159	988	700	540	496	586	793	960	1035	1174	1311	1355	1280	1321
965	945	917	923	924	938	938	939	952	967	1169	1341	1206	1069	602	208	105	103	102	100	135	238	335	610	988	964	901	906
918	921	919	919	932	925	935	1007	1040	1171	1256	1205	836	332	142	171	173	180	231	159	168	238	128	180	762	947	917	919
925	920	923	927	920	930	987	1035	1223	1329	890	386	149	184	181	176	230	256	206	167	279	212	215	475	847	945	957	977
921	921	918	922	976	1061	1060	1110	1107	553	167	157	174	169	186	165	166	214	235	176	172	389	806	959	964	983	1028	1045
919	911	948	1035	1086	1089	1074	756	274	159	219	242	165	156	189	179	174	193	211	183	434	896	988	1036	1046	1046	1085	1100
922	971	1063	1086	1069	1088	765	215	190	222	209	233	205	377	223	163	214	214	222	322	869	1003	1044	1071	1095	1111	1108	1106
996	1084	1085	1072	1086	832	242	204	226	240	327	264	122	302	210	195	230	273	232	666	1016	1046	1063	1080	1093	1113	1125	1118
1087	1081	1106	1179	896	263	207	237	364	194	260	217	189	166	189	204	251	238	379	948	1074	1075	1069	1087	1091	1122	1117	1118
1086	1094	1372	1168	318	166	224	219	223	195	210	207	211	217	212	226	219	207	610	1047	1084	1085	1082	1097	1085	1119	1117	1114
1077	1271	1486	729	123	191	249	322	217	204	236	276	300	304	260	225	209	243	784	1090	1098	1093	1083	1088	1083	1105	1116	1116
1100	1402	1362	301	190	279	188	217	202	250	323	389	438	427	327	220	209	255	878	1132	1131	1139	1127	1108	1105	1103	1115	1117
1155	1485	929	146	166	159	176	191	203	255	359	449	510	485	378	239	200	259	918	1146	1133	1129	1122	1117	1115	1111	1113	1113
1166	1279	373	193	232	228	205	201	202	271	358	463	512	480	390	276	253	304	917	1135	1128	1127	1125	1128	1117	1116	1116	1116
1079	866	213	209	219	222	204	210	208	245	313	404	459	423	352	325	306	352	871	1106	1133	1127	1125	1125	1117	1116	1118	1119
1049	764	193	205	169	187	209	220	220	215	251	311	350	329	281	295	394	547	866	1028	1123	1129	1126	1125	1118	1118	1121	1110
25	25	24	24	25	25	24	26	24	24	26	24	23	22	22	22	21	22	22	22	24	23	25	22	21	23	21	23
24	25	26	25	26	27	25	22	26	24	24	23	22	22	22	21	22	21	21	23	24	23	24	23	22	23	22	21
24	24	24	25	26	27	26	25	22	24	23	23	23	23	21	22	22	21	22	22	23	22	23	23	18	18	19	20
25	26	25	23	25	25	25	25	23	23	23	24	23	22	21	23	21	22	18	21	24	21	18	18	17	20	21	23
24	26	25	24	25	25	23	23	23	22	21	22	20	21	22	20	21	30	44	50	51	52	46	33	26	26	25	22
24	23	25	22	21	23	22	20	20	24	41	46	36	25	23	26	30	20	0	0	0	0	1	10	22	33	41	46
28	26	23	22	23	23	23	20	40	58	43	33	28	14	21	85	195	320	444	531	579	581	538	452	329	208	130	94
27	27	25	23	21	20	20	51	54	13	0	0	139	385	648	827	925	960	968	966	956	952	951	957	952	931	898	867
26	26	23	21	24	37	56	23	0	82	361	685	906	965	952	926	925	936	946	952	964	963	945	935	896	918	920	925
25	22	29	44	47	13	12	185	537	848	961	956	947	917	907	937	1034	1143	1265	1446	1275	1030	1219	1379	1410	1065	1002	979
30	47	29	1	79	349	700	923	965	936	917	929	925	947	1054	1238	1353	1327	1244	1322	1340	1037	1117	1169	1320	1324	1353	1315
29	35	229	567	854	976	956	919	918	923	931	915	1015	1250	1238	1206	1190	1155	1139	1090	1066	1057	1096	1141	1153	1305	1263	1245
323	728	947	972	933	913	919	936	932	929	922	1116	1310	1204	1155	969	680	526	461	535	743	907	1019	1183	1350	1271	1249	1423
962	953	925	922	926	928	933	941	955	969	1132	1338	1214	1053	564	195	93	105	104	88	130	189	286	551	972	927	905	917
924	925	918	923	933	915	932	1005	1043	1153	1270	1173	788	295	138	149	174	173	249	164	136	205	130	237	868	938	924	917
923	921	926	928	910	927	979	1031	1156	1301	816	322	141	187	185	176	199	190	219	158	202	166	251	583	902	933	967	971
920	920	922	923	978	1057	1059	1076	881	461	181	183	201	187	181	163	156	199	237	177	193	493	866	956	951	981	1026	1037
915	914	957	1045	1085	1080	1075	676	208	174	264	259	190	183	226	191	199	202	201	202	566	934	983	1045	1053	1045	1090	1098
922	984	1072	1084	1064	1087	704	208	193	245	192	313	214	393	235	162	240	206	189	443	922	1002	1049	1079	1110	1128	1109	1103
999	1089	1076	1106	1112	751	209	202	227	237	231	236	130	213	186	179	205	222	296	806	1023	1060	1073	1081	1115	1118	1126	1122
1085	1079	1159	1334	820	219	204	237	300	191	199	163	173	179	194	216	240	237	512	970	1077	1092	1080	1096	1108	1126	1118	1122
1084	1120	1420	1188	252	202	268	234	209	188	227	303	343	340	315	287	289	283	699	1028	1097	1093	1089	1097	1101	1124	1120	1119
1076	1286	1464	732	114	180	272	260	211	243	444	631	701	636	515	345	269	312	832	1079	1110	1103	1093	1094	1092	1116	1119	1118
1093	1409	1354	255	198	258	191	197	199	373	680	867	906	861	653	333	250	343	894	1119	1134	1136	1124	1110	1110	1112	1119	1120
1117	1410	751	158	177	173	190	177	212	449	772	931	959	942	766	404	284	376	929	1133	1138	1135	1127	1120	1118	1115	1118	1116
1089	1054	329	210	211	193	207	200	224	478	766	926	964	947	824	506	390	493	934	1116	1131	1127	1125	1126	1119	1116	1118	1117
1063	861	234	232	220	212	216	216	217	336	596	802	895	889	784	670	593	647	906	1066	1130	1124	1124	1124	1119	1117	1116	1117
1055	778	200	200	204	213	197	215	236	233	358	541	657	633	476	491	723	837	896	981	1110	1125	1124	1123	1119	1119	1124	1111
24	25	23	23	24	24	24	25	24	23	25	23	22	22	21	22	22	23	22	22	24	24	24	23	23	23	21	23
24	25	26	24	25	25	24	22	25	24	24	22	22	22	22	21	23	22	22	23	24	23	25	23	23	22	22	21
24	24	24	25	26	26	24	24	22	23	23	22	22	22	22	22	21	21	23	22	23	23	23	22	18	18	19	22
24	26	25	23	25	24	24	24	23	23	22	23	22	21	22	23	21	22	19	22	27	23	19	17	18	22	21	23
24	25	24	24	24	24	22	23	23	21	21	21	19	19	21	20	21	29	44	52	52	52	53	41	32	30	27	23
24	23	24	22	21	22	22	19	20	23	41	49	44	31	23	20	21	15	1	0	0	0	0	6	20	33	38	44
26	25	22	22	23	22	22	19	36	59	41	24	16	10	36	128	257	385	502	584	625	626	586	495	364	237	154	113
26	27	25	23	21	18	18	46	56	11	0	11	185	460	713	868	943	963	968	963	952	948	953	957	960	943	914	886
26	25	23	22	23	37	55	26	0	95	397	727	926	965	944	919	916	928	944	944	954	947	964	967	906	920	913	924
25	22	29	46	47	15	5	179	545	860	965	960	933	911	902	917	1014	1135	1216	1335	1169	1063	1317	1427	1334	1030	1057	989
29	50	31	0	60	313	672	921	963	934	914	925	917	928	1048	1259	1369	1322	1292	1418	1253	1041	1144	1156	1280	1217	1313	1253
31	24	194	525	831	964	961	923	911	919	929	909	997	1256	1309	1256	1235	1215	1201	1079	1062	1074	1135	1149	1151	1244	1292	1299
276	687	935	974	936	911	918	933	922	930	915	1100	1324	1236	1155	954	669	518	454	506	700	871	999	1172	1341	1163	1255	1466
950	958	925	918	923	927	931	938	960	975	1092	1385	1265	1044	507	177	96	106	110	100	137	165	234	526	950	914	906	928
926	920	919	924	924	916	932	995	1046	1131	1291	1144	729	255	144	156	193	170	204	187	146	182	132	364	926	934	925	918
919	918	928	924	904	931	979	1024	1113	1155	736	257	135	174	195	177	183	165	214	148	160	167	358	727	932	934	965	966
919	920	919	926	986	1052	1061	1054	726	365	193	182	201	175	244	167	143	176	207	173	288	639	923	958	951	989	1020	1036
918	917	965	1054	1078	1063	1062	599	175	188	247	291	212	198	276	172	182	216	248	364	740	944	971	1034	1053	1052	1089	1104
932	996	1075	1080	1078	1076	632	181	200	259	182	311	158	311	241	188	287	340	407	668	937	989	1034	1068	1108	1122	1114	1108
1006	1087	1072	1184	1177	644	182	218	235	234	177	181	140	200	266	331	409	474	590	900	1003	1053	1067	1076	1117	1123	1127	1123
1081	1078	1217	1397	756	174	190	234	253	186	244	312	390	427	438	480	518	525	730	961	1070	1088	1084	1101	1116	1129	1120	1123
1080	1144	1429	1216	236	206	293	202	196	314	522	662	701	686	627	561	563	566	811	991	1093	1085	1091	1102	1112	1124	1121	1120
1073	1286	1481	734	135	196	251	186	302	550	795	917	959	908	816	639	541	578	872	1039	1103	1099	1093	1101	1102	1118	1118	1117
1082	1392	1269	219	209	231	164	194	431	719	945	1060	1077	1047	919	677	538	600	899	1081	1117	1114	1108	1103	1111	1116	1119	1120
1089	1256	607	190	195	182	166	244	511	787	1000	1093	1102	1095	993	747	593	626	916	1094	1124	1119	1116	1111	1115	1113	1118	1116
1065	972	320	205	206	199	193	252	510	799	996	1086	1105	1099	1030	819	687	713	918	1076	1121	1116	1115	1115	1112	1112	1115	1114
1067	879	244	229	213	207	207	213	420	661	885	1012	1065	1064	1006	928	819	820	911	1022	1120	1114	1116	1117	1113	1113	1113	1115
1068	779	199	203	209	215	202	187	305	489	681	835	914	899	787	777	882	920	907	948	1094	1118	1120	1118	1115	1116	1122	1113
23	24	23	23	24	23	24	24	24	23	23	23	22	22	21	22	23	24	22	23	24	24	23	24	24	23	22	23
23	24	25	24	24	23	24	22	24	24	24	20	22	22	21	22	24	23	23	24	23	23	25	22	24	21	21	20
24	25	24	25	26	24	23	22	23	22	23	22	21	22	22	21	21	22	24	23	24	24	24	21	18	18	20	23
23	25	25	24	25	23	23	23	23	23	21	22	21	21	23	22	21	22	20	23	29	25	20	16	19	23	21	22
23	24	24	25	23	23	21	23	22	21	22	20	18	18	20	20	21	28	43	53	53	52	59	49	38	32	29	24
23	24	23	22	21	22	21	19	20	23	41	51	52	39	23	16	12	11	3	0	1	0	0	2	15	29	33	41
24	25	22	22	22	21	20	18	32	59	40	16	4	9	58	176	319	450	558	633	669	669	633	534	396	265	177	132
24	26	24	23	21	16	17	40	57	9	0	34	243	544	775	903	954	963	966	961	949	945	952	957	966	952	927	902
25	25	23	22	23	37	53	26	0	111	440	773	944	964	935	915	910	921	943	941	942	934	984	993	918	916	906	925
24	22	30	48	48	15	0	178	559	875	971	962	917	909	903	900	984	1128	1176	1211	1077	1138	1387	1443	1241	1060	1143	998
27	51	33	0	47	281	651	922	963	933	911	921	911	909	1019	1241	1377	1374	1354	1481	1182	1087	1154	1166	1214	1146	1276	1182
32	14	163	490	810	953	970	926	905	917	925	903	977	1251	1376	1348	1313	1299	1276	1102	1082	1101	1167	1160	1130	1144	1309	1348
230	647	923	975	937	911	919	925	915	930	907	1065	1348	1317	1183	935	653	514	468	498	664	847	980	1141	1274	1061	1262	1473
936	962	923	915	919	929	929	933	968	985	1058	1416	1332	1028	438	158	106	111	115	118	146	156	194	498	923	913	905	937
927	913	920	922	915	920	933	982	1048	1112	1269	1079	644	218	158	170	208	170	145	199	169	165	136	488	945	931	922	918
915	914	928	918	902	938	977	1017	1085	956	625	204	137	167	209	182	176	162	211	153	163	219	498	859	942	938	959	961
918	920	915	930	996	1046	1062	1037	616	276	205	180	200	160	310	178	150	192	236	247	453	787	962	960	956	998	1016	1038
922	918	972	1060	1076	1058	1040	525	164	196	211	314	221	204	318	180	221	308	387	594	893	940	962	1014	1048	1061	1086	1110
943	1005	1076	1081	1127	1061	549	158	217	260	179	269	115	255	310	298	413	555	701	882	930	972	1012	1052	1101	1108	1118	1114
1012	1083	1078	1272	1242	531	167	244	238	242	202	209	244	315	445	569	687	795	899	948	972	1034	1056	1074	1115	1126	1128	1123
1076	1077	1268	1412	705	148	185	222	237	264	418	584	707	760	756	796	847	859	925	939	1053	1073	1083	1104	1121	1131	1123	1123
1077	1160	1422	1241	242	199	292	180	270	547	886	1042	1061	1037	961	871	858	865	904	952	1075	1072	1089	1110	1120	1122	1120	1120
1069	1274	1495	707	167	218	219	198	501	912	1111	1107	1102	1092	1065	948	846	859	901	992	1087	1088	1087	1108	1113	1117	1116	1116
1072	1339	1131	193	215	205	168	300	754	1066	1111	1101	1097	1097	1097	1032	872	864	899	1032	1097	1089	1092	1096	1111	1118	1117	1118
1067	1098	509	219	211	191	194	423	881	1095	1104	1097	1096	1097	1102	1074	930	875	899	1045	1108	1101	1102	1101	1112	1111	1117	1115
1057	970	330	193	207	216	225	410	863	1086	1104	1096	1096	1097	1101	1086	983	899	897	1027	1108	1106	1106	1105	1106	1108	1112	1111
1077	908	247	215	203	200	226	313	708	1007	1104	1101	1095	1091	1097	1093	983	912	905	980	1106	1105	1108	1111	1107	1108	1111	1114
1081	773	194	204	199	202	220	241	473	816	1017	1081	1089	1087	1066	1034	955	909	906	926	1071	1111	1117	1113	1110	1113	1119	1116
23	24	24	24	25	25	25	24	25	24	22	24	23	24	22	24	24	25	23	23	25	23	23	24	23	23	23	21
23	23	25	25	24	24	25	23	23	25	25	21	23	24	22	22	25	25	23	25	24	23	25	23	23	20	20	19
24	25	26	25	25	25	25	22	24	23	23	24	23	23	22	22	23	24	24	24	25	23	23	19	19	19	19	21
23	24	26	25	26	24	24	24	23	23	22	23	24	24	24	23	24	25	21	23	29	29	21	16	21	22	20	19
24	25	25	25	23	24	23	22	22	21	22	23	21	21	24	22	23	29	41	49	53	50	56	52	40	32	30	27
24	26	24	24	22	23	22	20	18	22	43	55	57	48	27	16	9	14	9	6	8	5	0	0	5	18	29	37
24	27	24	23	21	22	20	19	28	57	41	11	1	11	86	223	374	506	608	673	706	703	665	565	421	288	195	147
25	26	25	25	22	18	16	36	56	10	0	64	311	612	825	931	965	971	965	957	945	941	941	956	968	954	936	910
26	26	25	21	27	39	53	25	0	133	492	818	958	959	932	920	919	926	940	930	919	932	984	982	915	895	897	928
25	23	33	50	51	15	1	186	575	891	971	948	915	911	907	900	962	1115	1134	1103	1106	1255	1402	1451	1119	1210	1311	1017
28	52	36	0	39	266	647	926	964	929	909	918	911	899	961	1188	1413	1565	1351	1390	1307	1136	1147	1188	1131	1216	1298	1152
34	5	144	469	794	950	972	918	908	917	923	905	953	1216	1444	1549	1448	1371	1282	1185	1160	1129	1177	1166	1091	1101	1233	1262
199	616	916	973	942	914	916	923	924	929	916	997	1390	1529	1316	919	607	513	492	510	631	832	973	1078	1098	1014	1191	1348
922	967	931	914	922	927	922	932	980	1000	1044	1349	1425	998	362	139	114	133	117	123	146	160	193	409	881	916	906	931
927	915	917	919	921	923	930	971	1046	1106	1126	926	502	194	173	157	187	173	130	153	160	151	128	488	923	923	914	912
917	916	928	914	906	942	958	1013	1068	773	434	181	164	207	234	196	167	152	217	169	223	342	621	912	942	932	951	958
915	923	915	935	1007	1041	1055	1014	534	203	214	218	245	182	290	185	185	314	469	542	721	891	964	962	955	998	1022	1049
921	920	981	1062	1086	1086	1007	454	169	192	214	291	186	183	291	290	471	627	722	827	926	935	967	997	1040	1072	1085	1101
943	1008	1077	1098	1248	1055	449	170	261	230	170	201	179	392	569	626	749	815	865	911	916	958	998	1054	1106	1100	1111	1109
1012	1083	1101	1329	1245	437	173	279	210	261	377	513	623	695	771	830	864	895	928	925	940	1010	1053	1091	1125	1122	1120	1115
1078	1076	1293	1418	671	172	220	177	264	578	825	940	999	1005	949	898	906	915	929	921	1015	1051	1084	1107	1125	1128	1124	1120
1075	1165	1427	1257	239	209	234	222	592	922	1056	1094	1096	1089	1060	979	910	912	911	932	1042	1061	1083	1116	1123	1120	1118	1119
1068	1259	1461	599	187	218	191	462	890	1062	1111	1103	1101	1099	1093	1049	936	903	902	961	1072	1082	1075	1111	1119	1118	1114	1116
1074	1216	951	189	208	176	267	704	1012	1101	1108	1099	1095	1094	1096	1084	984	904	894	991	1094	1085	1096	1101	1114	1121	1114	1115
1061	1046	489	214	212	184	400	831	1050	1106	1102	1095	1093	1090	1095	1096	1026	920	902	1011	1118	1108	1101	1106	1117	1114	1118	1116
1060	992	336	193	206	191	394	815	1044	1105	1101	1093	1090	1089	1093	1098	1053	935	902	987	1110	1111	1110	1109	1112	1113	1113	1114
1078	922	250	202	195	172	329	733	979	1083	1108	1097	1090	1090	1091	1096	1048	932	909	946	1089	1111	1109	1112	1112	1112	1115	1115
1087	771	192	185	190	178	233	566	867	1020	1084	1097	1095	1093	1090	1084	1012	917	910	915	1033	1113	1119	1115	1113	1114	1121	1121
23	24	24	25	25	26	25	25	25	25	23	25	24	24	22	24	24	25	23	23	25	23	23	24	22	23	22	19
23	23	25	26	26	25	25	24	23	25	25	23	23	23	22	22	25	25	23	25	24	23	23	23	22	19	19	19
24	25	26	25	25	25	26	24	24	23	23	24	24	24	22	23	23	25	23	24	24	21	21	18	20	19	19	20
23	24	26	26	26	24	24	24	24	23	22	23	24	25	24	23	25	25	22	21	27	30	24	19	22	20	19	19
25	25	25	25	24	24	24	22	22	21	21	25	25	22	24	22	23	27	36	46	51	48	51	56	44	34	32	30
24	26	24	25	22	24	22	21	19	21	43	56	57	54	30	12	5	17	17	15	18	13	1	0	0	10	24	34
25	27	25	23	22	22	20	19	25	56	43	7	0	15	119	275	431	561	652	709	740	733	693	593	447	311	213	165
27	26	25	26	22	20	17	34	55	12	0	102	386	679	869	951	967	969	960	952	939	938	938	956	965	955	942	918
26	27	25	22	28	41	53	25	0	167	553	861	967	953	928	919	920	920	930	917	904	935	972	956	904	889	901	927
26	24	36	51	52	15	3	198	601	909	971	934	917	918	910	905	944	1061	1069	1074	1181	1327	1381	1343	1087	1384	1421	1009
28	54	39	0	33	258	650	928	964	926	911	919	918	903	927	1115	1322	1520	1318	1380	1335	1165	1152	1176	1109	1253	1299	1140
36	1	127	447	776	948	970	914	911	922	924	913	941	1150	1379	1510	1391	1327	1273	1260	1196	1159	1181	1161	1052	1097	1199	1270
168	583	903	972	944	916	915	922	929	928	927	962	1327	1537	1235	814	562	509	516	534	620	823	958	1026	980	994	1183	1351
903	972	932	914	920	925	921	934	985	1015	1054	1220	1263	830	281	142	130	156	122	123	132	147	173	373	874	918	908	923
926	915	916	918	924	920	927	960	1045	1106	960	683	335	170	187	176	173	168	150	141	162	167	212	556	912	920	913	913
917	914	926	914	912	943	949	1013	1056	648	273	162	181	220	231	191	173	230	360	329	398	532	751	936	935	928	944	957
914	924	915	935	1009	1038	1062	989	472	157	220	242	234	177	247	241	361	549	708	780	887	936	951	954	952	989	1022	1049
919	919	984	1058	1109	1170	970	384	174	182	194	243	210	240	398	521	718	846	912	938	927	927	963	977	1019	1070	1082	1091
939	1010	1077	1132	1338	1042	368	185	262	215	234	296	414	622	785	848	933	944	936	915	911	944	986	1042	1101	1093	1104	1102
1011	1083	1125	1365	1238	374	192	272	235	445	663	819	921	960	967	952	940	929	924	912	927	993	1045	1101	1132	1122	1115	1108
1079	1076	1310	1438	647	187	225	209	478	874	1069	1120	1131	1115	1056	961	919	924	918	916	983	1038	1082	1111	1129	1130	1126	1120
1073	1155	1441	1219	226	200	227	444	883	1116	1119	1096	1090	1092	1093	1041	939	917	912	921	1012	1059	1084	1121	1126	1121	1118	1118
1070	1212	1360	508	198	209	335	773	1102	1115	1090	1088	1089	1090	1091	1088	996	919	903	938	1055	1082	1073	1113	1122	1118	1115	1116
1074	1120	823	191	195	223	531	989	1126	1095	1093	1091	1090	1088	1084	1089	1045	938	895	955	1087	1090	1100	1105	1116	1122	1114	1114
1057	1034	490	204	200	269	688	1071	1113	1090	1091	1091	1088	1086	1081	1085	1067	963	912	972	1113	1113	1105	1110	1120	1117	1119	1116
1061	1013	345	194	199	263	663	1061	1116	1094	1090	1089	1086	1084	1082	1085	1077	972	917	949	1094	1115	1114	1113	1116	1117	1114	1117
1079	920	245	199	196	211	570	1014	1109	1100	1092	1087	1084	1085	1081	1086	1078	960	916	923	1058	1115	1112	1114	1114	1114	1116	1117
1091	732	183	184	213	170	396	861	1088	1108	1096	1087	1086	1081	1083	1089	1053	944	913	910	999	1110	1118	1116	1114	1114	1122	1124
23	25	25	25	24	26	26	26	24	24	25	24	23	23	23	22	24	23	22	22	24	22	24	24	23	21	21	17
24	24	24	27	27	24	25	25	25	23	23	25	23	21	23	22	23	23	22	24	23	22	21	23	21	18	18	19
24	25	25	25	26	25	25	25	24	24	22	22	24	23	22	22	21	23	22	24	22	20	17	17	21	20	19	20
24	26	26	26	27	23	25	24	25	24	22	24	21	23	22	21	22	22	23	20	24	30	30	25	20	19	18	21
25	26	25	26	27	25	24	22	22	23	20	25	29	23	21	20	20	23	30	45	50	44	48	59	49	39	36	33
23	25	25	24	23	23	23	22	22	20	40	56	53	53	30	6	0	18	27	28	30	22	5	0	0	6	19	31
26	25	25	25	25	23	21	19	24	55	47	2	0	22	154	330	491	614	690	742	770	759	717	618	475	333	231	187
28	26	25	25	23	21	19	36	55	13	0	150	465	745	906	963	961	956	952	947	932	935	944	956	960	955	947	927
27	28	23	25	27	43	53	25	2	212	620	899	970	947	923	913	911	904	912	903	899	940	951	920	889	902	919	923
25	24	37	52	51	13	5	216	637	928	970	923	920	927	911	911	932	970	989	1127	1283	1343	1327	1130	1162	1554	1464	969
28	56	42	0	28	257	657	928	962	926	916	923	930	919	926	1034	1106	1223	1278	1467	1236	1172	1171	1128	1154	1234	1276	1150
39	0	110	422	757	947	964	915	914	929	927	924	942	1060	1181	1215	1137	1169	1260	1307	1180	1189	1181	1144	1017	1124	1212	1384
135	548	883	973	944	917	916	925	927	927	937	970	1158	1306	920	622	522	500	538	567	630	816	935	991	944	997	1246	1498
881	975	926	914	914	923	925	936	983	1030	1086	1048	844	525	198	167	152	175	130	120	108	118	140	415	904	918	912	915
925	912	916	921	921	912	925	950	1044	1109	796	373	162	148	197	227	173	160	210	189	193	228	399	709	921	923	922	922
916	909	922	917	918	938	953	1018	1047	588	164	145	184	198	197	172	210	409	638	628	673	772	883	939	926	928	940	959
915	923	914	931	998	1041	1090	962	428	139	221	247	164	145	208	360	669	866	906	912	922	924	927	936	949	972	1014	1040
914	916	981	1048	1143	1302	933	319	174	170	151	192	312	392	649	843	915	918	916	917	913	916	945	955	986	1054	1076	1080
931	1011	1075	1181	1384	1021	312	198	223	236	387	569	799	906	917	918	923	923	922	916	915	929	974	1014	1085	1087	1098	1094
1008	1083	1146	1382	1229	344	217	231	338	792	1017	1068	1078	1055	1000	926	919	920	927	922	933	986	1030	1099	1133	1125	1112	1104
1079	1075	1324	1471	629	185	204	343	867	1098	1099	1098	1094	1093	1084	1009	922	920	922	923	959	1037	1077	1116	1130	1135	1129	1123
1071	1131	1455	1124	203	177	302	829	1086	1093	1093	1089	1086	1086	1088	1080	976	914	920	918	986	1066	1091	1124	1130	1126	1121	1115
1077	1133	1198	449	203	213	654	1071	1095	1092	1092	1091	1089	1091	1088	1090	1049	941	909	923	1035	1086	1084	1116	1123	1119	1118	1116
1073	1067	762	196	184	366	930	1093	1092	1090	1091	1090	1092	1091	1088	1084	1076	996	906	927	1071	1100	1102	1108	1120	1120	1117	1115
1054	1048	501	194	185	462	1013	1094	1091	1088	1091	1090	1087	1091	1080	1082	1081	1029	932	933	1087	1112	1112	1110	1120	1118	1118	1115
1060	1022	351	196	191	454	998	1094	1094	1090	1091	1092	1090	1089	1084	1084	1083	1030	943	919	1056	1115	1114	1114	1115	1117	1115	1118
1082	897	230	208	210	338	926	1092	1088	1091	1089	1089	1085	1085	1085	1087	1084	1008	932	914	1013	1113	1113	1115	1112	1112	1115	1118
1091	650	167	205	263	198	712	1065	1089	1087	1087	1084	1086	1080	1081	1080	1078	991	918	912	970	1097	1114	1114	1112	1113	1121	1124
24	25	25	26	24	26	27	25	25	25	24	24	24	23	24	22	24	24	22	23	24	23	25	24	23	20	21	18
25	25	24	27	27	24	26	25	26	24	23	24	23	22	25	23	23	24	23	25	23	23	23	22	21	18	20	20
24	25	25	25	26	24	26	25	24	24	23	23	24	24	23	24	22	23	23	24	23	20	18	17	22	21	20	21
25	26	26	26	27	24	23	25	25	24	23	24	22	23	23	22	23	22	23	20	23	33	36	30	21	19	20	22
25	26	26	26	26	25	24	23	23	23	21	26	34	29	23	21	20	20	27	43	51	45	46	58	55	45	43	38
24	25	25	25	23	23	23	21	23	20	39	57	50	50	30	5	1	24	41	44	41	32	12	0	0	3	16	27
26	25	25	26	24	23	22	20	22	51	48	0	0	40	193	382	548	662	727	770	791	782	732	632	485	341	247	209
27	26	25	24	24	21	20	36	53	13	5	203	536	796	927	971	964	953	947	945	938	936	946	955	962	957	954	935
26	27	24	24	28	46	53	24	15	262	680	927	967	938	921	915	911	902	902	891	899	934	925	902	899	923	918	921
25	24	37	54	53	13	7	239	679	944	962	915	918	927	916	912	924	935	1001	1177	1333	1341	1195	1055	1315	1622	1346	935
28	57	40	0	23	252	662	937	957	925	919	920	933	923	923	1004	1044	1111	1439	1451	1198	1179	1167	1105	1189	1209	1229	1144
41	0	89	393	741	943	962	919	913	928	922	925	933	1010	1091	1114	1076	1113	1270	1267	1177	1199	1176	1114	997	1136	1219	1453
110	508	861	974	946	914	918	925	924	930	944	990	1086	1071	688	517	495	498	544	598	643	786	916	979	925	994	1234	1453
857	975	927	917	911	925	928	933	981	1043	1094	953	617	316	146	152	155	157	121	95	83	95	199	585	920	916	915	925
928	914	917	924	918	916	920	940	1037	1106	702	234	120	158	179	193	159	199	325	357	377	446	630	830	926	927	927	926
912	908	920	921	922	928	954	1021	1042	573	154	164	166	179	153	217	408	651	825	829	846	892	929	938	927	931	941	959
911	921	914	931	982	1068	1169	921	404	145	230	236	155	173	366	607	849	951	946	938	926	916	922	938	954	963	1002	1024
914	918	973	1048	1203	1375	915	281	180	153	170	295	543	619	820	938	953	935	920	916	908	907	936	954	969	1038	1068	1076
929	1010	1074	1229	1422	995	277	197	243	422	661	842	997	1019	963	929	922	921	920	916	912	918	972	992	1066	1085	1093	1097
1007	1080	1162	1402	1242	325	199	270	615	1010	1121	1125	1112	1092	1047	952	913	917	929	927	932	982	1019	1088	1128	1120	1109	1104
1081	1075	1335	1468	589	181	290	648	1052	1132	1102	1094	1089	1089	1092	1054	954	919	920	924	944	1033	1070	1119	1125	1132	1127	1122
1077	1108	1364	998	189	216	586	1035	1121	1093	1092	1091	1087	1086	1087	1090	1030	948	923	912	968	1055	1094	1121	1129	1127	1123	1118
1081	1082	1074	415	196	413	931	1130	1095	1088	1090	1090	1089	1089	1088	1088	1074	1003	941	910	1002	1077	1090	1117	1125	1121	1118	1115
1069	1056	748	187	217	668	1085	1110	1090	1091	1092	1090	1092	1091	1088	1083	1084	1044	972	931	1028	1092	1101	1109	1121	1119	1117	1116
1051	1058	506	173	232	755	1111	1100	1088	1089	1090	1090	1088	1091	1080	1085	1084	1060	999	945	1047	1106	1107	1107	1118	1120	1120	1118
1063	1013	329	183	235	744	1104	1101	1091	1090	1092	1092	1089	1088	1085	1085	1086	1064	1003	939	1013	1113	1112	1111	1116	1116	1115	1117
1086	823	198	205	230	618	1076	1106	1091	1092	1089	1090	1091	1088	1086	1088	1087	1053	992	936	979	1101	1111	1111	1108	1112	1115	1116
1115	543	175	210	233	398	951	1112	1093	1087	1091	1086	1088	1085	1084	1081	1084	1041	968	930	945	1068	1112	1113	1112	1113	1116	1115
24	24	25	26	24	25	27	24	26	26	23	24	25	24	24	23	24	25	22	24	24	24	25	23	23	20	21	19
25	25	24	26	27	25	26	24	26	25	24	23	23	23	26	23	23	25	24	25	24	24	24	21	20	19	22	21
23	25	25	25	26	24	27	25	24	24	24	24	24	25	24	25	23	23	25	24	25	20	19	17	22	22	21	23
26	25	25	26	26	24	22	26	24	24	24	24	24	23	24	23	24	23	22	20	23	35	42	35	24	19	22	24
24	25	27	26	25	24	23	23	24	23	22	26	39	37	28	22	20	19	24	41	51	46	43	53	59	51	49	43
25	24	25	26	23	23	22	21	23	20	37	59	48	42	27	6	6	34	57	61	53	40	18	0	0	2	13	23
25	25	24	27	23	22	23	20	20	45	47	0	0	69	239	436	603	707	761	797	807	797	741	640	492	350	265	235
26	26	25	24	24	20	21	36	49	13	23	265	607	841	941	973	967	952	944	943	944	937	946	955	964	961	960	943
24	26	25	23	29	48	53	21	38	324	741	948	961	930	920	919	915	906	897	884	900	922	906	897	920	938	915	921
25	24	38	56	54	11	13	278	730	956	952	913	918	923	920	911	919	933	1044	1211	1333	1293	1069	1098	1461	1604	1196	908
28	57	38	0	19	256	680	948	951	923	921	920	931	921	925	998	1042	1130	1583	1383	1183	1182	1148	1106	1208	1189	1177	1131
42	0	69	367	731	943	960	920	913	925	917	924	928	994	1061	1095	1085	1119	1269	1204	1177	1194	1159	1081	993	1150	1230	1501
86	467	839	973	949	912	920	924	922	935	951	1015	1061	876	530	451	471	503	552	623	656	766	914	974	920	996	1205	1363
830	973	932	919	911	927	929	930	978	1054	1096	897	487	184	121	130	147	135	122	110	124	167	364	775	925	913	920	943
932	917	917	924	919	922	914	935	1030	1101	658	184	131	174	161	168	206	315	486	579	617	695	829	911	929	929	930	929
907	909	919	923	923	916	974	1045	1035	578	184	194	156	177	182	362	654	864	935	943	937	939	931	933	930	934	943	959
906	919	915	929	964	1107	1269	890	391	161	232	246	232	303	600	843	940	940	925	920	915	910	923	949	962	960	991	1011
915	920	963	1047	1265	1410	900	260	188	182	280	510	794	837	924	935	929	925	916	916	907	904	939	965	962	1024	1062	1074
926	1004	1070	1268	1449	980	250	207	354	679	932	1052	1088	1056	980	922	918	920	921	917	909	916	976	977	1048	1084	1088	1099
1002	1076	1166	1421	1245	308	195	414	909	1126	1116	1104	1093	1093	1081	997	924	919	930	932	930	978	1011	1071	1118	1110	1104	1103
1082	1077	1313	1418	533	196	468	954	1121	1095	1089	1091	1089	1088	1088	1085	1001	937	925	924	936	1026	1060	1117	1119	1125	1122	1118
1083	1088	1235	870	188	348	899	1125	1091	1091	1094	1093	1089	1087	1085	1087	1074	997	942	914	951	1037	1092	1116	1126	1127	1123	1120
1082	1053	995	393	235	692	1117	1096	1090	1089	1089	1089	1089	1088	1087	1084	1082	1062	988	923	970	1059	1092	1117	1126	1123	1117	1113
1063	1063	754	171	324	966	1118	1088	1092	1093	1094	1090	1091	1090	1088	1083	1080	1075	1042	962	987	1075	1097	1110	1122	1118	1116	1117
1047	1063	493	152	361	1018	1108	1091	1088	1091	1090	1090	1089	1091	1080	1088	1081	1074	1065	987	1013	1093	1099	1107	1119	1121	1122	1120
1066	983	287	174	352	1007	1109	1091	1090	1091	1092	1091	1087	1087	1086	1087	1086	1082	1063	989	988	1100	1107	1108	1118	1115	1116	1117
1095	726	167	199	305	907	1118	1089	1093	1093	1089	1091	1095	1090	1087	1088	1089	1085	1054	982	969	1078	1106	1107	1106	1112	1114	1115
1154	434	195	219	218	664	1101	1093	1089	1089	1094	1087	1090	1090	1088	1084	1081	1079	1028	971	945	1037	1107	1110	1110	1111	1107	1105
23	24	26	25	24	25	25	25	25	25	23	25	25	24	23	24	24	24	24	25	24	24	25	21	21	21	21	21
23	24	25	26	26	27	25	23	25	26	24	24	23	24	24	23	25	24	25	24	25	23	22	19	19	22	23	22
24	24	25	25	24	25	27	24	23	23	26	23	23	24	24	24	24	25	24	22	24	19	18	19	21	23	22	24
24	26	25	27	27	23	23	26	26	22	23	23	23	22	24	23	25	23	21	18	21	35	43	41	29	22	23	23
24	25	27	25	26	25	23	22	24	25	23	25	40	44	36	24	18	16	20	38	48	44	36	43	58	59	52	46
23	23	25	27	23	23	22	23	22	19	34	62	45	28	22	8	19	49	72	82	66	47	16	0	0	0	6	15
23	24	24	24	24	22	22	19	20	41	44	0	0	111	300	497	655	755	797	822	823	797	738	645	509	370	301	283
25	24	25	24	23	19	22	36	45	10	62	342	683	887	956	972	962	952	944	937	943	934	945	957	964	964	964	953
26	26	24	23	31	50	49	14	69	411	812	966	955	930	917	924	922	909	902	891	902	906	908	908	942	931	918	922
25	25	40	57	51	6	27	344	796	963	943	918	928	922	920	911	916	950	1070	1200	1270	1157	1029	1294	1504	1489	1063	907
27	54	37	0	17	282	728	958	940	920	925	930	926	918	935	998	1035	1304	1490	1282	1175	1180	1117	1143	1185	1188	1130	1104
42	0	53	348	735	953	951	912	918	925	917	927	938	1012	1081	1100	1089	1184	1217	1174	1174	1179	1121	1050	1010	1185	1267	1492
63	423	816	967	952	914	920	927	924	942	963	1035	1065	802	481	397	445	521	580	629	648	787	953	961	917	1016	1179	1257
798	969	941	915	913	928	927	933	976	1060	1106	858	413	151	129	128	122	128	147	235	318	458	700	879	918	910	934	979
937	915	916	918	930	922	908	939	1030	1098	662	176	133	175	160	227	400	561	704	813	840	867	902	921	926	928	927	933
910	911	920	925	920	910	1042	1114	1017	574	204	210	176	195	385	691	865	935	947	941	931	929	921	926	927	937	944	959
907	921	918	925	946	1146	1367	892	380	168	206	309	452	621	824	923	938	930	925	919	915	915	920	965	971	962	990	1017
918	920	955	1039	1306	1411	876	250	188	314	544	846	967	955	936	924	926	930	921	917	912	913	961	985	962	1021	1074	1072
917	990	1063	1286	1469	998	215	245	622	951	1073	1103	1103	1083	1029	948	920	924	929	925	913	931	989	976	1038	1082	1087	1089
984	1074	1151	1447	1213	277	251	732	1068	1117	1104	1096	1095	1093	1094	1055	975	933	932	941	932	974	1004	1057	1108	1099	1100	1097
1073	1086	1213	1299	464	243	764	1088	1104	1092	1093	1094	1089	1091	1091	1091	1060	1001	948	919	930	1010	1046	1106	1121	1120	1113	1106
1082	1080	1116	767	199	638	1074	1108	1092	1092	1093	1092	1091	1088	1083	1084	1083	1052	1008	931	927	1015	1084	1114	1124	1126	1123	1119
1076	1047	989	366	382	979	1116	1091	1094	1093	1093	1091	1093	1091	1087	1085	1084	1075	1051	989	949	1031	1090	1120	1124	1122	1117	1116
1049	1062	753	145	559	1095	1100	1088	1090	1093	1094	1091	1090	1090	1090	1085	1085	1079	1072	1024	973	1058	1095	1114	1124	1118	1117	1118
1033	1061	448	130	621	1105	1096	1091	1090	1091	1091	1090	1090	1090	1080	1086	1082	1081	1082	1051	1007	1069	1093	1114	1126	1122	1120	1121
1065	926	227	183	590	1102	1096	1089	1089	1090	1091	1093	1088	1090	1088	1088	1086	1087	1085	1059	1011	1068	1098	1112	1121	1119	1119	1120
1137	630	153	193	496	1064	1100	1087	1091	1091	1091	1091	1094	1089	1086	1090	1092	1088	1080	1056	1009	1042	1102	1107	1113	1116	1116	1123
1244	343	222	251	310	915	1107	1087	1088	1091	1092	1085	1089	1086	1090	1086	1084	1084	1072	1050	1001	1012	1090	1107	1105	1103	1092	1100
23	24	26	25	24	25	25	26	25	25	24	25	25	24	21	24	24	23	24	25	24	24	24	19	19	21	21	22
22	22	25	26	26	27	25	24	25	25	25	24	23	24	23	23	25	23	25	24	25	21	20	19	19	23	23	22
25	24	25	25	25	27	26	24	23	23	26	24	23	24	23	24	24	24	24	21	22	19	18	19	20	23	23	25
23	26	25	27	27	23	25	26	26	22	23	23	21	21	22	23	25	23	20	17	21	34	45	45	35	24	23	23
23	25	27	25	26	25	23	23	24	25	23	25	42	50	42	26	16	14	19	35	46	43	32	36	55	61	55	49
22	22	25	27	23	23	22	23	21	20	31	61	41	15	12	10	32	65	89	100	81	54	21	1	0	0	2	7
22	23	24	23	24	22	21	19	19	36	39	0	12	161	363	556	699	790	822	840	837	804	750	662	539	411	352	341
24	23	24	24	22	19	23	38	41	14	112	426	750	924	968	967	956	948	941	933	939	936	946	956	962	968	968	960
27	26	23	24	33	51	47	9	116	503	873	973	947	930	915	923	923	909	901	896	904	904	912	930	958	926	920	922
25	25	43	58	48	2	52	423	856	965	934	921	932	919	916	911	914	975	1091	1196	1191	1052	1070	1425	1512	1393	983	909
27	53	35	0	25	330	780	964	932	920	923	931	919	914	946	997	1086	1430	1382	1233	1178	1158	1100	1162	1170	1199	1101	1097
44	0	42	343	753	964	941	908	922	925	918	923	950	1035	1098	1093	1103	1217	1180	1164	1168	1150	1089	1038	1032	1205	1335	1481
45	384	793	963	952	915	920	926	923	948	982	1051	1061	770	465	360	410	525	607	673	730	858	972	951	918	1019	1155	1182
765	967	947	911	915	926	926	928	974	1064	1110	829	366	135	130	141	148	194	251	425	561	708	883	923	917	908	940	1011
941	912	915	914	933	919	907	960	1038	1088	671	186	137	172	255	421	627	775	859	934	940	935	927	921	921	925	926	938
910	911	919	926	919	911	1096	1222	1005	565	202	207	268	372	628	890	959	959	944	931	920	919	913	919	924	935	946	959
907	919	921	921	940	1185	1401	909	359	172	253	469	686	839	932	943	933	926	925	919	916	913	919	967	983	971	985	1011
918	917	943	1017	1313	1411	863	238	265	520	794	1047	1061	1018	950	921	923	928	923	918	915	920	971	998	960	998	1060	1066
913	972	1048	1272	1479	998	208	375	862	1099	1124	1111	1102	1096	1066	991	944	928	928	929	919	938	999	968	1005	1066	1084	1081
964	1065	1118	1416	1149	265	414	969	1127	1101	1096	1092	1095	1093	1096	1087	1028	972	945	944	933	973	999	1029	1085	1087	1095	1091
1054	1082	1118	1169	412	400	983	1132	1091	1093	1095	1095	1092	1092	1092	1092	1088	1050	994	945	936	1001	1030	1088	1117	1114	1105	1098
1071	1051	1065	720	295	887	1138	1093	1092	1093	1092	1092	1094	1089	1085	1083	1085	1079	1055	983	948	1007	1067	1106	1119	1125	1124	1117
1060	1038	999	362	595	1121	1101	1091	1096	1095	1094	1092	1096	1095	1089	1087	1086	1080	1083	1045	978	1022	1077	1118	1120	1122	1119	1117
1032	1065	716	164	788	1137	1090	1090	1090	1093	1093	1092	1092	1090	1090	1087	1086	1083	1085	1065	991	1041	1084	1111	1123	1120	1119	1120
1021	1044	381	172	849	1127	1089	1090	1090	1091	1090	1091	1091	1093	1086	1087	1082	1083	1086	1082	1025	1042	1084	1114	1128	1125	1121	1119
1087	848	182	219	815	1129	1088	1090	1088	1091	1090	1092	1089	1094	1089	1087	1085	1088	1091	1090	1041	1041	1081	1108	1121	1122	1120	1119
1220	534	160	201	699	1126	1086	1086	1089	1089	1092	1090	1092	1087	1086	1089	1091	1088	1089	1091	1048	1038	1090	1101	1112	1113	1116	1123
1308	297	238	276	464	1059	1096	1084	1088	1090	1090	1085	1090	1089	1094	1090	1089	1087	1091	1087	1050	1024	1073	1096	1102	1099	1085	1098
23	23	25	26	23	26	26	26	25	24	26	24	26	25	21	25	23	23	24	24	24	23	22	19	19	22	22	23
22	22	25	25	27	25	25	26	25	24	26	24	24	24	23	24	24	22	26	25	25	19	18	20	20	23	23	23
26	23	24	26	27	27	25	24	25	24	24	25	24	24	22	24	25	23	25	21	21	18	20	18	18	22	22	25
24	25	25	26	27	25	26	26	25	24	23	25	21	20	20	24	25	22	19	19	21	32	45	50	42	27	23	23
22	24	26	26	26	25	24	25	25	25	24	24	46	55	46	29	16	12	19	29	45	44	33	31	49	58	56	53
22	21	24	25	22	22	22	21	20	21	28	58	36	5	1	13	45	82	106	117	97	65	33	7	0	0	0	1
22	22	23	23	22	22	21	18	18	31	33	0	40	216	427	613	736	811	838	850	850	821	777	694	583	477	416	406
23	23	23	25	21	20	26	41	37	26	174	514	809	952	978	960	949	941	936	930	935	942	948	951	960	972	973	964
28	26	22	26	37	52	45	10	178	597	920	971	938	929	916	918	919	904	896	899	907	915	920	957	967	924	919	921
24	24	48	59	46	0	89	510	905	962	927	921	929	916	910	912	913	1002	1107	1198	1106	992	1182	1473	1494	1320	951	914
28	54	34	0	43	396	831	964	927	922	920	921	911	912	958	1001	1193	1479	1289	1237	1187	1119	1101	1161	1169	1213	1088	1110
49	0	37	353	785	974	931	910	925	923	918	914	962	1060	1110	1079	1127	1211	1165	1168	1158	1111	1068	1045	1054	1212	1429	1468
32	351	773	961	947	914	920	923	921	955	1006	1064	1048	768	470	342	373	525	647	760	885	960	970	943	922	1006	1133	1134
732	966	950	908	918	921	927	917	974	1068	1109	807	339	127	133	188	239	333	431	655	814	881	907	916	921	908	939	1039
946	909	915	915	927	914	911	998	1065	1074	680	207	152	192	444	712	852	929	942	946	925	914	918	918	916	922	927	944
909	911	915	926	919	921	1131	1348	1007	550	183	201	433	677	867	942	949	952	938	924	915	914	911	912	921	932	951	960
906	913	925	918	947	1222	1373	933	332	187	379	706	900	938	929	924	936	929	924	920	916	908	921	959	994	985	976	995
915	912	930	983	1293	1412	863	234	420	776	1001	1102	1084	1039	976	932	923	921	923	920	917	925	970	1004	962	962	1024	1056
912	953	1023	1228	1476	976	239	588	1045	1125	1105	1097	1096	1097	1087	1043	989	936	924	932	928	941	1006	958	959	1037	1080	1075
943	1047	1072	1327	1058	288	667	1099	1105	1092	1094	1092	1093	1095	1091	1091	1077	1032	973	949	939	979	996	996	1049	1075	1089	1086
1025	1063	1042	1046	393	651	1105	1107	1093	1095	1094	1094	1095	1091	1092	1089	1084	1076	1054	999	958	1004	1018	1064	1107	1106	1099	1094
1051	1008	1074	728	477	1066	1111	1092	1091	1094	1092	1094	1097	1091	1090	1085	1085	1080	1079	1060	1010	1015	1046	1092	1113	1124	1125	1116
1036	1026	1009	387	846	1124	1091	1096	1095	1094	1094	1090	1098	1099	1093	1090	1090	1084	1086	1081	1048	1032	1056	1108	1116	1123	1124	1118
1014	1071	642	237	985	1113	1094	1092	1092	1092	1091	1093	1097	1091	1088	1090	1086	1088	1086	1081	1035	1028	1066	1101	1118	1123	1122	1122
1010	1011	298	284	1020	1106	1091	1089	1088	1091	1089	1092	1093	1099	1096	1091	1083	1082	1082	1081	1059	1020	1072	1106	1125	1129	1124	1115
1128	753	155	290	1003	1107	1087	1091	1087	1092	1090	1087	1089	1097	1088	1085	1084	1087	1085	1083	1071	1028	1059	1096	1118	1123	1121	1113
1342	446	183	232	895	1111	1082	1086	1087	1086	1091	1089	1089	1086	1086	1085	1086	1088	1087	1086	1079	1063	1074	1087	1102	1104	1114	1117
1348	293	239	296	665	1098	1085	1083	1088	1087	1089	1087	1094	1096	1098	1096	1094	1091	1087	1083	1082	1067	1061	1080	1099	1098	1086	1100
25	24	24	25	25	27	25	26	25	24	26	25	25	24	23	24	24	24	25	24	26	23	22	20	21	23	23	23
23	24	26	26	26	26	26	26	26	25	25	25	24	24	24	24	25	24	27	24	24	20	20	22	21	24	24	22
25	23	25	25	28	26	26	25	26	25	25	24	25	23	23	25	25	25	23	21	22	20	21	21	19	21	23	24
25	25	26	25	27	25	26	26	26	26	24	26	23	22	21	23	23	21	19	22	23	30	44	53	49	34	27	24
22	24	25	26	26	25	25	25	26	26	26	26	48	59	53	34	18	15	19	27	41	45	32	28	41	55	58	56
21	21	22	23	20	22	21	20	21	20	25	54	35	2	0	19	59	97	124	138	120	88	57	29	9	0	0	0
23	23	24	23	21	21	20	18	19	29	26	7	84	281	488	660	767	829	855	868	867	848	811	745	655	574	516	500
24	24	23	25	23	21	30	43	32	53	260	603	859	968	975	959	948	937	934	929	934	940	942	945	957	976	970	963
27	26	21	28	40	53	39	23	257	689	946	961	933	926	920	919	923	904	898	897	911	918	938	976	970	939	920	919
25	25	50	56	36	0	141	603	937	952	922	921	925	917	914	913	920	1018	1112	1163	1057	1021	1307	1460	1468	1226	949	916
28	55	32	0	69	465	878	963	922	920	928	923	913	921	968	1058	1323	1398	1263	1245	1176	1091	1121	1158	1178	1169	1063	1118
48	0	38	383	824	976	927	913	923	921	927	927	971	1090	1132	1135	1186	1186	1168	1161	1142	1075	1065	1063	1057	1227	1443	1439
18	322	774	967	942	912	920	922	920	967	1029	1079	1034	775	494	359	391	602	789	907	949	965	963	945	924	995	1080	1079
695	961	948	913	916	921	922	912	991	1080	1106	794	324	139	237	410	458	539	640	796	875	909	917	918	922	915	933	1027
950	912	917	914	924	916	920	1041	1176	1075	682	209	237	408	677	855	924	955	949	935	923	919	917	916	917	926	931	948
911	911	913	925	916	938	1157	1351	1065	537	196	309	640	834	910	938	950	945	933	923	919	916	913	917	929	940	957	967
911	912	922	915	957	1251	1354	937	334	314	574	870	974	961	935	925	938	931	925	922	920	919	936	968	991	991	977	982
916	911	924	958	1280	1414	871	316	625	942	1072	1104	1093	1066	1020	976	948	927	925	926	933	957	989	1011	1001	976	996	1032
913	940	980	1155	1444	936	366	797	1095	1114	1098	1095	1094	1094	1092	1071	1037	987	959	958	952	975	1020	995	977	1013	1059	1068
935	1000	1028	1206	960	418	865	1118	1099	1090	1092	1094	1093	1093	1089	1087	1083	1058	1027	1000	988	1007	1014	1009	1019	1053	1082	1079
984	1021	1038	1016	505	854	1118	1098	1094	1095	1093	1096	1094	1092	1091	1088	1086	1076	1072	1050	1023	1038	1032	1054	1083	1085	1093	1092
1030	1014	1073	779	720	1105	1099	1093	1094	1096	1094	1095	1096	1094	1093	1088	1088	1083	1083	1077	1054	1054	1049	1077	1103	1110	1110	1106
1041	1039	945	462	988	1110	1090	1092	1094	1092	1093	1090	1098	1098	1092	1089	1088	1086	1088	1085	1069	1046	1044	1091	1106	1110	1114	1112
1032	1075	538	397	1068	1101	1096	1091	1091	1091	1091	1095	1097	1096	1089	1089	1087	1092	1088	1082	1063	1033	1043	1087	1111	1115	1114	1120
1068	950	234	473	1082	1096	1090	1088	1088	1091	1090	1091	1094	1099	1095	1093	1089	1087	1085	1084	1075	1042	1064	1092	1112	1122	1118	1109
1293	663	145	439	1073	1099	1089	1089	1086	1090	1090	1086	1092	1098	1092	1087	1085	1090	1085	1082	1078	1053	1066	1087	1107	1116	1118	1106
1410	424	166	341	1007	1101	1084	1089	1089	1087	1090	1089	1089	1088	1087	1085	1084	1086	1085	1082	1079	1074	1077	1075	1089	1095	1109	1099
1363	306	218	328	858	1104	1086	1084	1089	1086	1090	1086	1094	1099	1093	1092	1090	1088	1085	1081	1085	1079	1074	1066	1077	1089	1088	1099
26	25	23	25	26	27	24	26	25	24	26	26	25	24	24	24	25	25	26	24	28	23	22	21	22	23	24	23
24	25	26	26	26	26	26	26	26	25	24	25	24	24	25	24	25	26	27	24	23	21	22	23	21	24	24	21
25	23	25	25	28	25	27	25	27	26	25	24	25	23	23	26	25	27	22	21	22	22	21	23	20	21	24	23
25	25	26	25	27	25	26	26	27	27	24	26	25	23	21	22	21	21	19	25	25	29	44	55	55	40	30	24
22	24	25	26	26	25	26	25	26	27	27	28	50	62	58	39	19	17	19	26	38	46	32	26	35	52	60	58
21	21	21	21	19	22	20	20	21	19	23	50	35	0	0	24	70	109	138	155	139	107	77	46	17	0	0	0
24	23	24	23	21	21	19	18	20	28	21	13	119	332	535	695	790	843	868	881	880	869	838	784	711	650	595	575
25	25	23	25	24	22	33	44	28	75	327	671	897	980	973	959	947	935	932	928	934	938	937	940	954	980	967	962
26	26	21	29	43	53	34	34	318	760	965	954	930	923	923	920	926	904	900	895	914	920	952	989	972	951	921	918
26	25	51	54	28	0	182	675	960	944	919	921	922	917	917	914	926	1030	1115	1135	1022	1047	1404	1446	1448	1154	951	918
28	55	30	0	89	518	914	962	919	919	934	924	914	929	975	1105	1425	1328	1247	1251	1167	1070	1137	1155	1186	1133	1043	1125
48	0	39	408	855	976	924	916	921	920	934	938	978	1113	1150	1181	1232	1166	1171	1154	1129	1048	1065	1077	1057	1239	1446	1416
7	300	775	973	938	910	920	921	920	977	1047	1090	1023	781	514	374	408	666	903	1023	993	964	957	946	926	986	1037	1036
666	957	947	917	914	921	917	908	1005	1090	1103	784	313	150	322	590	634	700	802	899	912	922	923	920	922	921	927	1014
953	915	919	914	921	917	926	1074	1266	1077	683	210	306	584	859	956	970	968	950	925	922	923	916	915	917	929	935	950
913	911	911	924	913	951	1176	1347	1113	527	207	398	801	947	933	931	950	940	929	922	922	917	915	922	936	946	962	974
916	911	920	912	965	1273	1340	938	337	418	727	993	1022	974	940	926	939	932	925	924	924	928	949	975	988	995	978	973
916	911	919	938	1270	1415	877	384	785	1064	1118	1102	1099	1087	1054	1012	968	933	927	932	946	983	1004	1017	1033	989	976	1012
913	930	947	1097	1418	903	468	957	1126	1103	1093	1094	1092	1091	1094	1091	1074	1029	987	979	971	1003	1031	1026	994	995	1042	1062
930	963	994	1112	884	524	1014	1125	1094	1090	1090	1095	1093	1092	1087	1084	1086	1076	1070	1042	1027	1030	1028	1022	997	1035	1076	1074
951	987	1038	997	597	1008	1122	1092	1094	1095	1092	1098	1094	1092	1091	1087	1088	1074	1084	1089	1075	1066	1044	1047	1064	1068	1089	1090
1013	1020	1073	821	909	1126	1091	1093	1096	1097	1095	1095	1096	1096	1095	1091	1091	1086	1085	1087	1086	1086	1052	1065	1096	1098	1097	1098
1048	1051	893	522	1092	1098	1090	1089	1094	1090	1093	1090	1098	1098	1091	1088	1086	1088	1090	1085	1083	1058	1035	1077	1099	1099	1106	1106
1049	1077	457	524	1126	1092	1097	1091	1090	1090	1091	1096	1097	1100	1089	1088	1087	1094	1089	1082	1084	1038	1025	1076	1105	1108	1107	1118
1120	902	186	622	1123	1089	1089	1088	1088	1091	1091	1091	1094	1099	1094	1094	1094	1091	1088	1086	1086	1061	1057	1081	1101	1115	1112	1104
1432	594	138	557	1120	1092	1091	1088	1086	1089	1090	1085	1095	1099	1095	1089	1085	1092	1085	1081	1082	1075	1072	1080	1099	1110	1115	1100
1456	411	151	428	1088	1093	1086	1091	1090	1088	1089	1089	1089	1089	1087	1085	1083	1085	1084	1079	1077	1082	1081	1066	1079	1088	1104	1085
1371	318	201	354	1006	1106	1088	1085	1089	1086	1090	1085	1094	1101	1088	1089	1086	1085	1084	1079	1085	1087	1085	1056	1058	1082	1089	1098
